11
0 11 0 1 2 3 4 5 6 7 8 9 10
1 11 0 1 2 3 4 5 6 7 8 9 10
2 11 0 1 2 3 4 5 6 7 8 9 10
3 11 0 1 2 3 4 5 6 7 8 9 10
4 11 0 1 2 3 4 5 6 7 8 9 10
5 11 0 1 2 3 4 5 6 7 8 9 10
6 11 0 1 2 3 4 5 6 7 8 9 10
7 11 0 1 2 3 4 5 6 7 8 9 10
8 11 0 1 2 3 4 5 6 7 8 9 10
9 11 0 1 2 3 4 5 6 7 8 9 10
10 11 0 1 2 3 4 5 6 7 8 9 10
55
0 1 31   0 0   1 1   2 2   3 3   4 4   5 5   6 6   7 7   8 8   9 9   10 10   0 1   1 0   1 2   2 1   2 3   3 2   3 4   4 3   4 5   5 4   5 6   6 5   6 7   7 6   7 8   8 7   8 9   9 8   9 10   10 9
0 2 29   0 0   1 1   2 2   3 3   4 4   5 5   6 6   7 7   8 8   9 9   10 10   0 2   2 0   1 3   3 1   2 4   4 2   3 5   5 3   4 6   6 4   5 7   7 5   6 8   8 6   7 9   9 7   8 10   10 8
0 3 27   0 0   1 1   2 2   3 3   4 4   5 5   6 6   7 7   8 8   9 9   10 10   0 3   3 0   1 4   4 1   2 5   5 2   3 6   6 3   4 7   7 4   5 8   8 5   6 9   9 6   7 10   10 7
0 4 25   0 0   1 1   2 2   3 3   4 4   5 5   6 6   7 7   8 8   9 9   10 10   0 4   4 0   1 5   5 1   2 6   6 2   3 7   7 3   4 8   8 4   5 9   9 5   6 10   10 6
0 5 23   0 0   1 1   2 2   3 3   4 4   5 5   6 6   7 7   8 8   9 9   10 10   0 5   5 0   1 6   6 1   2 7   7 2   3 8   8 3   4 9   9 4   5 10   10 5
0 6 21   0 0   1 1   2 2   3 3   4 4   5 5   6 6   7 7   8 8   9 9   10 10   0 6   6 0   1 7   7 1   2 8   8 2   3 9   9 3   4 10   10 4
0 7 19   0 0   1 1   2 2   3 3   4 4   5 5   6 6   7 7   8 8   9 9   10 10   0 7   7 0   1 8   8 1   2 9   9 2   3 10   10 3
0 8 17   0 0   1 1   2 2   3 3   4 4   5 5   6 6   7 7   8 8   9 9   10 10   0 8   8 0   1 9   9 1   2 10   10 2
0 9 15   0 0   1 1   2 2   3 3   4 4   5 5   6 6   7 7   8 8   9 9   10 10   0 9   9 0   1 10   10 1
0 10 13   0 0   1 1   2 2   3 3   4 4   5 5   6 6   7 7   8 8   9 9   10 10   0 10   10 0
1 2 31   0 0   1 1   2 2   3 3   4 4   5 5   6 6   7 7   8 8   9 9   10 10   0 1   1 0   1 2   2 1   2 3   3 2   3 4   4 3   4 5   5 4   5 6   6 5   6 7   7 6   7 8   8 7   8 9   9 8   9 10   10 9
1 3 29   0 0   1 1   2 2   3 3   4 4   5 5   6 6   7 7   8 8   9 9   10 10   0 2   2 0   1 3   3 1   2 4   4 2   3 5   5 3   4 6   6 4   5 7   7 5   6 8   8 6   7 9   9 7   8 10   10 8
1 4 27   0 0   1 1   2 2   3 3   4 4   5 5   6 6   7 7   8 8   9 9   10 10   0 3   3 0   1 4   4 1   2 5   5 2   3 6   6 3   4 7   7 4   5 8   8 5   6 9   9 6   7 10   10 7
1 5 25   0 0   1 1   2 2   3 3   4 4   5 5   6 6   7 7   8 8   9 9   10 10   0 4   4 0   1 5   5 1   2 6   6 2   3 7   7 3   4 8   8 4   5 9   9 5   6 10   10 6
1 6 23   0 0   1 1   2 2   3 3   4 4   5 5   6 6   7 7   8 8   9 9   10 10   0 5   5 0   1 6   6 1   2 7   7 2   3 8   8 3   4 9   9 4   5 10   10 5
1 7 21   0 0   1 1   2 2   3 3   4 4   5 5   6 6   7 7   8 8   9 9   10 10   0 6   6 0   1 7   7 1   2 8   8 2   3 9   9 3   4 10   10 4
1 8 19   0 0   1 1   2 2   3 3   4 4   5 5   6 6   7 7   8 8   9 9   10 10   0 7   7 0   1 8   8 1   2 9   9 2   3 10   10 3
1 9 17   0 0   1 1   2 2   3 3   4 4   5 5   6 6   7 7   8 8   9 9   10 10   0 8   8 0   1 9   9 1   2 10   10 2
1 10 15   0 0   1 1   2 2   3 3   4 4   5 5   6 6   7 7   8 8   9 9   10 10   0 9   9 0   1 10   10 1
2 3 31   0 0   1 1   2 2   3 3   4 4   5 5   6 6   7 7   8 8   9 9   10 10   0 1   1 0   1 2   2 1   2 3   3 2   3 4   4 3   4 5   5 4   5 6   6 5   6 7   7 6   7 8   8 7   8 9   9 8   9 10   10 9
2 4 29   0 0   1 1   2 2   3 3   4 4   5 5   6 6   7 7   8 8   9 9   10 10   0 2   2 0   1 3   3 1   2 4   4 2   3 5   5 3   4 6   6 4   5 7   7 5   6 8   8 6   7 9   9 7   8 10   10 8
2 5 27   0 0   1 1   2 2   3 3   4 4   5 5   6 6   7 7   8 8   9 9   10 10   0 3   3 0   1 4   4 1   2 5   5 2   3 6   6 3   4 7   7 4   5 8   8 5   6 9   9 6   7 10   10 7
2 6 25   0 0   1 1   2 2   3 3   4 4   5 5   6 6   7 7   8 8   9 9   10 10   0 4   4 0   1 5   5 1   2 6   6 2   3 7   7 3   4 8   8 4   5 9   9 5   6 10   10 6
2 7 23   0 0   1 1   2 2   3 3   4 4   5 5   6 6   7 7   8 8   9 9   10 10   0 5   5 0   1 6   6 1   2 7   7 2   3 8   8 3   4 9   9 4   5 10   10 5
2 8 21   0 0   1 1   2 2   3 3   4 4   5 5   6 6   7 7   8 8   9 9   10 10   0 6   6 0   1 7   7 1   2 8   8 2   3 9   9 3   4 10   10 4
2 9 19   0 0   1 1   2 2   3 3   4 4   5 5   6 6   7 7   8 8   9 9   10 10   0 7   7 0   1 8   8 1   2 9   9 2   3 10   10 3
2 10 17   0 0   1 1   2 2   3 3   4 4   5 5   6 6   7 7   8 8   9 9   10 10   0 8   8 0   1 9   9 1   2 10   10 2
3 4 31   0 0   1 1   2 2   3 3   4 4   5 5   6 6   7 7   8 8   9 9   10 10   0 1   1 0   1 2   2 1   2 3   3 2   3 4   4 3   4 5   5 4   5 6   6 5   6 7   7 6   7 8   8 7   8 9   9 8   9 10   10 9
3 5 29   0 0   1 1   2 2   3 3   4 4   5 5   6 6   7 7   8 8   9 9   10 10   0 2   2 0   1 3   3 1   2 4   4 2   3 5   5 3   4 6   6 4   5 7   7 5   6 8   8 6   7 9   9 7   8 10   10 8
3 6 27   0 0   1 1   2 2   3 3   4 4   5 5   6 6   7 7   8 8   9 9   10 10   0 3   3 0   1 4   4 1   2 5   5 2   3 6   6 3   4 7   7 4   5 8   8 5   6 9   9 6   7 10   10 7
3 7 25   0 0   1 1   2 2   3 3   4 4   5 5   6 6   7 7   8 8   9 9   10 10   0 4   4 0   1 5   5 1   2 6   6 2   3 7   7 3   4 8   8 4   5 9   9 5   6 10   10 6
3 8 23   0 0   1 1   2 2   3 3   4 4   5 5   6 6   7 7   8 8   9 9   10 10   0 5   5 0   1 6   6 1   2 7   7 2   3 8   8 3   4 9   9 4   5 10   10 5
3 9 21   0 0   1 1   2 2   3 3   4 4   5 5   6 6   7 7   8 8   9 9   10 10   0 6   6 0   1 7   7 1   2 8   8 2   3 9   9 3   4 10   10 4
3 10 19   0 0   1 1   2 2   3 3   4 4   5 5   6 6   7 7   8 8   9 9   10 10   0 7   7 0   1 8   8 1   2 9   9 2   3 10   10 3
4 5 31   0 0   1 1   2 2   3 3   4 4   5 5   6 6   7 7   8 8   9 9   10 10   0 1   1 0   1 2   2 1   2 3   3 2   3 4   4 3   4 5   5 4   5 6   6 5   6 7   7 6   7 8   8 7   8 9   9 8   9 10   10 9
4 6 29   0 0   1 1   2 2   3 3   4 4   5 5   6 6   7 7   8 8   9 9   10 10   0 2   2 0   1 3   3 1   2 4   4 2   3 5   5 3   4 6   6 4   5 7   7 5   6 8   8 6   7 9   9 7   8 10   10 8
4 7 27   0 0   1 1   2 2   3 3   4 4   5 5   6 6   7 7   8 8   9 9   10 10   0 3   3 0   1 4   4 1   2 5   5 2   3 6   6 3   4 7   7 4   5 8   8 5   6 9   9 6   7 10   10 7
4 8 25   0 0   1 1   2 2   3 3   4 4   5 5   6 6   7 7   8 8   9 9   10 10   0 4   4 0   1 5   5 1   2 6   6 2   3 7   7 3   4 8   8 4   5 9   9 5   6 10   10 6
4 9 23   0 0   1 1   2 2   3 3   4 4   5 5   6 6   7 7   8 8   9 9   10 10   0 5   5 0   1 6   6 1   2 7   7 2   3 8   8 3   4 9   9 4   5 10   10 5
4 10 21   0 0   1 1   2 2   3 3   4 4   5 5   6 6   7 7   8 8   9 9   10 10   0 6   6 0   1 7   7 1   2 8   8 2   3 9   9 3   4 10   10 4
5 6 31   0 0   1 1   2 2   3 3   4 4   5 5   6 6   7 7   8 8   9 9   10 10   0 1   1 0   1 2   2 1   2 3   3 2   3 4   4 3   4 5   5 4   5 6   6 5   6 7   7 6   7 8   8 7   8 9   9 8   9 10   10 9
5 7 29   0 0   1 1   2 2   3 3   4 4   5 5   6 6   7 7   8 8   9 9   10 10   0 2   2 0   1 3   3 1   2 4   4 2   3 5   5 3   4 6   6 4   5 7   7 5   6 8   8 6   7 9   9 7   8 10   10 8
5 8 27   0 0   1 1   2 2   3 3   4 4   5 5   6 6   7 7   8 8   9 9   10 10   0 3   3 0   1 4   4 1   2 5   5 2   3 6   6 3   4 7   7 4   5 8   8 5   6 9   9 6   7 10   10 7
5 9 25   0 0   1 1   2 2   3 3   4 4   5 5   6 6   7 7   8 8   9 9   10 10   0 4   4 0   1 5   5 1   2 6   6 2   3 7   7 3   4 8   8 4   5 9   9 5   6 10   10 6
5 10 23   0 0   1 1   2 2   3 3   4 4   5 5   6 6   7 7   8 8   9 9   10 10   0 5   5 0   1 6   6 1   2 7   7 2   3 8   8 3   4 9   9 4   5 10   10 5
6 7 31   0 0   1 1   2 2   3 3   4 4   5 5   6 6   7 7   8 8   9 9   10 10   0 1   1 0   1 2   2 1   2 3   3 2   3 4   4 3   4 5   5 4   5 6   6 5   6 7   7 6   7 8   8 7   8 9   9 8   9 10   10 9
6 8 29   0 0   1 1   2 2   3 3   4 4   5 5   6 6   7 7   8 8   9 9   10 10   0 2   2 0   1 3   3 1   2 4   4 2   3 5   5 3   4 6   6 4   5 7   7 5   6 8   8 6   7 9   9 7   8 10   10 8
6 9 27   0 0   1 1   2 2   3 3   4 4   5 5   6 6   7 7   8 8   9 9   10 10   0 3   3 0   1 4   4 1   2 5   5 2   3 6   6 3   4 7   7 4   5 8   8 5   6 9   9 6   7 10   10 7
6 10 25   0 0   1 1   2 2   3 3   4 4   5 5   6 6   7 7   8 8   9 9   10 10   0 4   4 0   1 5   5 1   2 6   6 2   3 7   7 3   4 8   8 4   5 9   9 5   6 10   10 6
7 8 31   0 0   1 1   2 2   3 3   4 4   5 5   6 6   7 7   8 8   9 9   10 10   0 1   1 0   1 2   2 1   2 3   3 2   3 4   4 3   4 5   5 4   5 6   6 5   6 7   7 6   7 8   8 7   8 9   9 8   9 10   10 9
7 9 29   0 0   1 1   2 2   3 3   4 4   5 5   6 6   7 7   8 8   9 9   10 10   0 2   2 0   1 3   3 1   2 4   4 2   3 5   5 3   4 6   6 4   5 7   7 5   6 8   8 6   7 9   9 7   8 10   10 8
7 10 27   0 0   1 1   2 2   3 3   4 4   5 5   6 6   7 7   8 8   9 9   10 10   0 3   3 0   1 4   4 1   2 5   5 2   3 6   6 3   4 7   7 4   5 8   8 5   6 9   9 6   7 10   10 7
8 9 31   0 0   1 1   2 2   3 3   4 4   5 5   6 6   7 7   8 8   9 9   10 10   0 1   1 0   1 2   2 1   2 3   3 2   3 4   4 3   4 5   5 4   5 6   6 5   6 7   7 6   7 8   8 7   8 9   9 8   9 10   10 9
8 10 29   0 0   1 1   2 2   3 3   4 4   5 5   6 6   7 7   8 8   9 9   10 10   0 2   2 0   1 3   3 1   2 4   4 2   3 5   5 3   4 6   6 4   5 7   7 5   6 8   8 6   7 9   9 7   8 10   10 8
9 10 31   0 0   1 1   2 2   3 3   4 4   5 5   6 6   7 7   8 8   9 9   10 10   0 1   1 0   1 2   2 1   2 3   3 2   3 4   4 3   4 5   5 4   5 6   6 5   6 7   7 6   7 8   8 7   8 9   9 8   9 10   10 9
