12
1 4 0 1 2 3
2 4 0 1 2 3
3 4 0 1 2 3
4 4 0 1 2 3
5 4 0 1 2 3
6 4 0 1 2 3
7 4 0 1 2 3
8 4 0 1 2 3
9 4 0 1 2 3
10 4 0 1 2 3
11 4 0 1 2 3
12 4 0 1 2 3
23
1 3 4   0 0   1 1   2 2   3 3
1 5 4   0 0   1 1   2 2   3 3
1 9 4   0 0   1 1   2 2   3 3
1 11 4   0 0   1 1   2 2   3 3
1 12 4   0 0   1 1   2 2   3 3
2 11 4   0 0   1 1   2 2   3 3
2 12 4   0 0   1 1   2 2   3 3
3 4 4   0 0   1 1   2 2   3 3
3 5 4   0 0   1 1   2 2   3 3
3 6 4   0 0   1 1   2 2   3 3
3 7 4   0 0   1 1   2 2   3 3
3 8 4   0 0   1 1   2 2   3 3
3 9 4   0 0   1 1   2 2   3 3
3 10 4   0 0   1 1   2 2   3 3
4 8 4   0 0   1 1   2 2   3 3
4 9 4   0 0   1 1   2 2   3 3
5 6 4   0 0   1 1   2 2   3 3
5 11 4   0 0   1 1   2 2   3 3
6 7 4   0 0   1 1   2 2   3 3
7 10 4   0 0   1 1   2 2   3 3
8 10 4   0 0   1 1   2 2   3 3
9 12 4   0 0   1 1   2 2   3 3
11 12 4   0 0   1 1   2 2   3 3
