64 64
 5  5  5  5  5  5  5  5  5 11 11 11 11 11 11 11 11 11 11 11 11 11 11 11 11 11 11 11 11 14 14 14 14 14 14 14 14 14 14 14 14  7  7  7  7  7  7  7  7  7  7  7  2  2  2  2  2  8  8  8  8  8  8  8 
 5  5  5  5  5  5  5  5  5  5  5 11 11 11 11 11 11 11 11 11 11 11 11 11 11 11 11 11 11 14 14 14 14 14 14 14 14 14 14 14 14  7  7  7  7  7  7  7  7  7  7  2  2  2  2  2  2  2  8  8  8  8  8  8 
 5  5  5  5  5  5  5  5  5  5 11 11 11 11 11 11 11 11 11 11 11 11 11 11 11 11 11 11 11 14 14 14 14 14 14 14 14 14 14 14 14  7  7  7  7  7  7  7  7  7  2  2  2  2  2  2  2  2  8  8  8  8  8  8 
 5  5  5  5  5  5  5  5  5  5 11 11 11 11 11 11 11 11 11 11 11 11 11 11 11 11 11 11 11 14 14 14 14 14 14 14 14 14 14 14 14 14  7  7  7  7  7  7  2  2  2  2  2  2  2  2  2  2  8  8  8  8  8  8 
 5  5  5  5  5  5  5  5  5  5  5  5  5 11 11 11 11 11 11 11 11 11 11 11 11 11 11 11 11 11 11 14 14 14 14 14 14 14 14 14 14 14  7  7  7  7  7  7  2  2  2  2  2  2  2  2  2  2  2  8  8  8  8  8 
 5  5  5  5  5  5  5  5  5  5  5  5  5 11 11 11 11 11 11 11 11 11 11 11 11 11 11 11 11 11 11 14 14 14 14 14 14 14 14 14 14 14  7  7  7  7  7  7  7  2  2  2  2  2  2  2  2  8  8  8  8  8  8  8 
 5  5  5  5  5  5  5  5  5  5  5  5  5 11 11 11 11 11 11 11 11 11 11 11 11 11 11 11 11 11 11 14 14 14 14 14 14 14 14 14 14  7  7  7  7  7  7  7  7  2  2  2  2  2  2  2  8  8  8  8  8  8  8  8 
 5  5  5  5  5  5  5  5  5  5  5  5  5  5 11 11 11 11  9 11 11 11  9  9 11 11 11 11 11 11 11 14 14 14 14 14 14 14 14 14 14  7  7  7  7  7  7  7  7  2  2  2  2  2  2  2  8  8  8  8  8  8  8  8 
 5  5  5  5  5  5  5  5  5  5  5  5  5  5  5 11 11 11  9  9  9 11  9  9  9 11 11 11 11 11 11 14 14 14 14 14 14 14 14 14 14  7  7  7  7  7  7  7  7  2  2  2  2  2  2  2  8  8  8  8  8  8  8  8 
 5  5  5  5  5  5  5  5  5  5  5  5  5  5  5 11 11 11  9  9  9  9  9  9  9 11 11 11 11 11 11 14 14 14 14 14 14 14 14 14  7  7  7  7  7  7  7  7  7  2  2  2  2  2  2  8  8  8  8  8  8  8  8  8 
 5  5  5  5  5  5  5  5  5  5  5  5  5  5  5  5  9  9  9  9  9  9  9  9 11 11 11 11 11 11 11 11 14 14 14 14 14 14 14  7  7  7  7  7  7  7  2  2  2  2  2  2  2  2  2  2  8  8  8  8  8  8  8  8 
 5  5  5  5  5  5  5  5  5  5  5  5  5  5  5  5  9  9  9  9  9  9  9  9  9 11 11 11 11 11 11 11 11 14 14 14 14  7  7  7  7  7  7  7  7  7  7  2  2  2  2  2  2  2  2  2  8  8  8  8  8  8  8  8 
 5  5  5  5  5  5  5  5  5  5  5  5  5  5  5  5  9  9  9  9  9  9  9  9  9 11 11 11 11 11 11 11 11 14 14 14 14  7  7  7  7  7  7  7  7  7  7  2  2  2  2  2  2  2  2  2  8  8  8  8  8  8  8  8 
 1  1  5  5  5  5  5  5  5  5  5  5  5  5  5  9  9  9  9  9  9  9  9  9  9  9  9  9 11 11 11 11 14 14 14 14 14 14  7  7  7  7  7  7  7  7  2  2  2  2  2  2  2  2  2  2  8  8  8  8  8  8  8  8 
 1  1  1  5  5  5  5  5  5  5  5  5  5  5  5  5  9  9  9  9  9  9  9  9  9  9  9  9 11 11 11 14 14 14 14 14 14 14  7  7  7  7  7  7  7  7  2  2  2  2  2  2  2  2  2  2  8  8  8  8  8  8  8  8 
 1  1  1  1  5  5  5  5  5  5  5  5  5  5  5  5  9  9  9  9  9  9  9  9  9  9  9  9  9 11 11 14 14 14 14 14 15 15  7 15  7  7  7  7  7  7  2  2  2  2  2  2  2  2  2  8  8  8  8  8  8  8  8  8 
 1  1  1  1  1  5  5  5  5  5  5  5  5  5  5  9  9  9  9  9  9  9  9  9  9  9  9  9  9  9  9 14 14 15 14 15 15 15 15 15 15  7  7  7  7  7  7  7  2  2  2  2  2  2  2  8  8  8  8  8  8  8  8  8 
 1  1  1  1  1  5  5  5  5  5  5  5  5  5  9  9  9  9  9  9  9  9  9  9  9  9  9  9  9  9  9 15 15 15 15 15 15 15 15 15  7  7  7  7  7  7  7  7  2  2  2  2  2  2  2  8  8  8  8  8  8  8  8  8 
 1  1  1  1  1  1  1  1  5  5  1  1  9  9  9  9  9  9  9  9  9  9  9  9  9  9  9  9 15 15  9 15 15 15 15 15 15 15 15 15 15 15  7  7  7  7  7  7  2  2  2  2  2  2  2  8  8  8 12  8  8  8  8  8 
 1  1  1  1  1  1  1  1  1  1  1  1  1  9  9  9  9  9  9  9  9  9  9  9  9  9  9 15 15 15 15 15 15 15 15 15 15 15 15 15 15 15 15  7  7  7  7  7  7  7  7  2  2  2  8  8  8  8 12 12  8  8  8  8 
 1  1  1  1  1  1  1  1  1  1  1  1  1  1  9  9  9  9  9  9  9  9  9  9  9  9  9 15 15 15 15 15 15 15 15 15 15 15 15 15 15 15 15 15 15  7  7  7  7  2  2  2  2  2  8 12 12 12 12  8  8  8  8  8 
 1  1  1  1  1  1  1  1  1  1  1  1  1  9  9  9  9  9  9  9  9  9  9  9  9 15 15 15 15 15 15 15 15 15 15 15 15 15 15 15 15 15 15 15 15  7  7  7  7 12  2  2  2  2  8 12 12 12 12  8  8  8  8  8 
 1  1  1  1  1  1  1  1  1  1  1  1  1  1  1  1  9  9  9  9  9  9  9  9  9 15 15 15 15 15 15 15 15 15 15 15 15 15 15 15 15 15 15 15 15 15  7  7  7 12  2  2 12 12 12 12 12 12 12 12 12  8  8  8 
 1  1  1  1  1  1  1  1  1  1  1  1  1  1  1  1  9  9  9  9  9  9  9  9  9  9 15 15 15 15 15 15 15 15 15 15 15 15 15 15 15 15 15 15 15 15  7  7 12 12 12 12 12 12 12 12 12 12 12 12 12 12 12 12 
 1  1  1  1  1  1  1  1  1  1  1  1  1  1  1  1  1  9  9  9  9  9  9  9  9  9  9 15 15 15 15 15 15 15 15 15 15 15 15 15 15 15 15 15 12 12 12 12 12 12 12 12 12 12 12 12 12 12 12 12 12 12 12 12 
 1  1  1  1  1  1  1  1  1  1  1  1  1  1  1  1  1  9  9  9  9  9  9  9  9  9 15 15 15 15 15 15 15 15 15 15 15 15 15 15 15 15 15 15 15 12 12 12 12 12 12 12 12 12 12 12 12 12 12 12 12 12 12 12 
 1  1  1  1  1  1  1  1  1  1  1  1  1  1  1  1  1  9  9  9  9  9  9  9  9  9 15 15 15 15 15 15 15 15 15 15 15 15 15 15 15 15 15 15 15 12 12 12 12 12 12 12 12 12 12 12 12 12 12 12 12 12 12 12 
 1  1  1  1  1  1  1  1  1  1  1  1  1  1  1  1  1  9  9  9  9  9  9  9  9  9 15 15 15 15 15 15 15 15 15  6 15 15 15 15 15 15 15 15 15 15 12 12 12 12 12 12 12 12 12 12 12 12 12 12 12 12 12 12 
 1  1  1  1  1  1  1  1  1  1  1  1  1  1  1  1  1  1  9  9  9  9  9  9  9 15 15 15 15 15 15 15 15 15 15  6 15  6  6  6 15 15  6  6 15 15 12 12 12 12 12 12 12 12 12 12 12 12 12 12 12 12 12 12 
 1  1  1  1  1  1  1  1  1 13 13 13 13  1  1  1  1  1  1  1  9  9  9  9 15 15 15 15 15 15 15 15 15 15  6  6  6  6  6  6  6  6  6  6 15 15 12 12 12 12 12 12 12 12 12 12 12 12 12 12 12 12 12 12 
 1  1  1  1  1  1 13 13 13 13 13 13 13 13  1  1  1  1  1  9  9  9  9  9 15 15 15 15 15 15 15 15  6  6  6  6  6  6  6  6  6  6  6  6  6 15 15 12 12 12 12 12 12 12 12 12 12 12 12 12 12 12 12 12 
 1  1  1  1 13 13 13 13 13 13 16 16 16 16 16 16  1  1  1  1  9  9  9  9 15 15 15 15  6 15  6  6  6  6  6  6  6  6  6  6  6  6  6  6  6 15 15 12 12 12 12 12 12 12 12 12 12 12 12 12 12 12 12 12 
 1  1  1  1 13 13 13 13 13 16 16 16 16 16 16 16  1  1  1  1  1  1  9  9  9  6  6  6  6  6  6  6  6  6  6  6  6  6  6  6  6  6  6  6  6 15 15 15 12 12 12 12 12 12 12 12 12 12 12 12 12 12 12 12 
13  1  1  1 13 13 13 13 13 16 16 16 16 16 16 16 16  1  1  1  1  1  1  1  9  6  6  6  6  6  6  6  6  6  6  6  6  6  6  6  6  6  6  6  6  6  6 12 12 12 12 12 12 12 12 12 12 12 12 12 12 12 12 12 
13 13 13 13 13 13 13 13 13 16 16 16 16 16 16 16 16 16  1  1  1  1  1  1  1  6  6  6  6  6  6  6  6  6  6  6  6  6  6  6  6  6  6  6  6  6  6 12  3  3 12 12 12 12 12 12 12 12 12 12 12 12 12 12 
13 13 13 13 13 13 13 13 13 16 16 16 16 16 16 16 16 16 16 16  1  1  1  1  1  6  6  6  6  6  6  6  6  6  6  6  6  6  6  6  6  6  6  6  6  6  6  3  3  3 12 12 12 12 12 12 12 12 12 12 12 12 12 12 
13 13 13 13 13 13 13 13 13 16 16 16 16 16 16 16 16 16 16 16  1  1  1  1  1  6  6  6  6  6  6  6  6  6  6  6  6  6  6  6  6  6  6  6  6  6  6  3  3  3  3 12 12 12 12 12 12 12 12 12 12 12 12 12 
13 13 13 13 13 13 13 13 13 16 16 16 16 16 16 16 16 16 16 16 16 16  1  1  6  6  6  6  6  6  6  6  6  6  6  6  6  6  6  6  6  6  6  6  6  3  3  3  3  3  3  3 12 12 12  3 12 12 12 12 12 12 12 12 
13 13 13 13 13 13 13 13 13 13 16 16 16 16 16 16 16 16 16 16 16 16 16  1  1  6  6  6  6  6  6  6  6  6  6  6  6  6  6  6  6  6  6  3  6  3  3  3  3  3  3  3  3  3  3  3  3 12 12  3 12 12 12 12 
13 13 13 13 13 13 13 13 13 13 16 16 16 16 16 16 16 16 16 16 16 16 16  1  1  6  6  6  6  6  6  6  6  6  6  6  6  6  6  6  6  6  3  3  3  3  3  3  3  3  3  3  3  3  3  3  3  3  3  3 12 12 12 12 
13 13 13 13 13 13 13 13 13 13 16 16 16 16 16 16 16 16 16 16 16 16 16 16  1  6  6  6  6  6  6  6  6  6  6  6  6  6  6  6  3  3  3  3  3  3  3  3  3  3  3  3  3  3  3  3  3  3  3  3 12 12 12 12 
13 13 13 13 13 13 13 13 13 13 16 16 16 16 16 16 16 16 16 16 16 16 16 16 16  6  6  6  6  6  6  6  6  6  6  6  6  6  6  3  3  3  3  3  3  3  3  3  3  3  3  3  3  3  3  3  3  3  3  3 12 12 12 12 
13 13 13 13 13 13 13 13 13 13 16 16 16 16 16 16 16 16 16 16 16 16 16 16 16  6  6  6  6  6  6  6  6  6  6  6  6  6  6  3  3  3  3  3  3  3  3  3  3  3  3  3  3  3  3  3  3  3  3  3 12 12 12 12 
13 13 13 13 13 13 13 13 13 16 16 16 16 16 16 16 16 16 16 16 16 16 16 16 16 16  6  6  6  6  6  6  6  6  6  6  6  6  3  3  3  3  3  3  3  3  3  3  3  3  3  3  3  3  3  3  3  3  3  3  3  3  3 12 
13 13 13 13 13 13 13 13 16 16 16 16 16 16 16 16 16 16 16 16 16 16 16 16  6  6  6  6  6  6  6  6  6  3  3  3  3  3  3  3  3  3  3  3  3  3  3  3  3 10  3  3  3 10  3  3  3  3  3  3  3  3  3 12 
13 13 13 13 13 13 13 13 16 16 16 16 16 16 16 16 16 16 16 16 16 16 16 16 16  6  6  6  6  3  3  3  3  3  3  3  3  3  3  3  3  3  3  3  3  3  3  3  3 10 10 10 10 10 10 10  3  3  3  3  3  3 12 12 
13 13 13 13 13 13 13 13 13 16 16 16 16 16 16 16 16 16 16 16 16 16 16 16 16 16  6  3  3  3  3  3  3  3  3  3  3  3  3  3  3  3  3  3  3  3  3  3  3 10 10 10 10 10 10 10 10  3  3  3  3 12 12 12 
13 13 13 13 13 13 13 13 13 16 16 16 16 16 16 16 16 16 16 16 16 16 16 16 16  4  4  3  3  3  3  3  3  3  3  3  3  3  3  3  3  3  3  3  3  3  3  3 10 10 10 10 10 10 10 10 10 10  3  3 12 12 12 12 
13 13 13 13 13 13 13 13 13 16 16 16 16 16 16 16 16 16 16 16 16 16 16 16  4  4  4  4  3  3  3  3  3  3  3  3  3  3  3  3  3  3  3 10 10 10 10 10 10 10 10 10 10 10 10 10 10 10 10  3  3 12 12 12 
13 13 13 13 13 13 13 13 13 16 16 16 16 16 16 16 16 16 16 16 16 16 16 16 16  4  4  4  3  3  3  3  3  3  3  3  3  3  3  3  3  3  3 10 10 10 10 10 10 10 10 10 10 10 10 10 10 10  3  3 12 12 12 12 
13 13 13 13 13 13 13 13 13 16 16 16 16 16 16 16  4  4  4  4  4  4  4  4  4  4  4  4  4  4  3  3  3  3  3  3  3  3  3  3  3  3  3 10 10 10 10 10 10 10 10 10 10 10 10  3  3  3  3  3  3 12 12 12 
13 13 13 13 13 13 13 13 13 13 16 16 16 16 16  4  4  4  4  4  4  4  4  4  4  4  4  4  4  4  3  3  3  3  3  3  3  3 10  3 10  3  3 10 10 10 10 10 10 10 10 10 10 10 10 10 10  3  3  3 12 12 12 12 
13 13 13 13 13 13 13 13 13 13 16 16 16 16 16  4  4  4  4  4  4  4  4  4  4  4  4  4  4  4  4  3  3  3  3  3 10 10 10 10 10 10 10 10 10 10 10 10 10 10 10 10 10 10 10 10  3  3  3  3  3  3 12 12 
13 13 13 13 13 13 13 13 13 13 16 16 16 16  4  4  4  4  4  4  4  4  4  4  4  4  4  4  4  4  4  4  3  3  3  3 10 10 10 10 10 10 10 10 10 10 10 10 10 10 10 10 10 10 10 10 10  3  3  3 12 12 12 12 
13 13 13 13 13 13 13 13 13 16 16 16 16 16  4  4  4  4  4  4  4  4  4  4  4  4  4  4  4  4  4  4  4  4 10 10 10 10 10 10 10 10 10 10 10 10 10 10 10 10 10 10 10 10 10 10 10 10  3  3  3 12 12 12 
13 13 13 13 13 13 13 13 13 16 16 16  4  4  4  4  4  4  4  4  4  4  4  4  4  4  4  4  4  4  4  4  4 10 10 10 10 10 10 10 10 10 10 10 10 10 10 10 10 10 10 10 10 10 10 10 10 10 10  3  3 12 12 12 
13 13 13 13 13 13 13 13 13 16 16 16  4  4  4  4  4  4  4  4  4  4  4  4  4  4  4  4  4  4  4  4  4 10 10 10 10 10 10 10 10 10 10 10 10 10 10 10 10 10 10 10 10 10 10 10 10 10 10  3  3 12 12 12 
13 13 13 13 13 13 13 13 13 16 16 16 16  4  4  4  4  4  4  4  4  4  4  4  4  4  4  4  4  4  4  4  4 10 10 10 10 10 10 10 10 10 10 10 10 10 10 10 10 10 10 10 10 10 10 10 10 10 10  3  3 12 12 12 
13 13 13 13 13 13 13 13 13 13 16 16 16  4  4  4  4  4  4  4  4  4  4  4  4  4  4  4  4  4  4  4  4  4 10 10 10 10 10 10 10 10 10 10 10 10 10 10 10 10 10 10 10 10 10 10 10 10 10  3  3 12 12 12 
13 13 13 13 13 13 13 13 13 13 13 16 16  4  4  4  4  4  4  4  4  4  4  4  4  4  4  4  4  4  4  4  4  4 10 10 10 10 10 10 10 10 10 10 10 10 10 10 10 10 10 10 10 10 10 10 10 10 10 10  3 12 12 12 
13 13 13 13 13 13 13 13 13 13 13 16 16  4  4  4  4  4  4  4  4  4  4  4  4  4  4  4  4  4  4  4  4  4  4 10  4 10 10 10 10 10 10 10 10 10 10 10 10 10 10 10 10 10 10 10 10 10 10 10  3  3  3 12 
13 13 13 13 13 13 13 13 13 16 13 16  4  4  4  4  4  4  4  4  4  4  4  4  4  4  4  4  4  4  4  4  4  4  4  4  4  4 10 10 10 10 10 10 10 10 10 10 10 10 10 10 10 10 10 10 10 10 10  3  3  3 12 12 
13 13 13 13 13 13 13 16 16 16 16 16  4  4  4  4  4  4  4  4  4  4  4  4  4  4  4  4  4  4  4  4  4  4  4  4  4  4  4 10  4  4  4 10 10 10 10 10 10 10 10 10 10 10 10 10 10 10  3  3  3  3 12 12 
13 13 13 13 13 13 16 16 16 16 16 16  4  4  4  4  4  4  4  4  4  4  4  4  4  4  4  4  4  4  4  4  4  4  4  4  4  4  4  4  4  4  4  4  4 10 10 10 10 10 10 10 10 10 10 10 10 10  3  3  3  3 12 12 
