17
1 4 0 1 2 3
2 4 0 1 2 3
3 4 0 1 2 3
4 4 0 1 2 3
5 4 0 1 2 3
6 4 0 1 2 3
7 4 0 1 2 3
8 4 0 1 2 3
9 4 0 1 2 3
10 4 0 1 2 3
11 4 0 1 2 3
12 4 0 1 2 3
13 4 0 1 2 3
14 4 0 1 2 3
15 4 0 1 2 3
16 4 0 1 2 3
17 4 0 1 2 3
37
1 17 4   0 0   1 1   2 2   3 3
1 8 4   0 0   1 1   2 2   3 3
1 12 4   0 0   1 1   2 2   3 3
1 14 4   0 0   1 1   2 2   3 3
1 15 4   0 0   1 1   2 2   3 3
2 16 4   0 0   1 1   2 2   3 3
2 4 4   0 0   1 1   2 2   3 3
2 6 4   0 0   1 1   2 2   3 3
2 10 4   0 0   1 1   2 2   3 3
2 11 4   0 0   1 1   2 2   3 3
3 4 4   0 0   1 1   2 2   3 3
3 7 4   0 0   1 1   2 2   3 3
3 9 4   0 0   1 1   2 2   3 3
3 13 4   0 0   1 1   2 2   3 3
3 15 4   0 0   1 1   2 2   3 3
4 6 4   0 0   1 1   2 2   3 3
4 7 4   0 0   1 1   2 2   3 3
4 10 4   0 0   1 1   2 2   3 3
4 13 4   0 0   1 1   2 2   3 3
5 16 4   0 0   1 1   2 2   3 3
5 8 4   0 0   1 1   2 2   3 3
5 12 4   0 0   1 1   2 2   3 3
6 7 4   0 0   1 1   2 2   3 3
6 11 4   0 0   1 1   2 2   3 3
8 16 4   0 0   1 1   2 2   3 3
8 10 4   0 0   1 1   2 2   3 3
8 12 4   0 0   1 1   2 2   3 3
8 15 4   0 0   1 1   2 2   3 3
9 15 4   0 0   1 1   2 2   3 3
10 16 4   0 0   1 1   2 2   3 3
10 13 4   0 0   1 1   2 2   3 3
10 15 4   0 0   1 1   2 2   3 3
11 16 4   0 0   1 1   2 2   3 3
13 15 4   0 0   1 1   2 2   3 3
14 17 4   0 0   1 1   2 2   3 3
14 15 4   0 0   1 1   2 2   3 3
15 17 4   0 0   1 1   2 2   3 3
