72 72
12 12 12 12 12 12 12 12 12 12 12 12 12 12 12 12 14 14 14 14 14 14 14 14 14 14 14 14 14 14 14 14 17 17 17 17 17 17 17 17 17  7  7  7  7 18 18 18 18 11 11 11 11 11 11 11 11 11 11 11 11 11 11 11 11 11 11 11 11 11 11 11 
12 12 12 12 12 12 12 12 12 12 12 12 12 12 12 12 14 14 14 14 14 14 14 14 14 14 14 14 14 14 14 14 17 17 17 17 17 17 17 17 17 17  7  7  7 18 18 18 18 18 11 11 11 11 11 11 11 11 11 11 11 11 11 11 11 11 11 11 11 11 11 11 
12 12 12 12 12 12 12 12 12 12 12 12 12 12 12 12 14 14 14 14 14 14 14 14 14 14 14 14 14 14 14 17 17 17 17 17 17 17 17 17 17 17 17  7  7  7 18 18 18 11 11 11 11 11 11 11 11 11 11 11 11 11 11 11 11 11 11 11 11 11 11 11 
12 12 12 12 12 12 12 12 12 12 12 12 12 12 12 12 14 14 14 14 14 14 14 14 14 14 14 14 14 14 17 17 17 17 17 17 17 17 17 17 17 17 17  7  7  7 18 11 11 11 11 11 11 11 11 11 11 11 11 11 11 11 11 11 11 11 11 11 11 11 11 11 
12 12 12 12 12 12 12 12 12 12 12 12 12 14 12 14 14 14 14 14 14 14 14 14 14 14 14 14 14 14 17 17 17 17 17 17 17 17  7  7  7  7  7  7  7  7 18 18 11 11 11 11 11 11 11 11 11 11 11 11 11 11 11 11 11 11 11 11 11 11 11 11 
12 12 12 12 12 12 12 12 12 12 12 12 12 14 14 14 14 14 14 14 14 14 14 14 14 14 14 14 14 14 17 17 17 17 17 17 17  7  7  7  7  7  7  7  7 18 18 18 11 11 11 11 11 11 11 11 11 11 11 11 11 11 11 11 11 11 11 11 11 11 11 11 
12 12 12 12 12 12 12 12 12 12 12 12 12 14 14 14 14 14 14 14 14 14 14 14 14 14 14 14 14 14 17 17 17 17 17 17 17  7  7  7  7  7  7  7  7 18 18 18 18 11 18 18 11 11 11 11 11 11 11 11 11 11 11 11 11 11 11 11 11 11 11 11 
12 12 12 12 12 12 12 12 12 12 12 12 12 12 14 14 14 14 14 14 14 14 14 14 14 14 14 14 14 14 14 14 17 17 17 17 17  7  7  7  7  7  7  7 18 18 18 18 18 18 18 18 11 11 11 11 11 11 11 11 11 11 11 11 11 11 11 11 11 11 11 11 
12 12 12 12 12 12 12 12 12 12 12 12 12 12 14 14 14 14 14 14 14 14 14 14 14 14 14 14 14 14 14 14 17 17 17 17 17  7  7  7  7  7  7  7  7 18 18 18 18 18 18 18 18 18 18 18 11 11 11 11 11 11 11 11 11 11 11 11 11 11 11 11 
12 12 12 12 12 12 12 12 12 12 12 12 12 12 14 14 14 14 14 14 14 14 14 14 14 14 14 14 14 14 14 17 17 17 17 17 17  7  7  7  7  7  7  7  7 18 18 18 18 18 18 18 18 18 18 18 18 11 11 11 11 11 11 11 11 11 11 11 11 11 11 11 
12 12 12 12 12 12 12 12 12 12 12 12 12 14 14 14 14 14 14 14 14 14 14 14 14 14 17 17 17 17 17 17 17 17 17 17 17  7  7  7  7  7  7  7  7 18 18 18 18 18 18 18 18 18 18 18 11 11 11 11 11 11 11 11 11 11 11 11 11 11 11 11 
12 12 12 12 12 12 12 12 12 12 12 12 12 14 14 14 14 14 14 14 14 14 14 14 14 14 14 17 17 17 17 17 17 17 17 17 17  7  7  7  7  7  7  7  7 18 18 18 18 18 18 18 18 18 18 18 11 11 11 11 11 11 11 11 11 11 11 11 11 11 11 11 
12 12 12 12 12 12 12 12 12 12 12 12 12 14 14 14 14 14 14 14 14 14 14 14 14 14 14 17 17 17 17 17 17 17 17 17  7  7  7  7  7  7  7  7  7  7 18 18 18 18 18 18 18 18 18 18 18 11 11 11 11 11 11 11 11 11 11 11 11 11 11 11 
12 12 12 12 12 12 12 12 12 12 12 12 12 14 14 14 14 14 14 14 14 14 14 14 14 14 14 17 17 17 17 17 17 17 17 17  7  7  7  7  7  7  7  7  7  7 18 18 18 18 18 18 18 18 18 18 18 18 11 11 11 11 11 11 11 11 11 11 11 11 11 11 
12 12 12 12 12 12 12 12 12 12 12 12 14 14 14 14 14 14 14 14 14 14 17 14 17 17 17 17 17 17 17 17 17 17 17 17  7  7  7  7  7  7  7  7  7 18 18 18 18 18 18 18 18 18 18 18 18  9  9  9  9  9 11  9  9  9  9  9 11 11 11 11 
12 12 12 12 12 12 12 12 12 12 12 14 14 14 14 14 14 14 14 14 17 14 17 17 17 17 17 17 17 17 17 17 17 17 17 17  7  7  7  7  7  7  7  7  7 18 18 18 18 18 18 18 18 18 18 18 18 18  9  9  9  9  9  9  9  9  9  9 11 11 11 11 
12 12 12 12 12 12 12 12 12 12 14 14 14 14 14 14 14 14 17 14 17 17 17 17 17 17 17 17 17 17 17 17 17 17 17  7  7  7  7  7  7  7  7  7  7 18 18 18 18 18 18 18 18 18 18 18  9  9  9  9  9  9  9  9  9  9  9  9  9 11  9 11 
12 12 12 12 12 12 12 12 12 12 16 14 14 14 14 14 17 17 17 17 17 17 17 17 17 17 17 17 17 17 17 17 17  7  7  7  7  7  7  7  7  7  7  7  7 18 18 18 18 18 18 18 18 18  9  9  9  9  9  9  9  9  9  9  9  9  9  9  9  9  9 11 
12 12 12 12 12 12 12 12 16 16 16 16 16 16 14 17 17 17 17 17 17 17 17 17 17 17 17 17 17 17 17 17 17 17  7  7  7  7  7  7  7  7  7  7  7 18 18 18 18 18 18 18 18 18 18  9  9  9  9  9  9  9  9  9  9  9  9  9  9  9  9  9 
12 12 12 12 16 16 16 16 16 16 16 16 16 16 16 16 16 16 17 17 17 17 17 17 17 17 17 17 17 17 17 17 17 17  7  7  7  7  7  7  7  7  7  7  7 18 18 18 18 18 18 18 18 18  9  9  9  9  9  9  9  9  9  9  9  9  9  9  9  9  9  9 
12 12 12 12 16 16 16 16 16 16 16 16 16 16 16 16 16 16 17 17 17 17 17 17 17 17 17 17 17 17 17 17 17 17  7  7  7  7  7  7  7  7  7  7  7 18 18 18 18 18 18 18 18 18  9  9  9  9  9  9  9  9  9  9  9  9  9  9  9  9  9  9 
12 12 12 12 16 16 16 16 16 16 16 16 16 16 16 16 16 16 17 16 17 17 17 17 17 17 17 17 17 17 17 17  3  3  7  7  7  7  7  7  7  7  7  7 18 18 18 18 18 18 18 18 18 18  9  9  9  9  9  9  9  9  9  9  9  9  9  9  9  9  9  9 
12 12 12 12 16 16 16 16 16 16 16 16 16 16 16 16 16 16 16 16 17 17 17 17 17 17 17 17 17 17 17 17 17  3  7  7  7  7  7  7  7  7  7  7 18 18 18 18 18 18 18 18 18  9  9  9  9  9  9  9  9  9  9  9  9  9  9  9  9  9  9  9 
12 12 12 12 16 16 16 16 16 16 16 16 16 16 16 16 16 16 16 16 17 17 17 17 17 17 17 17 17  3  3  3  3  3  7  7  7  7  7  7  7  7  7  7  7 18 18 18 18 18 18 18 18 18  9  9  9  9  9  9  9  9  9  9  9  9  9  9  9  9  9  9 
12 12 12 12 12 16 16 16 16 16 16 16 16 16 16 16 16 16 16 16 16 17 17 17 17 17 17 17 17  3  3  3  3  3  7  7  7  7  7  7  7  7  7  7 18 18 18 18 18 18 18 18 18  9  9  9  9  9  9  9  9  9  9  9  9  9  9  9  9  9  9  9 
12 12 12 12 12 12 16 16 16 16 16 16 16 16 16 16 16 16 16 16 16 17 17 17 17 17 17 17  3  3  3  3  3  3  3  3  7  7  7  7  7  7  7  7  7 18 18 18 18 18 18 18 18  9  9  9  9  9  9  9  9  9  9  9  9  9  9  9  9  9  9  9 
12 12 12 12 12 16 16 16 16 16 16 16 16 16 16 16 16 16 16 16 16 17 16 17 17  3  3  3  3  3  3  3  3  3  3  3  7  7  7  7  7  7  7  7 18 18 18 18 18 18 13 13 13 13  9  9  9  9  9  9  9  9  9  9  9  9  9  9  9  9  9  9 
12 12 12 12 16 16 16 16 16 16 16 16 16 16 16 16 16 16 16 16 16 16 16 17 17  3  3  3  3  3  3  3  3  3  3  3  3  7  7  7  7  7  7  7 18 18 18 18 18 18 13 13 13 13 13 13 13  9  9  9  9  9  9  9  9  9  9  9  9  9  9  9 
12 12 12 12 16 16 16 16 16 16 16 16 16 16 16 16 16 16 16 16 16 16 16 16  3  3  3  3  3  3  3  3  3  3  3  3  3  7  7  7  7  7  7  7 18 18 18 18 18 18 18 13 13 13 13 13 13 13  9  9  9  9  9  9  9  9  9  9  9  9  9  9 
12 12 16 16 16 16 16 16 16 16 16 16 16 16 16 16 16 16 16 16 16 16 16 16  3  3  3  3  3  3  3  3  3  3  3  3  3  3  7  7  7  7  7  7 18 18 18 18 18 18 18 18 13 13 13 13 13 13  9  9  9  9  9  9  9  9  9  9  9  9  9  9 
12 12 16 16 16 16 16 16 16 16 16 16 16 16 16 16 16 16 16 16  3  3  3  3  3  3  3  3  3  3  3  3  3  3  3  3  3  3  7  7  7  7  7  7  7 18 18 18 18 18 18 18 13 13 13 13 13 13  9  9  9  9  9  9  9  9  9  9  9  9  9  9 
12 12 12 16 16 16 16 16 16 16 16 16 16 16 16 16 16 16 16 16  3  3  3  3  3  3  3  3  3  3  3  3  3  3  3  3  3  7  7  7  7  7  7  7  7  7 18 18 18 18 18 13 13 13 13 13 13 13 13 13 13  9  9  9  9  9  9  9  9  9  9  9 
12 12 12 16 16 16 16 16 16 16 16 16 16 16 16 16 16 16 16 16  3  3  3  3  3  3  3  3  3  3  3  3  3  3  3  3  3  7  7  7  7  7  7  7  7 18 18 18 18 18 18 13 13 13 13 13 13 13 13 13 13 13 13 13 13 13 13 13  9  9  9  9 
12 12 16 16 16 16 16 16 16 16 16 16 16 16 16 16 16 16 16 16  3  3  3  3  3  3  3  3  3  3  3  3  3  3  3  2  7  7  7  7  7  7  7 18 18 18 18 18 18 18 18 13 13 13 13 13 13 13 13 13 13 13 13 13 13 13 13 13 13 13 13  9 
12 12 16 16 16 16 16 16 16 16 16 16 16 16 16 16 16 16 16 16 16 16  3  3  3  3  3  3  3  3  3  3  3  3  3  2  7  7  7  7  7  7  7 18 18 18 18 18 18 18 13 13 13 13 13 13 13 13 13 13 13 13 13 13 13 13 13 13 13 13 13  9 
12 12 12 16 16 16 16 16 16 16 16 16 16 16 16 16 16 16 16 16 16 16  3  3  3  3  3  3  3  3  3  3  3  2  2  2  2  2  7  8  8  8  7  8  8 18 18 18 18 18 13 13 13 13 13 13 13 13 13 13 13 13 13 13 13 13 13 13 13 13 13  6 
12 12 16 16  4  4  4  4  4  4  4 16 16 16 16 16 16  3  3  3  3 16  3  3  3  3  3  3  3  3  3  3  3  2  2  2  2  2  8  8  8  8  8  8  8  8  8  8 18 18 13 13 13 13 13 13 13 13 13 13 13 13 13 13 13 13 13 13 13 13 13  6 
12 12 16 16  4  4  4  4  4  4  4  4  4  4  4 16 16  3  3  3  3  3  3  3  3  3  3  3  3  3  3  3  3  2  2  2  2  2  8  8  8  8  8  8  8  8  8  8  8 13 13 13 13 13 13 13 13 13 13 13 13 13 13 13 13 13 13 13 13 13 13  6 
12 12 16 16  4  4  4  4  4  4  4  4  4  4  4 16 16  3  3  3  3  3  3  3  3  3  3  3  3  3  3  3  3  2  2  2  2  2  2  8  8  8  8  8  8  8  8  8  8 13 13 13 13 13 13 13 13 13 13 13 13 13 13 13 13 13 13 13 13 13 13  6 
12 12  4  4  4  4  4  4  4  4  4  4  4  4  4  4  3  3  3  3  3  3  3  3  3  3  3  3  3  3  3  3  3  2  2  2  2  2  2  8  8  8  8  8  8  8  8  8  8  8 13 13 13 13 13 13 13 13 13 13 13 13 13 13 13 13 13 13 13 13 13  6 
12 12  4  4  4  4  4  4  4  4  4  4  4  4  4  4  4  4  3  3  3  3  3  3  3  3  3  3  3  3  3  2  2  2  2  2  2  2  2  2  8  8  8  8  8  8  8  8  8  8  8 13 13 13 13 13 13 13 13 13 13 13 13 13 13 13 13 13 13 13  6  6 
12 12  4  4  4  4  4  4  4  4  4  4  4  4  4  4  4  4  4  4  4  3  4  3  3  3  3  3  3  2  2  2  2  2  2  2  2  2  2  2  8  8  8  8  8  8  8  8  8  8  8  8 13 13 13 13 13 13 13 13 13 13 13 13 13 13  6  6  6  6  6  6 
12 12  4  4  4  4  4  4  4  4  4  4  4  4  4  4  4  4  4  4  4  4  4  4  2  2  2  2  2  2  2  2  2  2  2  2  2  2  2  8  8  8  8  8  8  8  8  8  8  8  8  8  8 13 13 13 13 13 13 13 13 13 13 13 13 13  6  6  6  6  6  6 
 4  4  4  4  4  4  4  4  4  4  4  4  4  4  4  4  4  4  4  4  4  4  4  4  4  2  2  2  2  2  2  2  2  2  2  2  2  2  2  2  2  8  8  8  8  8  8  8  8  8  8 13 13 13 13 13 13 13 13 13 13 13 13 13  6  6  6  6  6  6  6  6 
 4  4  4  4  4  4  4  4  4  4  4  4  4  4  4  4  4  4  4  4  4  4  4  4  4  4  4  4  2  2  2  2  2  2  2  2  2  2  2  2  2  8  8  8  8  8  8  8  8  8  8 13 13 13 13 13 13 13 13 13 13 13 13  6  6  6  6  6  6  6  6  6 
10  4  4  4  4  4  4  4  4  4  4  4  4  4  4  4  4  4  4  4  4  4  4  4  4  4  4  4  4  2  2  2  2  2  2  2  2  2  2  2  2  8  8  8  8  8  8  8  8  8  8  8 13 13 13 13 13 13 13 13 13 13  6  6  6  6  6  6  6  6  6  6 
10  4  4  4  4  4  4  4  4  4  4  4  4  4  4  4  4  4  4  4  4  4  4  4  4  4  4  4  4  2  2  2  2  2  2  2  2  2  2  2  8  8  8  8  8  8  8  8  8  8  8  8  8  8  8  8  8 13 13 13 13  6  6  6  6  6  6  6  6  6  6  6 
10  4  4  4  4  4  4  4  4  4  4  4  4  4  4  4  4  4  4  4  4  4  4  4  4  4  4  4  4  2  2  2  2  2  2  2  2  2  2  2  2  2  8  8  8  8  8  8  8  8  8  8  8  8  8  8  8  8  6  6  6  6  6  6  6  6  6  6  6  6  6  6 
10 10 10 10 10 10 10  4  4  4  4  4  4  4  4  4  4  4  4  4  4  4  4  4  4  4  4  2  2  2  2  2  2  2  2  2  2  2  2  2  2  8  8  8  8  8  8  8  8  8  8  8  8  8  8  8  8  8  8  8  8  6  6  6  6  6  6  6  6  6  6  6 
10 10 10 10 10 10 10 10  4  4  4  4  4  4  4  4  4  4  4  4  4  4  4  4  4  4  4  4  2  2  2  2  2  2  2  2  2  2  2  2  2  2  8  8  8  8  8  8  8  8  8  8  8  8  8  8  8  8  8  8  6  6  6  6  6  6  6  6  6  6  6  6 
10 10 10 10 10 10 10 10 10 10 10  4  4  4  4  4  4  4  4  4  4  4  4  4  4  4  4  4  4  2  2  2  2  2  2  2  2  2  2  2  2  8  8  8  8  8  8  8  8  8  8  8  8  8  8  8  8  8  8  6  6  6  6  6  6  6  6  6  6  6  6  6 
10 10 10 10 10 10 10 10 10 10 10 10 10 10  4  4  4  4  4  4  4  4  4  4  4  4  4  4  2  2  2  2  2  2  2  2  2  2  2  2  2  8  8  8  8  8  8  8  8  8  8  8  8  8  8  8  8  8  8  6  6  6  6  6  6  6  6  6  6  6  6  6 
10 10 10 10 10 10 10 10 10 10 10 10 10 10 10 10  4  4  4  4  4  4  4 10 10 10  4  4  2  2  2  2  2  2  2  2  2  2  2  2  2  8  8  8  8  8  8  8  8  8  8  8  8  8  8  8  8  8  6  6  6  6  6  6  6  6  6  6  6  6  6  6 
10 10 10 10 10 10 10 10 10 10 10 10 10 10 10 10 10 10 10  4  4  4  4 10 10 10  4  2  2  2  2  2  2  2  2  2  2  2  2  2  2  8  8  8  8  8  8  8  8  8  8  8  8  8  8  8  8  6  6  6  6  6  6  6  6  6  6  6  6  6  6  6 
10 10 10 10 10 10 10 10 10 10 10 10 10 10 10 10 10 10 10 10 10 10 10 10 10 10 10  2  2  2  1  2  2  2  2  2  2  2  2  2  1  1  1  1  8  8  8  8  8  8  5  5  5  8  8  6  6  6  6  6  6  6  6  6  6  6  6  6  6  6  6  6 
10 10 10 10 10 10 10 10 10 10 10 10 10 10 10 10 10 10 10 10 10 10 10 10 10 10 10 10 10  2  1  1  1  1  1  2  2  1  2  1  1  1  1  1  8  1  8  8  5  5  5  5  5  5  5  6  6  6  6  6  6  6  6  6  6  6  6  6  6  6  6  6 
10 10 10 10 10 10 10 10 10 10 10 10 10 10 10 10 10 10 10 10 10 10 10 10 10 10 10 10 10 10  1  1  1  1  1  1  1  1  2  1  1  1  1  1  1  1  1  8  5  5  5  5  5  5  5  5  6  6  6  6  6  6  6  6  6  6  6  6  6  6  6  6 
10 10 10 10 10 10 10 10 10 10 10 10 10 10 10 10 10 10 10 10 10 10 10 10 10 10 10 10 10  1  1  1  1  1  1  1  1  1  1  1  1  1  1  1  1  1  1  5  5  5  5  5  5  5  5  5  5  6  6  6  6  6  6  6  6  6  6  6  6  6  6  6 
10 10 10 10 10 10 10 10 10 10 10 10 10 10 10 10 10 10 10 10 10 10 10 10 10 10 10 10  1  1  1  1  1  1  1  1  1  1  1  1  1  1  1  1  1  1  1  1  5  5  5  5  5  5  5  5  5  5  6  6  6  6  6  6  6  6  6  6  6  6  6  6 
10 10 10 10 10 10 10 10 10 10 10 10 10 10 10 10 10 10 10 10 10 10 10 10 10 10 15 15  1  1  1  1  1  1  1  1  1  1  1  1  1  1  1  1  1  1  1  1  5  5  5  5  5  5  5  5  5  5  5  5  5  6  6  6  6  6  6  6  6  6  6  6 
10 10 10 10 10 10 10 10 10 10 10 10 10 10 10 10 10 10 10 10 15 15 10 10 10 10 15 15 15  1  1  1  1  1  1  1  1  1  1  1  1  1  1  1  1  1  1  1  1  5  5  5  5  5  5  5  5  5  5  5  5  5  5  6  6  6  6  6  6  6  6  6 
10 10 10 10 10 10 10 10 10 10 10 15 10 10 10 10 10 15 15 15 15 15 10 10 10 10 15 15 15 15  1  1  1  1  1  1  1  1  1  1  1  1  1  1  1  1  1  1  5  5  5  5  5  5  5  5  5  5  5  5  5  5  5  6  6  6  6  6  6  6  6  6 
10 10 10 10 10 10 10 10 10 15 15 15 15 15 15 15 15 15 15 15 15 15 15 15 10 15 15 15 15 15  1  1  1  1  1  1  1  1  1  1  1  1  1  1  1  1  1  1  5  5  5  5  5  5  5  5  5  5  5  5  5  5  5  6  6  6  6  6  6  6  6  6 
15 10 10 10 10 10 10 10 15 15 15 15 15 15 15 15 15 15 15 15 15 15 15 15 15 15 15 15 15 15  1  1  1  1  1  1  1  1  1  1  1  1  1  1  1  1  1  5  5  5  5  5  5  5  5  5  5  5  5  5  5  5  5  5  5  6  6  6  6  6  6  6 
15 10 10 10 10 10 15 15 15 15 15 15 15 15 15 15 15 15 15 15 15 15 15 15 15 15 15 15 15 15 15  1  1  1  1  1  1  1  1  1  1  1  1  1  1  1  1  5  5  5  5  5  5  5  5  5  5  5  5  5  5  5  5  5  5  6  6  6  6  6  6  6 
15 10 10 10 10 15 15 15 15 15 15 15 15 15 15 15 15 15 15 15 15 15 15 15 15 15 15 15 15 15 15 15  1  1  1  1  1  1  1  1  1  1  1  1  1  1  1  5  5  5  5  5  5  5  5  5  5  5  5  5  5  5  5  5  5  5  6  6  6  6  6  6 
15 10 10 15 15 15 15 15 15 15 15 15 15 15 15 15 15 15 15 15 15 15 15 15 15 15 15 15 15 15 15 15 15 15  1  1  1  1  1  1  1  1  1  1  1  1  1  5  5  5  5  5  5  5  5  5  5  5  5  5  5  5  5  5  5  5  5  5  5  5  5  6 
15 15 15 15 15 15 15 15 15 15 15 15 15 15 15 15 15 15 15 15 15 15 15 15 15 15 15 15 15 15 15 15 15 15  1  1  1  1  1  1  1  1  1  1  1  1  1  1  5  5  5  5  5  5  5  5  5  5  5  5  5  5  5  5  5  5  5  5  5  5  5  6 
15 15 15 15 15 15 15 15 15 15 15 15 15 15 15 15 15 15 15 15 15 15 15 15 15 15 15 15 15 15 15 15 15  1  1  1  1  1  1  1  1  1  1  1  1  1  1  1  5  5  5  5  5  5  5  5  5  5  5  5  5  5  5  5  5  5  5  5  5  5  5  6 
15 15 15 15 15 15 15 15 15 15 15 15 15 15 15 15 15 15 15 15 15 15 15 15 15 15 15 15 15 15 15 15  1  1  1  1  1  1  1  1  1  1  1  1  1  1  1  1  5  5  5  5  5  5  5  5  5  5  5  5  5  5  5  5  5  5  5  5  5  5  5  5 
15 15 15 15 15 15 15 15 15 15 15 15 15 15 15 15 15 15 15 15 15 15 15 15 15 15 15 15 15 15 15 15  1  1  1  1  1  1  1  1  1  1  1  1  1  1  1  5  5  5  5  5  5  5  5  5  5  5  5  5  5  5  5  5  5  5  5  5  5  5  5  5 
15 15 15 15 15 15 15 15 15 15 15 15 15 15 15 15 15 15 15 15 15 15 15 15 15 15 15 15 15 15  1  1  1  1  1  1  1  1  1  1  1  1  1  1  1  1  1  1  5  5  5  5  5  5  5  5  5  5  5  5  5  5  5  5  5  5  5  5  5  5  5  5 
