19
1 4 0 1 2 3
2 4 0 1 2 3
3 4 0 1 2 3
4 4 0 1 2 3
5 4 0 1 2 3
6 4 0 1 2 3
7 4 0 1 2 3
8 4 0 1 2 3
9 4 0 1 2 3
10 4 0 1 2 3
11 4 0 1 2 3
12 4 0 1 2 3
13 4 0 1 2 3
14 4 0 1 2 3
15 4 0 1 2 3
16 4 0 1 2 3
17 4 0 1 2 3
18 4 0 1 2 3
19 4 0 1 2 3
41
1 17 4   0 0   1 1   2 2   3 3
1 2 4   0 0   1 1   2 2   3 3
1 9 4   0 0   1 1   2 2   3 3
1 14 4   0 0   1 1   2 2   3 3
2 7 4   0 0   1 1   2 2   3 3
2 9 4   0 0   1 1   2 2   3 3
2 14 4   0 0   1 1   2 2   3 3
2 15 4   0 0   1 1   2 2   3 3
3 4 4   0 0   1 1   2 2   3 3
4 19 4   0 0   1 1   2 2   3 3
4 6 4   0 0   1 1   2 2   3 3
4 7 4   0 0   1 1   2 2   3 3
4 8 4   0 0   1 1   2 2   3 3
4 15 4   0 0   1 1   2 2   3 3
5 16 4   0 0   1 1   2 2   3 3
5 17 4   0 0   1 1   2 2   3 3
5 11 4   0 0   1 1   2 2   3 3
5 12 4   0 0   1 1   2 2   3 3
6 7 4   0 0   1 1   2 2   3 3
7 9 4   0 0   1 1   2 2   3 3
7 15 4   0 0   1 1   2 2   3 3
8 19 4   0 0   1 1   2 2   3 3
8 10 4   0 0   1 1   2 2   3 3
8 14 4   0 0   1 1   2 2   3 3
10 17 4   0 0   1 1   2 2   3 3
10 18 4   0 0   1 1   2 2   3 3
10 19 4   0 0   1 1   2 2   3 3
10 13 4   0 0   1 1   2 2   3 3
10 14 4   0 0   1 1   2 2   3 3
11 16 4   0 0   1 1   2 2   3 3
11 18 4   0 0   1 1   2 2   3 3
11 12 4   0 0   1 1   2 2   3 3
11 13 4   0 0   1 1   2 2   3 3
12 13 4   0 0   1 1   2 2   3 3
13 18 4   0 0   1 1   2 2   3 3
13 19 4   0 0   1 1   2 2   3 3
14 17 4   0 0   1 1   2 2   3 3
14 15 4   0 0   1 1   2 2   3 3
16 17 4   0 0   1 1   2 2   3 3
16 18 4   0 0   1 1   2 2   3 3
17 18 4   0 0   1 1   2 2   3 3
