21
1 4 0 1 2 3
2 4 0 1 2 3
3 4 0 1 2 3
4 4 0 1 2 3
5 4 0 1 2 3
6 4 0 1 2 3
7 4 0 1 2 3
8 4 0 1 2 3
9 4 0 1 2 3
10 4 0 1 2 3
11 4 0 1 2 3
12 4 0 1 2 3
13 4 0 1 2 3
14 4 0 1 2 3
15 4 0 1 2 3
16 4 0 1 2 3
17 4 0 1 2 3
18 4 0 1 2 3
19 4 0 1 2 3
20 4 0 1 2 3
21 4 0 1 2 3
49
1 16 4   0 0   1 1   2 2   3 3
1 7 4   0 0   1 1   2 2   3 3
1 8 4   0 0   1 1   2 2   3 3
1 15 4   0 0   1 1   2 2   3 3
2 19 4   0 0   1 1   2 2   3 3
2 20 4   0 0   1 1   2 2   3 3
2 21 4   0 0   1 1   2 2   3 3
2 9 4   0 0   1 1   2 2   3 3
2 10 4   0 0   1 1   2 2   3 3
3 16 4   0 0   1 1   2 2   3 3
3 5 4   0 0   1 1   2 2   3 3
3 7 4   0 0   1 1   2 2   3 3
3 12 4   0 0   1 1   2 2   3 3
3 14 4   0 0   1 1   2 2   3 3
4 17 4   0 0   1 1   2 2   3 3
4 18 4   0 0   1 1   2 2   3 3
4 19 4   0 0   1 1   2 2   3 3
4 21 4   0 0   1 1   2 2   3 3
4 5 4   0 0   1 1   2 2   3 3
4 10 4   0 0   1 1   2 2   3 3
5 17 4   0 0   1 1   2 2   3 3
5 21 4   0 0   1 1   2 2   3 3
5 12 4   0 0   1 1   2 2   3 3
5 14 4   0 0   1 1   2 2   3 3
6 20 4   0 0   1 1   2 2   3 3
6 8 4   0 0   1 1   2 2   3 3
6 9 4   0 0   1 1   2 2   3 3
7 16 4   0 0   1 1   2 2   3 3
7 12 4   0 0   1 1   2 2   3 3
7 13 4   0 0   1 1   2 2   3 3
8 16 4   0 0   1 1   2 2   3 3
8 9 4   0 0   1 1   2 2   3 3
8 11 4   0 0   1 1   2 2   3 3
8 15 4   0 0   1 1   2 2   3 3
9 20 4   0 0   1 1   2 2   3 3
9 21 4   0 0   1 1   2 2   3 3
9 11 4   0 0   1 1   2 2   3 3
10 19 4   0 0   1 1   2 2   3 3
10 20 4   0 0   1 1   2 2   3 3
11 16 4   0 0   1 1   2 2   3 3
11 21 4   0 0   1 1   2 2   3 3
11 14 4   0 0   1 1   2 2   3 3
12 17 4   0 0   1 1   2 2   3 3
12 18 4   0 0   1 1   2 2   3 3
12 13 4   0 0   1 1   2 2   3 3
14 16 4   0 0   1 1   2 2   3 3
14 21 4   0 0   1 1   2 2   3 3
17 18 4   0 0   1 1   2 2   3 3
19 21 4   0 0   1 1   2 2   3 3
