88 88
 5  5  5  5  5  5  5  5  5  5  5  5  5  5  5  5  5  5  5  5  5  5  5  5  5  5  5  5  5  2  2  2  2  2  2  2  2  2  2  2  2  2  2  2  2  2  2  3  3  3  3  3  3  3  3  3  3  3  3  3  3  3  3  3  3  3  3  3  3  3  3  3  3  3  3  3  3  3  3  3  3  3  3  3 16 16 16 16 
 5  5  5  5  5  5  5  5  5  5  5  5  5  5  5  5  5  5  5  5  5  5  5  5  5  5  5  5  5  2  2  2  2  2  2  2  2  2  2  2  2  2  2  2  2  2  2  2  3  3  3  3  3  3  3  3  3  3  3  3  3  3  3  3  3  3  3  3  3  3  3  3  3  3  3  3  3  3  3  3  3  3  3  3 16 16 16 16 
 5  5  5  5  5  5  5  5  5  5  5  5  5  5  5  5  5  5  5  5  5  5  5  5  5  5  5  5  5  2  2  2  2  2  2  2  2  2  2  2  2  2  2  2  2  2  2  2  3  3  3  3  3  3  3  3  3  3  3  3  3  3  3  3  3  3  3  3  3  3  3  3  3  3  3  3  3  3  3  3  3  3  3  3 16 16 16 16 
 5  5  5  5  5  5  5  5  5  5  5  5  5  5  5  5  5  5  5  5  5  5  5  5  5  5  5  2  2  2  2  2  2  2  2  2  2  2  2  2  2  2  2  2  2  2  2  2  2  3  3  3  3  3  3  3  3  3  3  3  3  3  3  3  3  3  3  3  3  3  3  3  3  3  3  3  3  3  3  3  3  3  3  3 16 16 16 16 
 5  5  5  5  5  5  5  5  5  5  5  5  5  5  5  5  5  5  5  5  5  5  5  5  5  5  5  2  2  2  2  2  2  2  2  2  2  2  2  2  2  2  2  2  2  2  2  2  3  3  3  3  3  3  3  3  3  3  3  3  3  3  3  3  3  3  3  3  3  3  3  3  3  3  3  3  3  3  3  3  3  3  3 16 16 16 16 16 
 5  5  5  5  5  5  5  5  5  5  5  5  5  5  5  5  5  5  5  5  5  5  5  5  5  5  5  5  2  2  2  2  2  2  2  2  2  2  2  2  2  2  2  2  2  2  2  2  2  2  3  3  3  3  3  3  3  3  3  3  3  3  3  3  3  3  3  3  3  3  3  3  3  3  3  3  3  3 16 16 16  3 16 16 16 16 16 16 
 5  5  5  5  5  5  5  5  5  5  5  5  5  5  5  5  5  5  5  5  5  5  5  5  5  5  5  2  2  2  2  2  2  2  2  2  2  2  2  2  2  2  2  2  2  2  2  2  2  3  3  3  3  3  3  3 10 10 10 10  3  3  3  3  3  3  3  3  3  3  3  3  3  3  3  3  3  3 16 16 16 16 16 16 16 16 16 16 
 5  5  5  5  5  5  5  5  5  5  5  5  5  5  5  5  5  5  5  5  5  5  5  5  5  5  5  5  2  2  2  2  2  2  2  2  2  2  2  2  2  2  2  2  2  2  2  2  3  3  3  3  3  3  3  3 10 10 10 10  3  3  3  3 10  3  3 10 10 10  3  3  3  3  3  3  3  3 16 16 16 16 16 16 16 16 16 16 
 5  5  5  5  5  5  5  5  5  5  5  5  5  5  5  5  5  5  5  5  5  5  5  5  5  5  5  5  2  2  2  2  2  2  2  2  2  2  2  2  2  2  2  2  2  2  2  3  3  3  3  3  3  3  3  3 10 10 10 10 10 10 10 10 10 10 10 10 10 10  3  3  3  3  3  3  3  3 16 16 16 16 16 16 16 16 16 16 
 5  5  5  5  5  5  5  5  5  5  5  5  5  5  5  5  5  5  5  5  5  5  5  5  5  5  5  5  5  5  2  2  2  2  2  2  2  2  2  2  2  2  2  2  2  2  2  2  3  3  3  3  3  3  3  3 10 10 10 10 10 10 10 10 10 10 10 10 10 10 10  3 10  3  3  3 16 16 16 16 16 16 16 16 16 16 16 16 
 5  5  5  5  5  5  5  5  5  5  5  5  5  5  5  5  5  5  5  5  5  5  5  5  5  5  5  5  5  5  2  2  2  2  2  2  2  2  2  2  2  2  2  2  2  2  2  2  2  3  3  3  3  3  3  3 10 10 10 10 10 10 10 10 10 10 10 10 10 10 10 10 10  3  3  3 16 16 16 16 16 16 16 16 16 16 16 16 
 5  5  5  5  5  5  5  5  5  5  5  5  5  5  5  5  5  5  5  5  5  5  5  5  5  5  5  5  5  5  5  2  2  2  2  2  2  2  2  2  2  2  2  2  2  2  2  2  2  2  3  3  3  3  3  3 10 10 10 10 10 10 10 10 10 10 10 10 10 10 10 10 10 10  3  3 16 16 16 16 16 16 16 16 16 16 16 16 
 5  5  5  5  5  5  5  5  5  5  5  5  5  5  5  5  5  5  5  5  5  5  5  5  5  5  5  5  5  5  5  2  2  2  2  2  2  2  2  2  2  2  2  2  2  2  2  2  2  3  3  3  3  3  3 10 10 10 10 10 10 10 10 10 10 10 10 10 10 10 10 10 10 10  3 16 16 16 16 16 16 16 16 16 16 16 16 16 
 5  5  5  5  5  5  5  5  5  5  5  5  5  5  5  5  5  5  5  5  5  5  5  5  5  5  5  5  5  5  5  5  2  2  2  2  2  2  2  2  2  2  2  2  2  2  2  2  2  3  3  3  3  3  3 10 10 10 10 10 10 10 10 10 10 10 10 10 10 10 10 10 10 10 10 10 16 16 16 16 16 16 16 16 16 16 16 16 
 5  5  5  5  5  5  5  5  5  5  5  5  5  5  5  5  5  5  5  5  5  5  5  5  5  5  5  5  5  5  5  5  5  2  2  2  5  2  2  2  2  2  2  2  2  2  2  2  2  3  3  3  3  3  3 10 10 10 10 10 10 10 10 10 10 10 10 10 10 10 10 10 10 10 10 10 10 16 16 16 16 16 16 16 16 16 16 16 
18  5  5  5  5  5  5  5  5 18 18  5  5  5  5  5  5  5  5  5  5  5  5  5  5  5  5  5  5  5  5  5  5  5  5  5  5  2  2  2  2  2  2  2  2  2  2  2  2  3  3  3  3  3  3  3 10 10 10 10 10 10 10 10 10 10 10 10 10 10 10 10 10 10 10 10 16 16 16 16 16 16 16 16 16 16 16 16 
18  5 18  5  5  5  5  5 18 18 18  5  5  5  5  5  5  5  5  5  5  5  5  5  5  5  5  5  5  5  5  5  5  5  5  5 18 18  2  2  2  2  2  2  2  2  2  2  2  3  3  3  3  3 10 10 10 10 10 10 10 10 10 10 10 10 10 10 10 10 10 10 10 10 10 10 16 16 16 16 16 16 16 16 16 16 16 16 
18  5 18  5  5  5 18 18 18 18 18 18 18 18  5  5  5  5  5  5  5  5  5  5  5  5  5  5  5  5 18 18  5  5  5  5 18 18  2  2  2  2  2  2  2  2  2  2  2  3  3  3  3  3 10 10 10 10 10 10 10 10 10 10 10 10 10 10 10 10 10 10 10 10 10 10 10 16 16 16 16 16 16 16 16 16 16 16 
18 18 18  5  5  5 18 18 18 18 18 18 18 18 18 18 18  5  5  5 18 18 18  5  5 18 18 18  5  5 18 18 18  5  5 18 18 18 18  2  2  2  2  2  2  2  3  3  3  3  3  3  3  3 10 10 10 10 10 10 10 10 10 10 10 10 10 10 10 10 10 10 10 10 10 10 10 10 16 16 16 16 16 16 16 16 16 16 
18 18 18  5  5 18 18 18 18 18 18 18 18 18 18 18 18 18 18  5 18 18 18 18 18 18 18 18 18 18 18 18 18 18 18 18 18 18 18  2  2  2  2  2  2  2  2  2  3  3  3  3  3 10 10 10 10 10 10 10 10 10 10 10 10 10 10 10 10 10 10 10 10 10 10 10 10 10 10 16 16 16 16 16 16 16 16 16 
18 18 18 18 18 18 18 18 18 18 18 18 18 18 18 18 18 18 18 18 18 18 18 18 18 18 18 18 18 18 18 18 18 18 18 18 18 18 18 18  2  2  2  2  2  2  2  2  2  3  3  3  3 10 10 10 10 10 10 10 10 10 10 10 10 10 10 10 10 10 10 10 10 10 10 10 10 10 10 16 16 16 16 16 16 16 16 16 
18 18 18 18 18 18 18 18 18 18 18 18 18 18 18 18 18 18 18 18 18 18 18 18 18 18 18 18 18 18 18 18 18 18 18 18 18 18 18 18  2  2  2  2  2  2  2  2  2 14 14  3 10 10 10 10 10 10 10 10 10 10 10 10 10 10 10 10 10 10 10 10 10 10 10 10 10 10 10 16 16 16 16 16 16 16 16 16 
13 13 18 18 18 18 18 18 18 18 18 18 18 18 18 18 18 18 18 18 18 18 18 18 18 18 18 18 18 18 18 18 18 18 18 18 18 18 18 18 11 11 11 11  2  2  2 11  2 14 14 14 14 14 14 10 10 10 10 10 10 10 10 10 10 10 10 10 10 10 10 10 10 10 10 10 10 10 16 16 16 16 16 16 16 16 16 16 
13 13 13 18 18 18 18 18 18 18 18 18 18 18 18 18 18 18 18 18 18 18 18 18 18 18 18 18 18 18 18 18 18 18 18 18 18 18 18 11 11 11 11 11 11 11 11 11  2 14 14 14 14 14 14 14 10 10 10 10 10 10 10 10 10 10 10 10 10 10 10 10 10 10 10 10 10 16 16 16 16 16 16 16 16 16 16 16 
13 13 13 13 18 18 18 18 18 18 18 18 18 18 18 18 18 18 18 18 18 18 18 18 18 18 18 18 18 18 11 11 11 11 18 18 11 11 11 11 11 11 11 11 11 11 11 11 14 14 14 14 14 14 14 14 10 10 10 10 10 10 10 10 10 10 10 10 10 10 10 10 16 16 10 10 16 16 16 16 16 16 16 16 16 16 16 16 
13 13 13 18 18 18 18 18 18 18 18 18 18 18 18 18 18 18 18 18 18 18 18 18 18 18 11 11 11 11 11 11 11 11 11 11 11 11 11 11 11 11 11 11 11 11 11 14 14 14 14 14 14 14 14 14 14 14 14 10 10 10 10 16 16 16 16 10 10 10 10 16 16 16 16 10 16 16 16 16 16 16 16 16 16 16 16 16 
13 13 13 13 18 18 18 18 18 18 18 18 18 18 18 18 18 18 18 18 18 18 18 18 11 11 11 11 11 11 11 11 11 11 11 11 11 11 11 11 11 11 11 14 11 14 14 14 14 14 14 14 14 14 14 14 14 14 14 15 10 15 16 16 19 19 16 16 16 16 16 16 16 16 16 16 16 16 16 16 16 16 16 16 16 16 16 16 
13 13 13 13 18 18 18 18 18 18 18 18 18 18 18 18 18 18 18 18 18 18 18 18 11 11 11 11 11 11 11 11 11 11 11 11 11 11 11 11 11 14 14 14 11 14 14 14 14 14 14 14 14 14 14 14 14 14 15 15 15 15 16 19 19 19 19 19 19 16 16 16 16 16 16 16 16 16 16 16 16 16 16 16 16 16 16 16 
13 13 13 13 18 18 18 18 18 18 18 18 18 18 18 18 18 18 18 18 18 18 11 11 11 11 11 11 11 11 11 11 11 11 11 11 11 11 11 14 14 14 14 14 14 14 14 14 14 14 14 14 14 14 14 14 14 14 15 15 15 15 19 19  6  6  6 19 19 16 16 16 16 16 16 16 16 16 16 16 16 16 16 16 16 16 16 16 
13 13 13 13 18 18 18 18 18 18 18 18 18 18 18 18 18 18 18 18 18 18 18 11 11 11 11 11 11 11 11 11 11 11 11 11 11 11 11 14 14 14 14 14 14 14 14 14 14 14 14 14 14 14 14 14 14 14 14 14 15 15 15 15  6  6  6  6 19 19 16 16 16 16 16 16 16 16 16 16 16 16 16 16 16 16 16 16 
13 13 13 13 18 18 18 18 18 18 18 18 18 18 18 18 18 18 18 18 18 18 18 11 11 11 11 11 11 11 11 11 11 11 11 11 11 11 14 14 14 14 14 14 14 14 14 14 14 14 14 14 14 14 14 14 14 14 14 14 15 15 15  6  6  6  6  6  6 19 16 19 19 16 16 16 16 19 19 19 16 16 16 16 16 16 16 16 
13 13 18 18 18 18 18 18 18 18 18 18 18 18 18 18 18 18 18 18 18 18 18 11 11 11 11 11 11 11 11 11 11 11 11 11 14 14 14 14 14 14 14 14 14 14 14 14 14 14 14 14 14 14 14 14 14 14 15 15 15 15 15  6  6  6  6  6  6 19 19 19 19 19 19 19 19 19 19 19 16 16 16 16 16 16 16 16 
13 18 18 18 18 18 18 18 18 18 18 18 18 18 18 18 18 18 18 18 18 18 18 11 11 11 11 11 11 11 11 11 11 11 11 14 14 14 14 14 14 14 14 14 14 14 14 14 14 14 14 14 14 14 14 14 14 15 15 15 15 15 15  6  6  6  6  6  6 19 19 19 19 19 19 19 19 19 19 19 16 16 16 16 16 16 16 16 
13 13 18 18 18 18 18 18 18 18 18 18 18 18 11 11 11 18 18 18 18 18 18 11 11 11 11 11 11 11 11 11 11 14 14 14 14 14 14 14 14 14 14 14 14 14 14 14 14 14 14 14 14 14 14 14 14 15 15 15 15 15 15  6  6  6  6  6  6  6 19 19 19 19 19 19 19 19 19 19 19 19 19 16 16 16 16 16 
13 13 11 18 18 18 18 18 18 18 18 18 18 18 18 11 11 11 11 11 11 11 11 11 11 11 11 11 11 11 11 11 11 14 14 14 14 14 14 14 14 14 14 14 14 14 14 14 14 14 14 14 14 14 14 14 15 15 15 15 15 15 15  6  6  6  6  6  6  6  6 19 19 19 19 19 19 19 19 19 19 19 19 19 16 16 16 16 
13 13 11 11 11 18 18 18 18 18 18 18 18 18 18 11 11 11 11 11 11 11 11 11 11 11 11 11 11 11 14 14 14 14 14 14 14 14 14 14 14 14 14 14 14 14 14 14 14 14 14 14 14 15 15 15 15 15 15 15 15 15 15 15 15  6  6  6  6 19 19 19 19 19 19 19 19 19 19 19 19 19 19 19 19 16 19 19 
13 11 11 11 11 11 18 18 18 18 18 18 18 18 18 11 11 11 11 11 11 11 11 11 11 11 11 11 11 11 11 14 14 14 14 14 14 14 14 14 14 14 14 14 14 14 14 14 14 14 14 14 15 15 15 15 15 15 15 15 15 15 15 15 15  6  6  6  6 19 19 19 19 19 19 19 19 19 19 19 19 19 19 19 19 19 19 19 
13 11 11 11 11 11 18 18 11 11 11 11 11 11 11 11 11 11 11 11 11 11 11 11 11 11 11 11 11 11 14 14 14 14 14 14 14 14 14 14 14 14 14 14 14 14 14 14 14 14 15 15 15 15 15 15 15 15 15 15 15 15 15 15  6  6  6  6  6  6  6 19 19 19 19 19 19 19 19 19 19 19 19 19 19 19 19 19 
13 13 21 21 11 11 11 11 11 11 11 11 11 11 11 11 11 11 11 11 11 11 11 11 11 11 11 11 11 11 11 14 14 14 14 14 14 14 14 14 14 14 14 14 14 14 14 14 14 14 15 15 15 15 15 15 15 15 15 15 15 15 15 15  6  6  6  6  6  6  6 19 19 19 19 19 19 19 19 19 19 19 19 19 19 19 19 19 
13 13 21 21 11 11 11 11 11 11 11 11 11 11 11 11 11 11 11 11 11 11 11 11 11 11 11 11 11 11 11 14 14 14 14 14 14 14 14 14 14 14 14 14 14 14 14 14 15 15 15 15 15 15 15 15 15 15 15 15 15 15 15 15 15  6  6  6 19 19 19 19 19 19 19 19 19 19 19 19 19 19 19 19 19 19 19 19 
13 13 21 11 11 11 11 11 11 11 11 11 11 11 11 11 11 11 11 11 11 11 11 11 11 11 11 11 11 11 11 11 14 14 14 14 14 14 14 14 14 14 14 14 14 14 14 15 15 15 15 15 15 15 15 15 15 15 15 15 15 15 15 15 15  6  6  6 19 19 19 19 19 19 19 19 19 19 19 19 19 19 19 19 19 19 19 19 
13 13 21 11 11 11 11 17 11 11 11 11 11 11 11 11 11 11 11 11 11 11 11 11 11 11 11 11 11 11 11 11 11 14 14 14 14 14 14 14 14 14 14 14 14 14 14 15 15 15 15 15 15 15 15 15 15 15 15 15 15 15 15 15  6  6  6  6  6 19 19 19 19 19 19 19 19 19 19 19 19 19 19 19 19 19 19 19 
13 21 21 21 11 11 11 17 17 17 11 11 11 11 11 11 11 11 11 11 11 11 11 11 11 11 11 11 11 11 11 11 11 14 14 14 14 14 14 14 14 14 14 14 14 14 14 15 15 15 15 15 15 15 15 15 15 15 15 15 15 15 15 15  6  6  6  6  6 19 19 19 19 19 19 19 19 19 19 19 19 19 19 19 19 19 19 19 
13 21 21 21 11 11 11 17 17 17 17 11 11 11 11 11 11 11 11 11 11 11 11 11 11 11 11 11 11 11 11 11 11 12 12 12 14 14 14 14 14 14 14 14 15 15 15 15 15 15 15 15 15 15 15 15 15 15 15 15 15 15 15 15 15  6  6  6  6 19 19 19 19 19 19 19 19 19 19 19 19 19 19 19 19 19 19 19 
13 21 21 21 21 21 17 17 17 17 17 17 17 17 17 17 17 17 17 11 11 11 11 12 11 11 11 11 11 11 11 12 12 12 12 12 14 14 14 14 12 12 12 12 15 15 15 15 15 15 15 15 15 15 15 15 15 15 15 15 15 15 15 15  6  6  6  6  6 19 19 19 19 19 19 19 19 19 19 19 19 19 19 19 19 19 19 19 
13 13 21 21 21 21 17 17 17 17 17 17 17 17 17 17 17 17 17 11 12 12 12 12 12 12 11 12 12 12 12 12 12 12 12 12 14 14 14 14 12 12 12 15 15 15 15 15 15 15 15 15 15 15 15 15 15 15 15 15 15 15 15 15  6  6  6  6 19 19 19 19 19 19 19 19 19 19 19 19 19 19 19 19 19 19 19 19 
13 13 13 21 21 21 17 17 17 17 17 21 21 21 17 17 17 17 17 17 12 12 12 12 12 12 12 12 12 12 12 12 12 12 12 12 14 12 12 12 12 12 12 15 15 15 15 15 15 15 15 15 15 15 15 15 15 15 15 15 15 15 15 15 15 15  6  6  6  6 19 19 19 19 19 19 19 19 19 19 19 19 19 19 19 19 19 19 
13 13 21 21 21 21 21 21 21 21 21 21 21 21 17 17 17 17 17 17 12 12 12 12 12 12 12 12 12 12 12 12 12 12 12 12 12 12 12 12 12 12 12 15 15 15 15 15 15 15 15 15 15 15 15 15 15 15 15 15 15 15 15 15 15  6  6  6  6  6  6 19 19 19 19 19 19 19 19 19 19 19 19 19 19 19 19 19 
13 13 13 13 21 21 21 21 21 21 21 21 21 17 17 17 17 17 17 17 12 12 17 12 12 12 12 12 12 12 12 12 12 12 12 12 12 12 12 12 12 12 12 12 15 15 15 15 15 15 15 15 15 15 15 15 15 15 15 15 15 15 15 15  6  6  6  6  6  6  6 19 19 19 19 19 19 19 19 19 19 19 19 19 19 19 19 19 
13 13 13 13 21 21 21 21 21 21 21 21 21 21 17 17 17 17 17 17 17 17 17 12 12 12 12 12 12 12 12 12 12 12 12 12 12 12 12 12 12 12 12 12 12 15 15 15 15 15 15 15 15 15 15 15 15 15 15 15 15 15 15  6  6  6  6  6  6  6  6  4  4 19 19 19 19 19 19 19 19 19 19 19 19 19 20 20 
13 13 13 13 13 21 21 21 21 21 21 21 21 21 21 17 17 17 17 17 17 17 17 17 12 12 12 12 12 12 12 12 12 12 12 12 12 12 12 12 12 12 12 12 12 15 15 15 15 15 15 15 15 15 15 15 15 15 15 15 15 15  6  6  6  6  6  6  6  6  6  6  4 19 19 19  4 19 19 19 19 19 19 19 19 20 20 20 
13 13 13 13 13 13 13 21 21 21 21 21 21 21 17 17 17 17 17 17 17 17 17 17 12 12 12 12 12 12 12 12 12 12 12 12 12 12 12 12 12 12 12 12 12 15 15 15 15 15 15 15 15 15 15 15 15 15 15  6 15  6  6  6  6  6  6  6  6  6  6  6  4  4 19 19  4 19 19 19 19 19 19 19 19 19 20 20 
13 13 13 13 13 13 13 13 13 21 21 21 21 21 17 17 17 17 17 17 17 17 12 12 12 12 12 12 12 12 12 12 12 12 12 12 12 12 12 12 12 12 12 12 12 12 15 15 15 15 15 15 15 15 15 15 15 15 15  6  6  6  6  6  6  6  6  6  6  6  6  6  6  4  4  4  4  4 19 19 19 19 19 20 20 20 20 20 
13 13 13 13 13 13 13 13 21 21 21 21 21 21 17 17 17 17 17 17 17 17 12 12 12 12 12 12 12 12 12 12 12 12 12 12 12 12 12 12 12 12 12 12 12 12 12 15 15 15 15 15 15 15 15 15 15  6  6  6  6  6  6  6  6  6  6  6  6  6  6  6  6  6  4  4  4  4  4 19 19 19 19 19 20 20 20 20 
13 13 13 13 13 13 13 13 21 21 21 21 21 21 17 17 17 17 17 17 17 17 12 12 12 12 12 12 12 12 12 12 12 12 12 12 12 12 12 12 12 12 12 12 12 12 12 12 15 15 15 15 15 15 15  6  6  6  6  6  6  6  6  6  6  6  6  6  6  6  6  6  6  4  4  4  4  4  4 19 19 19 19 20 20 20 20 20 
13 13 13 13 13 13 13 13 21 21 21 21 21 21 21 17 17 17 17 17 17 17 17 12 12 12 12 12 12 12 12 12 12 12 12 12 12 12 12 12 12 12 12 12 12 12 12 12 15 15 15 15 15 15  6  6  6  6  6  6  6  6  6  6  6  6  6  6  6  6  6  6  6  4  4  4  4  4  4 19 19 20 20 20 20 20 20 20 
13 13 13 13 13 13 13 13 21 21 21 21 21 21 21 17 17 17 17 17 17 17 17 17 12 12 12 17 17 17 12 12 12 12 12 12 12 12 12 12 12 12 12 12 12 12 12 12 12 12  6 15 15 15  6  6  6  6  6  6  6  6  6  6  6  6  6  6  6  6  6  6  4  4  4  4  4  4  4  4 20 20 20 20 20 20 20 20 
13 13 13 13 13 13 13 13 21 21 21 21 21 21 21 17 17 17 17 17 17 17 17 17 17 17 17 17 17 17 17 17 12 12 12 12 12 12 12 12 12 12 12 12 12 12 12 12 12 12  6  6  6  6  6  6  6  6  6  6  6  6  6  6  6  6  6  6  6  6  6  4  4  4  4  4  4  4  4 20 20 20 20 20 20 20 20 20 
13 13 13 13 13 13 13 13 21 21 21 21 21 21 21 17 17 17 17 17 17 17 17 17 17 17 17 17 17 17 17 17 17 12 12 12 12 12 12 12 12 12 12 12 12 12 12 12 12 12  6  6  6  6  6  6  6  6  6  6  6  6  6  6  6  6  6  6  6  6  6  4  4  4  4  4  4  4  4  4 20 20 20 20 20 20 20 20 
13 13 13 13 13 13 13 21 21 21 21 21 21 21 21 17 17 17 17 17 17 17 17 17 17 17 17 17 17 17 17 17 17 17 17 17 12 12 12 12 12 12 12 12 12 12 12 12 12 22 22 22 22 22  6  6  6  6  6  6  6  6  6  6  6  6  6  6  6  6  6  4  4  4  4  4  4  4  4  4 20 20 20 20 20 20 20 20 
13 13 13 13 13 13 13 21 21 21 21 21 21 21 21 17 17 17 17 17 17 17 17 17 17 17 17 17 17 17 17 17 17 17 17 17 12 12 12 12 12 12 12 12 12 12 12 12 12 22 22 22 22 22  6  6  6  6  6  6  6  6  6  6  6  6  6  6  6  6  6  4  4  4  4  4  4  4  4  4  4 20 20 20 20 20 20 20 
13 13 13 13 13 13 13 13 21 21 21 21 21 21 21 17 17 17 17 17 17 17 17 17 17 17 17 17 17 17 17 17 17 17 17 17 17 12 12 12 12 12 12 12 22 22 22 22 22 22 22 22 22 22 22  6  6  6  6  6  6  6  6  6  6  6  6  6  6  6  1  1  1  1  4  4  4  4  4  4  4 20 20 20 20 20 20 20 
13 13 13 13 13 13 13 13 13 13 21 21 21 21 21 17 17 17 17 17 17 17 17 17 17 17 17 17 17 17 17 17 17 17 17 17 17 12 12 12 12 12 12 12 22 22 22 22 22 22 22 22 22 22 22  6  6  6  6  6  6  6  6  6  6  6  6  6  1  1  1  1  1  1  4  4  4  4  4  4  4 20 20 20 20 20 20 20 
13 13 13 13 13 13 13 13 13 21 21 21 21 21 21 21 17 17 17 17 17 17 17 17 17 17 17 17 17 17 17 17 17 17 17 17 17 12 12 12 12 12 22 22 22 22 22 22 22 22 22 22 22 22 22 22  6  6  6  6  6  6  6  6  6  6  6  6  1  1  1  1  1  4  4  4  4  4  4  4  4 20 20 20 20 20 20 20 
13 13 13 13 13 13 13 13 13 21 21 21 21 21 21 21 21 21 17 17 21 21 21 21 17 17 17 17 17 17 17 17 17 17 17 17 17 17 17 12 12 12 12 22 22 22 22 22 22 22 22 22 22 22 22 22  6  6  6  6  6  6  6  6  6  6  6  6  1  1  1  1  1  4  4  4  4  4  4  4  4 20 20 20 20 20 20 20 
13 13 13 13 13 13 13 13 13 21 21 21 21 21 21 21 21 21 21 21 21 21 21 21 21 17 17 17 17 17 17 17 17 17 17 17 17 17 17 17 17 17 22 22 22 22 22 22 22 22 22 22 22 22 22 22 22 22  6  6  6  6  6  6  6  6  1  1  1  1  1  1  1  1  4  4  4  4  4  4  4 20 20 20 20 20 20 20 
13 13 13 13 13 13 13 13 13 21 21 21 21 21 21 21 21 21 21 21 21 21 21 21 21 17 17 17 17 17 17 17 17 17 17 17 17 17 17 17 17 22 22 22 22 22 22 22 22 22 22 22 22 22 22 22 22 22  6  6  6  6  6  6  6  6  1  1  1  1  1  1  1  4  4  4  4  4  4  4  4 20 20 20 20 20 20 20 
13 13 13 13 13 13 13 13 13 21 21 21 21 21 21 21 21 21 21 21 21 21 21 21 21 21 17 17 17 17 17 17 17 17 17 17 17 17 17 17 17  9  9  9 22 22 22 22 22 22 22 22 22 22 22 22 22 22  6  6  6  6  6  6  1  1  1  1  1  1  1  1  1  4  4  4  4  4  4  4  4 20 20 20 20 20 20 20 
13 13 13 13 13 13 13 13 13 13  8  8 21 21  8  8 21 21 21 21 21 21 21 21 21 17 17 17 17 17 17 17 17 17 17 17 17 17 17 17 17  9  9  9 22 22 22 22 22 22 22 22 22 22 22 22 22 22  6  6 22 22 22 22  1  1  1  1  1  1  1  1  1  4  4  4  4  4  4  4  4 20 20 20 20 20 20 20 
13 13 13 13 13 13 13 13 13 13 13  8  8  8  8  8  8  8 21 21 21 21 21 21 21 17 17 17 17 17 17 17 17 17 17 17 17 17 17 17 17  9  9  9  9  9 22 22 22 22 22 22 22 22 22 22 22 22 22 22 22 22  1  1  1  1  1  1  1  1  1  1  4  4  4  4  4  4  4 20 20 20 20 20 20 20 20 20 
13 13 13 13 13 13 13 13 13 13  8  8  8  8  8  8  8  8 21 21 21 21 21 21 21 17 17 17 17 17 17 17 17 17 17 17 17 17 17  9  9  9  9  9  9  9 22 22 22 22 22 22 22 22 22 22 22 22 22  1  1  1  1  1  1  1  1  1  1  1  1  1  4  4  4  4  4  4  4 20 20 20 20 20 20 20 20 20 
13 13 13 13 13 13 13 13 13 13  8  8  8  8  8  8  8  8 21 21 21 21 21 21 21 17 17 17 17 17 17 17 17 17 17 17 17 17  9  9  9  9  9  9  9  9 22 22 22 22 22  7 22 22 22 22 22 22 22 22 22  1  1  1  1  1  1  1  1  1  1  1  4  4  4  4  4  4  4 20 20 20 20 20 20 20 20 20 
13 13 13 13 13 13 13 13 13 13 13  8  8  8  8  8  8  8  8 21 21 21 21 21 21 17 17 17 21 21 21 17 17 17 17  9  9  9  9  9  9  9  9  9  9  9  9 22  7  7  7  7 22 22 22 22 22 22 22 22  1  1  1  1  1  1  1  1  1  1  1  1  4  4  4  4  4  4  4  4 20 20 20 20 20 20 20 20 
13 13 13 13 13 13 13 13 13 13 13 13 13  8  8  8  8  8 21 21 21 21 21 21 21 21 17 17 21 21 21 21 21 17  9  9  9  9  9  9  9  9  9  9  9  9  9  9  7  7  7  7  7 22  7 22 22 22 22  1  1  1  1  1  1  1  1  1  1  1  1  1  4  4  4  4  4  4  4  4  4 20 20 20 20 20 20 20 
13 13 13 13 13 13 13 13 13 13 13 13 13  8  8  8  8  8  8 21 21 21 21 21 21 21 21 21 21 21 21 21 21  9  9  9  9  9  9  9  9  9  9  9  9  9  9  9  7  7  7  7  7 22  7 22 22 22 22 22  1  1  1  1  1  1  1  1  1  1  1  4  4  4  4  4  4  4  4  4  4 20 20 20 20 20 20 20 
13 13 13 13 13 13 13 13 13 13 13 13 13 13  8  8  8  8  8  8  8 21 21 21 21 21 21  8  8  8 21 21 21  9  9  9  9  9  9  9  9  9  9  9  9  9  9  9  7  7  7  7  7  7  7 22 22 22 22 22  7  1  1  1  1  1  1  1  1  1  1  4  4  4  4  4  4  4  4  4  4 20 20 20 20 20 20 20 
13 13 13 13 13 13 13 13 13 13 13 13 13 13  8  8  8  8  8  8  8 21  8  8  8 21 21  8  8  8 21 21 21 21 21  9  9  9  9  9  9  9  9  9  9  9  9  7  7  7  7  7  7  7  7  7 22 22  7  7  7  7  1  1  1  1  1  1  1  1  1  4  4  4  4  4  4  4  4  4 20 20 20 20 20 20 20 20 
13 13 13 13 13 13 13 13 13 13 13 13 13 13  8  8  8  8  8  8  8 21  8  8  8  8  8  8  8  8  8  8 21 21 21 21 21  9  9  9  9  9  9  9  9  9  9  7  7  7  7  7  7  7  7  7  7  7  7  7  7  7  1  1  1  1  1  1  1  1  1  1  4  4  4  4  4  4  4  4 20 20 20 20 20 20 20 20 
13 13 13 13 13 13 13 13 13 13 13 13 13 13 13  8  8  8  8  8  8 21  8  8  8  8  8  8  8  8  8  8 21 21 21 21 21  9  9  9  9  9  9  9  9  9  7  7  7  7  7  7  7  7  7  7  7  7  7  7  7  1  1  1  1  1  1  1  1  1  1  1  1  4  4  4  4  4  4  4 20 20 20 20 20 20 20 20 
13 13 13 13 13 13 13 13 13 13 13 13 13 13  8  8  8  8  8  8  8  8  8  8  8  8  8  8  8  8  8  8 21 21 21 21 21  9  9  9  9  9  9  9  9  7  7  7  7  7  7  7  7  7  7  7  7  7  7  7  7  7  7  1  1  1  1  1  1  1  1  1  1  4  4  4  4  4  4  4  4  4 20 20 20 20 20 20 
13 13 13 13 13 13 13 13 13 13 13 13 13 13 13  8  8  8  8  8  8  8  8  8  8  8  8  8  8  8  8  8 21 21 21 21 21  9  9  9  9  9  9  9  9  7  7  7  7  7  7  7  7  7  7  7  7  7  7  7  7  7  7  1  1  1  1  1  1  1  1  1  1  1  4  4  4  4  4  4  4 20 20 20 20 20 20 20 
13 13 13 13 13 13 13 13 13 13 13 13 13 13  8  8  8  8  8  8  8  8  8  8  8  8  8  8  8  8  8  8  8 21 21 21 21 21 21  9 21 21  9 21 21  7  7  7  7  7  7  7  7  7  7  7  7  7  7  7  7  7  7  7  1  1  1  1  1  1  1  1  1  4  4  4  4  4  4  4  4 20 20 20 20 20 20 20 
13 13 13 13 13 13 13 13 13 13 13 13 13 13  8  8  8  8  8  8  8  8  8  8  8  8  8  8  8  8  8  8  8 21 21 21 21 21 21  9 21 21 21 21 21  7  7  7  7  7  7  7  7  7  7  7  7  7  7  7  7  7  7  7  1  1  1  1  1  1  1  1  4  4  4  4  4  4  4  4  4 20 20 20 20 20 20 20 
13 13 13 13 13 13 13 13 13 13 13 13 13  8  8  8  8  8  8  8  8  8  8  8  8  8  8  8  8  8  8 21 21 21 21 21 21 21 21 21 21 21 21 21 21  7  7  7  7  7  7  7  7  7  7  7  7  7  7  7  7  7  7  7  7  1  1  1  1  1  1  1  4  4  4  4  4  4  4  4  4 20 20 20 20 20 20 20 
13 13 13 13 13 13 13 13 13 13 13 13 13  8  8  8  8  8  8  8  8  8  8  8  8  8  8  8  8  8  8 21 21 21 21 21 21 21 21 21 21 21 21 21 21 21  7  7  7  7  7  7  7  7  7  7  7  7  7  7  7  7  7  7  7  1  1  1  1  1  1  1  1  1  4  4  4  4  4  4  4  4 20 20 20 20 20 20 
13 13 13 13 13 13 13 13 13 13 13 13 13  8  8  8  8  8  8  8  8  8  8  8  8  8  8  8  8  8  8 21 21 21 21 21 21 21 21 21 21 21 21 21 21 21  7  7  7  7  7  7  7  7  7  7  7  7  7  7  7  7  7  7  7  1  1  1  1  1  1  1  1  1  1  4  4  4  4  4  4  4 20 20 20 20 20 20 
13 13 13 13 13 13 13 13 13 13 13 13  8  8  8  8  8  8  8  8  8  8  8  8  8  8  8  8  8 21 21 21 21 21 21 21 21 21 21 21 21 21 21 21 21 21 21  7  7  7  7  7  7  7  7  7  7  7  7  7  7  7  7  7  7  7  7  1  1  1  1  1  1  1  1  4  4  4  4  4  4  4 20 20 20 20 20 20 
13 13 13 13 13 13 13 13 13 13 13 13  8  8  8  8  8  8  8  8  8  8  8  8  8  8  8 21 21 21 21 21 21 21 21 21 21 21 21 21 21 21 21 21 21 21 21  7  7  7  7  7  7  7  7  7  7  7  7  7  7  7  7  7  7  7  7  1  1  1  1  1  1  1  1  1  4  4  4  4  4 20 20 20 20 20 20 20 
