100 100
11 11 11 11 11 11 11 11 11 11 11 11 11 11 11 11 11 11 11 11 11 17 17 17 17 17 17 17 17 17 17 17 17 17 17 17 17 17 17 17 17 17 17 17 17 17 17 17 17 17 17 17 17 17 10 10 10 10 10 10 10 10 10 10 10 10 10 10 10 10 10 10 10 10 10 10 10 10 10 10 10 10 10 10 10 10 10 10 10 10 10 10 10 10 10 10 10 10 10 10 
11 11 11 11 11 11 11 11 11 11 11 11 11 11 11 11 11 11 11 11 17 17 17 17 17 17 17 17 17 17 17 17 17 17 17 17 17 17 17 17 17 17 17 17 17 17 17 17 17 17 17 17 17 17 17 17 10 10 10 10 10 10 10 10 10 10 10 10 10 10 10 10 10 10 10 10 10 10 10 10 10 10 10 10 10 10 10 10 10 10 10 10 10 10 10 10 10 10 10 10 
11 11 11 11 11 11 11 11 11 11 11 11 11 11 11 11 11 11 11 11 17 17 17 17 17 17 17 17 17 17 17 17 17 17 17 17 17 17 17 17 17 17 17 17 17 17 17 17 17 17 17 17 17 17 17 10 10 10 10 10 10 10 10 10 10 10 10 10 10 10 10 10 10 10 10 10 10 10 10 10 10 10 10 10 10 10 10 10 10 10 10 10 10 10 10 10 10 10 10 10 
11 11 11 11 11 11 11 11 11 11 11 11 11 11 11 11 11 11 11 11 17 17 17 17 17 17 17 17 17 17 17 17 17 17 17 17 17 17 17 17 17 17 17 17 17 17 17 17 17 17 17 17 17 17 10 10 10 10 10 10 10 10 10 10 10 10 10 10 10 10 10 10 10 10 10 10 10 10 10 10 10 10 10 10 10 10 10 10 10 10 10 10 10 10 10 10 10 10 10 10 
11 11 11 11 11 11 11 11 11 11 11 11 11 11 11 11 11 11 11 11  7  7  7 17 17 17 17 17 17 17 17 17 17 17 17 17 17 17 17 17 17 17 17 17 17 17 17 17 17 17 17 17 17 10 10 10 10 10 10 10 10 10 10 10 10 10 10 10 10 10 10 10 10 10 10 10 10 10 10 10 10 10 10 10 10 10 10 10 10 10 10 10 10 10 10 10 10 10 10 10 
11 11 11 11 11 11 11 11 11 11 11 11 11 11 11 11 11 11 11 11 11  7  7 17 17 17 17 17 17 17 17 17 17 17 17 17 17 17 17 17 17 17 17 17 17 17 17 17 17 17 17 17 10 10 10 10 10 10 10 10 10 10 10 10 10 10 10 10 10 10 10 10 10 10 10 10 10 10 10 10 10 10 10 10 10 10 10 10 10 10 10 10 10 10 10 10 10 10 10 10 
11 11 11 11 11 11 11 11 11 11 11 11 11 11 11 11 11 11 11  7  7  7  7 17 17 17 17 17 17 17 17 17 17 17 17 17 17 17 17 17 17 17 17 17 17 17 17 17 17 17 17 17 25 10 10 10 10 10 10 10 10 10 10 10 10 10 10 10 10 10 10 10 10 10 10 10 10 10 10 10 10 10 10 10 10 10 10 10 10 10 10 10 10 10 10 10 10 10 10 10 
11 11 11 11 11 11 11 11 11 11 11 11 11 11 11 11 11 11  7  7  7  7  7 17 17 17 17 17 17 17 17 17 17 17 17 17 17 17 17 17 17 17 17 17 17 17 17 17 17 17 17 17 25 25 10 10 10 10 10 10 10 10 10 10 10 10 10 10 10 10 10 10 10 10 10 10 10 10 10 10 10 10 10 10 10 10 10 10 10 10 10 10 10 10 10 10 10 10 10 10 
11 11 11 11 11 11 11 11 11 11 11 11 11 11 11 11 11 11  7  7  7  7  7 17 17 17 17 17 17 17 17 17 17 17 17 17 17 17 17 17 17 17 17 17 17 17 17 17 17 17 17 25 25 25 25 10 10 10 10 10 10 10 10 10 10 10 10 10 10 10 10 10 10 10 10 10 10 10 10 10 10 10 10 10 10 10 10 10 10 10 10 10 10 10 10 10 10 10 25 25 
11 11 11 11 11 11 11 11 11 11 11 11 11 11 11 11 11 11  7 11  7  7  7 17 17 17 17 17 17 17 17 17 17 17 17 17 17 17 17 17 17  1 17 17 17 17 17 25 25 25 25 25 25 25 25 25 10 10 10 10 10 10 10 10 10 10 10 10 10 10 10 10 10 10 10 10 10 10 10 10 10 10 10 10 10 10 10 10 10 10 10 10 10 10 10 10 10 25 25 25 
11 11 11 11 11 11 11 11 11 11 11 11 11 11 11 11 11 11 11 11  7  7  7 17 17 17 17 17 17 17 17 17 17 17 17 17 17 17 17 17  1  1  1  1 17 25 25 25 25 25 25 25 25 25 25 25 10 10 10 10 10 10 10 10 10 10 10 10 10 10 10 10 10 10 10 10 10 10 10 10 10 10 10 10 10 10 10 10 10 10 10 10 10 10 10 10 10 25 25 25 
11 11 11 11 11 11 11 11 11 11 11 11 11 11 11 11 11 11 11 11  7  9  9  1 17 17 17 17 17 17 17 17 17 17  1  1 17 17 17 17  1  1  1 17 17 25 25 25 25 25 25 25 25 25 25 25 25 10 10 10 10 10 10 10 10 10 10 10 10 10 10 10 10 10 10 10 10 10 10 10 10 10 10 10 10 10 10 10 10 10 10 10 10 10 25 10 10 25 25 25 
11 11 11 11 11 11 11 11 11 11 11 11 11 11 11 11 11 11 11 11  7  9  9  1 17  1 17 17 17 17 17 17 17 17  1  1 17 17  1  1  1  1  1  1  1 25  1 25 25 25 25 25 25 25 25 25 25 25 10 10 10 10 10 10 10 10 10 10 10 10 10 10 10 10 10 10 10 10 10 10 10 10 10 10 10 10 10 10 10 10 10 10 10 10 25 25 25 25 25 25 
11 11 11 11 11 11 11 11 11 11 11 11 11 11 11 11 11 11 11 11  7  9  9  1  1  1 17 17 17 17  1 17  1  1  1  1  1  1  1  1  1  1  1  1  1  1  1  1 25 25 25 25 25 25 25 25 25 25 25 10 10 10 10 10 10 10 10 10 10 10 10 10 25 25 25 25 10 10 10 10 10 10 10 10 10 10 10 10 10 10 10 10 10 10 25 25 25 25 25 22 
11 11 11 11 11 11 11 11 11 11 11 11 11 11 11 11 11  7  7  7  7  9  9  9  1  1  1  1  1  1  1  1  1  1  1  1  1  1  1  1  1  1  1  1  1  1  1  1  1 25 25 25 25 25 25 25 25 25 25 25 10 10 10 10 10 10 10 10 10 10 10 10 25 25 25 25 10 10 10 10 10 10 10 10 10 10 10 10 10 10 25 25 25 25 25 25 25 25 22 22 
11 11 11 11 11 11 11 11 11 11 11 11 11 11 11 11  7  7  7  7  7  7  9  9  1  1  1  1  1  1  1  1  1  1  1  1  1  1  1  1  1  1  1  1  1  1  1  1  1 25 25 25 25 25 25 25 25 25 25 25 25 10 25 10 10 10 10 25 25 25 10 10 25 25 25 25 25 10 25 10 10 10 10 10 10 10 10 10 10 10 25 25 25 25 25 25 25 22 22 22 
11 11 11 11 11 11 11 11 11 11 11  7  7  7  7  7  7  7  7  7  7  7  9  9  9  1  1  1  1  1  1  1  1  1  1  1  1  1  1  1  1  1  1  1  1  1  1  1  1 25 25 25 25 25 25 25 25 25 25 25 25 25 25 25 10 10 25 25 25 25 25 25 25 25 25 25 25 25 25 25 25 25 25 25 25 25 25 25 10 10 10 25 25 25 25 25 22 22 22 22 
11 11 11 11 11 11 11 11 11 11  7  7  7  7  7  7  7  7  7  7  7  7  7  9  9  9  1  1  1  1  1  1  1  1  1  1  1  1  1  1  1  1  1  1  1  1  1  1  1 25 25 25 25 25 25 25 25 25 25 25 25 25 25 25 10 25 25 25 25 25 25 25 25 25 25 25 25 25 25 25 25 25 25 25 25 25 25 25 25 25 25 25 25 25 25 25 25 22 22 22 
11 11 11 11 11 11 11 11 11  7  7  7  7  7  7  7  7  7  7  7  7  7 23  9  9  9  9  1  1  1  1  1  1  1  1  1  1  1  1  1  1  1  1  1  1  1  1  1  1  1 25 25 25 25 25 25 25 25 25 25 25 25 25 25 25 25 25 25 25 25 25 25 25 25 25 25 25 25 25 25 25 25 25 25 25 25 25 25 25 25 25 25 25 25 25 25 25 22 22 22 
11 11 11 11 11 11  7 11  7  7  7  7  7  7  7  7  7  7  7  7  7 23 23 23  9  9  9  1  1  1  1  1  1  1  1  1  1  1  1  1  1  1  1  1  1  1  1  1  1  1 25 25 25 25 25 25 25 25 25 25 25 25 25 25 25 25 25 25 25 25 25 25 25 25 25 25 25 25 25 25 25 25 25 25 25 25 25 25 25 25 25 25 25 25 25 25 25 22 22 22 
11 11 11 11 11 11  7  7  7  7  7  7  7  7  7  7  7  7  7  7  7  7 23 23  9  9  9  1  1  1  1  1  1  1  1  1  1  1  1  1  1  1  1  1  1  1  1  1 25 25 25 25 25 25 25 25 25 25 25 25 25 25 25 25 25 25 25 25 25 25 25 25 25 25 25 25 25 25 25 25 25 25 25 25 25 25 25 25 25 25 25 25 25 25 25 25 25 22 22 22 
23 23 11 11 11 11  7  7  7  7  7  7  7  7  7  7  7  7  7  7  7  7 23 23 23  9  9  9  9  1  1  1  1  1  1  1  1  1  1  1  1  1  1  1  1  1  1  1  1 25 25 25 25 25 25 25 25 25 25 25 25 25 25 25 25 25 25 25 25 25 25 25 25 25 25 25 25 25 25 25 25 25 25 25 25 25 25 25 25 25 25 25 25 25 25 25 22 22 22 22 
23 23 23 11  7  7  7  7  7  7  7  7  7  7  7  7  7  7  7  7  7  7 23 23 23 23  9  9  9  9  1  1  1  1  1  1  1  1  1  1  1  1  1  1  1  1  1  1  1 25 25 25 25 25 25 25 25 25 25 25 25 25 25 25 25 25 25 25 25 25 25 25 25 25 25 25 25 25 25 25 25 25 25 25 25 25 25 25 25 25 25 25 25 25 25 22 22 22 22 22 
23 23 23 23 23  7  7  7  7  7  7  7  7  7  7  7  7  7  7  7  7 23 23 23 23  9  9  9  9  9  1  1  1  1  1  1  1  1  1  1  1  1  1  1  1  1  1  1  1 25 25 25 25 25 25 25 25 25 22 22 25 25 25 25 25 25 25 25 25 25 25 25 25 25 25 25 25 25 25 25 25 25 25 25 25 25 25 25 25 25 25 25 25 25 25 22 22 22 22 22 
23 23 23  7  7  7  7  7  7  7  7  7  7  7  7  7  7  7  7  7  7  7 23 23 23  9  9  9  9  9  9  1  1  1  1  1  1  1  1  1  1  1  1  1  1  1  1  1  1 25 25 25 25 25 25 25 25 22 22 22 25 25 22 25 22 25 25 25 25 25 25 25 25 25 25 25 25 25 25 25 25 25 25 25 25 25 25 25 25 25 25 25 25 25 22 22 22 22 22 22 
23 23 23 23  7  7  7  7  7  7  7  7  7  7  7  7  7  7  7  7  7 23 23 23 23  9  9  9  9  9  9  9  9  1  1  1  1  1  1  1  1  1  1  1  1  1  1  1  1 22 25 22 22 22 22 22 22 22 22 22 22 22 22 22 22 22 25 25 25 25 25 25 25 25 25 25 25 25 25 25 25 25 25 25 25 25 25 25 22 22 22 22 22 22 22 22 22 22 22 22 
23 23 23 23  7  7  7  7  7  7  7  7  7  7  7  7  7  7  7  7  7  7 23 23 23  9  9  9  9  9  9  9  9  9  1  1  1  1  1  1  1  1  1  1  1  1  1  1  1 22 22 22 22 22 22 22 22 22 22 22 22 22 22 22 22 22 22 25 25 25 25 25 25 25 25 25 25 25 25 25 25 25 25 25 25 22 22 25 22 22 22 22 22 22 22 22 22 22 22 22 
23 23 23 23 23  7  7  7  7  7  7  7  7  7  7  7  7  7  7  7  7  7  7 23 23 23 23 23  9  9  9  9  9  9  9  1  1  1  1  1  9  9  1  1  1  1  1 22 22 22 22 22 22 22 22 22 22 22 22 22 22 22 22 22 22 22 22 22 25 25 22 25 25 25 25 25 25 25 25 25 25 25 25 25 22 22 22 22 22 22 22 22 22 22 22 22 22 22 22 22 
23 23 23 23 23 23  7  7  7  7  7  7  7  7  7  7  7  7  7  7  7  7  7 23 23 23 23 23  9  9  9  9  9  9  9  9  9  9  9  9  9  9  1  1  1  1 22 22 22 22 22 22 22 22 22 22 22 22 22 22 22 22 22 22 22 22 22 22 22 22 22 25 25 25 25 25 25 25 25 25 25 25 22 22 22 22 22 22 22 22 22 22 22 22 22 22 22 22 22 22 
23 23 23 23 23 23  7  7  7  7  7  7  7  7  7  7  7  7  7  7  7  7  7  7 23 23 23  9  9  9  9  9  9  9  9  9  9  9  9  9  9  9  9  1 22 22 22 22 22 22 22 22 22 22 22 22 22 22 22 22 22 22 22 22 22 22 22 22 22 22 25 25 25 25 25 25 25 25 25 25 25 22 22 22 22 22 22 22 22 22 22 22 22 22 22 22 22 22 22 22 
23 23 23 23 23 23 23  7  7  7  7  7  7  7  7  7  7  7  7  7  7  7  7  7 23 23 23  9  9  9  9  9  9  9  9  9  9  9  9  9  9  9  9 22 22 22 22 22 22 22 22 22 22 22 22 22 22 22 22 22 22 22 22 22 22 22 22 22 22 22 22 22 22 25 25 25 25 22 22 25 25 22 22 22 22 22 22 22 22 22 22 22 22 22 22 22 22 22 22 22 
23 23 23 23 23 23 23  7  7  7  7  7  7  7  7  7  7  7  7  7  7  7  7  7  7 23 23  9  9  9  9  9  9  9  9  9  9  9  9  9  9  9  9 22 22 22 22 22 22 22 22 22 22 22 22 22 22 22 22 22 22 22 22 22 22 22 22 22 22 22 22 22 22 22 22 22 22 22 22 22 22 22 22 22 22 22 22 22 22 22 22 22 22 22  4 22 22 22 22 22 
23 23 23 23 23 23  7  7  7  7  7  7  7  7  7  7  7  7  7  7  7  7 23 23 23 23 23  9  9  9  9  9  9  9  9  9  9  9  9  9  9  9  9 22 22 22 22 22 22 22 22 22 22 22 22 22 22 22 22 22 22 22 22 22 22 22 22 22 22 22 22 22 22 22 22 22 22 22 22 22 22 22 22 22 22 22 22 22 22 22 22 22  4 22  4  4  4 22  4  4 
23 23 23 23 23 23 23  7  7  7  7  7  7  7  7  7  7  7  7  7  7 23 23 23 23 23 23 23  9  9  9  9  9  9  9  9  9  9  9  9  9  9  9 22  9 22 22 22 22 22 22 22 22 22 22 22 22 22 22 22 22 22 22 22 22 22 22 22 22 22 22 22 22 22 22 22 22 22  4 22 22 22 22 22 22 22 22 22 22 22 22 22  4  4  4  4  4  4  4  4 
23 23 23 23 23 23 23  7  7  7  7 23  7  7  7  7  7  7  7  7 23 23 23 23  9 23 23 23  9  9  9  9  9  9  9  9  9  9  9  9  9  9  9  9  9 22 22 22 22 22 22 22 22 22 22 22 22 22 22 22 22 22 22 22 22 22 22 22 22 22 22 22 22 22 22  4  4  4  4  4  4 22 22 22 22 22 22 22 22 22 22 22  4  4  4  4  4  4  4  4 
23 23 23 23 23 23 23  7  7  7 23 23 23 23 23 23 23  7  7  7 23 23 23 23  9  9  9  9  9  9  9  9  9  9  9  9  9  9  9  9  9  9  9  9  9 22 22 22 22 22 22 22 22 22 22 22 22 22 22 22 22 22 22 22 22 22 22 22 22 22 22 22 22 22  4  4  4  4  4  4  4  4  4 22 22  4  4  4  4  4  4  4  4  4  4  4  4  4  4  4 
23 23 23 23 23 23 23  7  7 23 23 23 23 23 23 23 23  7  7 23 23 23 23  9  9  9  9  9  9  9  9  9  9  9  9  9  9  9  9  9  9  9  9  9  9  9 22 22 22 22 22 22 22 22 22 22 22 22 22 22 22 22 22 22 22 22 22 22 22 22 22 22  4  4  4  4  4  4  4  4  4  4  4  4  4  4  4  4  4  4  4  4  4  4  4  4  4  4  4  4 
23 23 23 23 23 23 23 23 23 23 23 23 23 23 23 23 23 23 23 23 23 23 23 23  9  9  9  9  9  9  9  9  9  9  9  9  9  9  9  9  9  9  9  9  9  9 22 22 22 22 22 22 22 22 22 22 22 22 22 22 22 22 22 22 22 22 22 22 22 22 22  4  4  4  4  4  4  4  4  4  4  4  4  4  4  4  4  4  4  4  4  4  4  4  4  4  4  4  4  4 
23 23 23 23 23 23 23 23 23 23 23 23 23 23 23 23 23 23 23 23 23 23 23 23  9  9  9 21  9  9  9  9  9  9  9  9  9  9  9  9  9  9  9  9  9  9  9  9 22 22 22 22 22 22 22 22 22 22 22 22 22 22 22 22 22 22 22 22 22 22 22  4  4  4  4  4  4  4  4  4  4  4  4  4  4  4  4  4  4  4  4  4  4  4  4  4  4  4  4  4 
23 23 23 23 23 23 23 23 23 23 23 23 23 23 23 23 23 23 23 23 23 21 21 21 21 21 21 21 21  9  9  9  9  9  9  9  9  9  9  9  9  9  9  9  9  9  9  9 22 22 22 22 22 22 22 22 22 22 22 22 22 22 22 22 22 22 22 22 22 22 22  4  4  4  4  4  4  4  4  4  4  4  4  4  4  4  4  4  4  4  4  4 14  4  4  4  4  4  4  4 
23 23 23 23 23 23 23 23 23 23 13 13 23 23 13 23 23 23 23 23 23 21 21 21 21 21 21 21 21  9  9  9  9 21  9  9  9  9  9  9  9  9  9  9  9  9  9  9 22 22  4 22 22 22 22 22 22 22  4  4  4  4 22 22 22 22 22 22  4 22  4  4  4  4  4 14  4  4  4  4 14 14  4 14 14 14  4  4  4  4  4 14 14 14  4  4  4  4  4  4 
23 23 23 23 23 23 23 13 23 23 13 13 13 13 13 13 23 23 23 23 23 21 21 21 21 21 21 21 21  9  9  9 21 21 21 21 21  9  9  9  9  9  9  9  9  4  4  4  4  4  4  4 22  4  4  4  4  4  4  4  4  4  4 22 22 22 22  4  4  4  4  4  4  4 14 14 14  4 14 14 14 14 14 14 14 14 14  4 14  4 14 14 14 14  4  4  4  4  4  4 
23 23 23 23 23 23 23 13 13 13 13 13 13 13 13 13 13 23 23 23 23 21 21 21 21 21 21 21 21  9  9  9 21 21 21 21 21 21 21  9  4  9  9  9  4  4  4  4  4  4  4  4  4  4  4  4  4  4  4  4  4  4  4  4  4  4  4  4  4  4  4  4  4 14 14 14 14 14 14 14 14 14 14 14 14 14 14 14 14 14 14 14 14 14 14 14  4  4  4  4 
23 23 23 23 23 23 13 13 13 13 13 13 13 13 13 13 13 13 23 13 21 21 21 21 21 21 21 21 21  9  9 21 21 21 21 21 21 21  4  4  4  4  4  4  4  4  4  4  4  4  4  4  4  4  4  4  4  4  4  4  4  4  4  4  4  4  4  4  4  4  4  4  4 14 14 14 14 14 14 14 14 14 14 14 14 14 14 14 14 14 14 14 14 14 14 14 14 14 14 14 
23 23 23 23 23 13 13 13 13 13 13 13 13 13 13 13 13 13 13 13 21 21 21 21 21 21 21 21 21 21 21 21 21 21 21 21 21 21  4  4  4  4  4  4  4  4  4  4  4  4  4  4  4  4  4  4  4  4  4  4  4  4  4  4  4  4  4  4  4 14 14  4  4 14 14 14 14 14 14 14 14 14 14 14 14 14 14 14 14 14 14 14 14 14 14 14 14 14 14 14 
23 23 23 23 13 13 13 13 13 13 13 13 13 13 13 13 13 13 13 13 21 21 21 21 21 21 21 21 21 21 21 21 21 21 21 21 21 21  4  4  4  4  4  4  4  4  4  4  4  4  4  4  4  4  4  4  4  4  4  4  4  4  4  4  4  4  4  4  4 14 14 14 14 14 14 14 14 14 14 14 14 14 14 14 14 14 14 14 14 14 14 14 14 14 14 14 14 14 14 14 
23 23 23 23 13 13 13 13 13 13 13 13 13 13 13 13 13 13 13 13 13 21 21 21 21 21 21 21 21 21 21 21 21 21 21 21 21 21  4  4  4  4  4  4  4  4  4  4  4  4  4  4  4  4  4  4  4  4  4  4  4  4  4  4  4  4  4  4  4 14 14 14 14 14 14 14 14 14 14 14 14 14 14 14 14 14 14 14 16 16 14 14 14 14 14 14 14 14 14 14 
23 23 23 23 23 13 13 13 13 13 13 13 13 13 13 13 13 13 13 13 21 21 21 21 21 21 21 21 21 21 21 21 21 21 21 21 21 21  4  4  4  4  4  4  4  4  4  4  4  4  4  4  4  4  4  4  4  4  4  4  4  4  4  4  4  4  4  4  4 14 14 14 14 14 14 14 14 14 14 14 14 14 14 14 16 16 16 16 16 16 16 16 14 14 14 14 14 14 14 14 
23 23 23 23 13 13 13 13 13 13 13 13 13 13 13 13 13 13 13 13 21 21 21 21 21 21 21 21 21 21 21 21 21 21 21 21 21 21  4  4  4  4  4  4  4  4  4  4  4  4  4  4  4  4  4  4  4  4 15 15  4  4  4  4  4  4  4  4  4 14 14 14 14 14 14 14 14 14 16 16 14 14 14 14 16 16 16 16 16 16 16 16 14 14 14 14 14 14 14 14 
13 13 13 13 13 13 13 13 13 13 13 13 13 13 13 13 13 13 13 13 21 21 21 21 21 21 21 21 21 21 21 21 21 21 21 21 21 21  4  4  4  4  4  4  4  4  4  4  4  4  4  4  4  4  4  4  4  4 15 15 15 15  4 15 15  4  4 14 14 14 14 14 14 14 16 16 14 14 16 16 14 16 16 16 16 16 16 16 16 16 16 14 14 14 14 14 16 14 14 14 
13 13 13 13 13 13 13 13 13 13 13 13 13 13 13 13 13 13 21 21 21 21 21 21 21 21 21 21 21 21 21 21 21 21 21 21 21  4  4  4  4  4  4  4  4  4  4  4  4  4  4  4  4  4  4  4  4  4 15 15 15 15 15 15 15 14 14 14 14 14 14 14 14 14 16 16 16 16 16 16 16 16 16 16 16 16 16 16 16 16 16 16 14 14 14 16 16 16 14 14 
13 13 13 13 13 13 13 13 13 13 13 13 13 13 13 13 13 13 13 21 21 21 21 21 21 21 21 21 21 21 21 21 21 21 21 21  4  4  4  4  4  4  4  4  4  4  4  4  4  4  4  4 15 15 15 15 15 15 15 15 15 15 15 15 15 14 14 14 14 14 14 14 16 16 16 16 16 16 16 16 16 16 16 16 16 16 16 16 16 16 16 16 14 16 14 16 16 16 16 16 
13 13 13 13 13 13 13 13 13 13 13 13 13 13 13 13 13 13 21 21 21 21 21 21 21 21 21 21 21 21 21 21 21 21 21 21  4  4  4  4  4  4  4  4  4  4  4  4  4  4  4  4 15 15 15 15 15 15 15 15 15 15 15 15 15 15 14 14 14 14 14 14 16 16 16 16 16 16 16 16 16 16 16 16 16 16 16 16 16 16 16 16 16 16 16 16 16 16  5  5 
13 13 13 13 13 13 13 13 13 13 13 13 13 13 13 13 13  6 21 21 21 21 21 21 21 21 21 21 21 21 21 21 21 21 21  4  4  4  4  4  4  4  4  4  4  4  4  4  4  4 15 15 15 15 15 15 15 15 15 15 15 15 15 15 15 15 14 14 14 14 14 14 14 16 16 16 16 16 16 16 16 16 16 16 16 16 16 16 16 16 16 16 16 16 16 16 16  5  5  5 
13 13 13 13 13 13 13 13 13 13 13 13 13 13 13  3 13  6  6  6 21 21 21 21 21 21 21 21 21 21 21 21 21 21 21  4  4  4  4  4  4  4  4  4  4  4  4  4  4  4 15 15 15 15 15 15 15 15 15 15 15 15 15 15 14 14 14 14 14 14 14 14 14 14 16 16 16 16 16 16 16 16 16 16 16 16 16 16 16 16 16 16 16 16 16 16  5  5  5  5 
13 13 13 13 13 13 13 13 13 13 13 13 13 13 13  3  3  3  6  6  6 21  6  6 21 21 21 21 21 21 21 21 21  4  4  4  4  4  4  4  4  4  4  4  4 15 15 15 15 15 15 15 15 15 15 15 15 15 15 15 15 15 15 15 14 14 14 14 14 16 16 16 16 14 16 16 16 16 16 16 16 16 16 16 16 16 16 16 16 16 16 16 16 16 16  5  5  5  5  5 
13 13 13 13 13 13 13 13 13 13 13 13 13 13 13  3  3  3  3  6  6  6  6  6 21 21 21 21 21 21 21  4  4  4  4  4  4  4  4  4  6  6  4 15 15 15 15 15 15 15 15 15 15 15 15 15 15 15 15 15 15 15 15 15 14 14 14 14 16 16 16 16 16 16 16 16 16 16 16 16 16 16 16 16 16 16 16 16 16 16 16 16 16 16 16 16  5  5  5  5 
13 13 13 13 13 13 13 13 13 13 13 13 13 13  3  3  3  3  3  3  6  6  6  6  6 21 21 21 21 21 21  4  4  4  4  4  6  6  6  6  6  6  4 15 15 15 15 15 15 15 15 15 15 15 15 15 15 15 15 15 15 15 15 15 15 14 14 14 14 16 16 16 16 16 16 16 16 16 16 16 16 16 16 16 16 16 16 16 16 16 16 16 16 16 16 16  5  5  5  5 
 2 13 13 13 13 13 13 13 13 13 13 13 13 13  3  3  3  3  3  3  6  6  6  6  6  6  6 21 21 21 21  4  6  4  6  6  6  6  6  6  6 15 15 15 15 15 15 15 15 15 15 15 15 15 15 15 15 15 15 15 15 15 14 14 15 14 16 16 16 16 16 16 16 16 16 16 16 16 16 16 16 16 16 16 16 16 16 16 16 16 16 16 16 16 16 16  5  5  5  5 
 2  2  2  2 13 13 13 13 13 13 13 13 12 12  3  3  3  3  3  3  6  6  6  6  6  6  6 21  6  6  6  6  6  6  6  6  6  6  6  6  6 15 15 15 15 15 15 15 15 15 15 15 15 15 15 15 15 15 15 15 14 15 15 14 14 14 14 16 16 16 16 16 16 16 16 16 16 16 16 16 16 16 16 16 16 16 16 16 16 16 16 16 16 16 16 16  5  5  5  5 
 2  2  2  2  2  2  2 12 12 12 13 13 12 12  3  3  3  3  3  6  6  6  6  6  6  6  6  6  6  6  6  6  6  6  6  6  6  6  6  6  6 15 15 15 15 15 15 15 15 15 15 15 15 15 15 15 15 15 15 15 14 14 14 14 14 14 16 16 16 16 16 16 16 16 16 16 16 16 16 16 16 16 16 16 16 16 16 16 16 16 16 16 16 16 16 16 16  5  5  5 
 2  2  2  2  2  2  2 12 12 12 12 12 12 12 12  3  3  3  3  6  6  6  6  6  6  6  6  6  6  6  6  6  6  6  6  6  6  6  6  6  6  6 15 15 15 15 15 15 15 15 15 15 15 15 15 15 15 15 15 15 15 14 14 14 14 14 16 16 16 16 16 16 16 16 16 16 16 16 16 16 16 16 16 16 16 16 16 16 16 16 16 16 16 16 16 16 16 16  5  5 
 2  2  2  2  2  2  2  2 12 12 12 12 12 12 12 12  3  3  6  6  6  6  6  6  6  6  6  6  6  6  6  6  6  6  6  6  6  6  6  6  6  6  6  6 15 15 15 15 15 15 15 15 15 15 15 15 15 15 15 15 15 14 14 14 14 14 16 16 16 16 16 16 16 16 16 16 16 16 16 16 16 16 16 16 16 16 16 16 16 16 16 16 16 16 16 16 16 16  5  5 
 2  2  2  2  2  2  2  2 12 12 12 12 12 12 12  3  3  3  6  6  6  6  6  6  6  6  6  6  6  6  6  6  6  6  6  6  6  6  6  6  6  6  6  6 15 15 15 15 15 15 15 15 15 15 15 15 15 15 15 15 14 14 14 14 14 14 16 16 16 16 16 16 16 16 16 16 16 16 16 16 16 16 16 16 16 16 16 16 16 16 16 16 16 16 16 16 16 16  5  5 
 2  2  2  2  2  2  2  2  2  2 12 12 12 12 12  3  3  3  6  6  6  6  6  6  6  6  6  6  6  6  6  6  6  6  6  6  6  6  6  6  6  6  6 15 15 15 15 15 15 15 15 15 15 15 15 15 15 15 15 14 14 14 14 14 14 14 14 16 16 16 16 16 16 16 16 16 16 16 16 16 16 16 16 16 16 16 16 16 16 16 16 16 16 16 16 16 16 16  5  5 
 2  2  2  2  2  2  2  2  2  2 12 12 12 12 12 12  3  3  3  3  6  6  6  3  6  6  6  6  6  6  6  6  6  6  6  6  6  6  6  6  6  6 15 15 15 15 15 15 15 15 15 15 15 15 15 15 15 15 15 14 14 14 14 14 14 14 14 14 14 16 16 16 16 16 16 16 16 16 16 16 16 16 16 16 16 16 16 16 16 16 16 16 16 16 16 16 16 16 16  5 
 2  2  2  2  2  2  2  2  2  2  2  2 12 12 12 12 12 12  3  3  3  6  6  3  3  6  6  6  6  6  6  6  6  6  6  6  6  6  6  6  6  6 18 18 15 15 15 15 15 15 15 15 15 15 15 15 15 15 14 14 14 14 14 14 14 14 14 14 14 14 14 14 14 16 16 16 16 16 16 16 16 16 16 16 16 16 16 16 16 16 16 16 16 16 16 16 16 16  5  5 
 2  2  2  2  2  2  2  2  2  2  2 12 12 12 12 12 12 12  3  3  3  3  3  3  3  6  6  6  6  6  6  6  6  6  6  6  6  6  6 18 18 18 18 18 15 15 15 15 15 15 15 15 15 15 15 15 14 14 14 14 14 14 14 14 14 14 14 14 14 14 14 14 14 16 16 16 16 16 16 16 16 16 16 16 16 16 16 16 16 16 16 16 16 16 16 16 16 16  5  5 
 2  2  2  2  2  2  2  2  2  2  2 12 12 12 12 12 12 12 12  3  3  3  3  3  3  6  6  6  6  6  6  6  6  6  6  6  6  6  6 18 18 18 18 18 15 15 15 15 15 15 15 15 15 15 15 14 14 14 14 14 14 14 14 14 14 14 14 14 14 14 14 14 14 14 16 16 16 16 16 16 16 16 16 16 16 16 16 16 16 16 16 16 16 16 16 16 16 16  5  5 
 2  2  2  2  2  2  2  2 12  2  2 12 12 12 12 12 12 12 12 12 12  3  3  3  3  6  6  6  6  6  6  6  6  6  6  6  6  6  6 18 18 18 18 18 15 15 15 15 15 15 15 15 15 15 15 14 14 14 14 14 14 14 14 14 14 14 14 14 14 14 14 14 14 14 14 14 16 16 16 16 16 16 16 16 16 16 16 16 16 16 16 16 16 16 16 16  5  5  5  5 
 2  2  2  2  2  2  2  2 12 12 12 12 12 12 12 12 12 12 12 12 12  3  3  3  3  3  3  6  6  6  6  6  6  6 18 18 18 18 18 18 18 18 18 18 18 18 15 15 15 15 15 15 15 15 14 14 14 14 14 14 14 14 14 14 14 14 14 14 14 14 14 14 14  5  5 14  5  5 16 16 16 16  5  5 16 16 16  5  5  5  5  5  5  5  5  5  5  5  5  5 
 2  2  2  2  2  2  2  2 12 12 12 12 12 12 12 12 12 12 12 12 12 12  3  3  3  3  3  3  6  3  6  6  6 18 18 18 18 18 18 18 18 18 18 18 18 18 18 18 15 15 15 15 15 14 14 14 14 14 14 14 14 14 14 14 14 14 14 14 14 14 14 14 14 14  5  5  5  5  5  5  5  5  5  5 16  5  5  5  5  5  5  5  5  5  5  5  5  5  5  5 
 2  2  2  2  2  2  2 12 12 12 12 12 12 12 12 12 12 12 12 12 12 12 12 12 12  3  3  3  3  3  6  6  6 18 18 18 18 18 18 18 18 18 18 18 18 18 18 18 18 18 18 18 15 15 14 14 14 14 14 14 14 14 14 14 14 14 14 14 14 14  5 14  5  5  5  5  5  5  5  5  5  5  5  5  5  5  5  5  5  5  5  5  5  5  5  5  5  5  5  5 
 2  2  2  2  2  2  2  2 12 12 12 12 12 12 12 12 12 12 12 12 12 12 12 12 12  3  3  3  3  3  6  3  3  3  3  3 18 18 18 18 18 18 18 18 18 18 18 18 18 18 18 18 18 14 14 14 14 14 14 14 14 14 14 14 14 14 14 14 14 14  5  5  5  5  5  5  5  5  5  5  5  5  5  5  5  5  5  5  5  5  5  5  5  5  5  5  5  5  5  5 
 2  2  2  2  2  2  2 12 12 12 12 12 12 12 12 12 12 12 12 12 12 12 12 12  3  3  3  3  3  3  3  3  3  3  3  3 18 18 18 18 18 18 18 18 18 18 18 18 18 18 18 18 18 14 14 14 14 14 14 14 14 14 14 14 14 14 14 14 14 14  5  5  5  5  5  5  5  5  5  5  5  5  5  5  5  5  5  5  5  5  5  5  5  5  5  5  5  5  5  5 
 2  2  2  2  2  2  2  2 12 12 12 12 12 12 12 12 12 12 12 12 12 12 12 12  3  3  3  3  3  3  3  3  3  3  3  3 18 18 18 18 18 18 18 18 18 18 18 18 18 18 18 18 18 14 14 14 14 14 14 14 14 14 14 14 14 14 14 14 14 14  5  5  5  5  5  5  5  5  5  5  5  5  5  5  5  5  5  5  5  5  5  5  5  5  5  5  5  5  5  5 
 2  2  2  2  2  2  2  2 12 12 12 12 12 12 12 12 12 12 12 12 12 12 12 12 12 12  3  3  3  3  3  3  3  3  3  3 18 18 18 18 18 18 18 18 18 18 18 18 18 18 18 18 18 14 14 14 14 14 14 14 14 14 14 14 14 14 14 14 14  5  5  5  5  5  5  5  5  5  5  5  5  5  5  5  5  5  5  5  5  5  5  5  5  5  5  5  5  5  5  5 
 2  2  2  2  2  2  2  2  2 12 12 12 12 12 12 12 12 12 12 12 12 12 12 12 12  3  3  3  3  3  3  3  3  3  3 18 18 18 18 18 18 18 18 18 18 18 18 18 18 18 18 18 18 14 14 18 14 14 14 14 14 14 14 14 14 14 14  5  5  5  5  5  5  5  5  5  5  5  5  5  5  5  5  5  5  5  5  5  5  5  5  5  5  5  5  5  5  5  5  5 
 2  2  2  2  2  2  2 12 12 12 12 12 12 12 12 12 12 12 12 12 12 12 12 12  3  3  3  3  3  3  3  3  3  3 24 24 24 24 18 18 18 18 18 18 18 18 18 18 18 18 18 18 18 18 18 18 14 14 14 14 14 14 14 14 14 14 14 14  5  5  5  5  5  5  5  5  5  5  5  5  5  5  5  5  5  5  5  5  5  5  5  5  5  5  5  5  5  5  5  5 
 2  2  2  2  2  2  2 12 12 12 12 12 12 12 12 12 12 12 12 12 12  3  3  3  3  3  3  3  3  3  3  3  3  3 24 24 24 24 18 18 18 18 18 18 18 18 18 18 18 18 18 18 18 18 18 18 14 14 14 14 14 14 14 14 14  5  5  5  5  5  5  5  5  5  5  5  5  5  5  5  5  5  5  5  5  5  5  5  5  5  5  5  5  5  5  5  5  5  5  5 
 2  2  2  2  2  2 12 12 12 12 12 12 12 12 12 12 12 12 12 12 12  3  3  3  3  3  3  3  3  3  3  3  3  3 24 24 24 24 24 24 24 24 24 18 18 18 18 18 18 18 18 18 18 18 18 18 18 14 14 14 14 14 14 14 14  5  5  5  5  5  5  5  5  5  5  5  5  5  5  5  5  5  5  5  5  5  5  5  5  5  5  5  5  5  5  5  5 24 24 24 
 2  2  2  2  2  2 12 12 12 12 12 12 12 12 12 12 12 12  8 12  3  3  3  3  3  3  3  3  3  3  3  3  3  3 24 24 24 24 24 24 24 24 24 24 18 24 18 18 18 18 18 18 18 18 18 18 18 14 14 14 14 14 18  5  5  5  5  5  5  5  5  5  5  5  5  5  5  5  5  5  5  5  5  5  5  5  5  5  5  5  5  5  5  5  5  5  5 24 24 24 
 2  2  2  2  2  2  2  2  2  2 12 12 12 12 12 12 12 12  8  8  3  3  3  3  3  3  3  3  3  3  3  3  3 24 24 24 24 24 24 24 24 24 24 24 24 24 24 24 24 24 18 18 18 18 18 18 18 14 14 18 14 14 18  5  5  5  5  5  5  5  5  5  5  5  5  5  5  5  5  5  5  5  5  5  5  5  5  5  5  5  5  5  5  5  5  5  5  5 24 24 
 2  2  2  2  2  2  2  2  2  2  2 12 12 12 12 12 12  8  8  8  3  3  3  3  3  3  3  3  3  3  3  3  3  3 24 24 24 24 24 24 24 24 24 24 24 24 24 24 24 24 24 18 18 18 18 18 18 18 18 18 18 18 18 18 18  5  5  5  5  5  5  5  5  5  5  5  5  5  5  5  5  5  5  5  5  5  5  5  5  5  5  5  5  5  5 24  5 24 24 24 
 2  2  2  2  2  2  2  2  2  2  2 12 12 12 12 12 12  8  8  8  8  3  3  3  3  3  3  3  3  3  3  3  3  3 24 24 24 24 24 24 24 24 24 24 24 24 24 24 24 24 24 24 24 18 18 18 18 18 18 18 18 18 18 18 18 18 18  5  5  5  5  5  5  5  5  5  5  5  5  5  5  5  5  5  5  5  5  5  5  5  5  5  5  5  5 24 24 24 24 24 
 2  2  2  2  2  2  2  2  2  2  2  2 12 12 12 12  8  8  8  8  8  8  3  3  3  3  3  3  3  3  3  3  3 24 24 24 24 24 24 24 24 24 24 24 24 24 24 24 24 24 24 24 24 24 24 18 18 18 18 18 18 18 18 18 18 18 18 18  5  5  5  5  5  5  5  5  5  5  5  5  5  5  5  5  5  5  5  5  5  5  5  5  5  5 24 24 24 24 24 24 
 2 19  2  2  2  2  2  2  2  2  2  2  2  8  8 12  8  8  8  8  8  8  3  3  3  3  3  3  3  3  3  3  3 24 24 24 24 24 24 24 24 24 24 24 24 24 24 24 24 24 24 24 24 24 24 18 18 24 24 18 18 18 18 18 18 18 18 18  5  5 18 18 18  5  5  5  5  5  5  5  5  5 18 18 18  5  5  5  5  5  5  5  5  5 24 24 24 24 24 24 
 2 19 19  2  2  2  2  2  2  2  2  2  8  8  8  8  8  8  8  8  8  8  3  3  3  3  3  3  3  3 24  3  3 24 24 24 24 24 24 24 24 24 24 24 24 24 24 24 24 24 24 24 24 24 24 24 24 24 24 24 24 24 18 18 18 18 18 18 18 18 18 18 18 18 18 18  5  5  5  5  5  5 18 18  5  5  5  5  5  5  5  5 24 24 24 24 24 24 24 24 
 2 19 19  2  2  2  2  2  2  2  2  2  8  8  8  8  8  8  8  8  8  8  8  3  3  8  3  3  3  3 24 24 24 24 24 24 24 24 24 24 24 24 24 24 24 24 24 24 24 24 24 24 24 24 24 24 24 24 24 24 24 24 24 24 24 18 18 18 18 18 18 18 18 18 18 18 18  5 18 18  5  5 18 18  5  5  5  5  5  5  5  5 24 24 24 24 24 24 24 24 
19 19 19  2  2  2  2  2  2  2  2  2 19  8  8  8  8  8  8  8  8  8  8  8  3  8  3  3  3 24 24 24 24 20 20 20 20 24 20 20 24 24 24 24 24 24 24 24 24 24 24 24 24 24 24 24 24 24 24 24 24 24 24 24 24 24 18 18 18 18 18 18 18 18 18 18 18 18 18 18 18 18 18 18 18  5 24 24  5  5  5 24 24 24 24 24 24 24 24 24 
19 19 19 19  2  2  2  2  2  2  2 19 19  8  8  8  8  8  8  8  8  8  8  8  8  8  3  3  3 20 20 20 20 20 20 20 20 20 20 20 20 24 24 24 24 20 24 24 24 24 24 24 24 24 24 24 24 24 24 24 24 24 24 24 24 24 24 18 18 18 18 18 18 18 18 18 18 18 18 18 18 18 18 18 18 18 24 24  5 24 24 24 24 24 24 24 24 24 24 24 
19 19 19 19 19  2  2  2  2  2  2 19 19  8  8  8  8  8  8  8  8  8  8  8  8  8  8  3  3  3 20 20 20 20 20 20 20 20 20 20 20 20 20 24 24 20 24 24 24 24 24 24 24 24 20 20 24 24 20 20 24 24 24 24 24 24 24 24 24 18 18 18 18 18 18 18 18 18 18 18 18 18 18 18 18 18 24 24 24 24 24 24 24 24 24 24 24 24 24 24 
19 19 19 19 19 19  2 19 19 19 19 19 19  8  8  8  8  8  8  8  8  8  8  8  8  8  8  8  8 20 20 20 20 20 20 20 20 20 20 20 20 20 20 20 20 20 24 24 24 24 24 24 20 20 20 20 20 20 20 20 24 24 20 24 24 24 24 24 24 24 24 24 24 24 24 18 18 18 18 18 18 18 18 18 18 18 24 24 24 24 24 24 24 24 24 24 24 20 24 24 
19 19 19 19 19 19 19 19 19 19 19 19 19 19 19  8  8  8  8  8  8  8  8  8  8  8  8  8  8  8 20 20 20 20 20 20 20 20 20 20 20 20 20 20 20 20 24 20 20 20 20 20 20 20 20 20 20 20 20 20 20 20 20 24 24 24 24 24 24 24 24 24 24 24 24 24 18 24 24 24 24 24 18 24 24 24 24 24 24 24 24 24 24 24 24 20 20 20 20 24 
19 19 19 19 19 19 19 19 19 19 19 19 19 19 19  8  8  8  8  8  8  8  8  8  8  8  8  8  8  8  8 20 20 20 20 20 20 20 20 20 20 20 20 20 20 20 20 20 20 20 20 20 20 20 20 20 20 20 20 20 20 20 20 20 24 24 24 24 24 24 24 24 24 24 24 24 24 24 24 24 24 24 18 24 24 24 24 24 24 20 20 20 20 20 24 20 20 20 20 20 
19 19 19 19 19 19 19 19 19 19 19 19 19 19 19 19  8  8  8  8  8  8  8  8  8  8  8  8  8  8  8 20 20 20 20 20 20 20 20 20 20 20 20 20 20 20 20 20 20 20 20 20 20 20 20 20 20 20 20 20 20 20 20 20 20 24 24 24 24 24 24 24 24 24 24 24 24 24 24 24 24 24 24 24 24 24 24 24 24 20 20 20 20 20 20 20 20 20 20 20 
19 19 19 19 19 19 19 19 19 19 19 19 19 19 19  8  8  8  8  8  8  8  8  8  8  8  8  8  8  8 20 20 20 20 20 20 20 20 20 20 20 20 20 20 20 20 20 20 20 20 20 20 20 20 20 20 20 20 20 20 20 20 20 20 24 24 24 24 24 24 20 24 24 24 24 20 20 20 24 20 24 24 20 24 20 24 20 20 20 20 20 20 20 20 20 20 20 20 20 20 
19 19 19 19 19 19 19 19 19 19 19 19 19 19 19 19  8  8  8 19 19  8  8 19 19 19  8  8  8  8 20 20 20 20 20 20 20 20 20 20 20 20 20 20 20 20 20 20 20 20 20 20 20 20 20 20 20 20 20 20 20 20 20 20 24 24 20 20 20 20 20 20 20 20 20 20 20 20 20 20 20 20 20 20 20 20 20 20 20 20 20 20 20 20 20 20 20 20 20 20 
19 19 19 19 19 19 19 19 19 19 19 19 19 19 19 19 19 19 19 19 19 19 19 19 19 19 19  8  8  8  8 20 20 20 20 20 20 20 20 20 20 20 20 20 20 20 20 20 20 20 20 20 20 20 20 20 20 20 20 20 20 20 20 20 20 20 20 20 20 20 20 20 20 20 20 20 20 20 20 20 20 20 20 20 20 20 20 20 20 20 20 20 20 20 20 20 20 20 20 20 
19 19 19 19 19 19 19 19 19 19 19 19 19 19 19 19 19 19 19 19 19 19 19 19 19 19 19 19 19 19 19 20 20 20 20 20 20 20 20 20 20 20 20 20 20 20 20 20 20 20 20 20 20 20 20 20 20 20 20 20 20 20 20 20 20 20 20 20 20 20 20 20 20 20 20 20 20 20 20 20 20 20 20 20 20 20 20 20 20 20 20 20 20 20 20 20 20 20 20 20 
