32
1 4 0 1 2 3
2 4 0 1 2 3
3 4 0 1 2 3
4 4 0 1 2 3
5 4 0 1 2 3
6 4 0 1 2 3
7 4 0 1 2 3
8 4 0 1 2 3
9 4 0 1 2 3
10 4 0 1 2 3
11 4 0 1 2 3
12 4 0 1 2 3
13 4 0 1 2 3
14 4 0 1 2 3
15 4 0 1 2 3
16 4 0 1 2 3
17 4 0 1 2 3
18 4 0 1 2 3
19 4 0 1 2 3
20 4 0 1 2 3
21 4 0 1 2 3
22 4 0 1 2 3
23 4 0 1 2 3
24 4 0 1 2 3
25 4 0 1 2 3
26 4 0 1 2 3
27 4 0 1 2 3
28 4 0 1 2 3
29 4 0 1 2 3
30 4 0 1 2 3
31 4 0 1 2 3
32 4 0 1 2 3
76
1 19 4   0 0   1 1   2 2   3 3
1 22 4   0 0   1 1   2 2   3 3
1 8 4   0 0   1 1   2 2   3 3
1 12 4   0 0   1 1   2 2   3 3
1 14 4   0 0   1 1   2 2   3 3
1 30 4   0 0   1 1   2 2   3 3
1 31 4   0 0   1 1   2 2   3 3
2 32 4   0 0   1 1   2 2   3 3
2 16 4   0 0   1 1   2 2   3 3
2 3 4   0 0   1 1   2 2   3 3
2 25 4   0 0   1 1   2 2   3 3
3 32 4   0 0   1 1   2 2   3 3
3 25 4   0 0   1 1   2 2   3 3
3 26 4   0 0   1 1   2 2   3 3
3 27 4   0 0   1 1   2 2   3 3
3 28 4   0 0   1 1   2 2   3 3
4 7 4   0 0   1 1   2 2   3 3
4 27 4   0 0   1 1   2 2   3 3
4 28 4   0 0   1 1   2 2   3 3
5 17 4   0 0   1 1   2 2   3 3
5 18 4   0 0   1 1   2 2   3 3
5 21 4   0 0   1 1   2 2   3 3
5 9 4   0 0   1 1   2 2   3 3
5 10 4   0 0   1 1   2 2   3 3
5 15 4   0 0   1 1   2 2   3 3
6 19 4   0 0   1 1   2 2   3 3
6 20 4   0 0   1 1   2 2   3 3
6 24 4   0 0   1 1   2 2   3 3
6 29 4   0 0   1 1   2 2   3 3
7 8 4   0 0   1 1   2 2   3 3
7 27 4   0 0   1 1   2 2   3 3
7 28 4   0 0   1 1   2 2   3 3
8 32 4   0 0   1 1   2 2   3 3
8 22 4   0 0   1 1   2 2   3 3
8 26 4   0 0   1 1   2 2   3 3
8 10 4   0 0   1 1   2 2   3 3
8 28 4   0 0   1 1   2 2   3 3
8 12 4   0 0   1 1   2 2   3 3
8 30 4   0 0   1 1   2 2   3 3
9 17 4   0 0   1 1   2 2   3 3
9 19 4   0 0   1 1   2 2   3 3
9 29 4   0 0   1 1   2 2   3 3
9 31 4   0 0   1 1   2 2   3 3
9 15 4   0 0   1 1   2 2   3 3
10 18 4   0 0   1 1   2 2   3 3
10 12 4   0 0   1 1   2 2   3 3
11 16 4   0 0   1 1   2 2   3 3
12 18 4   0 0   1 1   2 2   3 3
12 23 4   0 0   1 1   2 2   3 3
12 31 4   0 0   1 1   2 2   3 3
13 20 4   0 0   1 1   2 2   3 3
13 21 4   0 0   1 1   2 2   3 3
13 24 4   0 0   1 1   2 2   3 3
13 15 4   0 0   1 1   2 2   3 3
14 19 4   0 0   1 1   2 2   3 3
14 31 4   0 0   1 1   2 2   3 3
15 21 4   0 0   1 1   2 2   3 3
15 24 4   0 0   1 1   2 2   3 3
15 29 4   0 0   1 1   2 2   3 3
16 25 4   0 0   1 1   2 2   3 3
17 18 4   0 0   1 1   2 2   3 3
17 31 4   0 0   1 1   2 2   3 3
18 23 4   0 0   1 1   2 2   3 3
18 31 4   0 0   1 1   2 2   3 3
19 20 4   0 0   1 1   2 2   3 3
19 22 4   0 0   1 1   2 2   3 3
19 29 4   0 0   1 1   2 2   3 3
19 31 4   0 0   1 1   2 2   3 3
20 22 4   0 0   1 1   2 2   3 3
20 24 4   0 0   1 1   2 2   3 3
22 30 4   0 0   1 1   2 2   3 3
23 31 4   0 0   1 1   2 2   3 3
24 29 4   0 0   1 1   2 2   3 3
26 32 4   0 0   1 1   2 2   3 3
26 28 4   0 0   1 1   2 2   3 3
27 28 4   0 0   1 1   2 2   3 3
