140 140
16  9  9  9  9  9  9  9  9  9  9  9  9  9  9  9  9  9  9  5  5  5  5  5  5  5  5  5  5  5  5  5  5  5  5  5  5  5  5  5  5  5  5  5  5  5  5  5  5  5  5  5  5  5  5  5  5  5  5  5  5  5  5  5  5  5  5  5  5  5  5  5  5  5  5  5  5  5  5  5  5  5  5  5  5  5  5  5  5  5  5  5  5  5  5  5  5  5  5  5  5  5  5  5  5  5  5  5  5  5  5  5  5  5  5  5  5  5  5  5  5 22 22 22 22 22 22 22 22 22 22 22 22 22 22 22 22 22 22 22 
16 16  9  9  9  9  9  9  9  9  9  9  9  9  9  9  9  9  9  5  5  5  5  5  5  5  5  5  5  5  5  5  5  5  5  5  5  5  5  5  5  5  5  5  5  5  5  5  5  5  5  5  5  5  5  5  5  5  5  5  5  5  5  5  5  5  5  5  5  5  5  5  5  5  5  5  5  5  5  5  5  5  5  5  5  5  5  5  5  5  5  5  5  5  5  5  5  5  5  5  5  5  5  5  5  5  5  5  5  5  5  5  5  5  5  5  5  5  5  5  5 22 22 22 22 22 22 22 22 22 22 22 22 22 22 22 22 22 22 22 
16  9  9  9  9  9  9  9  9  9  9  9 16 16 16  9  9  9  9  5  5  5  5  5  5  5  5  5  5  5  5  5  5  5  5  5  9  9  5  9  5  5  9  5  5  5  5  5  5  5  5  5  5  5  5  5  5  5  5  5  5  5  5  5  5  5  5  5  5  9  5  5  5  5  5  5  5  5  5  5  5  5  5  5  5  5  5  5  5  5  5  5  5  5  5  5  5  5  5  5  5  5  5  5  5  5  5  5  5  5  5  5  5  5  5  5  5  5  5  5  5  5  5  5  5 22 22 22 22 22 22 22 22 22 22 22 22 22 22 22 
16 16 16 16 16 16 16 16 16 16  9  9 16 16 16 16 16  9  9  9  9  9  5  5  5  5  5  9  5  5  5  5  5  5  5  9  9  9  9  9  9  9  9  5  9  9  9  9  9  5  5  5  5  5  9  9  9  9  9  5  5  5  5  5  5  5  5  5  9  9  5  5  5  5  5  5  5  9  9  9  9  9  5  5  5  5  5  5  5  5  5  5  5  5  5  5  5  5  5  5  5  5  5  5  5  5  5  5  5  5  5  5  5  5  5  5  5  5  5  5  5  5  5  5 22 22 22 22 22 22 22 22 22 22 22 22 22 22 22 22 
16 16 16 16 16 16 16 16 16 16 16 16 16 16 16 16 16  9 16  9  9  9  9  9  9  9  5  9  9  9  5  5  5  9  9  9  9  9  9  9  9  9  9  9  9  9  9  9  9  9  9  9  9  9  9  9  9  9  5  5  5  5  5  5  5  5  5  5  9  9  9  9  5  9  9  5  9  9  9  9  9  5  5  5  5  5  5  5  5  5  5  5  5  5  5  5  5  5  5  5  5  5  5  5  5  5  5  5  5  5  5  5  5  5  5  5  5  5  5  5  5  5  5  5 22 22 22 22 22 22 22 22 22 22 22 22 22 22 22 22 
16 16 16 16 16 16 16 16 16 16 16 16 16 16 16 16 16 16 16 12 12  9  9  9  9  9  9  9  9  9  9  9  9  9  9  9  9  9  9  9  9  9  9  9  9  9  9  9  9  9  9 30 30 30  9  9  9  9  5  5  5  5  5  5  5  5  9  9  9  9  9  9  9  9  9  9  9  9  9  9  9  9  5  5  5  5  5  5  5  5  5  5  5  5  5  5  5  5  5  5  5  5  5  5  5  5  5  5  5  5  5  5  5  5  5  5  5  5  5  5  5  5  5  5 22 22 22 22 22 22 22 22 22 22 22 22 22 22 22 22 
16 16 16 16 16 16 16 16 16 16 16 16 16 16 16 16 16 16 16 12 12 12 12  9 12  9  9  9  9  9  9  9  9  9  9  9 14 14  9  9 14 14  9  9 14 14  9  9  9  9 30 30 30 30 30  9  9  9  9  5  5  9  9  5  5  9  9  9  9  9  9  9  9  9  9  9  9  9  9  9  9  9  9  9  5  5  5  5  5  5  5  5  5  5  5  5  5  5  5  5  5  5  5  5  5  5  5  5  5  5  5  5  5  5  5  5  5  5  5  5  5  5  5 22 22 22 22 22 22 22 22 22 22 22 22 22 22 22 22 22 
16 16 16 16 16 16 16 16 16 16 16 16 16 16 16 16 16 16 16 16 16 12 12 12 12 12 12 12  9 12 14 14  9  9 14 14 14 14  9  9 14 14  9 14 14 30 30 30 30 30 30 30 30 30 30 30 30  9  9  9  9  9  9  5  9  9  9  9  9  9  9  9  9  9  9  9  9  9  9  9  9  9  9  9  9  9  9  9  9  5  5  5  5  5  5  5  5  5  5  5  5  5  5  5  5  5  5  5  5  5  5  5  5  5  5  5  5  5  5 22  5  5  5 22 22 22 22 22 22 22 22 22 22 22 22 22 22 22 22 22 
16 16 16 16 16 16 16 16 16 16 16 16 16 16 16 16 16 16 16 16 16 12 12 12 12 12 12 12 12 12 14 14 14 14 14 14 14 14 14  9 14 14 14 14 14 14 30 30 30 30 30 30 30 30 30 30  9  9  9  9  9  9  9  9  9  9  9  9  9  9  9  9  9  9  9  9  9  9  9  9  9  9  9  9  9  9  9  9  9  5  5  5  5  5  5  5  5  5  5  5  5  5  5  5  5  5  5  5  5  5  5  5  5  5  5  5  5  5  5 22 22 22 22 22 22 22 22 22 22 22 22 22 22 22 22 22 22 22 22 22 
16 16 16 16 16 16 16 16 16 16 16 16 16 16 16 16 16 16 16 16 16 16 12 12 12 12 12 12 12 12 12 14 14 14 14 14 14 14 14 14 14 14 14 14 14 14 14 30 30 30 30 30 30 30 30 30  9  9  9  9  9  9  9  9  9  9  9  9  9  9  9  9  9  9  9  9  9  9  9  9  9  9  9  9  9  9  9  9  9  9  5  5  5  5  5  5  5  5  5  5  5  5  5  5  5  5  5  5  5  5  5  5  5  5  5  5  5  5  5 22 22 22 22 22 22 22 22 22 22 22 22 22 22 22 22 22 22 22 22 22 
16 16 16 16 16 16 16 16 16 16 16 16 16 16 16 16 16 16 16 16 16 16 16 12 12 12 12 12 12 12 12 12 14 12 14 14 14 14 14 14 14 14 14 14 14 14 14 14 30 30 30 30 30 30 30 30 30  9  9  9  9  9  9  9  9  9  9  9  9  9  9  9  9  9  9  9  9  9  9  9  9  9  9  9  9  9  9  9  9  5  5  5  5  5  5  5  5  5  5  5  5  5  5  5  5  5  5  5  5  5  5  5  5  5  5  5  5  5 22 22 22 22 22 22 22 22 22 22 22 22 22 22 22 22 22 22 22 22 22 22 
16 16 16 16 16 16 16 16 16 16 16 16 16 16 16 16 16 16 16 16 16 16 16 16 12 12 12 12 12 12 12 12 12 12 12 14 14 14 14 14 14 14 14 14 14 14 14 14 30 30 30 30 30 30 30 30 30 30  9  9  9  9  9  9  9  9  9  9  9  9  9  9  9  9  9  9  9  9  9  9  9  9  9  9  9  9  9  9  9  5  5  5  5  5  5  5  5  5  5  5  5  5  5  5  5  5  5  5  5  5  5  5  5  5  5  5 22 22 22 22 22 22 22 22 22 22 22 22 22 22 22 22 22 22 22 22 22 22 22 22 
16 16 16 16 16 16 16 16 16 16 16 16 16 16 16 16 16 16 16 16 16 16 16 12 12 12 12 12 12 12 12 12 12 12 12 14 14 14 14 14 14 14 14 14 14 14 14 14 14 30 30 30 14 30 30 30 30 30 30 30  9  9  9  9  9  9  9  9  9  9  9  9  9  9  9  9  9  9  9  9  9  9  9  9  9  9  9  9  9  9  9  5  5  5  5  5  5  5  5  5  5  5  5  5  5  5  5  5  5  5  5  5  5  5  5  5 28 28 22 22 22 22 22 22 22 22 22 22 22 22 22 22 22 22 22 22 22 22 22 22 
16 16 16 16 16 16 16 16 16 16 16 16 16 16 16 16 16 16 16 16 16 16 12 12 12 12 12 12 12 12 12 12 12 14 12 14 14 14 14 14 14 14 14 14 14 14 14 14 14 14 30 30 14 14 30 30 30 30 30 30 30  9  9  9  9  9  9  9  9  9  9  9  9  9  9  9  9  9  9  9  9  9  9  9  9  9  9  9  9  9  9  5  5  5  5  5  5  5  5  5  5  5  5  5  5  5  5  5  5  5  5  5  5  5  5 28 28 22 22 22 22 22 22 22 22 22 22 22 22 22 22 22 22 22 22 22 22 22 22 22 
16 16 16 16 16 16 16 16 16 16 16 16 16 16 16 16 16 16 16 16 16 16 12 12 12 12 12 12 12 12 12 12 12 14 14 14 14 14 14 14 14 14 14 14 14 14 14 14 14 14 30 14 14 14 30 30 30 30 30 30 30 30  9  9  9  9  9  9  9  9  9  9  9  9  9  9  9  9  9  9  9  9  9  9  9  9  9  9  9  9  9  9  9  5  5  5  5  5  5  5  5  5  5  5  5  5  5 28  5  5  5  5  5  5 28 28 28 28 22 22 22 22 22 22 22 22 22 22 22 22 22 22 22 22 22 22 22 22 22 22 
16 16 16 16 16 16 16 16 16 16 16 16 16 16 16 16 16 16 16 16 16 16 12 12 12 12 12 12 12 12 12 12 12 14 14 14 14 14 14 14 14 14 14 14 14 14 14 14 14 14 14 14 14 14 30 30 30 30 30 30 30  9  9  9  9  9  9  9  9  9  9  9  9  9  9  9  9  9  9  9  9  9  9  9  9  9  9  9  9  9  9  9  9  5  5  5  5  5  5  5  5  5  5 28  5  5 28 28 28  5  5  5 28 28 28 28 28 28 22 22 22 22 22 22 22 22 22 22 22 22 22 22 22 22 22 22 22 22 22 22 
16 16 16 16 16 16 16 16 16 16 16 16 16 16 16 16 16 16 16 16 12 12 12 12 12 12 12 12 12 12 12 12 12 12 12 14 14 14 14 14 14 14 14 14 14 14 14 14 14 14 14 14 14 30 30 30 30 30 30 30 30  9  9  9  9  9  9  9  9  9  9  9  9  9  9  9  9  9  9  9  9  9  9  9  9  9  9  9  9  9  9  9  9  9  5  5  5  5  5  5  5  5  5 28 28 28 28 28 28 28 28 28 28 28 28 28 28 28 22 22 22 22 22 22 28 28 22 22 22 22 22 22 22 22 22 22 22 22 22 22 
16 16 16 16 16 16 16 16 16 16 16 16 16 16 16 16 16 16 16 16 12 12 12 12 12 12 12 12 12 12 12 12 12 12 12 14 14 14 14 14 14 14 14 14 14 14 14 14 14 14 14 14 14 30 14 30 30 30 30 30 30  9  9  9  9  9  9  9  9  9  9  9  9  9  9  9  9  9  9  9  9  9  9  9  9  9  9  9  9  9  9  9  9  9  5  5  5  5  5  5  5  5  5 28 28 28 28 28 28 28 28 28 28 28 28 28 28 22 22 22 22 22 22 22 28 28 22 22 22 22 22 22 22 22 22 22 22 22 28 22 
16 16 16 16 16 16 16 16 16 16 16 16 16 16 16 16 16 16 16 16 12 12 12 12 12 12 12 12 12 12 12 12 12 12 12 12 12 14 14 14 14 14 14 14 14 14 14 14 14 14 14 14 14 14 14 14 30 30 30 30 30 30  9  9  9  9  9  9  9  9  9  9  9  9  9  9  9  9  9  9  9  9  9  9  9  9  9  9  9  9  9  9  9  9  5 30 30  5  5  5  5  5 28 28 28 28 28 28 28 28 28 28 28 28 28 28 28 28 28 28 28 22 28 28 28 28 22 22 22 22 22 22 22 22 22 22 22 22 28 28 
16 16 16 16 16 16 16 16 16 16 16 16 16 16 16 16 16 16 16 16 16 12 12 12 12 12 12 12 12 12 12 12 12 12 12 12 12 12 14 14 14 14 14 14 14 14 14 14 14 14 14 14 14 14 14 14 30 30 30 30 30 30 30  9  9  9  9  9  9  9  9  9  9  9  9  9  9  9  9  9  9  9  9  9  9  9  9  9  9  9  9  9  9  9 30 30 30 30 30 30  5 28 28 28 28 28 28 28 28 28 28 28 28 28 28 28 28 28 28 28 28 28 28 28 28 28 28 28 28 28 28 28 28 22 22 22 28 28 28 28 
16 16 16 16 16 16 16 16 16 16 16 16 16 16 16 16 16 16 16 16 12 12 12 12 12 12 12 12 12 12 12 12 12 12 12 12 12 14 14 14 14 14 14 14 14 14 14 14 14 14 14 14 14 14 14 14 30 30 30 30 30 30  9  9  9  9  9  9  9  9  9  9  9  9  9  9  9  9  9  9  9  9  9  9  9  9  9  9  9  9  9  9  9 30 30 30 30 30 30 30 30 28 30 30 28 28 28 28 28 28 28 28 28 28 28 28 28 28 28 28 28 28 28 28 28 28 28 28 28 28 28 28 28 22 22 22 28 28 28 28 
16 16 16 16 16 16 16 16 16 16 16 16 16 16 16 16 16 16 16 12 12 12 12 12 12 12 12 12 12 12 12 12 12 12 12 12 12 12 14 14 14 14 14 14 14 14 14 14 14 14 14 14 14 14 14 14 30 30 30 30 30 30 30  9  9  9  9  9  9  9  9  9  9  9  9  9  9  9  9  9  9  9  9  9  9  9  9  9  9  9  9  9  9 30 30 30 30 30 30 30 30 30 30 30 28 28 28 28 28 28 28 28 28 28 28 28 28 28 28 28 28 28 28 28 28 28 28 28 28 28 28 28 28 22 22 28 28 28 28 28 
16 16 16 16 16 16 16 16 16 16 16 16 16 16 16 16 16 16 16 12 12 12 12 12 12 12 12 12 12 12 12 12 12 12 12 12 12 12 12 12 12 14 14 14 14 14 14 14 14 14 14 14 14 14 14 14 14 14 30 14 14 30 30  9  9  9  9  9  9  9  9  9  9  9  9  9  9  9  9  9  9  9  9  9  9  9  9  9  9  9  9  9  9 30 30 30 30 30 30 30 30 30 30 30 28 28 28 28 28 28 28 28 28 28 28 28 28 28 28 28 28 28 28 28 28 28 28 28 28 28 28 28 28 28 28 28 28 28 28 28 
16 16 16 16 16 16 16 16 16 16 16 16 16 16 16 16 16 16 16 12 12 12 12 12 12 12 12 12 12 12 12 12 12 12 12 12 12 12 12 12 14 14 14 14 14 14 14 14 14 14 14 14 14 14 14 14 14 14 14 14 14 30 30 30 30  9  9  9  9  9  9  9  9  9  9  9  9  9  9  9  9  9  9  9  9  9  9  9  9  9 30 30 30 30 30 30 30 30 30 30 30 30 30 30 28 28 28 28 28 28 28 28 28 28 28 28 28 28 28 28 28 28 28 28 28 28 28 28 28 28 28 28 28 28 28 28 28 28 28 28 
16 16 16 16 16 16 16 16 16 16 16 16 16 16 16 16 16 16 16 12 12 12 12 12 12 12 12 12 12 12 12 12 12 12 12 12 12 12 12 12 14 14 14 14 14 14 14 14 14 14 14 14 14 14 14 14 14 14 14 14 14 30 30 30  9  9  9  9  9  9  9  9  9  9  9  9  9  9  9  9  9  9  9  9  9  9  9  9  9 30 30 30 30 30 30 30 30 30 30 30 30 30 30 30 28 28 28 28 28 28 28 28 28 28 28 28 28 28  4  4  4  4  4 28 28 28 28 28 28 28 28 28 28 28 28 28 28 28 28 28 
16 16 16 16 16 16 16 16 16 16 16 16 16 16 16 16 16 16 16 12 12 12 12 12 12 12 12 12 12 12 12 12 12 12 12 12 12 12 12 12 14 14 14 14 14 14 14 14 14 14 14 14 14 14 14 14 14 14 14 14 14 14 30 30 30  9  9  9  9  9  9  9  9  9  9  9  9  9  9  9  9  9  9 30 30 30 30  9 30 30 30 30 30 30 30 30 30 30 30 30 30 30 28 28 28 28 28 28 28 28 28 28 28 28 28 28 28  4  4  4  4  4  4  4 28 28 28 28 28 28 28 28 28 28 28 28 28 28 28 28 
16 16 16 16 16 16 16 16 16 16 16 16 16 16 16 16 16 12 12 12 12 12 12 12 12 12 12 12 12 12 12 12 12 12 12 12 12 12 12 12 12 14 14 14 14 14 14 14 14 14 14 14 14 14 14 14 14 14 14 14 14 14 30 30 30 30  9  9  9  9  9  9  9  9  9  9  9  9  9  9 30 30 30 30 30 30 30 30 30 30 30 30 30 30 30 30 30 30 30 28 28 28 28 28 28 28 28 28 28 28 28 28  4  4 28 28  4  4  4  4  4  4  4  4 28 28 28 28 28 28 28 28 28 28 28 28 28 28 28 28 
16 16 16 16 16 16 16 16 16 16 16 16 16 16 16 16 16 12 12 12 12 12 12 12 12 12 12 12 12 12 12 12 12 12 12 12 12 12 12 14 14 14 14 14 14 14 14 14 14 14 14 14 14 14 14 14 14 14 14 14 14 14 14 30 30 30 30  9  9  9  9  9  9  9  9  9  9  9  9  9 30 30 30 30 30 30 30 30 30 30 30 30 30 30 30 30 30 30 28 28 28 28 28 28 28 28 28  4  4  4  4  4  4  4  4  4  4  4  4  4  4  4  4  4 28 28 28 28 28 28 28 28 28 28 28 28 28 28 28 28 
16 16 16 16 16 16 16 16 16 16 16 16 16 16 16 16 16 12 12 12 12 12 12 12 12 12 12 12 12 12 12 12 12 12 12 12 12 12 14 14 14 14 14 14 14 14 14 14 14 14 14 14 14 14 14 14 14 14 14 14 14 14 30 30 30 30 30 30 30 30 30 30 30 30 30 30 30 30 30  9 30 30 30 30 30 30 30 30 30 30 30 30 30 30 30 30 30 30 30 28 28 28 28 28 28  4  4  4  4  4  4  4  4  4  4  4  4  4  4  4  4  4  4  4  4  4  4  4 28 28 28 28 28 28 28 28 28 28 28 28 
16 16 16 16 16 16 16 16 16 16 16 16 16 16 16 16 16 12 12 12 12 12 12 12 12 12 12 12 12 12 12 12 12 12 12 12 12 12 14 14 14 14 14 14 14 14 14 14 14 14 14 14 14 14 14 14 14 14 14 14 14 14 14 30 30 30 30 30 30 30 30 30 30 30 30 30 30 30 30 30 30 30 30 30 30 30 30 30 30 30 30 30 30 30 30 30 30 28 28 28 28 28 28 28 28  4  4  4  4  4  4  4  4  4  4  4  4  4  4  4  4  4  4  4  4  4  4  4  4 28 28 28 28 28 28 28 28 28 28 28 
16 16 16 16 16 16 16 16 16 16 16 16 16 16 16 16 16 16 12 12 12 12 12 12 12 12 12 12 12 12 12 12 12 12 12 12 12 12 12 14 14 14 14 14 14 14 14 14 14 14 14 14 14 14 14 14 14 14 14 14 14 14 14 30 30 30 30 30 30 30 30 30 30 30 30 30 30 30 30 30 30 30 30 30 30 30 30 30 30 30 30 30 30 30 30 30 30 30 28 28 28 28 28 28  4  4  4  4  4  4  4  4  4  4  4  4  4  4  4  4  4  4  4  4  4  4  4  4  4  4 28 28 28 28 28 28 28 28 28 28 
16 16 16 16 16 16 16 16 16 16 16 16 16 16 16 16 16 16 12 12 12 12 12 12 12 12 12 12 12 12 12 12 12 12 12 12 12 14 14 14 14 14 14 14 14 14 14 14 14 14 14 14 14 14 14 14 14 14 14 14 14 14 14 14 30 30 30 30 30 30 30 30 30 30 30 30 30 30 30 30 30 30 30 30 30 30 30 30 30 30 30 30 30 30 30 30 30 28 28 28 28 28 28 28  4  4  4  4  4  4  4  4  4  4  4  4  4  4  4  4  4  4  4  4  4  4  4  4  4  4  4 28 28 28 28 28 28 28 28 28 
16 16 16 16 16 16 16 16 16 16 16 16 16 16 16 16 16 12 12 12 12 12 12 12 12 12 12 12 12 12 12 12 12 12 12 12 12 14 14 14 14 14 14 14 14 14 14 14 14 14 14 14 14 14 14 14 14 14 14 14 14 14 14 14 14 30 30 30 30 30 30 30 30 30 30 30 30 30 30 30 30 30 30 30 30 30 30 30 30 30 30 30 30 30 30 30 30 28 28 28 28 28 28 28  4  4  4  4  4  4  4  4  4  4  4  4  4  4  4  4  4  4  4  4  4  4  4  4  4  4  4 28 28 28 28 28 28 28 28 28 
16 16 16 16 16 16 16 16 16 16 16 16 16 16 16 16 16 16 12 12 12 12 12 12 12 12 12 12 12 12 12 12 12 12 12 12 12 14 14 14 14 14 14 14 14 14 14 14 14 14 14 14 14 14 14 14 14 14 14 14 14 14 14 14 14 30 30 30 30 30 30 30 30 30 30 30 30 30 30 30 30 30 30 30 30 30 30 30 30 30 30 30 30 30 30 30 28 28 28 28 28 28 28 28  4  4  4  4  4  4  4  4  4  4  4  4  4  4  4  4  4  4  4  4  4  4  4  4  4  4  4 28 28 28 28 28 28 28 28 28 
16 16 16 16 16 16 16 16 16 16 16 16 16 16 16 16 16 16 12 12 12 12 12 12 12 12 12 12 12 12 12 12 12 12 12 12 12 12 14 14 14 14 14 14 14 14 14 14 14 14 14 14 14 14 14 14 14 14 14 14 14 14 14 14 14 14 14 30 30 30 30 30 30 30 30 30 30 30 30 30 30 30 30 30 30 30 30 30 30 30 30 30 30 30 30 28 28 28 28 28 28 28  4  4  4  4  4  4  4  4  4  4  4  4  4  4  4  4  4  4  4  4  4  4  4  4  4  4  4  4  4  4  4 28 28 28 28 28 11 11 
16 16 16 16 16 16 16 16 16 16 16 16 16 16 16 16 16 12 12 12 12 12 12 12 12 12 12 12 12 12 12 12 12 12 12 12 12 14 14 14 14 14 14 14 14 14 14 14 14 14 14 14 14 14 14 14 14 14 14 14 14 14 14 14 14 14 14 30 30 30 30 30 30 30 30 30 30 30 30 30 30 30 30 30 30 30 30 30 30 30 30 30 28 28 28 28 28 28 28 28  4  4  4  4  4  4  4  4  4  4  4  4  4  4  4  4  4  4  4  4  4  4  4  4  4  4  4  4  4  4  4  4  4 11 11 11 11 11 11 11 
16 16 16 16 16 16 16 16 16 16 16 16 16 16 16 16 12 12 12 12 12 12 12 12 12 12 12 12 12 12 12 12 12 12 12 12 12 12 14 14 14 14 14 14 14 14 14 14 14 14 14 14 14 14 14 14 14 14 14 14 14 14 14 14 32 32 32 32 30 30 30 30 30 30 30 30 30 30 30 30 30 30 30 30 30 30 30 30 30 30 30 30 30 28 28  4  4  4  4  4  4  4  4  4  4  4  4  4  4  4  4  4  4  4  4  4  4  4  4  4  4  4  4  4  4  4  4  4  4  4  4 11 11 11 11 11 11 11 11 11 
16 16 16 16 16 16 16 16 16 16 16 16 16 16 16 16 16 12 12 12 12 12 12 12 12 12 12 12 12 12 12 12 12 12 12 12 12 12 14 14 14 14 14 14 14 14 14 14 14 14 14 14 14 14 14 14 14 14 14 14 14 14 14 32 32 32 32 32 32 32 32 30 30 30 30 30 30 30 30 30 30 30 30 30 30 30 30 30 30 30 33 33 33 28 28 28 33 33  4  4  4  4  4  4  4  4  4  4  4  4  4  4  4  4  4  4  4  4  4  4  4  4  4  4  4  4  4  4  4  4  4 11 11 11 11 11 11 11 11 11 
16 16 16 16 16 16 16 16 16 16 16 16 16 16 16 16 12 12 12 12 12 12 12 12 12 12 12 12 12 12 12 12 12 12 12 27 27 27 27 14 14 14 14 14 14 14 14 14 14 14 14 14 14 14 14 14 14 14 14 32 14 32 32 32 32 32 32 32 32 32 32 30 30 30 30 30 30 30 30 30 30 30 30 30 30 30 30 30 30 30 33 33 33 28 28 28 33 33 33 33  4  4  4  4 33  4  4  4  4  4  4  4  4  4  4  4  4  4  4  4  4  4  4  4  4  4  4  4  4  4  4 11 11 11 11 11 11 11 11 11 
16 16 16 16 16 16 16 16 16 16 16 16 16 16 16 16 12 12 12 12 12 12 12 12 12 12 12 12 12 12 12 12 12 12 12 27 27 27 14 14 14 14 14 14 14 14 14 14 14 14 14 14 14 14 14 14 14 14 14 32 32 32 32 32 32 32 32 32 32 32 32 30 30 30 30 30 30 30 30 30 30 30 30 30 30 30 30 30 33 33 33 33 33 33 33 33 33 33 33  4  4  4  4  4 33 33 33  4  4  4  4  4  4  4  4  4  4  4  4  4  4  4  4  4  4  4  4  4  4 11 11 11 11 11 11 11 11 11 11 11 
16 16 16 16 16 16 16 16 16 16 16 16 16 16 16 16 12 12 12 12 12 12 12 12 12 12 12 12 12 12 12 12 12 12 27 27 27 27 27 27 14 14 14 14 14 14 14 14 14 14 14 14 14 14 14 14 14 14 14 32 32 32 32 32 32 32 32 32 32 32 32 32 30 30 30 30 30 30 30 30 30 30 30 30 30 30 30 30 30 33 33 33 33 33 33 33 33 33 33  4  4  4  4 33 33 33 33 33  4  4  4  4  4  4  4  4  4  4  4  4  4  4  4  4  4  4  4 11 11 11 11 11 11 11 11 11 11 11 11 11 
16 16 16 16 16 16 16 16 16 16 16 16 16 16 16 16 12 12 12 12 12 12 12 12 12 12 12 12 12 12 12 12 12 27 27 27 27 27 27 27 27 27 14 14 14 14 14 14 14 14 14 14 14 14 14 14 14 32 14 32 32 32 32 32 32 32 32 32 32 32 32 32 32 30 30 30 30 30 30 30 30 30 30 30 30 30 30 30 30 33 33 33 33 33 33 33 33 33  4  4 33  4 33 33 33 33 33  4  4  4  4  4  4  4  4  4  4  4  4  4  4  4  4  4  4 11 11 11 11 11 11 11 11 11 11 11 11 11 11 11 
16 16 16 16 16 16 16 16 16 16 16 16 16 16 16 12 12 12 12 12 12 12 12 12 12 12 12 12 12 12 12 12 12 27 27 27 27 27 27 27 27 27 27 14 14 14 14 14 14 14 14 14 14 14 14 14 14 32 32 32 32 32 32 32 32 32 32 32 32 32 32 32 32 30 30 30 30 30 30 30 30 30 30 30 30 30 30 30 30 30 30 33 33 33 33 33 33 33 33 33 33  4 33 33 33 33 33 33  4  4  4  4  4  4  4  4  4  4  4  4  4  4 11 11  4 11 11 11 11 11 11 11 11 11 11 11 11 11 11 11 
16 16 16 16 16 16 16 16 16 16 16 16 16 16 16 12 12 12 12 12 12 12 12 12 12 12 12 12 12 12 12 12 12 27 27 27 27 27 27 27 27 27 27 27 27 34 34 14 34 14 14 14 14 14 32 32 32 32 32 32 32 32 32 32 32 32 32 32 32 32 32 32 32 32 32 32 32 30 30 30 30 30 30 30 30 30 30 30 30 33 33 33 33 33 33 33 33 33 33 33 33 33 33 33 33 33 33 33 33  4  4  4  4  4  4  4  4  4 11 11  4  4 11 11 11 11 11 11 11 11 11 11 11 11 11 11 11 11 11 11 
16 16 16 16 16 16 16 16 16 16 16 16 16 16 16 12 12 12 12 12 12 12 12 12 12 12 12 12 12 12 12 12 27 27 27 27 27 27 27 27 27 27 27 27 34 34 34 34 34 34 34 14 14 14 32 32 32 32 32 32 32 32 32 32 32 32 32 32 32 32 32 32 32 32 32 32 32 32 30 30 30 30 30 30 30 30 30 33 33 33 33 33 33 33 33 33 33 33 33 33 33 33 33 33 33 33 33 33  4  4  4  4  4  4  4  4  4 11 11 11 11 11 11 11 11 11 11 11 11 11 11 11 11 11 11 11 11 11 11 11 
16 16 16 16 16 16 16 16 16 16 16 16 16 16 16 12 12 12 12 12 12 12 12 12 12 12 12 12 12 12 12 12 27 27 27 27 27 27 27 27 27 27 27 34 34 34 34 34 34 34 34 34 34 14 14 32 32 32 32 32 32 32 32 32 32 32 32 32 32 32 32 32 32 32 32 32 32 32 32 30 30 30 30 30 30 33 33 33 33 33 33 33 33 33 33 33 33 33 33 33 33 33 33 33 33 33 33 33 33  4  4  4  4  4  4  4  4 11 11 11 11 11 11 11 11 11 11 11 11 11 11 11 11 11 11 11 11 11 11 11 
16 16 16 16 16 16 16 16 16 16 16 16 16 16 16 12 12 12 12 12 12 12 12 12 12 12 12 12 12 12 12 27 27 27 27 27 27 27 27 27 27 27 27 34 34 34 34 34 34 34 34 34 34 34 32 32 32 32 32 32 32 32 32 32 32 32 32 32 32 32 32 32 32 32 32 32 32 32 32 30 30 30 30 30 33 33 33 33 33 33 33 33 33 33 33 33 33 33 33 33 33 33 33 33 33 33 33 33 33 33  4  4  4  4  4  4  4 11 11 11 11 11 11 11 11 11 11 11 11 11 11 11 11 11 11 11 11 11 11 11 
16 16 16 16 16 16 16 16 16 16 16 16 16 16 16 12 12 12 12 12 12 12 12 12 12 12 12 12 12 12 12 27 27 27 27 27 27 27 27 27 27 27 27 34 34 34 34 34 34 34 34 34 34 34 32 32 32 32 32 32 32 32 32 32 32 32 32 32 32 32 32 32 32 32 32 32 32 32 30 30 32 32 32 33 33 33 33 33 33 33 33 33 33 33 33 33 33 33 33 33 33 33 33 33 33 33 33 33 33 33  4  4  4  4  4  4  4 11 11 11 11 11 11 11 11 11 11 11 11 11 11 11 11 11 11 11 11 11 11 11 
20 20 20 20 20 20 16 20 16 20 20 20 20 16 16 12 12 12 12 12 12 12 12 12 12 12 12 12 12 12 12 27 27 27 27 27 27 27 27 27 27 27 27 34 34 34 34 34 34 34 34 34 34 34 34 32 32 32 32 32 32 32 32 32 32 32 32 32 32 32 32 32 32 32 32 32 32 32 30 32 32 32 33 33 33 33 33 33 33 33 33 33 33 33 33 33 33 33 33 33 33 33 33 33 33 33 33 33 33 33 33 33 33 33  4  4 11 11 11 11 11 11 11 11 11 11 11 11 11 11 11 11 11 11 11 11 11 11 11 11 
20 20 20 20 20 20 20 20 20 20 20 20 20 20 20 20 20 20 20 12 12 12 12 12 12 12 12 12 12 12 12 27 27 27 27 27 27 27 27 27 27 27 34 34 34 34 34 34 34 34 34 34 34 34 34 32 32 32 32 32 32 32 32 32 32 32 32 32 32 32 32 32 32 32 32 32 32 32 32 32 32 32 32 33 33 33 33 33 33 33 33 33 33 33 33 33 33 33 33 33 33 33 33 33 33 33 33 33 33 33 33 33 33 33 33  4 11 11 11 11 11 11 11 11 11 11 11 11 11 11 11 11 11 11 11 11 11 11 11 11 
20 20 20 20 20 20 20 20 20 20 20 20 20 20 20 20 20 20 20 12 12 12 12 12 12 12 12 12 12 12 27 27 27 27 27 27 27 27 27 27 27 27 34 34 34 34 34 34 34 34 34 34 34 34 34 32 32 32 32 32 32 32 32 32 32 32 32 32 32 32 32 32 32 32 32 32 32 32 32 32 32 32 32 32 32 33 33 33 33 33 33 33 33 33 33 33 33 33 33 33 33 33 33 33 33 33 33 33 33 33 33 33 33 33 33  4  4 11 11 11 11 11 11 11 11 11 11 11 11 11 11 11 11 11 11 11 11 11 11 11 
20 20 20 20 20 20 20 20 20 20 20 20 20 20 20 20 20 20 20 12 12 12 12 12 12 12 12 12 27 27 27 27 27 27 27 27 27 27 27 27 27 27 34 34 34 34 34 34 34 34 34 34 34 34 34 34 34 32 32 32 32 32 32 32 32 32 32 32 32 32 32 32 32 32 32 32 32 32 32 32 32 32 32 32 33 33 33 33 33 33 33 33 33 33 33 33 33 33 33 33 33 33 33 33 33 33 33 33 33 33 33 33 33  4  4  4  4 11 11 11 11 11 11 11 11 11 11 11 11 11 11 11 11 11 11 11 11 11 11 11 
20 20 20 20 20 20 20 20 20 20 20 20 20 20 20 20 20 20 20 12 12 12 12 12 12 12 12 12 27 27 27 27 27 27 27 27 27 27 27 27 27 27 34 34 34 34 34 34 34 34 34 34 34 34 34 34 34 32 32 32 32 32 32 32 32 32 32 32 32 32 32 32 32 32 32 32 32 32 32 32 32 32 32 32 33 33 33 33 33 33 33 33 33 33 33 33 33 33 33 33 33 33 33 33 33 33 33 33 33 33 33  4  4  4 25 25 11 11 11 11 11 11 11 11 11 11 11 11 11 11 11 11 11 11 11 11 11 11 11 11 
20 20 20 20 20 20 20 20 20 20 20 20 20 20 20 20 20 20 20 20 12 12 12 12 12 12 12 27 27 27 27 27 27 27 27 27 27 27 27 27 27 27 34 34 34 34 34 34 34 34 34 34 34 34 34 34 34 32 32 32 32 32 32 32 32 32 32 32 32 32 32 32 32 32 32 32 32 32 32 32 32 32 32 32 33 33 33 33 33 33 33 33 33 33 33 33 33 33 33 33 33 33 33 33 33 33 33 33 33 33 33 33  4 25 25 25 25 25 25 25 25 11 11 11 11 11 11 11 11 11 11 11 11 11 11 11 11 11 11 11 
20 20 20 20 20 20 20 20 20 20 20 20 20 20 20 20 20 20 20 12 12 12 12 12 12 27 27 27 27 27 27 27 27 27 27 27 27 27 27 27 27 27 27 34 34 34 34 34 34 34 34 34 34 34 34 34 34 32 32 32 32 32 32 32 32 32 32 32 32 32 32 32 32 32 32 32 32 32 32 32 32 32 32 33 33 33 33 33 33 33 33 33 33 33 33 33 33 33 33 33 33 33 33 33 33 33 33 33 33 33 33 33  4 25 25 25 25 25 25 25 25 11 11 11 11 11 11 11 11 11 11 11 11 11 11 11 11 11 11 11 
20 20 20 20 20 20 20 20 20 20 20 20 20 20 20 20 20 20 20 20 20 27 27 12 12 27 27 27 27 27 27 27 27 27 27 27 27 27 27 27 27 27 34 34 34 34 34 34 34 34 34 34 34 34 34 34 34 34 32 32 32 32 32 32 32 32 32 32 32 32 32 32 32 32 32 32 32 32 32 32 32 32 32 32 33 33 33 33 33 33 33 33 33 33 33 33 33 33 33 33 33 33 33 33 33 33 33 33 33 33 33  8  8 25 25 25 25 25 25 25 25 11 11 11 11 11 11 11 11 11 11 11 11 11 11 11 11 11 11 11 
20 20 20 20 20 20 20 20 20 20 20 20 20 20 20 20 20 20 20 20 20 27 27 27 27 27 27 27 27 27 27 27 27 27 27 27 27 27 27 27 27 27 27 34 34 34 34 34 34 34 34 34 34 34 34 34 34 32 32 32 32 32 32 32 32 32 32 32 32 32 32 32 32 32 32 32 32 32 32 32 32 32 32 32 33 33 33 33 33 33 33 33 33 33 33 33 33 33 33 33 33 33 33 33 33 33 33 33 33 33 33  8  8 25 25 25 25 25 25 25 25 11 11 11 11 11 11 11 11 11 11 11 11 11 11 11 11 11 11 11 
20 20 20 20 20 20 20 20 20 20 20 20 20 20 20 20 20 20 20 20 20 27 27 27 27 27 27 27 27 27 27 27 27 27 27 27 27 27 27 27 27 27 27 34 34 34 34 34 34 34 34 34 34 34 34 34 32 32 32 32 32 32 32 32 32 32 32 32 32 32 32 32 32 32 32 32 32 32 32 32 32 32 32 34 33 33 33 33 33 33 33 33 33 33 33 33 33 33 33 33 33 33 33 33 33 33 33 33 33  8  8  8 25 25 25 25 25 25 25 25 25 25 25 11 11 11 11 11 11 11 11 11 11 11 11 11 11 11 11 11 
20 20 20 20 20 20 20 20 20 20 20 20 20 20 20 20 20 20 20 20 20 27 27 27 27 27 27 27 27 27 27 27 27 27 27 27 27 27 27 27 27 27 34 34 34 34 34 34 34 34 34 34 34 34 34 34 34 32 32 32 32 32 32 32 32 32 32 32 32 32 32 32 32 32 32 32 32 32 32 32 32 32 34 34 34 33 33 33 33 33 33 33 33 33 33 33 33 33 33 33 33 33 33 33 33 33 33  8  8  8  8  8  8 25 25 25 25 25 25 25 25 25 25 25 25 25 11 11 11 11 11 11 11 11 11 11 11 11 11 11 
20 20 20 20 20 20 20 20 20 20 20 20 20 20 20 20 20 17 20 17 17 17 27 27 17 27 27 27 27 27 27 27 27 27 27 27 27 27 27 27 27 27 34 34 34 34 34 34 34 34 34 34 34 34 34 34 34 32 32 32 32 32 32 32 32 32 32 32 32 32 32 32 32 32 32 32 32 32 32 32 32 32 32 32 34 34 33 33 33 33 33 33 33 33 33 33 33 33 33 33 33 33 33 33 33 33 33 33  8  8  8  8  8 25 25 25 25 25 25 25 25 25 25 25 25 25 11 11 11 11 11 11 11 11 11 11 11 11 11 11 
20 20 20 20 20 20 20 20 20 20 20 20 20 20 20 20 17 17 20 17 17 17 17 17 17 27 27 27 27 27 27 27 27 27 27 27 27 27 27 27 27 34 34 34 34 34 34 34 34 34 34 34 34 34 34 34 34 32 32 32 32 32 32 32 32 32 32 32 32 32 32 32 32 32 32 32 32 34 34 32 32 32 32 34 34 33 33 33 33 33 33 33 33 33 33 33 33 33 33 33 33 33 33 33 33 33 33 33  8  8  8  8  8 25 25 25 25 25 25 25 25 25 25 25 25 25 25 25 11 11 11 11 11 11 11 11 11 11 11 11 
20 20 20 20 20 20 20 20 20 20 20 20 20 20 20 20 20 17 17 17 17 17 17  6 27 27 18 27 27 27 27 27 27 27 27 27 27 27 27 27 27 34 34 34 34 34 34 34 34 34 34 34 34 34 34 34 34 34 34 32 32 32 32 32 32 32 32 32 32 32 32 32 32 34 34 34 34 34 34 32 32 32 34 34 34 34 33 33 33  2  2 33 33 33 33 33 33 33 33 33 33 33 33 33 33 33 33 33  8  8  8 25 25 25 25 25 25 25 25 25 25 25 25 25 25 25 25 25 25 25 11 11 11 11 11 11 11 11 11 11 
20 20 20 20 20 20 20 20 20 20 20 20 20 17 17 17 17 17 17  6 17  6  6  6  6 18 18 18 18 18 18 18 18 18 27 27 27 27 27 27 27 34 34 34 34 34 34 34 34 34 34 34 34 34 34 34 34 34 34 32 32 32 32 32 32 32 32 32 32 32 32 32 32 34 34 34 34 34 34 34 34 34 34 34 34 34 33 33 33  2  2  2 33  2  2  2 33 33 33 33 33 33 33 33 33 33  2  8  8  8  8 25 25 25 25 25 25 25 25 25 25 25 25 25 25 25 25 25 25 25 25 25 11 11 11 11 11 11 11 11 
20 20 20 20 20 20 20 20 20 20 20 20 20 20 17 17 17 17  6  6  6  6  6  6  6  6 18 18 18 18 18 18 18 18 27 27 27 27 27 27 27 34 34 34 34 34 34 34 34 34 34 34 34 34 34 34 34 34 34 34 34 32 32 32 34 34 32 32 32 32 32 32 32 34 34 34 34 34 34 34 34 34 34 34 18 18 18 33 33 33  2  2  2  2  2  2 33 33 33 33 33 33 33 33 33  2  2  8  8  8 25 25 25 25 25 25 25 25 25 25 25 25 25 25 25 25 25 25 25 25 25 25 25 11 11 11 11 11 11 11 
20 20 20 20 20 20 20 20 20 20 20 20 20 20 20 17 17 17  6  6  6  6  6  6  6  6  6 18 18 18 18 18 18 18 18 18 18 27 27 27 27 27 34 34 34 34 34 34 34 34 34 34 34 34 34 34 34 34 34 34 34 32 32 32 34 34 34 34 32 32 32 34 34 34 34 34 34 34 34 34 34 34 34 34 18 18 18 33  2  2  2  2  2  2  2  2  2 33  2  2 33 33 33 33 33  2  2  8  8  8  8 25 25 25 25 25 25 25 25 25 25 25 25 25 25 25 25 25 25 25 25 25 25 11 11 11 11 11 11 11 
20 20 20 20 20 20 20 20 20 20 20 20 20 20 20 20 17 17  6  6  6  6  6  6  6  6 18 18 18 18 18 18 18 18 18 18 18 27 27 27 27 27 34 34 34 34 34 34 34 34 34 34 34 34 34 34 34 34 34 34 34 34 34 34 34 34 34 32 32 34 34 34 34 34 34 34 34 34 34 34 34 34 18 18 18 18 18 18 18 21 21  2  2  2  2  2  2  2  2  2  2  2  2  2 33  2  2  2  2  8  8 25 25 25 25 25 25 25 25 25 25 25 25 25 25 25 25 25 25 25 25 25 25 25 25 11 11 11 11 11 
20 20 20 20 20 20 20 20 20 20 20 20 20 17 17 17 17  6  6  6 18 18  6 18 18 18 18 18 18 18 18 18 18 18 18 18 18 18 18 27 27 27 34 34 34 34 34 34 34 34 34 34 34 34 34 34 34 34 34 34 34 34 34 34 34 34 34 34 34 34 34 34 34 34 34 34 34 34 34 34 34 18 18 18 18 21 21 21 21 21  2  2  2  2  2  2  2  2  2  2  2  2  2  2  2  2  2  2  2  8  8  8 25 25 25 25 25 25 25 25 25 25 25 25 25 25 25 25 25 25 25 25 25 25 25 25 11 11 11 11 
20 20 20 20 20 20 20 20 20 20 17 17 17 17 17 17  6  6  6 18 18 18 18 18 18 18 18 18 18 18 18 18 18 18 18 18 18 18 18 27 27 27 27 34 34 34 34 34 34 34 34 34 34 34 34 34 34 34 34 34 34 34 34 34 34 34 34 34 34 34 34 34 34 34 34 34 34 34 34 34 34 18 18 18 18 21 21  2  2  2  2  2  2  2  2  2  2  2  2  2  2  2  2  2  2  2  2  2  2  8  8  8  8  8  8  8  8 25 25 25 25 25 25 25 25 25 25 25 25 25 25 25 25 25 25 25 11 11 11 11 
20 20 20 20 20 20 20 20 20 17 17 17 17 17 17  6  6  6  6 18 18 18 18 18 18 18 18 18 18 18 18 18 18 18 18 18 18 18 18 18 27 27 27 34 34 34 34 34 34 34 34 34 34 34 34 34 34 34 34 34 34 34 34 34 34 34 34 34 34 34 34 34 34 34 34 34 34 18 18 18 18 18 18 18 21 21  2  2  2  2  2  2  2  2  2  2  2  2  2  2  2  2  2  2  2  2  2  2  2  8  8  8  8  8  8  8  8 25 25 25 25 25 25 25 25 25 25 25 25 25 25 25 25 25 25 25 25 11 11 11 
20  3  3  3 17 17 17 20 20 17 17 17 17  6  6  6  6  6  6 18 18 18 18 18 18 18 18 18 18 18 18 18 18 18 18 18 18 18 18 18 18 27 27 27 34 34 34 34 18 18 18 34 34 34 34 34 34 34 34 34 34 34 34 34 34 34 34 34 34 34 34 34 34 34 34 34 34 18 18 18 18 18 18 21 21 21  2  2  2  2  2  2  2  2  2  2  2  2  2  2  2  2  2  2  2  2  2  2  2  8  8  8  8  8  8  8  8 25 25 25 25 25 25 25 25 25 25 25 25 25 25 25 25 25 25 25 25 11 11 11 
 3  3  3  3 17 17 17 17 17 17  6  6  6  6  6  6  6 18 18 18 18 18 18 18 18 18 18 18 18 18 18 18 18 18 18 18 18 18 18 18 18 18 27 34 34 34 34 34 18 18 18 34 34 34 34 34 34 34 34 34 34 34 34 34 34 34 34 34 34 18 18 34 34 18 18 18 18 18 18 18 18 18 21 21 21 21 21  2  2  2  2  2  2  2  2  2  2  2  2  2  2  2  2  2  2  2  2  2  2  8  8  8  8  8  8  8  8 25 25 25 25 25 25 25 25 25 25 25 25 25 25 25 25 25 25 25 25 25 11 11 
 3  3  3  3  3 17 17 17 17  6  6  6  6  6  6  6  6  6  6  6 18 18 18 18 18 18 18 18 18 18 18 18 18 18 18 18 18 18 18 18 18 18 27 18 34 34 18 18 18 18 18 34 34 34 18 18 18 34 34 34 34 34 34 34 34 34 34 34 18 18 18 18 18 18 18 18 18 18 18 18 18 21 21 21 21  2  2  2  2  2  2  2  2  2  2  2  2  2  2  2  2  2  2  2  2  2  2  2  2  8  8  8  8  8  8  8  8 25 25 25 25 25 25 25 25 25 25 25 25 25 25 25 25 25 25 25 25 25 25 25 
 3  3  3  3  3  3 17 17 17  6  6  6  6  6  6  6  6  6  6 18 18 18 18 18 18 18 18 18 18 18 18 18 18 18 18 18 18 18 18 18 18 18 18 18 18 18 18 18 18 18 18 18 18 34 18 18 18 34 34 34 34 34 34 34 34 18 18 18 18 18 18 18 18 18 18 18 18 18 18 18 18 21 21 21 21 21  2  2  2  2  2  2  2  2  2  2  2  2  2  2  2  2  2  2  2  2  2  2  2  2  2  8  8  8  8  8  8  8  8 25 25 25 25 25 25 25 25 25 25 25 25 25 25 25 25 25 25 25 25 25 
 3  3  3  3  3  3 17 17  6  6  6  6  6  6  6  6  6  6  6  6 18 18 18 18 18 18 18 18 18 18 18 18 18 18 18 18 18 18 18 18 18 18 18 18 18 18 18 18 21 21 21 18 18 18 18 18 18 18 18 18 18 18 34 18 18 18 18 18 18 18 18 18 18 18 18 18 18 18 18 18 18 18 21 21 21 21  2  2  2  2  2  2  2  2  2  2  2  2  2  2  2  2  2  2  2  2  2  2  2  2  8  8  8  8  8  8  8  8  8 25 25 25 25 25 25 25 25 25 25 25 25 25 25 25 25 25 25 25 25 25 
 3  3  3  3  3  3 17 17  6  6  6  6  6  6  6  6  6  6  6  6 18 18 18 18 18 18 18 18 18 18 18 18 18 18 18 18 18 18 18 18 18 18 18 18 21 21 21 18 21 21 21 21 18 18 18 18 18 18 18 18 18 18 18 18 18 18 18 18 18 18 18 18 18 18 18 18 18 18 18 18 21 21 21 21 21  2  2  2  2  2  2  2  2  2  2  2  2  2  2  2  2  2  2  2  2  2  2  2  2  2  8  8  8  8  8  8  8  8  8  8 25 25 25 25 25 25 25 25 25 25 25 25 25 25 25 25 25 25 25 25 
 3  3  3  3  3  3  3 17 17 17  6  6  6  6  6  6  6  6  6  6 18 18 18 18 18 18 18 18 18 18 18 18 18 18 18 18 18 18 18 18 18 18 18 21 21 21 21 21 21 21 21 21 21 18 18 18 18 18 18 18 18 18 18 18 18 18 18 18 18 18 18 18 18 18 18 18 18 21 21 21 21 21 21 21 21  2  2  2  2  2  2  2  2  2  2  2  2  2  2  2  2  2  2  2  2  2  2  2  2  2  8  8  8  8  8  8  8  8  8  8  8  8 25 25 25 25 25 25 25 25 25 25 25 25 25 25 25 25 25 25 
 3  3  3  3 17 17 17 17 17 17  6  6  6  6  6  6  6  6  6  6  6 18 18 18 18 18 18 18 18 18 18 18 18 18 18 18 18 18 18 18 18 18 18 21 21 21 21 21 21 21 21 21 21 21 18 18 18 18 18 18 18 18 18 18 18 18 18 18 18 18 18 18 18 18 18 21 21 21 21 21 21 21 21 21 21 21  2  2  2  2  2  2  2  2  2  2  2  2  2  2  2  2  2  2  2  2  2  2  2  8  8  8  8  8  8  8  8  8  8  8  8  8  8 25 25 25 25 25 25 25 25 25 25 25 25 25 25 25 25 25 
 3  3  3 17 17 17 17 17 17  6  6  6  6  6  6  6  6  6  6  6  6 18 18 18 18 18 18 18 18 18 18 18 18 18 18 18 18 18 18 18 18 21 21 21 21 21 21 21 21 21 21 21 21 21 18 18 18 18 18 18 18 18 18 18 18 18 18 18 18 21 21 18 18 18 21 21 21 21 29 29 29 29 29 29 29 21 21  2  2  2  2  2  2  2  2  2  2  2  2  2  2  2  2  2  2  2  2  2  2  8  8  8  8  8  8  8  8  8  8  8  8  8  8  8  8  8 25 25 25 25 25 25 25 25 25 25 25 25 25 25 
 3  3  3 17 17 17 17 17 17  6  6  6  6  6  6  6  6  6  6  6 18 18 18 18 18 18 18 18 18 18 18 18 18 18 18 18 18 18 18 18 18 18 21 21 21 21 21 21 21 21 21 21 21 21 21 21 21 21 21 21 18 18 18 18 18 18 18 18 21 21 21 21 21 21 21 21 21 21 21 29 29 29 29 29 29 29 21 29 29  2  2  2  2  2  2  2  2  2  2  2  2  2  2  2  2  2  2  2  2  8  8  8  8  8  8  8  8  8  8  8  8  8  8  8  8  8  8 25 25 25 25 25 25 25 25 25 25 25 25 25 
 3  3  3 17 17 17 17 17 17 17  6  6  6  6  6  6  6  6  6 18 18 18 18 18 18 18 18 18 21 21 18 18 18 18 18 18 18 21 21 18 18 21 21 21 21 21 21 21 21 21 21 21 21 21 21 21 21 21 21 21 21 21 18 18 18 21 21 21 21 21 21 21 21 21 21 21 21 21 29 29 29 29 29 29 29 29 21 21 29 29  2  2  2  2  2  2  2  2  2  2  2  2  2  2  2  2  2  2  2  2  8  8  8  8  8  8  8  8  8  8  8  8  8  8  8  8  8  8 25 25 25 25 25 25 25 25 25 25 25 25 
 3  3  3 17 17 17 17 17 17  6  6  6  6  6  6  6  6  6 18 18 18 18 18 18 18 18 18 21 21 21 21 21 21 21 21 21 21 21 21 21 21 21 21 21 21 21 21 21 21 21 21 21 21 21 21 21 21 21 21 21 21 21 18 21 21 21 21 21 21 21 21 21 21 21 21 21 29 29 29 29 29 29 29 29 29 29 29 29 29  2  2  2  2  2  2  2  2  2  2  2  2  2  2  2  2  2  2  2  2  2  8  8  8  8  8  8  8  8  8  8  8  8  8  8  8  8  8  8  8 25 25 25 25 25 25 25 25 25 25 25 
 3  3  3  3 17 17 17 17  6  6  6  6  6  6  6  6  6  6  6  6  6 18 18 18 18 18 21 21 21 21 21 21 21 21 21 21 21 21 21 21 21 21 21 21 21 21 21 21 21 21 21 21 21 21 21 21 21 21 21 21 21 21 21 21 21 21 21 21 21 21 21 21 21 29 21 29 29 29 29 29 29 29 29 29 29 29 29 29 29 29  2  2  2  2  2  2  2  2  2  2  2  2  2  2  2  2  2  2  2  8  8  8  8  8  8  8  8  8  8  8  8  8  8  8  8  8  8  8  8  8 25 25 25 25 25 25 25 25 25 25 
 3  3  3 17 17 17 17 17  6  6  6  6  6  6  6  6  6  6  6  6  6  6  6  6 21 21 21 21 21 21 21 21 21 21 21 21 21 21 21 21 21 21 21 21 21 21 21 21 21 21 21 21 21 21 21 21 21 21 21 21 21 21 21 21 21 21 21 21 21 21 21 21 29 29 29 29 29 29 29 29 29 29 29 29 29 29 29 29 29 29  2  2  2  2  2  2  2  2  2  2  2  2  2  2  2  2  2  2  8  8  8  8  8  8  8  8  8  8  8  8  8  8  8  8  8  8  8  8  8  8  8 25 25 25 25 25 25 25 25 25 
 3  3  3  3 17 17 17 17 17 17  6  6  6  6  6  6  6  6  6  6  6  6  6  6 21 21 21 21 21 21 21 21 21 21 21 21 21 21 21 21 21 21 21 21 21 21 21 21 21 21 21 21 21 21 21 21 21 21 21 21 21 21 21 21 21 21 21 21 29 29 21 21 29 29 29 29 29 29 29 29 29 29 29 29 29 29 29 29 29 29 29 29 29  2  2  2  2  2  2  2  2  2  2  2  2  2  2  2  8  8  8  8  8  8  8  8  8  8  8  8  8  8  8  8  8  8  8  8  8  8  8 25 25 25 25 25 25 25 25 25 
 3  3  3  3 17 17 17 17 17 17 17  6  6  6  6  6  6  6  6  6  6  6  6  6 21 21 21 21 21 21 21 21 21 21 21 21 21 21 21 21 21 21 21 21 21 21 21 21 21 21 21 21 21 21 21 21 13 13 13 21 21 21 21 21 21 21 21 21 29 29 29 29 29 29 29 29 29 29 29 29 29 29 29 29 29 29 29 29 29 29 29 29 29  2  2  2  2  2  2  2  2  2  2  2  2  2  2  2  8  8  8  8  8  8  8  8  8  8  8  8  8  8  8  8  8  8  8  8  8  8  8  8  8 25 25 25 25 25 25 25 
 3  3  3 17 17 17 17 17 17 17 17 17  6  6  6  6  6  6  6  6  6  6  6  6  6  6 21 21 21 21 21 21 21 21 21 21 21 21 21 21 21 21 21 21 21 21 21 21 21 21 21 21 21 21 21 21 13 13 13 13 13 21 21 21 21 21 21 21 29 29 29 29 29 29 29 29 29 29 29 29 29 29 29 29 29 29 29 29 29 29 29 29  2  2  2  2  2  2  2  2  2  2  2  2  2  2  2  2  2  8  8  8  8  8  8  8  8  8  8  8  8  8  8  8  8  8  8  8  8  8  8  8  8 25 25 25 25 25 25 25 
 3  3 17 17 17 17 17 17 17 17 17 17  6  6  6  6  6  6  6  6  6  6  6  6  6  6 21 21 21 21 21 21 21 21 21 21 21 21 21 21 21 21 21 21 21 21 21 21 21 21 21 21 21 21 21 21 13 13 13 13 13 21 21 21 21 21 21 21 29 29 29 29 29 29 29 29 29 29 29 29 29 29 29 29 29 29 29 29 29 29 29 29  2  2  2  2  2  2  2  2  2  2  2  2  2  2  2  2  2  2  8  8  8  8  8  8  8  8  8  8  8  8  8  8  8  8  8  8  8  8  8  8  8 25 25 25 25 25 25 25 
 3  3 17 17 17 17 17 17 17 17 17 17 17  6  6  6  6  6  6  6  6  6  6  6  6  6 21 21 21 21 21 21 21 21 21 21 21 21 21 21 21 21 21 21 21 21 21 21 21 21 21 21 21 13 13 13 13 13 13 13 13 13 13 13 29 29 29 21 29 29 29 29 29 29 29 29 29 29 29 29 29 29 29 29 29 29 29 29 29 29 29 29  2  2  2  2  2  2  2  2  2  2  2  2  2  2  2  2  2  2  8  8  8  8  8  8  8  8  8  8  8  8  8  8  8  8  8  8  8  8  8  8  8  8  8 25 25 25 25 25 
 3  3  3  3  3 17 17 17 17 17 17 17  6  6  6  6  6  6  6  6  6  6  6  6  6  6 21 21 21 21 21 21 21 21 21 21 21 21 21 21 21 21 21 21 21 21 21 21 21 21 21 21 13 13 13 13 13 13 13 13 13 13 13 13 29 29 29 29 29 29 29 29 29 29 29 29 29 29 29 29 29 29 29 29 29 29 29 29 29 29 29 29  2  2  2  2  2  2  2  2  2  2  2  2  2  2  2  2  2  8  8  8  8  8  8  8  8  8  8  8  8  8  8  8  8  8  8  8  8  8  8  8  8 25 25 25 25 25 25 25 
 3  3  3  3  3  3 17 17 17 17 17 17  6  6  6  6  6  6  6  6  6  6  6  6  6  6 21 21 21 21 21 21 21 21 21 21 21 21 21 21 21 21 21 21 21 21 13 13 13 13 13 13 13 13 13 13 13 13 13 13 13 13 13 29 29 29 29 29 29 29 29 29 29 29 29 29 29 29 29 29 29 29 29 29 29 29 29 29 29 29 29 29 29  2  2  2  2  2  2  2  2  2  2  2  2  2  2  2  2  8  8  8  8  8  8  8  8  8  8  8  8  8  8  8  8  8  8  8  8  8  8  8  8 25 25 25 25 25 25 25 
 3  3  3  3  3  3  3  3  3 17 17 17  6  6  6  6  6  6  6  6  6  6  6  6  6  6  6  6 21 21 24 24 21 21 21 21 21 21 21 21 21 21 21 21 21 21 13 13 13 13 13 13 13 13 13 13 13 13 13 13 13 13 13 13 29 29 29 29 29 29 29 29 29 29 29 29 29 29 29 29 29 29 29 29 29 29 29 29 29 29 29 29 29  2  2  2  2  2  2  2  2  2  2  2  2  2  2  2  2  8  8  8  8  8  8  8  8  8  8  8  8  8  8  8  8  8  8  8  8  8  8  8  8 25 25 25 25 25 25 25 
 3  3  3  3  3  3  3  3  3  3 17 17 17  6  6  6  6  6  6  6  6  6  6  6  6  6  6  6 24 24 24 24 21 21 21 21 21 21 21 21 21 21 21 21 13 13 13 13 13 13 13 13 13 13 13 13 13 13 13 13 13 13 29 29 29 29 29 29 29 29 29 29 29 29 29 29 29 29 29 29 29 29 29 29 29 29 29 29 29 29 29 29 29 29 29 29  2  2  2  2  2  2  2  2  2  2  2  2  8  8  8  8  8  8  8  8  8  8  8  8  8  8  8  8  8  8  8  8  8  8  8  8  8  8 25 25 25 25 25 25 
 3  3  3  3  3  3  3  3  3 17 17 17  6  6  6  6  6  6  6  6  6  6  6  6  6  6  6 24 24 24 24 24 24 21 21 21 21 21 21 21 21 13 13 13 13 13 13 13 13 13 13 13 13 13 13 13 13 13 13 13 13 13 13 29 29 29 29 29 29 29 29 29 29 29 29 29 29 29 29 29 29 29 29 29 29 29 29 29 29 29 29 29 29 29 29 29 29 29  2  2  2  2  2  2  2  2  2  2  8  8  8  8  8  8  8  8  8  8  8  8  8  8  8  8  8  8  8  8  8  8  8  8  8  8 25 25 25 25 25 25 
 3  3  3  3  3  3  3  3  3  3 17 17 17  6  6  6  6  6  6  6  6  6  6 17  6 24 24 24 24 24 24 24 24 24 24 24 21 21 21 21 21 21 13 13 13 13 13 13 13 13 13 13 13 13 13 13 13 13 13 13 13 13 13 29 24 24 29 29 29 29 29 29 29 29 29 29 29 29 29 29 29 29 29 29 29 29 29 29 29 29 29 29 29 29 29 29 29 29 29 29  2  2  2  2  2  2  2  2  2  8  8  8  8  8  8  8  8  8  8  8  8  8  8  8  8  8  8  8  8  8  8  8 25 25 25 25 25 25 25 25 
 3  3  3  3  3  3  3  3  3  3  3 17 17  6  6  6  6  6  6  6  6 17 17 17  6 24 24 24 24 24 24 24 24 24 24 24 24 24 24 24 13 13 13 13 13 13 13 13 13 13 13 13 13 13 13 13 13 13 13 13 13 13 13 24 24 24 29 29 29 29 29 29 29 29 29 29 29 29 29 29 29 29 29 29 29 29 29 29 29 29 29 29 29 29 29 29 29 29 29 29 29  2  2  2  2  2  2  2  2  8  8  8  8  8  8  8  8  8  8  8  8  8  8  8  8  8  8  8  8  8  8  8 25 25 25 25 25 25 25 25 
 3  3  3  3  3  3  3  3  3  3  3  3 17 17 17 17 17 17 17 17 17 17 17 17 24 24 24 24 24 24 24 24 24 24 24 24 24 24 24 24 24 13 13 13 13 13 13 13 13 13 13 13 13 13 13 13 13 13 13 13 13 13 13 13 24 24 29 29 24 29 29 29 29 29 29 29 29 29 29 29 29 29 29 29 29 29 29 29 29 29 29 29 29 29 29 29 29 29 29 29 29 29  2  2  2  2  2  2  2  8  8  8  8  8  8  8  8  8  8  8  8  8  8  8  8  8  8  8  8  8  8  8 25 25 25 25 25 25 25 25 
 3  3  3  3  3  3  3  3  3  3  3  3 17 17 17 17 17 17 17 17 17 17 17 17 17 24 24 24 24 24 24 24 24 24 24 24 24 24 24 13 13 13 13 13 13 13 13 13 13 13 13 13 13 13 13 13 13 13 13 13 13 13 13 24 24 24 29 24 24 24 29 29 29 29 29 29 29 29 29 29 29 29 29 29 29 29 29 29 29 29 29 29 29 29 29 29 29 29 29 29 29 29  2  2  2  2  2  2  2  8  8  8  8  8  8  8  8  8  8  8  8  8  8  8  8  8  8  8  8  8  8 25 25 25 25 25 25 25 25 25 
 3  3  3  3  3  3  3  3  3  3  3  3 17 17 17 17 17 17 17 17 17 17 17 17 17 17 24 24 24 24 24 24 24 24 24 24 24 13 13 13 13 13 13 13 13 13 13 13 13 13 13 13 13 13 13 13 13 13 13 13 24 24 24 24 24 24 24 24 24 24 24 24 29 29 29 29 29 29 29 29 29 29 29 29 29 29 29 29 29 29 29 29 29 29 29 29 29 29 29 29 29 29  2  2  2  2  2  2  2  8  8  8  8  8  8  8  8  8  8  8  8  8  8  8  8  8  8  8  8  8 25 25 25 25 25 25 25 25 25 25 
 3  3  3  3  3  3  3  3  3  3  3  3 17 17 17 17 17 17 17 17 17 17 17 17 17 17 17 24 24 24 24 24 24 24 24 24 24 13 13 13 13 13 13 13 13 13 13 13 13 13 13 13 13 13 13 13 13 13 13 13 24 24 24 24 24 24 35 24 35 35 35 35 35 35 29 29 29 29 29 29 29 29 29 29 29 29 29 29 29 29 29 29 29 29 29 29 29 29 29 29 29 29 29 29  2  2  2  2  2  2  8  8  8  8  8  8  8  8  8  8  8  8  8  8  8  8  8  8  8  8 25 25 25 25 25 25 25 25 25 25 
 3  3  3  3  3  3  3  3  3  3  3  3 17 17 17 17 17 17 17 17 17 17 17 17 17 17 17 17 24 24 24 24 24 24 24 24 24 13 13 13 13 13 13 13 13 13 13 13 13 13 13 13 13 13 13 13 13 13 13 13 24 24 24 24 24 35 35 35 35 35 35 35 35 35 35 29 29 29 29 29 29 29 29 29 29 29 29 29 29 10 29 29 29 10 10 10 10 29 10 29 29 29 29 29 29  2  2  2  2  2  8  8  8  8  8  8  8  8  8  8  8  8  8  8  8  8  8  8  8  8 25 25 25 25 25 25 25 25 25 25 
 3  3  3  3  3  3  3  3  3  3  3  3 17 17 17 17 17 17 17 17 17 17 17 17 17 17 17 17 24 24 24 24 24 24 24 24 24 13 13 13 13 13 13 13 13 13 13 13 13 13 13 13 13 13 13 13 13 13 13 13 13 24 24 24 24 35 35 35 35 35 35 35 35 35 35 35 35 29 29 29 29 29 29 29 29 29 29 29 29 10 10 10 29 10 10 10 10 10 10 29 29 29 29 29 29 29  2  2  2  2  2  2  2  8  8  8  8  8  8  8  8  8  8  8  8  8  8  8  8  8 25 25 25 25 25 25 25 25 25 25 
 3  3  3  3  3  3  3  3  3  3  3  3 17 17 17 17 17 17 17 17 17 17 17 17 17 17 17 24 24 24 24 24 24 24 24 24 24 13 13 13 13 13 13 13 13 13 13 13 13 13 13 13 13 13 13 13 13 13 13 13 13 24 24 24 24 35 35 35 35 35 35 35 35 35 35 35 35 35 29 29 29 29 29 29 29 29 29 29 29 10 10 10 10 10 10 10 10 10 10 10 29 29 29 29 29 10 10  2  2  2  2  2  2  8  8  8  8  8  8  8  8  8  8  8  8  8  8  8  8  8 25 25 25 25 25 25 25 25 25 25 
 3  3  3  3  3  3  3  3  3  3  3 17 17 17 17 17 17 17 17 17 17 17 17 17 17 17 17 24 24 24 24 24 24 24 24 24 24 13 13 13 13 13 13 13 13 13 13 13 13 13 13 13 13 13 13 13 13 13 13 13 24 24 24 24 24 35 35 35 35 35 35 35 35 35 35 35 35 35 29 29 29 29 29 29 29 29 29 29 29 10 10 10 10 10 10 10 10 10 10 10 10 10 29 29 29 10 10 10 10  2  2  2  2  2  2  8  2  8  8  8  8  8  8  8  8  8  8  8  8  8 25 25 25 25 25 25 25 25 25 25 
 3  3  3  3  3  3  3  3  3  3  3 17 17 17 17 17 17 26 26 26 17 17 17 17 17 17 17 17 26 24 24 24 24 24 24 24 13 13 13 13 13 13 13 13 13 13 13 13 13 13 13 13 13 13 13 13 24 24 24 24 24 24 24 35 35 35 35 35 35 35 35 35 35 35 35 35 35 35 35 29 29 29 29 35 35 10 10 10 10 10 10 10 10 10 10 10 10 10 10 10 10 10 10 29 29 10 10 10 10 10  2  2  2  2  2  2  2  2  2  8  8  8  8  8  8  8  8  8  8  8 25 25 25 25 25 25 25 25 25 25 
 3  3  3  3  3  3  3  3  3 17 17 17 17 17 17 17 17 26 26 26 26 26 26 26 26 26 26 26 26 24 24 24 24 24 24 24 24 13 13 13 13 13 13 13 13 13 13 13 13 13 13 13 13 24 24 24 24 24 24 24 24 24 24 24 35 35 35 35 35 35 35 35 35 35 35 35 35 35 35 35 35 35 35 35 10 10 10 10 10 10 10 10 10 10 10 10 10 10 10 10 10 10 10 10 10 10 10 10  2  2  2  2  2  2  2  2  2  2  2  2  2  2  8  8  8  8  8  8  8  8 25 25 25 25 25 25 25 25 25 25 
 3  3  3  3  3  3  3  3 17 17 17 17 17 17 17 17 17 26 26 26 26 26 26 26 26 26 26 26 26 24 24 24 24 24 24 24 24 13 13 13 13 13 13 13 13 13 13 13 13 13 13 13 13 24 24 24 24 24 24 24 24 24 24  1  1 35 35 35 35 35 35 35 35 35 35 35 35 35 35 35 35 35 35 35 35 10 10 10 10 10 10 10 10 10 10 10 10 10 10 10 10 10 10 10 10 10 10 10  2  2  2  2  2  2  2  2  2  2  2  2  2  2  8  8  8  8  8  8  8 25 25 25 25 25 25 25 25 25 25 25 
 3  3  3  3  3  3  3 17 17 17 17 17 26 26 26 26 26 26 26 26 26 26 26 26 26 26 26 26 26 24 24 24 24 24 24 24 24 24 13 13 13 13 13 13 13 13 13 13 13 13 13 13 24 24 24 24 24 24 24 24 24 24 24  1 35 35 35 35 35 35 35 35 35 35 35 35 35 35 35 35 35 35 35 35 35 10 10 10 10 10 10 10 10 10 10 10 10 10 10 10 10 10 10 10 10 10 10 10 10  2  2  2  2  2  2  2  2  2  2  2  2  2  8  8  8  8  8  8 25 25 25 25 25 25 25 25 25 25 25 25 
 3  3  3  3  3  3  3 17 31 31 17 17 26 26 26 26 26 26 26 26 26 26 26 26 26 26 26 26 26 24 24 24 24 24 24 24 24 13 13 13 13 13 13 13 13 13 13 13 13 13 13 13 24 24 24 24 24 24 24 24 24  1  1  1 35 35 35 35 35 35 35 35 35 35 35 35 35 35 35 35 35 35 35 35 35 10 10 10 10 10 10 10 10 10 10 10 10 10 10 10 10 10 10 10 10 10 10 10 10 10 10 10  2  2  2  2  2  2  2  2  2  2  2  8  8  8  8  8 25 25 25 25 25 25 25 25 25 25 25 25 
 3  3  3  3  3  3  3 17 31 31 31 31 26 26 26 26 26 26 26 26 26 26 26 26 26 26 26 26 26 26 26 26 24 24 24 24 24 24 13 13 13 13 13 13 13 13 13 13 13 13 24 24 24 24 24 24 24 24 24 24  1  1  1  1 35 35 35 35 35 35 35 35 35 35 35 35 35 35 35 35 35 35 35 35 35 10 10 10 10 10 10 10 10 10 10 10 10 10 10 10 10 10 10 10 10 10 10 10 10 10 10 10  2  2  2  2  2  2  2  2  2  2  2  2  2  8  8  8 19 25 25 25 25 25 25 25 25 25 25 25 
 3  3  3  3  3  3  3 17 31 31 31 31 26 26 26 26 26 26 26 26 26 26 26 26 26 26 26 26 26 26 26 24 24 24 24 24 24 24 13 13 13 13 13 13 13 13 13 13 13 24 24 24 24 24 24 24 24 24 24 24  1  1  1  1 35 35 35 35 35 35 35 35 35 35 35 35 35 35 35 35 35 35 35 35 35 10 10 10 10 10 10 10 10 10 10 10 10 10 10 10 10 10 10 10 10 10 10 10 10 10 10 10 10  2  2  2  2  2  2  2  2  2  2  2 19  8  8  8 19 25 25 25 25 25 25 25 25 25 25 25 
 3  3  3  3 31 31 31 31 31 31 31 31 26 26 26 26 26 26 26 26 26 26 26 26 26 26 26 26 26 26 26 26 26 24 24 24 24 13 13 13 13 13 13 13 13 13 13 13 13 24 24 24 24 24 24 24 24 24  1  1  1  1  1  1 35 35 35 35 35 35 35 35 35 35 35 35 35 35 35 35 35 35 35 35 35 10 10 10 10 10 10 10 10 10 10 10 10 10 10 10 10 10 10 10 10 10 10 10 10 10 10 10 10  2  2  2  2  2  2  2  2  2  2  2 19 19 19  8 19 19 19 25 25 25 25 25 25 25 25 25 
 3  3  3  3 31 31 31 31 31 31 31 31 31 31 26 26 26 26 26 26 26 26 26 26 26 26 26 26 26 26 26 26 24 24 24 24 24 24 13 13 13 13 13 13 13 13 13 13 24 24 24 24 24 24 24 24 24 24  1  1  1  1  1 35 35 35 35 35 35 35 35 35 35 35 35 35 35 35 35 35 35 35 35 35 10 10 10 10 10 10 10 10 10 10 10 10 10 10 10 10 10 10 10 10 10 10 10 10 10 10 10 10 10 10 10 10  2  2  2  2  2  2 19 19 19 19 19 19 19 19 19 19 25 25 25 25 25 25 25 25 
 3  3  3 31 31 31 31 31 31 31 31 31 31 31 26 26 26 26 26 26 26 26 26 26 26 26 26 26 26 26 26 26 24 24 24 24 24 13 13 13 13 13 24 13 13 13 13 24 24 24 24 24 24 24 24 24 24 24  1  1  1  1  1 35 35 35 35 35 35 35 35 35 35 35 35 35 35 35 35 35 35 35 35 35 10 10 10 10 10 10 10 10 10 10 10 10 10 10 10 10 10 10 10 10 10 10 10 10 10 10 10 10 10 10 10 10 10 10 10  2  2  2 19 19 19 19 19 19 19 19 19 19 19 19 19 25 25 25 25 25 
31 31 31 31 31 31 31 31 31 31 31 31 31 26 26 31 31 26 26 26 26 26 26 26 26 26 26 26 26 26 26 26 24 24 24 24 24 13 24 13 24 24 24 24 24 24 24 24 24 24 24 24 24 24 24 24 24  1  1  1  1  1  1 35 35 35 35 35 35 35 35 35 35 35 35 35 35 35 35 35 35 35 35 35 35 10 10 10 10 10 10 10 10 10 10 10 10 10 10 10 10 10 10 10 10 10 10 10 10 10 10 10 10 10 10 10 10 10 10 19 19 19 19 19 19 19 19 19 19 19 19 19 19 19 19 25 25 25 25 25 
31 31 31 31 31 31 31 31 31 31 31 31 31 31 31 31 31 31 31 31 26 26 26 26 26 26 26 26 26 26 26 26 26 24 24 24 24 24 24 24 24 24 24 24 24 24 24 24 24 24 24 24 24 24 24 24  1  1  1  1  1  1  1  1  1 35 35 35 35 35 35 35 35 35 35 35 35 35 35 35 35 35 35 35 35 10 10 10 10 10 10 10 10 10 10 10 10 10 10 10 10 10 10 10 10 10 10 10 10 10 10 10 10 10 10 10 10 10 10 19 19 19 19 19 19 19 19 19 19 19 19 19 19 19 19 25 25 25 25 25 
31 31 31 31 31 31 31 31 31 31 31 31 31 31 31 31 31 31 31 31 26 26 26 26 26 26 26 26 26 26 26 26 26 24 24 24 24 24 24 24 24 24 24 24 24 24 24 24 24 24  1  1  1 24 24 24  1  1  1  1  1  1  1  1  1 35 35 35 35 35 35 35 35 35 35 35 35 35 35 35 35 35 35 35 35 35 10 10 10 10 10 10 10 10 10 10 10 10 10 10 10 10 10 10 10 10 10 10 10 10 10 10 10 10 10 10 10 19 19 19 19 19 19 19 19 19 19 19 19 19 19 19 19 19 19 25 25 25 25 25 
31 31 31 31 31 31 31 31 31 31 31 31 31 31 31 31 31 31 31 31 26 26 26 26 26 26 26 26 26 26 26 26 26 26 24 24 24 24 24 24 24 24 24 24 24 24  1  1  1  1  1  1  1  1  1  1  1  1  1  1  1  1  1  1 35 35 35 35 35 35 35 35 35 35 35 35 35 35 35 35 35 35 35 35 35 10 10 10 10 10 10 10 10 10 10 10 10 10 10 10 10 10 10 10 10 10 10 10 10 10 10 10 10 10 10 10 10 10 19 19 19 19 19 19 19 19 19 19 19 19 19 19 19 19 19 19 25 25 25 25 
31 31 31 31 31 31 31 31 31 31 31 31 31 31 31 31 31 31 31 31 26 26 26 26 26 26 26 26 26 26 26 26 26 26 24 24 24 24 24 24 24 24 24 24 24  1  1  1  1  1  1  1  1  1  1  1  1  1  1  1  1  1  1 35 35 35 35 35 35 35 35 35 35 35 35 35 35 35 35 35 35 35 35 35 10 10 10 10 10 10 10 10 10 10 10 10 10 10 10 10 10 10 10 10 10 10 10 10 10 10 10 10 10 10 10 19 19 19 19 19 19 19 19 19 19 19 19 19 19 19 19 19 19 19 19 19 25 25 25 25 
31 31 31 31 31 31 31 31 31 31 31 31 31 31 31 31 31 31 31 31 31 26 26 26 26 26 26 26 26 26 26 26 26 26 24 24 24 24 24 24 24 24 24 24 24  1  1  1  1  1  1  1  1  1  1  1  1  1  1  1  1  1  1  1 35 35 35 35 35 35 35 35 35 35 35 35 35 35 35 35 35 35 35 10 10 10 10 10 10 10 10 10 10 10 10 10 10 10 10 10 10 10 10 10 10 10 10 10 10 10 10 10 10 10 10 19 19 19 19 19 19 19 19 19 19 19 19 19 19 19 19 19 19 19 19 19 19 25 25 25 
31 31 31 31 31 31 31 31 31 31 31 31 31 31 31 31 31 31 31 31 31 26 26 26 26 26 26 26 26 26 26 26 26 26 26 24 24 24 24 24 24 24 24  1  1  1  1  1  1  1  1  1  1  1  1 15 15  1  1  1  1  1  1  1  1 35 35 35 35 35 35 35 35 35 35 35 35 35 35 35 35 35 35 35 10 10 10 10 10 10 10 10 10 10 10 10 10 10 10 10 10 10 10 10 10 10 10 10 10 10 10 19 19 19 19 19 19 19 19 19 19 19 19 19 19 19 19 19 19 19 19 19 19 19 19 19 19 19 19 25 
31 31 31 31 31 31 31 31 31 31 31 31 31 31 31 31 31 31 31 31 31 31 26 31 26 26 26 26 26 26 26 26 26 26 26 24 24 24 24 24 24 24 24  1  1  1  1  1  1  1  1  1  1  1  1 15 15  1  1 15 15 15  1  1  1 35 35 35 35 35 35 35 35 35 35 35 35 35 35 35 35 35 35 35 35 10 10 10 10 10 10 10 10 10 10 10 10 10 10 10 10 10 10 10 10 10 10 10 10 10 10 19 19 19 19 19 19 19 19 19 19 19 19 19 19 19 19 19 19 19 19 19 19 19 19 19 19 19 19 19 
31 31 31 31 31 31 31 23 31 31 31 23 31 31 23 23 23 23 31 31 31 31 31 31  7  7  7  7  7  7 26 26 26 26 26 24 24 24 24 24 24 24  1  1  1  1  1  1  1  1  1  1 15 15 15 15 15 15 15 15 15 15  1  1 15 15 35 35 35 35 35 35 35 35 35 35 35 35 35 35 35 35 35 35 35 10 10 10 10 10 10 10 10 10 10 10 10 10 10 10 10 10 10 10 10 10 10 10 10 10 19 19 19 19 19 19 19 19 19 19 19 19 19 19 19 19 19 19 19 19 19 19 19 19 19 19 19 19 19 19 
31 31 23 23 23 23 23 23 23 31 31 23 23 23 23 23 23 23 23 23 31 31 31 31  7  7  7  7  7 26 26 26 26 26 26 24 24 24 24 24  1  1  1  1  1  1  1  1  1  1  1  1 15 15 15 15 15 15 15 15 15  1  1  1 15 15 35 35 35 35 35 35 35 35 35 35 35 35 35 35 35 35 35 35 10 10 10 10 10 10 10 10 10 10 10 10 10 10 10 10 10 10 10 10 10 10 10 10 10 10 10 19 19 19 19 19 19 19 19 19 19 19 19 19 19 19 19 19 19 19 19 19 19 19 19 19 19 19 19 19 
31 23 23 23 23 23 23 23 23 23 23 23 23 23 23 23 23 23 23 23 31 31  7  7  7  7  7  7  7  7  7  7  7  7 26 24 26 24 24 24  1  1  1  1  1  1  1  1  1  1  1 15 15 15 15 15 15 15 15 15 15 15 15 15 15 15 15 35 35 35 35 35 15 15 35 35 35 35 35 35 35 35 35 35 10 10 10 10 10 10 10 10 10 10 10 10 10 10 10 10 10 10 10 10 10 10 10 10 10 10 35 19 19 19 19 19 19 19 19 19 19 19 19 19 19 19 19 19 19 19 19 19 19 19 19 19 19 19 19 19 
31 23 23 23 23 23 23 23 23 23 23 23 23 23 23 23 23 23 23 23 23 31 31 31  7  7  7  7  7  7  7  7  7  7 26 26 26 26 24  1  1  1  1  1  1  1  1  1  1  1  1 15 15 15 15 15 15 15 15 15 15 15 15 15 15 15 15 35 15 15 15 15 15 15 35 35 35 35 35 35 35 35 35 35 35 10 10 10 10 10 10 10 10 10 10 10 10 10 10 10 10 10 10 10 10 10 35 10 10 10 35 35 19 19 19 19 19 19 19 19 19 19 19 19 19 19 19 19 19 19 19 19 19 19 19 19 19 19 19 19 
31 31 23 23 23 23 23 23 23 23 23 23 23 23 23 23 23 23 23 23 23 31 31  7  7  7  7  7  7  7  7  7  7  7  7 26  1 26  1  1  1  1  1  1  1  1  1  1  1  1  1 15 15 15 15 15 15 15 15 15 15 15 15 15 15 15 15 15 15 15 15 15 15 15 35 35 35 35 35 35 35 35 35 35 35 35 10 10 10 10 10 10 10 10 10 10 10 10 10 10 10 10 35 10 10 10 35 35 35 35 35 19 19 19 19 19 19 19 19 19 19 19 19 19 19 19 19 19 19 19 19 19 19 19 19 19 19 19 19 19 
31 31 23 23 23 23 23 23 23 23 23 23 23 23 23 23 23 23 23 23  7  7 31  7  7  7  7  7  7  7  7  7  7  7  7  1  1  1  1  1  1  1  1  1  1  1  1  1  1  1  1  1 15 15 15 15 15 15 15 15 15 15 15 15 15 15 15 15 15 15 15 15 15 15 35 35 35 35 35 35 35 35 35 35 35 35 10 10 10 10 10 10 10 10 10 10 10 10 10 10 10 10 35 35 35 10 35 35 35 35 19 19 19 19 19 19 19 19 19 19 19 19 19 19 19 19 19 19 19 19 19 19 19 19 19 19 19 19 19 19 
31 23 23 23 23 23 23 23 23 23 23 23 23 23 23 23 23 23  7  7  7  7  7  7  7  7  7  7  7  7  7  7  7  7  7  7  1  1  1  1  1  1  1  1  1  1  1  1  1  1  1 15 15 15 15 15 15 15 15 15 15 15 15 15 15 15 15 15 15 15 15 15 15 15 35 35 35 35 35 35 35 35 35 35 35 35 35 35 10 35 10 10 10 10 10 10 10 10 10 10 10 10 10 35 35 35 35 35 35 35 35 19 19 19 19 19 19 19 19 19 19 19 19 19 19 19 19 19 19 19 19 19 19 19 19 19 19 19 19 19 
31 23 23 23 23 23 23 23 23 23 23 23 23 23 23 23 23  7  7  7  7  7  7  7  7  7  7  7  7  7  7  7  7  7  7  1  1  1  1  1  1  1  1  1  1  1  1  1  1  1 15 15 15 15 15 15 15 15 15 15 15 15 15 15 15 15 15 15 15 15 15 15 15 15 35 35 35 35 35 35 35 35 15 15 35 35 35 35 35 35 10 10 10 10 10 10 10 10 10 10 35 35 35 35 35 35 35 35 35 35 19 19 19 19 19 19 19 19 19 19 19 19 19 19 19 19 19 19 19 19 19 19 19 19 19 19 19 19 19 19 
31 31 31 23 23 23 23 23 23 23 23 23 23 23 23 23 23 23  7  7  7  7  7  7  7  7  7  7  7  7  7  7  7  7  7  1  1  1  1  1  1  1  1  1  1  1  1  1  1  1 15 15 15 15 15 15 15 15 15 15 15 15 15 15 15 15 15 15 15 15 15 15 15 15 15 15 35 15 35 15 15 15 15 15 15 35 35 35 35 35 35 10 10 10 10 10 10 10 10 10 35 35 35 35 35 35 35 35 35 35 19 19 19 19 19 19 19 19 19 19 19 19 19 19 19 19 19 19 19 19 19 19 19 19 19 19 19 19 19 19 
31 23 23 23 23 23 23 23 23 23 23 23 23 23 23 23 23  7  7  7  7  7  7  7  7  7  7  7  7  7  7  7  7  7  7  1  1  1  1  1  1  1  1  1  1  1  1  1 15 15 15 15 15 15 15 15 15 15 15 15 15 15 15 15 15 15 15 15 15 15 15 15 15 15 15 15 15 15 15 15 15 15 15 15 15 35 35 35 35 35 35 35 10 10 10 10 10 10 10 10 35 35 35 35 35 35 35 35 35 19 19 19 19 19 19 19 19 19 19 19 19 19 19 19 19 19 19 19 19 19 19 19 19 19 19 19 19 19 19 19 
31 23 23 23 23 23 23 23 23 23 23 23 23 23 23 23 23  7  7  7  7  7  7  7  7  7  7  7  7  7  7  7  7  7  7  1  1  1  1  1  1  1  1  1  1  1  1 15 15 15 15 15 15 15 15 15 15 15 15 15 15 15 15 15 15 15 15 15 15 15 15 15 15 15 15 15 15 15 15 15 15 15 15 15 15 35 35 35 35 35 35 35 35 10 10 10 10 10 35 35 35 35 35 35 35 35 35 35 35 19 19 19 19 19 19 19 19 19 19 19 19 19 19 19 19 19 19 19 19 19 19 19 19 19 19 19 19 19 19 19 
23 23 23 23 23 23 23 23 23 23 23 23 23 23 23 23 23  7  7  7  7  7  7  7  7  7  7  7  7  7  7  7  7  7  7  1  1  1  1  1  1  1  1  1  1  1  1 15 15 15 15 15 15 15 15 15 15 15 15 15 15 15 15 15 15 15 15 15 15 15 15 15 15 15 15 15 15 15 15 15 15 15 15 15 15 35 35 35 35 35 35 35 35 10 10 35 35 35 35 35 35 35 35 35 35 35 35 35 19 19 19 19 19 19 19 19 19 19 19 19 19 19 19 19 19 19 19 19 19 19 19 19 19 19 19 19 19 19 19 19 
23 23 23 23 23 23 23 23 23 23 23 23 23 23 23 23 23  7  7  7  7  7  7  7  7  7  7  7  7  7  7  7  7  7  7  1  1  1  1  1  1  1  1  1  1  1 15 15 15 15 15 15 15 15 15 15 15 15 15 15 15 15 15 15 15 15 15 15 15 15 15 15 15 15 15 15 15 15 15 15 15 15 15 15 15 15 15 15 35 35 35 35 35 35 35 35 35 35 35 35 35 35 35 35 35 35 35 35 19 19 19 19 19 19 19 19 19 19 19 19 19 19 19 19 19 19 19 19 19 19 19 19 19 19 19 19 19 19 19 19 
23 23 23 23 23 23 23 23 23 23 23 23 23 23 23 23  7  7  7  7  7  7  7  7  7  7  7  7  7  7  7  7  7  7  7  1  1  1  1  1  1  1  1  1  1  1 15 15 15 15 15 15 15 15 15 15 15 15 15 15 15 15 15 15 15 15 15 15 15 15 15 15 15 15 15 15 15 15 15 15 15 15 15 15 15 15 15 15 15 15 15 15 35 35 35 35 35 35 35 35 35 35 35 35 35 15 35 35 19 19 19 19 19 19 19 19 19 19 19 19 19 19 19 19 19 19 19 19 19 19 19 19 19 19 19 19 19 19 19 19 
23 23 23 23 23 23 23 23 23 23 23 23 23 23 23 23  7  7  7  7  7  7  7  7  7  7  7  7  7  7  7  7  7  7  1  1  1  1  1  1  1  1  1  1  1  1  1 15 15 15 15 15 15 15 15 15 15 15 15 15 15 15 15 15 15 15 15 15 15 15 15 15 15 15 15 15 15 15 15 15 15 15 15 15 15 15 15 15 15 15 15 15 35 35 35 35 35 35 35 35 35 35 15 15 15 15 15 15 15 19 19 19 19 19 19 19 19 19 19 19 19 19 19 19 19 19 19 19 19 19 19 19 19 19 19 19 19 19 19 19 
23 23 23 23 23 23 23 23 23 23 23 23 23 23 23  7  7  7  7  7  7  7  7  7  7  7  7  7  7  7  7  7  7  7  1  1  1  1  1  1  1  1  1  1  1  1  1 15 15 15 15 15 15 15 15 15 15 15 15 15 15 15 15 15 15 15 15 15 15 15 15 15 15 15 15 15 15 15 15 15 15 15 15 15 15 15 15 15 15 15 15 15 35 35 35 35 35 35 35 35 35 15 15 15 15 15 15 15 15 19 19 19 19 19 19 19 19 19 19 19 19 19 19 19 19 19 19 19 19 19 19 19 19 19 19 19 19 19 19 19 
23 23 23 23 23 23 23 23 23 23 23 23 23 23  7  7  7  7  7  7  7  7  7  7  7  7  7  7  7  7  7  7  7  7  1  1  1  1  1  1  1  1  1  1  1  1  1  1  1 15 15 15  1 15 15 15 15  1 15 15 15 15 15 15 15 15 15 15 15 15 15 15 15 15 15 15 15 15 15 15 15 15 15 15 15 15 15 15 15 15 15 15 35 15 35 35 35 35 35 15 15 15 15 15 15 15 15 15 15 19 19 19 19 19 19 19 19 19 19 19 19 19 19 19 19 19 19 19 19 19 19 19 19 19 19 19 19 19 19 19 
23 23 23 23 23 23 23 23 23 23 23 23 23 23  7  7  7  7  7  7  7  7  7  7  7  7  7  7  7  7  7  1  1  1  1  1  1  1  1  1  1  1  1  1  1  1  1  1  1  1  1  1  1  1  1 15  1  1  1 15 15 15 15 15 15 15 15 15 15 15 15 15 15 15 15 15 15 15 15 15 15 15 15 15 15 15 15 15 15 15 15 15 15 15 15 15 15 15 15 15 15 15 15 15 15 15 15 15 15 15 19 19 19 19 19 19 19 19 19 19 19 19 19 19 19 19 19 19 19 19 19 19 19 19 19 19 19 19 19 19 
23 23 23 23 23 23 23 23 23 23 23 23 23 23  7  7  7  7  7  7  7  7  7  7  7  7  7  7  7  7  7  1  1  1  1  1  1  1  1  1  1  1  1  1  1  1  1  1  1  1  1  1  1  1  1  1  1  1  1 15 15 15 15 15 15 15 15 15 15 15 15 15 15 15 15 15 15 15 15 15 15 15 15 15 15 15 15 15 15 15 15 15 15 15 15 15 15 15 15 15 15 15 15 15 15 15 15 15 15 15 19 19 19 19 19 19 19 19 19 19 19 19 19 19 19 19 19 19 19 19 19 19 19 19 19 19 19 19 19 19 
