35
1 4 0 1 2 3
2 4 0 1 2 3
3 4 0 1 2 3
4 4 0 1 2 3
5 4 0 1 2 3
6 4 0 1 2 3
7 4 0 1 2 3
8 4 0 1 2 3
9 4 0 1 2 3
10 4 0 1 2 3
11 4 0 1 2 3
12 4 0 1 2 3
13 4 0 1 2 3
14 4 0 1 2 3
15 4 0 1 2 3
16 4 0 1 2 3
17 4 0 1 2 3
18 4 0 1 2 3
19 4 0 1 2 3
20 4 0 1 2 3
21 4 0 1 2 3
22 4 0 1 2 3
23 4 0 1 2 3
24 4 0 1 2 3
25 4 0 1 2 3
26 4 0 1 2 3
27 4 0 1 2 3
28 4 0 1 2 3
29 4 0 1 2 3
30 4 0 1 2 3
31 4 0 1 2 3
32 4 0 1 2 3
33 4 0 1 2 3
34 4 0 1 2 3
35 4 0 1 2 3
87
1 35 4   0 0   1 1   2 2   3 3
1 7 4   0 0   1 1   2 2   3 3
1 24 4   0 0   1 1   2 2   3 3
1 26 4   0 0   1 1   2 2   3 3
1 15 4   0 0   1 1   2 2   3 3
2 33 4   0 0   1 1   2 2   3 3
2 18 4   0 0   1 1   2 2   3 3
2 19 4   0 0   1 1   2 2   3 3
2 21 4   0 0   1 1   2 2   3 3
2 8 4   0 0   1 1   2 2   3 3
2 10 4   0 0   1 1   2 2   3 3
2 29 4   0 0   1 1   2 2   3 3
3 17 4   0 0   1 1   2 2   3 3
3 20 4   0 0   1 1   2 2   3 3
3 31 4   0 0   1 1   2 2   3 3
4 33 4   0 0   1 1   2 2   3 3
4 8 4   0 0   1 1   2 2   3 3
4 25 4   0 0   1 1   2 2   3 3
4 11 4   0 0   1 1   2 2   3 3
4 28 4   0 0   1 1   2 2   3 3
5 22 4   0 0   1 1   2 2   3 3
5 9 4   0 0   1 1   2 2   3 3
5 28 4   0 0   1 1   2 2   3 3
5 30 4   0 0   1 1   2 2   3 3
6 17 4   0 0   1 1   2 2   3 3
6 18 4   0 0   1 1   2 2   3 3
6 21 4   0 0   1 1   2 2   3 3
6 24 4   0 0   1 1   2 2   3 3
6 27 4   0 0   1 1   2 2   3 3
7 23 4   0 0   1 1   2 2   3 3
7 26 4   0 0   1 1   2 2   3 3
7 31 4   0 0   1 1   2 2   3 3
8 33 4   0 0   1 1   2 2   3 3
8 19 4   0 0   1 1   2 2   3 3
8 25 4   0 0   1 1   2 2   3 3
9 16 4   0 0   1 1   2 2   3 3
9 12 4   0 0   1 1   2 2   3 3
9 30 4   0 0   1 1   2 2   3 3
9 14 4   0 0   1 1   2 2   3 3
10 35 4   0 0   1 1   2 2   3 3
10 19 4   0 0   1 1   2 2   3 3
10 29 4   0 0   1 1   2 2   3 3
11 25 4   0 0   1 1   2 2   3 3
11 28 4   0 0   1 1   2 2   3 3
12 16 4   0 0   1 1   2 2   3 3
12 20 4   0 0   1 1   2 2   3 3
12 27 4   0 0   1 1   2 2   3 3
12 14 4   0 0   1 1   2 2   3 3
13 21 4   0 0   1 1   2 2   3 3
13 24 4   0 0   1 1   2 2   3 3
13 29 4   0 0   1 1   2 2   3 3
14 32 4   0 0   1 1   2 2   3 3
14 34 4   0 0   1 1   2 2   3 3
14 27 4   0 0   1 1   2 2   3 3
14 30 4   0 0   1 1   2 2   3 3
15 35 4   0 0   1 1   2 2   3 3
15 19 4   0 0   1 1   2 2   3 3
16 20 4   0 0   1 1   2 2   3 3
17 20 4   0 0   1 1   2 2   3 3
17 24 4   0 0   1 1   2 2   3 3
17 26 4   0 0   1 1   2 2   3 3
17 27 4   0 0   1 1   2 2   3 3
17 31 4   0 0   1 1   2 2   3 3
18 33 4   0 0   1 1   2 2   3 3
18 34 4   0 0   1 1   2 2   3 3
18 21 4   0 0   1 1   2 2   3 3
18 27 4   0 0   1 1   2 2   3 3
19 35 4   0 0   1 1   2 2   3 3
19 25 4   0 0   1 1   2 2   3 3
20 27 4   0 0   1 1   2 2   3 3
21 24 4   0 0   1 1   2 2   3 3
21 29 4   0 0   1 1   2 2   3 3
22 28 4   0 0   1 1   2 2   3 3
23 31 4   0 0   1 1   2 2   3 3
24 35 4   0 0   1 1   2 2   3 3
24 26 4   0 0   1 1   2 2   3 3
24 29 4   0 0   1 1   2 2   3 3
26 31 4   0 0   1 1   2 2   3 3
27 34 4   0 0   1 1   2 2   3 3
28 33 4   0 0   1 1   2 2   3 3
28 30 4   0 0   1 1   2 2   3 3
29 35 4   0 0   1 1   2 2   3 3
30 32 4   0 0   1 1   2 2   3 3
30 33 4   0 0   1 1   2 2   3 3
32 33 4   0 0   1 1   2 2   3 3
32 34 4   0 0   1 1   2 2   3 3
33 34 4   0 0   1 1   2 2   3 3
