36
1 4 0 1 2 3
2 4 0 1 2 3
3 4 0 1 2 3
4 4 0 1 2 3
5 4 0 1 2 3
6 4 0 1 2 3
7 4 0 1 2 3
8 4 0 1 2 3
9 4 0 1 2 3
10 4 0 1 2 3
11 4 0 1 2 3
12 4 0 1 2 3
13 4 0 1 2 3
14 4 0 1 2 3
15 4 0 1 2 3
16 4 0 1 2 3
17 4 0 1 2 3
18 4 0 1 2 3
19 4 0 1 2 3
20 4 0 1 2 3
21 4 0 1 2 3
22 4 0 1 2 3
23 4 0 1 2 3
24 4 0 1 2 3
25 4 0 1 2 3
26 4 0 1 2 3
27 4 0 1 2 3
28 4 0 1 2 3
29 4 0 1 2 3
30 4 0 1 2 3
31 4 0 1 2 3
32 4 0 1 2 3
33 4 0 1 2 3
34 4 0 1 2 3
35 4 0 1 2 3
36 4 0 1 2 3
88
1 34 4   0 0   1 1   2 2   3 3
1 19 4   0 0   1 1   2 2   3 3
1 21 4   0 0   1 1   2 2   3 3
1 6 4   0 0   1 1   2 2   3 3
1 10 4   0 0   1 1   2 2   3 3
1 14 4   0 0   1 1   2 2   3 3
2 16 4   0 0   1 1   2 2   3 3
2 35 4   0 0   1 1   2 2   3 3
2 11 4   0 0   1 1   2 2   3 3
2 30 4   0 0   1 1   2 2   3 3
3 33 4   0 0   1 1   2 2   3 3
3 26 4   0 0   1 1   2 2   3 3
3 15 4   0 0   1 1   2 2   3 3
4 18 4   0 0   1 1   2 2   3 3
4 8 4   0 0   1 1   2 2   3 3
4 25 4   0 0   1 1   2 2   3 3
4 11 4   0 0   1 1   2 2   3 3
5 24 4   0 0   1 1   2 2   3 3
5 26 4   0 0   1 1   2 2   3 3
5 12 4   0 0   1 1   2 2   3 3
5 29 4   0 0   1 1   2 2   3 3
5 31 4   0 0   1 1   2 2   3 3
6 19 4   0 0   1 1   2 2   3 3
6 23 4   0 0   1 1   2 2   3 3
6 14 4   0 0   1 1   2 2   3 3
7 32 4   0 0   1 1   2 2   3 3
7 36 4   0 0   1 1   2 2   3 3
7 23 4   0 0   1 1   2 2   3 3
7 9 4   0 0   1 1   2 2   3 3
7 13 4   0 0   1 1   2 2   3 3
7 14 4   0 0   1 1   2 2   3 3
8 16 4   0 0   1 1   2 2   3 3
8 25 4   0 0   1 1   2 2   3 3
8 11 4   0 0   1 1   2 2   3 3
9 32 4   0 0   1 1   2 2   3 3
9 24 4   0 0   1 1   2 2   3 3
9 27 4   0 0   1 1   2 2   3 3
9 13 4   0 0   1 1   2 2   3 3
10 35 4   0 0   1 1   2 2   3 3
10 19 4   0 0   1 1   2 2   3 3
10 20 4   0 0   1 1   2 2   3 3
10 21 4   0 0   1 1   2 2   3 3
11 16 4   0 0   1 1   2 2   3 3
11 18 4   0 0   1 1   2 2   3 3
11 22 4   0 0   1 1   2 2   3 3
11 30 4   0 0   1 1   2 2   3 3
12 24 4   0 0   1 1   2 2   3 3
12 29 4   0 0   1 1   2 2   3 3
12 13 4   0 0   1 1   2 2   3 3
13 24 4   0 0   1 1   2 2   3 3
13 29 4   0 0   1 1   2 2   3 3
14 34 4   0 0   1 1   2 2   3 3
14 36 4   0 0   1 1   2 2   3 3
14 23 4   0 0   1 1   2 2   3 3
15 33 4   0 0   1 1   2 2   3 3
17 22 4   0 0   1 1   2 2   3 3
17 27 4   0 0   1 1   2 2   3 3
17 28 4   0 0   1 1   2 2   3 3
17 31 4   0 0   1 1   2 2   3 3
18 33 4   0 0   1 1   2 2   3 3
18 22 4   0 0   1 1   2 2   3 3
18 25 4   0 0   1 1   2 2   3 3
18 31 4   0 0   1 1   2 2   3 3
20 35 4   0 0   1 1   2 2   3 3
21 34 4   0 0   1 1   2 2   3 3
21 35 4   0 0   1 1   2 2   3 3
21 22 4   0 0   1 1   2 2   3 3
21 28 4   0 0   1 1   2 2   3 3
21 30 4   0 0   1 1   2 2   3 3
22 28 4   0 0   1 1   2 2   3 3
22 30 4   0 0   1 1   2 2   3 3
22 31 4   0 0   1 1   2 2   3 3
24 27 4   0 0   1 1   2 2   3 3
24 31 4   0 0   1 1   2 2   3 3
25 33 4   0 0   1 1   2 2   3 3
26 33 4   0 0   1 1   2 2   3 3
26 29 4   0 0   1 1   2 2   3 3
26 31 4   0 0   1 1   2 2   3 3
27 32 4   0 0   1 1   2 2   3 3
27 34 4   0 0   1 1   2 2   3 3
27 28 4   0 0   1 1   2 2   3 3
27 31 4   0 0   1 1   2 2   3 3
28 34 4   0 0   1 1   2 2   3 3
30 35 4   0 0   1 1   2 2   3 3
31 33 4   0 0   1 1   2 2   3 3
32 34 4   0 0   1 1   2 2   3 3
32 36 4   0 0   1 1   2 2   3 3
34 36 4   0 0   1 1   2 2   3 3
