42
1 4 0 1 2 3
2 4 0 1 2 3
3 4 0 1 2 3
4 4 0 1 2 3
5 4 0 1 2 3
6 4 0 1 2 3
7 4 0 1 2 3
8 4 0 1 2 3
9 4 0 1 2 3
10 4 0 1 2 3
11 4 0 1 2 3
12 4 0 1 2 3
13 4 0 1 2 3
14 4 0 1 2 3
15 4 0 1 2 3
16 4 0 1 2 3
17 4 0 1 2 3
18 4 0 1 2 3
19 4 0 1 2 3
20 4 0 1 2 3
21 4 0 1 2 3
22 4 0 1 2 3
23 4 0 1 2 3
24 4 0 1 2 3
25 4 0 1 2 3
26 4 0 1 2 3
27 4 0 1 2 3
28 4 0 1 2 3
29 4 0 1 2 3
30 4 0 1 2 3
31 4 0 1 2 3
32 4 0 1 2 3
33 4 0 1 2 3
34 4 0 1 2 3
35 4 0 1 2 3
36 4 0 1 2 3
37 4 0 1 2 3
38 4 0 1 2 3
39 4 0 1 2 3
40 4 0 1 2 3
41 4 0 1 2 3
42 4 0 1 2 3
104
1 32 4   0 0   1 1   2 2   3 3
1 21 4   0 0   1 1   2 2   3 3
1 22 4   0 0   1 1   2 2   3 3
1 38 4   0 0   1 1   2 2   3 3
1 7 4   0 0   1 1   2 2   3 3
1 29 4   0 0   1 1   2 2   3 3
1 30 4   0 0   1 1   2 2   3 3
2 18 4   0 0   1 1   2 2   3 3
2 20 4   0 0   1 1   2 2   3 3
2 42 4   0 0   1 1   2 2   3 3
2 28 4   0 0   1 1   2 2   3 3
2 13 4   0 0   1 1   2 2   3 3
3 18 4   0 0   1 1   2 2   3 3
3 20 4   0 0   1 1   2 2   3 3
3 26 4   0 0   1 1   2 2   3 3
3 15 4   0 0   1 1   2 2   3 3
3 31 4   0 0   1 1   2 2   3 3
4 16 4   0 0   1 1   2 2   3 3
4 35 4   0 0   1 1   2 2   3 3
4 39 4   0 0   1 1   2 2   3 3
4 25 4   0 0   1 1   2 2   3 3
4 41 4   0 0   1 1   2 2   3 3
4 42 4   0 0   1 1   2 2   3 3
4 27 4   0 0   1 1   2 2   3 3
4 28 4   0 0   1 1   2 2   3 3
5 34 4   0 0   1 1   2 2   3 3
5 19 4   0 0   1 1   2 2   3 3
5 37 4   0 0   1 1   2 2   3 3
5 39 4   0 0   1 1   2 2   3 3
5 14 4   0 0   1 1   2 2   3 3
6 36 4   0 0   1 1   2 2   3 3
6 21 4   0 0   1 1   2 2   3 3
6 8 4   0 0   1 1   2 2   3 3
7 33 4   0 0   1 1   2 2   3 3
7 21 4   0 0   1 1   2 2   3 3
7 29 4   0 0   1 1   2 2   3 3
8 17 4   0 0   1 1   2 2   3 3
8 36 4   0 0   1 1   2 2   3 3
8 21 4   0 0   1 1   2 2   3 3
9 19 4   0 0   1 1   2 2   3 3
9 37 4   0 0   1 1   2 2   3 3
10 19 4   0 0   1 1   2 2   3 3
10 39 4   0 0   1 1   2 2   3 3
10 12 4   0 0   1 1   2 2   3 3
11 16 4   0 0   1 1   2 2   3 3
11 24 4   0 0   1 1   2 2   3 3
11 40 4   0 0   1 1   2 2   3 3
11 25 4   0 0   1 1   2 2   3 3
12 39 4   0 0   1 1   2 2   3 3
12 41 4   0 0   1 1   2 2   3 3
13 20 4   0 0   1 1   2 2   3 3
13 38 4   0 0   1 1   2 2   3 3
13 28 4   0 0   1 1   2 2   3 3
13 30 4   0 0   1 1   2 2   3 3
14 33 4   0 0   1 1   2 2   3 3
14 34 4   0 0   1 1   2 2   3 3
14 37 4   0 0   1 1   2 2   3 3
14 29 4   0 0   1 1   2 2   3 3
15 18 4   0 0   1 1   2 2   3 3
15 26 4   0 0   1 1   2 2   3 3
15 42 4   0 0   1 1   2 2   3 3
16 25 4   0 0   1 1   2 2   3 3
16 41 4   0 0   1 1   2 2   3 3
17 36 4   0 0   1 1   2 2   3 3
17 22 4   0 0   1 1   2 2   3 3
18 20 4   0 0   1 1   2 2   3 3
18 42 4   0 0   1 1   2 2   3 3
19 37 4   0 0   1 1   2 2   3 3
19 39 4   0 0   1 1   2 2   3 3
20 38 4   0 0   1 1   2 2   3 3
20 31 4   0 0   1 1   2 2   3 3
21 36 4   0 0   1 1   2 2   3 3
21 22 4   0 0   1 1   2 2   3 3
22 32 4   0 0   1 1   2 2   3 3
22 36 4   0 0   1 1   2 2   3 3
23 24 4   0 0   1 1   2 2   3 3
23 42 4   0 0   1 1   2 2   3 3
23 27 4   0 0   1 1   2 2   3 3
24 40 4   0 0   1 1   2 2   3 3
24 25 4   0 0   1 1   2 2   3 3
24 42 4   0 0   1 1   2 2   3 3
24 27 4   0 0   1 1   2 2   3 3
25 40 4   0 0   1 1   2 2   3 3
25 27 4   0 0   1 1   2 2   3 3
26 32 4   0 0   1 1   2 2   3 3
26 38 4   0 0   1 1   2 2   3 3
26 31 4   0 0   1 1   2 2   3 3
27 42 4   0 0   1 1   2 2   3 3
28 35 4   0 0   1 1   2 2   3 3
28 42 4   0 0   1 1   2 2   3 3
28 30 4   0 0   1 1   2 2   3 3
29 33 4   0 0   1 1   2 2   3 3
29 34 4   0 0   1 1   2 2   3 3
29 30 4   0 0   1 1   2 2   3 3
30 34 4   0 0   1 1   2 2   3 3
30 35 4   0 0   1 1   2 2   3 3
30 38 4   0 0   1 1   2 2   3 3
31 38 4   0 0   1 1   2 2   3 3
32 38 4   0 0   1 1   2 2   3 3
33 37 4   0 0   1 1   2 2   3 3
34 35 4   0 0   1 1   2 2   3 3
34 39 4   0 0   1 1   2 2   3 3
35 39 4   0 0   1 1   2 2   3 3
39 41 4   0 0   1 1   2 2   3 3
