180 180
39 39 39 39 39 39 39 39 39 39 39 39 39 39 39 39 39 39 39 39 39 39 39 39 39 39 39 39 39 39 39 39 39 39 39 39 44 44 44 44 44 44 44 44 44 44 44 44 44 44 44 44 44 44 44 44 44 44 44 44 44 44 44 44 44 44 44 44 44 44 44 44 44 44 44 44 44 44 44 44 44 44 41 41 41 41 32 32 35 35 35 35 35 35 35 35 35 35 35 35 35 35 35 35 35 35  6  6  6  6  6  6  6  6  6  6  6  6  6  6  6  6  6  6  6  6  6  6  6  6  6  6  6  6  6  6  6  6  6  6  6  6  6  6  6  6  6  6  6  6  6  6  6  6  6  6  6  6  6  6  6  6  6 36 36 37 37 37 37 37 37 37 37 37 37 37 37 37 37 37 
39 39 39 39 39 39 39 39 39 39 39 39 39 39 39 39 39 39 39 39 39 39 39 39 39 39 39 39 39 39 39 39 39 39 39 39 44 44 44 44 44 44 44 44 44 44 44 44 44 44 44 44 44 44 44 44 44 44 44 44 44 44 44 44 44 44 44 44 44 44 44 44 44 44 44 44 44 44 44 44 44 44 41 41 41 41 41 32 32 32 32 32 35 35 35 35 35 35 35 35 35 35 35 35 35  6  6  6  6  6  6  6  6  6  6  6  6  6  6  6  6  6  6  6  6  6  6  6  6  6  6  6  6  6  6  6  6  6  6  6  6  6  6  6  6  6  6  6  6  6  6  6  6  6  6  6  6  6  6  6  6  6 13 36 36 37 37 37 37 37 37 37 37 37 37 37 37 37 37 37 
39 39 39 39 39 39 39 39 39 39 39 39 39 39 39 39 39 39 39 39 39 39 39 39 39 39 39 39 39 39 39 39 39 39 39 39 44 44 44 44 44 44 44 44 44 44 44 44 44 44 44 44 44 44 44 44 44 44 44 44 44 44 44 44 44 44 44 44 44 44 44 44 44 44 44 44 44 44 44 44 44 44 44 41 41 41 32 32 32 32 32 35 35 35 35 35 35 35 35 35 35 35 35 35 35 35 35  6  6  6  6  6  6  6  6  6  6  6  6  6  6  6  6  6  6  6  6  6  6  6  6  6  6  6  6  6  6  6  6  6  6  6  6  6  6  6  6  6  6  6  6  6  6  6  6  6  6  6  6  6  6 13 13 36 36 36 37 37 37 37 37 37 37 37 37 37 37 37 37 37 
39 39 39 39 39 39 39 39 39 39 39 39 39 39 39 39 39 39 39 39 39 39 39 39 39 39 39 39 39 39 39 39 39 39 39 39 44 44 44 44 44 44 44 44 44 44 44 44 44 44 44 44 44 44 44 44 44 44 44 44 44 44 44 44 44 44 44 44 44 44 44 44 44 44 44 44 44 44 44 44 44 44 44 41 41 41 41 41 41 32 32 32 35 35 35 35 35 35 35 35 35 35 35 35 35 35 35  6  6  6 35 35  6  6  6  6  6  6  6  6  6  6  6  6  6  6  6  6  6  6  6  6  6  6  6  6  6  6  6  6  6  6  6  6  6  6  6  6  6  6  6  6  6  6  6  6  6  6  6 13 13 13 36 36 36 36 37 37 37 37 37 37 37 37 37 37 37 37 37 37 
39 39 39 39 39 39 39 39 39 39 39 39 39 39 39 39 39 39 39 39 39 39 39 39 39 39 39 39 39 39 39 39 39 39 39 39 44 44 44 44 44 44 44 44 44 44 44 44 44 44 44 44 44 44 44 44 44 44 44 44 44 44 44 44 44 44 44 44 44 44 44 44 44 44 44 44 44 44 44 44 44 44 44 41 41 41 41 41 32 32 32 35 35 35 35 35 35 35 35 35 35 35 35 35 35 35 35 35 35 35 35 35 35 35 35 35 35 35 35  6  6  6  6  6  6  6  6  6  6  6  6  6  6  6  6  6  6  6  6  6  6  6  6  6  6  6  6  6  6  6  6  6  6  6  6  6  6  6  6  6 13 13 36 36 36 36 36 36 36 37 37 37 37 37 37 37 37 37 37 37 
39 39 39 39 39 39 39 39 39 39 39 39 39 39 39 39 39 39 39 39 39 39 39 39 39 39 39 39 39 39 39 39 39 39 39 39 39 44 44 44 44 44 44 44 44 44 44 44 44 44 44 44 44 44 44 44 44 44 44 44 44 44 44 44 44 44 44 44 44 44 44 44 44 44 44 44 44 44 44 44 44 44 44 41 41 41 41 41 32 32 32 35 35 35 35 35 35 35 35 35 35 35 35 35 35 35 35 35 35 35 35 35 35 35 35 35 35 35 35 35  6  6  6  6  6  6  6  6  6  6  6  6  6  6  6  6  6  6  6  6  6  6  6  6  6  6  6  6  6  6  6  6  6  6  6  6  6  6  6  6 13 36 36 36 36 36 36 36 36 37 37 37 37 37 37 37 37 37 37 37 
39 39 39 39 39 39 39 39 39 39 39 39 39 39 39 39 39 39 39 39 39 39 39 39 39 39 39 39 39 39 39 39 39 39 39 39 16 16 44 44 44 44 44 44 44 44 44 44 44 44 44 44 44 44 44 44 44 44 44 44 44 44 44 44 44 44 44 44 44 44 44 44 44 44 44 44 44 44 44 44 44 44 41 41 41 41 41 41 32 32 32 35 35 35 35 35 35 35 35 35 35 35 35 35 35 35 35 35 35 35 35 35 35 35 35 35 35 35 35 35  6  6  6  6  6  6  6  6  6  6  6  6  6  6  6  6  6  6  6  6  6  6  6  6  6  6  6  6  6  6  6  6  6  6  6  6 13 13 13 13 13 36 36 36 36 36 36 36 36 37 37 37 37 37 37 37 37 37 37 37 
39 39 39 39 39 39 39 39 39 39 39 39 39 39 39 39 39 39 39 39 39 39 39 39 39 39 39 39 39 39 39 39 39 39 39 39 16 16 44 44 44 44 44 44 44 44 44 44 44 44 44 44 44 44 44 44 44 44 44 44 44 44 44 44 44 44 44 44 44 44 44 44 44 44 44 44 44 44 44 44 44 44 44 41 41 41 41 32 32 32 32 32 35 35 35 35 35 35 35 35 35 35 35 35 35 35 35 35 35 35 35 35 35 35 35 35 35 35 35 35  6  6  6  6  6  6  6  6  6  6  6  6  6  6  6  6  6  6  6  6  6  6  6  6  6  6  6  6  6  6  6  6  6  6  6  6  6 13 13 13 13 36 36 36 36 36 36 36 36 36 37 37 37 37 37 37 37 37 37 37 
39 39 39 39 39 39 39 39 39 39 39 39 39 39 39 39 39 39 39 39 39 39 39 39 39 39 39 39 39 39 39 39 39 39 39 39 16 16 16 16 44 44 44 44 44 44 44 44 44 44 44 44 44 44 44 44 44 44 44 44 44 44 44 44 44 44 44 44 44 44 44 44 44 44 44 44 44 44 44 44 44 44 44 41 41 32 41 32 32 32 32 32 35 35 35 35 35 35 35 35 35 35 35 35 35 35 35 35 35 35 35 35 35 35 35 35 35 35 35 35  6  6  6  6  6  6  6  6  6  6  6  6  6  6  6  6  6  6  6  6  6  6  6  6  6  6  6  6  6  6  6  6  6  6  6  6  6 13 13 13 13 36 36 36 36 36 36 36 36 36 37 37 37 37 37 37 37 37 37 37 
39 39 39 39 39 39 39 39 39 39 39 39 39 39 39 39 39 39 39 39 39 39 39 39 39 39 39 39 39 39 39 39 39 39 16 16 16 16 16 16 16 44 44 44 44 44 44 44 44 44 44 44 44 44 44 44 44 44 44 44 44 44 44 44 44 44 44 44 44 44 44 44 44 44 44 44 44 44 44 44 44 44 44 44 41 32 32 32 32 32 32 32 35 35 35 35 35 35 35 35 35 35 35 35 35 35 35 35 35 35 35 35 35 35 35 35 35 35 35 35 35 35 35  6  6  6  6  6  6  6  6  6  6  6  6  6  6  6  6  6  6  6  6  6  6  6  6  6  6  6  6  6  6  6  6  6  6 13 13 36 36 36 36 36 36 36 36 36 36 37 37 37 37 37 37 37 37 37 37 37 
39 39 39 39 39 39 39 39 39 39 39 39 39 39 39 39 39 39 39 39 39 39 39 39 39 39 39 39 39 39 39 39 39 39 39 16 16 16 16 16 16 44 44 44 44 44 44 44 44 44 44 44 44 44 44 44 44 44 44 44 44 44 44 44 44 44 44 44 44 44 44 44 44 44 44 44 44 44 44 44 44 44 44 41 41 32 32 32 32 32 32 32 35 35 35 35 35 35 35 35 35 35 35 35 35 35 35 35 35 35 35 35 35 35 35 35 35 35 35 35 35 35 35  6  6  6  6  6  6  6  6  6  6  6  6  6  6  6  6  6  6  6  6  6  6  6  6  6  6  6  6  6  6  6  6  6  6 13 13 36 36 36 36 36 36 36 36 36 37 37 37 37 37 37 37 37 37 37 37 37 
39 39 39 39 39 39 39 39 39 39 39 39 39 39 39 39 39 39 39 39 39 39 39 39 39 39 39 39 39 39 39 39 39 16 16 16 16 16 16 16 16 44 44 44 44 44 44 44 44 44 44 44 44 44 44 44 44 44 44 44 44 44 44 44 44 44 44 44 44 44 44 44 44 44 44 44 44 44 44 44 44 44 44 41 41 32 32 32 32 32 32 32 35 35 35 35 35 35 35 35 35 35 35 35 35 35 35 35 35 35 35 35 35 35 35 35 35 35 35 35 35 35 35  6  6  6  6  6  6  6  6  6  6  6  6  6  6  6  6  6  6  6  6  6  6  6  6  6  6  6  6  6  6  6  6  6 13 13 36 36 36 36 36 36 36 36 36 36 37 37 37 37 37 37 37 37 37 37 37 37 
39 39 39 39 39 39 39 39 39 39 39 39 39 39 39 39 39 39 39 39 39 39 39 39 39 39 39 39 39 39 39 16 16 16 16 16 16 16 16 16 44 44 44 44 44 44 44 44 44 44 44 44 44 44 44 44 44 44 44 44 44 44 44 44 44 44 44 44 44 44 44 44 44 44 44 44 44 44 44 44 44 44 44 44 41 41 41 32 32 32 32 35 35 35 35 35 35 35 35 35 35 35 35 35 35 35 35 35 35 35 35 35 35 35 35 35 35 35 35 35 35 35  6  6  6  6  6  6  6  6  6  6  6  6  6  6  6  6  6  6  6  6  6  6  6  6  6  6  6  6  6  6 13 13 13  6 13 13 36 36 36 36 36 36 36 36 36 36 36 37 37 37 37 37 37 37 37 37 37 37 
39 39 39 39 39 39 39 39 39 39 39 39 39 39 39 39 39 39 39 39 39 39 39 39 39 39 39 39 39 39 39 39 16 16 16 16 16 16 16 16 16 44 44 44 44 44 44 44 44 44 44 44 44 44 44 44 44 44 44 44 44 44 44 44 44 44 44 44 44 44 44 44 44 44 44 44 44 44 44 44 44 41 41 41 41 41 41 32 32 32 35 35 35 35 35 35 35 35 35 35 35 35 35 35 35 35 35 35 35 35 35 35 35 35 35 35 35 35 35 35 35 35  6  6  6  6  6  6  6  6  6  6  6  6  6  6  6  6  6  6  6  6  6  6  6  6  6  6 13 13  6 13 13 13 13 13 13 13 13 36 36 36 36 36 36 36 36 36 36 36 36 37 37 37 37 37 37 37 37 37 
39 39 39 39 39 39 39 39 39 39 39 39 39 39 39 39 39 39 39 39 39 39 39 39 39 39 39 39 39 39 39 16 16 16 16 16 16 16 16 16 16 44 44 44 44 44 44 44 44 44 44 44 44 44 44 44 44 44 44 44 44 44 44 44 44 44 44 44 44 44 44 44 44 44 44 44 44 44 44 44 41 41 41 41 41 41 41 41 32 32 35 35 35 35 35 35 35 35 35 35 35 35 35 35 35 35 35 35 35 35 35 35 35 35 35 35 35 35 35 35 35  6  6  6  6  6  6  6  6  6  6  6  6  6  6  6  6  6  6  6  6  6  6  6 26 26  6  6 13 13 13 13 13 13 13 13 13 13 13 36 36 36 36 36 36 36 36 36 36 36 36 37 37 37 37 37 37 37 37 37 
39 39 39 39 39 39 39 39 39 39 39 39 39 39 39 39 39 39 39 39 39 39 39 39 39 39 39 39 39 39 39 39 39 16 16 16 16 16 16 16 16 16 16 16 44 44 44 44 44 44 44 44 44 44 44 44 44 44 44 44 44 44 44 44 44 44 44 44 44 44 44 44 44 44 44 44 44 44 44 44 41 41 41 41 41 41 41 41 32 32 32 35 35 35 35 35 35 35 35 35 35 35 35 35 35 35 35 35 35 35 35 35 35 35 35 35 35 35 35 35 35 35 35 35  6  6  6  6  6  6  6  6  6  6  6  6  6  6  6 26  6  6  6 26 26 26 26 26 26 13 13 13 13 13 13 13 13 13 13 36 36 36 36 36 36 36 36 36 36 36 36 37 37 37 37 37 37 37 37 37 
39 39 39 39 39 39 39 39 39 39 39 39 39 39 39 39 39 39 39 39 39 39 39 39 39 39 39 39 39 39 39 39 16 16 16 16 16 16 16 16 16 16 16 16 16 16 44 44 44 44 44 44 44 44 44 44 44 44 44 44 44 44 44 44 44 44 44 44 44 44 44 44 44 44 44 44 44 44 44 44 41 41 41 41 41 41 41 32 32 32 35 35 35 35 35 35 35 35 35 35 35 35 35 35 35 35 35 35 35 35 35 35 35 35 35 35 35 35 35 35 35 35 35 35  6  6  6  6  6  6  6  6  6  6  6  6  6  6  6 26  6 26 26 26 26 26 26 26 13 13 13 13 13 13 13 13 13 13 13 36 36 36 36 36 36 36 36 36 36 36 36 37 37 37 37 37 37 37 37 37 
39 39 39 39 39 39 39 39 39 39 39 39 39 39 39 39 39 39 39 39 39 39 39 39 39 39 39 39 39 39 39 16 16 16 16 16 16 16 16 16 16 16 16 16 16 16 44 44 44 44 44 44 44 44 44 44 44 44 44 44 44 44 44 44 44 44 44 44 44 44 44 44 44 44 44 44 44 44 44 44 41 41 41 41 41 32 32 32 32 32 35 35 35 35 35 35 35 35 35 35 35 35 35 35 35 35 35 35 35 35 35 35 35 35 35 35 35 35 35 35 35 35 35 35  6  6  6  6  6  6  6  6  6  6  6  6  6  6  6 26 26 26 26 26 26 26 26 26 13 13 13 13 13 13 13 13 13 13 13 13 13 36 36 36 36 36 36 36 36 36 36 37 37 37 37 37 37 37 37 37 
39 39 39 39 39 39 39 39 39 39 39 39 39 39 39 39 39 39 39 39 39 39 39 39 39 39 39 39 39 39 16 16 16 16 16 16 16 16 16 16 16 16 16 16 16 16 16 44 44 44 44 44 44 44 44 44 44 44 44 44 44 44 44 44 44 44 44 44 44 44 44 44 44 44 44 44 44 44 44 41 41 41 41 41 32 32 32 32 32 32 32 32 32 32 35 35 35 32 35 35 35 35 35 35 35 35 35 35 35 35 35 35 35 35 35 35 35 35 35 35 35 35 35 35 35  6  6  6  6  6  6  6  6  6  6  6  6  6 26 26 26 26 26 26 26 26 26 13 13 13 13 13 13 13 13 13 13 13 13 13 13 36 36 36 36 36 36 36 36 36 36 37 37 37 37 37 37 37 37 37 
39 39 39 39 39 39 39 39 39 39 39 39 39 39 39 39 39 39 39 39 39 39 39 39 39 39 39 39 39 39 39 16 16 16 16 16 16 16 16 16 16 16 16 16 16 16 16 44 44 44 44 44 44 44 44 44 44 44 44 44 44 44 44 44 44 44 44 44 44 44 44 44 44 44 44 44 41 41 41 41 41 41 41 41 32 32 32 32 32 32 32 32 32 32 32 35 35 32 35 35 35 35 35 35 35 35 35 35 35 35 35 35 35 35 35 35 35 35 35 35 35 35 35 35 35  6  6  6  6  6  6  6  6  6  6  6 26 26 26 26 26 26 26 26 26 26 13 13 13 13 13 13 13 13 13 13 13 13 13 13 13 36 36 36 36 36 36 36 36 36 36 36 37 37 37 37 37 37 37 37 
39 39 39 39 39 39 39 39 39 39 39 39 39 39 39 39 39 39 39 39 39 39 39 39 39 39 39 39 39 39 39  8 16  8 16 16 16 16 16 16 16 16 16 16 16 16 16 16 16 16 44 44 44 44 44 44 44 44 44 44 44 44 44 44 44 44 44 44 44 44 44 44 44 44 44 41 41 41 41 41 41 41 41 41 41 32 32 32 32 32 32 32 32 32 32 32 32 32 35 35 35 35 35 35 35 35 35 35 35 35 35 35 35 35 35 35 35 35 35 35 35 35 35 35  6  6  6  6  6  6  6  6  6  6  6  6 26 26 26 26 26 26 26 26 26 13 13 13 13 13 13 13 13 13 13 13 13 13 13 13 13 13 13 13 36 36 36 36 36 36 36 36 36 36 37 37 37 37 37 37 
39 39 39 39 39 39 39 39 39 39 39 39 39 39 39 39 39 39 39 39 39 39 39 39 39 39 39 39 39 39 39  8  8  8 16 16 16 16 16 16 16 16 16 16 16 16 16 16 16 16 16 16 44 44 44 44 44 44 44 44 44 44 44 44 44 44 44 44 44 44 44 44 44 44 41 41 41 41 41 41 41 41 41 41 41 32 32 32 32 41 41 41 32 32 32 32 32 32 35 35 35 35 35 35 35 35 35 35 35 35 35 35 35 35 35 35 35 35 35 35 35 35 35 35 35  6  6  6  6  6  6  6  6  6 26 26 26 26 26 26 26 26 26 26 26 26 13 13 13 13 13 13 13 13 13 13 13 13 13 13 13 13 13 13 13 36 36 36 36 36 36 36 36 36 37 37 37 37 37 37 
39 39 39 39 39 39 39 39 39 39 39 39 39 39 39 39 39 39 39 39 39 39 39 39  8 39 39 39 39 39  8  8  8  8  8  8 16 16 16 16 16 16 16 16 16 16 16 16 16 16 16 16 44 44 44 44 44 16 44 44 44 44 44 44 44 44 44 44 44 44 44 44 44 44 44 41 41 41 41 41 41 41 41 41 41 41 41 32 41 41 41 41 32 32 32 32 32 32 32 35 35 35 35 35 35 35 35 35 35 35 35 35 35 35 35 35 35 35 35 35 35 35 35 35 35  6  6  6  6  6  6  6  6  6 26 26 26 26 26 26 26 26 26 26 26 26 13 13 13 13 13 13 13 13 13 13 13 13 13 13 13 13 13 13 13 13 36 36 36 36 36 36 36 37 37 37 37 37 37 37 
39 39 39 39 39 39 39 39 39 39 39 39 39 39 39 39 39 39 39 39 39 39 39  8  8  8 39 39  8  8  8  8  8  8  8  8  8  8 16 16 16 16 16 16 16 16 16 16 16 16 16 16 16 44 44 44 44 16 44 44 44 44 44 44 44 44 44 44 44 44 44 16 16 16 16 41 41 41 41 41 41 41 41 41 41 41 41 41 41 41 41 41 32 32 32 32 32 32 35 35 35 35 35 35 35 35 35 35 35 35 35 35 35 35 35 35 35 35 35 35 35 35 35 35 43  6  6  6  6  6  6  6 26  6 26 26 26 26 26 26 26 26 26 26 26 26 26 13 13 13 13 13 13 13 13 13 13 13 13 13 13 13 13 13 13 13 36 36 36 36 36 36 36 36 37 37 37 37 37 37 
39 39 39 39 39 39 39 39 39 39 39 39 39 39 39 39 39 39 39 39 39 39 39 39  8  8  8  8  8  8  8  8  8  8  8  8  8  8 16 16 16 16 16 16 16 16 16 16 16 16 16 16 16 16 16 16 16 16 16 16 16 44 44 16 16 44 44 44 44 16 16 16 16 16 16 41 41 41 41 41 41 41 41 41 41 41 41 41 41 41 41 32 32 32 32 32 32 32 32 32 35 35 35 35 35 35 35 35 35 35 35 35 35 35 35 35 35 35 35 35 35 35 35 43 43 43 43 26 26 26 26 26 26 26 26 26 26 26 26 26 26 26 26 26 26 26 13 13 13 13 13 13 13 13 13 13 13 13 13 13 13 13 13 13 13 13 36 36 36 36 36 36 36 36 37 37 37 37 37 37 
39 39 39 39 39 39 39 39 39 39 39 39 39 39 39 39 39 39 39 39 39 39 39 39  8  8  8  8  8  8  8  8  8  8  8  8  8  8 16 16 16 16 16 16 16 16 16 16 16 16 16 16 16 16 16 16 16 16 16 16 16 16 16 16 16 44 44 44 16 16 16 16 16 16 16 41 41 41 41 41 41 41 41 41 41 41 41 41 41 41 41 32 32 32 32 32 32 32 32 32 32 35 35 35 35 35 35 35 35 35 35 35 35 35 35 35 35 35 35 35 35 35 43 43 43 43 43 26 26 26 26 26 26 26 26 26 26 26 26 26 26 26 26 26 26 26 13 13 13 13 13 13 13 13 13 13 13 13 13 13 13 13 13 13 13 13 36 36 36 36 36 36 36 36 37 37 37 37 37 37 
39 39 39 39 39 39 39 39 39 39 39 39 39 39 39 39 39 39 39 39 39 39 39  8  8  8  8  8  8  8  8  8  8  8  8  8  8  8  8 16 16 16 16 16 16 16 16 16 16 16 16 16 16 16 16 16 16 16 16 16 16 16 16 16 16 16 16 16 16 16 16 16 16 16 16 41 41 41 41 41 41 41 41 41 41 41 41 41 41 41 32 32 32 32 32 32 32 32 32 32 32 32 35 35 35 35 35 35 35 35 35 35 35 35 35 35 35 43 35 35 35 35 43 43 43 43 43 26 26 26 26 26 26 26 26 26 26 26 26 26 26 26 26 26 26 26 26 13 13 13 13 13 13 13 13 13 13 13 13 13 13 13 13 13 13 13 13 36 36 36 36 36 36 36 36 37 37 37 37 37 
39 39 39 39 39 39 39 39 39 39 39 39 39 39 39 39 39 39 39 39  8  8  8  8  8  8  8  8  8  8  8  8  8  8  8  8  8  8  8  8 16 16 16 16 16 16 16 16 16 16 16 16 16 16 16 16 16 16 16 16 16 16 16 16 16 16 16 16 16 16 16 16 16 16 16 41 41 41 41 41 41 41 41 41 41 41 41 41 41 41 32 32 32 32 32 32 32 32 32 32 32 32 32 32 32 35 35 35 35 32 35 32 32 32 35 35 35 43 35 43 43 43 43 43 43 26 26 26 26 26 26 26 26 26 26 26 26 26 26 26 26 26 26 26 26 26 26 13 13 13 13 13 13 13 13 13 13 13 13 13 13 13 13 13 13 13 13 13 36 36 36 36 36 36 37 37 37 37 37 37 
39 39 39 39 39 39 39 39 39 39 39 39 39 39 39 39  8 39  8  8  8  8  8  8  8  8  8  8  8  8  8  8  8  8  8  8  8  8  8  8  8 16 16 16 16 16 16 16 16 16 16 16 16 16 16 16 16 16 16 16 16 16 16 16 16 16 16 16 16 16 16 16 16 16 16 41 16 41 41 41 41 41 41 41 41 41 41 41 41 41 32 32 32 32 32 32 32 32 32 32 32 32 32 32 32 32 35 35 32 32 32 32 32 32 32 35 35 43 43 43 26 43 26 26 26 26 26 26 26 26 26 26 26 26 26 26 26 26 26 26 26 26 26 26 26 26 13 13 13 13 13 13 13 13 13 13 13 13 13 13 13 13 13 13 13 13 13 13 36 36 36 36 36 36 36 37 37 37 37 37 
39 39 39 39 39 39 39 39 39 39 39 39  8  8  8  8  8  8  8  8  8  8  8  8  8  8  8  8  8  8  8  8  8  8  8  8  8  8  8  8  8 16 16 16 16 16 16 16 16 16 16 16 16 16 16 16 16 16 16 16 16 16 16 16 16 16 16 16 16 16 16 16 16 16 16 16 16 41 41 41 41 41 41 41 41 41 41 41 41 41 41 32 32 32 32 32 32 32 32 32 32 32 32 32 32 32 35 35 32 32 32 32 32 32 32 32 32 43 43 43 26 26 26 26 26 26 26 26 26 26 26 26 26 26 26 26 26 26 26 26 26 26 26 26 26 13 13 13 13 13 13 13 13 13 13 13 13 13 13 13 13 13 13 13 13 13 13 13 13 13 36 36 36 36 36 36 37 37 37 37 
39 39 39 39 39 39 39 39 39 39 39  8  8  8  8  8  8  8  8  8  8  8  8  8  8  8  8  8  8  8  8  8  8  8  8  8  8  8  8  8  8 16 16 16 16 16 16 16 16 16 16 16 16 16 16 16 16 16 16 16 16 16 16 16 16 16 16 16 16 16 16 16 16 16 16 16 16 41 41 41 41 41 41 41 41 41 41 41 41 41 41 41 32 32 32 32 32 32 32 32 32 32 32 32 32 32 32 32 32 32 32 32 32 32 32 43 43 43 43 43 26 26 26 26 26 26 26 26 26 26 26 26 26 26 26 26 26 26 26 26 26 26 26 26 26 13 13 13 13 13 13 13 13 13 13 13 13 13 13 13 13 13 13 13 13 13 13 13 13 13 36 36 36 36 36 36 36 37 37 37 
39 39 39 39 39 39 39 39 39 39  8  8  8  8  8  8  8  8  8  8  8  8  8  8  8  8  8  8  8  8  8  8  8  8  8  8  8  8  8  8  8 16 16 16 16 16 16 16 16 16 16 16 16 16 16 16 16 16 16 16 16 16 16 16 16 16 16 16 16 16 16 16 16 16 16 16 16 41 41 41 41 41 41 41 41 41 41 41 41 41 41 41 32 32 32 32 32 32 32 32 32 32 32 32 32 32 32 32 32 32 32 32 32 32 32 43 43 43 43 43 26 26 26 26 26 26 26 26 26 26 26 26 26 26 26 26 26 26 26 26 26 26 26 26 26 26 13 13 13 13 13 13 13 13 13 13 13 13 13 13 13 13 13 13 13 13 13 13 13 13 36 36 36 36 36 36 36 36 37 37 
45 45 45 45 39 39 39 39 39 39  8  8  8  8  8  8  8  8  8  8  8  8  8  8  8  8  8  8  8  8  8  8  8  8  8  8  8  8  8  8  8  8 16 16 16 16 16 16 16 16 16 16 16 16 16 16 16 16 16 16 16 16 16 16 16 16 16 16 16 16 16 16 16 16 16 16 16 16 16 16 41 41 41 41 41 41 41 41 41 41 41 32 32 32 32 32 32 32 32 32 32 32 32 32 32 32 32 32 32 32 32 32 32 32 32 43 43 43 43 43 26 26 26 26 26 26 26 26 26 26 26 26 26 26 26 26 26 26 26 26 26 26 26 26 26 26 13 13 13 13 13 13 13 13 13 13 13 13 13 13 13 13 13 13 13 13 13 13 13 13 13 36 36 36 36 36 36 36 37 37 
 1  1  1 45 45 39 39  8  8  8  8  8  8  8  8  8  8  8  8  8  8 34 34 34 34  8  8  8  8  8  8  8  8  8  8  8  8  8  8  8  8  8 16 16 16 16 16 16 16 16 16 16 16 16 16 16 16 16 16 16 16 16 16 16 16 16 16 16 16 16 16 16 16 16 16 16 16 16 41 41 41 41 41 41 41 41 41 41 41 32 32 32 32 32 32 32 32 32 32 32 32 32 32 32 32 32 32 32 32 32 32 32 32 43 43 43 43 43 43 43 26 26 26 26 26 26 26 26 26 26 26 26 26 26 26 26 26 26 26 26 26 26 26 26 26 26 26 13 13 13 13 13 13 13 13 13 13 13 13 13 13 13 13 13 13 13 13 13 13 13 13 36 36 36 36 36 36 36 37 37 
 1  1  1 45 45 45 45  8  8  8  8  8  8  8 34  8  8  8 34 34 34 34 34 34 34  8  8  8  8  8  8  8  8  8  8  8  8  8  8  8  8 16 16 16 16 16 16 16 16 16 16 16 16 16 16 16 16 16 16 16 16 16 16 16 16 16 16 16 16 16 16 16 16 16 16 16 16 16 41 41 41 41 41 41 41 41 41 41 41 41 32 32 32 32 32 32 32 32 32 32 32 32 32 32 32 32 32 32 32 32 32 32 32 43 43 43 43 43 43 43 26 26 26 26 26 26 26 26 26 26 26 26 26 26 26 26 26 26 26 26 26 26 26 26 26 26 13 13 13 13 13 13 13 13 13 13 13 13 13 13 13 13 13 13 13 13 13 13 13 36 36 36 36 36 36 36 36 37 37 37 
 1  1  1 45 45 45 34 34 34 34  8  8 34  8 34  8  8  8 34 34 34 34 34 34 34 34 34  8  8  8  8  8  8  8  8  8  8  8  8  8  8 16 16 16 16 16 16 16 16 16 16 16 16 16 16 16 16 16 16 16 16 16 16 16 16 16 16 16 16 16 16 16 16 16 16 16 16 16 41 41 41 41 41 41 41 41 41 41 41 41 41 32 32 32 32 32 32 32 32 32 32 32 32 32 32 32 32 32 32 32 32 32 32 43 43 43 43 43 43 43 26 26 26 26 26 26 26 26 26 26 26 26 26 26 26 26 26 26 26 26 26 26 26 26 26 26 13 13 13 13 13 13 13 13 13 13 13 13 13 13 13 13 13 13 13 13 13 13 13 13 13 13 13 36 36 36 36 36 37 37 
 1  1  1 45 45 45 34 34 34 34 34 34 34 34 34 34 34 34 34 34 34 34 34 34 34 34 34 34 34  8  8  8  8  8  8  8  8  8  8  8  8 16 16 16 16 16 16 16 16 16 16 16 16 16 16 16 16 16 16 16 16 16 16 16 16 16 16 16 16 16 16 16 16 16 16 16 16 16 16 41 41 41 41 41 41 41 41 41 41 32 32 32 32 32 32 32 32 32 32 32 32 32 32 32 32 32 32 32 32 32 32 32 32 43 43 43 43 43 26 26 26 26 26 26 26 26 26 26 26 26 26 26 26 26 26 26 26 26 26 26 26 26 26 26 26 26 13 13 13 13 13 13 13 13 13 13 13 13 13 13 13 13 13 13 13 13 13 13 13 13 13 13 13 13 13 13 36 36 37 37 
 1  1  1 45 45 45 45 34 34 34 34 34 34 34 34 34 34 34 34 34 34 34 34 34 34 34 34 34 34  8  8  8  8  8  8  8  8  8  8  8  8 16  8  8 16  8 16 16 16 16 16 16 16 16 16 16 16 16 16 16 16 16 16 16 16 16 16 16 16 16 16 16 16 16 16 16 16 16 16 41 41 41 41 41 41 41 41 41 41 32 32 32 32 32 32 32 32 32 32 32 32 32 32 32 32 32 32 32 32 32 32 32 32 43 43 43 43 43 26 26 26 26 26 26 26 26 26 26 26 26 26 26 26 26 26 26 26 26 26 26 26 26 26 26 26 13 13 13 13 13 13 13 13 13 13 13 13 13 13 13 13 13 13 13 13 13 13 13 13 13 13 13 13 13 13 13 36 36 37 37 
 1  1  1 45 45 45 45 34 34 34 34 34 34 34 34 34 34 34 34 34 34 34 34 34 34 34 34 34 34 34  8  8  8  8  8  8  8  8  8  8  8  8  8  8  8  8  8  8 16 16 16 16 16 16 16 16 16 16 16 16 16 16 16 16 16 16 16 16 16 16 16 16 16 16 16 16 16 16 16 41 41 41 41 41 41 41 41 41 41 32 32 32 32 32 32 32 32 32 32 32 32 32 32 32 32 32 32 32 32 32 32 32 32 43 43 43 43 43 43 26 26 26 26 26 26 26 26 26 26 26 26 26 26 26 26 26 26 26 26 26 26 26 26 26 26 13 13 13 13 13 13 13 13 13 13 13 13 13 13 13 13 13 13 13 13 13 13 13 13 13 13 13 13 13 13 13 36 36 36 37 
 1  1  1 45 45 45 45 34 34 34 34 34 34 34 34 34 34 34 34 34 34 34 34 34 34 34 34 34 34 34 34 34 34 34  8  8  8  8  8  8  8  8  8  8  8  8  8  8 16 16 16 16 16 16 16 16 16 16 16 16 16 16 16 16 16 16 16 16 16 16 16 16 16 16 16 16 16 16 41 41 41 41 41 41 41 41 41 41 32 32 32 32 32 32 32 32 32 32 32 32 32 32 32 32 32 32 32 32 32 32 32 32 32 43 43 43 43 43 43 43 26 26 26 26 26 26 26 26 26 26 26 26 26 26 26 26 26 26 26 26 26 26 26 26 26 13 13 13 13 13 13 13 13 13 13 13 13 13 13 13 13 13 13 13 13 13 13 13 13 13 13 13 13 13 13 13 13 36 37 37 
 1  1  1 45 45 45 45 45 45 45 34 34 34 34 34 34 34 34 34 34 34 34 34 34 34 34 34 34 34 34 34 34 34  8  8  8  8  8  8  8  8  8  8  8  8  8  8  8 16 16 16 16 16 16 16 16 16 16 16 16 16 16 16 16 16 16 16 16 16 16 16 16 16 16 16 16 16 41 41 41 41 41 41 41 41 41 41 41 32 32 32 32 32 32 32 32 32 32 32 32 32 32 32 32 32 32 32 32 32 32 32 32 32 32 43 43 43 43 43 43 26 26 26 26 26 26 26 26 26 26 26 26 26 26 26 26 26 26 26 26 26 26 26 26 19 13 13 13 13 13 13 13 13 13 13 13 13 13 13 13 13 13 13 13 13 13 13 13 13 13 13 13 13 13 36 36 36 36 37 37 
 1  1  1  1  1  1  1  1 45 45 34 34 34 34 34 34 34 34 34 34 34 34 34 34 34 34 34 34 34 34 34 34 34  8  8  8  8  8  8  8  8  8  8  8  8  8  8  8  8 16 16 16 16 16 16 16 16 16 16 16 16 16 16 16 16 16 16 16 16 16 16 16 16 16 16 16 16 41 41 41 41 41 41 41 41 41 41 41 32 32 32 32 32 32 32 32 32 32 32 32 32 32 32 32 32 32 32 32 32 32 32 32 32 32 43 43 43 43 43 43 43 26 26 26 26 26 26 26 26 26 26 26 26 26 26 26 26 26 26 26 26 26 19 19 19 19 36 36 36 13 13 13 13 13 13 13 13 13 13 13 13 13 13 13 13 13 13 13 13 13 13 36 36 36 36 36 36 37 37 37 
 1  1  1  1  1  1  1 45 45 45 45 34 34 34 34 34 34 34 34 34 34 34 34 34 34 34 34 34 34 34 34 34 34 34  8  8  8  8  8  8  8  8  8  8  8  8  8  8  8  8 16 16 16 16 16 16 16 16 16 16 16 16 16 16 16 16 16 16 16 16 16 16 16 16 16 16 16 41 41 41 41 41 41 41 41 41 41 41 32 32 32 32 32 32 32 32 32 32 32 32 32 32 32 32 32 32 32 32 32 32 32 32 32 32 32 32 32 43 43 43 43 26 26 26 26 26 26 26 26 26 26 26 26 26 26 26 26 26 26 19 19 19 19 19 19 19 19 36 36 36 36 36 36 36 13 13 13 13 13 13 13 13 13 13 13 13 13 13 13 13 36 36 36 36 36 36 37 37 37 37 
 1  1  1  1  1  1 45 45 45 45 34 34 34 34 34 34 34 34 34 34 34 34 34 34 34 34 34 34 34 34 34 34 34 34 34  8  8  8  8  8  8  8  8  8  8  8  8  8  8  8  8  8 16 16 16 16 16 16 16 16 16 16 16 16 16 16 16 16 16 16 16 16 16  8  8 16 16 41 41 41 41 41 41 41 41 41 41 41 41 32 32 32 32 32 32 32 32 32 32 32 32 32 32 32 32 32 32 32 32 32 32 32 32 32 32 32 32 43 43 43 43 43 26 26 26 26 26 26 26 26 26 26 26 26 26 26 26 26 19 19 19 19 19 19 19 19 19 36 36 36 36 36 36 36 36 36 36 36 13 13 13 13 13 13 13 13 13 13 13 13 36 36 36 36 36 36 36 37 37 37 
 1  1  1  1  1  1  1 45 45 45 45 45 34 34 34 34 34 34 34 34 34 34 34 34 34 34 34 34 34 34 34 34 34 34 34  8  8  8  8  8  8  8  8  8  8  8  8  8  8  8  8  8  8  8 16 16 16 16 16 16 16 16 16 16 16 16 16 16  8 16 16 16 16  8  8  8 16  8 41 41 41 41 41 41 41 41 41 41 41 32 41 32 32 32 32 32 32 32 32 32 32 32 32 32 32 32 32 32 32 32 32 32 32 32 43 43 43 43 43 43 43 43 43 26 26 26 26 26 26 26 26 26 26 26 26 26 26 26 19 19 19 19 19 19 19 19 19 36 36 36 36 36 36 36 36 36 36 36 36 36 13 13 13 13 13 13 13 13 13 13 36 36 36 36 36 36 36 37 37 37 
 1  1  1  1  1  1 45 45 45 45 45 45 34 34 34 34 34 34 34 34 34 34 34 34 34 34 34 34 34 34 34 34 34 34  8  8  8  8  8  8  8  8  8  8  8  8  8  8  8  8  8  8  8  8 16 16 16  8 16 16 16 16 16 16 16 16 16 16  8  8  8  8  8  8  8  8  8  8 41 41 41 41 41 41 41 41 41 41 41 41 41 32 32 32 32 32 32 32 32 32 32 32 32 32 32 32 32 32 32 32 32 32 32 32 32 32 43 43 43 43 43 43 43 43 26 26 26 26 26 26 26 26 26 26 26 26 26 26 19 19 19 19 19 19 19 19 19 19 19 36 36 36 36 36 36 36 36 36 36 36 13 13 13 13 13 13 13 13 36 36 36 36 36 36 36 36 36 37 37 37 
 1  1  1  1  1 45 45 45 45 45 45 45 34 34 34 34 34 34 34 34 34 34 34 34 34 34 34 34 34 34 34 34 34 34 34  8  8  8  8  8  8  8  8  8  8  8  8  8  8  8  8  8  8  8  8  8 16  8 16 16 16 16 16 16  8  8  8  8  8  8  8  8  8  8  8  8  8  8  8 41 41 41 41 41 41 41 41 41 41 41 41 41 32 32 32 32 32 32 32 32 32 32 32 32 32 32 32 32 32 32 32 32 32 43 43 43 43 43 43 43 43 43 43 43 43 43 26 26 26 26 26 26 26 26 26 26 26 26 19 19 19 19 19 19 19 19 19 19 19 36 36 36 36 36 36 36 36 36 36 36 36 36 13 13 13 13 13 13 36 36 36 36 36 36 36 36 36 37 37 37 
 1  1  1  1  1 45 45 45 45 45 34 34 34 34 34 34 34 34 34 34 34 34 34 34 34 34 34 34 34 34 34 34 34 34 34  8  8  8  8  8  8  8  8  8  8  8  8  8  8  8  8  8  8  8  8  8  8  8 16 16 16 16 16  8  8  8  8  8  8  8  8  8  8  8  8  8  8  8  8 41 41 41 41 41 41 41 41 41 41 41 41 41 41 32 32 32 32 32 32 32 32 32 32 32 32 32 32 32 32 32 32 32 32 43 43 43 43 43 43 43 43 43 43 43 43 26 26 26 26 26 26 26 26 26 26 26 26 19 19 19 19 19 19 19 19 19 19 19 19 19 36 36 36 36 36 36 36 36 36 36 36 36 13 13 13 13 13 13 36 36 36 36 36 36 36 36 37 37 37 37 
 1  1  1  1  1 45 45 45 45 45 34 34 34 34 34 34 34 34 34 34 34 34 34 34 34 34 34 34 34 34 34 34 34 34 34  8  8  8  8  8  8  8  8  8  8  8  8  8  8  8  8  8  8  8  8  8  8  8  8 16  8  8  8  8  8  8  8  8  8  8  8  8  8  8  8  8  8  8 41 41 41 41 41 41 41 41 41 41 41 41 41 41 41 41 32 32 32 32 32 32 32 32 32 32 32 32 32 32 32 32 32 43 43 43 43 43 43 43 43 43 43 43 43 43 43 43 43 26 43 26 43 26 26 26 26 26 26 19 19 19 19 19 19 19 19 19 19 19 19 19 36 36 36 36 36 36 36 36 36 36 36 36 36 36 36 13 36 36 36 36 36 36 36 36 36 36 37 37 37 37 
 1  1  1  1 45 45 45 45 45 45 45 34 34 34 34 34 34 34 34 34 34 34 34 34 34 34 34 34 34 34 34 34 34 34 34  8  8  8  8  8  8  8  8  8  8  8  8  8  8  8  8  8  8  8  8  8  8  8  8  8  8  8  8  8  8  8  8  8  8  8  8  8  8  8  8  8  8  8  8 41 41 41 41 41 41 41 41 41 41 41 41 41 41 41 41 32 32 32 32 32 32 32 32 32 32 32 32 32 32 32 32 43 43 43 43 43 43 43 43 43 43 43 43 43 43 43 43 43 43 43 43 26 26 26 26 26 26 19 19 19 19 19 19 19 19 19 19 19 19 19 36 36 36 36 36 36 36 36 36 36 36 36 36 36 36 36 36 36 36 36 36 36 36 36 36 37 37 37 37 37 
 1  1  1  1 45 45 45 45 45 45 45 45 45 45 34 45 34 34 34 34 34 34 34 34 34 34 34 34 34 34 34 34 34 34 34 34  8  8  8  8  8  8  8  8  8  8  8  8  8  8  8  8  8  8  8  8  8  8  8  8  8  8  8  8  8  8  8  8  8  8  8  8  8  8  8  8  8  8 41 41 41 41 41 41 41 41 41 41 41 41 41 41 41 41 41 41 32 32 32 32 32 32 32 32 32 32 32 32 32 43 43 43 43 43 43 43 43 43 43 43 43 43 43 43 43 43 43 43 43 43 43 26 26 26 26 26 19 19 19 19 19 19 19 19 19 19 19 19 19 19 36 36 36 36 36 36 36 36 36 36 36 36 36 36 36 36 36 36 36 36 36 36 36 37 37 37 37 37 37 37 
 1  1  1  1 45 45 45 45 45 45 45 45 45 45 45 45 45 45 34 34 34 34 34 34 34 34 34 34 34 34 34 34 34 34 34 34 34  8  8  8  8  8  8  8  8  8  8  8  8  8  8  8  8  8  8  8  8  8  8  8  8  8  8  8  8  8  8  8  8  8  8  8  8  8  8  8  8  8 41 41 41 41 41 41 41 41 41 41 41 41 41 41 41 41 41 41 41 41 32 32 32 32 32 32 32 32 32 42 42 43 43 43 43 43 43 43 43 43 43 43 43 43 43 43 43 43 43 43 43 43 43 26 26 26 19 19 19 19 19 19 19 19 19 19 19 19 19 19 19 19 19 36 36 36 36 36 36 36 36 36 36 36 36 36 36 36 36 36 36 36 36 37 37 37 37 37 37 37 37 37 
 1  1  1  1 45 45 45 45 45 45 45 45 45 45 45 45 45 45 45 45 45 34 34 34 34 34 34 34 34 34 34 34 34 34 34 34 34  8  8  8  8  8  8  8  8  8  8  8  8  8  8  8  8  8  8  8  8  8  8  8  8  8  8  8  8  8  8  8  8  8  8  8  8  8  8  8  8 41 41 41 41 41 41 41 41 41 41 41 41 41 41 41 41 41 41 41 41 41 41 32 32 32 32 32 32 32 32 42 42 43 43 43 43 43 43 43 43 43 43 43 43 43 43 43 43 43 43 43 43 43 43 43 43 19 19 19 19 19 19 19 19 19 19 19 19 19 19 19 19 19 36 36 36 36 36 36 36 36 36 36 36 36 36 36 36 36 36 36 36 36 36 36 37 37 37 37 37 37 37 37 
 1  1  1  1 45 45 45 45 45 45 45 45 45 45 45 45 45 45 45 45 45 34 34 34 34 34 34 34 34 34 34 34 34 34 34 34 34 34  8  8  8  8  8  8  8  8  8  8  8  8  8  8  8  8  8  8  8  8  8  8  8  8  8  8  8  8  8  8  8  8  8  8  8  8  8  8 41 41 41 41 41 41 41 41 41 41 41 41 41 41 41 41 41 41 41 41 41 41 41 32 32 32 32 32 32 42 42 42 42 43 43 43 43 43 43 43 43 43 43 43 43 43 43 43 43 43 43 43 43 43 43 43 43 43 43 19 19 19 19 19 19 19 19 19 19 19 19 19 19 36 36 36 36 36 36 36 36 36 36 36 36 36 36 36 36 36 36 36 36 36 36 37 37 37 37 37 37 37 37 37 
 1  1  1  1  1 45 45 45 45 45 45 45 45 45 45 45 45 45 45 45 45 45 34 34 34 34 34 34 34 34 34 34 34 34 34 34 34 34  8  8  8  8  8  8  8  8  8  8  8  8  8  8  8  8  8  8  8  8  8  8  8  8  8  8  8  8  8  8  8  8  8  8  8  8  8  8  8 41 41 41 41 41 41 41 41 41 41 41 41 41 41 41 41 41 41 41 41 41 41 41 41 41 41 42 42 42 42 42 43 43 43 43 43 43 43 43 43 43 43 43 43 43 43 43 43 43 43 43 43 43 43 43 43 43 43 43 19 19 19 19 19 19 19 19 19 19 19 19 19 36 36 36 36 36 36 36 36 36 36 36 36 36 36 36 36 36 36 36 36 36 37 37 37 37 37 37 37 37 37 37 
 1  1  1  1  1 45 45 45 45 45 45 45 45 45 45 45 45 45 45 45 45 45 34 34 45 45 45 45 34 34 34 34 34 34 34 34 34 34 34 34 34 34  8  8  8  8  8  8  8  8  8  8  8  8  8  8  8  8  8  8  8  8  8  8  8  8  8  8  8  8  8  8  8  8  8  8 41 41 41 41 41 41 41 41 41 41 41 41 41 41 41 41 41 41 41 41 41 41 41 41 41 41 41 42 42 42 42 42 42 43 43 43 43 43 43 43 43 43 43 43 43 43 43 43 43 43 43 43 43 43 43 43 43 43 43 43 19 19 19 19 19 19 19 19 19 19 19 19 19 19 19 36 36 36 36 36 36 36 36 36 36 36 36 36 36 36 36 36 36 37 37 37 37 37 37 37 37 37 37 37 
 1  1  1 45 45 45 45 45 45 45 45 45 45 45 45 45 45 45 45 45 45 45 45 45 45 45 45 45 45 34 34 34 34 34 34 34 34 34 34 34 34 34  8 34  8  8  8 34  8  8  8  8 34  8  8  8  8  8  8  8  8  8  8  8  8  8  8  8  8  8  8  8  8  8  8  8  8 41 41 41 41 41 41 41 41 41 41 41 41 41 41 41 41 41 41 41 41 41 41 41 41 41 41 42 42 42 42 42 42 43 43 43 43 43 43 43 43 43 43 43 43 43 43 43 43 43 43 43 43 43 43 43 43 43 43 43 19 19 19 19 19 19 19 19 19 19 19 19 19 19 19 36 36 36 36 36 36 36 36 36 36 36 36 36 36 36 36 36 36 37 37 37 37 37 37 37 37 37 37 37 
 1  1 45 45 45 45 45 45 45 45 45 45 45 45 45 45 45 45 45 45 45 45 45 45 45 45 45 45 45 45 34 34 34 34 34 34 34 34 34 34 34 34 34 34 34 34  8 34 34 34 34 34 34 34 34  3  3  3  8  8  8  8  8  3  8  3  3  8  8  3  3  3  3  3  3  3  3 41 41 41 41 41 41 41 41 41 41 41 41 41 41 41 41 41 41 41 41 41 42 42 42 42 42 42 42 42 42 42 42 43 43 43 43 43 43 43 43 43 43 43 43 43 43 43 43 43 43 43 43 43 43 43 43 43 43 43 43 19 19 19 19 19 19 19 19 19 19 19 19 19 19 36 19 36 36 36 36 36 36 36 36 36 36 36 36 36 37 36 37 37 37 37 37 37 37 37 37 37 37 37 
 1  1  1 45 45 45 45 45 45 45 45 45 45 45 45 45 45 45 45 45 45 45 45 45 45 45 45 45 45 45 34 34 34 34 34 34 34 34 34 34 34 34 34 34 34 34 34 34 34 34 34 34 34 34 34  3  3  3  8  8  3  3  8  3  3  3  3  3  3  3  3  3  3  3  3  3  3 41 41 41 41 41 41 41 41 41 41 41 41 41 41 41 41 41 41 41 42 41 42 42 42 42 42 42 42 42 42 42 42 42 43 43 43 43 43 43 43 43 43 43 43 43 43 43 43 43 43 43 43 43 43 43 43 43 43 43 43 19 19 19 19 19 19 19 19 19 19 19 19 19 19 19 19 19 36 36 36 36 36 36 36 36 36 36 36 36 37 37 37 37 37 37 37 37 37 37 37 37 37 37 
 1  1 45 45 45 45 45 45 45 45 45 45 45 45 45 45 45 45 45 45 45 45 45 45 45 45 45 45 45 45 45 45 34 34 34 34 34 34 34 34 34 34 34 34 34 34 34 34 34 34 34 34 34 34 34 34 34  3  3  3  3  3  3  3  3  3  3  3  3  3  3  3  3  3  3  3  3  3  3 41 41 41 41 41 41 41 41 41 41 41 41 41 41 41 42 42 42 42 42 42 42 42 42 42 42 42 42 42 42 42 43 43 43 43 43 43 43 43 43 43 43 43 43 43 43 43 43 43 43 43 43 43 43 43 43 43 43 43 43 43 19 19 19 19 19 19 19 19 19 19 19 19 19 19 36 36 36 36 36 36 36 36 36 36 36 37 37 37 37 37 37 37 37 37 37 37 37 37 37 37 
 1  1 45 45 45 45 45 45 45 45 45 45 45 45 45 45 45 45 45 45 45 45 45 45 45 45 45 45 45 45 45 45 34 34 34 34 34 34 34 34 34 34 34 34 34 34 34 34 34 34 34 34 34 34 34 34 34  3  3  3  3  3  3  3  3  3  3  3  3  3  3  3  3  3  3  3  3  3 41 41 41 41 41 41 41 41 41 41 42 41 42 42 41 42 42 42 42 42 42 42 42 42 42 42 42 42 42 42 42 42 42 43 43 43 43 43 43 43 43 43 43 43 43 43 43 43 43 43 43 43 43 43 43 43 43 43 43 43 43 43 19 19 19 19 19 19 19 19 19 19 19 19 19 19 36 36 36 36 36 36 36 36 36 36 36 37 37 37 37 37 37 37 37 37 37 37 37 37 37 37 
 1  1 45 45 45 45 45 45 45 45 45 45 45 45 45 45 45 45 45 45 45 45 45 45 45 45 45 45 45 45 45 45 45 45 45 34 34 34 34 34 34 34 34 34 34 34 34 34 34 34 34 34 34 34 34 34 34  3 34 34  3  3  3  3  3  3  3  3  3  3  3  3  3  3  3  3  3  3  3 41 41 41 41 41 41 41 41 41 42 42 42 42 42 42 42 42 42 42 42 42 42 42 42 42 42 42 42 42 42 42 42 42 43 43 43 43 43 43 43 43 43 43 43 43 43 43 43 43 43 43 43 43 43 43 43 43 43 43 43 43 19 19 19 19 19 19 19 19 19 19 19 19 19 19 36 36 36 36 36 36 36 36 37 37 37 37 37 37 37 37 37 37 37 37 37 37 37 37 37 37 
 1  1  1 45 45 45 45 45 45 45 45 45 45 45 45 45 45 45 45 45 45 45 45 45 45 45 45 45 45 45 45 45 45 45 34 34 34 34 34 34 34 34 34 34 34 34 34 34 34 34 34 34 34 34 34 34 34 34 34 34  3  3  3  3  3  3  3  3  3  3  3  3  3  3  3  3  3  3  3  3  3 41 41 41 41 41 41 42 42 42 42 42 42 42 42 42 42 42 42 42 42 42 42 42 42 42 42 42 42 42 42 42 43 43 43 43 43 43 43 43 43 43 43 43 43 43 43 43 24 43 43 43 43 43 43 43 24 43 43 43 19 19 19 19 19 19 19 19 19 19 19 19 19 19 19 36 36 36 36 36 36 37 37 37 37 37 37 37 37 37 37 37 37 37 37 37 37 37 37 37 
 1  1 45 45 45 45 45 45 45 45 45 45 45 45 45 45 45 45 45 45 45 45 45 45 45 45 45 45 45 45 45 45 45 45 34 34 34 34 34 34 34 34 34 34 34 34 34 34 34 34 34 34 34 34 34 34 34 34 34 34  3  3  3  3  3  3  3  3  3  3  3  3  3  3  3  3  3  3  3  3  3  3 41 41 41 41 41 41 42 42 42 42 42 42 42 42 42 42 42 42 42 42 42 42 42 42 42 42 42 42 42 43 43 43 43 43 43 43 43 43 43 43 43 43 43 24 24 24 24 24 43 43 43 24 43 24 24 43 43 43 43 19 19 19 19 19 19 19 19 19 19 19 19 19 19 36 36 36 36 36 36 37 37 37 37 37 37 37 37 37 37 37 37 37 37 37 37 37 37 37 
 1 45 45 45 45 45 45 45 45 45 45 45 45 45 45 45 45 45 45 45 45 45 45 45 45 45 45 45 45 45 45 45 45 45 45 45 34 34 34 34 34 34 34 34 34 34 34 34 34 34 34 34 34 34 34 34 34 34 34 34  3  3  3  3  3  3  3  3  3  3  3  3  3  3  3  3  3  3  3  3  3  3  3 41 41 41 42 42 42 42 42 42 42 42 42 42 42 42 42 42 42 42 42 42 42 42 42 42 42 42 42 43 43 43 43 43 43 43 43 43 43 43 24 24 24 24 24 24 24 24 24 24 24 24 24 24 24 43 43 43 43 19 19 19 19 19 19 19 19 19 19 19 19 19 19 36 36 36 36 36 36 37 37 37 37 37 37 37 37 37 37 37 37 37 37 37 37 37 37 37 
 1 45 45 45 45 45 45 45 45 45 45 45 45 45 45 45 45 45 45 45 45 45 45 45 45 45 45 45 45 45 45 45 45 45 45 45 34 34 34 34 34 34 34 34 34 34 34 34 34 34 34 34 34 34 34 34 34 34 34 34 34  3  3  3  3  3  3  3  3  3  3  3  3  3  3  3  3  3  3  3  3  3  3  3  3 42 42 42 42 42 42 42 42 42 42 42 42 42 42 42 42 42 42 42 42 42 42 42 42 42 42 43 43 43 24 24 24 24 24 24 43 24 24 24 24 24 24 24 24 24 24 24 24 24 24 24 24 24 43 43 19 19 19 19 19 19 19 19 19 19 19 19 19 19 19 36 36 36 36 36 37 37 37 37 37 37 37 37 37 37 37 37 37 37 37 37 37 37 37 37 
 1  1 45 45 45 45 45 45 45 45 45 45 45 45 45 45 45 45 45 45 45 45 45 45 45 45 45 45 45 45 45 45 45 45 45 34 34 34 34 34 34 34 34 34 34 34 34 34 34 34 34 34 34 34 34 34 34 34 34 34 34 34  3  3  3  3  3  3  3  3  3  3  3  3  3  3  3  3  3  3  3  3  3  3 42 42 42 42 42 42 42 42 42 42 42 42 42 42 42 42 42 42 42 42 42 42 42 42 42 42 24 43 24 24 24 24 24 24 24 24 24 24 24 24 24 24 24 24 24 24 24 24 24 24 24 24 24 24 24 24 19 19 19 19 19 19 19 19 19 19 19 19 19 19 19 19 19 36 36 36 37  2 37 37  2  2  2 37 37 37 37 37 37 37 37 37 37 37 37 37 
 1 45 45 45 45 45 45 45 45 45 45 45 45 45 45 45 45 45 45 45 45 45 45 45 45 45 45 45 45 45 45 45 45 45 45 45 34 34 34 34 34 34 34 34 34 34 34 34 34 34 34 34 34 34 34 34 34 34 34 34 34 34 34 34 34  3  3  3  3 34 34  3  3  3  3  3  3  3  3  3  3  3  3  3 42 42 42 42 42 42 42 42 42 42 42 42 42 42 42 42 42 42 42 42 42 42 42 42 24 24 24 24 24 24 24 24 24 24 24 24 24 24 24 24 24 24 24 24 24 24 24 24 24 24 24 24 24 24 24 24 19 19 19 19 19 24 19 19 19 19 19 19 19 19 19 19 19 36 36  2  2  2  2  2  2  2  2  2 37 37 37 37 37 37 37 37 37 37 37 37 
 1 45 45 45 45 45 45 45 45 45 45 45 45 45 45 45 45 45 45 45 45 45 45 45 45 45 45 45 45 45 45 45 45 45 45 45 45 34 34 34 34 34 34 34 34 34 34 34 34 34 34 34 34 34 34 34 34 34 34 34 34 34 34 34 34 34 34 34 34 34 34  3  3  3  3  3  3  3  3  3  3  3  3  3  3 42 42 42 42 42 42 42 42 42 42 42 42 42 42 42 42 42 42 42 42 42 42 42 24 24 24 24 24 24 24 24 24 24 24 24 24 24 24 24 24 24 24 24 24 24 24 24 24 24 24 24 24 24 24 24 24 24 24 24 24 24 19 19 19 19 19 19 19 19 19 19 19 36 36  2  2  2  2  2  2  2  2  2 37 37 37 37 37 37 37 37 37 37 37 37 
 1  1  1 45 45 45 45 45 45 45 45 45 45 45 45 45 45 45 45 45 45 45 45 45 45 45 45 45 45 45 45 45 45 45 45 45 34 34 34 34 34  1 34 34 34 34 34 34 34 34 34 34 34 34 34 34 34 34 34  7 34 34 34 34 34 34 34 34 34 34 34  3  3  3  3  3  3  3  3  3  3  3  3  3  3  3 42 42 42 42 42 42 42 42 42 42 42 42 42 42 42 42 42 42 42 42 42 42 24 24 24 24 24 24 24 24 24 24 24 24 24 24 24 24 24 24 24 24 24 24 24 24 24 24 24 24 24 24 24 24 24 24 24 24 24 19 19 19 19 19 19 19 19 19 19 19  2  2  2  2  2  2  2  2  2  2  2  2 37 37 37 37 37 37 37 37 37 37 37 37 
 1  1  1 45 45 45 45 45 45 45 45 45 45 45 45 45 45 45 45 45 45 45 45 45 45 45 45 45 45 45 45 45 45 45 45 45 34 34  1  1  1  1 34 34 34 34 34 34 34 34 34 34 34 34 34  7  7  7  7  7  7 34 34  7  7  7 34 34 34 34  3  3  3  3  3  3  3  3  3  3  3  3  3  3  3  3 42 42 42 42 42 42 42 42 42 42 42 42 42 42 42 42 42 42 42 42 42 24 24 24 24 24 24 24 24 24 24 24 24 24 24 24 24 24 24 24 24 24 24 24 24 24 24 24 24 24 24 24 24 24 24 24 24 24 24 19 19 19 19 19 19 19 19 19 19 19  2  2  2  2  2  2  2  2  2  2  2  2 37 37 37 37 37 37 37 37 37 37 37 37 
 1  1  1 45  1 45 45 45 45 45 45 45 45 45 45 45 45 45 45 45 45 45 45 45 45 45 45 45 45 45 45 45 45 45 45 34 34  1  1  1  1  1  1 34 34 34 34 34 34 34 34 34 34 34  7  7  7  7  7  7  7  7  7  7  7 34 34 34 34 34 34 34 34  3 34 34 34  3  3  3  3  3  3  3  3  3 42 42 42 42 42 42 42 42 42 42 42 42 42 42 42 42 42 42 42 42 42 24 24 24 24 24 24 24 24 24 24 24 24 24 24 24 24 24 24 24 24 24 24 24 24 24 24 24 24 24 24 24 24 24 24 24 24 24 24 19 19 19 19 19 19 19 19 19 19 19  2  2  2  2  2  2  2  2  2  2  2  2 37 37 37 37 37 37 37 37 37 37 37 37 
 1  1  1  1  1 45 45 45 45 45 45 45 45 45 45 45 45 45 45 45 45 45 45 45 45 45 45 45 45 45 45 45 45 45  1  1  1  1  1  1  1  1  1  1  1  1  1  1  1  1 34 34 34  7  7  7  7  7  7  7  7  7  7  7  7  7 34 34 34 34 34 34 34 34 34 34 34 34  3  3  3  3  3  3  3  3 42 42 42 42 42 42 42 42 42 42 42 42 42 42 42 42 42 42 42 42 42 24 24 24 24 24 24 24 24 24 24 24 24 24 24 24 24 24 24 24 24 24 24 24 24 24 24 24 24 24 24 24 24 24 24 24 24 24 24 24 19 19 19 19 19 19 19 19  2  2  2  2  2  2  2  2  2  2  2  2  2  2 37 37 37 37 37 37 37 37 37 37 37 37 
 1  1  1  1  1 45 45 45 45 45 45 45 45 45 45 45 45 45 45 45 45 45 45 45 45 45 45 45 45 45 45 45 45  1  1  1  1  1  1  1  1  1  1  1  1  1  1  1  1  1 34 34 34  7  7  7  7  7  7  7  7  7  7  7  7  7  7  7  7  7 34 34 34 34 34 34 34 34  3  3  3  3  3  3  3  3 42 42 42 42 42 42 42 42 42 42 42 42 42 42 42 42 42 42 42 42 42 42 24 24 24 24 24 24 24 24 24 24 24 24 24 24 24 24 24 24 24 24 24 24 24 24 24 24 24 24 24 24 24 24 24 24 24 24 24 19 19 19 19 19 19 19 19 19 19  2  2  2  2  2  2  2  2  2  2  2  2  2 37 37 37 37 37 37 37 37 37 37 37 37 
 1  1  1  1  1  1  1 45 45 45 45 45 45 45 45 45 45 45 45 45 45 45 45 45 45 45 45 45 45 45 45 45 45  1  1  1  1  1  1  1  1  1  1  1  1  1  1  1  1  1  1 34  7  7  7  7  7  7  7  7  7  7  7  7  7  7  7  7  7  7  7 34 34 34 34 34 34 34  3  3  3  3  3  3  3  3 42 42 42 42 42 42 42 42 42 42 42 42 42 42 42 42 42 42 42 42 42 42 42 24 24 24 24 24 24 24 24 24 24 24 24 24 24 24 24 24 24 24 24 24 24 24 24 24 24 24 24 24 24 24 24 24 24 24 24 19 19 19 19 19 19 19 19 19 19  2  2  2  2  2  2  2  2  2  2  2  2  2  2 37 37 37 37 37 37 37 37 37 37 37 
 1  1  1  1  1  1  1 45 45 45 45 45 45 45 45 45 45 45 45 45 45 45 45 45 45 45 45 45 45 45 45 45 45  1  1  1  1  1  1  1  1  1  1  1  1  1  1  1  1  1  1  1  7  7  7  7  7  7  7  7  7  7  7  7  7  7  7  7  7 34 34 34 34 34 34 34 34  3  3  3  3  3  3  3  3  3  3  3 42 42 42 42 42 42 42 42 42 42 42 42 42 42 42 42 42 42 42 42 42 24 24 24 24 24 24 18 24 24 24 24 24 24 24 24 24 24 24 24 24 24 24 24 24 24 24 24 24 24 24 24 24 24 24 24 19 19  2  2  2 19 19 19 19 19 19  2  2  2  2  2  2  2  2  2  2  2  2  2  2 37 37 37 37 37 37 37 37 37 37 37 
 1  1  1  1  1  1  1 45 45 45 45 45 45 45 45 45 45 45 45 45 45 45 45 45 45 45 45 45 45 45 45  1 45  1  1  1  1  1  1  1  1  1  1  1  1  1  1  1  1  1  1  7  7  7  7  7  7  7  7  7  7  7  7  7  7  7  7  7  7  7  7  7 34 34 34 34 34  3  3  3  3  3  3  3  3  3  3  3  3  3  3 42 42 42 42 42 42 42 42 42 42 42 42 42 42 42 42 18 18 18 18 18 18 24 18 18 24 24 24 24 24 10 10 24 24 24 24 10 10 10 10 10 24 24 10 10 24 24 24 24 24 24 24 24 24 19  2  2  2  2  2  2  2  2  2  2  2  2  2  2  2  2  2  2  2  2  2  2  2  2  2  2 37 37 37 37 37 37 37 37 
 1  1  1  1  1  1  1 45 45 45 45 45 45 45 45 45 45 45 45 45 45 45 45 45 45 45 45 45 45  1  1  1  1  1  1  1  1  1  1  1  1  1  1  1  1  1  1  1  1  1  1  1  7  7  7  7  7  7  7  7  7  7  7  7  7  7  7  7  7  7  7  7  7 34 34 34  3  3  3  3  3  3  3  3  3  3  3  3  3  3  3  3  3 42 42 42 42 42 42 42 42 42 42 42 42 42 42 18 18 18 18 18 18 18 18 18 18 18 18 24 10 10 10 10 10 10 10 10 10 10 10 10 24 10 10 10 10 10 24 24 24 24 24 24 24 19  2  2  2  2  2  2  2  2  2  2  2  2  2  2  2  2  2  2  2  2  2  2  2  2  2  2 37 37 37 37 37 37 37 37 
 1  1  1  1  1  1  1 45 45 45 45 45 45 45 45 45 45 45 45 45 45 45 45 45 45 45 45 45 45  1  1  1  1  1  1  1  1  1  1  1  1  1  1  1  1  1  1  1  1  1  1  1  1  1  7  7  7  7  7  7  7  7  7  7  7  7  7  7  7  7  7  7  7  7 34 34 34 34  3  3  3  3  3  3  3  3  3  3  3  3  3  3  3 42 42 42 42 42 42 42 42 42 42 42 42 42 18 18 18 18 18 18 18 18 18 18 18 18 18 18 18 18 10 10 10 10 10 10 10 10 10 10 10 10 10 10 10 10 10 10 10 10 24 24 24 24  2  2  2  2  2  2  2  2  2  2  2  2  2  2  2  2  2  2  2  2  2  2  2  2  2  2 37 37 37 37 37 37 37 37 
 1  1  1  1  1  1  1  1  1  1 45 45 45 45 45 45 45 45 45 45 45 45 45 45 45 45 45 45 45  1  1  1  1  1  1  1  1  1  1  1  1  1  1  1  1  1  1  1  1  1  1  1  7  7  7  7  7  7  7  7  7  7  7  7  7  7  7  7  7  7  7  7  7  7 34 34 34  3  3  3  3  3  3  3  3  3  3  3  3  3  3  3  3 42 42 42 42 42 42 42 42 18 18 42 42 42 18 18 18 18 18 18 18 18 18 18 18 18 18 18 18 18 10 10 10 10 10 10 10 10 10 10 10 10 10 10 10 10 10 10 10 10 10 24 24 24 24  2  2  2  2  2  2  2  2  2  2  2  2  2  2  2  2  2  2  2  2  2  2  2  2  2  2  2  2 37 37 37 37 37 
 1  1  1  1  1  1  1  1  1  1  1 45 45 45 45 45 45 45 45 45 45 45 45 45 45 45 45 45 45 45  1  1  1  1  1  1  1  1  1  1  1  1  1  1  1  1  1  1  1  1  1  1  7  7  7  7  7  7  7  7  7  7  7  7  7  7  7  7  7  7  7  7  7  7  7  7  7  3  3  3  3  3  3  3  3  3  3  3  3  3  3  3  3 42  3  3 42 42 42 42 18 18 18 18 18 18 18 18 18 18 18 18 18 18 18 18 18 18 18 18 18 18 10 10 10 10 10 10 10 10 10 10 10 10 10 10 10 10 10 10 10 10 10 10 10 10 24  2  2  2  2  2  2  2  2  2  2  2  2  2  2  2  2  2  2  2  2  2  2  2  2  2  2  2  2  2 37 37 37 37 
11 11 11 11  1  1  1  1  1  1 45 45 45 45 45 45 45 45 45 45 45 45 45 45 45 45 45  1  1  1  1  1  1  1  1  1  1  1  1  1  1  1  1  1  1  1  1  1  1  1  1  7  7  7  7  7  7  7  7  7  7  7  7  7  7  7  7  7  7  7  7  7  7  7  7  7  7  3  3  3  3  3  3  3  3  3  3  3  3  3  3  3  3  3  3  3  3 42 42 18 18 18 18 18 18 18 18 18 18 18 18 18 18 18 18 18 18 18 18 18 18 10 10 10 10 10 10 10 10 10 10 10 10 10 10 10 10 10 10 10 10 10 10 10 10 10 10 10  2  2  2  2  2  2  2  2  2  2  2  2  2  2  2  2  2  2  2  2  2  2  2  2  2  2  2  2  2  2 37  2 
11 11 11  1  1 11  1  1  1  1 45 45 45 45 45 45 45 45 45 45 45 45 45 45 45 45  1  1  1  1  1  1  1  1  1  1  1  1  1  1  1  1  1  1  1  1  1  1  1  1  1  7  7  7  7  7  7  7  7  7  7  7  7  7  7  7  7  7  7  7  7  7  7  7  7  7  7  3  3  3  3  3  3  3  3  3  3  3  3  3  3  3  3  3  3  3 42 42 42 42 42 18 18 18 18 18 18 18 18 18 18 18 18 18 18 18 18 18 18 18 18 18 10 10 10 10 10 10 10 10 10 10 10 10 10 10 10 10 10 10 10 10 10 10 10  2  2  2  2  2  2  2  2  2  2  2  2  2  2  2  2  2  2  2  2  2  2  2  2  2  2  2  2  2  2  2  2  2  2  2 
11 11 11 11 11 11  1  1  1  1  1  1  1  1  1  1 45  1  1  1 45 45 45 45 45 45  1  1  1  1  1  1  1  1  1  1  1  1  1  1  1  1  1  1  1  1  1  1  1  1  1  1  7  7  7  7  7  7  7  7  7  7  7  7  7  7  7  7  7  7  7  7  7  7  7  7  7  7  3  3  3  3  3  3  3  3  3  3  3  3  3  3  3  3  3  3 42 42 42 42 42 42 18 18 18 18 18 18 18 18 18 18 18 18 18 18 18 18 18 18 18 18 10 10 10 10 10 10 10 10 10 10 10 10 10 10 10 10 10 10 10 10 10 10 10  2  2  2  2  2  2  2  2 30 30  2  2  2  2  2  2  2  2  2  2  2  2  2  2  2  2  2  2  2  2  2  2  2  2  2 
11 11 11 11 11 11 11  1  1  1  1  1  1  1  1  1  1  1  1  1  1 45  1 45  1  1  1  1  1  1  1  1  1  1  1  1  1  1  1  1  1  1  1  1  1  1  1  1  1  1  1  1  7  7  7  7  7  7  7  7  7 33  7  7  7  7  7  7  7  7  7  7  7  7  7  7  7  7  3  3  3  3  3  3  3  3  3  3  3  3  3  3  3  3  3  3 42 42 42 42 18 18 18 18 18 18 18 18 18 18 18 18 18 18 18 18 18 18 18 18 18 18 10 10 10 10 10 10 10 10 10 10 10 10 10 10 10 10 10 10 10 10 10 10  2  2  2  2  2  2  2 30 30 30 30 30  2  2  2  2  2  2  2  2  2  2  2  2  2  2  2  2  2  2  2  2  2  2  2  2 
11 11 11 11 11 11  1  1  1  1  1  1  1  1  1  1  1  1  1  1  1  1  1  1  1  1  1  1  1  1  1  1  1  1  1  1  1  1  1  1  1  1  1  1  1  1  1  1  1  1  1 33 33  7  7 33 33  7 33  7  7 33 33 33  7  7  7  7  7  7  7  7  7  7  7  7  7  7  3  3  3  3  3  3  3  3  3  3  3  3  3  3  3 42 42 42 42 42 18 18 18 18 18 18 18 18 18 18 18 18 18 18 18 18 18 18 18 18 18 18 18 18 10 10 10 10 10 10 10 10 10 10 10 10 10 10 10 10 10 10 10 10 10 10 10  2  2 30  2 30 30 30 30 30 30 30 30 30  2  2  2  2  2  2  2  2  2  2  2  2  2  2  2  2  2  2  2  2  2  2 
11 11 11 11 11 11 11  1  1  1  1  1  1  1  1  1  1  1  1  1  1  1  1  1  1  1  1  1  1  1  1  1  1  1  1  1  1  1  1  1  1  1  1  1  1  1  1  1  1  1  1 33 33 33 33 33 33 33 33 33  7 33 33 33 33 33  7  7  7  7  7  7  7  7  7  7  7  7  7  7  7  3  3  3  3  3  3  3  3  3  3  3  3 42 42 42 42 42 18 18 18 18 18 18 18 18 18 18 18 18 18 18 18 18 18 18 18 18 18 18 18 18 10 10 10 10 10 10 10 10 10 10 10 10 10 10 10 10 10 10 10 10 10 10 10 10 10 30 30 30 30 30 30 30 30 30 30 30  2  2  2  2  2  2  2  2  2  2  2  2  2  2  2  2 30  2  2  2  2  2 
11 11 11 11 11 11 11 11  1  1  1  1  1  1  1  1  1  1  1  1  1  1  1  1  1  1  1  1  1  1  1  1  1  1  1  1  1  1  1  1  1  1  1  1  1  1  1  1  1  1  1 33 33 33 33 33 33 33 33 33 33 33 33 33 33 33  7  7  7  7  7  7  7  7  7  7  7  7  7  7  7  3  3  3  3  3  3  3  3  3  3  3 42 42 42 42 42 42 42 18 18 18 18 18 18 18 18 18 18 18 18 18 18 18 18 18 18 18 18 18 18 18 18 10 10 10 10 10 10 10 10 10 10 10 10 10 10 10 10 10 10 10 10 10 10 10 10 30 30 30 30 30 30 30 30 30 30 30 30  2  2  2 30 30  2  2  2  2  2 30  2  2  2 30 30 30 30 30  2  2 
11 11 11 11 11 11 11 11  1  1  1  1  1  1  1  1  1  1  1  1  1  1  1  1  1  1  1  1  1  1  1  1  1  1  1  1  1  1  1  1  1  1  1  1  1  1  1  1  1 33 33 33 33 33 33 33 33 33 33 33 33 33 33 33 33 33 33 33  7  7  7  7  7  7  7  7  7  7  7  7  7  3  3  3  3  3  3  3  3  3  3  3 42 42 42 42 42 42 42 42 18 18 18 18 18 18 18 18 18 18 18 18 18 18 18 18 18 18 18 18 18 18 18 10 10 10 10 10 10 10 10 10 10 10 10 10 10 10 10 10 10 10 10 10 10 10 10 10 30 30 30 30 30 30 30 30 30 30 30 30 30 30 30 30  2  2  2 30 30 30 30 30 30 30 30 30 30 30  2  2 
11 11 11 11 11 11 11 11  1  1  1  1  1  1  1  1  1  1  1  1  1  1  1  1  1 14 14 14  1  1  1  1  1  1  1  1  1  1  1  1  1  1  1  1  1  1  1  1  1 33 33 33 33 33 33 33 33 33 33 33 33 33 33 33 33 33 33 33 33  7  7  7  7  7  7  7  7  7  7  7  3  3  3  3  3  3  3  3  3  3  3  3 42 42 42 42 42 42 42 42 18 18 18 18 18 18 18 18 18 18 18 18 18 18 18 18 18 18 18 18 18 18 18 10 10 10 10 10 10 10 10 10 10 10 10 10 10 10 10 10 10 10 10 10 10 10 10 10 30 30 30 30 30 30 30 30 30 30 30 30 30 30 30 30 30 30 30 30 30 30 30 30 30 30 30 30 30 30 30  2 
11 11 11 11 11 11 11 11  1  1  1  1  1  1  1  1  1  1  1  1  1  1 14 14 14 14 14 14  1  1  1  1  1  1  1  1  1  1  1  1  1  1  1  1  1  1  1 33 33 33 33 33 33 33 33 33 33 33 33 33 33 33 33 33 33 33 33 33 33  7  7  7  7  7  7  7  7  7  7  7  7  7  7  3  3  3  3  3  3  3  3  3 42 42 42 42 42 42 42 42 18 18 18 18 18 18 18 18 18 18 18 18 18 18 18 18 18 18 18 18 18 18 18 10 10 10 10 10 10 10 10 10 10 10 10 10 10 10 10 10 10 10 10 10 10 10 10 30 30 30 30 30 30 30 30 30 30 30 30 30 30 30 30 30 30 30 30 30 30 30 30 30 30 30 30 30 30 30 30 30 
11 11 11 11 11 11 11 11 11  1  1 14  1  1  1  1  1  1  1  1  1 14 14 14 14 14 14 14 14  1  1  1  1  1  1  1  1  1  1  1  1  1  1  1  1  1  1  1 33 33 33 33 33 33 33 33 33 33 33 33 33 33 33 33 33 33 33 33 33  7  7  7  7  7  7  7  7  7  7  7  7  7  7  7  7  3  3  3  3  3  3  3 42 42 42 42 42 42 42 18 18 18 18 18 18 18 18 18 18 18 18 18 18 18 18 18 18 18 18 18 18 18 18 10 10 10 10 10 10 10 10 10 10 10 10 10 10 10 10 10 10 10 10 10 10 10 30 30 30 30 30 30 30 30 30 30 30 30 30 30 30 30 30 30 30 30 30 30 30 30 30 30 30 30 30 30 30 30 30 30 
11 11 11 11 11 11 11 11 11 11 14 14 14  1  1 14  1 14 14 14 14 14 14 14 14 14 14 14 14  1  1  1  1  1  1  1  1  1  1  1  1  1  1  1  1  1  1 33 33 33 33 33 33 33 33 33 33 33 33 33 33 33 33 33 33 33 33 33 33 33 33  7  7  7  7  7  7  7  7  7  7  7  7  7  7  3  3  3  3  3  3  3  3 42 42 42 42 42 42 18 18 18 18 18 18 18 18 18 18 18 18 18 18 18 18 18 18 18 18 18 18 18 18 10 10 10 10 10 10 10 10 10 10 10 10 10 10 10 10 10 10 10 10 10 10 10 10 30 30 30 30 30 30 30 30 30 30 30 30 30 30 30 30 30 30 30 30 30 30 30 30 30 30 30 30 30 30 30 30 30 
11 11 11 11 11 11 11 11 11 11 11 11 14  1 14 14 14 14 14 14 14 14 14 14 14 14 14 14 14 14  1  1  1  1  1  1  1  1  1  1  1  1  1  1  1  1  1 33 33 33 33 33 33 33 33 33 33 33 33 33 33 33 33 33 33 33 33 33 33 33  7  7  7  7  7  7  7  7  7  7  7  7  7  7  3  3  3  3  3  3  3  3  3 42 42 42 42 42 42 18 18 18 18 18 18 18 18 18 18 18 18 18 18 18 18 18 18 18 18 18 18 18 18 18 10 10 10 10 10 10 10 10 10 10 10 10 10 10 10 10 10 10 10 10 10 10 10 10 30 30 30 30 30 30 30 30 30 30 30 30 30 30 30 30 30 30 30 30 30 30 30 30 30 30 30 30 30 30 30 30 
11 11 11 11 11 11 11 11 11 11 11 11 14 14 14 14 14 14 14 14 14 14 14 14 14 14 14 14 14 14  1  1  1  1  1  1  1  1  1  1  1  1  1  1  1  1  1 33 33 33 33 33 33 33 33 33 33 33 33 33 33 33 33 33 33 33 33 33 33 33  7  7  7  7  7  7  7  7  7  7  7  7  7  7  7  7  7  3  3  3  3  3  3 42 42 42 42 18 18 18 18 18 18 18 18 18 18 18 18 18 18 18 18 18 18 18 18 18 18 18 18 18 18 18 10 10 10 10 10 10 10 10 10 10 10 10 10 10 10 10 10 10 10 10 10 10 10 10 30 30 30 30 30 30 30 30 30 30 30 30 30 30 30 30 30 30 30 30 30 30 30 30 30 30 30 30 30 30 30 30 
11 11 11 11 11 11 11 11 11 11 11 11 14 14 14 14 14 14 14 14 14 14 14 14 14 14 14 14 14 14 14 14  1  1  1  1  1  1  1  1  1  1  1  1  1 33 33 33 33 33 33 33 33 33 33 33 33 33 33 33 33 33 33 33 33 33 33 33 33 33  7  7  7  7  7  7  7  7  7  7  7  7  7  7  7  7  7  3  3  3  3  3 42 42 42 42 42 18 18 18 18 18 18 18 18 18 18 18 18 18 18 18 18 18 18 18 18 18 18 18 18 18 10 10 10 10 10 10 10 10 10 10 10 10 10 10 10 10 10 10 10 10 10 10 10 10 30 30 30 30 30 30 30 30 30 30 30 30 30 30 30 30 30 30 30 30 30 30 30 30 30 30 30 30 30 30 30 30 30 30 
11 11 11 11 11 11 11 11 11 11 11 11 14 14 14 14 14 14 14 14 14 14 14 14 14 14 14 14 14 14 14 14 14  1  1  1  1  1  1  1  1  1  1  1  1 33 33 33 33 33 33 33 33 33 33 33 33 33 33 33 33 33 33 33 33 33 33 33 33 33  7  7  7  7  7  7  7  7  7  7  7  7  7  7  7  7  7  3  3  3  3  3  3 42 42 42 42 42 18 18 18 18 18 18 18 18 18 18 18 18 18 18 18 18 18 18 18 18 18 18 18 10 10 10 10 10 10 10 10 10 10 10 10 10 10 10 10 10 10 10 10 10 10 10 10 10 10 10 30 30 30 30 30 30 30 30 30 30 30 30 30 30 30 30 30 30 30 30 30 30 30 30 30 30 30 30 30 30 30 30 
11 11 11 11 11 11 11 11 11 11 11 11 14 14 14 14 14 14 14 14 14 14 14 14 14 14 14 14 14 14 14 14 14 14 14  1  1  1  1  1  1  1  1  1  1 33 33 33 33 33 33 33 33 33 33 33 33 33 33 33 33 33 33 33 33 33 33 33 33 33 33  7  7  7  7  7  7  7  7  7  7  7  7  7  7  7  7  7  3  3  3  3  3 42 42 42 42 42 42 18 18 18 18 18 18 18 18 18 18 18 18 18 18 18 18 18 18 18 18 18 18 10 10 10 10 10 10 10 10 10 10 10 10 10 10 10 10 10 10 10 10 10 10 10 10 10 10 10 30 30 30 30 30 30 30 30 30 30 30 30 30 30 30 30 30 30 30 30 30 30 30 30 30 30 30 30 30 30 30 30 
11 11 11 11 11 11 11 11 11 11 11 11 14 14 14 14 14 14 14 14 14 14 14 14 14 14 14 14 14 14 14 14 14 14 14 14 14 14  1  1  1  1  1  1  1  1 33 33 33 33 33 33 33 33 33 33 33 33 33 33 33 33 33 33 33 33 33 33 33 33 33  7  7  7  7  7  7  7  7  7  7  7  7  7  7  7  7  7  3  3  3  3  3 42 42 42 42 42 18 18 18 18 18 18 18 18 18 18 18 18 18 18 18 18 18 18 18 18 18 18 10 10 10 10 10 10 10 10 10 10 10 10 10 10 10 10 10 10 10 10 10 10 10 30 30 30 30 30 30 30 30 30 30 30 30 30 30 30 30 30 30 30 30 30 30 30 30 30 30 30 30 30 30 30 30 30 30 30 30 30 
11 11 11 11 11 11 11 11 11 11 14 14 14 14 14 14 14 14 14 14 14 14 14 14 14 14 14 14 14 14 14 14 14 14 14 14 14 14  1  1  1  1  1  1  1 33 33 33 33 33 33 33 33 33 33 33 33 33 33 33 33 33 33 33 33 33 33 33 33 33 33  7  7  7  7  7  7  7  7  7  7  7  7  7  7  7  7  7  3  3  3  3 42 42 42 42 42 42 18 18 18 18 18 18 18 18 18 18 18 18 18 18 18 18 18 18 18 18 18 18 10 10 10 10 10 10 10 10 10 10 10 10 10 10 10 10 10 10 10 10 10 10 10 30 30 30 30 30 30 30 30 30 30 30 30 30 30 30 30 30 30 30 30 30 30 30 30 30 30 30 30 30 30 30 30 30 30 30 30 30 
11 11 11 11 11 11 11 11 11 11 14 14 14 14 14 14 14 14 14 14 14 14 14 14 14 14 14 14 14 14 14 14 14 14 14 14 14 14 14  1  1  1  1  1  1 33 33 33 33 33 33 33 33 33 33 33 33 33 33 33 33 33 33 33 33 33 33 33 33 33 33  7  7  7  7  7  7  7  7  7  7  7  7  7  7  7  7  7  3  3  3  3  3 42 42 42 42 42 18 18 18 18 18 18 18 18 18 18 18 18 18 18 18 18 18 18 18 18 18 18 18 10 10 10 10 10 10 10 10 10 10 10 10 10 10 10 10 10 10 10 10 30 30 30 30 30 30 30 30 30 30 30 30 30 30 30 30 30 30 30 30 30 30 30 30 30 30 30 30 30 30 30 30 30 30 30 30 30 30 30 
11 11 11 11 11 11 11 11 11 11 14 14 14 14 14 14 14 14 14 14 14 14 14 14 14 14 14 14 14 14 14 14 14 14 14 14 14 14 14  1  1  1  1  1 33 33 33 33 33 33 33 33 33 33 33 33 33 33 33 33 33 33 33 33 33 33 33 33 33 33 33 33  7  7  7  7  7  7  7  7  7  7  7  7  7  7  7  7  7  7  7  3  3 42 42 42 42 42 18 18 18 18 18 18 18 18 18 18 18 18 18 18 18 18 18 18 18 18 18 18 10 10 10 10 10 10 10 10 10 10 10 10 10 10 10 10 10 10 10 10 10 30 30 30 30 30 30 30 30 30 30 30 30 30 30 30 30 30 30 30 30 30 30 30 30 30 30 30 30 30 30 30 30 30 30 30 30 30 30 30 
11 11 11 11 11 11 11 11 11 11 11 14 14 14 14 14 14 14 14 14 14 14 14 14 14 14 14 14 14 14 14 14 14 14 14 14 14 14 14  1  1  1  1  1 33 33 33 33 33 33 33 33 33 33 33 33 33 33 33 33 33 33 33 33 33 33 33 33 33 33 33 33 33 33 33  7  7  7  7  7  7  7  7  7  7  7  7  7  7  3  7  3  3 42 42 42 42 42 42 18 18 18 18 18 18 18 18 18 18 18 18 18 18 18 18 18 18 18 18 18 10 10 10 10 10 10 10 10 10 10 10 10 10 10 10 10 10 10 10 10 30 30 30 30 30 30 30 30 30 29 30 29 29 29 30 30 30 30 30 30 30 30 30 30 30 30 30 30 30 30 30 30 30 30 30 30 30 30 30 30 
11 11 11 11 11 11 11 11 11 11 11 11 14 14 14 14 14 14 14 14 14 14 14 14 14 14 14 14 14 14 14 14 14 14 14 14 14 14 14  1  1  1  1 33 33 33 33 33 33 33 33 33 33 33 33 33 33 33 33 33 33 33 33 33 33 33 33 33 33 33 33 33 33 33  7  7  7  7  7  7  7  7  7  7  7  7  7  7  7  3  3  3  3 42 42 42 42 42 42 42 42 42 18 18 18 18 18 18 18 18 18 18 18 18 18 18 18 18 18 18 18 18 10 10 10 10 10 10 10 10 10 10 10 10 10 10 10 10 10 10 30 30 30 30 29 29 29 29 29 29 30 29 29 29 29 29 29 30 30 30 30 30 30 30 30 30 30 30 30 30 30 30 30 30 30 30 30 30 30 30 
11 11 11 11 11 11 11 11 11 11 11 11 14 14 14 14 14 14 14 14 14 14 14 14 14 14 14 14 14 14 14 14 14 14 14 14 14 14 14  1  1  1 33 33 33 33 33 33 33 33 33 33 33 33 33 33 33 33 33 33 33 33 33 33 33 33 33 33 33 33 33 33 33 33 33  7  7  7  7  7  7  7  7  7  7  7  7  7  3  3  3  3  3 42 42 42 42 42 42 42 42 42 18 18 18 18 18 18 18 18 18 18 18 18 18 18 18 18 18 18 18 18 18 10 10 10 10 10 10 10 10 10 10 10 10 10 10 10 10 10 30 30 30 30 29 29 29 29 29 29 29 29 29 29 29 29 29 40 30 30 30 30 30 30 30 30 30 30 30 30 30 30 30 30 30 30 30 30 30 30 
11 11 11 11 11 11 11 11 11 11 11 11 14 14 14 14 14 14 14 14 14 14 14 14 14 14 14 14 14 14 14 14 14 14 14 14 14 14 14 14 14 14 33 33 33 33 33 33 33 33 33 33 33 33 33 33 33 33 33 33 33 33 33 33 33 33 33 33 33 33 33 33 33 33 33 33  7  7  7  7  7  7  7  7  7  7  7  3  3  3  3  3 42 42 42 42 42 42 42 42 42 42 18 18 18 18 18 18 18 18 18 18 18 18 18 18 18 18 18 18 18 18 18 18 10 10 10 10 10 10 10 10 10 10 10 10 10 29 29 29 30 30 29 29 29 29 29 29 29 29 29 29 29 29 29 29 29 40 40 30 30 30 30 30 30 30 30 30 30 30 30 30 30 30 30 30 30 30 30 30 
11 11 11 11 11 11 11 11 11 11 11 11 11 14 14 14 14 14 14 14 14 14 14 14 14 14 14 14 14 14 14 14 14 14 14 14 14 14 14 14 14 14 14 33 33 33 33 33 33 33 33 33 33 33 33 33 33 33 33 33 33 33 33 33 33 33 33 33 33 33 33 33 33 33 33 33  7  7  7  7  7  7  7  7  7  7  3  3  3  3  3  3 42 42 42 42 42 42 42 42 42 42 42 42 42 18 18 18 18 18 18 18 18 18 18 18 18 18 18 18 18 18 18 18 18 18 10 10 10 10 10 10 29 10 29 29 29 29 29 30 30 30 29 29 29 29 29 29 29 29 29 29 29 29 29 29 29 40 40 40 40 30 40 40 40 40 40 30 30 40 40 40 30 30 30 40 30 30 30 30 
11 11 11 11 11 11 11 11 11 11 11 11 11 11 11 14 14 14 14 14 14 14 14 14 14 14 14 14 14 14 14 14 14 14 14 14 14 14 14 14 14 14 14 33 33 33 33 33 33 33 33 33 33 33 33 33 33 33 33 33 33 33 33 33 33 33 33 33 33 33 33 33 33 33 33 33  7  7  7  7  7  7  7  7  7  7  3  3  3  3  3  3 42 42 42 42 42 42 42 42 42 42 42 42 42 42 18 18 18 18 18 18 18 18 18 18 18 18 18 18 18 18 18 18 18 18 10 10 10 10 10 10 29 29 29 29 29 29 29 29 30 30 29 29 29 29 29 29 29 29 29 29 29 29 29 29 40 40 40 40 40 30 40 40 40 40 40 40 40 40 40 40 40 40 40 40 30 30 30 30 
11 11 11 11 11 11 11 11 11 11 11 11 11 11 11 11 14 14 14 14 14 14 14 14 14 14 14 14 14 14 14 14 14 14 14 14 14 14 14 14 14 14 14 33 33 33 33 33 33 33 33 33 33 33 33 33 33 33 33 33 33 33 33 33 33 33 33 33 33 33 33 33 33 33 33 33  7  7  7  7  7  7  7  7  7  7  7  3  3  3  3  3  3 42 42 42 42 42 42 42 42 42 42 42 42 42 18 18 18 18 18 18 18 18 18 18 18 18 10 10 18 18 18 18 10 10 10 10 10 10 10 10 29 29 29 29 29 29 29 29 29 29 29 29 29 29 29 29 29 29 29 29 29 29 29 29 40 40 40 40 40 40 40 40 40 40 40 40 40 40 40 40 40 40 40 40 40 40 40 30 
11 11 11 11 11 11 11 11 11 11 11 11 11 11 11 14 14 14 14 14 14 14 14 14 14 14 14 14 14 14 14 14 14 14 14 14 14 14 14 14 14 14 14 14 14 14 33 33 33 33 33 33 33 33 33 33 33 33 33 33 33 33 33 33 33 33 33 33 33 33 33 33 33 33 33 33  7  7  7  7  7  7  7  7  7  7  7  3  3  3  3  3  3  3 42 42 42 42 42 42 42 42 42 42 42 42 18 18 18 18 18 18 18 18 10 18 18 10 10 10 10 18 10 10 10 10 10 10 10 10 29 29 29 29 29 29 29 29 29 29 29 29 29 29 29 29 29 29 29 29 29 29 29 29 29 40 40 40 40 40 40 40 40 40 40 40 40 40 40 40 40 40 40 40 40 40 40 40 40 30 
11 11 11 11 11 11 11 11 11 11 11 11 11 11 11 11 11 11 11 11 14 14 14 14 14 14 14 14 14 14 14 14 14 14 14 14 14 14 14 14 14 14 14 14 14 14 14 33 33 33 33 33 33 33 33 33 33 33 33 33 33 33 33 33 33 33 33 33 33 33 33 33 33 33 33  7  7  7  7  7  7  7  7  7  3  3  3  3  3  3  3  3  3  3 42 42 42 42 42 42 42 42 42 42 42 42 18 18 18 18 18 18 18 18 10 10 10 10 10 10 10 10 10 10 10 10 10 29 29 10 29 29 29 29 29 29 29 29 29 29 29 29 29 29 29 29 29 29 29 29 29 29 29 29 29 40 40 40 40 40 40 40 40 40 40 40 40 40 40 40 40 40 40 40 40 40 40 40 40 40 
11 11 11 11 11 11 11 11 11 11 11 11 11 11 11 11 11 11 11 14 14 14 14 14 14 14 14 14 14 14 14 14 14 14 14 14 14 14 14 14 14 14 14 14 14 14 14 33 33 33 33 33 33 33 33 33 33 33 33 33 33 33 33 33 33 33 33 33 33 33 33 33 33 33  7  7  7  7  7  7  7  7  7  7  3  3  3  3  3  3  3  3  3  3  3 42 42 42 42 42 42 42 42 42 42 42 42 18 18 18 18 18 18 18 10 10 10 29 29 10 29 29 29 29 29 29 29 29 10 10 29 29 29 29 29 29 29 29 29 29 29 29 29 29 29 29 29 29 29 29 29 29 29 29 40 40 40 40 40 40 40 40 40 40 40 40 40 40 40 40 40 40 40 40 40 40 40 40 40 40 
11 11 11 11 11 11 11 11 11 11 11 11 11 11 11 11 11 11 11 11 11 11 14 11 14 14 14 14 14 14 14 14 14 14 14 14 14 14 14 14 14 14 14 14 14 14 14 14 14 14 33 33 33 33 33 33 33 33 33 33 33 33 33 33 33 33 33 33 33 33 33  7  7  7  7  7  7  7  7  7  7  7  7  7  7  3  3  3  3  3  3  3  3  3 15 42 42 42 42 42 42 42 42 42 42 42 18 18 18 18 18 18 18 18 10 10 10 29 29 29 29 20 29 29 29 29 29 29 29 29 29 29 29 29 29 29 29 29 29 29 29 29 29 29 29 29 29 29 29 29 29 29 29 29 40 40 40 40 40 40 40 40 40 40 40 40 40 40 40 40 40 40 40 40 40 40 40 40 40 40 
11 11 11 11 11 11 11 11 11 11 11 11 11 11 11 11 11 11 11 11 11 11 11 11 14 14 14 14 14 14 14 14 14 14 14 14 14 14 14 14 14 14 14 14 14  4 14 14 14 14 33 33 33 33 33 33 33 33 33 33 33 33 33 33 33 33 33 33 33 33 33  7  7  7  7  7  7  7  7  7  7  7  7  7  7  3  3  3  3  3  3  3  3  3 15 42 42 42 42 42 42 42 42 42 42 10 10 18 18 18 18 10 10 18 18 10 29 29 29 29 20 20 29 29 29 29 29 29 29 29 29 29 29 29 29 29 29 29 29 29 29 29 29 29 29 29 29 29 29 29 29 29 29 29 40 40 40 40 40 40 40 40 40 40 40 40 40 40 40 40 40 40 40 40 40 40 40 40 40 40 
11 11 11 11 11 11 11 11 11 11 11 11 11 11 11 11 11 11 11 11 11 11 11 11 14 14 14 14 14 14 14 14 14 14 14 14 14 14 14 14 14 14 14 14 14  4  4 14 14 14 33 33 33 33 33 33 33 33 33 33 33 33 33 33 33 33 33 33 33 33 33  7  7  7  7  7  7  7  7  7  7  7  7  7  7  7  7  3  3  3  3  3  3 15 15 42 15 15 42 42 42 42 42 42 42 10 10 10 10 10 10 10 10 10 10 10 20 20 29 20 20 20 20 20 20 29 29 29 29 29 29 29 29 29 29 29 29 29 29 29 29 29 29 29 29 29 29 29 29 29 29 29 29 29 40 40 40 40 40 40 40 40 40 40 40 40 40 40 40 40 40 40 40 40 40 40 40 40 40 40 
11 11 11 11 11 11 11 11 11 11 11 11 11 11 11 11 11 11 11 11 11 11 11 11 11 11 14 14 14 14 14 14 14 14 14 14 14 14 14 14 14 14 14 14  4  4  4 14 14  4  4  4 33 33 33 33 33 33  4 33 33 33 33 33 33 33 33 33 33 33  7  7  7  7  7  7  7  7  7  7  7  7  3  3  3  3  3  3  3  3  3  3  3 15 15 15 15 15 15 15 42 42 42 10 10 10 10 10 10 10 10 10 10 10 20 20 20 20 29 20 20 20 20 20 29 29 29 29 29 29 29 29 29 29 29 29 29 29 29 29 29 29 29 29 29 29 29 29 29 29 29 29 29 29 40 40 40 40 40 40 40 40 40 40 40 40 40 40 40 40 40 40 40 40 40 40 40 40 40 40 
11 11 11 11 11 11 11 11 11 11 11 11 11 11 11 11 11 11 11 11 11 11 11 11 11 11 11 14 14 14 14 14 14 14 14 14 14 14 14 14 14 14 14  4  4  4  4 14  4  4  4  4  4  4 33 33 33 33  4  4  4  4 33 33 33 33 33  4 33  7  7  7  7  7  7  7  7  7  7  7  7  7  3  3  3  3  3  3  3  3  3  3 15 15 15 15 15 15 15 15 42 42 42 42 10 10 10 10 10 10 20 20 20 20 20 20 20 20 20 20 20 20 20 20 20 20 29 29 29 29 29 29 29 29 29 29 29 29 29 29 29 29 29 29 29 29 29 29 29 29 29 29 29 29 29 40 40 40 40 40 40 40 40 40 40 40 40 40 40 40 40 40 40 40 40 40 40 40 40 40 
11 11 11 11 11 11 11 11 11 11 11 11 11 11 11 11 11 11 11 11 11 11 11 11 11 11 11 14 14 14 14 14 14 14 14 14 14 14 14 14 14 14 14  4  4  4  4  4  4  4  4  4  4  4  4  4  4  4  4  4  4  4  4  4  4  4  4  4 33 33 33  7  7  7  7  7  7  7  7  7  7  3  3  3  3  3  3  3  3  3 15 15 15 15 15 15 15 15 15 15 15 15 15 15 10 10 10 10 10 10 20 20 20 20 20 20 20 20 20 20 20 20 20 20 20 20 29 29 29 29 29 29 29 29 29 29 29 29 29 29 29 29 29 29 29 29 29 29 29 29 29 29 29 29 29 40 40 40 40 40 40 40 40 40 40 40 40 40 40 40 40 40 40 40 40 40 40 40 40 40 
11 11 11 11 11 11 11 11 11 11 11 11 11 11 11 11 11 11 11 11 11 11 11 11 11 11 11 11 11 11 14 14 14 14 14 14 14 14 14 14 14 11  4  4  4  4  4  4  4  4  4  4  4  4  4  4  4  4  4  4  4  4  4  4  4  4  4  4  4  4 33 33  7  7  7  7  7  7  7  7  7  3  3  3  3  3  3  3 15 15 15 15 15 15 15 15 15 15 15 15 15 15 15 15 15 15 15 20 20 20 20 20 20 20 20 20 20 23 23 20 20 20 20 20 20 20 20 29 29 29 29 29 29 29 29 29 29 29 29 29 29 29 29 29 29 29 29 29 29 29 29 29 29 29 29 29 29 40 40 40 40 40 40 40 40 40 40 40 40 40 40 40 40 40 40 40 40 40 40 40 
11 11 11 11 11 11 11 11 11 11 11 11 11 11 11 11 11 11 11 11 11 11 11 11 11 11 11 11 11 11 14 14 14 14 14 14 14 14 14 14 14 11  4  4  4  4  4  4  4  4  4  4  4  4  4  4  4  4  4  4  4  4  4  4  4  4  4  4  4  4  4  4  7  7  3  7  7  7  7  7  7  3  3  3  3  3  3  3 15 15 15 15 15 15 15 15 15 15 15 15 15 15 15 15 15 15 20 20 20 20 20 20 20 20 23 23 23 23 23 23 20 20 20 20 20 20 20 20 20 20 29 29 29 29 29 29 29 29 29 29 29 29 29 29 29 29 29 29 29 29 29 29 29 29 29 29 29 29 29 40 40 40 40 40 40 40 40 40 40 40 40 40 40 40 40 40 40 40 40 40 
11 11  5 11 11 11  5  5  5 11 11 11 11 11 11 11 11 11 11 11 11 11 11 11 11 11 11 11 11 11 11 11 11 11 14 11 14 14 14 14 11 11 11 11  4  4  4  4  4  4  4  4  4  4  4  4  4  4  4  4  4  4  4  4  4  4  4  4  4  4  4  4  7  3  3  3  3  3  3  3  3  3  3  3  3  3 15 15 15 15 15 15 15 15 15 15 15 15 15 15 15 15 15 15 15 15 15 20 20 20 20 20 20 23 23 23 23 23 23 23 23 23 23 23 20 20 20 20 20 20 20 29 29 29 29 29 29 29 29 29 29 29 29 29 29 29 29 29 29 29 29 29 29 29 29 29 29 29 29 40 40 40 40 40 40 40 40 40 40 40 40 40 40 40 40 40 40 40 40 40 
11  5  5  5 11  5  5  5  5  5  5  5 11 11 11 11 11 11 11 11 11 11 11 11 11 11 11 11 11 11 11 11 11 11 11 11 14 11 11 11 11 11 11 11  4  4  4  4  4  4  4  4  4  4  4  4  4  4  4  4  4  4  4  4  4  4  4  4  4  4  4  4  7  7  3  3  3  3  3  3  3  3  3 15 15 15 15 15 15 15 15 15 15 15 15 15 15 15 15 15 15 15 15 15 15 15 15 20 15 15 20 20 20 23 23 23 23 23 23 23 23 23 23 23 20 20 20 20 20 20 20 29 29 29 29 29 29 29 29 29 29 29 29 29 29 29 29 29 29 29 29 29 29 29 29 29 29 29 29 40 40 40 40 40 40 40 40 40 40 40 40 40 40 40 40 40 40 40 40 40 
 5  5  5  5 11  5  5  5  5  5  5  5  5 11 11 11 11 11 11 11 11 11 11 11 11 11 11 11 11 11 11 11 11 11 11 11 11 11 11 11 11 11 11 11  4  4  4  4  4  4  4  4  4  4  4  4  4  4  4  4  4  4  4  4  4  4  4  4  4  4 22 22 22  7  7  3  3  3  3  3  3  3  3 15 15 15 15 15 15 15 15 15 15 15 15 15 15 15 15 15 15 15 15 15 15 15 15 15 15 15 15 23 23 23 23 23 23 23 23 23 23 23 23 23 23 23 23 20 20 20 20 20 29 29 29 29 29 29 29 29 29 29 29 29 29 29 29 29 29 29 29 29 29 29 29 29 29 29 29 40 40 40 40 40 40 40 40 40 40 40 40 40 40 40 40 40 40 40 40 40 
 5  5  5  5  5  5  5  5  5  5  5  5  5  5  5 11 11 11 11 11 11 11 11 11 11 11 11 11 11 11 11 11 11 11 11 11 11 11 11 11 11 11 11 11  4  4  4  4  4  4  4  4  4  4  4  4  4  4  4  4  4  4  4  4  4  4  4  4  4 22 22 22 22  7  3  3  3  3  3  3  3  3  3 15 15 15 15 15 15 15 15 15 15 15 15 15 15 15 15 15 15 15 15 15 15 15 15 15 15 15 15 23 23 23 23 23 23 23 23 23 23 23 23 23 23 23 20 20 20 20 20 20 20 29 29 29 29 29 29 29 29 29 29 29 29 29 29 29 29 29 29 29 29 29 29 29 29 29 29 29 40 40 40 40 40 40 40 40 40 40 40 40 40 40 40 40 40 40 40 40 
 5  5  5  5  5  5  5  5  5  5  5  5  5  5  5 11 11 11 11 11 11 11 11 11 11 11 11 11 11 11 11 11 11 11 11 11  4  4 11 11 11  4  4  4  4  4  4  4  4  4  4  4  4  4  4  4  4  4  4  4  4  4  4  4  4  4  4  4  4 22 22 22 22 22 22  3  3  3  3  3  3  3  3  3 15 15 15 15 15 15 15 15 15 15 15 15 15 15 15 15 15 15 15 15 15 15 15 15 15 15 15 23 23 23 23 23 23 23 23 23 23 23 23 23 23 23 20 20 20 20 20 20 20 20 29 29 29 29 29 29 29 29 29 29 29 29 29 29 29 29 29 29 29 29 29 29 29 29 29 29 40 40 40 40 40 40 40 40 40 40 40 40 40 40 40 40 40 40 40 40 
 5  5  5  5  5  5  5  5  5  5  5  5  5  5  5  5 11 11 11 11 11 11 11 11 11 11 11 11 11 11 11 11 11 11 11  4  4  4 11 11 11  4  4  4  4  4  4  4  4  4  4  4  4  4  4  4  4  4  4  4  4  4  4  4  4  4  4  4  4  4 22 22 22 22 22 22  3  3 15 15 15 15 15  3 15 15 15 15 15 15 15 15 15 15 15 15 15 15 15 15 15 15 15 15 15 15 15 15 15 15 15 15 15 23 23 23 23 23 23 23 23 23 23 23 23 23 20 20 20 20 20 20 20 20 20 29 29 29 29 29 29 29 29 29 29 29 29 29 29 29 29 29 29 29 29 29 29 29 29 29 40 40 40 40 40 40 40 40 40 40 40 40 40 40 40 40 40 40 40 40 
 5  5  5  5  5  5  5  5  5  5  5  5  5  5  5  5 11 11 11 11 11 11 11 11 11 11 11 11 11 11 11 11 11 11 11  4  4  4  4  4  4  4  4  4  4  4  4  4  4  4  4  4  4  4  4  4  4  4  4  4  4  4  4  4  4  4 22 22 22 22 22 22 22 22 22 22  3 15 15 15 15 15 15  3 15 15 15 15 15 15 15 15 15 15 15 15 15 15 15 15 15 15 15 15 15 15 15 15 15 15 15 15 15 23 23 23 23 23 23 23 23 23 23 23 23 23 23 20 20 20 20 20 20 20 20 20 20 29 29 29 29 29 29 29 29 29 29 29 29 29 29 29 29 29 29 29 29 29 29 29 40 40 40 40 40 40 40 40 40 40 40 40 40 40 40 40 40 40 40 40 
 5  5  5  5  5  5  5  5  5  5  5  5  5  5  5  5  5  5 11 11 11 11  5 11 11 11 11 11 11 11 11 11 11 11 11  4  4  4  4  4  4  4  4  4  4  4  4  4  4  4  4  4  4  4  4  4  4  4  4  4  4  4  4  4  4  4 22 22 22 22 22 22 22 22 22 22 22 22 22 15 15 15 15 15 15 15 15 15 15 15 15 15 15 15 15 15 15 15 15 15 15 15 15 15 15 15 15 15 15 15 15 15 15 23 23 23 23 23 23 23 23 23 23 23 23 23 23 20 20 20 20 20 20 20 20 20 20 29 29 29 29 29 20 29 29 29 29 29 29 29 29 29 29 29 29 29 29 29 29 29 40 40 40 40 40 40 40 40 40 40 40 40 40 40 40 40 40 40 40 40 
 5  5  5  5  5  5  5  5  5  5  5  5  5  5  5  5  5  5  5  5  5  5  5  5 11 11 11 11 11 11 11 22 22 22 11 22  4  4  4  4  4  4  4  4  4  4  4  4  4  4  4  4  4  4  4  4  4  4  4  4  4  4  4  4  4  4  4 22 22 22 22 22 22 22 22 22 22 22 22 22 15 15 15 15 15 15 15 15 15 15 15 15 15 15 15 15 15 15 15 15 15 15 15 15 15 15 15 15 15 15 15 15 15 15 25 23 23 23 23 23 23 23 23 23 23 23 23 23 20 20 20 20 20 20 20 20 20 29 29 29 29 20 20 29 29 29 29 29 29 29 29 29 29 29 29 29 29 29 29 29 40 40 40 40 40 40 40 40 40 40 40 40 40 40 40 40 40 40 40 40 
 5  5  5  5  5  5  5  5  5  5  5  5  5  5  5  5  5  5  5  5  5  5  5  5  5 11 11 11 11 11 11 22 22 22 22 22  4  4  4  4  4  4  4  4  4  4  4  4  4  4  4  4  4  4  4  4  4  4  4  4  4  4  4  4  4  4  4 22 22 22 22 22 22 22 22 22 22 22 22 15 15 15 15 15 15 15 15 15 15 15 15 15 15 15 15 15 15 15 15 15 15 15 15 15 15 15 15 15 15 15 15 15 15 25 25 25 23 23 23 23 23 23 23 23 23 23 23 23 23 20 20 20 20 20 20 20 20 20 29 29 20 20 20 20 29 29 29 29 29 29 29 29 29 29 29 29 29 29 29 29 29 29 40 40 40 40 40 40 40 40 40 40 40 40 40 40 40 40 40 40 
 5  5  5  5  5  5  5  5  5  5  5  5  5  5  5  5  5  5  5  5  5  5  5  5  5  5 11 11 11 22 22 22 22 22 22 22 22  4  4  4  4  4  4  4  4  4  4  4  4  4  4  4  4  4  4  4  4  4  4  4  4  4  4  4  4  4  4  4 22 22 22 22 22 22 22 22 22 22 22 15 22 15 15 15 15 15 15 15 15 15 15 15 15 15 15 15 15 15 15 15 15 15 15 15 15 15 15 15 15 15 15 15 15 25 25 25 23 23 23 23 23 23 23 23 23 23 23 23 20 20 20 20 20 20 20 20 20 20 20 29 20 20 20 20 29 29 20 20 20 20 20 29 29 29 29 29 29 29 29 29 20 20 40 40 40 40 40 40 40 40 40 40 40 40 40 40 40 40 40 40 
 5  5  5  5  5  5  5  5  5  5  5  5  5  5  5  5  5  5  5  5  5  5  5  5  5  5  5  5  5 22 22 22 22 22 22 22 22  4  4  4  4  4  4  4  4  4  4  4  4  4  4  4  4  4  4  4  4  4  4  4  4  4  4  4  4  4  4  4 22 22 22 22 22 22 22 22 22 22 22 22 22 15 15 15 15 15 15 15 15 15 15 15 15 15 15 15 15 15 15 15 15 15 15 15 15 15 15 15 15 15 15 15 15 25 25 25 23 25 23 23 23 23 23 23 23 23 23 23 20 23 23 23 20 20 20 20 20 20 20 20 20 20 20 20 20 29 20 20 20 20 20 20 20 20 20 29 20 20 29 20 20 20 40 40 40 40 40 40 40 40 40 40 40 40 40 40 40 40 40 40 
 5  5  5  5  5  5  5  5  5  5  5  5  5  5  5  5  5  5  5  5  5  5  5  5  5  5  5  5  5 22 22 22 22 22 22 22 22 22  4  4  4  4  4  4  4  4  4  4  4  4  4  4  4  4  4  4  4  4  4  4  4  4  4  4  4  4 22 22 22 22 22 22 22 22 22 22 22 22 22 22 22 15 15 15 15 15 15 15 15 15 15 15 15 15 15 15 15 15 15 15 15 15 15 15 15 15 15 15 15 15 15 15 15 25 25 25 25 25 25 25 23 23 23 23 23 23 23 23 23 23 23 23 20 20 20 20 20 20 20 20 20 20 20 20 20 20 20 20 20 20 20 20 20 20 20 29 20 20 20 20 20 20 20 40 40 40 40 40 40 40 40 40 40 40 40 40 40 40 40 40 
 5  5  5  5  5  5  5  5  5  5  5  5  5  5  5  5  5  5  5  5  5  5  5  5  5  5  5 22 22 22 22 22 22 22 22 22 22 22  4  4  4  4  4  4  4  4  4  4  4  4  4  4  4  4  4  4  4  4  4  4  4  4  4  4  4  4 22 22 22 22 22 22 22 22 22 22 22 22 22 22 15 15 15 15 15 15 15 15 15 15 15 15 15 15 15 15 15 15 15 15 15 15 15 15 15 15 15 15 15 15 15 15 15 25 25 25 25 25 25 25 23 23 23 23 23 23 23 23 23 23 23 23 20 20 20 20 20 20 20 20 20 20 20 20 20 20 20 20 20 20 20 20 20 20 20 20 20 20 20 20 20 20 20 20 40 40 40 40 40 40 40 40 40 40 40 40 40 40 40 40 
 5  5  5  5  5  5  5  5  5  5  5  5  5  5  5  5  5  5  5  5  5  5  5  5  5  5  5 22 22 22 22 22 22 22 22 22 22 22  4  4  4  4  4  4  4  4  4  4  4  4  4  4  4  4  4  4  4  4  4  4  4  4  4  4 22 22 22 22 22 22 22 22 22 22 22 22 22 22 22 22 15 15 15 15 15 15 15 15 15 15 15 15 15 15 15 15 15 15 15 15 15 15 15 15 15 15 15 15 15 15 15 15 15 25 25 25 25 25 25 25 25 23 25 25 23 23 23 23 23 23 23 23 20 20 20 20 20 20 20 20 20 20 20 20 20 20 20 20 20 20 20 20 20 20 20 20 20 20 20 20 20 20 20 20 20 40 40 40 40 40 40 40 40 40 40 40 40 40 40 40 
 5  5  5  5  5  5  5  5  5  5  5  5  5  5  5  5  5  5  5  5  5  5  5  5  5  5  5 22 22 22 22 22 22 22 22 22 22 22  4  4  4  4  4  4  4  4  4  4  4  4  4  4  4  4  4  4  4  4  4  4  4  4  4  4 22 22 22 22 22 22 22 22 22 22 22 22 28 28 28 28 28 28 28 15 15 15 15 15 15 15 15 15 15 15 15 15 15 15 15 15 15 15 15 15 15 15 15 15 15 15 15 15 25 25 25 25 25 25 25 25 25 25 25 25 23 23 23 23 23 23 23 23 23 20 20 20 20 20 20 20 20 20 20 20 20 20 20 20 20 20 20 20 20 20 20 20 20 20 20 20 20 20 20 20 20 40 40 40 40 40 40 40 40 40 40 40 40 40 40 40 
 5  5  5  5  5  5  5  5  5  5  5  5  5  5  5  5  5  5  5  5  5  5  5  5  5  5  5  5 22 22 22 22 22 22 22 22 22 22 22  4  4  4  4  4  4  4  4  4  4  4  4  4  4  4  4  4  4  4  4  4  4  4  4  4 22 22 22 22 22 22 22 22 22 22 22 22 28 28 28 28 28 28 28 28 15 15 15 15 15 15 15 15 15 15 15 15 15 15 15 15 15 15 15 15 15 15 15 15 15 15 25 25 25 25 25 25 25 25 25 25 25 25 25 25 25 23 23 23 23 23 23 23 23 20 20 20 20 20 20 20 20 20 20 20 20 20 20 20 20 20 20 20 20 20 20 20 20 20 20 20 20 20 20 20 20 20 20 20 20 40 40 40 40 40 40 40 40 38 38 38 
 5  5  5  5  5  5  5  5  5  5  5  5  5  5  5  5  5  5  5  5  5  5  5  5  5  5  5  5 22 22 22 22 22 22 22 22 22 22 22 22 22  4  4  4  4  4  4  4  4  4  4  4  4  4  4  4  4  4  4  4  4  4  4  4 22 22 22 22 22 22 22 22 22 22 22 22 28 28 28 28 28 28 15 15 15 15 15 15 15 15 15 15 15 15 15 15 15 15 15 15 15 15 15 15 15 15 15 15 15 25 25 25 25 25 25 25 25 25 25 25 25 25 25 25 25 25 23 23 23 23 23 23 23 20 20 20 20 20 20 20 20 20 20 20 20 20 20 20 20 20 20 20 20 20 20 20 20 20 20 20 20 20 20 20 20 20 20 20 20 40 40 40 20 40 40 40 40 38 38 38 
 5  5  5  5  5  5  5  5  5  5  5  5  5  5  5  5  5  5  5  5  5  5  5  5  5  5  5 22 22 22 22 22 22 22 22 22 22 22 22 22  4  4  4  4  4  4  4  4  4  4  4  4  4  4  4  4  4  4  4  4  4  4  4 22 22 22 22 22 22 22 22 22 22 22 22 22 28 28 28 28 28 28 15 15 28 28 15 15 15 15 15 15 15 15 15 15 15 15 15 15 15 15 15 15 15 15 15 15 25 25 25 25 25 25 25 25 25 25 25 25 25 25 25 23 23 23 23 23 23 23 23 23 23 23 20 20 20 20 20 20 20 20 20 20 20 20 20 20 20 20 20 20 20 20 20 20 20 20 20 20 20 20 20 20 20 20 20 20 20 20 20 40 20 20 20 38 38 38 38 38 
 5  5  5  5  5  5  5  5  5  5  5  5  5  5  5  5  5  5  5  5  5  5  5  5  5 22 22 22 22 22 22 22 22 22 22 22 22 22 22 22 22  4  4  4  4  4  4  4  4  4  4  4  4  4  4  4  4  4  4  4  4  4  4 22 22 22 22 22 22 22 22 22 22 22 28 28 28 28 28 28 28 28 28 28 28 15 15 15 15 15 15 15 15 15 15 15 15 15 15 15 15 15 15 15 15 15 15 25 25 25 25 25 25 25 25 25 25 25 25 25 25 25 25 25 23 23 23 23 23 23 23 23 23 23 23 20 20 20 20 20 20 20 20 20 20 20 20 20 20 20 20 20 20 20 20 20 20 20 20 20 20 20 20 20 20 20 20 20 20 20 20 20 20 20 20 20 38 38 38 38 
27  5  5  5  5  5  5  5  5  5  5  5  5  5  5  5  5  5  5  5  5  5  5  5  5 22 22 22 22 22 22 22 22 22 22 22 22 22 22 22 22  4  4  4  4  4  4  4  4  4  4  4  4  4  4  4  4  4  4  4  4  4 22 22 22 22 22 22 22 22 22 28 22 28 28 28 28 28 28 28 28 28 28 28 28 28 15 15 15 15 15 15 15 15 15 15 15 15 15 15 15 15 15 15 15 15 25 25 25 25 25 25 25 25 25 25 25 25 25 25 25 25 25 25 23 23 23 23 23 23 23 23 23 23 23 23 20 20 20 20 20 20 20 20 20 20 20 20 20 20 20 20 20 20 20 20 20 20 20 20 20 20 20 20 20 20 20 20 20 20 20 20 20 20 38 38 38 38 38 38 
27  5 27  5  5 27 27 27 27 27 27 27  5  5  5  5  5  5  5  5  5  5  5  5 22 22 22 22 22 22 22 22 22 22 22 22 22 22 22 22 22 22 22  4  4  4  4  4  4  4  4  4  4  4  4  4  4  4  4  4 22 22 22 22 22 22 22 22 22 28 28 28 28 28 28 28 28 28 28 28 28 28 28 28 28 28 15 15 15 15 15 15 15 15 15 15 15 15 15 15 15 15 15 15 15 15 25 25 25 25 25 25 25 25 25 25 25 25 25 25 25 25 25 25 25 25 23 23 23 23 23 23 23 23 23 23 20 23 20 20 20 20 20 20 20 20 20 20 20 20 20 20 20 20 20 20 20 20 20 20 20 20 20 20 20 20 20 20 20 20 20 20 20 20 38 38 38 38 38 38 
27 27 27 27 27 27 27 27 27 27 27 27 27  5  5  5 27  5  5 27  5 22 22 22 22 22 22 22 22 22 22 22 22 22 22 22 22 22 22 22 22 22 22 22 22  4  4  4  4  4  4  4  4  4  4  4  4  4  4  4  4 22 22 22 22 22 22 22 22 28 28 28 28 28 28 28 28 28 28 28 28 28 28 28 28 28 28 28 15 15 15 15 15 15 15 15 15 15 15 15 15 15 15 15 15 15 25 25 25 25 25 25 25 25 25 25 25 25 25 25 25 25 25 25 25 25 25 23 23 23 23 23 23 23 23 23 23 23 23 20 20 20 20 20 20 20 20 20 20 20 20 20 20 20 20 20 20 20 20 20 20 20 20 20 20 20 20 20 20 20 20 38 38 38 38 38 38 38 38 38 
27 27 27 27 27 27 27 27 27 27 27 27 27 27 27 27 27  5  5 27 27 22 22 22 22 22 22 22 22 22 22 22 22 22 22 22 22 22 22 22 22 22 22 22 22 22 22  4  4  4  4  4  4  4  4  4  4  4 22 22 22 22 22 22 22 22 22 22 28 28 28 28 28 28 28 28 28 28 28 28 28 28 28 28 28 28 28 28 28 28 15 28 15 15 15 15 15 15 15 15 15 15 15 15 15 25 25 25 25 25 25 25 25 25 25 25 25 25 25 25 25 25 25 25 25 25 25 23 23 23 23 23 23 23 23 23 23 23 23 23 20 20 20 20 20 20 20 20 20 20 20 20 20 20 20 20 20 20 20 20 20 20 20 20 20 20 20 20 20 38 38 38 38 38 38 38 38 38 38 38 
27 27 27 27 27 27 27 27 27 27 27 27 27 27 27 27 27 27 27 27 27 27 22 22 22 22 22 22 22 22 22 22 22 22 22 22 22 22 22 22 22 22 22 22 22  4  4  4  4  4  4  4  4  4  4  4  4  4 22 22 22 22 22 22 22 28 22 28 28 28 28 28 28 28 28 28 28 28 28 28 28 28 28 28 28 28 28 28 28 28 28 28 15 15 15 15 15 15 15 15 15 15 15 15 25 25 25 25 25 25 25 25 25 25 25 25 25 25 25 25 25 25 25 25 25 25 23 23 23 23 23 23 23 23 23 23 23 23 23 23 20 20 20 20 20 20 20 20 20 20 20 20 20 20 20 20 20 20 20 20 20 20 20 20 20 20 20 20 20 38 38 38 38 38 38 38 38 38 38 38 
27 27 27 27 27 27 27 27 27 27 27 27 27 27 27 27 27 27 27 27 27 27 22 22 22 22 22 22 22 22 22 22 22 22 22 22 22 22 22 22 22 22 22 22 22  4  4  4  4  4  4  4  4  4  4  4  4  4 22 22 22 22 22 28 28 28 28 28 28 28 28 28 28 28 28 28 28 28 28 28 28 28 28 28 28 28 28 28 28 28 28 28 15 15 15 15 15 15 15 15 15 15 15 15 25 25 25 25 25 25 25 25 25 25 25 25 25 25 25 25 25 25 25 25 25 25 23 23 23 23 23 23 23 23 23 23 23 23 23 23 20 20 20 20 20 20 20 20 20 20 20 20 20 20 20 20 20 20 20 20 20 20 20 20 20 12 12 12 38 38 38 38 38 38 38 38 38 38 38 38 
27 27 27 27 27 27 27 27 27 27 27 27 27 27 27 27 27 27 27 27 27 27 27 22 22 22 22 22 22 22 22 22 22 22 22 22 22 22 22 22 22 22 22 22 22 22  4  4  4  4  4  4  4  4  4 22 22 22 22 22 22 22 28 28 28 28 28 28 28 28 28 28 28 28 28 28 28 28 28 28 28 28 28 28 28 28 28 28 28 28 28 15 15 15 15 15 15 15 15 15 15 15 15 15 25 25 25 25 25 25 25 25 25 25 25 25 25 25 25 25 25 25 25 25 25 25 25 23 23 23 23 23 23 23 23 23 23 23 23 23 23 20 20 20 20 20 20 20 20 20 20 20 20 20 20 20 20 20 20 20 20 20 20 12 12 12 12 12 12 38 38 38 38 38 38 38 38 38 38 38 
27 27 27 27 27 27 27 27 27 27 27 27 27 27 27 27 27 27 27 27 27 27 27 22 22 22 22 22 22 22 22 22 22 22 22 22 22 22 22 22 22 22 22 22 22 22  4  4  4  4  4  4  4  4  4  4 22 22 22 22 22 22 28 28 28 28 28 28 28 28 28 28 28 28 28 28 28 28 28 28 28 28 28 28 28 28 28 28 28 28 28 28 28 15 15 15 15 15 15 15 25 25 25 25 25 25 25 25 25 25 25 25 25 25 25 25 25 25 25 25 25 25 25 25 25 25 25 23 23 23 23 23 23 23 23 23 23 23 23 23 23 23 23 20 20 20 20 20 20 20 20 20 20 20 20 20 20 20 20 20 12 12 12 12 12 12 12 12 12 38 38 38 38 38 38 38 38 38 38 38 
27 27 27 27 27 27 27 27 27 27 27 27 27 27 27 27 27 27 27 27 27 27 27 27 22 22 22 22 22 22 22 22 22 22 22 22 22 22 22 22 22 22 22 22 22 22  4 22  4  4  4  4  4  4 22 22 22 22 22 22 22 28 28 28 28 28 28 28 28 28 28 28 28 28 28 28 28 28 28 28 28 28 28 28 28 28 28 28 28 28 28 28 28 15 15 15 15 15 25 25 25 25 25 25 25 25 25 25 25 25 25 25 25 25 25 25 25 25 25 25 25 25 25 25 25 25 25 25 23 23 23 23 23 23 23 23 23 23 23 23 23 23 23 20 23 20 20 20 20 20 12 20 20 20 12 12 12 12 12 12 12 12 12 12 12 12 12 12 38 38 38 38 38 38 38 38 38 38 38 38 
27 27 27 27 27 27 27 27 27 27 27 27 27 27 27 27 27 27 27 27 27 27 27 27 27 22 22 22 22 22 22 22 22 22 22 22 22 22 22 22 22 22 22 22 22 22 22 22 22  4  4 22 22 22 22 22 22 22 22 22 22 22 22 28 28 28 28 28 28 28 28 28 28 28 28 28 28 28 28 28 28 28 28 28 28 28 28 28 28 28 28 28 28 15 15 25 25 25 25 25 25 25 25 25 25 25 25 25 25 25 25 25 25 25 25 25 25 25 25 25 25 25 25 25 25 23 23 23 23 23 23 23 23 23 23 23 23 23 23 23 23 23 23 23 23 20 20 20 20 12 12 12 12 12 12 12 12 12 12 12 12 12 12 12 12 12 12 12 12 38 38 38 38 38 38 38 38 38 38 38 
27 27 27 27 27 27 27 27 27 27 27 27 27 27 27 27 27 27 27 27 27 27 27 27 27 22 22 22 22 22 22 22 22 22 22 22 22 22 22 22 22 22 22 22 22 22 22 22 22 22 22 22 22 22 22 22 22 22 22 22 22 28 28 28 28 28 28 28 28 28 28 28 28 28 28 28 28 28 28 28 28 28 28 28 28 28 28 28 28 28 28 28 28 28 25 25 25 25 25 25 25 25 25 25 25 25 25 25 25 25 25 25 25 25 25 25 25 25 25 25 25 25 25 25 25 23 23 23 23 23 23 23 23 23 23 23 23 23 23 23 23 23 23 23 23 23 23 23 12 12 12 12 12 12 12 12 12 12 12 12 12 12 12 12 12 38 12 38 38 38 38 38 38 38 38 38 38 38 38 38 
27 27 27 27 27 27 27 27 27 27 27 27 27 27 27 27 27 27 27 27 27 27 27 27 17 22 22 22 22 22 22 22 22 22 22 22 22 22 22 22 22 22 22 22 22 22 22 22 22 22 22 22 22 22 22 22 22 22 22 22 22 22 28 28 28 28 28 28 28 28 28 28 28 28 28 28 28 28 28 28 28 28 28 28 28 28 28 28 28 28 28 28 28 28 25 25 25 25 25 25 25 25 25 25 25 25 25 25 25 25 25 25 25 25 25 25 25 25 25 25 25 25 25 25 25 23 23 23 23 23 23 23 23 23 23 23 23 23 23 23 23 23 23 23 23 23 23 23 12 12 12 12 12 12 12 12 12 12 12 12 12 12 12 12 12 38 12 38 38 38 38 38 38 38 38 38 38 38 38 38 
27 27 27 27 27 27 27 27 27 27 27 27 27 27 27 27 27 27 27 27 27 27 27 27 17 22 22 22 22 22 22 22 22 22 22 22 22 22 22 22 22 22 22 22 22 22 22 22 22 22 22 21 21 21 22 22 22 22 22 22 22 22 22 22 28 28 28 28 28 28 28 28 28 28 28 28 28 28 28 28 28 28 28 28 28 28 28 28 28 28 28 28 28 28 25 25 25 25 25 25 25 25 25 25 25 25 25 25 25 25 25 25 25 25 25 25 25 25 25 25 25 25 25 25 23 23 23 23 23 23 23 23 23 23 23 23 23 23 23 23 23 23 23 23 23 23 23 23 12 12 12 12 12 12 12 12 12 12 12 12 12 12 12 12 12 38 38 38 38 38 38 38 38 38 38 38 38 38 38 38 
27 27 27 27 27 27 27 27 27 27 27 27 27 27 27 27 27 27 27 27 27 27 27 17 17 22 22 22 22 22 22 22 22 22 22 22 22 22 22 22 22 22 22 22 22 21 21 21 21 21 21 21 21 21 21 21 21 21 21 22 22 22 22 22 28 28 28 28 28 28 28 28 28 28 28 28 28 28 28 28 28 28 28 28 28 28 28 28 28 28 28 28 28 28 25 25 25 25 25 25 25 25 25 25 25 25 25 25 25 25 25 25 25 25 25 25 25 25 25 25 25 25 25 25 23 23 23 23 23 23 23 23 23 23 23 23 23 23 23 23 23 23 23 23 23 23 23 23 12 12 12 12 12 12 12 12 12 12 12 12 12 12 12 12 12 38 38 38 38 38 38 38 38 38 38 38 38 38 38 38 
27 27 27 27 27 27 27 27 27 27 27 27 27 27 27 27 27 27 27 27 27 17 17 17 17 22 22 17 17 17 17 17 22 22 22 22 22 22 22 22 22 22 22 21 21 21 21 21 21 21 21 21 21 21 21 21 21 21 21 22 22 22 22 22 22 28 28 28 28 28 28 28 28 28 28 28 28 28 28 28 28 28 28 28 28 28 28 28 28 28 28 28 28 28 25 25 25 25 25 25 25 25 25 25 25 25 25 25 25 25 25 25 25 25 25 25 25 25 25 25 25 25 25 23 23 23 23 23 23 23 23 23 23 23 23 23 23 23 23 23 23 23 23 23 23 23 23 23 12 12 12 12 12 12 12 12 12 12 12 12 12 12 12 12 38 38 38 38 38 38 38 38 38 38 38 38 38 38 38 38 
27 27 27 27 27 27 27 27 27 27 27 27 27 27 27 27 27 27 27 27 17 17 17 17 17 17 17 17 17 17 17 17 17 22 22 21 21 22 21 21 21 21 22 21 21 21 21 21 21 21 21 21 21 21 21 21 21 21 21 21 21 22 22 22 28 28 28 28 28 28 28 28 28 28 28 28 28 28 28 28 28 28 28 28 28 28 28 28 28 28 28 28 28 28 28 25 25 25 25 25 25 25 25 25 25 25 25 25 25 25 25 25 25 25 25 25 25 25 25 25 25 25 25 23 23 23 23 23 23 23 23 23 23 23 23 23 23 23 23 23 23 23 23 23 23 23 23 23  9  9 12 12 12 12 12 12 12 12 12 12 12 12 12 12 38 38 38 38 38 38 38 38 38 38 38 38 38 38 38 38 
27 27 27 27 27 27 27 27 27 27 27 27 27 27 27 27 27 27 27 17 17 17 17 17 17 17 17 17 17 17 17 17 17 22 21 21 21 21 21 21 21 21 22 21 21 21 21 21 21 21 21 21 21 21 21 21 21 21 21 21 21 21 22 22 28 28 28 28 28 28 28 28 28 28 28 28 28 28 28 28 28 28 28 28 28 28 28 28 28 28 28 28 28 28 25 25 25 25 25 25 25 25 25 25 25 25 25 25 25 25 25 25 25 25 25 25 25 25 25 25 25 23 23 23 23 23 23 23 23 23 23 23 23 23 23 23 23 23 23 23 23 23 23 23 23 23 23 23  9  9  9 12 12 12 12 12 12 12 12 12 12 12 38 38 38 38 38 38 38 38 38 38 38 38 38 38 38 38 38 38 
27 27 27 27 27 27 27 27 27 27 27 27 27 27 27 27 27 27 27 17 17 17 17 17 17 17 17 17 17 17 17 17 17 21 21 21 21 21 21 21 21 21 21 21 21 21 21 21 21 21 21 21 21 21 21 21 21 21 21 21 21 21 21 21 21 28 28 28 28 28 28 28 28 28 28 28 28 28 28 28 28 28 28 28 28 28 28 28 28 28 28 28 28 25 25 25 25 25 25 25 25 25 25 25 25 25 25 25 25 25 25 25 25 25 25 25 25 25 25 25 25 23 23 23 23 23 23 23 23 23 23 23 23 23 23 23 23 23 23 23 23 23 23 23 23 23 23  9  9  9  9  9 12 12 12 12 12 12 12 12 12 12 38 38 38 38 38 38 38 38 38 38 38 38 38 38 38 38 38 38 
27 27 27 27 27 27 27 27 27 27 27 27 27 27 27 27 27 27 17 17 17 17 17 17 17 17 17 17 17 17 17 17 17 21 21 21 21 21 21 21 21 21 21 21 21 21 21 21 21 21 21 21 21 21 21 21 21 21 21 21 21 21 21 21 21 21 28 28 28 28 28 28 28 28 28 28 28 28 28 28 28 28 28 28 28 28 28 28 28 28 28 28 28 25 25 25 25 25 25 25 25 25 25 25 25 25 25 25 25 25 25 25 25 25 25 25 25 25 25 25 25 23 23 23 23 23 23 23 23 23 23 23 23 23 23 23 23 23 23 23 23 23 23 23 23 23  9  9  9  9  9  9 12 12 12 12 12 12 12 12 12 12 38 38 38 38 38 38 38 38 38 38 38 38 38 38 38 38 38 38 
27 27 27 27 27 27 27 27 27 27 27 27 27 27 27 27 27 27 17 17 17 17 17 17 17 17 17 17 17 17 17 17 21 21 21 21 21 21 21 21 21 21 21 21 21 21 21 21 21 21 21 21 21 21 21 21 21 21 21 21 21 21 21 21 21 21 28 28 28 28 28 28 28 28 28 28 28 28 28 28 28 28 28 28 28 28 28 28 28 28 28 28 25 25 25 25 25 25 25 25 25 25 25 25 25 25 25 25 25 25 25 25 25 25 25 25 25 25 25 25 23 23 23 23 23 23 23 23 23 23 23 23 23 23 23 23 23 23 23 23 23 23 23  9  9  9  9  9  9  9  9  9 12 12 12 12 12 12 12 12 38 38 38 38 38 38 38 38 38 38 38 38 38 38 38 38 38 38 38 38 
27 27 27 27 27 27 27 27 27 27 27 27 27 27 27 27 17 17 17 17 17 17 17 17 17 17 17 17 17 17 17 17 17 17 17 21 21 21 21 21 21 21 21 21 21 21 21 21 21 21 21 21 21 21 21 21 21 21 21 21 21 21 21 21 21 21 21 28 28 28 28 28 28 28 28 28 28 28 28 28 28 28 28 28 28 28 28 28 28 28 28 28 25 25 25 25 25 25 25 25 25 25 25 25 25 25 25 25 25 25 25 25 25 25 23 23 23 23 23 25 23 23 23 23 23 23 23 23 23 23 23 23 23 23 23 23 23 23 23  9  9  9  9  9  9  9  9  9  9  9  9 12 12 12 12 12 12 12 12 12 38 38 38 38 38 38 38 38 38 38 38 38 38 38 38 38 38 38 38 38 
27 27 27 27 27 27 27 27 27 27 27 27 27 27 17 17 17 17 17 17 17 17 17 17 17 17 17 17 17 17 17 17 17 17 21 21 21 21 21 21 21 21 21 21 21 21 21 21 21 21 21 21 21 21 21 21 21 21 21 21 21 21 21 21 21 21 21 28 28 28 28 28 28 28 28 28 28 28 28 28 28 28 28 28 28 28 28 28 28 28 28 28 25 25 25 25 25 25 25 25 25 25 25 25 25 25 25 25 25 25 25 25 25 25 25 23 23 23 23 25 23 23 23 23 23 23 23 23 23 23 23 23 23 23 23  9  9 23  9  9  9  9  9  9  9  9  9  9  9  9  9  9 12 12 12 12 12 12 12 12 12 38 38 38 38 38 38 38 38 38 38 38 38 38 38 38 38 38 38 38 
27 27 27 27 27 27 27 27 27 17 17 17 27 17 17 17 17 17 17 17 17 17 17 17 17 17 17 17 17 17 17 17 17 17 21 21 21 21 21 21 21 21 21 21 21 21 21 21 21 21 21 21 21 21 21 21 21 21 21 21 21 21 21 21 21 21 28 28 28 21 21 28 28 28 28 28 28 28 28 28 28 28 28 28 28 28 28 28 28 28 28 28 25 25 25 25 25 25 25 25 25 25 25 25 25 25 25 25 25 25 25 25 25 25 23 23 23 23 23 23 23 23 23 23 23 23 23 23 23 23 23 23 23 23 23  9  9  9  9  9  9  9  9  9  9  9  9  9  9  9  9  9  9 12 12 12 12 12 12 12 38 38 38 38 38 38 38 38 38 38 38 38 38 38 38 38 38 38 38 38 
27 27 27 27 17 17 17 17 17 17 17 17 17 17 17 17 17 17 17 17 17 17 17 17 17 17 17 17 17 17 17 17 17 17 21 21 21 21 21 21 21 21 21 21 21 21 21 21 21 21 21 21 21 21 21 21 21 21 21 21 21 21 21 21 21 21 21 21 21 21 21 28 28 28 28 28 28 28 28 28 28 28 28 28 28 28 28 28 28 28 28 28 28 25 25 25 25 25 25 25 25 25 25 25 25 25 25 25 25 25  9  9 25 25 23 23 23 23 23 23 23 23 23 23 23 23 23 23 23 23  9 23 23 23  9  9  9  9  9  9  9  9  9  9  9  9  9  9  9  9 12  9 12 12 12 12 12 12 12 12 12 12 38 38 38 38 38 38 38 38 38 38 38 38 38 38 38 38 38 38 
17 17 17 17 17 17 17 17 17 17 17 17 17 17 17 17 17 17 17 17 17 17 17 17 17 17 17 17 17 17 17 17 17 17 21 21 21 21 21 21 21 21 21 21 21 21 21 21 21 21 21 21 21 21 21 21 21 21 21 21 21 21 21 21 21 21 21 21 21 21 21 21 21 28 28 28 28 28 28 28 28 28 28 28 28 28 28 28 28 28 28 28 21 21 21 21 21 25 25 25 25 25 25 25 25 25 25 25 25 25 25  9  9 23 23 23 23 23 23 23 23 23 23 23 23 23 23  9 23 23  9  9  9  9  9  9  9  9  9  9  9  9  9  9  9  9  9  9  9  9 12 12 12 12 12 12 12 12 12 12 12 38 38 38 38 38 38 38 38 38 38 38 38 38 38 38 38 38 38 38 
17 17 17 17 17 17 17 17 17 17 17 17 17 17 17 17 17 17 17 17 17 17 17 17 17 17 17 17 17 17 17 17 17 17 17 21 21 21 21 21 21 21 21 21 21 21 21 21 21 21 21 21 21 21 21 21 21 21 21 21 21 21 21 21 21 21 21 21 21 21 21 21 21 21 21 21 28 28 28 28 28 28 28 28 28 28 28 28 28 28 28 28 28 21 21 21 21 25  9 25 25  9 25 25 25 25 25 25 25 25 25  9  9  9  9  9 23 23 23 23 23 23 23 23  9  9  9  9 23  9  9  9  9  9  9  9  9  9  9  9  9  9  9  9  9  9  9  9  9 12 12 12 12 12 12 12 12 12 12 12 12 38 38 38 38 38 38 38 38 38 38 38 38 38 38 38 38 38 38 38 
17 17 17 17 17 17 17 17 31 17 17 17 17 17 17 17 17 17 17 17 17 17 17 17 17 17 17 17 17 17 17 17 17 17 17 17 21 21 21 21 21 21 21 21 21 21 21 21 21 21 21 21 21 21 21 21 21 21 21 21 21 21 21 21 21 21 21 21 21 21 21 21 21 21 21 21 28 28 28 28 28 28 28 28 28 28 28 28 28 28 28 28 28 21 21 21 21  9  9  9  9  9 25 25  9 25 25 25 25 25  9  9  9  9  9  9  9  9  9  9  9 23 23 23  9  9  9  9  9  9  9  9  9  9  9  9  9  9  9  9  9  9  9  9  9  9  9  9  9 12 12 12 12 12 12 12 12 12 12 12 12 38 38 38 38 38 38 38 38 38 38 38 38 38 38 38 38 38 38 38 
17 17 17 17 17 17 17 31 31 31 17 17 17 17 17 17 17 17 17 17 17 17 17 17 17 17 17 17 17 17 17 17 17 17 17 21 21 21 21 21 21 21 21 21 21 21 21 21 21 21 21 21 21 21 21 21 21 21 21 21 31 21 21 21 21 21 21 21 21 31 21 21 21 21 21 21 21 28 28 28 28 28 28 28 28 28 28 28 28 28 28 28 28 28 28 21  9  9  9  9  9  9  9  9  9  9  9  9  9 25  9  9  9  9  9  9  9  9  9  9  9  9 23  9  9  9  9  9  9  9  9  9  9  9  9  9  9  9  9  9  9  9  9  9  9  9  9  9  9 12 12 12 12 12 12 12 12 12 12 38 38 38 38 38 38 38 38 38 38 38 38 38 38 38 38 38 38 38 38 38 
17 17 17 17 17 17 17 31 31 31 17 17 17 17 17 17 17 17 17 17 17 17 17 17 17 17 17 17 17 17 17 17 17 17 21 21 21 21 21 21 21 21 21 21 21 21 21 21 21 21 21 21 21 21 21 21 21 21 21 31 31 21 21 31 31 31 21 21 31 31 31 21 21 21 21 21 21 28 28 28 28 28 28 28 28 28 28 28 28 28 28 28 21 21 21 21 21  9  9  9  9  9  9  9  9  9  9  9  9  9  9  9  9  9  9  9  9  9  9  9  9  9  9  9  9  9  9  9  9  9  9  9  9  9  9  9  9  9  9  9  9  9  9  9  9  9  9  9  9 12 12 12 12 12 12 12 12 12 12 38 38 38 38 38 38 38 38 38 38 38 38 38 38 38 38 38 38 38 38 38 
17 17 17 17 17 17 17 31 31 31 31 17 17 17 17 17 17 17 17 17 17 17 17 17 17 17 17 17 17 17 17 17 17 17 17 21 31 21 21 21 21 21 21 21 21 21 21 21 21 21 21 21 21 21 21 21 21 21 31 31 31 31 31 31 31 31 31 31 31 31 31 21 21 21 21 21 21 21 21 21 21 21 21 21 21 21 28 28 28 28 28 28 21 21 21 21  9  9  9  9  9  9  9  9  9  9  9  9  9  9  9  9  9  9  9  9  9  9  9  9  9  9  9  9  9  9  9  9  9  9  9  9  9  9  9  9  9  9  9  9  9  9  9  9  9  9 12 12 12 12 12 12 12 12 12 12 12 12 12 38 38 38 38 38 38 38 38 38 38 38 38 38 38 38 38 38 38 38 38 38 
17 17 17 31 31 31 31 31 31 31 17 17 17 17 17 17 17 17 17 17 17 17 17 17 17 17 17 17 17 17 17 17 17 17 31 31 31 31 21 21 21 21 21 21 21 21 21 21 21 21 21 21 21 21 21 21 21 31 31 31 31 31 31 31 31 31 31 31 31 31 31 31 31 21 21 21 21 21 21 21 21 21 21 21 21 21 21 28 28 21 21 28 21 21 21 21 21  9  9  9  9  9  9  9  9  9  9  9  9  9  9  9  9  9  9  9  9  9  9  9  9  9  9  9  9  9  9  9  9  9  9  9  9  9  9  9  9  9  9  9  9  9  9  9  9  9 12 12 12 12 12 12 12 12 12 12 12 12 12 38 38 38 38 38 38 38 38 38 38 38 38 38 38 38 38 38 38 38 38 38 
17 31 31 31 31 31 31 31 31 31 31 17 17 17 17 17 17 31 31 17 17 31 17 17 17 17 17 17 17 17 17 17 31 31 31 31 31 31 31 21 21 21 21 21 21 21 21 21 21 21 21 21 21 21 21 21 21 21 31 31 31 31 31 31 31 31 31 31 31 31 31 31 31 21 21 21 21 21 21 21 21 21 21 21 21 21 21 21 21 21 21 21 21 21 21 21 21  9  9  9  9  9  9  9  9  9  9  9  9  9  9  9  9  9  9  9  9  9  9  9  9  9  9  9  9  9  9  9  9  9  9  9  9  9  9  9  9  9  9  9  9  9  9 12 12 12 12 12 12 12 12 12 12 12 12 12 12 12 12 38 38 38 38 38 38 38 38 38 38 38 38 38 38 38 38 38 38 38 38 38 
17 31 31 31 31 31 31 31 31 31 31 17 17 17 17 17 31 31 31 31 31 31 17 17 17 17 17 31 17 31 31 31 31 31 31 31 31 21 21 21 21 21 21 31 21 21 21 21 21 21 21 21 21 21 21 21 21 21 31 31 31 31 31 31 31 31 31 31 31 31 31 31 31 31 21 21 21 21 21 21 21 21 21 21 21 21 21 21 21 21 21 21 21 21 21 21 21  9  9  9  9  9  9  9  9  9  9  9  9  9  9  9  9  9  9  9  9  9  9  9  9  9  9  9  9  9  9  9  9  9  9  9  9  9  9  9  9  9  9  9  9 12 12 12 12 12 12 12 12 12 12 12 12 12 12 12 12 12 12 38 12 38 38 38 38 38 38 38 38 38 38 38 38 38 38 38 38 38 38 38 
17 17 31 31 31 31 31 31 31 31 31 31 31 31 31 31 31 31 31 31 31 31 31 31 17 17 31 31 31 31 31 31 31 31 31 31 31 31 31 21 31 31 31 31 31 21 21 21 21 21 21 21 21 21 31 31 31 31 31 31 31 31 31 31 31 31 31 31 31 31 31 31 31 31 31 21 21 21 21 21 21 21 21 21 21 31 21 21 21 21 21 21 21 21 21 21 21  9  9  9  9  9  9  9  9  9  9  9  9  9  9  9  9  9  9  9  9  9  9  9  9  9  9  9  9  9  9  9  9  9  9  9  9  9  9  9  9  9  9  9  9 12 12 12 12 12 12 12 12 12 12 12 12 12 12 12 12 12 12 12 12 12 38 38 38 38 38 38 38 38 38 38 38 38 38 38 38 38 38 38 
17 17 31 31 31 31 31 31 31 31 31 31 31 31 31 31 31 31 31 31 31 31 31 31 31 31 31 31 31 31 31 31 31 31 31 31 31 31 31 31 31 31 31 31 31 21 31 21 21 21 21 21 21 31 31 31 31 31 31 31 31 31 31 31 31 31 31 31 31 31 31 31 31 31 31 31 21 21 21 21 21 21 21 21 21 31 31 31 21 21 21 31 21 21 21 21  9  9  9  9  9  9  9  9  9  9  9  9  9  9  9  9  9  9  9  9  9  9  9  9  9  9  9  9  9  9  9  9  9  9  9  9  9  9  9  9  9  9  9 12 12 12 12 12 12 12 12 12 12 12 12 12 12 12 12 12 12 12 12 12 12 38 38 38 38 38 38 38 38 38 38 38 38 38 38 38 38 38 38 38 
31 31 31 31 31 31 31 31 31 31 31 31 31 31 31 31 31 31 31 31 31 31 31 31 31 31 31 31 31 31 31 31 31 31 31 31 31 31 31 31 31 31 31 31 31 21 31 31 31 31 21 31 31 31 31 31 31 31 31 31 31 31 31 31 31 31 31 31 31 31 31 31 31 31 31 31 21 31 21 21 21 21 21 31 31 31 31 31 31 31 31 31 31 31 31  9  9  9  9  9  9  9  9  9  9  9  9  9  9  9  9  9  9  9  9  9  9  9  9  9  9  9  9  9  9  9  9  9  9  9  9  9  9  9  9  9  9  9  9 12 12 12 12 12 12 12 12 12 12 12 12 12 12 12 12 12 12 12 12 12 12 12 12 38 38 38 38 38 38 38 38 38 38 38 38 38 38 38 38 38 
31 31 31 31 31 31 31 31 31 31 31 31 31 31 31 31 31 31 31 31 31 31 31 31 31 31 31 31 31 31 31 31 31 31 31 31 31 31 31 31 31 31 31 31 31 31 31 31 31 31 31 31 31 31 31 31 31 31 31 31 31 31 31 31 31 31 31 31 31 31 31 31 31 31 31 31 31 31 31 31 31 31 31 31 31 31 31 31 31 31 31 31 31 31 31  9  9  9  9  9  9  9  9  9  9  9  9  9  9  9  9  9  9  9  9  9  9  9  9  9  9  9  9  9  9  9  9  9  9  9  9  9  9  9  9  9  9  9 12 12 12 12 12 12 12 12 12 12 12 12 12 12 12 12 12 12 12 12 12 12 12 12 12 38 38 38 38 38 38 38 38 38 38 38 38 38 38 38 38 38 
31 31 31 31 31 31 31 31 31 31 31 31 31 31 31 31 31 31 31 31 31 31 31 31 31 31 31 31 31 31 31 31 31 31 31 31 31 31 31 31 31 31 31 31 31 31 31 31 31 31 31 31 31 31 31 31 31 31 31 31 31 31 31 31 31 31 31 31 31 31 31 31 31 31 31 31 31 31 31 31 31 31 31 31 31 31 31 31 31 31 31 31 31 31 31 31 31  9  9  9  9  9  9  9  9  9  9  9  9  9  9  9  9  9  9  9  9  9  9  9  9  9  9  9  9  9  9  9  9  9  9  9  9  9 12 12 12 12 12 12 12 12 12 12 12 12 12 12 12 12 12 12 12 12 12 12 12 12 12 12 12 12 12 12 12 38 38 38 38 38 38 38 38 38 38 38 38 38 38 38 
31 31 31 31 31 31 31 31 31 31 31 31 31 31 31 31 31 31 31 31 31 31 31 31 31 31 31 31 31 31 31 31 31 31 31 31 31 31 31 31 31 31 31 31 31 31 31 31 31 31 31 31 31 31 31 31 31 31 31 31 31 31 31 31 31 31 31 31 31 31 31 31 31 31 31 31 31 31 31 31 31 31 31 31 31 31 31 31 31 31 31 31 31 31 31 31 31  9  9  9  9  9  9  9  9  9  9  9  9  9  9  9  9  9  9  9  9  9  9  9  9  9  9  9  9  9  9  9 12 12 12 12 12 12 12 12 12 12 12 12 12 12 12 12 12 12 12 12 12 12 12 12 12 12 12 12 12 12 12 12 12 12 12 12 12 12 38 38 38 38 38 38 38 38 38 38 38 38 38 38 
31 31 31 31 31 31 31 31 31 31 31 31 31 31 31 31 31 31 31 31 31 31 31 31 31 31 31 31 31 31 31 31 31 31 31 31 31 31 31 31 31 31 31 31 31 31 31 31 31 31 31 31 31 31 31 31 31 31 31 31 31 31 31 31 31 31 31 31 31 31 31 31 31 31 31 31 31 31 31 31 31 31 31 31 31 31 31 31 31 31 31 31 31 31 31 31  9  9  9  9  9  9  9  9  9  9  9  9  9  9  9  9  9  9  9  9  9  9  9  9  9  9  9  9  9  9  9  9 12 12 12 12 12 12 12 12 12 12 12 12 12 12 12 12 12 12 12 12 12 12 12 12 12 12 12 12 12 12 12 12 12 12 12 12 12 12 12 38 38 38 38 38 38 38 38 38 38 38 38 38 
