49
1 4 0 1 2 3
2 4 0 1 2 3
3 4 0 1 2 3
4 4 0 1 2 3
5 4 0 1 2 3
6 4 0 1 2 3
7 4 0 1 2 3
8 4 0 1 2 3
9 4 0 1 2 3
10 4 0 1 2 3
11 4 0 1 2 3
12 4 0 1 2 3
13 4 0 1 2 3
14 4 0 1 2 3
15 4 0 1 2 3
16 4 0 1 2 3
17 4 0 1 2 3
18 4 0 1 2 3
19 4 0 1 2 3
20 4 0 1 2 3
21 4 0 1 2 3
22 4 0 1 2 3
23 4 0 1 2 3
24 4 0 1 2 3
25 4 0 1 2 3
26 4 0 1 2 3
27 4 0 1 2 3
28 4 0 1 2 3
29 4 0 1 2 3
30 4 0 1 2 3
31 4 0 1 2 3
32 4 0 1 2 3
33 4 0 1 2 3
34 4 0 1 2 3
35 4 0 1 2 3
36 4 0 1 2 3
37 4 0 1 2 3
38 4 0 1 2 3
39 4 0 1 2 3
40 4 0 1 2 3
41 4 0 1 2 3
42 4 0 1 2 3
43 4 0 1 2 3
44 4 0 1 2 3
45 4 0 1 2 3
46 4 0 1 2 3
47 4 0 1 2 3
48 4 0 1 2 3
49 4 0 1 2 3
124
1 19 4   0 0   1 1   2 2   3 3
1 20 4   0 0   1 1   2 2   3 3
1 10 4   0 0   1 1   2 2   3 3
1 42 4   0 0   1 1   2 2   3 3
2 34 4   0 0   1 1   2 2   3 3
2 19 4   0 0   1 1   2 2   3 3
2 7 4   0 0   1 1   2 2   3 3
2 12 4   0 0   1 1   2 2   3 3
2 29 4   0 0   1 1   2 2   3 3
2 15 4   0 0   1 1   2 2   3 3
3 48 4   0 0   1 1   2 2   3 3
3 18 4   0 0   1 1   2 2   3 3
3 5 4   0 0   1 1   2 2   3 3
3 21 4   0 0   1 1   2 2   3 3
3 8 4   0 0   1 1   2 2   3 3
3 26 4   0 0   1 1   2 2   3 3
3 45 4   0 0   1 1   2 2   3 3
3 46 4   0 0   1 1   2 2   3 3
4 35 4   0 0   1 1   2 2   3 3
4 37 4   0 0   1 1   2 2   3 3
4 23 4   0 0   1 1   2 2   3 3
4 43 4   0 0   1 1   2 2   3 3
5 48 4   0 0   1 1   2 2   3 3
5 21 4   0 0   1 1   2 2   3 3
5 9 4   0 0   1 1   2 2   3 3
6 33 4   0 0   1 1   2 2   3 3
6 39 4   0 0   1 1   2 2   3 3
6 9 4   0 0   1 1   2 2   3 3
7 38 4   0 0   1 1   2 2   3 3
7 25 4   0 0   1 1   2 2   3 3
7 12 4   0 0   1 1   2 2   3 3
7 29 4   0 0   1 1   2 2   3 3
7 46 4   0 0   1 1   2 2   3 3
7 30 4   0 0   1 1   2 2   3 3
8 25 4   0 0   1 1   2 2   3 3
8 45 4   0 0   1 1   2 2   3 3
8 46 4   0 0   1 1   2 2   3 3
8 14 4   0 0   1 1   2 2   3 3
9 48 4   0 0   1 1   2 2   3 3
9 33 4   0 0   1 1   2 2   3 3
9 21 4   0 0   1 1   2 2   3 3
9 39 4   0 0   1 1   2 2   3 3
10 34 4   0 0   1 1   2 2   3 3
10 19 4   0 0   1 1   2 2   3 3
10 20 4   0 0   1 1   2 2   3 3
11 36 4   0 0   1 1   2 2   3 3
11 40 4   0 0   1 1   2 2   3 3
11 27 4   0 0   1 1   2 2   3 3
12 21 4   0 0   1 1   2 2   3 3
12 46 4   0 0   1 1   2 2   3 3
12 31 4   0 0   1 1   2 2   3 3
12 15 4   0 0   1 1   2 2   3 3
13 16 4   0 0   1 1   2 2   3 3
13 49 4   0 0   1 1   2 2   3 3
13 22 4   0 0   1 1   2 2   3 3
13 44 4   0 0   1 1   2 2   3 3
14 32 4   0 0   1 1   2 2   3 3
14 24 4   0 0   1 1   2 2   3 3
14 25 4   0 0   1 1   2 2   3 3
14 45 4   0 0   1 1   2 2   3 3
14 30 4   0 0   1 1   2 2   3 3
15 49 4   0 0   1 1   2 2   3 3
15 19 4   0 0   1 1   2 2   3 3
15 31 4   0 0   1 1   2 2   3 3
15 47 4   0 0   1 1   2 2   3 3
16 49 4   0 0   1 1   2 2   3 3
16 22 4   0 0   1 1   2 2   3 3
16 41 4   0 0   1 1   2 2   3 3
16 44 4   0 0   1 1   2 2   3 3
16 47 4   0 0   1 1   2 2   3 3
17 19 4   0 0   1 1   2 2   3 3
17 41 4   0 0   1 1   2 2   3 3
17 47 4   0 0   1 1   2 2   3 3
18 48 4   0 0   1 1   2 2   3 3
18 24 4   0 0   1 1   2 2   3 3
18 26 4   0 0   1 1   2 2   3 3
19 34 4   0 0   1 1   2 2   3 3
19 41 4   0 0   1 1   2 2   3 3
19 47 4   0 0   1 1   2 2   3 3
20 34 4   0 0   1 1   2 2   3 3
20 37 4   0 0   1 1   2 2   3 3
20 38 4   0 0   1 1   2 2   3 3
20 42 4   0 0   1 1   2 2   3 3
21 39 4   0 0   1 1   2 2   3 3
21 28 4   0 0   1 1   2 2   3 3
21 46 4   0 0   1 1   2 2   3 3
21 31 4   0 0   1 1   2 2   3 3
22 49 4   0 0   1 1   2 2   3 3
23 37 4   0 0   1 1   2 2   3 3
23 38 4   0 0   1 1   2 2   3 3
23 43 4   0 0   1 1   2 2   3 3
23 30 4   0 0   1 1   2 2   3 3
24 48 4   0 0   1 1   2 2   3 3
24 26 4   0 0   1 1   2 2   3 3
24 45 4   0 0   1 1   2 2   3 3
25 46 4   0 0   1 1   2 2   3 3
25 30 4   0 0   1 1   2 2   3 3
26 45 4   0 0   1 1   2 2   3 3
27 36 4   0 0   1 1   2 2   3 3
27 39 4   0 0   1 1   2 2   3 3
27 28 4   0 0   1 1   2 2   3 3
28 49 4   0 0   1 1   2 2   3 3
28 36 4   0 0   1 1   2 2   3 3
28 39 4   0 0   1 1   2 2   3 3
28 44 4   0 0   1 1   2 2   3 3
28 31 4   0 0   1 1   2 2   3 3
29 34 4   0 0   1 1   2 2   3 3
29 38 4   0 0   1 1   2 2   3 3
30 32 4   0 0   1 1   2 2   3 3
30 38 4   0 0   1 1   2 2   3 3
30 43 4   0 0   1 1   2 2   3 3
31 49 4   0 0   1 1   2 2   3 3
32 43 4   0 0   1 1   2 2   3 3
33 39 4   0 0   1 1   2 2   3 3
34 38 4   0 0   1 1   2 2   3 3
35 43 4   0 0   1 1   2 2   3 3
36 40 4   0 0   1 1   2 2   3 3
36 44 4   0 0   1 1   2 2   3 3
37 38 4   0 0   1 1   2 2   3 3
37 42 4   0 0   1 1   2 2   3 3
40 44 4   0 0   1 1   2 2   3 3
41 47 4   0 0   1 1   2 2   3 3
44 49 4   0 0   1 1   2 2   3 3
47 49 4   0 0   1 1   2 2   3 3
