51
1 4 0 1 2 3
2 4 0 1 2 3
3 4 0 1 2 3
4 4 0 1 2 3
5 4 0 1 2 3
6 4 0 1 2 3
7 4 0 1 2 3
8 4 0 1 2 3
9 4 0 1 2 3
10 4 0 1 2 3
11 4 0 1 2 3
12 4 0 1 2 3
13 4 0 1 2 3
14 4 0 1 2 3
15 4 0 1 2 3
16 4 0 1 2 3
17 4 0 1 2 3
18 4 0 1 2 3
19 4 0 1 2 3
20 4 0 1 2 3
21 4 0 1 2 3
22 4 0 1 2 3
23 4 0 1 2 3
24 4 0 1 2 3
25 4 0 1 2 3
26 4 0 1 2 3
27 4 0 1 2 3
28 4 0 1 2 3
29 4 0 1 2 3
30 4 0 1 2 3
31 4 0 1 2 3
32 4 0 1 2 3
33 4 0 1 2 3
34 4 0 1 2 3
35 4 0 1 2 3
36 4 0 1 2 3
37 4 0 1 2 3
38 4 0 1 2 3
39 4 0 1 2 3
40 4 0 1 2 3
41 4 0 1 2 3
42 4 0 1 2 3
43 4 0 1 2 3
44 4 0 1 2 3
45 4 0 1 2 3
46 4 0 1 2 3
47 4 0 1 2 3
48 4 0 1 2 3
49 4 0 1 2 3
50 4 0 1 2 3
51 4 0 1 2 3
124
1 34 4   0 0   1 1   2 2   3 3
1 3 4   0 0   1 1   2 2   3 3
1 31 4   0 0   1 1   2 2   3 3
2 33 4   0 0   1 1   2 2   3 3
2 3 4   0 0   1 1   2 2   3 3
2 19 4   0 0   1 1   2 2   3 3
2 21 4   0 0   1 1   2 2   3 3
2 38 4   0 0   1 1   2 2   3 3
3 33 4   0 0   1 1   2 2   3 3
3 34 4   0 0   1 1   2 2   3 3
3 21 4   0 0   1 1   2 2   3 3
3 24 4   0 0   1 1   2 2   3 3
4 39 4   0 0   1 1   2 2   3 3
4 8 4   0 0   1 1   2 2   3 3
4 9 4   0 0   1 1   2 2   3 3
4 45 4   0 0   1 1   2 2   3 3
4 47 4   0 0   1 1   2 2   3 3
5 32 4   0 0   1 1   2 2   3 3
5 39 4   0 0   1 1   2 2   3 3
5 42 4   0 0   1 1   2 2   3 3
5 47 4   0 0   1 1   2 2   3 3
6 50 4   0 0   1 1   2 2   3 3
6 36 4   0 0   1 1   2 2   3 3
6 21 4   0 0   1 1   2 2   3 3
6 38 4   0 0   1 1   2 2   3 3
6 10 4   0 0   1 1   2 2   3 3
6 27 4   0 0   1 1   2 2   3 3
6 46 4   0 0   1 1   2 2   3 3
7 18 4   0 0   1 1   2 2   3 3
7 20 4   0 0   1 1   2 2   3 3
7 40 4   0 0   1 1   2 2   3 3
7 8 4   0 0   1 1   2 2   3 3
7 11 4   0 0   1 1   2 2   3 3
7 30 4   0 0   1 1   2 2   3 3
8 35 4   0 0   1 1   2 2   3 3
8 40 4   0 0   1 1   2 2   3 3
8 9 4   0 0   1 1   2 2   3 3
8 25 4   0 0   1 1   2 2   3 3
8 26 4   0 0   1 1   2 2   3 3
8 45 4   0 0   1 1   2 2   3 3
8 30 4   0 0   1 1   2 2   3 3
8 14 4   0 0   1 1   2 2   3 3
8 47 4   0 0   1 1   2 2   3 3
9 45 4   0 0   1 1   2 2   3 3
10 27 4   0 0   1 1   2 2   3 3
10 46 4   0 0   1 1   2 2   3 3
11 16 4   0 0   1 1   2 2   3 3
11 20 4   0 0   1 1   2 2   3 3
11 37 4   0 0   1 1   2 2   3 3
11 23 4   0 0   1 1   2 2   3 3
11 40 4   0 0   1 1   2 2   3 3
11 41 4   0 0   1 1   2 2   3 3
11 44 4   0 0   1 1   2 2   3 3
11 15 4   0 0   1 1   2 2   3 3
12 16 4   0 0   1 1   2 2   3 3
12 51 4   0 0   1 1   2 2   3 3
12 24 4   0 0   1 1   2 2   3 3
12 43 4   0 0   1 1   2 2   3 3
12 15 4   0 0   1 1   2 2   3 3
13 37 4   0 0   1 1   2 2   3 3
13 28 4   0 0   1 1   2 2   3 3
13 44 4   0 0   1 1   2 2   3 3
14 35 4   0 0   1 1   2 2   3 3
14 25 4   0 0   1 1   2 2   3 3
14 26 4   0 0   1 1   2 2   3 3
15 16 4   0 0   1 1   2 2   3 3
15 32 4   0 0   1 1   2 2   3 3
15 49 4   0 0   1 1   2 2   3 3
15 17 4   0 0   1 1   2 2   3 3
15 51 4   0 0   1 1   2 2   3 3
15 23 4   0 0   1 1   2 2   3 3
15 40 4   0 0   1 1   2 2   3 3
16 37 4   0 0   1 1   2 2   3 3
16 24 4   0 0   1 1   2 2   3 3
16 28 4   0 0   1 1   2 2   3 3
17 48 4   0 0   1 1   2 2   3 3
17 32 4   0 0   1 1   2 2   3 3
17 50 4   0 0   1 1   2 2   3 3
17 51 4   0 0   1 1   2 2   3 3
17 43 4   0 0   1 1   2 2   3 3
17 46 4   0 0   1 1   2 2   3 3
18 20 4   0 0   1 1   2 2   3 3
18 30 4   0 0   1 1   2 2   3 3
19 33 4   0 0   1 1   2 2   3 3
19 36 4   0 0   1 1   2 2   3 3
19 38 4   0 0   1 1   2 2   3 3
19 43 4   0 0   1 1   2 2   3 3
20 41 4   0 0   1 1   2 2   3 3
21 34 4   0 0   1 1   2 2   3 3
21 38 4   0 0   1 1   2 2   3 3
21 27 4   0 0   1 1   2 2   3 3
21 31 4   0 0   1 1   2 2   3 3
22 35 4   0 0   1 1   2 2   3 3
22 29 4   0 0   1 1   2 2   3 3
22 30 4   0 0   1 1   2 2   3 3
23 49 4   0 0   1 1   2 2   3 3
23 40 4   0 0   1 1   2 2   3 3
24 33 4   0 0   1 1   2 2   3 3
24 43 4   0 0   1 1   2 2   3 3
25 26 4   0 0   1 1   2 2   3 3
26 35 4   0 0   1 1   2 2   3 3
26 45 4   0 0   1 1   2 2   3 3
27 31 4   0 0   1 1   2 2   3 3
28 37 4   0 0   1 1   2 2   3 3
30 35 4   0 0   1 1   2 2   3 3
31 34 4   0 0   1 1   2 2   3 3
32 42 4   0 0   1 1   2 2   3 3
32 46 4   0 0   1 1   2 2   3 3
33 43 4   0 0   1 1   2 2   3 3
36 50 4   0 0   1 1   2 2   3 3
36 38 4   0 0   1 1   2 2   3 3
36 43 4   0 0   1 1   2 2   3 3
37 44 4   0 0   1 1   2 2   3 3
39 47 4   0 0   1 1   2 2   3 3
40 49 4   0 0   1 1   2 2   3 3
40 42 4   0 0   1 1   2 2   3 3
40 47 4   0 0   1 1   2 2   3 3
41 44 4   0 0   1 1   2 2   3 3
42 47 4   0 0   1 1   2 2   3 3
43 50 4   0 0   1 1   2 2   3 3
43 51 4   0 0   1 1   2 2   3 3
46 48 4   0 0   1 1   2 2   3 3
46 50 4   0 0   1 1   2 2   3 3
48 50 4   0 0   1 1   2 2   3 3
