60
1 4 0 1 2 3
2 4 0 1 2 3
3 4 0 1 2 3
4 4 0 1 2 3
5 4 0 1 2 3
6 4 0 1 2 3
7 4 0 1 2 3
8 4 0 1 2 3
9 4 0 1 2 3
10 4 0 1 2 3
11 4 0 1 2 3
12 4 0 1 2 3
13 4 0 1 2 3
14 4 0 1 2 3
15 4 0 1 2 3
16 4 0 1 2 3
17 4 0 1 2 3
18 4 0 1 2 3
19 4 0 1 2 3
20 4 0 1 2 3
21 4 0 1 2 3
22 4 0 1 2 3
23 4 0 1 2 3
24 4 0 1 2 3
25 4 0 1 2 3
26 4 0 1 2 3
27 4 0 1 2 3
28 4 0 1 2 3
29 4 0 1 2 3
30 4 0 1 2 3
31 4 0 1 2 3
32 4 0 1 2 3
33 4 0 1 2 3
34 4 0 1 2 3
35 4 0 1 2 3
36 4 0 1 2 3
37 4 0 1 2 3
38 4 0 1 2 3
39 4 0 1 2 3
40 4 0 1 2 3
41 4 0 1 2 3
42 4 0 1 2 3
43 4 0 1 2 3
44 4 0 1 2 3
45 4 0 1 2 3
46 4 0 1 2 3
47 4 0 1 2 3
48 4 0 1 2 3
49 4 0 1 2 3
50 4 0 1 2 3
51 4 0 1 2 3
52 4 0 1 2 3
53 4 0 1 2 3
54 4 0 1 2 3
55 4 0 1 2 3
56 4 0 1 2 3
57 4 0 1 2 3
58 4 0 1 2 3
59 4 0 1 2 3
60 4 0 1 2 3
156
1 50 4   0 0   1 1   2 2   3 3
1 20 4   0 0   1 1   2 2   3 3
1 37 4   0 0   1 1   2 2   3 3
1 41 4   0 0   1 1   2 2   3 3
2 35 4   0 0   1 1   2 2   3 3
2 21 4   0 0   1 1   2 2   3 3
2 55 4   0 0   1 1   2 2   3 3
2 58 4   0 0   1 1   2 2   3 3
2 27 4   0 0   1 1   2 2   3 3
3 19 4   0 0   1 1   2 2   3 3
3 35 4   0 0   1 1   2 2   3 3
3 21 4   0 0   1 1   2 2   3 3
3 5 4   0 0   1 1   2 2   3 3
3 38 4   0 0   1 1   2 2   3 3
3 6 4   0 0   1 1   2 2   3 3
4 49 4   0 0   1 1   2 2   3 3
4 39 4   0 0   1 1   2 2   3 3
4 55 4   0 0   1 1   2 2   3 3
4 12 4   0 0   1 1   2 2   3 3
4 29 4   0 0   1 1   2 2   3 3
5 19 4   0 0   1 1   2 2   3 3
5 54 4   0 0   1 1   2 2   3 3
5 6 4   0 0   1 1   2 2   3 3
5 9 4   0 0   1 1   2 2   3 3
6 53 4   0 0   1 1   2 2   3 3
6 38 4   0 0   1 1   2 2   3 3
6 40 4   0 0   1 1   2 2   3 3
6 9 4   0 0   1 1   2 2   3 3
7 20 4   0 0   1 1   2 2   3 3
7 59 4   0 0   1 1   2 2   3 3
8 48 4   0 0   1 1   2 2   3 3
8 51 4   0 0   1 1   2 2   3 3
8 36 4   0 0   1 1   2 2   3 3
8 44 4   0 0   1 1   2 2   3 3
8 13 4   0 0   1 1   2 2   3 3
8 30 4   0 0   1 1   2 2   3 3
9 53 4   0 0   1 1   2 2   3 3
9 54 4   0 0   1 1   2 2   3 3
9 15 4   0 0   1 1   2 2   3 3
10 17 4   0 0   1 1   2 2   3 3
10 36 4   0 0   1 1   2 2   3 3
10 44 4   0 0   1 1   2 2   3 3
11 48 4   0 0   1 1   2 2   3 3
11 18 4   0 0   1 1   2 2   3 3
11 43 4   0 0   1 1   2 2   3 3
11 27 4   0 0   1 1   2 2   3 3
11 13 4   0 0   1 1   2 2   3 3
12 18 4   0 0   1 1   2 2   3 3
12 52 4   0 0   1 1   2 2   3 3
12 39 4   0 0   1 1   2 2   3 3
12 55 4   0 0   1 1   2 2   3 3
12 26 4   0 0   1 1   2 2   3 3
13 48 4   0 0   1 1   2 2   3 3
13 51 4   0 0   1 1   2 2   3 3
13 27 4   0 0   1 1   2 2   3 3
14 34 4   0 0   1 1   2 2   3 3
14 50 4   0 0   1 1   2 2   3 3
14 20 4   0 0   1 1   2 2   3 3
14 40 4   0 0   1 1   2 2   3 3
14 24 4   0 0   1 1   2 2   3 3
14 41 4   0 0   1 1   2 2   3 3
14 28 4   0 0   1 1   2 2   3 3
14 29 4   0 0   1 1   2 2   3 3
14 31 4   0 0   1 1   2 2   3 3
15 53 4   0 0   1 1   2 2   3 3
15 45 4   0 0   1 1   2 2   3 3
16 52 4   0 0   1 1   2 2   3 3
16 39 4   0 0   1 1   2 2   3 3
17 32 4   0 0   1 1   2 2   3 3
17 36 4   0 0   1 1   2 2   3 3
17 23 4   0 0   1 1   2 2   3 3
17 56 4   0 0   1 1   2 2   3 3
17 44 4   0 0   1 1   2 2   3 3
18 55 4   0 0   1 1   2 2   3 3
18 26 4   0 0   1 1   2 2   3 3
18 43 4   0 0   1 1   2 2   3 3
18 27 4   0 0   1 1   2 2   3 3
19 35 4   0 0   1 1   2 2   3 3
19 54 4   0 0   1 1   2 2   3 3
19 23 4   0 0   1 1   2 2   3 3
19 60 4   0 0   1 1   2 2   3 3
20 33 4   0 0   1 1   2 2   3 3
20 50 4   0 0   1 1   2 2   3 3
20 24 4   0 0   1 1   2 2   3 3
20 41 4   0 0   1 1   2 2   3 3
20 42 4   0 0   1 1   2 2   3 3
20 59 4   0 0   1 1   2 2   3 3
20 31 4   0 0   1 1   2 2   3 3
21 35 4   0 0   1 1   2 2   3 3
21 38 4   0 0   1 1   2 2   3 3
21 55 4   0 0   1 1   2 2   3 3
22 48 4   0 0   1 1   2 2   3 3
22 25 4   0 0   1 1   2 2   3 3
22 26 4   0 0   1 1   2 2   3 3
22 43 4   0 0   1 1   2 2   3 3
23 51 4   0 0   1 1   2 2   3 3
23 35 4   0 0   1 1   2 2   3 3
23 56 4   0 0   1 1   2 2   3 3
23 58 4   0 0   1 1   2 2   3 3
23 44 4   0 0   1 1   2 2   3 3
23 60 4   0 0   1 1   2 2   3 3
24 33 4   0 0   1 1   2 2   3 3
24 53 4   0 0   1 1   2 2   3 3
24 40 4   0 0   1 1   2 2   3 3
24 46 4   0 0   1 1   2 2   3 3
24 47 4   0 0   1 1   2 2   3 3
25 52 4   0 0   1 1   2 2   3 3
25 26 4   0 0   1 1   2 2   3 3
26 52 4   0 0   1 1   2 2   3 3
26 43 4   0 0   1 1   2 2   3 3
27 51 4   0 0   1 1   2 2   3 3
27 55 4   0 0   1 1   2 2   3 3
27 58 4   0 0   1 1   2 2   3 3
28 55 4   0 0   1 1   2 2   3 3
28 40 4   0 0   1 1   2 2   3 3
28 29 4   0 0   1 1   2 2   3 3
29 49 4   0 0   1 1   2 2   3 3
29 55 4   0 0   1 1   2 2   3 3
29 42 4   0 0   1 1   2 2   3 3
29 31 4   0 0   1 1   2 2   3 3
30 36 4   0 0   1 1   2 2   3 3
31 34 4   0 0   1 1   2 2   3 3
31 50 4   0 0   1 1   2 2   3 3
31 42 4   0 0   1 1   2 2   3 3
32 56 4   0 0   1 1   2 2   3 3
33 59 4   0 0   1 1   2 2   3 3
33 47 4   0 0   1 1   2 2   3 3
34 50 4   0 0   1 1   2 2   3 3
35 58 4   0 0   1 1   2 2   3 3
36 44 4   0 0   1 1   2 2   3 3
37 50 4   0 0   1 1   2 2   3 3
37 41 4   0 0   1 1   2 2   3 3
38 55 4   0 0   1 1   2 2   3 3
38 40 4   0 0   1 1   2 2   3 3
39 49 4   0 0   1 1   2 2   3 3
39 52 4   0 0   1 1   2 2   3 3
39 42 4   0 0   1 1   2 2   3 3
40 53 4   0 0   1 1   2 2   3 3
40 55 4   0 0   1 1   2 2   3 3
41 50 4   0 0   1 1   2 2   3 3
42 49 4   0 0   1 1   2 2   3 3
43 48 4   0 0   1 1   2 2   3 3
44 51 4   0 0   1 1   2 2   3 3
45 53 4   0 0   1 1   2 2   3 3
45 59 4   0 0   1 1   2 2   3 3
45 46 4   0 0   1 1   2 2   3 3
45 47 4   0 0   1 1   2 2   3 3
46 53 4   0 0   1 1   2 2   3 3
46 47 4   0 0   1 1   2 2   3 3
47 59 4   0 0   1 1   2 2   3 3
51 58 4   0 0   1 1   2 2   3 3
54 57 4   0 0   1 1   2 2   3 3
54 60 4   0 0   1 1   2 2   3 3
56 57 4   0 0   1 1   2 2   3 3
56 60 4   0 0   1 1   2 2   3 3
57 60 4   0 0   1 1   2 2   3 3
