32 32
2 2 2 2 2 2 2 4 4 4 4 4 4 4 4 4 4 4 4 4 4 4 4 4 4 4 4 4 7 7 7 7 
2 2 2 2 2 2 2 2 4 4 4 4 4 4 4 4 4 4 4 4 4 4 4 4 4 4 4 4 4 4 7 7 
2 2 2 2 2 2 2 2 4 4 4 4 4 4 4 4 4 4 4 4 4 4 4 4 4 4 4 4 4 4 7 7 
2 2 2 2 2 2 2 2 2 4 4 4 4 4 4 4 4 4 4 4 4 4 4 4 4 4 4 4 4 4 4 7 
2 2 2 2 2 2 2 2 4 4 4 4 4 4 4 4 4 4 4 5 5 4 4 4 4 4 4 4 4 4 7 7 
2 2 2 2 2 2 2 2 4 4 4 4 4 4 4 4 4 4 4 5 5 5 4 4 4 4 4 4 4 5 7 7 
2 2 2 2 2 2 2 2 4 4 4 4 4 4 4 4 4 4 5 5 5 5 5 4 4 4 4 5 5 5 7 7 
2 2 2 2 2 2 1 1 1 4 4 4 4 4 4 4 4 5 5 5 5 5 5 5 4 4 4 4 5 5 7 7 
2 2 2 2 2 2 1 1 1 4 4 4 4 4 4 5 5 5 5 5 5 5 5 5 5 5 5 5 5 5 5 7 
2 2 2 2 2 1 1 1 1 1 1 4 4 5 4 5 5 5 5 5 5 5 5 5 5 5 5 5 5 5 5 7 
2 2 2 2 1 1 1 1 1 1 1 4 4 5 5 5 5 5 5 5 5 5 5 5 5 5 5 5 5 5 5 7 
1 1 1 1 1 1 1 1 1 1 1 1 5 5 5 5 5 5 5 5 5 5 5 5 5 5 5 5 5 7 7 7 
1 1 1 1 1 1 1 1 1 1 1 1 5 5 5 5 5 5 5 5 5 5 5 5 5 5 5 5 5 7 7 7 
1 1 1 1 1 1 1 1 1 1 1 1 5 5 5 5 5 5 5 5 5 5 5 5 5 5 7 7 7 7 7 7 
1 1 1 1 1 1 1 1 1 1 1 1 1 5 5 5 5 5 5 5 5 5 5 7 7 7 7 7 7 7 7 7 
1 1 1 1 1 1 1 1 1 1 1 1 1 5 5 5 5 5 5 5 5 5 5 5 7 7 7 7 7 7 7 7 
3 1 1 1 1 1 1 1 1 1 1 1 5 5 7 7 7 7 5 5 5 5 5 5 7 7 7 7 7 7 7 7 
3 3 3 3 3 3 3 1 1 1 1 7 5 7 7 7 7 7 7 7 7 7 7 7 7 6 6 7 7 7 7 7 
3 3 3 3 3 3 3 3 3 7 7 7 7 7 7 7 7 7 7 7 7 7 7 7 7 6 6 6 6 7 7 7 
3 3 3 3 3 3 3 3 3 3 7 7 7 7 7 7 7 7 7 7 7 7 7 6 6 6 6 6 6 6 7 7 
3 3 3 3 3 3 3 3 3 3 7 7 7 7 7 7 7 7 7 7 7 7 7 6 6 6 6 6 6 6 6 6 
3 3 3 3 3 3 3 3 3 7 7 7 7 7 7 7 7 7 7 7 7 7 6 6 6 6 6 6 6 6 6 6 
3 3 3 3 3 3 3 3 7 7 7 7 7 7 7 7 7 7 7 7 7 6 6 6 6 6 6 6 6 6 6 6 
3 3 3 3 3 3 3 3 7 7 7 8 8 7 7 7 7 7 6 6 6 6 6 6 6 6 6 6 6 6 6 6 
3 3 3 3 3 3 3 3 7 7 8 8 8 8 8 8 7 6 6 6 6 6 6 6 6 6 6 6 6 6 6 6 
3 3 3 3 3 3 3 3 8 8 8 8 8 8 8 8 8 8 6 6 6 6 6 6 6 6 6 6 6 6 6 6 
3 3 3 3 3 3 3 3 8 8 8 8 8 8 8 8 8 8 6 6 6 6 6 6 6 6 6 6 6 6 6 6 
3 3 3 3 3 3 3 8 8 8 8 8 8 8 8 8 8 8 6 6 6 6 6 6 6 6 6 6 6 6 6 6 
3 3 3 3 3 3 3 8 8 8 8 8 8 8 8 8 8 8 8 6 8 6 6 6 6 6 6 6 6 6 6 6 
3 3 3 3 8 8 8 8 8 8 8 8 8 8 8 8 8 8 8 8 8 6 6 6 6 6 6 6 6 6 6 6 
3 3 8 8 8 8 8 8 8 8 8 8 8 8 8 8 8 8 8 8 8 6 6 6 6 6 6 6 6 6 6 6 
3 3 8 8 8 8 8 8 8 8 8 8 8 8 8 8 8 8 8 8 8 8 8 6 6 6 6 6 6 6 6 6 
