103
1 3
2 2
3 3
4 2
5 0
6 1
7 0
8 1
9 3
10 2
11 3
12 3
13 0
14 1
15 1
16 3
17 3
18 1
19 3
20 1
21 2
22 3
23 1
24 2
25 2
26 3
27 2
28 0
29 2
30 1
31 0
32 1
33 2
34 3
35 0
36 1
37 3
38 1
39 1
40 1
41 2
42 3
43 2
44 2
45 1
46 0
47 0
48 1
49 0
50 3
51 2
52 0
53 1
54 2
55 0
56 2
57 0
58 1
59 0
60 3
61 1
62 3
63 1
64 0
65 0
66 0
67 3
68 3
69 0
70 3
71 2
72 3
73 2
74 0
75 0
76 3
77 1
78 1
79 2
80 3
81 3
82 3
83 2
84 2
85 2
86 2
87 2
88 1
89 0
90 2
91 1
92 2
93 0
94 0
95 2
96 0
97 0
98 1
99 3
100 0
101 0
102 1
103 1
