104
1 1
2 1
3 3
4 1
5 2
6 3
7 2
8 3
9 2
10 0
11 2
12 1
13 2
14 2
15 2
16 1
17 0
18 3
19 1
20 0
21 3
22 2
23 0
24 0
25 2
26 3
27 0
28 3
29 1
30 2
31 3
32 1
33 3
34 3
35 0
36 2
37 1
38 1
39 2
40 0
41 1
42 1
43 0
44 2
45 3
46 0
47 0
48 2
49 3
50 1
51 0
52 0
53 0
54 3
55 3
56 2
57 3
58 3
59 2
60 2
61 3
62 0
63 3
64 2
65 2
66 3
67 0
68 0
69 3
70 3
71 3
72 2
73 3
74 2
75 1
76 0
77 1
78 0
79 1
80 1
81 1
82 2
83 1
84 2
85 0
86 1
87 1
88 0
89 3
90 3
91 2
92 2
93 1
94 0
95 0
96 1
97 2
98 1
99 2
100 0
101 3
102 1
103 3
104 1
