108
1 4 0 1 2 3
2 4 0 1 2 3
3 4 0 1 2 3
4 4 0 1 2 3
5 4 0 1 2 3
6 4 0 1 2 3
7 4 0 1 2 3
8 4 0 1 2 3
9 4 0 1 2 3
10 4 0 1 2 3
11 4 0 1 2 3
12 4 0 1 2 3
13 4 0 1 2 3
14 4 0 1 2 3
15 4 0 1 2 3
16 4 0 1 2 3
17 4 0 1 2 3
18 4 0 1 2 3
19 4 0 1 2 3
20 4 0 1 2 3
21 4 0 1 2 3
22 4 0 1 2 3
23 4 0 1 2 3
24 4 0 1 2 3
25 4 0 1 2 3
26 4 0 1 2 3
27 4 0 1 2 3
28 4 0 1 2 3
29 4 0 1 2 3
30 4 0 1 2 3
31 4 0 1 2 3
32 4 0 1 2 3
33 4 0 1 2 3
34 4 0 1 2 3
35 4 0 1 2 3
36 4 0 1 2 3
37 4 0 1 2 3
38 4 0 1 2 3
39 4 0 1 2 3
40 4 0 1 2 3
41 4 0 1 2 3
42 4 0 1 2 3
43 4 0 1 2 3
44 4 0 1 2 3
45 4 0 1 2 3
46 4 0 1 2 3
47 4 0 1 2 3
48 4 0 1 2 3
49 4 0 1 2 3
50 4 0 1 2 3
51 4 0 1 2 3
52 4 0 1 2 3
53 4 0 1 2 3
54 4 0 1 2 3
55 4 0 1 2 3
56 4 0 1 2 3
57 4 0 1 2 3
58 4 0 1 2 3
59 4 0 1 2 3
60 4 0 1 2 3
61 4 0 1 2 3
62 4 0 1 2 3
63 4 0 1 2 3
64 4 0 1 2 3
65 4 0 1 2 3
66 4 0 1 2 3
67 4 0 1 2 3
68 4 0 1 2 3
69 4 0 1 2 3
70 4 0 1 2 3
71 4 0 1 2 3
72 4 0 1 2 3
73 4 0 1 2 3
74 4 0 1 2 3
75 4 0 1 2 3
76 4 0 1 2 3
77 4 0 1 2 3
78 4 0 1 2 3
79 4 0 1 2 3
80 4 0 1 2 3
81 4 0 1 2 3
82 4 0 1 2 3
83 4 0 1 2 3
84 4 0 1 2 3
85 4 0 1 2 3
86 4 0 1 2 3
87 4 0 1 2 3
88 4 0 1 2 3
89 4 0 1 2 3
90 4 0 1 2 3
91 4 0 1 2 3
92 4 0 1 2 3
93 4 0 1 2 3
94 4 0 1 2 3
95 4 0 1 2 3
96 4 0 1 2 3
97 4 0 1 2 3
98 4 0 1 2 3
99 4 0 1 2 3
100 4 0 1 2 3
101 4 0 1 2 3
102 4 0 1 2 3
103 4 0 1 2 3
104 4 0 1 2 3
105 4 0 1 2 3
106 4 0 1 2 3
107 4 0 1 2 3
108 4 0 1 2 3
287
1 37 4   0 0   1 1   2 2   3 3
1 102 4   0 0   1 1   2 2   3 3
1 72 4   0 0   1 1   2 2   3 3
1 8 4   0 0   1 1   2 2   3 3
1 63 4   0 0   1 1   2 2   3 3
2 3 4   0 0   1 1   2 2   3 3
2 22 4   0 0   1 1   2 2   3 3
2 70 4   0 0   1 1   2 2   3 3
2 88 4   0 0   1 1   2 2   3 3
2 12 4   0 0   1 1   2 2   3 3
2 79 4   0 0   1 1   2 2   3 3
3 22 4   0 0   1 1   2 2   3 3
3 70 4   0 0   1 1   2 2   3 3
3 27 4   0 0   1 1   2 2   3 3
3 45 4   0 0   1 1   2 2   3 3
4 49 4   0 0   1 1   2 2   3 3
4 86 4   0 0   1 1   2 2   3 3
4 71 4   0 0   1 1   2 2   3 3
5 85 4   0 0   1 1   2 2   3 3
5 29 4   0 0   1 1   2 2   3 3
6 98 4   0 0   1 1   2 2   3 3
6 68 4   0 0   1 1   2 2   3 3
6 24 4   0 0   1 1   2 2   3 3
6 104 4   0 0   1 1   2 2   3 3
6 60 4   0 0   1 1   2 2   3 3
7 35 4   0 0   1 1   2 2   3 3
7 84 4   0 0   1 1   2 2   3 3
7 101 4   0 0   1 1   2 2   3 3
7 106 4   0 0   1 1   2 2   3 3
7 90 4   0 0   1 1   2 2   3 3
7 31 4   0 0   1 1   2 2   3 3
8 37 4   0 0   1 1   2 2   3 3
8 72 4   0 0   1 1   2 2   3 3
8 40 4   0 0   1 1   2 2   3 3
8 56 4   0 0   1 1   2 2   3 3
8 89 4   0 0   1 1   2 2   3 3
8 74 4   0 0   1 1   2 2   3 3
9 64 4   0 0   1 1   2 2   3 3
9 81 4   0 0   1 1   2 2   3 3
9 36 4   0 0   1 1   2 2   3 3
9 71 4   0 0   1 1   2 2   3 3
9 88 4   0 0   1 1   2 2   3 3
9 12 4   0 0   1 1   2 2   3 3
10 97 4   0 0   1 1   2 2   3 3
10 50 4   0 0   1 1   2 2   3 3
10 25 4   0 0   1 1   2 2   3 3
10 47 4   0 0   1 1   2 2   3 3
11 83 4   0 0   1 1   2 2   3 3
11 67 4   0 0   1 1   2 2   3 3
11 100 4   0 0   1 1   2 2   3 3
11 52 4   0 0   1 1   2 2   3 3
11 38 4   0 0   1 1   2 2   3 3
11 41 4   0 0   1 1   2 2   3 3
11 59 4   0 0   1 1   2 2   3 3
12 81 4   0 0   1 1   2 2   3 3
12 70 4   0 0   1 1   2 2   3 3
12 39 4   0 0   1 1   2 2   3 3
12 88 4   0 0   1 1   2 2   3 3
12 77 4   0 0   1 1   2 2   3 3
12 15 4   0 0   1 1   2 2   3 3
13 66 4   0 0   1 1   2 2   3 3
13 20 4   0 0   1 1   2 2   3 3
13 76 4   0 0   1 1   2 2   3 3
13 93 4   0 0   1 1   2 2   3 3
14 28 4   0 0   1 1   2 2   3 3
14 93 4   0 0   1 1   2 2   3 3
15 81 4   0 0   1 1   2 2   3 3
15 77 4   0 0   1 1   2 2   3 3
15 46 4   0 0   1 1   2 2   3 3
16 96 4   0 0   1 1   2 2   3 3
16 84 4   0 0   1 1   2 2   3 3
16 71 4   0 0   1 1   2 2   3 3
16 106 4   0 0   1 1   2 2   3 3
17 69 4   0 0   1 1   2 2   3 3
17 37 4   0 0   1 1   2 2   3 3
17 56 4   0 0   1 1   2 2   3 3
17 30 4   0 0   1 1   2 2   3 3
17 63 4   0 0   1 1   2 2   3 3
17 95 4   0 0   1 1   2 2   3 3
18 101 4   0 0   1 1   2 2   3 3
18 90 4   0 0   1 1   2 2   3 3
19 66 4   0 0   1 1   2 2   3 3
19 20 4   0 0   1 1   2 2   3 3
19 69 4   0 0   1 1   2 2   3 3
19 45 4   0 0   1 1   2 2   3 3
19 95 4   0 0   1 1   2 2   3 3
20 66 4   0 0   1 1   2 2   3 3
20 69 4   0 0   1 1   2 2   3 3
21 50 4   0 0   1 1   2 2   3 3
21 53 4   0 0   1 1   2 2   3 3
21 85 4   0 0   1 1   2 2   3 3
21 58 4   0 0   1 1   2 2   3 3
21 43 4   0 0   1 1   2 2   3 3
21 29 4   0 0   1 1   2 2   3 3
21 47 4   0 0   1 1   2 2   3 3
22 42 4   0 0   1 1   2 2   3 3
22 27 4   0 0   1 1   2 2   3 3
22 61 4   0 0   1 1   2 2   3 3
22 45 4   0 0   1 1   2 2   3 3
22 79 4   0 0   1 1   2 2   3 3
22 63 4   0 0   1 1   2 2   3 3
22 95 4   0 0   1 1   2 2   3 3
23 80 4   0 0   1 1   2 2   3 3
23 87 4   0 0   1 1   2 2   3 3
23 108 4   0 0   1 1   2 2   3 3
23 44 4   0 0   1 1   2 2   3 3
24 33 4   0 0   1 1   2 2   3 3
24 65 4   0 0   1 1   2 2   3 3
24 98 4   0 0   1 1   2 2   3 3
24 73 4   0 0   1 1   2 2   3 3
24 57 4   0 0   1 1   2 2   3 3
24 26 4   0 0   1 1   2 2   3 3
24 60 4   0 0   1 1   2 2   3 3
25 97 4   0 0   1 1   2 2   3 3
25 50 4   0 0   1 1   2 2   3 3
25 51 4   0 0   1 1   2 2   3 3
25 43 4   0 0   1 1   2 2   3 3
26 65 4   0 0   1 1   2 2   3 3
26 57 4   0 0   1 1   2 2   3 3
26 28 4   0 0   1 1   2 2   3 3
27 45 4   0 0   1 1   2 2   3 3
28 57 4   0 0   1 1   2 2   3 3
28 93 4   0 0   1 1   2 2   3 3
29 85 4   0 0   1 1   2 2   3 3
29 71 4   0 0   1 1   2 2   3 3
29 108 4   0 0   1 1   2 2   3 3
29 44 4   0 0   1 1   2 2   3 3
29 47 4   0 0   1 1   2 2   3 3
30 99 4   0 0   1 1   2 2   3 3
30 69 4   0 0   1 1   2 2   3 3
30 56 4   0 0   1 1   2 2   3 3
30 74 4   0 0   1 1   2 2   3 3
31 84 4   0 0   1 1   2 2   3 3
31 101 4   0 0   1 1   2 2   3 3
31 55 4   0 0   1 1   2 2   3 3
32 96 4   0 0   1 1   2 2   3 3
32 105 4   0 0   1 1   2 2   3 3
32 106 4   0 0   1 1   2 2   3 3
33 98 4   0 0   1 1   2 2   3 3
33 73 4   0 0   1 1   2 2   3 3
34 36 4   0 0   1 1   2 2   3 3
34 71 4   0 0   1 1   2 2   3 3
34 55 4   0 0   1 1   2 2   3 3
34 77 4   0 0   1 1   2 2   3 3
34 62 4   0 0   1 1   2 2   3 3
35 100 4   0 0   1 1   2 2   3 3
35 105 4   0 0   1 1   2 2   3 3
35 106 4   0 0   1 1   2 2   3 3
35 90 4   0 0   1 1   2 2   3 3
35 59 4   0 0   1 1   2 2   3 3
36 81 4   0 0   1 1   2 2   3 3
36 71 4   0 0   1 1   2 2   3 3
36 62 4   0 0   1 1   2 2   3 3
36 46 4   0 0   1 1   2 2   3 3
37 56 4   0 0   1 1   2 2   3 3
37 63 4   0 0   1 1   2 2   3 3
38 41 4   0 0   1 1   2 2   3 3
38 59 4   0 0   1 1   2 2   3 3
39 98 4   0 0   1 1   2 2   3 3
39 52 4   0 0   1 1   2 2   3 3
39 70 4   0 0   1 1   2 2   3 3
39 104 4   0 0   1 1   2 2   3 3
39 77 4   0 0   1 1   2 2   3 3
40 51 4   0 0   1 1   2 2   3 3
40 72 4   0 0   1 1   2 2   3 3
40 89 4   0 0   1 1   2 2   3 3
41 100 4   0 0   1 1   2 2   3 3
41 59 4   0 0   1 1   2 2   3 3
42 92 4   0 0   1 1   2 2   3 3
42 61 4   0 0   1 1   2 2   3 3
42 63 4   0 0   1 1   2 2   3 3
43 50 4   0 0   1 1   2 2   3 3
43 51 4   0 0   1 1   2 2   3 3
43 72 4   0 0   1 1   2 2   3 3
43 58 4   0 0   1 1   2 2   3 3
44 49 4   0 0   1 1   2 2   3 3
44 87 4   0 0   1 1   2 2   3 3
44 71 4   0 0   1 1   2 2   3 3
44 108 4   0 0   1 1   2 2   3 3
45 66 4   0 0   1 1   2 2   3 3
45 98 4   0 0   1 1   2 2   3 3
45 70 4   0 0   1 1   2 2   3 3
45 95 4   0 0   1 1   2 2   3 3
46 81 4   0 0   1 1   2 2   3 3
46 54 4   0 0   1 1   2 2   3 3
46 77 4   0 0   1 1   2 2   3 3
46 62 4   0 0   1 1   2 2   3 3
47 80 4   0 0   1 1   2 2   3 3
47 97 4   0 0   1 1   2 2   3 3
47 50 4   0 0   1 1   2 2   3 3
47 108 4   0 0   1 1   2 2   3 3
48 82 4   0 0   1 1   2 2   3 3
48 99 4   0 0   1 1   2 2   3 3
48 89 4   0 0   1 1   2 2   3 3
48 74 4   0 0   1 1   2 2   3 3
49 80 4   0 0   1 1   2 2   3 3
49 97 4   0 0   1 1   2 2   3 3
49 86 4   0 0   1 1   2 2   3 3
49 87 4   0 0   1 1   2 2   3 3
49 103 4   0 0   1 1   2 2   3 3
49 71 4   0 0   1 1   2 2   3 3
49 94 4   0 0   1 1   2 2   3 3
51 72 4   0 0   1 1   2 2   3 3
51 89 4   0 0   1 1   2 2   3 3
52 83 4   0 0   1 1   2 2   3 3
52 67 4   0 0   1 1   2 2   3 3
52 101 4   0 0   1 1   2 2   3 3
52 104 4   0 0   1 1   2 2   3 3
52 90 4   0 0   1 1   2 2   3 3
52 77 4   0 0   1 1   2 2   3 3
53 64 4   0 0   1 1   2 2   3 3
53 85 4   0 0   1 1   2 2   3 3
53 102 4   0 0   1 1   2 2   3 3
53 58 4   0 0   1 1   2 2   3 3
53 92 4   0 0   1 1   2 2   3 3
54 77 4   0 0   1 1   2 2   3 3
54 62 4   0 0   1 1   2 2   3 3
55 84 4   0 0   1 1   2 2   3 3
55 101 4   0 0   1 1   2 2   3 3
55 71 4   0 0   1 1   2 2   3 3
55 77 4   0 0   1 1   2 2   3 3
56 74 4   0 0   1 1   2 2   3 3
57 73 4   0 0   1 1   2 2   3 3
57 76 4   0 0   1 1   2 2   3 3
57 93 4   0 0   1 1   2 2   3 3
58 102 4   0 0   1 1   2 2   3 3
58 72 4   0 0   1 1   2 2   3 3
59 100 4   0 0   1 1   2 2   3 3
60 65 4   0 0   1 1   2 2   3 3
60 68 4   0 0   1 1   2 2   3 3
61 91 4   0 0   1 1   2 2   3 3
61 92 4   0 0   1 1   2 2   3 3
61 79 4   0 0   1 1   2 2   3 3
62 77 4   0 0   1 1   2 2   3 3
63 102 4   0 0   1 1   2 2   3 3
63 92 4   0 0   1 1   2 2   3 3
63 95 4   0 0   1 1   2 2   3 3
64 85 4   0 0   1 1   2 2   3 3
64 71 4   0 0   1 1   2 2   3 3
64 88 4   0 0   1 1   2 2   3 3
64 92 4   0 0   1 1   2 2   3 3
64 79 4   0 0   1 1   2 2   3 3
66 98 4   0 0   1 1   2 2   3 3
66 76 4   0 0   1 1   2 2   3 3
68 104 4   0 0   1 1   2 2   3 3
69 95 4   0 0   1 1   2 2   3 3
70 98 4   0 0   1 1   2 2   3 3
71 96 4   0 0   1 1   2 2   3 3
71 84 4   0 0   1 1   2 2   3 3
71 85 4   0 0   1 1   2 2   3 3
71 86 4   0 0   1 1   2 2   3 3
72 102 4   0 0   1 1   2 2   3 3
73 98 4   0 0   1 1   2 2   3 3
73 75 4   0 0   1 1   2 2   3 3
73 76 4   0 0   1 1   2 2   3 3
74 99 4   0 0   1 1   2 2   3 3
74 89 4   0 0   1 1   2 2   3 3
75 98 4   0 0   1 1   2 2   3 3
75 76 4   0 0   1 1   2 2   3 3
76 98 4   0 0   1 1   2 2   3 3
76 93 4   0 0   1 1   2 2   3 3
77 101 4   0 0   1 1   2 2   3 3
78 94 4   0 0   1 1   2 2   3 3
79 88 4   0 0   1 1   2 2   3 3
79 91 4   0 0   1 1   2 2   3 3
79 92 4   0 0   1 1   2 2   3 3
80 97 4   0 0   1 1   2 2   3 3
80 87 4   0 0   1 1   2 2   3 3
80 108 4   0 0   1 1   2 2   3 3
82 89 4   0 0   1 1   2 2   3 3
83 100 4   0 0   1 1   2 2   3 3
83 90 4   0 0   1 1   2 2   3 3
84 106 4   0 0   1 1   2 2   3 3
86 96 4   0 0   1 1   2 2   3 3
86 103 4   0 0   1 1   2 2   3 3
86 107 4   0 0   1 1   2 2   3 3
90 100 4   0 0   1 1   2 2   3 3
90 101 4   0 0   1 1   2 2   3 3
91 92 4   0 0   1 1   2 2   3 3
92 102 4   0 0   1 1   2 2   3 3
94 97 4   0 0   1 1   2 2   3 3
94 103 4   0 0   1 1   2 2   3 3
94 107 4   0 0   1 1   2 2   3 3
96 106 4   0 0   1 1   2 2   3 3
98 104 4   0 0   1 1   2 2   3 3
103 107 4   0 0   1 1   2 2   3 3
105 106 4   0 0   1 1   2 2   3 3
