40 40
 7  7  7  7  7  7  7  2  2  2  2  2  2  2  2  2  2  2  2  2  2  2  2  2  2  2  2  2  2  2  2  2  2  2  2  2  2  2  2  2 
 7  7  7  7  7  7  7  2  2  2  2  2  2  2  2  2  2  2  2  2  2  2  2  2  2  2  2  2  2  2  2  2  2  2  2  2  2  2  2  8 
 7  7  7  7  7  7  7  2  2  2  2  2  2  2  2  2  2  2  2  2  2  2  2  2  2  2  2  2  2  2  2  2  2  2  2  8  8  8  8  8 
 7  7  7  7  7  7  7  7  7  2  2  2  2  2  2  2  2  2  2  2  2  2  2  2  2  2  2  2  2  2  2  2  6  2  2  2  8  8  8  8 
 7  7  7  7  7  7  7  7  7  2  2  2  2  2  2  2  2  2  2  2  2  2  2  2  2  2  2  2  2  2  2  6  6  2  6  6  8  8  8  8 
 7  7  7  7  7  7  7  7  7  2  2  2  2  2  2  2  2  2  4  2  2  4  2  2  2  2  2  2  2  2  2  6  6  6  6  6  8  8  8  8 
 7  7  7  7  7  7  7  7  5  5  5  5  5  2  2  2  2  2  4  4  4  4  4  2  4  4  4  4  4  6  6  6  6  6  8  8  8  8  8  8 
 7  7  7  7  7  7  7  7  5  5  5  5  5  5  5  5  2  4  4  4  4  4  4  4  4  4  4  6  6  6  6  6  6  8  8  8  8  8  8  8 
 7  7  7  7  7  7  7  7  5  5  5  5  5  5  5  5  5  4  4  4  4  4  4  4  4  4  4  6  6  6  6  6  6  8  8  8  8  8  8  8 
 7  7  7  7  7  7  7  5  5  5  5  5  5  5  5  5  5  5  4  4  4  4  4  4  4  4  4  6  6  6  6  6  6  8  8  8  8  8  8  8 
 7  7  7  7  7  7  7  5  5  5  5  5  5  5  5  5  5  4  4  4  4  4  4  4  4  4  4  4  6  6  6  6  6  8  8  8  8  8  8  8 
 7  7  7  7  7  7  5  5  5  5  5  5  5  5  5  5  4  4  4  4  4  4  4  4  4  4  4  4  6  6  6  6  6  8  8  8  8  8  8  8 
 7  7  7  7  7  7  5  5  5  5  5  5  5  5  5  4  4  4  4  4  4  4  4  4  4  4  6  6  6  6  6  6  6  8  8  8  8  8  8  8 
 7  7  7  7  7  5  5  5  5  5  5  5  5  5  4  4  4  4  4  4  4  4  4  4  4  4  6  6  6  6  6  6  6  6  6  8  8  8  8  8 
 7  7  7  7  7  5  5  5  5  5  5  5  5  5  5  4  4  4  4  4  4  4  4  4  6  6  6  6  6  6  6  6  6  6  6  8  8  8  8  8 
 7  7  7  7  7  7  5  5  5  5  5  5  5  5  5  4  4  4  4  4  4  4  4  4  6  6  6  6  6  6  6  6  6  6  1  8  8  8  8  8 
 7  7  7  7  7  7  5  5  5  5  5  5  5  5  5  4  4  4  4  4  4  4  4  6  6  6  6  6  6  6  6  6  6  6  1  1  1  1  8  8 
 7  7  7  7  7  5  5  5  5  5  5  5  5  5  5  4  4  4  4  4  4  4  4  6  6  6  6  6  6  6  6  6  6  6  6  6  6  1  8  8 
 7  7  7  7  5  5  5  5  5  5  5  5  5  5  5  4  4  4  4  4  4  4  4  6  6  6  6  6  6  6  6  6  6  6  6  1  1  1  8  8 
 7  7  7  7  7  5  5  5  5  5  5  5  5  5  5  5  4  4  4  4  4  4  4  6  6  6  6  6  6  6  6  6  6  6  1  1  1  1  1  8 
 7  7  7  7  7  5  5  5  5  5  5  5  5  4  4  4  4  4 10  4 10 10 10  6  6  6  6  6  6  6  6  6  6  6  1  1  1  1  1  8 
 7  7  7  7  7  7  7  5  5  5  5  5  5  5  4  4  4 10 10 10 10 10 10 10  6  6  6  6  6  6  6  6  6  6  1  1  1  1  1  8 
 7  7  7  7  7  7  5  5  5  5  5  5  5  5  4  4 10 10 10 10 10 10 10 10  6  6  6  6  6  6  6  1  1  1  1  1  1  1  8  8 
 7  7  7  7  7  5  5  5  5  5  5  3  5  3 10 10 10 10 10 10 10 10 10 10  6  6 10 10 10 10  6  1  1  1  1  1  1  8  8  8 
 7  7  7  7  7  5  5  5  5  5  5  3  3  3  3  3 10 10 10 10 10 10 10 10 10 10 10 10 10 10  6  1  1  1  1  1  1  8  8  8 
 7  7  7  7  3  3  3  3  3  3  3  3  3  3  3  3 10 10 10 10 10 10 10 10 10 10 10 10 10 10 10  1  1  1  1  1  1  8  8  8 
 7  7  7  7  3  3  3  9  3  3  3  3  3  3  3  3 10 10 10 10 10 10 10 10 10 10 10 10 10 10 10  1  1  1  1  1  1  8  8  8 
 7  7  7  3  3  3  3  9  3  3  3  3  3  3  3  3 10 10 10 10 10 10 10 10 10 10 10 10 10 10 10  1  1  1  1  1  1  1  8  8 
 7  7  3  3  9  9  9  9  9  9  3  3  3  3  3  3 10 10 10 10 10 10 10 10 10 10 10 10 10 10 10  1  1  1  1  1  1  1  8  8 
 7  7  3  3  9  9  9  9  9  9  3  9  3  3  3  3  3 10 10 10 10 10 10 10 10 10 10 10 10 10 10  1  1  1  1  1  1  1  8  8 
 7  3  3  9  9  9  9  9  9  9  9  9  9  9  3  3  3  3 10 10 10 10 10 10 10 10 10 10 10 10  3  3  3  1  1  1  1  1  8  8 
 7  3  9  9  9  9  9  9  9  9  9  9  9  9  9  9  3  3  3 10 10 10 10 10 10 10 10 10 10 10  3  3  1  1  1  1  1  1  8  8 
 7  3  3  9  9  9  9  9  9  9  9  9  9  9  9  9  9  9  3  3  3  3  3  3 10 10  3  3  3  3  3  3  3  1  1  1  1  1  1  8 
 7  9  9  9  9  9  9  9  9  9  9  9  9  9  9  9  9  9  3  3  3  3  3  3  3 10  3  3  3  3  3  3  3  3  8  8  1  8  8  8 
 9  9  9  9  9  9  9  9  9  9  9  9  9  9  9  9  9  9  9  3  3  3  3  3  3  3  3  3  3  3  3  3  3  8  8  8  8  8  8  8 
 9  9  9  9  9  9  9  9  9  9  9  9  9  9  9  9  9  9  3  3  3  3  3  3  3  3  3  3  3  3  3  3  8  8  8  8  8  8  8  8 
 9  9  9  9  9  9  9  9  9  9  9  9  9  9  9  9  9  9  9  3  3  3  3  3  3  3  3  3  3  3  3  3  8  8  8  8  8  8  8  8 
 9  9  9  9  9  9  9  9  9  9  9  9  9  9  9  9  9  9  3  3  3  3  3  3  3  3  3  3  3  3  3  3  8  8  8  8  8  8  8  8 
 9  9  9  9  9  9  9  9  9  9  9  9  9  9  9  9  9  9  9  9  3  3  3  3  3  3  3  3  3  3  3  3  8  8  8  8  8  8  8  8 
 9  9  9  9  9  9  9  9  9  9  9  9  9  9  9  9  9  9  9  3  3  3  3  3  3  3  3  3  3  3  3  8  8  8  8  8  8  8  8  8 
