10
1 4 0 1 2 3
2 4 0 1 2 3
3 4 0 1 2 3
4 4 0 1 2 3
5 4 0 1 2 3
6 4 0 1 2 3
7 4 0 1 2 3
8 4 0 1 2 3
9 4 0 1 2 3
10 4 0 1 2 3
21
1 3 4   0 0   1 1   2 2   3 3
1 6 4   0 0   1 1   2 2   3 3
1 8 4   0 0   1 1   2 2   3 3
1 10 4   0 0   1 1   2 2   3 3
2 4 4   0 0   1 1   2 2   3 3
2 5 4   0 0   1 1   2 2   3 3
2 6 4   0 0   1 1   2 2   3 3
2 7 4   0 0   1 1   2 2   3 3
2 8 4   0 0   1 1   2 2   3 3
3 5 4   0 0   1 1   2 2   3 3
3 7 4   0 0   1 1   2 2   3 3
3 8 4   0 0   1 1   2 2   3 3
3 9 4   0 0   1 1   2 2   3 3
3 10 4   0 0   1 1   2 2   3 3
4 5 4   0 0   1 1   2 2   3 3
4 6 4   0 0   1 1   2 2   3 3
4 10 4   0 0   1 1   2 2   3 3
5 7 4   0 0   1 1   2 2   3 3
6 8 4   0 0   1 1   2 2   3 3
6 10 4   0 0   1 1   2 2   3 3
7 9 4   0 0   1 1   2 2   3 3
