110
1 3
2 1
3 3
4 3
5 2
6 3
7 2
8 1
9 2
10 3
11 1
12 1
13 2
14 0
15 0
16 1
17 0
18 0
19 2
20 1
21 3
22 1
23 2
24 0
25 2
26 0
27 1
28 3
29 3
30 3
31 2
32 0
33 3
34 3
35 1
36 0
37 2
38 2
39 3
40 0
41 3
42 2
43 0
44 1
45 1
46 2
47 0
48 0
49 0
50 1
51 0
52 3
53 2
54 1
55 2
56 2
57 0
58 2
59 0
60 1
61 0
62 2
63 0
64 1
65 3
66 2
67 1
68 1
69 1
70 3
71 0
72 2
73 3
74 1
75 0
76 3
77 0
78 2
79 0
80 0
81 2
82 1
83 0
84 3
85 1
86 3
87 1
88 3
89 3
90 1
91 1
92 1
93 3
94 0
95 2
96 0
97 3
98 0
99 1
100 2
101 1
102 1
103 1
104 2
105 1
106 1
107 3
108 0
109 2
110 0
