111
1 4 0 1 2 3
2 4 0 1 2 3
3 4 0 1 2 3
4 4 0 1 2 3
5 4 0 1 2 3
6 4 0 1 2 3
7 4 0 1 2 3
8 4 0 1 2 3
9 4 0 1 2 3
10 4 0 1 2 3
11 4 0 1 2 3
12 4 0 1 2 3
13 4 0 1 2 3
14 4 0 1 2 3
15 4 0 1 2 3
16 4 0 1 2 3
17 4 0 1 2 3
18 4 0 1 2 3
19 4 0 1 2 3
20 4 0 1 2 3
21 4 0 1 2 3
22 4 0 1 2 3
23 4 0 1 2 3
24 4 0 1 2 3
25 4 0 1 2 3
26 4 0 1 2 3
27 4 0 1 2 3
28 4 0 1 2 3
29 4 0 1 2 3
30 4 0 1 2 3
31 4 0 1 2 3
32 4 0 1 2 3
33 4 0 1 2 3
34 4 0 1 2 3
35 4 0 1 2 3
36 4 0 1 2 3
37 4 0 1 2 3
38 4 0 1 2 3
39 4 0 1 2 3
40 4 0 1 2 3
41 4 0 1 2 3
42 4 0 1 2 3
43 4 0 1 2 3
44 4 0 1 2 3
45 4 0 1 2 3
46 4 0 1 2 3
47 4 0 1 2 3
48 4 0 1 2 3
49 4 0 1 2 3
50 4 0 1 2 3
51 4 0 1 2 3
52 4 0 1 2 3
53 4 0 1 2 3
54 4 0 1 2 3
55 4 0 1 2 3
56 4 0 1 2 3
57 4 0 1 2 3
58 4 0 1 2 3
59 4 0 1 2 3
60 4 0 1 2 3
61 4 0 1 2 3
62 4 0 1 2 3
63 4 0 1 2 3
64 4 0 1 2 3
65 4 0 1 2 3
66 4 0 1 2 3
67 4 0 1 2 3
68 4 0 1 2 3
69 4 0 1 2 3
70 4 0 1 2 3
71 4 0 1 2 3
72 4 0 1 2 3
73 4 0 1 2 3
74 4 0 1 2 3
75 4 0 1 2 3
76 4 0 1 2 3
77 4 0 1 2 3
78 4 0 1 2 3
79 4 0 1 2 3
80 4 0 1 2 3
81 4 0 1 2 3
82 4 0 1 2 3
83 4 0 1 2 3
84 4 0 1 2 3
85 4 0 1 2 3
86 4 0 1 2 3
87 4 0 1 2 3
88 4 0 1 2 3
89 4 0 1 2 3
90 4 0 1 2 3
91 4 0 1 2 3
92 4 0 1 2 3
93 4 0 1 2 3
94 4 0 1 2 3
95 4 0 1 2 3
96 4 0 1 2 3
97 4 0 1 2 3
98 4 0 1 2 3
99 4 0 1 2 3
100 4 0 1 2 3
101 4 0 1 2 3
102 4 0 1 2 3
103 4 0 1 2 3
104 4 0 1 2 3
105 4 0 1 2 3
106 4 0 1 2 3
107 4 0 1 2 3
108 4 0 1 2 3
109 4 0 1 2 3
110 4 0 1 2 3
111 4 0 1 2 3
296
1 82 4   0 0   1 1   2 2   3 3
1 51 4   0 0   1 1   2 2   3 3
1 70 4   0 0   1 1   2 2   3 3
1 23 4   0 0   1 1   2 2   3 3
1 92 4   0 0   1 1   2 2   3 3
1 109 4   0 0   1 1   2 2   3 3
1 14 4   0 0   1 1   2 2   3 3
2 80 4   0 0   1 1   2 2   3 3
2 49 4   0 0   1 1   2 2   3 3
2 82 4   0 0   1 1   2 2   3 3
2 35 4   0 0   1 1   2 2   3 3
2 70 4   0 0   1 1   2 2   3 3
2 40 4   0 0   1 1   2 2   3 3
3 51 4   0 0   1 1   2 2   3 3
3 104 4   0 0   1 1   2 2   3 3
3 57 4   0 0   1 1   2 2   3 3
3 13 4   0 0   1 1   2 2   3 3
3 30 4   0 0   1 1   2 2   3 3
4 97 4   0 0   1 1   2 2   3 3
4 37 4   0 0   1 1   2 2   3 3
4 72 4   0 0   1 1   2 2   3 3
4 105 4   0 0   1 1   2 2   3 3
4 90 4   0 0   1 1   2 2   3 3
5 80 4   0 0   1 1   2 2   3 3
5 49 4   0 0   1 1   2 2   3 3
5 98 4   0 0   1 1   2 2   3 3
5 42 4   0 0   1 1   2 2   3 3
5 93 4   0 0   1 1   2 2   3 3
6 17 4   0 0   1 1   2 2   3 3
6 49 4   0 0   1 1   2 2   3 3
6 98 4   0 0   1 1   2 2   3 3
6 100 4   0 0   1 1   2 2   3 3
6 70 4   0 0   1 1   2 2   3 3
6 23 4   0 0   1 1   2 2   3 3
6 87 4   0 0   1 1   2 2   3 3
6 43 4   0 0   1 1   2 2   3 3
7 57 4   0 0   1 1   2 2   3 3
7 12 4   0 0   1 1   2 2   3 3
7 110 4   0 0   1 1   2 2   3 3
7 94 4   0 0   1 1   2 2   3 3
7 46 4   0 0   1 1   2 2   3 3
8 96 4   0 0   1 1   2 2   3 3
8 81 4   0 0   1 1   2 2   3 3
8 98 4   0 0   1 1   2 2   3 3
8 24 4   0 0   1 1   2 2   3 3
9 20 4   0 0   1 1   2 2   3 3
9 27 4   0 0   1 1   2 2   3 3
9 78 4   0 0   1 1   2 2   3 3
9 15 4   0 0   1 1   2 2   3 3
10 64 4   0 0   1 1   2 2   3 3
10 36 4   0 0   1 1   2 2   3 3
10 68 4   0 0   1 1   2 2   3 3
10 71 4   0 0   1 1   2 2   3 3
10 13 4   0 0   1 1   2 2   3 3
11 35 4   0 0   1 1   2 2   3 3
11 40 4   0 0   1 1   2 2   3 3
11 91 4   0 0   1 1   2 2   3 3
11 45 4   0 0   1 1   2 2   3 3
11 95 4   0 0   1 1   2 2   3 3
12 61 4   0 0   1 1   2 2   3 3
12 110 4   0 0   1 1   2 2   3 3
12 46 4   0 0   1 1   2 2   3 3
13 51 4   0 0   1 1   2 2   3 3
13 36 4   0 0   1 1   2 2   3 3
13 68 4   0 0   1 1   2 2   3 3
13 104 4   0 0   1 1   2 2   3 3
13 45 4   0 0   1 1   2 2   3 3
14 83 4   0 0   1 1   2 2   3 3
14 23 4   0 0   1 1   2 2   3 3
14 26 4   0 0   1 1   2 2   3 3
14 109 4   0 0   1 1   2 2   3 3
15 71 4   0 0   1 1   2 2   3 3
15 73 4   0 0   1 1   2 2   3 3
15 27 4   0 0   1 1   2 2   3 3
15 29 4   0 0   1 1   2 2   3 3
15 78 4   0 0   1 1   2 2   3 3
15 95 4   0 0   1 1   2 2   3 3
16 32 4   0 0   1 1   2 2   3 3
16 50 4   0 0   1 1   2 2   3 3
16 18 4   0 0   1 1   2 2   3 3
16 21 4   0 0   1 1   2 2   3 3
16 29 4   0 0   1 1   2 2   3 3
16 62 4   0 0   1 1   2 2   3 3
16 47 4   0 0   1 1   2 2   3 3
17 70 4   0 0   1 1   2 2   3 3
17 23 4   0 0   1 1   2 2   3 3
18 62 4   0 0   1 1   2 2   3 3
18 47 4   0 0   1 1   2 2   3 3
19 103 4   0 0   1 1   2 2   3 3
19 89 4   0 0   1 1   2 2   3 3
19 44 4   0 0   1 1   2 2   3 3
19 63 4   0 0   1 1   2 2   3 3
20 64 4   0 0   1 1   2 2   3 3
20 38 4   0 0   1 1   2 2   3 3
20 22 4   0 0   1 1   2 2   3 3
20 90 4   0 0   1 1   2 2   3 3
20 27 4   0 0   1 1   2 2   3 3
20 78 4   0 0   1 1   2 2   3 3
21 50 4   0 0   1 1   2 2   3 3
21 108 4   0 0   1 1   2 2   3 3
21 29 4   0 0   1 1   2 2   3 3
21 78 4   0 0   1 1   2 2   3 3
22 38 4   0 0   1 1   2 2   3 3
22 90 4   0 0   1 1   2 2   3 3
22 75 4   0 0   1 1   2 2   3 3
22 79 4   0 0   1 1   2 2   3 3
23 83 4   0 0   1 1   2 2   3 3
23 70 4   0 0   1 1   2 2   3 3
23 43 4   0 0   1 1   2 2   3 3
24 96 4   0 0   1 1   2 2   3 3
24 65 4   0 0   1 1   2 2   3 3
24 98 4   0 0   1 1   2 2   3 3
24 55 4   0 0   1 1   2 2   3 3
24 60 4   0 0   1 1   2 2   3 3
25 32 4   0 0   1 1   2 2   3 3
25 65 4   0 0   1 1   2 2   3 3
25 42 4   0 0   1 1   2 2   3 3
25 59 4   0 0   1 1   2 2   3 3
25 93 4   0 0   1 1   2 2   3 3
26 99 4   0 0   1 1   2 2   3 3
26 83 4   0 0   1 1   2 2   3 3
26 101 4   0 0   1 1   2 2   3 3
26 76 4   0 0   1 1   2 2   3 3
26 61 4   0 0   1 1   2 2   3 3
26 109 4   0 0   1 1   2 2   3 3
27 64 4   0 0   1 1   2 2   3 3
27 71 4   0 0   1 1   2 2   3 3
28 81 4   0 0   1 1   2 2   3 3
28 98 4   0 0   1 1   2 2   3 3
28 67 4   0 0   1 1   2 2   3 3
29 32 4   0 0   1 1   2 2   3 3
29 73 4   0 0   1 1   2 2   3 3
29 107 4   0 0   1 1   2 2   3 3
29 78 4   0 0   1 1   2 2   3 3
30 66 4   0 0   1 1   2 2   3 3
30 51 4   0 0   1 1   2 2   3 3
30 57 4   0 0   1 1   2 2   3 3
30 109 4   0 0   1 1   2 2   3 3
31 58 4   0 0   1 1   2 2   3 3
31 75 4   0 0   1 1   2 2   3 3
32 80 4   0 0   1 1   2 2   3 3
32 39 4   0 0   1 1   2 2   3 3
32 88 4   0 0   1 1   2 2   3 3
32 42 4   0 0   1 1   2 2   3 3
32 107 4   0 0   1 1   2 2   3 3
32 59 4   0 0   1 1   2 2   3 3
32 47 4   0 0   1 1   2 2   3 3
32 63 4   0 0   1 1   2 2   3 3
33 48 4   0 0   1 1   2 2   3 3
33 52 4   0 0   1 1   2 2   3 3
33 56 4   0 0   1 1   2 2   3 3
34 37 4   0 0   1 1   2 2   3 3
34 106 4   0 0   1 1   2 2   3 3
34 90 4   0 0   1 1   2 2   3 3
35 82 4   0 0   1 1   2 2   3 3
35 69 4   0 0   1 1   2 2   3 3
35 40 4   0 0   1 1   2 2   3 3
35 45 4   0 0   1 1   2 2   3 3
36 64 4   0 0   1 1   2 2   3 3
36 104 4   0 0   1 1   2 2   3 3
37 48 4   0 0   1 1   2 2   3 3
37 105 4   0 0   1 1   2 2   3 3
37 90 4   0 0   1 1   2 2   3 3
37 106 4   0 0   1 1   2 2   3 3
38 64 4   0 0   1 1   2 2   3 3
38 104 4   0 0   1 1   2 2   3 3
38 75 4   0 0   1 1   2 2   3 3
39 84 4   0 0   1 1   2 2   3 3
39 89 4   0 0   1 1   2 2   3 3
39 59 4   0 0   1 1   2 2   3 3
39 63 4   0 0   1 1   2 2   3 3
40 80 4   0 0   1 1   2 2   3 3
40 88 4   0 0   1 1   2 2   3 3
40 95 4   0 0   1 1   2 2   3 3
41 52 4   0 0   1 1   2 2   3 3
41 56 4   0 0   1 1   2 2   3 3
41 74 4   0 0   1 1   2 2   3 3
41 44 4   0 0   1 1   2 2   3 3
42 80 4   0 0   1 1   2 2   3 3
42 93 4   0 0   1 1   2 2   3 3
43 83 4   0 0   1 1   2 2   3 3
43 100 4   0 0   1 1   2 2   3 3
43 54 4   0 0   1 1   2 2   3 3
44 74 4   0 0   1 1   2 2   3 3
44 63 4   0 0   1 1   2 2   3 3
45 51 4   0 0   1 1   2 2   3 3
45 68 4   0 0   1 1   2 2   3 3
45 69 4   0 0   1 1   2 2   3 3
45 91 4   0 0   1 1   2 2   3 3
45 92 4   0 0   1 1   2 2   3 3
46 66 4   0 0   1 1   2 2   3 3
46 99 4   0 0   1 1   2 2   3 3
46 61 4   0 0   1 1   2 2   3 3
46 109 4   0 0   1 1   2 2   3 3
46 94 4   0 0   1 1   2 2   3 3
47 50 4   0 0   1 1   2 2   3 3
47 102 4   0 0   1 1   2 2   3 3
47 62 4   0 0   1 1   2 2   3 3
47 63 4   0 0   1 1   2 2   3 3
48 50 4   0 0   1 1   2 2   3 3
48 52 4   0 0   1 1   2 2   3 3
48 105 4   0 0   1 1   2 2   3 3
48 106 4   0 0   1 1   2 2   3 3
49 80 4   0 0   1 1   2 2   3 3
49 98 4   0 0   1 1   2 2   3 3
49 70 4   0 0   1 1   2 2   3 3
50 52 4   0 0   1 1   2 2   3 3
50 102 4   0 0   1 1   2 2   3 3
50 105 4   0 0   1 1   2 2   3 3
50 108 4   0 0   1 1   2 2   3 3
50 62 4   0 0   1 1   2 2   3 3
51 92 4   0 0   1 1   2 2   3 3
51 109 4   0 0   1 1   2 2   3 3
52 102 4   0 0   1 1   2 2   3 3
52 56 4   0 0   1 1   2 2   3 3
52 74 4   0 0   1 1   2 2   3 3
53 86 4   0 0   1 1   2 2   3 3
53 77 4   0 0   1 1   2 2   3 3
54 83 4   0 0   1 1   2 2   3 3
54 67 4   0 0   1 1   2 2   3 3
54 100 4   0 0   1 1   2 2   3 3
54 101 4   0 0   1 1   2 2   3 3
55 65 4   0 0   1 1   2 2   3 3
55 84 4   0 0   1 1   2 2   3 3
55 85 4   0 0   1 1   2 2   3 3
55 60 4   0 0   1 1   2 2   3 3
57 66 4   0 0   1 1   2 2   3 3
57 94 4   0 0   1 1   2 2   3 3
58 86 4   0 0   1 1   2 2   3 3
58 75 4   0 0   1 1   2 2   3 3
58 111 4   0 0   1 1   2 2   3 3
59 65 4   0 0   1 1   2 2   3 3
59 84 4   0 0   1 1   2 2   3 3
59 85 4   0 0   1 1   2 2   3 3
60 96 4   0 0   1 1   2 2   3 3
61 99 4   0 0   1 1   2 2   3 3
61 76 4   0 0   1 1   2 2   3 3
63 102 4   0 0   1 1   2 2   3 3
63 89 4   0 0   1 1   2 2   3 3
63 74 4   0 0   1 1   2 2   3 3
64 71 4   0 0   1 1   2 2   3 3
64 104 4   0 0   1 1   2 2   3 3
65 98 4   0 0   1 1   2 2   3 3
65 85 4   0 0   1 1   2 2   3 3
65 93 4   0 0   1 1   2 2   3 3
66 109 4   0 0   1 1   2 2   3 3
66 94 4   0 0   1 1   2 2   3 3
67 98 4   0 0   1 1   2 2   3 3
67 100 4   0 0   1 1   2 2   3 3
67 87 4   0 0   1 1   2 2   3 3
68 71 4   0 0   1 1   2 2   3 3
68 91 4   0 0   1 1   2 2   3 3
69 82 4   0 0   1 1   2 2   3 3
69 92 4   0 0   1 1   2 2   3 3
70 82 4   0 0   1 1   2 2   3 3
71 91 4   0 0   1 1   2 2   3 3
71 95 4   0 0   1 1   2 2   3 3
72 97 4   0 0   1 1   2 2   3 3
72 105 4   0 0   1 1   2 2   3 3
72 108 4   0 0   1 1   2 2   3 3
73 107 4   0 0   1 1   2 2   3 3
73 95 4   0 0   1 1   2 2   3 3
74 102 4   0 0   1 1   2 2   3 3
75 111 4   0 0   1 1   2 2   3 3
75 79 4   0 0   1 1   2 2   3 3
76 101 4   0 0   1 1   2 2   3 3
77 86 4   0 0   1 1   2 2   3 3
77 106 4   0 0   1 1   2 2   3 3
77 111 4   0 0   1 1   2 2   3 3
78 97 4   0 0   1 1   2 2   3 3
78 90 4   0 0   1 1   2 2   3 3
78 108 4   0 0   1 1   2 2   3 3
79 106 4   0 0   1 1   2 2   3 3
79 90 4   0 0   1 1   2 2   3 3
79 111 4   0 0   1 1   2 2   3 3
80 88 4   0 0   1 1   2 2   3 3
81 98 4   0 0   1 1   2 2   3 3
82 92 4   0 0   1 1   2 2   3 3
83 101 4   0 0   1 1   2 2   3 3
84 85 4   0 0   1 1   2 2   3 3
84 89 4   0 0   1 1   2 2   3 3
86 111 4   0 0   1 1   2 2   3 3
87 98 4   0 0   1 1   2 2   3 3
87 100 4   0 0   1 1   2 2   3 3
88 107 4   0 0   1 1   2 2   3 3
88 95 4   0 0   1 1   2 2   3 3
89 103 4   0 0   1 1   2 2   3 3
90 97 4   0 0   1 1   2 2   3 3
90 106 4   0 0   1 1   2 2   3 3
91 95 4   0 0   1 1   2 2   3 3
93 98 4   0 0   1 1   2 2   3 3
95 107 4   0 0   1 1   2 2   3 3
97 108 4   0 0   1 1   2 2   3 3
99 109 4   0 0   1 1   2 2   3 3
105 108 4   0 0   1 1   2 2   3 3
106 111 4   0 0   1 1   2 2   3 3
