114
1 4 0 1 2 3
2 4 0 1 2 3
3 4 0 1 2 3
4 4 0 1 2 3
5 4 0 1 2 3
6 4 0 1 2 3
7 4 0 1 2 3
8 4 0 1 2 3
9 4 0 1 2 3
10 4 0 1 2 3
11 4 0 1 2 3
12 4 0 1 2 3
13 4 0 1 2 3
14 4 0 1 2 3
15 4 0 1 2 3
16 4 0 1 2 3
17 4 0 1 2 3
18 4 0 1 2 3
19 4 0 1 2 3
20 4 0 1 2 3
21 4 0 1 2 3
22 4 0 1 2 3
23 4 0 1 2 3
24 4 0 1 2 3
25 4 0 1 2 3
26 4 0 1 2 3
27 4 0 1 2 3
28 4 0 1 2 3
29 4 0 1 2 3
30 4 0 1 2 3
31 4 0 1 2 3
32 4 0 1 2 3
33 4 0 1 2 3
34 4 0 1 2 3
35 4 0 1 2 3
36 4 0 1 2 3
37 4 0 1 2 3
38 4 0 1 2 3
39 4 0 1 2 3
40 4 0 1 2 3
41 4 0 1 2 3
42 4 0 1 2 3
43 4 0 1 2 3
44 4 0 1 2 3
45 4 0 1 2 3
46 4 0 1 2 3
47 4 0 1 2 3
48 4 0 1 2 3
49 4 0 1 2 3
50 4 0 1 2 3
51 4 0 1 2 3
52 4 0 1 2 3
53 4 0 1 2 3
54 4 0 1 2 3
55 4 0 1 2 3
56 4 0 1 2 3
57 4 0 1 2 3
58 4 0 1 2 3
59 4 0 1 2 3
60 4 0 1 2 3
61 4 0 1 2 3
62 4 0 1 2 3
63 4 0 1 2 3
64 4 0 1 2 3
65 4 0 1 2 3
66 4 0 1 2 3
67 4 0 1 2 3
68 4 0 1 2 3
69 4 0 1 2 3
70 4 0 1 2 3
71 4 0 1 2 3
72 4 0 1 2 3
73 4 0 1 2 3
74 4 0 1 2 3
75 4 0 1 2 3
76 4 0 1 2 3
77 4 0 1 2 3
78 4 0 1 2 3
79 4 0 1 2 3
80 4 0 1 2 3
81 4 0 1 2 3
82 4 0 1 2 3
83 4 0 1 2 3
84 4 0 1 2 3
85 4 0 1 2 3
86 4 0 1 2 3
87 4 0 1 2 3
88 4 0 1 2 3
89 4 0 1 2 3
90 4 0 1 2 3
91 4 0 1 2 3
92 4 0 1 2 3
93 4 0 1 2 3
94 4 0 1 2 3
95 4 0 1 2 3
96 4 0 1 2 3
97 4 0 1 2 3
98 4 0 1 2 3
99 4 0 1 2 3
100 4 0 1 2 3
101 4 0 1 2 3
102 4 0 1 2 3
103 4 0 1 2 3
104 4 0 1 2 3
105 4 0 1 2 3
106 4 0 1 2 3
107 4 0 1 2 3
108 4 0 1 2 3
109 4 0 1 2 3
110 4 0 1 2 3
111 4 0 1 2 3
112 4 0 1 2 3
113 4 0 1 2 3
114 4 0 1 2 3
305
1 112 4   0 0   1 1   2 2   3 3
1 49 4   0 0   1 1   2 2   3 3
1 37 4   0 0   1 1   2 2   3 3
1 6 4   0 0   1 1   2 2   3 3
1 93 4   0 0   1 1   2 2   3 3
2 81 4   0 0   1 1   2 2   3 3
2 83 4   0 0   1 1   2 2   3 3
2 20 4   0 0   1 1   2 2   3 3
2 71 4   0 0   1 1   2 2   3 3
2 29 4   0 0   1 1   2 2   3 3
3 97 4   0 0   1 1   2 2   3 3
3 84 4   0 0   1 1   2 2   3 3
3 4 4   0 0   1 1   2 2   3 3
3 41 4   0 0   1 1   2 2   3 3
3 58 4   0 0   1 1   2 2   3 3
3 44 4   0 0   1 1   2 2   3 3
4 66 4   0 0   1 1   2 2   3 3
4 68 4   0 0   1 1   2 2   3 3
4 56 4   0 0   1 1   2 2   3 3
4 74 4   0 0   1 1   2 2   3 3
4 58 4   0 0   1 1   2 2   3 3
4 42 4   0 0   1 1   2 2   3 3
4 44 4   0 0   1 1   2 2   3 3
5 114 4   0 0   1 1   2 2   3 3
5 51 4   0 0   1 1   2 2   3 3
5 6 4   0 0   1 1   2 2   3 3
5 90 4   0 0   1 1   2 2   3 3
5 15 4   0 0   1 1   2 2   3 3
5 47 4   0 0   1 1   2 2   3 3
6 112 4   0 0   1 1   2 2   3 3
6 90 4   0 0   1 1   2 2   3 3
6 93 4   0 0   1 1   2 2   3 3
6 15 4   0 0   1 1   2 2   3 3
7 16 4   0 0   1 1   2 2   3 3
7 101 4   0 0   1 1   2 2   3 3
7 38 4   0 0   1 1   2 2   3 3
7 63 4   0 0   1 1   2 2   3 3
8 18 4   0 0   1 1   2 2   3 3
8 72 4   0 0   1 1   2 2   3 3
8 91 4   0 0   1 1   2 2   3 3
9 17 4   0 0   1 1   2 2   3 3
9 81 4   0 0   1 1   2 2   3 3
9 104 4   0 0   1 1   2 2   3 3
9 75 4   0 0   1 1   2 2   3 3
9 62 4   0 0   1 1   2 2   3 3
10 51 4   0 0   1 1   2 2   3 3
10 35 4   0 0   1 1   2 2   3 3
10 12 4   0 0   1 1   2 2   3 3
10 76 4   0 0   1 1   2 2   3 3
10 30 4   0 0   1 1   2 2   3 3
10 47 4   0 0   1 1   2 2   3 3
11 83 4   0 0   1 1   2 2   3 3
11 55 4   0 0   1 1   2 2   3 3
11 105 4   0 0   1 1   2 2   3 3
11 76 4   0 0   1 1   2 2   3 3
11 61 4   0 0   1 1   2 2   3 3
11 62 4   0 0   1 1   2 2   3 3
12 51 4   0 0   1 1   2 2   3 3
12 21 4   0 0   1 1   2 2   3 3
12 76 4   0 0   1 1   2 2   3 3
12 15 4   0 0   1 1   2 2   3 3
13 80 4   0 0   1 1   2 2   3 3
13 19 4   0 0   1 1   2 2   3 3
13 27 4   0 0   1 1   2 2   3 3
14 112 4   0 0   1 1   2 2   3 3
14 21 4   0 0   1 1   2 2   3 3
14 103 4   0 0   1 1   2 2   3 3
14 87 4   0 0   1 1   2 2   3 3
14 45 4   0 0   1 1   2 2   3 3
14 15 4   0 0   1 1   2 2   3 3
15 112 4   0 0   1 1   2 2   3 3
15 51 4   0 0   1 1   2 2   3 3
15 21 4   0 0   1 1   2 2   3 3
16 101 4   0 0   1 1   2 2   3 3
16 38 4   0 0   1 1   2 2   3 3
16 103 4   0 0   1 1   2 2   3 3
16 89 4   0 0   1 1   2 2   3 3
16 106 4   0 0   1 1   2 2   3 3
16 111 4   0 0   1 1   2 2   3 3
17 55 4   0 0   1 1   2 2   3 3
17 75 4   0 0   1 1   2 2   3 3
17 110 4   0 0   1 1   2 2   3 3
17 62 4   0 0   1 1   2 2   3 3
18 33 4   0 0   1 1   2 2   3 3
18 98 4   0 0   1 1   2 2   3 3
18 102 4   0 0   1 1   2 2   3 3
18 91 4   0 0   1 1   2 2   3 3
19 80 4   0 0   1 1   2 2   3 3
19 84 4   0 0   1 1   2 2   3 3
19 74 4   0 0   1 1   2 2   3 3
20 113 4   0 0   1 1   2 2   3 3
20 83 4   0 0   1 1   2 2   3 3
20 70 4   0 0   1 1   2 2   3 3
20 71 4   0 0   1 1   2 2   3 3
20 40 4   0 0   1 1   2 2   3 3
20 73 4   0 0   1 1   2 2   3 3
21 87 4   0 0   1 1   2 2   3 3
21 105 4   0 0   1 1   2 2   3 3
21 76 4   0 0   1 1   2 2   3 3
22 71 4   0 0   1 1   2 2   3 3
22 40 4   0 0   1 1   2 2   3 3
22 108 4   0 0   1 1   2 2   3 3
23 113 4   0 0   1 1   2 2   3 3
23 36 4   0 0   1 1   2 2   3 3
23 100 4   0 0   1 1   2 2   3 3
23 88 4   0 0   1 1   2 2   3 3
23 57 4   0 0   1 1   2 2   3 3
24 98 4   0 0   1 1   2 2   3 3
24 102 4   0 0   1 1   2 2   3 3
24 43 4   0 0   1 1   2 2   3 3
24 92 4   0 0   1 1   2 2   3 3
24 79 4   0 0   1 1   2 2   3 3
24 95 4   0 0   1 1   2 2   3 3
25 35 4   0 0   1 1   2 2   3 3
25 61 4   0 0   1 1   2 2   3 3
25 30 4   0 0   1 1   2 2   3 3
25 94 4   0 0   1 1   2 2   3 3
25 78 4   0 0   1 1   2 2   3 3
25 79 4   0 0   1 1   2 2   3 3
26 83 4   0 0   1 1   2 2   3 3
26 70 4   0 0   1 1   2 2   3 3
26 73 4   0 0   1 1   2 2   3 3
26 28 4   0 0   1 1   2 2   3 3
26 109 4   0 0   1 1   2 2   3 3
26 46 4   0 0   1 1   2 2   3 3
27 80 4   0 0   1 1   2 2   3 3
27 37 4   0 0   1 1   2 2   3 3
27 93 4   0 0   1 1   2 2   3 3
28 109 4   0 0   1 1   2 2   3 3
28 94 4   0 0   1 1   2 2   3 3
28 46 4   0 0   1 1   2 2   3 3
29 81 4   0 0   1 1   2 2   3 3
29 83 4   0 0   1 1   2 2   3 3
29 62 4   0 0   1 1   2 2   3 3
30 35 4   0 0   1 1   2 2   3 3
30 92 4   0 0   1 1   2 2   3 3
30 79 4   0 0   1 1   2 2   3 3
31 48 4   0 0   1 1   2 2   3 3
31 99 4   0 0   1 1   2 2   3 3
31 53 4   0 0   1 1   2 2   3 3
31 43 4   0 0   1 1   2 2   3 3
31 60 4   0 0   1 1   2 2   3 3
32 34 4   0 0   1 1   2 2   3 3
32 52 4   0 0   1 1   2 2   3 3
32 54 4   0 0   1 1   2 2   3 3
32 39 4   0 0   1 1   2 2   3 3
32 107 4   0 0   1 1   2 2   3 3
32 46 4   0 0   1 1   2 2   3 3
33 98 4   0 0   1 1   2 2   3 3
34 65 4   0 0   1 1   2 2   3 3
34 50 4   0 0   1 1   2 2   3 3
34 52 4   0 0   1 1   2 2   3 3
34 39 4   0 0   1 1   2 2   3 3
34 46 4   0 0   1 1   2 2   3 3
35 76 4   0 0   1 1   2 2   3 3
35 61 4   0 0   1 1   2 2   3 3
36 113 4   0 0   1 1   2 2   3 3
36 57 4   0 0   1 1   2 2   3 3
37 49 4   0 0   1 1   2 2   3 3
37 93 4   0 0   1 1   2 2   3 3
38 104 4   0 0   1 1   2 2   3 3
38 106 4   0 0   1 1   2 2   3 3
38 110 4   0 0   1 1   2 2   3 3
38 63 4   0 0   1 1   2 2   3 3
39 46 4   0 0   1 1   2 2   3 3
40 113 4   0 0   1 1   2 2   3 3
40 71 4   0 0   1 1   2 2   3 3
40 57 4   0 0   1 1   2 2   3 3
41 97 4   0 0   1 1   2 2   3 3
41 58 4   0 0   1 1   2 2   3 3
42 114 4   0 0   1 1   2 2   3 3
42 66 4   0 0   1 1   2 2   3 3
42 99 4   0 0   1 1   2 2   3 3
42 58 4   0 0   1 1   2 2   3 3
42 47 4   0 0   1 1   2 2   3 3
43 98 4   0 0   1 1   2 2   3 3
43 99 4   0 0   1 1   2 2   3 3
43 53 4   0 0   1 1   2 2   3 3
43 92 4   0 0   1 1   2 2   3 3
44 84 4   0 0   1 1   2 2   3 3
44 85 4   0 0   1 1   2 2   3 3
44 74 4   0 0   1 1   2 2   3 3
45 103 4   0 0   1 1   2 2   3 3
45 87 4   0 0   1 1   2 2   3 3
45 55 4   0 0   1 1   2 2   3 3
45 105 4   0 0   1 1   2 2   3 3
45 110 4   0 0   1 1   2 2   3 3
46 50 4   0 0   1 1   2 2   3 3
46 54 4   0 0   1 1   2 2   3 3
46 73 4   0 0   1 1   2 2   3 3
46 94 4   0 0   1 1   2 2   3 3
47 114 4   0 0   1 1   2 2   3 3
47 51 4   0 0   1 1   2 2   3 3
47 99 4   0 0   1 1   2 2   3 3
47 92 4   0 0   1 1   2 2   3 3
48 69 4   0 0   1 1   2 2   3 3
48 53 4   0 0   1 1   2 2   3 3
48 56 4   0 0   1 1   2 2   3 3
48 59 4   0 0   1 1   2 2   3 3
48 60 4   0 0   1 1   2 2   3 3
49 112 4   0 0   1 1   2 2   3 3
49 89 4   0 0   1 1   2 2   3 3
49 77 4   0 0   1 1   2 2   3 3
50 65 4   0 0   1 1   2 2   3 3
50 94 4   0 0   1 1   2 2   3 3
50 79 4   0 0   1 1   2 2   3 3
52 65 4   0 0   1 1   2 2   3 3
52 107 4   0 0   1 1   2 2   3 3
53 98 4   0 0   1 1   2 2   3 3
53 59 4   0 0   1 1   2 2   3 3
54 88 4   0 0   1 1   2 2   3 3
54 73 4   0 0   1 1   2 2   3 3
55 105 4   0 0   1 1   2 2   3 3
55 110 4   0 0   1 1   2 2   3 3
55 62 4   0 0   1 1   2 2   3 3
56 66 4   0 0   1 1   2 2   3 3
56 69 4   0 0   1 1   2 2   3 3
56 59 4   0 0   1 1   2 2   3 3
57 113 4   0 0   1 1   2 2   3 3
57 100 4   0 0   1 1   2 2   3 3
58 64 4   0 0   1 1   2 2   3 3
58 97 4   0 0   1 1   2 2   3 3
58 114 4   0 0   1 1   2 2   3 3
60 99 4   0 0   1 1   2 2   3 3
60 69 4   0 0   1 1   2 2   3 3
61 83 4   0 0   1 1   2 2   3 3
61 76 4   0 0   1 1   2 2   3 3
61 109 4   0 0   1 1   2 2   3 3
61 78 4   0 0   1 1   2 2   3 3
62 81 4   0 0   1 1   2 2   3 3
62 83 4   0 0   1 1   2 2   3 3
63 101 4   0 0   1 1   2 2   3 3
64 80 4   0 0   1 1   2 2   3 3
64 97 4   0 0   1 1   2 2   3 3
64 114 4   0 0   1 1   2 2   3 3
64 84 4   0 0   1 1   2 2   3 3
64 90 4   0 0   1 1   2 2   3 3
65 67 4   0 0   1 1   2 2   3 3
65 102 4   0 0   1 1   2 2   3 3
65 72 4   0 0   1 1   2 2   3 3
65 107 4   0 0   1 1   2 2   3 3
65 95 4   0 0   1 1   2 2   3 3
65 79 4   0 0   1 1   2 2   3 3
66 99 4   0 0   1 1   2 2   3 3
66 69 4   0 0   1 1   2 2   3 3
67 102 4   0 0   1 1   2 2   3 3
67 72 4   0 0   1 1   2 2   3 3
67 91 4   0 0   1 1   2 2   3 3
68 74 4   0 0   1 1   2 2   3 3
69 99 4   0 0   1 1   2 2   3 3
70 83 4   0 0   1 1   2 2   3 3
70 73 4   0 0   1 1   2 2   3 3
71 81 4   0 0   1 1   2 2   3 3
71 108 4   0 0   1 1   2 2   3 3
72 107 4   0 0   1 1   2 2   3 3
72 91 4   0 0   1 1   2 2   3 3
73 113 4   0 0   1 1   2 2   3 3
73 88 4   0 0   1 1   2 2   3 3
74 84 4   0 0   1 1   2 2   3 3
74 85 4   0 0   1 1   2 2   3 3
75 104 4   0 0   1 1   2 2   3 3
75 110 4   0 0   1 1   2 2   3 3
76 105 4   0 0   1 1   2 2   3 3
77 96 4   0 0   1 1   2 2   3 3
77 86 4   0 0   1 1   2 2   3 3
77 89 4   0 0   1 1   2 2   3 3
77 111 4   0 0   1 1   2 2   3 3
78 109 4   0 0   1 1   2 2   3 3
78 94 4   0 0   1 1   2 2   3 3
79 92 4   0 0   1 1   2 2   3 3
79 94 4   0 0   1 1   2 2   3 3
79 95 4   0 0   1 1   2 2   3 3
80 84 4   0 0   1 1   2 2   3 3
80 90 4   0 0   1 1   2 2   3 3
80 93 4   0 0   1 1   2 2   3 3
81 104 4   0 0   1 1   2 2   3 3
81 108 4   0 0   1 1   2 2   3 3
82 104 4   0 0   1 1   2 2   3 3
82 108 4   0 0   1 1   2 2   3 3
83 109 4   0 0   1 1   2 2   3 3
84 97 4   0 0   1 1   2 2   3 3
84 85 4   0 0   1 1   2 2   3 3
86 96 4   0 0   1 1   2 2   3 3
87 105 4   0 0   1 1   2 2   3 3
88 113 4   0 0   1 1   2 2   3 3
88 100 4   0 0   1 1   2 2   3 3
89 112 4   0 0   1 1   2 2   3 3
89 103 4   0 0   1 1   2 2   3 3
89 111 4   0 0   1 1   2 2   3 3
90 114 4   0 0   1 1   2 2   3 3
90 93 4   0 0   1 1   2 2   3 3
91 102 4   0 0   1 1   2 2   3 3
92 99 4   0 0   1 1   2 2   3 3
94 109 4   0 0   1 1   2 2   3 3
95 102 4   0 0   1 1   2 2   3 3
96 101 4   0 0   1 1   2 2   3 3
96 111 4   0 0   1 1   2 2   3 3
98 102 4   0 0   1 1   2 2   3 3
101 111 4   0 0   1 1   2 2   3 3
103 112 4   0 0   1 1   2 2   3 3
103 106 4   0 0   1 1   2 2   3 3
103 110 4   0 0   1 1   2 2   3 3
104 108 4   0 0   1 1   2 2   3 3
104 110 4   0 0   1 1   2 2   3 3
106 110 4   0 0   1 1   2 2   3 3
