116
1 1
2 3
3 2
4 2
5 2
6 3
7 2
8 2
9 0
10 2
11 1
12 0
13 0
14 3
15 2
16 2
17 2
18 0
19 1
20 1
21 3
22 3
23 0
24 0
25 1
26 1
27 0
28 3
29 3
30 1
31 1
32 1
33 0
34 2
35 3
36 3
37 0
38 1
39 0
40 1
41 3
42 0
43 0
44 1
45 0
46 1
47 2
48 0
49 1
50 0
51 0
52 3
53 3
54 1
55 0
56 3
57 1
58 1
59 2
60 1
61 1
62 0
63 2
64 1
65 3
66 2
67 2
68 1
69 2
70 1
71 2
72 3
73 2
74 2
75 1
76 3
77 1
78 3
79 0
80 0
81 3
82 3
83 3
84 2
85 1
86 2
87 3
88 3
89 2
90 1
91 1
92 2
93 0
94 2
95 0
96 2
97 2
98 1
99 0
100 2
101 2
102 3
103 2
104 0
105 3
106 2
107 1
108 3
109 3
110 0
111 0
112 0
113 3
114 3
115 2
116 0
