117
1 4 0 1 2 3
2 4 0 1 2 3
3 4 0 1 2 3
4 4 0 1 2 3
5 4 0 1 2 3
6 4 0 1 2 3
7 4 0 1 2 3
8 4 0 1 2 3
9 4 0 1 2 3
10 4 0 1 2 3
11 4 0 1 2 3
12 4 0 1 2 3
13 4 0 1 2 3
14 4 0 1 2 3
15 4 0 1 2 3
16 4 0 1 2 3
17 4 0 1 2 3
18 4 0 1 2 3
19 4 0 1 2 3
20 4 0 1 2 3
21 4 0 1 2 3
22 4 0 1 2 3
23 4 0 1 2 3
24 4 0 1 2 3
25 4 0 1 2 3
26 4 0 1 2 3
27 4 0 1 2 3
28 4 0 1 2 3
29 4 0 1 2 3
30 4 0 1 2 3
31 4 0 1 2 3
32 4 0 1 2 3
33 4 0 1 2 3
34 4 0 1 2 3
35 4 0 1 2 3
36 4 0 1 2 3
37 4 0 1 2 3
38 4 0 1 2 3
39 4 0 1 2 3
40 4 0 1 2 3
41 4 0 1 2 3
42 4 0 1 2 3
43 4 0 1 2 3
44 4 0 1 2 3
45 4 0 1 2 3
46 4 0 1 2 3
47 4 0 1 2 3
48 4 0 1 2 3
49 4 0 1 2 3
50 4 0 1 2 3
51 4 0 1 2 3
52 4 0 1 2 3
53 4 0 1 2 3
54 4 0 1 2 3
55 4 0 1 2 3
56 4 0 1 2 3
57 4 0 1 2 3
58 4 0 1 2 3
59 4 0 1 2 3
60 4 0 1 2 3
61 4 0 1 2 3
62 4 0 1 2 3
63 4 0 1 2 3
64 4 0 1 2 3
65 4 0 1 2 3
66 4 0 1 2 3
67 4 0 1 2 3
68 4 0 1 2 3
69 4 0 1 2 3
70 4 0 1 2 3
71 4 0 1 2 3
72 4 0 1 2 3
73 4 0 1 2 3
74 4 0 1 2 3
75 4 0 1 2 3
76 4 0 1 2 3
77 4 0 1 2 3
78 4 0 1 2 3
79 4 0 1 2 3
80 4 0 1 2 3
81 4 0 1 2 3
82 4 0 1 2 3
83 4 0 1 2 3
84 4 0 1 2 3
85 4 0 1 2 3
86 4 0 1 2 3
87 4 0 1 2 3
88 4 0 1 2 3
89 4 0 1 2 3
90 4 0 1 2 3
91 4 0 1 2 3
92 4 0 1 2 3
93 4 0 1 2 3
94 4 0 1 2 3
95 4 0 1 2 3
96 4 0 1 2 3
97 4 0 1 2 3
98 4 0 1 2 3
99 4 0 1 2 3
100 4 0 1 2 3
101 4 0 1 2 3
102 4 0 1 2 3
103 4 0 1 2 3
104 4 0 1 2 3
105 4 0 1 2 3
106 4 0 1 2 3
107 4 0 1 2 3
108 4 0 1 2 3
109 4 0 1 2 3
110 4 0 1 2 3
111 4 0 1 2 3
112 4 0 1 2 3
113 4 0 1 2 3
114 4 0 1 2 3
115 4 0 1 2 3
116 4 0 1 2 3
117 4 0 1 2 3
316
1 65 4   0 0   1 1   2 2   3 3
1 33 4   0 0   1 1   2 2   3 3
1 4 4   0 0   1 1   2 2   3 3
1 6 4   0 0   1 1   2 2   3 3
1 11 4   0 0   1 1   2 2   3 3
2 16 4   0 0   1 1   2 2   3 3
2 34 4   0 0   1 1   2 2   3 3
2 99 4   0 0   1 1   2 2   3 3
2 3 4   0 0   1 1   2 2   3 3
2 46 4   0 0   1 1   2 2   3 3
3 64 4   0 0   1 1   2 2   3 3
3 34 4   0 0   1 1   2 2   3 3
3 51 4   0 0   1 1   2 2   3 3
3 99 4   0 0   1 1   2 2   3 3
3 8 4   0 0   1 1   2 2   3 3
3 105 4   0 0   1 1   2 2   3 3
3 26 4   0 0   1 1   2 2   3 3
3 45 4   0 0   1 1   2 2   3 3
3 30 4   0 0   1 1   2 2   3 3
4 67 4   0 0   1 1   2 2   3 3
4 86 4   0 0   1 1   2 2   3 3
4 58 4   0 0   1 1   2 2   3 3
4 106 4   0 0   1 1   2 2   3 3
4 11 4   0 0   1 1   2 2   3 3
4 61 4   0 0   1 1   2 2   3 3
4 95 4   0 0   1 1   2 2   3 3
5 86 4   0 0   1 1   2 2   3 3
5 24 4   0 0   1 1   2 2   3 3
5 59 4   0 0   1 1   2 2   3 3
5 29 4   0 0   1 1   2 2   3 3
6 65 4   0 0   1 1   2 2   3 3
6 33 4   0 0   1 1   2 2   3 3
6 67 4   0 0   1 1   2 2   3 3
6 95 4   0 0   1 1   2 2   3 3
7 80 4   0 0   1 1   2 2   3 3
7 102 4   0 0   1 1   2 2   3 3
7 92 4   0 0   1 1   2 2   3 3
7 78 4   0 0   1 1   2 2   3 3
8 64 4   0 0   1 1   2 2   3 3
8 115 4   0 0   1 1   2 2   3 3
8 51 4   0 0   1 1   2 2   3 3
8 15 4   0 0   1 1   2 2   3 3
9 80 4   0 0   1 1   2 2   3 3
9 84 4   0 0   1 1   2 2   3 3
9 22 4   0 0   1 1   2 2   3 3
9 56 4   0 0   1 1   2 2   3 3
9 78 4   0 0   1 1   2 2   3 3
9 47 4   0 0   1 1   2 2   3 3
10 106 4   0 0   1 1   2 2   3 3
10 90 4   0 0   1 1   2 2   3 3
10 60 4   0 0   1 1   2 2   3 3
10 109 4   0 0   1 1   2 2   3 3
10 31 4   0 0   1 1   2 2   3 3
11 86 4   0 0   1 1   2 2   3 3
11 29 4   0 0   1 1   2 2   3 3
12 20 4   0 0   1 1   2 2   3 3
12 55 4   0 0   1 1   2 2   3 3
12 39 4   0 0   1 1   2 2   3 3
12 57 4   0 0   1 1   2 2   3 3
12 25 4   0 0   1 1   2 2   3 3
12 41 4   0 0   1 1   2 2   3 3
13 17 4   0 0   1 1   2 2   3 3
13 116 4   0 0   1 1   2 2   3 3
13 40 4   0 0   1 1   2 2   3 3
14 37 4   0 0   1 1   2 2   3 3
14 54 4   0 0   1 1   2 2   3 3
14 70 4   0 0   1 1   2 2   3 3
14 72 4   0 0   1 1   2 2   3 3
14 106 4   0 0   1 1   2 2   3 3
14 44 4   0 0   1 1   2 2   3 3
15 64 4   0 0   1 1   2 2   3 3
15 18 4   0 0   1 1   2 2   3 3
15 19 4   0 0   1 1   2 2   3 3
15 115 4   0 0   1 1   2 2   3 3
15 107 4   0 0   1 1   2 2   3 3
16 80 4   0 0   1 1   2 2   3 3
16 99 4   0 0   1 1   2 2   3 3
16 36 4   0 0   1 1   2 2   3 3
16 52 4   0 0   1 1   2 2   3 3
16 22 4   0 0   1 1   2 2   3 3
16 56 4   0 0   1 1   2 2   3 3
16 46 4   0 0   1 1   2 2   3 3
17 116 4   0 0   1 1   2 2   3 3
17 38 4   0 0   1 1   2 2   3 3
17 40 4   0 0   1 1   2 2   3 3
17 77 4   0 0   1 1   2 2   3 3
17 63 4   0 0   1 1   2 2   3 3
18 49 4   0 0   1 1   2 2   3 3
18 19 4   0 0   1 1   2 2   3 3
18 35 4   0 0   1 1   2 2   3 3
18 117 4   0 0   1 1   2 2   3 3
18 107 4   0 0   1 1   2 2   3 3
18 28 4   0 0   1 1   2 2   3 3
18 62 4   0 0   1 1   2 2   3 3
18 110 4   0 0   1 1   2 2   3 3
19 97 4   0 0   1 1   2 2   3 3
19 115 4   0 0   1 1   2 2   3 3
19 28 4   0 0   1 1   2 2   3 3
20 69 4   0 0   1 1   2 2   3 3
20 55 4   0 0   1 1   2 2   3 3
20 24 4   0 0   1 1   2 2   3 3
20 25 4   0 0   1 1   2 2   3 3
21 64 4   0 0   1 1   2 2   3 3
21 70 4   0 0   1 1   2 2   3 3
21 107 4   0 0   1 1   2 2   3 3
21 109 4   0 0   1 1   2 2   3 3
22 52 4   0 0   1 1   2 2   3 3
22 56 4   0 0   1 1   2 2   3 3
22 94 4   0 0   1 1   2 2   3 3
22 47 4   0 0   1 1   2 2   3 3
23 52 4   0 0   1 1   2 2   3 3
23 38 4   0 0   1 1   2 2   3 3
23 40 4   0 0   1 1   2 2   3 3
23 79 4   0 0   1 1   2 2   3 3
24 48 4   0 0   1 1   2 2   3 3
24 55 4   0 0   1 1   2 2   3 3
24 59 4   0 0   1 1   2 2   3 3
24 29 4   0 0   1 1   2 2   3 3
25 69 4   0 0   1 1   2 2   3 3
25 41 4   0 0   1 1   2 2   3 3
26 64 4   0 0   1 1   2 2   3 3
26 36 4   0 0   1 1   2 2   3 3
26 87 4   0 0   1 1   2 2   3 3
26 71 4   0 0   1 1   2 2   3 3
26 73 4   0 0   1 1   2 2   3 3
26 27 4   0 0   1 1   2 2   3 3
26 75 4   0 0   1 1   2 2   3 3
26 45 4   0 0   1 1   2 2   3 3
26 30 4   0 0   1 1   2 2   3 3
26 31 4   0 0   1 1   2 2   3 3
27 36 4   0 0   1 1   2 2   3 3
27 75 4   0 0   1 1   2 2   3 3
28 97 4   0 0   1 1   2 2   3 3
28 103 4   0 0   1 1   2 2   3 3
28 62 4   0 0   1 1   2 2   3 3
29 86 4   0 0   1 1   2 2   3 3
30 45 4   0 0   1 1   2 2   3 3
31 114 4   0 0   1 1   2 2   3 3
31 66 4   0 0   1 1   2 2   3 3
31 71 4   0 0   1 1   2 2   3 3
31 73 4   0 0   1 1   2 2   3 3
31 60 4   0 0   1 1   2 2   3 3
31 109 4   0 0   1 1   2 2   3 3
31 79 4   0 0   1 1   2 2   3 3
32 87 4   0 0   1 1   2 2   3 3
32 75 4   0 0   1 1   2 2   3 3
32 76 4   0 0   1 1   2 2   3 3
32 45 4   0 0   1 1   2 2   3 3
33 58 4   0 0   1 1   2 2   3 3
33 93 4   0 0   1 1   2 2   3 3
33 95 4   0 0   1 1   2 2   3 3
34 45 4   0 0   1 1   2 2   3 3
34 46 4   0 0   1 1   2 2   3 3
35 49 4   0 0   1 1   2 2   3 3
35 70 4   0 0   1 1   2 2   3 3
35 72 4   0 0   1 1   2 2   3 3
35 107 4   0 0   1 1   2 2   3 3
35 44 4   0 0   1 1   2 2   3 3
36 52 4   0 0   1 1   2 2   3 3
36 73 4   0 0   1 1   2 2   3 3
36 75 4   0 0   1 1   2 2   3 3
36 76 4   0 0   1 1   2 2   3 3
36 46 4   0 0   1 1   2 2   3 3
37 83 4   0 0   1 1   2 2   3 3
37 67 4   0 0   1 1   2 2   3 3
37 54 4   0 0   1 1   2 2   3 3
37 106 4   0 0   1 1   2 2   3 3
37 61 4   0 0   1 1   2 2   3 3
38 82 4   0 0   1 1   2 2   3 3
38 98 4   0 0   1 1   2 2   3 3
38 50 4   0 0   1 1   2 2   3 3
38 40 4   0 0   1 1   2 2   3 3
38 74 4   0 0   1 1   2 2   3 3
38 79 4   0 0   1 1   2 2   3 3
38 111 4   0 0   1 1   2 2   3 3
38 63 4   0 0   1 1   2 2   3 3
39 98 4   0 0   1 1   2 2   3 3
39 50 4   0 0   1 1   2 2   3 3
39 53 4   0 0   1 1   2 2   3 3
39 101 4   0 0   1 1   2 2   3 3
39 88 4   0 0   1 1   2 2   3 3
39 57 4   0 0   1 1   2 2   3 3
39 41 4   0 0   1 1   2 2   3 3
40 52 4   0 0   1 1   2 2   3 3
40 116 4   0 0   1 1   2 2   3 3
40 84 4   0 0   1 1   2 2   3 3
40 108 4   0 0   1 1   2 2   3 3
40 47 4   0 0   1 1   2 2   3 3
41 69 4   0 0   1 1   2 2   3 3
41 101 4   0 0   1 1   2 2   3 3
42 115 4   0 0   1 1   2 2   3 3
42 51 4   0 0   1 1   2 2   3 3
42 105 4   0 0   1 1   2 2   3 3
43 101 4   0 0   1 1   2 2   3 3
43 69 4   0 0   1 1   2 2   3 3
43 89 4   0 0   1 1   2 2   3 3
44 49 4   0 0   1 1   2 2   3 3
44 83 4   0 0   1 1   2 2   3 3
44 54 4   0 0   1 1   2 2   3 3
44 72 4   0 0   1 1   2 2   3 3
44 110 4   0 0   1 1   2 2   3 3
45 87 4   0 0   1 1   2 2   3 3
45 76 4   0 0   1 1   2 2   3 3
45 46 4   0 0   1 1   2 2   3 3
46 76 4   0 0   1 1   2 2   3 3
47 84 4   0 0   1 1   2 2   3 3
47 108 4   0 0   1 1   2 2   3 3
47 94 4   0 0   1 1   2 2   3 3
48 68 4   0 0   1 1   2 2   3 3
48 55 4   0 0   1 1   2 2   3 3
48 104 4   0 0   1 1   2 2   3 3
48 59 4   0 0   1 1   2 2   3 3
49 110 4   0 0   1 1   2 2   3 3
50 98 4   0 0   1 1   2 2   3 3
50 53 4   0 0   1 1   2 2   3 3
50 63 4   0 0   1 1   2 2   3 3
51 115 4   0 0   1 1   2 2   3 3
51 105 4   0 0   1 1   2 2   3 3
52 73 4   0 0   1 1   2 2   3 3
52 108 4   0 0   1 1   2 2   3 3
52 94 4   0 0   1 1   2 2   3 3
52 79 4   0 0   1 1   2 2   3 3
53 112 4   0 0   1 1   2 2   3 3
53 100 4   0 0   1 1   2 2   3 3
53 101 4   0 0   1 1   2 2   3 3
53 63 4   0 0   1 1   2 2   3 3
54 83 4   0 0   1 1   2 2   3 3
55 104 4   0 0   1 1   2 2   3 3
55 57 4   0 0   1 1   2 2   3 3
56 80 4   0 0   1 1   2 2   3 3
57 104 4   0 0   1 1   2 2   3 3
57 88 4   0 0   1 1   2 2   3 3
57 91 4   0 0   1 1   2 2   3 3
58 93 4   0 0   1 1   2 2   3 3
58 95 4   0 0   1 1   2 2   3 3
59 68 4   0 0   1 1   2 2   3 3
59 86 4   0 0   1 1   2 2   3 3
59 90 4   0 0   1 1   2 2   3 3
60 114 4   0 0   1 1   2 2   3 3
60 90 4   0 0   1 1   2 2   3 3
61 67 4   0 0   1 1   2 2   3 3
61 106 4   0 0   1 1   2 2   3 3
62 85 4   0 0   1 1   2 2   3 3
62 117 4   0 0   1 1   2 2   3 3
62 103 4   0 0   1 1   2 2   3 3
63 112 4   0 0   1 1   2 2   3 3
63 77 4   0 0   1 1   2 2   3 3
64 71 4   0 0   1 1   2 2   3 3
64 107 4   0 0   1 1   2 2   3 3
64 109 4   0 0   1 1   2 2   3 3
66 114 4   0 0   1 1   2 2   3 3
66 82 4   0 0   1 1   2 2   3 3
66 68 4   0 0   1 1   2 2   3 3
66 104 4   0 0   1 1   2 2   3 3
66 90 4   0 0   1 1   2 2   3 3
66 79 4   0 0   1 1   2 2   3 3
67 95 4   0 0   1 1   2 2   3 3
68 104 4   0 0   1 1   2 2   3 3
68 90 4   0 0   1 1   2 2   3 3
69 101 4   0 0   1 1   2 2   3 3
70 72 4   0 0   1 1   2 2   3 3
70 106 4   0 0   1 1   2 2   3 3
70 107 4   0 0   1 1   2 2   3 3
70 109 4   0 0   1 1   2 2   3 3
71 109 4   0 0   1 1   2 2   3 3
73 79 4   0 0   1 1   2 2   3 3
74 82 4   0 0   1 1   2 2   3 3
74 98 4   0 0   1 1   2 2   3 3
74 88 4   0 0   1 1   2 2   3 3
74 91 4   0 0   1 1   2 2   3 3
74 111 4   0 0   1 1   2 2   3 3
75 87 4   0 0   1 1   2 2   3 3
75 76 4   0 0   1 1   2 2   3 3
77 112 4   0 0   1 1   2 2   3 3
77 81 4   0 0   1 1   2 2   3 3
77 116 4   0 0   1 1   2 2   3 3
78 80 4   0 0   1 1   2 2   3 3
78 84 4   0 0   1 1   2 2   3 3
78 92 4   0 0   1 1   2 2   3 3
79 82 4   0 0   1 1   2 2   3 3
80 99 4   0 0   1 1   2 2   3 3
80 102 4   0 0   1 1   2 2   3 3
81 112 4   0 0   1 1   2 2   3 3
81 96 4   0 0   1 1   2 2   3 3
81 100 4   0 0   1 1   2 2   3 3
82 104 4   0 0   1 1   2 2   3 3
82 91 4   0 0   1 1   2 2   3 3
84 116 4   0 0   1 1   2 2   3 3
85 117 4   0 0   1 1   2 2   3 3
85 110 4   0 0   1 1   2 2   3 3
86 106 4   0 0   1 1   2 2   3 3
86 90 4   0 0   1 1   2 2   3 3
88 98 4   0 0   1 1   2 2   3 3
88 91 4   0 0   1 1   2 2   3 3
89 96 4   0 0   1 1   2 2   3 3
89 100 4   0 0   1 1   2 2   3 3
89 101 4   0 0   1 1   2 2   3 3
90 114 4   0 0   1 1   2 2   3 3
90 106 4   0 0   1 1   2 2   3 3
91 104 4   0 0   1 1   2 2   3 3
92 113 4   0 0   1 1   2 2   3 3
92 102 4   0 0   1 1   2 2   3 3
93 95 4   0 0   1 1   2 2   3 3
94 108 4   0 0   1 1   2 2   3 3
96 100 4   0 0   1 1   2 2   3 3
97 115 4   0 0   1 1   2 2   3 3
97 103 4   0 0   1 1   2 2   3 3
97 105 4   0 0   1 1   2 2   3 3
98 111 4   0 0   1 1   2 2   3 3
99 105 4   0 0   1 1   2 2   3 3
100 112 4   0 0   1 1   2 2   3 3
100 101 4   0 0   1 1   2 2   3 3
102 113 4   0 0   1 1   2 2   3 3
105 115 4   0 0   1 1   2 2   3 3
106 109 4   0 0   1 1   2 2   3 3
110 117 4   0 0   1 1   2 2   3 3
