44 44
 3  3  3  3  3  3  3  3  3  3  3  3  3  3  3  3  6  6  6  6  6  6  6  6  6  6  6  6  6  6  6  6  6  6  6  7  7  7  7  7  7  7  7  7 
 3  3  3  3  3  3  3  3  3  3  3  3  3  3  3  3  3  6  6  6  6  6  6  6  6  6  6  6  6  6  6  6  6  6  6  7  7  7  7  7  7  7  7  7 
 3  3  3  3  3  3  3  3  3  3  3  3  3  3  3  3  3  3  6  6  6  6  6  6  6  6  6  6  6  6  6  6  6  6  6  7  7  7  7  7  7  7  7  7 
 3  3  3  3  3  3  3  3  3  3  3  3  3  3  3  3  3  3  3  6  6  6  6  6  6  6  6  6  6  6  6  6  6  6  6  7  7  7  7  7  7  7  7  7 
 3  3  3  3  3  3  3  3  3  3  3  3  3  3  3  3  3  3  3  3  6  6  6  6  6  6  6  6  6  6  6  6  6  6  6  7  7  7  7  7  7  7  7  7 
 3  3  3  3  3  3  3  3  3  3  3  3  3  3  3  3  3  3  3  3  6  6  6  6  6  6  6  6  6  6  6  6  6  6  7  7  7  7  7  7  7  7  7  7 
 3  1  1  3  3  3  1  3  3  3  3  3  3  3  3  3  3  3  3  3  6  6  6  6  6  6  6  6  6  6  6  6  6  6  7  7  7  7  7  7  7  7  7  7 
 1  1  1  3  3  1  1  1  1  1  1  1  3  3  3  3  3  6  3  3  6  6  6  6  6  6  6  6  6  6  6  6  6  6  7  7  7  7  7  7  7  7  7  7 
 1  1  1  1  1  1  1  1  1  1  1  1  3  3  3  3  3  6  6  6  6  6  6  6  6  6  6  6  6  6  6  6  6  7  7  7  7  7  7  7  7  7  7  7 
 1  1  1  1  1  1  1  1  1  1  1  1  3  3  3  3  3  6  6  2  6  2  6  6  2  6  6  6  6  2  2  7  7  7  7  7  7  7  7  7  7  7  7  7 
 1  1  1  1  1  1  1  1  1  1  1  1  1  3  3  3  3  2  2  2  2  2  2  2  2  2  2  2  2  2  2  7  7  7  7  7  7  7  7  7  7  7  7  7 
 1  1  1  1  1  1  1  1  1  1  1  1  1  3  2  3  3  2  2  2  2  2  2  2  2  2  2  2  2  2  7  7  7  7  7  7  7  9  7  7  7  7  7  7 
 1  1  1  1  1  1  1  1  1  1  1  1  1  2  2  2  2  2  2  2  2  2  2  2  2  2  2  2  2  2  9  7  9  7  7  7  7  9  7  7  7  7  7  7 
 1  1  1  1  1  1  1  1  1  1  1  1  1  2  2  2  2  2  2  2  2  2  2  2  2  2  2  2  2  2  9  9  9  9  9  7  9  9  9  7  7  7  7  9 
 1  1  1  1  1  1  1  1  1  1  1  1  1  2  2  2  2  2  2  2  2  2  2  2  2  2  2  2  2  2  9  9  9  9  9  9  9  9  9  9  9  9  9  9 
 1  1  1  1  1  1  1  1  1  1  1  1  2  2  2  2  2  2  2  2  2  2  2  2  2  2  2  2  9  9  9  9  9  9  9  9  9  9  9  9  9  9  9  9 
 1  1  1  1  1  1  1  1  1  1  1  1  2  2  2  2  2  2  2  2  2  2  2  2  2  2  2  2  2  9  9  9  9  9  9  9  9  9  9  9  9  9  9  9 
 1  1  1  1  1  1  1  1  1  1  1  1  1  2  2  2  2  2  2  2  2  2  2  2  2  2  2  2  2  9  9  9  9  9  9  9  9  9  9  9  9  9  9  9 
 1  1  1  1  1  1  1  1  1  1  1  1  1  2  2  2  2  2  2  2  2  2  2  2  2  2  2 10 10 10 10 10  9  9  9  9  9  9  9  9  9  9  9  9 
 1  1  1  1  1  1  1  1  1  1  1  1  2  2  2  2  2  2  2  2  2  2  2  2  2  2 10 10 10 10 10 10 10 10 10 10 10 10 10 10  9  9  9  9 
 1  1  1  1  1  1  1  1  8  1  1  2  2  2  2  2  2  2  2  2  2  2  2 11 11 11 11 11 11 10 11 10 10 10 10 10 10 10 10 10  9  9  9  9 
 1  1  1  1  1  1  1  1  8  8  1  2  2  2  2  2  2  2  2  2  2 11 11 11 11 11 11 11 11 11 11 10 10 10 10 10 10 10 10 10  9  9  9  9 
 1  1  1  1  1  8  8  8  8  8  8  8  8  2  2  2  2  2  2 11 11 11 11 11 11 11 11 11 11 11 11 10 10 10 10 10 10 10 10 10  9  9  9  9 
 1  1  1  8  8  8  8  8  8  8  8  8  8  8  8  8  8  2 11 11 11 11 11 11 11 11 11 11 11 11 11 11 10 10 10 10 10 10 10 10  9  9  9  9 
 1  8  8  8  8  8  8  8  8  8  8  8  8  8  8  8  8  8 11 11 11 11 11 11 11 11 11 11 11 11 11 11 11 11 11 11 10 10 10 10  9  9  9  9 
 8  8  8  8  8  8  8  8  8  8  8  8  8  8  8  8  8  8 11 11 11 11 11 11 11 11 11 11 11 11 11 11 11 11 11 11 11 10 10  9  9  9  9  9 
 8  8  8  8  8  8  8  8  8  8  8  8  8  8  8  8  8  5 11 11 11 11 11 11 11 11 11 11 11 11 11 11 11 11 11 11 11 10 10 10  9  9  9  9 
 8  8  8  8  8  8  8  8  8  8  8  8  8  8  8  8  8  5  5  5 11 11 11 11 11 11 11 11 11 11 11 11 11 11 11 11 11 10 10 10  9  9  9  9 
 8  8  8  8  8  8  8  8  8  8  8  8  8  8  8  8  5  5  5  5 11 11 11 11 11 11 11 11 11 11 11 11 11 11 11 11 11 10 10 10  9  9  9  9 
 8  8  8  8  8  8  8  8  8  8  8  8  8  8  5  5  5  5  5  5 11 11 11 11 11 11 11 11 11 11 11 11 11 11 11 11 11 10 10 10  9  9  9  9 
 8  8  8  8  8  8  8  8  8  8  8  5  5  5  5  5  5  5  5  5 11 11  4 11 11 11 11 11 11 11 11 11 11 11 11 11 11 10 10 10  9  9  9  9 
 8  8  8  8  8  8  8  8  8  8  8  5  5  5  5  5  5  5  5  5  5  4  4  4  4  4 11 11 11 11 11 11 11 11 11 11 10 10 10 10  9  9  9  9 
 8  8  8  8  8  8  8  8  5  5  5  5  5  5  5  5  5  5  5  5  4  4  4  4  4  4 11 11 11 11 11 11 11 11 11 11 10 10 10 10  9  9  9  9 
 8  8  8  8  8  8  8  8  5  5  5  5  5  5  5  5  5  5  5  5  4  4  4  4  4  4  4  4  4 11 11 11  4  4 11 11 10 10 10 10 10 10 10  9 
 8  8  8  8  8  8  8  8  5  5  5  5  5  5  5  5  5  5  5  5  4  4  4  4  4  4  4  4  4  4  4  4  4  4 11 11 11 11 10 10 10 10 10 10 
 8  8  8  8  8  8  5  5  5  5  5  5  5  5  5  5  5  5  5  5  4  4  4  4  4  4  4  4  4  4  4  4  4  4 11 11 11 11 10 10 10 10 10 10 
 8  8  8  8  5  5  5  5  5  5  5  5  5  5  5  5  5  5  5  5  4  4  4  4  4  4  4  4  4  4  4  4  4  4  4  4  4 11 10 10 10 10 10 10 
 8  8  8  8  5  5  5  5  5  5  5  5  5  5  5  5  5  5  5  5  4  4  4  4  4  4  4  4  4  4  4  4  4  4  4  4  4 10 10 10 10 10 10 10 
 8  8  8  8  5  5  5  5  5  5  5  5  5  5  5  5  5  5  5  4  4  4  4  4  4  4  4  4  4  4  4  4  4  4  4  4  4  4  4 10 10 10 10 10 
 8  8  8  8  5  5  5  5  5  5  5  5  5  5  5  5  5  5  5  4  4  4  4  4  4  4  4  4  4  4  4  4  4  4  4  4  4  4  4 10 10 10 10 10 
 5  5  5  5  5  5  5  5  5  5  5  5  5  5  5  5  5  5  5  4  4  4  4  4  4  4  4  4  4  4  4  4  4  4  4  4  4  4  4 10 10 10 10 10 
 5  5  5  5  5  5  5  5  5  5  5  5  5  5  5  5  5  5  5  4  4  4  4  4  4  4  4  4  4  4  4  4  4  4  4  4  4  4  4 10 10 10 10 10 
 5  5  5  5  5  5  5  5  5  5  5  5  5  5  5  5  5  5  5  4  4  4  4  4  4  4  4  4  4  4  4  4  4  4  4  4  4  4  4  4 10 10 10 10 
 5  5  5  5  5  5  5  5  5  5  5  5  5  5  5  4  4  4  4  4  4  4  4  4  4  4  4  4  4  4  4  4  4  4  4  4  4  4  4  4 10 10 10 10 
