125
1 3
2 3
3 1
4 3
5 0
6 0
7 2
8 0
9 3
10 3
11 1
12 0
13 2
14 1
15 2
16 2
17 3
18 2
19 0
20 3
21 0
22 1
23 2
24 3
25 2
26 3
27 2
28 3
29 2
30 3
31 2
32 3
33 2
34 0
35 3
36 0
37 1
38 3
39 3
40 2
41 0
42 1
43 0
44 2
45 0
46 3
47 3
48 3
49 0
50 1
51 3
52 0
53 1
54 3
55 3
56 1
57 1
58 2
59 0
60 2
61 2
62 2
63 0
64 2
65 3
66 0
67 1
68 3
69 2
70 3
71 2
72 2
73 1
74 1
75 1
76 1
77 2
78 1
79 2
80 0
81 1
82 1
83 3
84 2
85 3
86 0
87 1
88 2
89 2
90 0
91 3
92 1
93 3
94 3
95 1
96 0
97 0
98 1
99 2
100 3
101 1
102 3
103 0
104 3
105 3
106 0
107 3
108 1
109 2
110 3
111 0
112 2
113 0
114 2
115 0
116 1
117 1
118 1
119 1
120 0
121 0
122 0
123 1
124 0
125 0
