125
1 4 0 1 2 3
2 4 0 1 2 3
3 4 0 1 2 3
4 4 0 1 2 3
5 4 0 1 2 3
6 4 0 1 2 3
7 4 0 1 2 3
8 4 0 1 2 3
9 4 0 1 2 3
10 4 0 1 2 3
11 4 0 1 2 3
12 4 0 1 2 3
13 4 0 1 2 3
14 4 0 1 2 3
15 4 0 1 2 3
16 4 0 1 2 3
17 4 0 1 2 3
18 4 0 1 2 3
19 4 0 1 2 3
20 4 0 1 2 3
21 4 0 1 2 3
22 4 0 1 2 3
23 4 0 1 2 3
24 4 0 1 2 3
25 4 0 1 2 3
26 4 0 1 2 3
27 4 0 1 2 3
28 4 0 1 2 3
29 4 0 1 2 3
30 4 0 1 2 3
31 4 0 1 2 3
32 4 0 1 2 3
33 4 0 1 2 3
34 4 0 1 2 3
35 4 0 1 2 3
36 4 0 1 2 3
37 4 0 1 2 3
38 4 0 1 2 3
39 4 0 1 2 3
40 4 0 1 2 3
41 4 0 1 2 3
42 4 0 1 2 3
43 4 0 1 2 3
44 4 0 1 2 3
45 4 0 1 2 3
46 4 0 1 2 3
47 4 0 1 2 3
48 4 0 1 2 3
49 4 0 1 2 3
50 4 0 1 2 3
51 4 0 1 2 3
52 4 0 1 2 3
53 4 0 1 2 3
54 4 0 1 2 3
55 4 0 1 2 3
56 4 0 1 2 3
57 4 0 1 2 3
58 4 0 1 2 3
59 4 0 1 2 3
60 4 0 1 2 3
61 4 0 1 2 3
62 4 0 1 2 3
63 4 0 1 2 3
64 4 0 1 2 3
65 4 0 1 2 3
66 4 0 1 2 3
67 4 0 1 2 3
68 4 0 1 2 3
69 4 0 1 2 3
70 4 0 1 2 3
71 4 0 1 2 3
72 4 0 1 2 3
73 4 0 1 2 3
74 4 0 1 2 3
75 4 0 1 2 3
76 4 0 1 2 3
77 4 0 1 2 3
78 4 0 1 2 3
79 4 0 1 2 3
80 4 0 1 2 3
81 4 0 1 2 3
82 4 0 1 2 3
83 4 0 1 2 3
84 4 0 1 2 3
85 4 0 1 2 3
86 4 0 1 2 3
87 4 0 1 2 3
88 4 0 1 2 3
89 4 0 1 2 3
90 4 0 1 2 3
91 4 0 1 2 3
92 4 0 1 2 3
93 4 0 1 2 3
94 4 0 1 2 3
95 4 0 1 2 3
96 4 0 1 2 3
97 4 0 1 2 3
98 4 0 1 2 3
99 4 0 1 2 3
100 4 0 1 2 3
101 4 0 1 2 3
102 4 0 1 2 3
103 4 0 1 2 3
104 4 0 1 2 3
105 4 0 1 2 3
106 4 0 1 2 3
107 4 0 1 2 3
108 4 0 1 2 3
109 4 0 1 2 3
110 4 0 1 2 3
111 4 0 1 2 3
112 4 0 1 2 3
113 4 0 1 2 3
114 4 0 1 2 3
115 4 0 1 2 3
116 4 0 1 2 3
117 4 0 1 2 3
118 4 0 1 2 3
119 4 0 1 2 3
120 4 0 1 2 3
121 4 0 1 2 3
122 4 0 1 2 3
123 4 0 1 2 3
124 4 0 1 2 3
125 4 0 1 2 3
340
1 82 4   0 0   1 1   2 2   3 3
1 21 4   0 0   1 1   2 2   3 3
1 8 4   0 0   1 1   2 2   3 3
1 77 4   0 0   1 1   2 2   3 3
2 97 4   0 0   1 1   2 2   3 3
2 118 4   0 0   1 1   2 2   3 3
2 71 4   0 0   1 1   2 2   3 3
2 92 4   0 0   1 1   2 2   3 3
2 62 4   0 0   1 1   2 2   3 3
3 84 4   0 0   1 1   2 2   3 3
3 10 4   0 0   1 1   2 2   3 3
3 94 4   0 0   1 1   2 2   3 3
3 111 4   0 0   1 1   2 2   3 3
3 63 4   0 0   1 1   2 2   3 3
4 81 4   0 0   1 1   2 2   3 3
4 49 4   0 0   1 1   2 2   3 3
4 82 4   0 0   1 1   2 2   3 3
4 21 4   0 0   1 1   2 2   3 3
4 90 4   0 0   1 1   2 2   3 3
4 29 4   0 0   1 1   2 2   3 3
5 32 4   0 0   1 1   2 2   3 3
5 98 4   0 0   1 1   2 2   3 3
5 18 4   0 0   1 1   2 2   3 3
5 40 4   0 0   1 1   2 2   3 3
5 26 4   0 0   1 1   2 2   3 3
5 74 4   0 0   1 1   2 2   3 3
6 64 4   0 0   1 1   2 2   3 3
6 67 4   0 0   1 1   2 2   3 3
6 100 4   0 0   1 1   2 2   3 3
6 116 4   0 0   1 1   2 2   3 3
6 20 4   0 0   1 1   2 2   3 3
6 60 4   0 0   1 1   2 2   3 3
7 34 4   0 0   1 1   2 2   3 3
7 123 4   0 0   1 1   2 2   3 3
8 107 4   0 0   1 1   2 2   3 3
8 77 4   0 0   1 1   2 2   3 3
9 66 4   0 0   1 1   2 2   3 3
9 19 4   0 0   1 1   2 2   3 3
9 58 4   0 0   1 1   2 2   3 3
9 14 4   0 0   1 1   2 2   3 3
10 84 4   0 0   1 1   2 2   3 3
10 71 4   0 0   1 1   2 2   3 3
10 11 4   0 0   1 1   2 2   3 3
10 75 4   0 0   1 1   2 2   3 3
10 111 4   0 0   1 1   2 2   3 3
11 84 4   0 0   1 1   2 2   3 3
11 102 4   0 0   1 1   2 2   3 3
11 71 4   0 0   1 1   2 2   3 3
11 72 4   0 0   1 1   2 2   3 3
11 63 4   0 0   1 1   2 2   3 3
12 83 4   0 0   1 1   2 2   3 3
12 87 4   0 0   1 1   2 2   3 3
12 23 4   0 0   1 1   2 2   3 3
12 89 4   0 0   1 1   2 2   3 3
12 105 4   0 0   1 1   2 2   3 3
12 108 4   0 0   1 1   2 2   3 3
13 50 4   0 0   1 1   2 2   3 3
13 115 4   0 0   1 1   2 2   3 3
13 85 4   0 0   1 1   2 2   3 3
13 56 4   0 0   1 1   2 2   3 3
13 106 4   0 0   1 1   2 2   3 3
13 46 4   0 0   1 1   2 2   3 3
14 64 4   0 0   1 1   2 2   3 3
14 51 4   0 0   1 1   2 2   3 3
14 19 4   0 0   1 1   2 2   3 3
14 121 4   0 0   1 1   2 2   3 3
14 58 4   0 0   1 1   2 2   3 3
14 125 4   0 0   1 1   2 2   3 3
15 101 4   0 0   1 1   2 2   3 3
15 106 4   0 0   1 1   2 2   3 3
15 45 4   0 0   1 1   2 2   3 3
15 46 4   0 0   1 1   2 2   3 3
16 113 4   0 0   1 1   2 2   3 3
16 54 4   0 0   1 1   2 2   3 3
16 76 4   0 0   1 1   2 2   3 3
17 33 4   0 0   1 1   2 2   3 3
17 81 4   0 0   1 1   2 2   3 3
17 21 4   0 0   1 1   2 2   3 3
17 41 4   0 0   1 1   2 2   3 3
17 42 4   0 0   1 1   2 2   3 3
18 116 4   0 0   1 1   2 2   3 3
18 52 4   0 0   1 1   2 2   3 3
18 119 4   0 0   1 1   2 2   3 3
18 26 4   0 0   1 1   2 2   3 3
18 74 4   0 0   1 1   2 2   3 3
18 125 4   0 0   1 1   2 2   3 3
19 51 4   0 0   1 1   2 2   3 3
19 88 4   0 0   1 1   2 2   3 3
20 64 4   0 0   1 1   2 2   3 3
20 67 4   0 0   1 1   2 2   3 3
20 121 4   0 0   1 1   2 2   3 3
21 81 4   0 0   1 1   2 2   3 3
21 82 4   0 0   1 1   2 2   3 3
21 23 4   0 0   1 1   2 2   3 3
21 42 4   0 0   1 1   2 2   3 3
21 93 4   0 0   1 1   2 2   3 3
21 77 4   0 0   1 1   2 2   3 3
22 96 4   0 0   1 1   2 2   3 3
22 66 4   0 0   1 1   2 2   3 3
22 24 4   0 0   1 1   2 2   3 3
22 58 4   0 0   1 1   2 2   3 3
22 79 4   0 0   1 1   2 2   3 3
23 83 4   0 0   1 1   2 2   3 3
23 118 4   0 0   1 1   2 2   3 3
23 105 4   0 0   1 1   2 2   3 3
23 42 4   0 0   1 1   2 2   3 3
23 93 4   0 0   1 1   2 2   3 3
23 111 4   0 0   1 1   2 2   3 3
24 96 4   0 0   1 1   2 2   3 3
24 67 4   0 0   1 1   2 2   3 3
24 121 4   0 0   1 1   2 2   3 3
24 58 4   0 0   1 1   2 2   3 3
25 34 4   0 0   1 1   2 2   3 3
25 36 4   0 0   1 1   2 2   3 3
25 70 4   0 0   1 1   2 2   3 3
25 122 4   0 0   1 1   2 2   3 3
25 91 4   0 0   1 1   2 2   3 3
25 95 4   0 0   1 1   2 2   3 3
26 98 4   0 0   1 1   2 2   3 3
26 34 4   0 0   1 1   2 2   3 3
26 119 4   0 0   1 1   2 2   3 3
26 61 4   0 0   1 1   2 2   3 3
27 98 4   0 0   1 1   2 2   3 3
27 36 4   0 0   1 1   2 2   3 3
27 70 4   0 0   1 1   2 2   3 3
27 103 4   0 0   1 1   2 2   3 3
27 55 4   0 0   1 1   2 2   3 3
27 57 4   0 0   1 1   2 2   3 3
28 115 4   0 0   1 1   2 2   3 3
28 69 4   0 0   1 1   2 2   3 3
28 73 4   0 0   1 1   2 2   3 3
28 124 4   0 0   1 1   2 2   3 3
28 31 4   0 0   1 1   2 2   3 3
29 49 4   0 0   1 1   2 2   3 3
29 85 4   0 0   1 1   2 2   3 3
29 101 4   0 0   1 1   2 2   3 3
29 56 4   0 0   1 1   2 2   3 3
29 90 4   0 0   1 1   2 2   3 3
30 122 4   0 0   1 1   2 2   3 3
30 109 4   0 0   1 1   2 2   3 3
30 78 4   0 0   1 1   2 2   3 3
30 95 4   0 0   1 1   2 2   3 3
31 115 4   0 0   1 1   2 2   3 3
31 53 4   0 0   1 1   2 2   3 3
31 43 4   0 0   1 1   2 2   3 3
31 124 4   0 0   1 1   2 2   3 3
31 78 4   0 0   1 1   2 2   3 3
31 47 4   0 0   1 1   2 2   3 3
32 98 4   0 0   1 1   2 2   3 3
32 103 4   0 0   1 1   2 2   3 3
32 40 4   0 0   1 1   2 2   3 3
33 48 4   0 0   1 1   2 2   3 3
33 41 4   0 0   1 1   2 2   3 3
33 42 4   0 0   1 1   2 2   3 3
34 98 4   0 0   1 1   2 2   3 3
34 70 4   0 0   1 1   2 2   3 3
34 123 4   0 0   1 1   2 2   3 3
34 91 4   0 0   1 1   2 2   3 3
34 61 4   0 0   1 1   2 2   3 3
35 52 4   0 0   1 1   2 2   3 3
35 116 4   0 0   1 1   2 2   3 3
35 40 4   0 0   1 1   2 2   3 3
35 120 4   0 0   1 1   2 2   3 3
35 74 4   0 0   1 1   2 2   3 3
35 60 4   0 0   1 1   2 2   3 3
36 68 4   0 0   1 1   2 2   3 3
36 70 4   0 0   1 1   2 2   3 3
36 57 4   0 0   1 1   2 2   3 3
36 109 4   0 0   1 1   2 2   3 3
36 95 4   0 0   1 1   2 2   3 3
37 80 4   0 0   1 1   2 2   3 3
37 65 4   0 0   1 1   2 2   3 3
37 114 4   0 0   1 1   2 2   3 3
37 38 4   0 0   1 1   2 2   3 3
37 120 4   0 0   1 1   2 2   3 3
38 96 4   0 0   1 1   2 2   3 3
38 80 4   0 0   1 1   2 2   3 3
38 114 4   0 0   1 1   2 2   3 3
38 89 4   0 0   1 1   2 2   3 3
38 108 4   0 0   1 1   2 2   3 3
39 59 4   0 0   1 1   2 2   3 3
39 43 4   0 0   1 1   2 2   3 3
39 44 4   0 0   1 1   2 2   3 3
39 78 4   0 0   1 1   2 2   3 3
40 103 4   0 0   1 1   2 2   3 3
40 55 4   0 0   1 1   2 2   3 3
40 120 4   0 0   1 1   2 2   3 3
40 57 4   0 0   1 1   2 2   3 3
40 74 4   0 0   1 1   2 2   3 3
41 48 4   0 0   1 1   2 2   3 3
41 81 4   0 0   1 1   2 2   3 3
41 69 4   0 0   1 1   2 2   3 3
41 73 4   0 0   1 1   2 2   3 3
42 48 4   0 0   1 1   2 2   3 3
42 83 4   0 0   1 1   2 2   3 3
42 86 4   0 0   1 1   2 2   3 3
43 50 4   0 0   1 1   2 2   3 3
43 53 4   0 0   1 1   2 2   3 3
43 78 4   0 0   1 1   2 2   3 3
43 47 4   0 0   1 1   2 2   3 3
44 104 4   0 0   1 1   2 2   3 3
44 122 4   0 0   1 1   2 2   3 3
44 59 4   0 0   1 1   2 2   3 3
44 78 4   0 0   1 1   2 2   3 3
45 101 4   0 0   1 1   2 2   3 3
45 46 4   0 0   1 1   2 2   3 3
46 50 4   0 0   1 1   2 2   3 3
46 106 4   0 0   1 1   2 2   3 3
47 50 4   0 0   1 1   2 2   3 3
47 115 4   0 0   1 1   2 2   3 3
47 53 4   0 0   1 1   2 2   3 3
48 80 4   0 0   1 1   2 2   3 3
48 86 4   0 0   1 1   2 2   3 3
48 89 4   0 0   1 1   2 2   3 3
48 73 4   0 0   1 1   2 2   3 3
49 82 4   0 0   1 1   2 2   3 3
50 115 4   0 0   1 1   2 2   3 3
51 88 4   0 0   1 1   2 2   3 3
51 125 4   0 0   1 1   2 2   3 3
52 116 4   0 0   1 1   2 2   3 3
52 74 4   0 0   1 1   2 2   3 3
54 97 4   0 0   1 1   2 2   3 3
54 76 4   0 0   1 1   2 2   3 3
54 62 4   0 0   1 1   2 2   3 3
55 103 4   0 0   1 1   2 2   3 3
55 57 4   0 0   1 1   2 2   3 3
56 115 4   0 0   1 1   2 2   3 3
56 85 4   0 0   1 1   2 2   3 3
56 90 4   0 0   1 1   2 2   3 3
56 110 4   0 0   1 1   2 2   3 3
57 65 4   0 0   1 1   2 2   3 3
57 99 4   0 0   1 1   2 2   3 3
57 68 4   0 0   1 1   2 2   3 3
57 120 4   0 0   1 1   2 2   3 3
58 66 4   0 0   1 1   2 2   3 3
58 121 4   0 0   1 1   2 2   3 3
60 67 4   0 0   1 1   2 2   3 3
60 116 4   0 0   1 1   2 2   3 3
60 120 4   0 0   1 1   2 2   3 3
61 119 4   0 0   1 1   2 2   3 3
62 113 4   0 0   1 1   2 2   3 3
62 97 4   0 0   1 1   2 2   3 3
62 92 4   0 0   1 1   2 2   3 3
62 76 4   0 0   1 1   2 2   3 3
63 84 4   0 0   1 1   2 2   3 3
63 117 4   0 0   1 1   2 2   3 3
63 94 4   0 0   1 1   2 2   3 3
63 79 4   0 0   1 1   2 2   3 3
64 100 4   0 0   1 1   2 2   3 3
64 121 4   0 0   1 1   2 2   3 3
64 125 4   0 0   1 1   2 2   3 3
65 80 4   0 0   1 1   2 2   3 3
65 99 4   0 0   1 1   2 2   3 3
65 120 4   0 0   1 1   2 2   3 3
66 117 4   0 0   1 1   2 2   3 3
66 79 4   0 0   1 1   2 2   3 3
67 96 4   0 0   1 1   2 2   3 3
67 114 4   0 0   1 1   2 2   3 3
67 120 4   0 0   1 1   2 2   3 3
67 121 4   0 0   1 1   2 2   3 3
68 99 4   0 0   1 1   2 2   3 3
68 124 4   0 0   1 1   2 2   3 3
68 109 4   0 0   1 1   2 2   3 3
69 81 4   0 0   1 1   2 2   3 3
69 115 4   0 0   1 1   2 2   3 3
69 73 4   0 0   1 1   2 2   3 3
69 90 4   0 0   1 1   2 2   3 3
69 110 4   0 0   1 1   2 2   3 3
70 98 4   0 0   1 1   2 2   3 3
71 102 4   0 0   1 1   2 2   3 3
71 118 4   0 0   1 1   2 2   3 3
71 75 4   0 0   1 1   2 2   3 3
71 92 4   0 0   1 1   2 2   3 3
71 111 4   0 0   1 1   2 2   3 3
72 113 4   0 0   1 1   2 2   3 3
72 102 4   0 0   1 1   2 2   3 3
73 80 4   0 0   1 1   2 2   3 3
73 99 4   0 0   1 1   2 2   3 3
73 124 4   0 0   1 1   2 2   3 3
75 111 4   0 0   1 1   2 2   3 3
76 113 4   0 0   1 1   2 2   3 3
77 118 4   0 0   1 1   2 2   3 3
77 107 4   0 0   1 1   2 2   3 3
77 93 4   0 0   1 1   2 2   3 3
78 122 4   0 0   1 1   2 2   3 3
78 124 4   0 0   1 1   2 2   3 3
78 109 4   0 0   1 1   2 2   3 3
79 96 4   0 0   1 1   2 2   3 3
79 117 4   0 0   1 1   2 2   3 3
79 108 4   0 0   1 1   2 2   3 3
79 94 4   0 0   1 1   2 2   3 3
80 99 4   0 0   1 1   2 2   3 3
80 89 4   0 0   1 1   2 2   3 3
81 90 4   0 0   1 1   2 2   3 3
83 86 4   0 0   1 1   2 2   3 3
83 87 4   0 0   1 1   2 2   3 3
85 101 4   0 0   1 1   2 2   3 3
85 106 4   0 0   1 1   2 2   3 3
86 87 4   0 0   1 1   2 2   3 3
86 89 4   0 0   1 1   2 2   3 3
87 89 4   0 0   1 1   2 2   3 3
88 119 4   0 0   1 1   2 2   3 3
88 125 4   0 0   1 1   2 2   3 3
89 108 4   0 0   1 1   2 2   3 3
90 110 4   0 0   1 1   2 2   3 3
91 112 4   0 0   1 1   2 2   3 3
91 122 4   0 0   1 1   2 2   3 3
91 123 4   0 0   1 1   2 2   3 3
92 113 4   0 0   1 1   2 2   3 3
92 102 4   0 0   1 1   2 2   3 3
93 118 4   0 0   1 1   2 2   3 3
94 108 4   0 0   1 1   2 2   3 3
94 111 4   0 0   1 1   2 2   3 3
95 122 4   0 0   1 1   2 2   3 3
95 109 4   0 0   1 1   2 2   3 3
96 114 4   0 0   1 1   2 2   3 3
96 108 4   0 0   1 1   2 2   3 3
97 118 4   0 0   1 1   2 2   3 3
97 107 4   0 0   1 1   2 2   3 3
98 103 4   0 0   1 1   2 2   3 3
99 124 4   0 0   1 1   2 2   3 3
100 116 4   0 0   1 1   2 2   3 3
100 125 4   0 0   1 1   2 2   3 3
101 106 4   0 0   1 1   2 2   3 3
102 113 4   0 0   1 1   2 2   3 3
104 112 4   0 0   1 1   2 2   3 3
104 122 4   0 0   1 1   2 2   3 3
104 123 4   0 0   1 1   2 2   3 3
105 108 4   0 0   1 1   2 2   3 3
105 111 4   0 0   1 1   2 2   3 3
107 118 4   0 0   1 1   2 2   3 3
108 111 4   0 0   1 1   2 2   3 3
109 124 4   0 0   1 1   2 2   3 3
110 115 4   0 0   1 1   2 2   3 3
111 118 4   0 0   1 1   2 2   3 3
112 122 4   0 0   1 1   2 2   3 3
112 123 4   0 0   1 1   2 2   3 3
114 120 4   0 0   1 1   2 2   3 3
116 125 4   0 0   1 1   2 2   3 3
119 125 4   0 0   1 1   2 2   3 3
