127
1 2
2 2
3 2
4 0
5 1
6 2
7 0
8 0
9 1
10 3
11 0
12 2
13 1
14 1
15 3
16 2
17 1
18 1
19 1
20 3
21 0
22 3
23 2
24 1
25 0
26 2
27 1
28 3
29 2
30 0
31 2
32 3
33 0
34 2
35 0
36 3
37 2
38 3
39 2
40 0
41 1
42 1
43 3
44 3
45 3
46 3
47 3
48 1
49 2
50 1
51 2
52 2
53 3
54 3
55 3
56 1
57 1
58 2
59 0
60 0
61 3
62 3
63 3
64 3
65 3
66 3
67 3
68 3
69 0
70 1
71 2
72 1
73 2
74 2
75 1
76 0
77 1
78 2
79 1
80 1
81 2
82 0
83 3
84 0
85 1
86 3
87 0
88 2
89 1
90 2
91 2
92 3
93 1
94 1
95 0
96 3
97 2
98 2
99 0
100 0
101 2
102 1
103 2
104 1
105 3
106 1
107 0
108 0
109 2
110 0
111 2
112 2
113 0
114 0
115 0
116 2
117 1
118 1
119 0
120 3
121 3
122 3
123 0
124 1
125 3
126 2
127 0
