129
1 1
2 3
3 3
4 2
5 2
6 3
7 2
8 2
9 2
10 2
11 2
12 0
13 3
14 1
15 2
16 2
17 1
18 2
19 1
20 3
21 3
22 3
23 2
24 3
25 3
26 3
27 3
28 2
29 3
30 3
31 0
32 2
33 0
34 3
35 3
36 0
37 2
38 1
39 1
40 1
41 1
42 2
43 1
44 0
45 2
46 3
47 0
48 3
49 2
50 0
51 2
52 0
53 1
54 1
55 1
56 1
57 0
58 1
59 1
60 1
61 0
62 2
63 2
64 1
65 2
66 1
67 1
68 2
69 2
70 0
71 0
72 2
73 1
74 3
75 0
76 0
77 2
78 0
79 1
80 3
81 1
82 3
83 3
84 3
85 3
86 2
87 3
88 0
89 0
90 3
91 0
92 3
93 2
94 2
95 1
96 1
97 0
98 0
99 3
100 2
101 3
102 3
103 3
104 0
105 2
106 1
107 0
108 1
109 1
110 1
111 2
112 2
113 3
114 0
115 0
116 3
117 3
118 0
119 3
120 2
121 0
122 3
123 0
124 1
125 3
126 3
127 0
128 1
129 3
