48 48
 9  9  9  9  9  9  9  9  9  9  9  9  9  9  9  9  6  6  6  3  3  3  3  3  3  3  3  3  3  3  3  3  3  3  3  3  3  3  3  3  3  3  3  3  3  3  3  3 
 9  9  9  9  9  9  9  9  9  9  9  9  9  9  9  9  9  6  6  3  3  3  3  3  3  3  3  3  3  3  3  3  3  3  3  3  3  3  3  3  3  3  3  3  3  3  3  3 
 9  9  9  9  9  9  9  9  9  9  9  9  9  9  9  9  9  6  6  3  3  3  3  3  3  3  3  3  3  3  3  3  3  3  3  3  3  3  3  3  3  3  3  3  3  3  3  3 
 9  9  9  9  9  9  9  9  9  9  9  9  9  9  9  9  9  6  6  3  6  3  3  3  3  3  3  3  3  3  3  3  3  3  3  3  3  3  3  3  3  3  3  3  3  3  3  3 
 9  9  9  9  9  9  9  9  9  9  9  9  9  9  9  9  9  9  6  6  6  3  3  3  3  3  3  3  3  3  3  3  3  3  3  3  3  3  3  3  3  3  3  3  3  3  3  3 
 9  9  9  9  9  9  9  9  9  9  9  9  9  9  9  9  9  6  6  6  6  6  3  3  3  3  3  3  3  3  3  3  3  3  3  3 11 11 11 11 11 11 11 11 11  3  3  3 
 9  9  9  9  9  9  9  9  9  9  9  9  9  9  9  9  9  6  6  6  6  6  3  3  3  3  3  3  3  3  3  3 11  3  3  3 11 11 11 11 11 11 11 11 11  3 11 11 
 9  9  9  9  9  9  9  9  9  9  9  9  9  9  9  9  9  9  6  6  6  6  6  6  6  3  3  3 11 11 11 11 11 11 11 11 11 11 11 11 11 11 11 11 11 11 11  7 
 9  9  9  9  9  9  9  9  9  9  9  9  9  9  9  9  9  6  6  6  6  6  6  6  6  6  3  3 11 11 11 11 11 11 11 11 11 11 11 11 11 11 11 11 11 11 11  7 
 9  9  9  9  9  9  9  9  9  9  9  9  9  9  9  9  9  6  6  6  6  6  6  6  6  6 11 11 11 11 11 11 11 11 11 11 11 11 11 11 11  7 11 11 11 11 11  7 
 9  9  9  9  9  9  9  9  9  9  9  9  9  9  9  9  9  6  6  6  6  6  6  6  6  6 11 11 11 11 11 11 11 11 11 11 11 11 11 11 11  7  7  7 11 11 11  7 
 6  6  6  9  9  9  9  9  9  9  9  9  9  9  9  9  9  6  6  6  6  6  6  6  6  6 11 11 11 11 11 11 11 11 11 11 11 11 11 11 11  7  7  7  7  7  7  7 
 6  6  6  6  9  9  9  9  9  9  9  9  9  9  9  9  6  6  6  6  6  6  6  6  6  6  6 11 11 11 11 11 11 11 11 11 11  7  7  7  7  7  7  7  7  7  7  7 
 6  6  6  6  9  9  9  9  9  9  9  9  9  9  9  9  6  6  6  6  6  6  6  6  6  8  8  8 11 11 11 11 11 11 11 11 11  7  7  7  7  7  7  7  7  7  7  7 
 6  6  6  6  6  9  9  9  9  9  9  9  9  9  9  9  6  6  6  6  6  6  6  8  8  8  8  8  8  8  8 11 11 11 11 11 11  7  7  7  7  7  7  7  7  7  7  7 
 6  6  6  6  6  9  9  9  9  9  9  9  9  9  9  9  6  6  6  6  6  8  8  8  8  8  8  8  8  8  8 11 11 11 11 11  7  7  7  7  7  7  7  7  7  7  7  7 
 6  6  6  6  6  9  9  9  9  9  9  9  9  9  6  6  6  6  6  6  6  8  8  8  8  8  8  8  8  8  8  8 11 11 11 11  7  7  7  7  7  7  7  7  7  7  7  7 
 6  6  6  6  6  6  6  6  6  9  9  6  6  6  6  6  6  6  6  6  6  8  8  8  8  8  8  8  8  8  8 11 11 11 11 11  7  7  7  7  7  7  7  7  7  7  7  7 
 6  6  6  6  6  6  6  6  6  6  6  6  6  6  6  6  6  6  6  6  8  8  8  8  8  8  8  8  8  8  8 11 11 11 11 11  7  7  7  7  7  7  7  7  7  7  7  7 
 6  6  6  6  6  6  6  6  6  6  6  6  6  6  6  6  6  6  6  6  8  8  8  8  8  8  8  8  8  8  8 11 11 11 11 11  7  7  7  7  7  7  7  7  7  7  7  7 
 6  6  6  6  6  6  6  6  6  6  6  6  6  6  6  6  6  6  8  8  8  8  8  8  8  8  8  8  8  8  8 11 11 11 11 11  7  7  7  7  7  7  7  7  7  7  7  7 
 6  6  6  6  6  4  4  4  6  6  6  6  6  6  6  6  6  6  8  8  8  8  8  8  8  8  8  8  8  8  8 11 11 11 11  7  7  7  7  7  7  7  7  7  7  7  7  7 
 6  6  6  6  6  4  4  4  6  6  6  6  6  6  6  6  6  8  8  8  8  8  8  8  8  8  8  8  8  8  8  8 11  7  7  7  7  7  7  7  7  7  7  7  7  7  7  7 
 4  4  4  4  4  4  4  6  6  6  6  6  6  6  6  6  6  8  8  8  8  8  8  8  8  8  8  8  8  8  8  8 12  7  7  7  7  7  7  7  7  7  7  7  7 10 10  7 
 4  4  4  4  4  4  4  4  4  6  6  6  6  6  6  6  8  8  8  8  8  8  8  8  8  8  8  8  8  8 12 12 12 12  7  7  7  7  7  7  7 10 10 10 10 10 10 10 
 4  4  4  4  4  4  4  4  4  4  4  4  6  6  6  8  8  8  8  8  8  8  8  8  8  8  8  8  8 12 12 12 12 12 12  7  7 12 12  7 10 10 10 10 10 10 10 10 
 4  4  4  4  4  4  4  4  4  4  4  4  6  6  8  8  8  8  8  8  8  8  8  8  8  8  8  8 12 12 12 12 12 12 12 12 12 12 12 10 10 10 10 10 10 10 10 10 
 4  4  4  4  4  4  4  4  4  4  4  4  8  8  8  8  8  8  8  8  8  8  8 12  8  8  8 12 12 12 12 12 12 12 12 12 12 12 12 10 10 10 10 10 10 10 10 10 
 4  4  4  4  4  4  4  4  4  4  4  4  8  8  8  8  8 12 12  8  8  8  8 12 12 12  8 12 12 12 12 12 12 12 12 12 12 12 12 10 10 10 10 10 10 10 10 10 
 4  4  4  4  4  4  4  4  4  4  4  8  8  8  8  8  8  8 12 12 12  8 12 12 12 12 12 12 12 12 12 12 12 12 12 12 12 12 12 10 10 10 10 10 10 10 10 10 
 4  4  4  4  4  4  4  4  4  4  4  4  8  8  8  8  2  2 12 12 12  8 12 12  1  1 12 12 12 12 12 12 12 12 12 12 12 12 12 12 12 12 10 10 10 10 10 10 
 4  4  4  4  4  4  4  4  4  4  4  4  4  8  8  8  2  2 12 12 12 12 12  1  1  1  1 12 12 12 12 12 12 12 12 12 12 12 12 12 12 12 12 10 10 10 10 10 
 4  4  4  4  4  4  4  4  4  4  4  4  4  2  2  8  2  2 12 12  1  1  1  1  1  1  1  1 12 12 12 12 12 12 12 12 12 12 12 12 12 12 12 10 10 10 10 10 
 4  4  4  4  4  4  4  4  4  4  4  4  2  2  2  2  2  2 12 12  1  1  1  1  1  1  1  1 12 12 12 12 12 12 12 12 12 12 12 12 12 12 12 10 10 10 10 10 
 4  4  4  4  4  4  4  4  4  4  4  4  2  2  2  2  2  2  2  2  1  1  1  1  1  1  1  1  1  1 12 12 12 12 12 12 12 12 12 12 12 12 10 10 10 10 10 10 
 4  4  4  4  4  4  4  4  4  4  2  2  2  2  2  2  2  2  2  1  1  1  1  1  1  1  1  1  1  1  1  1  1 12 12 12 12 12 12 12 10 10 10 10 10 10 10 10 
 4  4  4  4  4  4  4  4  2  2  2  2  2  2  2  2  2  2  2  1  1  1  1  1  1  1  1  1  1  1  1  1  1 12 12 12 12 12 12 12 10 10 10 10 10 10 10 10 
 4  4  4  4  4  4  4  2  2  2  2  2  2  2  2  2  2  2  2  1  1  1  1  1  1  1  1  1  1  1  1  1 12 12 12 12 12 12 12 10 10 10 10 10 10 10 10 10 
 4  4  4  4  4  4  2  2  2  2  2  2  2  2  2  2  2  2  2  1  1  1  1  1  1  1  1  1  1  1  1  1 12 12 12 12 12 10 10 10 10 10 10 10 10 10 10 10 
 4  4  4  4  4  4  2  2  2  2  2  2  2  2  2  2  2  2  2  2  2  1  1  1  1  1  1  1  1  1  1  1  1  1  1 12 10 10 10 10 10 10 10 10 10 10 10 10 
 4  4  4  4  4  4  4  4  4  2  2  2  2  2  2  2  2  2  2  2  2  1  1  1  1  1  1  1  1  1  1  1  1  1  5 10 10 10 10 10 10 10 10 10 10 10 10 10 
 4  4  4  4  4  4  4  2  2  2  2  2  2  2  2  2  2  2  2  2  1  1  1  1  1  1  1  1  1  1  1  1  1  5  5  5  5  5 10  5  5  5  5  5 10 10 10 10 
 4  4  4  4  4  4  4  4  2  2  2  2  2  2  2  2  2  2  2  2  1  1  1  1  1  1  1  1  1  1  1  5  5  5  5  5  5  5  5  5  5  5  5  5  5  5  5  5 
 4  4  4  4  4  4  2  2  2  2  2  2  2  2  2  2  2  2  2  2  1  1  1  1  1  1  1  1  1  1  5  5  5  5  5  5  5  5  5  5  5  5  5  5  5  5  5  5 
 4  4  4  4  4  2  2  2  2  2  2  2  2  2  2  2  2  2  2  2  1  1  1  1  1  1  1  1  1  1  5  5  5  5  5  5  5  5  5  5  5  5  5  5  5  5  5  5 
 4  4  4  4  4  2  2  2  2  2  2  2  2  2  2  2  2  2  2  2  2  1  1  1  1  1  1  1  1  1  5  5  5  5  5  5  5  5  5  5  5  5  5  5  5  5  5  5 
 4  2  4  2  4  2  2  2  2  2  2  2  2  2  2  2  2  2  2  2  1  1  1  1  1  1  1  1  1  5  5  5  5  5  5  5  5  5  5  5  5  5  5  5  5  5  5  5 
 2  2  2  2  2  2  2  2  2  2  2  2  2  2  2  2  2  2  2  2  1  1  1  1  1  1  1  1  1  5  5  5  5  5  5  5  5  5  5  5  5  5  5  5  5  5  5  5 
