132
1 4 0 1 2 3
2 4 0 1 2 3
3 4 0 1 2 3
4 4 0 1 2 3
5 4 0 1 2 3
6 4 0 1 2 3
7 4 0 1 2 3
8 4 0 1 2 3
9 4 0 1 2 3
10 4 0 1 2 3
11 4 0 1 2 3
12 4 0 1 2 3
13 4 0 1 2 3
14 4 0 1 2 3
15 4 0 1 2 3
16 4 0 1 2 3
17 4 0 1 2 3
18 4 0 1 2 3
19 4 0 1 2 3
20 4 0 1 2 3
21 4 0 1 2 3
22 4 0 1 2 3
23 4 0 1 2 3
24 4 0 1 2 3
25 4 0 1 2 3
26 4 0 1 2 3
27 4 0 1 2 3
28 4 0 1 2 3
29 4 0 1 2 3
30 4 0 1 2 3
31 4 0 1 2 3
32 4 0 1 2 3
33 4 0 1 2 3
34 4 0 1 2 3
35 4 0 1 2 3
36 4 0 1 2 3
37 4 0 1 2 3
38 4 0 1 2 3
39 4 0 1 2 3
40 4 0 1 2 3
41 4 0 1 2 3
42 4 0 1 2 3
43 4 0 1 2 3
44 4 0 1 2 3
45 4 0 1 2 3
46 4 0 1 2 3
47 4 0 1 2 3
48 4 0 1 2 3
49 4 0 1 2 3
50 4 0 1 2 3
51 4 0 1 2 3
52 4 0 1 2 3
53 4 0 1 2 3
54 4 0 1 2 3
55 4 0 1 2 3
56 4 0 1 2 3
57 4 0 1 2 3
58 4 0 1 2 3
59 4 0 1 2 3
60 4 0 1 2 3
61 4 0 1 2 3
62 4 0 1 2 3
63 4 0 1 2 3
64 4 0 1 2 3
65 4 0 1 2 3
66 4 0 1 2 3
67 4 0 1 2 3
68 4 0 1 2 3
69 4 0 1 2 3
70 4 0 1 2 3
71 4 0 1 2 3
72 4 0 1 2 3
73 4 0 1 2 3
74 4 0 1 2 3
75 4 0 1 2 3
76 4 0 1 2 3
77 4 0 1 2 3
78 4 0 1 2 3
79 4 0 1 2 3
80 4 0 1 2 3
81 4 0 1 2 3
82 4 0 1 2 3
83 4 0 1 2 3
84 4 0 1 2 3
85 4 0 1 2 3
86 4 0 1 2 3
87 4 0 1 2 3
88 4 0 1 2 3
89 4 0 1 2 3
90 4 0 1 2 3
91 4 0 1 2 3
92 4 0 1 2 3
93 4 0 1 2 3
94 4 0 1 2 3
95 4 0 1 2 3
96 4 0 1 2 3
97 4 0 1 2 3
98 4 0 1 2 3
99 4 0 1 2 3
100 4 0 1 2 3
101 4 0 1 2 3
102 4 0 1 2 3
103 4 0 1 2 3
104 4 0 1 2 3
105 4 0 1 2 3
106 4 0 1 2 3
107 4 0 1 2 3
108 4 0 1 2 3
109 4 0 1 2 3
110 4 0 1 2 3
111 4 0 1 2 3
112 4 0 1 2 3
113 4 0 1 2 3
114 4 0 1 2 3
115 4 0 1 2 3
116 4 0 1 2 3
117 4 0 1 2 3
118 4 0 1 2 3
119 4 0 1 2 3
120 4 0 1 2 3
121 4 0 1 2 3
122 4 0 1 2 3
123 4 0 1 2 3
124 4 0 1 2 3
125 4 0 1 2 3
126 4 0 1 2 3
127 4 0 1 2 3
128 4 0 1 2 3
129 4 0 1 2 3
130 4 0 1 2 3
131 4 0 1 2 3
132 4 0 1 2 3
362
1 19 4   0 0   1 1   2 2   3 3
1 56 4   0 0   1 1   2 2   3 3
1 127 4   0 0   1 1   2 2   3 3
2 82 4   0 0   1 1   2 2   3 3
2 66 4   0 0   1 1   2 2   3 3
2 131 4   0 0   1 1   2 2   3 3
2 103 4   0 0   1 1   2 2   3 3
2 121 4   0 0   1 1   2 2   3 3
2 25 4   0 0   1 1   2 2   3 3
3 64 4   0 0   1 1   2 2   3 3
3 112 4   0 0   1 1   2 2   3 3
3 97 4   0 0   1 1   2 2   3 3
3 4 4   0 0   1 1   2 2   3 3
3 118 4   0 0   1 1   2 2   3 3
3 63 4   0 0   1 1   2 2   3 3
4 64 4   0 0   1 1   2 2   3 3
4 34 4   0 0   1 1   2 2   3 3
4 118 4   0 0   1 1   2 2   3 3
4 105 4   0 0   1 1   2 2   3 3
4 10 4   0 0   1 1   2 2   3 3
4 28 4   0 0   1 1   2 2   3 3
5 80 4   0 0   1 1   2 2   3 3
5 100 4   0 0   1 1   2 2   3 3
5 69 4   0 0   1 1   2 2   3 3
5 72 4   0 0   1 1   2 2   3 3
5 90 4   0 0   1 1   2 2   3 3
6 82 4   0 0   1 1   2 2   3 3
6 131 4   0 0   1 1   2 2   3 3
6 53 4   0 0   1 1   2 2   3 3
6 22 4   0 0   1 1   2 2   3 3
6 71 4   0 0   1 1   2 2   3 3
6 91 4   0 0   1 1   2 2   3 3
6 124 4   0 0   1 1   2 2   3 3
6 111 4   0 0   1 1   2 2   3 3
7 50 4   0 0   1 1   2 2   3 3
7 118 4   0 0   1 1   2 2   3 3
7 89 4   0 0   1 1   2 2   3 3
7 110 4   0 0   1 1   2 2   3 3
8 74 4   0 0   1 1   2 2   3 3
8 108 4   0 0   1 1   2 2   3 3
8 45 4   0 0   1 1   2 2   3 3
8 14 4   0 0   1 1   2 2   3 3
9 48 4   0 0   1 1   2 2   3 3
9 129 4   0 0   1 1   2 2   3 3
9 130 4   0 0   1 1   2 2   3 3
9 123 4   0 0   1 1   2 2   3 3
9 92 4   0 0   1 1   2 2   3 3
10 34 4   0 0   1 1   2 2   3 3
10 105 4   0 0   1 1   2 2   3 3
10 27 4   0 0   1 1   2 2   3 3
11 24 4   0 0   1 1   2 2   3 3
11 72 4   0 0   1 1   2 2   3 3
11 59 4   0 0   1 1   2 2   3 3
11 76 4   0 0   1 1   2 2   3 3
12 113 4   0 0   1 1   2 2   3 3
12 68 4   0 0   1 1   2 2   3 3
12 72 4   0 0   1 1   2 2   3 3
12 77 4   0 0   1 1   2 2   3 3
12 79 4   0 0   1 1   2 2   3 3
13 112 4   0 0   1 1   2 2   3 3
13 53 4   0 0   1 1   2 2   3 3
13 70 4   0 0   1 1   2 2   3 3
13 22 4   0 0   1 1   2 2   3 3
13 26 4   0 0   1 1   2 2   3 3
13 122 4   0 0   1 1   2 2   3 3
13 63 4   0 0   1 1   2 2   3 3
14 17 4   0 0   1 1   2 2   3 3
14 54 4   0 0   1 1   2 2   3 3
14 108 4   0 0   1 1   2 2   3 3
14 45 4   0 0   1 1   2 2   3 3
15 16 4   0 0   1 1   2 2   3 3
15 33 4   0 0   1 1   2 2   3 3
15 35 4   0 0   1 1   2 2   3 3
15 52 4   0 0   1 1   2 2   3 3
15 93 4   0 0   1 1   2 2   3 3
16 35 4   0 0   1 1   2 2   3 3
16 52 4   0 0   1 1   2 2   3 3
16 55 4   0 0   1 1   2 2   3 3
17 37 4   0 0   1 1   2 2   3 3
17 54 4   0 0   1 1   2 2   3 3
17 89 4   0 0   1 1   2 2   3 3
17 108 4   0 0   1 1   2 2   3 3
18 98 4   0 0   1 1   2 2   3 3
18 85 4   0 0   1 1   2 2   3 3
18 124 4   0 0   1 1   2 2   3 3
19 24 4   0 0   1 1   2 2   3 3
19 56 4   0 0   1 1   2 2   3 3
19 41 4   0 0   1 1   2 2   3 3
19 30 4   0 0   1 1   2 2   3 3
19 127 4   0 0   1 1   2 2   3 3
20 113 4   0 0   1 1   2 2   3 3
20 86 4   0 0   1 1   2 2   3 3
20 90 4   0 0   1 1   2 2   3 3
20 124 4   0 0   1 1   2 2   3 3
20 77 4   0 0   1 1   2 2   3 3
21 33 4   0 0   1 1   2 2   3 3
21 93 4   0 0   1 1   2 2   3 3
22 112 4   0 0   1 1   2 2   3 3
22 53 4   0 0   1 1   2 2   3 3
22 103 4   0 0   1 1   2 2   3 3
22 111 4   0 0   1 1   2 2   3 3
23 99 4   0 0   1 1   2 2   3 3
23 67 4   0 0   1 1   2 2   3 3
23 73 4   0 0   1 1   2 2   3 3
23 62 4   0 0   1 1   2 2   3 3
23 126 4   0 0   1 1   2 2   3 3
24 101 4   0 0   1 1   2 2   3 3
24 56 4   0 0   1 1   2 2   3 3
24 72 4   0 0   1 1   2 2   3 3
24 41 4   0 0   1 1   2 2   3 3
24 59 4   0 0   1 1   2 2   3 3
24 76 4   0 0   1 1   2 2   3 3
24 79 4   0 0   1 1   2 2   3 3
25 131 4   0 0   1 1   2 2   3 3
25 121 4   0 0   1 1   2 2   3 3
25 42 4   0 0   1 1   2 2   3 3
25 75 4   0 0   1 1   2 2   3 3
25 109 4   0 0   1 1   2 2   3 3
25 94 4   0 0   1 1   2 2   3 3
26 81 4   0 0   1 1   2 2   3 3
26 67 4   0 0   1 1   2 2   3 3
26 70 4   0 0   1 1   2 2   3 3
26 122 4   0 0   1 1   2 2   3 3
27 34 4   0 0   1 1   2 2   3 3
27 39 4   0 0   1 1   2 2   3 3
27 105 4   0 0   1 1   2 2   3 3
27 125 4   0 0   1 1   2 2   3 3
28 64 4   0 0   1 1   2 2   3 3
28 49 4   0 0   1 1   2 2   3 3
28 105 4   0 0   1 1   2 2   3 3
28 106 4   0 0   1 1   2 2   3 3
29 129 4   0 0   1 1   2 2   3 3
29 114 4   0 0   1 1   2 2   3 3
29 131 4   0 0   1 1   2 2   3 3
29 116 4   0 0   1 1   2 2   3 3
29 42 4   0 0   1 1   2 2   3 3
29 91 4   0 0   1 1   2 2   3 3
29 123 4   0 0   1 1   2 2   3 3
29 60 4   0 0   1 1   2 2   3 3
30 41 4   0 0   1 1   2 2   3 3
30 43 4   0 0   1 1   2 2   3 3
30 127 4   0 0   1 1   2 2   3 3
31 33 4   0 0   1 1   2 2   3 3
31 104 4   0 0   1 1   2 2   3 3
31 75 4   0 0   1 1   2 2   3 3
31 93 4   0 0   1 1   2 2   3 3
31 46 4   0 0   1 1   2 2   3 3
31 94 4   0 0   1 1   2 2   3 3
32 96 4   0 0   1 1   2 2   3 3
32 48 4   0 0   1 1   2 2   3 3
32 58 4   0 0   1 1   2 2   3 3
32 61 4   0 0   1 1   2 2   3 3
33 35 4   0 0   1 1   2 2   3 3
33 93 4   0 0   1 1   2 2   3 3
33 94 4   0 0   1 1   2 2   3 3
34 125 4   0 0   1 1   2 2   3 3
35 116 4   0 0   1 1   2 2   3 3
35 55 4   0 0   1 1   2 2   3 3
35 109 4   0 0   1 1   2 2   3 3
35 94 4   0 0   1 1   2 2   3 3
36 101 4   0 0   1 1   2 2   3 3
36 56 4   0 0   1 1   2 2   3 3
36 43 4   0 0   1 1   2 2   3 3
36 62 4   0 0   1 1   2 2   3 3
37 66 4   0 0   1 1   2 2   3 3
37 117 4   0 0   1 1   2 2   3 3
37 54 4   0 0   1 1   2 2   3 3
37 104 4   0 0   1 1   2 2   3 3
37 89 4   0 0   1 1   2 2   3 3
37 107 4   0 0   1 1   2 2   3 3
38 64 4   0 0   1 1   2 2   3 3
38 49 4   0 0   1 1   2 2   3 3
38 70 4   0 0   1 1   2 2   3 3
38 39 4   0 0   1 1   2 2   3 3
38 120 4   0 0   1 1   2 2   3 3
38 106 4   0 0   1 1   2 2   3 3
38 63 4   0 0   1 1   2 2   3 3
39 49 4   0 0   1 1   2 2   3 3
39 51 4   0 0   1 1   2 2   3 3
39 120 4   0 0   1 1   2 2   3 3
39 105 4   0 0   1 1   2 2   3 3
39 44 4   0 0   1 1   2 2   3 3
39 125 4   0 0   1 1   2 2   3 3
40 65 4   0 0   1 1   2 2   3 3
40 83 4   0 0   1 1   2 2   3 3
40 89 4   0 0   1 1   2 2   3 3
40 107 4   0 0   1 1   2 2   3 3
40 110 4   0 0   1 1   2 2   3 3
41 76 4   0 0   1 1   2 2   3 3
42 131 4   0 0   1 1   2 2   3 3
42 116 4   0 0   1 1   2 2   3 3
42 109 4   0 0   1 1   2 2   3 3
43 56 4   0 0   1 1   2 2   3 3
43 62 4   0 0   1 1   2 2   3 3
43 127 4   0 0   1 1   2 2   3 3
44 81 4   0 0   1 1   2 2   3 3
44 51 4   0 0   1 1   2 2   3 3
44 70 4   0 0   1 1   2 2   3 3
44 120 4   0 0   1 1   2 2   3 3
44 126 4   0 0   1 1   2 2   3 3
45 128 4   0 0   1 1   2 2   3 3
45 66 4   0 0   1 1   2 2   3 3
45 54 4   0 0   1 1   2 2   3 3
45 74 4   0 0   1 1   2 2   3 3
46 65 4   0 0   1 1   2 2   3 3
46 117 4   0 0   1 1   2 2   3 3
46 104 4   0 0   1 1   2 2   3 3
46 57 4   0 0   1 1   2 2   3 3
46 107 4   0 0   1 1   2 2   3 3
46 93 4   0 0   1 1   2 2   3 3
47 130 4   0 0   1 1   2 2   3 3
47 116 4   0 0   1 1   2 2   3 3
47 55 4   0 0   1 1   2 2   3 3
47 123 4   0 0   1 1   2 2   3 3
48 129 4   0 0   1 1   2 2   3 3
48 114 4   0 0   1 1   2 2   3 3
48 85 4   0 0   1 1   2 2   3 3
48 58 4   0 0   1 1   2 2   3 3
48 92 4   0 0   1 1   2 2   3 3
48 61 4   0 0   1 1   2 2   3 3
48 78 4   0 0   1 1   2 2   3 3
49 105 4   0 0   1 1   2 2   3 3
49 106 4   0 0   1 1   2 2   3 3
50 118 4   0 0   1 1   2 2   3 3
50 89 4   0 0   1 1   2 2   3 3
50 74 4   0 0   1 1   2 2   3 3
50 108 4   0 0   1 1   2 2   3 3
51 99 4   0 0   1 1   2 2   3 3
51 125 4   0 0   1 1   2 2   3 3
51 126 4   0 0   1 1   2 2   3 3
52 93 4   0 0   1 1   2 2   3 3
53 86 4   0 0   1 1   2 2   3 3
53 71 4   0 0   1 1   2 2   3 3
53 122 4   0 0   1 1   2 2   3 3
53 95 4   0 0   1 1   2 2   3 3
54 66 4   0 0   1 1   2 2   3 3
55 130 4   0 0   1 1   2 2   3 3
55 116 4   0 0   1 1   2 2   3 3
56 101 4   0 0   1 1   2 2   3 3
56 127 4   0 0   1 1   2 2   3 3
57 65 4   0 0   1 1   2 2   3 3
57 115 4   0 0   1 1   2 2   3 3
57 84 4   0 0   1 1   2 2   3 3
57 88 4   0 0   1 1   2 2   3 3
57 93 4   0 0   1 1   2 2   3 3
58 96 4   0 0   1 1   2 2   3 3
58 92 4   0 0   1 1   2 2   3 3
59 72 4   0 0   1 1   2 2   3 3
60 114 4   0 0   1 1   2 2   3 3
60 91 4   0 0   1 1   2 2   3 3
60 124 4   0 0   1 1   2 2   3 3
60 78 4   0 0   1 1   2 2   3 3
61 96 4   0 0   1 1   2 2   3 3
61 85 4   0 0   1 1   2 2   3 3
61 102 4   0 0   1 1   2 2   3 3
62 101 4   0 0   1 1   2 2   3 3
62 73 4   0 0   1 1   2 2   3 3
63 64 4   0 0   1 1   2 2   3 3
63 112 4   0 0   1 1   2 2   3 3
63 70 4   0 0   1 1   2 2   3 3
64 106 4   0 0   1 1   2 2   3 3
65 83 4   0 0   1 1   2 2   3 3
65 115 4   0 0   1 1   2 2   3 3
65 107 4   0 0   1 1   2 2   3 3
66 128 4   0 0   1 1   2 2   3 3
66 103 4   0 0   1 1   2 2   3 3
66 104 4   0 0   1 1   2 2   3 3
66 121 4   0 0   1 1   2 2   3 3
66 75 4   0 0   1 1   2 2   3 3
67 81 4   0 0   1 1   2 2   3 3
67 132 4   0 0   1 1   2 2   3 3
67 73 4   0 0   1 1   2 2   3 3
67 122 4   0 0   1 1   2 2   3 3
67 126 4   0 0   1 1   2 2   3 3
68 113 4   0 0   1 1   2 2   3 3
68 132 4   0 0   1 1   2 2   3 3
68 122 4   0 0   1 1   2 2   3 3
68 79 4   0 0   1 1   2 2   3 3
68 95 4   0 0   1 1   2 2   3 3
69 119 4   0 0   1 1   2 2   3 3
69 72 4   0 0   1 1   2 2   3 3
69 90 4   0 0   1 1   2 2   3 3
69 77 4   0 0   1 1   2 2   3 3
70 81 4   0 0   1 1   2 2   3 3
70 120 4   0 0   1 1   2 2   3 3
71 86 4   0 0   1 1   2 2   3 3
71 124 4   0 0   1 1   2 2   3 3
72 80 4   0 0   1 1   2 2   3 3
72 119 4   0 0   1 1   2 2   3 3
72 76 4   0 0   1 1   2 2   3 3
72 77 4   0 0   1 1   2 2   3 3
72 79 4   0 0   1 1   2 2   3 3
73 132 4   0 0   1 1   2 2   3 3
73 101 4   0 0   1 1   2 2   3 3
73 79 4   0 0   1 1   2 2   3 3
74 128 4   0 0   1 1   2 2   3 3
74 97 4   0 0   1 1   2 2   3 3
74 118 4   0 0   1 1   2 2   3 3
74 108 4   0 0   1 1   2 2   3 3
75 104 4   0 0   1 1   2 2   3 3
75 121 4   0 0   1 1   2 2   3 3
75 94 4   0 0   1 1   2 2   3 3
76 80 4   0 0   1 1   2 2   3 3
77 113 4   0 0   1 1   2 2   3 3
77 119 4   0 0   1 1   2 2   3 3
77 90 4   0 0   1 1   2 2   3 3
78 98 4   0 0   1 1   2 2   3 3
78 114 4   0 0   1 1   2 2   3 3
78 85 4   0 0   1 1   2 2   3 3
78 124 4   0 0   1 1   2 2   3 3
79 132 4   0 0   1 1   2 2   3 3
79 101 4   0 0   1 1   2 2   3 3
80 100 4   0 0   1 1   2 2   3 3
81 126 4   0 0   1 1   2 2   3 3
82 131 4   0 0   1 1   2 2   3 3
82 103 4   0 0   1 1   2 2   3 3
82 111 4   0 0   1 1   2 2   3 3
83 115 4   0 0   1 1   2 2   3 3
84 87 4   0 0   1 1   2 2   3 3
84 88 4   0 0   1 1   2 2   3 3
84 93 4   0 0   1 1   2 2   3 3
85 98 4   0 0   1 1   2 2   3 3
85 100 4   0 0   1 1   2 2   3 3
85 102 4   0 0   1 1   2 2   3 3
85 124 4   0 0   1 1   2 2   3 3
86 113 4   0 0   1 1   2 2   3 3
86 124 4   0 0   1 1   2 2   3 3
86 95 4   0 0   1 1   2 2   3 3
87 88 4   0 0   1 1   2 2   3 3
88 115 4   0 0   1 1   2 2   3 3
89 107 4   0 0   1 1   2 2   3 3
89 108 4   0 0   1 1   2 2   3 3
89 110 4   0 0   1 1   2 2   3 3
90 100 4   0 0   1 1   2 2   3 3
90 124 4   0 0   1 1   2 2   3 3
91 131 4   0 0   1 1   2 2   3 3
91 124 4   0 0   1 1   2 2   3 3
92 96 4   0 0   1 1   2 2   3 3
94 109 4   0 0   1 1   2 2   3 3
95 113 4   0 0   1 1   2 2   3 3
95 122 4   0 0   1 1   2 2   3 3
96 102 4   0 0   1 1   2 2   3 3
97 112 4   0 0   1 1   2 2   3 3
97 128 4   0 0   1 1   2 2   3 3
97 118 4   0 0   1 1   2 2   3 3
97 103 4   0 0   1 1   2 2   3 3
98 124 4   0 0   1 1   2 2   3 3
99 125 4   0 0   1 1   2 2   3 3
99 126 4   0 0   1 1   2 2   3 3
100 102 4   0 0   1 1   2 2   3 3
100 124 4   0 0   1 1   2 2   3 3
103 112 4   0 0   1 1   2 2   3 3
103 128 4   0 0   1 1   2 2   3 3
103 111 4   0 0   1 1   2 2   3 3
104 117 4   0 0   1 1   2 2   3 3
107 117 4   0 0   1 1   2 2   3 3
109 116 4   0 0   1 1   2 2   3 3
114 129 4   0 0   1 1   2 2   3 3
116 123 4   0 0   1 1   2 2   3 3
122 132 4   0 0   1 1   2 2   3 3
123 129 4   0 0   1 1   2 2   3 3
123 130 4   0 0   1 1   2 2   3 3
