134
1 3
2 3
3 2
4 0
5 0
6 3
7 2
8 2
9 1
10 2
11 3
12 0
13 3
14 3
15 2
16 0
17 3
18 1
19 1
20 2
21 2
22 2
23 1
24 0
25 1
26 3
27 1
28 1
29 3
30 3
31 1
32 2
33 0
34 0
35 0
36 3
37 0
38 0
39 1
40 2
41 0
42 1
43 1
44 1
45 2
46 0
47 1
48 3
49 3
50 3
51 0
52 0
53 0
54 1
55 0
56 3
57 2
58 3
59 3
60 1
61 2
62 0
63 2
64 1
65 1
66 0
67 2
68 2
69 3
70 1
71 0
72 2
73 3
74 0
75 0
76 2
77 3
78 2
79 3
80 0
81 2
82 3
83 0
84 3
85 2
86 0
87 3
88 3
89 1
90 2
91 0
92 1
93 3
94 2
95 0
96 2
97 2
98 1
99 3
100 1
101 2
102 1
103 1
104 1
105 3
106 2
107 3
108 2
109 0
110 1
111 2
112 1
113 1
114 1
115 1
116 0
117 3
118 1
119 0
120 0
121 2
122 0
123 2
124 0
125 3
126 2
127 0
128 2
129 1
130 1
131 1
132 1
133 0
134 3
