136
1 4 0 1 2 3
2 4 0 1 2 3
3 4 0 1 2 3
4 4 0 1 2 3
5 4 0 1 2 3
6 4 0 1 2 3
7 4 0 1 2 3
8 4 0 1 2 3
9 4 0 1 2 3
10 4 0 1 2 3
11 4 0 1 2 3
12 4 0 1 2 3
13 4 0 1 2 3
14 4 0 1 2 3
15 4 0 1 2 3
16 4 0 1 2 3
17 4 0 1 2 3
18 4 0 1 2 3
19 4 0 1 2 3
20 4 0 1 2 3
21 4 0 1 2 3
22 4 0 1 2 3
23 4 0 1 2 3
24 4 0 1 2 3
25 4 0 1 2 3
26 4 0 1 2 3
27 4 0 1 2 3
28 4 0 1 2 3
29 4 0 1 2 3
30 4 0 1 2 3
31 4 0 1 2 3
32 4 0 1 2 3
33 4 0 1 2 3
34 4 0 1 2 3
35 4 0 1 2 3
36 4 0 1 2 3
37 4 0 1 2 3
38 4 0 1 2 3
39 4 0 1 2 3
40 4 0 1 2 3
41 4 0 1 2 3
42 4 0 1 2 3
43 4 0 1 2 3
44 4 0 1 2 3
45 4 0 1 2 3
46 4 0 1 2 3
47 4 0 1 2 3
48 4 0 1 2 3
49 4 0 1 2 3
50 4 0 1 2 3
51 4 0 1 2 3
52 4 0 1 2 3
53 4 0 1 2 3
54 4 0 1 2 3
55 4 0 1 2 3
56 4 0 1 2 3
57 4 0 1 2 3
58 4 0 1 2 3
59 4 0 1 2 3
60 4 0 1 2 3
61 4 0 1 2 3
62 4 0 1 2 3
63 4 0 1 2 3
64 4 0 1 2 3
65 4 0 1 2 3
66 4 0 1 2 3
67 4 0 1 2 3
68 4 0 1 2 3
69 4 0 1 2 3
70 4 0 1 2 3
71 4 0 1 2 3
72 4 0 1 2 3
73 4 0 1 2 3
74 4 0 1 2 3
75 4 0 1 2 3
76 4 0 1 2 3
77 4 0 1 2 3
78 4 0 1 2 3
79 4 0 1 2 3
80 4 0 1 2 3
81 4 0 1 2 3
82 4 0 1 2 3
83 4 0 1 2 3
84 4 0 1 2 3
85 4 0 1 2 3
86 4 0 1 2 3
87 4 0 1 2 3
88 4 0 1 2 3
89 4 0 1 2 3
90 4 0 1 2 3
91 4 0 1 2 3
92 4 0 1 2 3
93 4 0 1 2 3
94 4 0 1 2 3
95 4 0 1 2 3
96 4 0 1 2 3
97 4 0 1 2 3
98 4 0 1 2 3
99 4 0 1 2 3
100 4 0 1 2 3
101 4 0 1 2 3
102 4 0 1 2 3
103 4 0 1 2 3
104 4 0 1 2 3
105 4 0 1 2 3
106 4 0 1 2 3
107 4 0 1 2 3
108 4 0 1 2 3
109 4 0 1 2 3
110 4 0 1 2 3
111 4 0 1 2 3
112 4 0 1 2 3
113 4 0 1 2 3
114 4 0 1 2 3
115 4 0 1 2 3
116 4 0 1 2 3
117 4 0 1 2 3
118 4 0 1 2 3
119 4 0 1 2 3
120 4 0 1 2 3
121 4 0 1 2 3
122 4 0 1 2 3
123 4 0 1 2 3
124 4 0 1 2 3
125 4 0 1 2 3
126 4 0 1 2 3
127 4 0 1 2 3
128 4 0 1 2 3
129 4 0 1 2 3
130 4 0 1 2 3
131 4 0 1 2 3
132 4 0 1 2 3
133 4 0 1 2 3
134 4 0 1 2 3
135 4 0 1 2 3
136 4 0 1 2 3
368
1 51 4   0 0   1 1   2 2   3 3
1 4 4   0 0   1 1   2 2   3 3
1 133 4   0 0   1 1   2 2   3 3
1 117 4   0 0   1 1   2 2   3 3
1 10 4   0 0   1 1   2 2   3 3
1 27 4   0 0   1 1   2 2   3 3
1 94 4   0 0   1 1   2 2   3 3
1 15 4   0 0   1 1   2 2   3 3
2 67 4   0 0   1 1   2 2   3 3
2 9 4   0 0   1 1   2 2   3 3
2 90 4   0 0   1 1   2 2   3 3
2 46 4   0 0   1 1   2 2   3 3
3 131 4   0 0   1 1   2 2   3 3
3 93 4   0 0   1 1   2 2   3 3
3 62 4   0 0   1 1   2 2   3 3
4 133 4   0 0   1 1   2 2   3 3
4 27 4   0 0   1 1   2 2   3 3
4 47 4   0 0   1 1   2 2   3 3
5 60 4   0 0   1 1   2 2   3 3
5 14 4   0 0   1 1   2 2   3 3
6 64 4   0 0   1 1   2 2   3 3
6 118 4   0 0   1 1   2 2   3 3
6 86 4   0 0   1 1   2 2   3 3
6 55 4   0 0   1 1   2 2   3 3
6 120 4   0 0   1 1   2 2   3 3
6 59 4   0 0   1 1   2 2   3 3
6 31 4   0 0   1 1   2 2   3 3
6 127 4   0 0   1 1   2 2   3 3
7 33 4   0 0   1 1   2 2   3 3
7 129 4   0 0   1 1   2 2   3 3
7 82 4   0 0   1 1   2 2   3 3
7 67 4   0 0   1 1   2 2   3 3
7 116 4   0 0   1 1   2 2   3 3
7 106 4   0 0   1 1   2 2   3 3
7 12 4   0 0   1 1   2 2   3 3
8 80 4   0 0   1 1   2 2   3 3
8 34 4   0 0   1 1   2 2   3 3
8 20 4   0 0   1 1   2 2   3 3
8 132 4   0 0   1 1   2 2   3 3
8 124 4   0 0   1 1   2 2   3 3
8 30 4   0 0   1 1   2 2   3 3
8 79 4   0 0   1 1   2 2   3 3
9 67 4   0 0   1 1   2 2   3 3
9 22 4   0 0   1 1   2 2   3 3
9 40 4   0 0   1 1   2 2   3 3
9 125 4   0 0   1 1   2 2   3 3
9 46 4   0 0   1 1   2 2   3 3
10 117 4   0 0   1 1   2 2   3 3
10 44 4   0 0   1 1   2 2   3 3
10 15 4   0 0   1 1   2 2   3 3
11 33 4   0 0   1 1   2 2   3 3
11 102 4   0 0   1 1   2 2   3 3
11 57 4   0 0   1 1   2 2   3 3
11 90 4   0 0   1 1   2 2   3 3
11 123 4   0 0   1 1   2 2   3 3
11 44 4   0 0   1 1   2 2   3 3
11 28 4   0 0   1 1   2 2   3 3
11 46 4   0 0   1 1   2 2   3 3
12 33 4   0 0   1 1   2 2   3 3
12 82 4   0 0   1 1   2 2   3 3
12 90 4   0 0   1 1   2 2   3 3
12 123 4   0 0   1 1   2 2   3 3
13 66 4   0 0   1 1   2 2   3 3
13 131 4   0 0   1 1   2 2   3 3
13 60 4   0 0   1 1   2 2   3 3
13 61 4   0 0   1 1   2 2   3 3
13 14 4   0 0   1 1   2 2   3 3
14 32 4   0 0   1 1   2 2   3 3
14 112 4   0 0   1 1   2 2   3 3
14 49 4   0 0   1 1   2 2   3 3
14 66 4   0 0   1 1   2 2   3 3
14 69 4   0 0   1 1   2 2   3 3
14 103 4   0 0   1 1   2 2   3 3
14 60 4   0 0   1 1   2 2   3 3
15 50 4   0 0   1 1   2 2   3 3
15 133 4   0 0   1 1   2 2   3 3
15 134 4   0 0   1 1   2 2   3 3
15 57 4   0 0   1 1   2 2   3 3
15 44 4   0 0   1 1   2 2   3 3
15 28 4   0 0   1 1   2 2   3 3
16 33 4   0 0   1 1   2 2   3 3
16 129 4   0 0   1 1   2 2   3 3
16 36 4   0 0   1 1   2 2   3 3
16 84 4   0 0   1 1   2 2   3 3
16 120 4   0 0   1 1   2 2   3 3
16 127 4   0 0   1 1   2 2   3 3
17 69 4   0 0   1 1   2 2   3 3
17 37 4   0 0   1 1   2 2   3 3
17 71 4   0 0   1 1   2 2   3 3
17 73 4   0 0   1 1   2 2   3 3
17 77 4   0 0   1 1   2 2   3 3
18 81 4   0 0   1 1   2 2   3 3
18 85 4   0 0   1 1   2 2   3 3
18 72 4   0 0   1 1   2 2   3 3
18 41 4   0 0   1 1   2 2   3 3
18 107 4   0 0   1 1   2 2   3 3
19 50 4   0 0   1 1   2 2   3 3
19 133 4   0 0   1 1   2 2   3 3
19 134 4   0 0   1 1   2 2   3 3
19 47 4   0 0   1 1   2 2   3 3
20 34 4   0 0   1 1   2 2   3 3
20 83 4   0 0   1 1   2 2   3 3
20 132 4   0 0   1 1   2 2   3 3
20 85 4   0 0   1 1   2 2   3 3
20 41 4   0 0   1 1   2 2   3 3
20 111 4   0 0   1 1   2 2   3 3
21 64 4   0 0   1 1   2 2   3 3
21 65 4   0 0   1 1   2 2   3 3
21 118 4   0 0   1 1   2 2   3 3
21 63 4   0 0   1 1   2 2   3 3
22 87 4   0 0   1 1   2 2   3 3
22 40 4   0 0   1 1   2 2   3 3
22 46 4   0 0   1 1   2 2   3 3
23 53 4   0 0   1 1   2 2   3 3
23 78 4   0 0   1 1   2 2   3 3
24 99 4   0 0   1 1   2 2   3 3
24 53 4   0 0   1 1   2 2   3 3
24 135 4   0 0   1 1   2 2   3 3
24 43 4   0 0   1 1   2 2   3 3
25 116 4   0 0   1 1   2 2   3 3
25 84 4   0 0   1 1   2 2   3 3
25 100 4   0 0   1 1   2 2   3 3
25 106 4   0 0   1 1   2 2   3 3
26 113 4   0 0   1 1   2 2   3 3
26 53 4   0 0   1 1   2 2   3 3
26 43 4   0 0   1 1   2 2   3 3
26 78 4   0 0   1 1   2 2   3 3
27 113 4   0 0   1 1   2 2   3 3
27 78 4   0 0   1 1   2 2   3 3
27 94 4   0 0   1 1   2 2   3 3
27 47 4   0 0   1 1   2 2   3 3
28 57 4   0 0   1 1   2 2   3 3
28 44 4   0 0   1 1   2 2   3 3
29 32 4   0 0   1 1   2 2   3 3
29 115 4   0 0   1 1   2 2   3 3
29 69 4   0 0   1 1   2 2   3 3
29 73 4   0 0   1 1   2 2   3 3
29 58 4   0 0   1 1   2 2   3 3
29 79 4   0 0   1 1   2 2   3 3
30 80 4   0 0   1 1   2 2   3 3
30 96 4   0 0   1 1   2 2   3 3
30 136 4   0 0   1 1   2 2   3 3
30 105 4   0 0   1 1   2 2   3 3
30 124 4   0 0   1 1   2 2   3 3
30 109 4   0 0   1 1   2 2   3 3
31 48 4   0 0   1 1   2 2   3 3
31 36 4   0 0   1 1   2 2   3 3
31 89 4   0 0   1 1   2 2   3 3
31 75 4   0 0   1 1   2 2   3 3
31 59 4   0 0   1 1   2 2   3 3
31 91 4   0 0   1 1   2 2   3 3
31 127 4   0 0   1 1   2 2   3 3
32 49 4   0 0   1 1   2 2   3 3
32 132 4   0 0   1 1   2 2   3 3
32 69 4   0 0   1 1   2 2   3 3
32 58 4   0 0   1 1   2 2   3 3
33 129 4   0 0   1 1   2 2   3 3
33 36 4   0 0   1 1   2 2   3 3
33 102 4   0 0   1 1   2 2   3 3
33 123 4   0 0   1 1   2 2   3 3
33 95 4   0 0   1 1   2 2   3 3
34 80 4   0 0   1 1   2 2   3 3
34 97 4   0 0   1 1   2 2   3 3
34 83 4   0 0   1 1   2 2   3 3
34 99 4   0 0   1 1   2 2   3 3
34 54 4   0 0   1 1   2 2   3 3
34 135 4   0 0   1 1   2 2   3 3
35 112 4   0 0   1 1   2 2   3 3
35 130 4   0 0   1 1   2 2   3 3
35 68 4   0 0   1 1   2 2   3 3
35 108 4   0 0   1 1   2 2   3 3
35 93 4   0 0   1 1   2 2   3 3
35 62 4   0 0   1 1   2 2   3 3
35 63 4   0 0   1 1   2 2   3 3
36 91 4   0 0   1 1   2 2   3 3
36 95 4   0 0   1 1   2 2   3 3
36 127 4   0 0   1 1   2 2   3 3
37 112 4   0 0   1 1   2 2   3 3
37 69 4   0 0   1 1   2 2   3 3
37 71 4   0 0   1 1   2 2   3 3
37 108 4   0 0   1 1   2 2   3 3
37 63 4   0 0   1 1   2 2   3 3
38 130 4   0 0   1 1   2 2   3 3
38 68 4   0 0   1 1   2 2   3 3
38 121 4   0 0   1 1   2 2   3 3
38 126 4   0 0   1 1   2 2   3 3
39 64 4   0 0   1 1   2 2   3 3
39 130 4   0 0   1 1   2 2   3 3
39 98 4   0 0   1 1   2 2   3 3
39 70 4   0 0   1 1   2 2   3 3
39 126 4   0 0   1 1   2 2   3 3
39 110 4   0 0   1 1   2 2   3 3
40 87 4   0 0   1 1   2 2   3 3
40 125 4   0 0   1 1   2 2   3 3
41 83 4   0 0   1 1   2 2   3 3
41 85 4   0 0   1 1   2 2   3 3
42 66 4   0 0   1 1   2 2   3 3
42 52 4   0 0   1 1   2 2   3 3
42 103 4   0 0   1 1   2 2   3 3
42 72 4   0 0   1 1   2 2   3 3
42 107 4   0 0   1 1   2 2   3 3
43 128 4   0 0   1 1   2 2   3 3
43 113 4   0 0   1 1   2 2   3 3
43 99 4   0 0   1 1   2 2   3 3
43 53 4   0 0   1 1   2 2   3 3
43 54 4   0 0   1 1   2 2   3 3
43 94 4   0 0   1 1   2 2   3 3
44 117 4   0 0   1 1   2 2   3 3
44 102 4   0 0   1 1   2 2   3 3
44 45 4   0 0   1 1   2 2   3 3
45 96 4   0 0   1 1   2 2   3 3
45 51 4   0 0   1 1   2 2   3 3
45 117 4   0 0   1 1   2 2   3 3
45 102 4   0 0   1 1   2 2   3 3
45 104 4   0 0   1 1   2 2   3 3
45 94 4   0 0   1 1   2 2   3 3
46 57 4   0 0   1 1   2 2   3 3
46 90 4   0 0   1 1   2 2   3 3
47 133 4   0 0   1 1   2 2   3 3
47 78 4   0 0   1 1   2 2   3 3
48 89 4   0 0   1 1   2 2   3 3
48 75 4   0 0   1 1   2 2   3 3
49 132 4   0 0   1 1   2 2   3 3
49 103 4   0 0   1 1   2 2   3 3
49 88 4   0 0   1 1   2 2   3 3
50 133 4   0 0   1 1   2 2   3 3
50 134 4   0 0   1 1   2 2   3 3
51 117 4   0 0   1 1   2 2   3 3
51 94 4   0 0   1 1   2 2   3 3
52 85 4   0 0   1 1   2 2   3 3
52 103 4   0 0   1 1   2 2   3 3
52 88 4   0 0   1 1   2 2   3 3
52 107 4   0 0   1 1   2 2   3 3
53 78 4   0 0   1 1   2 2   3 3
54 128 4   0 0   1 1   2 2   3 3
54 97 4   0 0   1 1   2 2   3 3
54 99 4   0 0   1 1   2 2   3 3
55 101 4   0 0   1 1   2 2   3 3
55 86 4   0 0   1 1   2 2   3 3
55 120 4   0 0   1 1   2 2   3 3
55 92 4   0 0   1 1   2 2   3 3
56 98 4   0 0   1 1   2 2   3 3
56 119 4   0 0   1 1   2 2   3 3
56 122 4   0 0   1 1   2 2   3 3
56 92 4   0 0   1 1   2 2   3 3
57 134 4   0 0   1 1   2 2   3 3
58 115 4   0 0   1 1   2 2   3 3
58 132 4   0 0   1 1   2 2   3 3
59 118 4   0 0   1 1   2 2   3 3
59 71 4   0 0   1 1   2 2   3 3
59 75 4   0 0   1 1   2 2   3 3
59 77 4   0 0   1 1   2 2   3 3
60 112 4   0 0   1 1   2 2   3 3
60 131 4   0 0   1 1   2 2   3 3
60 62 4   0 0   1 1   2 2   3 3
61 81 4   0 0   1 1   2 2   3 3
61 66 4   0 0   1 1   2 2   3 3
61 72 4   0 0   1 1   2 2   3 3
62 112 4   0 0   1 1   2 2   3 3
62 131 4   0 0   1 1   2 2   3 3
62 93 4   0 0   1 1   2 2   3 3
63 65 4   0 0   1 1   2 2   3 3
63 130 4   0 0   1 1   2 2   3 3
63 118 4   0 0   1 1   2 2   3 3
63 71 4   0 0   1 1   2 2   3 3
63 108 4   0 0   1 1   2 2   3 3
64 65 4   0 0   1 1   2 2   3 3
64 130 4   0 0   1 1   2 2   3 3
64 98 4   0 0   1 1   2 2   3 3
64 118 4   0 0   1 1   2 2   3 3
64 86 4   0 0   1 1   2 2   3 3
64 119 4   0 0   1 1   2 2   3 3
65 130 4   0 0   1 1   2 2   3 3
66 103 4   0 0   1 1   2 2   3 3
66 72 4   0 0   1 1   2 2   3 3
67 82 4   0 0   1 1   2 2   3 3
67 114 4   0 0   1 1   2 2   3 3
67 90 4   0 0   1 1   2 2   3 3
67 106 4   0 0   1 1   2 2   3 3
67 125 4   0 0   1 1   2 2   3 3
68 130 4   0 0   1 1   2 2   3 3
68 121 4   0 0   1 1   2 2   3 3
68 93 4   0 0   1 1   2 2   3 3
69 112 4   0 0   1 1   2 2   3 3
69 73 4   0 0   1 1   2 2   3 3
70 126 4   0 0   1 1   2 2   3 3
70 110 4   0 0   1 1   2 2   3 3
71 118 4   0 0   1 1   2 2   3 3
71 77 4   0 0   1 1   2 2   3 3
72 81 4   0 0   1 1   2 2   3 3
72 107 4   0 0   1 1   2 2   3 3
73 75 4   0 0   1 1   2 2   3 3
73 124 4   0 0   1 1   2 2   3 3
73 77 4   0 0   1 1   2 2   3 3
73 79 4   0 0   1 1   2 2   3 3
74 100 4   0 0   1 1   2 2   3 3
74 101 4   0 0   1 1   2 2   3 3
74 122 4   0 0   1 1   2 2   3 3
75 136 4   0 0   1 1   2 2   3 3
75 89 4   0 0   1 1   2 2   3 3
75 124 4   0 0   1 1   2 2   3 3
75 77 4   0 0   1 1   2 2   3 3
76 84 4   0 0   1 1   2 2   3 3
76 100 4   0 0   1 1   2 2   3 3
76 101 4   0 0   1 1   2 2   3 3
76 120 4   0 0   1 1   2 2   3 3
78 113 4   0 0   1 1   2 2   3 3
79 115 4   0 0   1 1   2 2   3 3
79 132 4   0 0   1 1   2 2   3 3
79 124 4   0 0   1 1   2 2   3 3
80 128 4   0 0   1 1   2 2   3 3
80 97 4   0 0   1 1   2 2   3 3
80 105 4   0 0   1 1   2 2   3 3
82 90 4   0 0   1 1   2 2   3 3
83 135 4   0 0   1 1   2 2   3 3
84 129 4   0 0   1 1   2 2   3 3
84 116 4   0 0   1 1   2 2   3 3
84 100 4   0 0   1 1   2 2   3 3
84 120 4   0 0   1 1   2 2   3 3
85 88 4   0 0   1 1   2 2   3 3
85 107 4   0 0   1 1   2 2   3 3
85 111 4   0 0   1 1   2 2   3 3
86 119 4   0 0   1 1   2 2   3 3
86 92 4   0 0   1 1   2 2   3 3
88 132 4   0 0   1 1   2 2   3 3
88 103 4   0 0   1 1   2 2   3 3
88 111 4   0 0   1 1   2 2   3 3
89 136 4   0 0   1 1   2 2   3 3
89 91 4   0 0   1 1   2 2   3 3
90 123 4   0 0   1 1   2 2   3 3
91 102 4   0 0   1 1   2 2   3 3
91 104 4   0 0   1 1   2 2   3 3
91 136 4   0 0   1 1   2 2   3 3
91 109 4   0 0   1 1   2 2   3 3
91 95 4   0 0   1 1   2 2   3 3
92 101 4   0 0   1 1   2 2   3 3
92 119 4   0 0   1 1   2 2   3 3
92 122 4   0 0   1 1   2 2   3 3
94 128 4   0 0   1 1   2 2   3 3
94 96 4   0 0   1 1   2 2   3 3
94 113 4   0 0   1 1   2 2   3 3
95 102 4   0 0   1 1   2 2   3 3
96 128 4   0 0   1 1   2 2   3 3
96 104 4   0 0   1 1   2 2   3 3
96 105 4   0 0   1 1   2 2   3 3
96 109 4   0 0   1 1   2 2   3 3
97 128 4   0 0   1 1   2 2   3 3
98 119 4   0 0   1 1   2 2   3 3
99 135 4   0 0   1 1   2 2   3 3
100 114 4   0 0   1 1   2 2   3 3
100 101 4   0 0   1 1   2 2   3 3
100 106 4   0 0   1 1   2 2   3 3
101 120 4   0 0   1 1   2 2   3 3
101 122 4   0 0   1 1   2 2   3 3
102 104 4   0 0   1 1   2 2   3 3
104 109 4   0 0   1 1   2 2   3 3
105 128 4   0 0   1 1   2 2   3 3
106 114 4   0 0   1 1   2 2   3 3
106 116 4   0 0   1 1   2 2   3 3
108 112 4   0 0   1 1   2 2   3 3
109 136 4   0 0   1 1   2 2   3 3
111 132 4   0 0   1 1   2 2   3 3
114 125 4   0 0   1 1   2 2   3 3
115 132 4   0 0   1 1   2 2   3 3
116 129 4   0 0   1 1   2 2   3 3
120 127 4   0 0   1 1   2 2   3 3
124 136 4   0 0   1 1   2 2   3 3
126 130 4   0 0   1 1   2 2   3 3
