139
1 1
2 2
3 0
4 3
5 0
6 3
7 2
8 2
9 0
10 1
11 1
12 3
13 2
14 2
15 3
16 0
17 1
18 3
19 2
20 2
21 0
22 0
23 3
24 0
25 1
26 0
27 3
28 2
29 0
30 0
31 1
32 2
33 0
34 3
35 2
36 1
37 0
38 0
39 3
40 2
41 1
42 1
43 1
44 2
45 1
46 0
47 3
48 1
49 0
50 0
51 0
52 3
53 2
54 1
55 0
56 0
57 1
58 1
59 3
60 2
61 0
62 3
63 2
64 0
65 1
66 2
67 2
68 2
69 1
70 2
71 2
72 0
73 3
74 1
75 1
76 2
77 3
78 3
79 2
80 0
81 3
82 3
83 1
84 2
85 3
86 0
87 2
88 1
89 3
90 2
91 1
92 1
93 0
94 0
95 0
96 1
97 1
98 2
99 1
100 0
101 0
102 0
103 3
104 1
105 3
106 1
107 3
108 0
109 0
110 2
111 3
112 2
113 0
114 1
115 0
116 1
117 0
118 2
119 1
120 3
121 1
122 1
123 2
124 1
125 0
126 2
127 0
128 0
129 1
130 0
131 2
132 3
133 2
134 2
135 2
136 1
137 2
138 2
139 1
