140
1 0
2 0
3 1
4 0
5 2
6 3
7 1
8 0
9 0
10 2
11 2
12 0
13 2
14 1
15 3
16 0
17 3
18 3
19 1
20 3
21 1
22 1
23 3
24 0
25 3
26 0
27 2
28 0
29 0
30 0
31 1
32 3
33 2
34 2
35 0
36 0
37 3
38 3
39 2
40 2
41 2
42 2
43 1
44 0
45 0
46 1
47 1
48 0
49 3
50 3
51 3
52 3
53 2
54 1
55 1
56 2
57 3
58 0
59 1
60 3
61 1
62 2
63 0
64 1
65 1
66 1
67 0
68 0
69 3
70 2
71 0
72 1
73 3
74 1
75 2
76 2
77 1
78 0
79 1
80 3
81 3
82 1
83 2
84 2
85 2
86 2
87 3
88 0
89 0
90 0
91 2
92 3
93 0
94 1
95 3
96 1
97 3
98 2
99 2
100 0
101 0
102 0
103 3
104 2
105 1
106 3
107 1
108 2
109 3
110 2
111 3
112 1
113 3
114 1
115 2
116 0
117 1
118 2
119 1
120 1
121 2
122 0
123 1
124 2
125 2
126 2
127 3
128 1
129 0
130 0
131 1
132 3
133 1
134 2
135 1
136 0
137 0
138 2
139 0
140 2
