141
1 4 0 1 2 3
2 4 0 1 2 3
3 4 0 1 2 3
4 4 0 1 2 3
5 4 0 1 2 3
6 4 0 1 2 3
7 4 0 1 2 3
8 4 0 1 2 3
9 4 0 1 2 3
10 4 0 1 2 3
11 4 0 1 2 3
12 4 0 1 2 3
13 4 0 1 2 3
14 4 0 1 2 3
15 4 0 1 2 3
16 4 0 1 2 3
17 4 0 1 2 3
18 4 0 1 2 3
19 4 0 1 2 3
20 4 0 1 2 3
21 4 0 1 2 3
22 4 0 1 2 3
23 4 0 1 2 3
24 4 0 1 2 3
25 4 0 1 2 3
26 4 0 1 2 3
27 4 0 1 2 3
28 4 0 1 2 3
29 4 0 1 2 3
30 4 0 1 2 3
31 4 0 1 2 3
32 4 0 1 2 3
33 4 0 1 2 3
34 4 0 1 2 3
35 4 0 1 2 3
36 4 0 1 2 3
37 4 0 1 2 3
38 4 0 1 2 3
39 4 0 1 2 3
40 4 0 1 2 3
41 4 0 1 2 3
42 4 0 1 2 3
43 4 0 1 2 3
44 4 0 1 2 3
45 4 0 1 2 3
46 4 0 1 2 3
47 4 0 1 2 3
48 4 0 1 2 3
49 4 0 1 2 3
50 4 0 1 2 3
51 4 0 1 2 3
52 4 0 1 2 3
53 4 0 1 2 3
54 4 0 1 2 3
55 4 0 1 2 3
56 4 0 1 2 3
57 4 0 1 2 3
58 4 0 1 2 3
59 4 0 1 2 3
60 4 0 1 2 3
61 4 0 1 2 3
62 4 0 1 2 3
63 4 0 1 2 3
64 4 0 1 2 3
65 4 0 1 2 3
66 4 0 1 2 3
67 4 0 1 2 3
68 4 0 1 2 3
69 4 0 1 2 3
70 4 0 1 2 3
71 4 0 1 2 3
72 4 0 1 2 3
73 4 0 1 2 3
74 4 0 1 2 3
75 4 0 1 2 3
76 4 0 1 2 3
77 4 0 1 2 3
78 4 0 1 2 3
79 4 0 1 2 3
80 4 0 1 2 3
81 4 0 1 2 3
82 4 0 1 2 3
83 4 0 1 2 3
84 4 0 1 2 3
85 4 0 1 2 3
86 4 0 1 2 3
87 4 0 1 2 3
88 4 0 1 2 3
89 4 0 1 2 3
90 4 0 1 2 3
91 4 0 1 2 3
92 4 0 1 2 3
93 4 0 1 2 3
94 4 0 1 2 3
95 4 0 1 2 3
96 4 0 1 2 3
97 4 0 1 2 3
98 4 0 1 2 3
99 4 0 1 2 3
100 4 0 1 2 3
101 4 0 1 2 3
102 4 0 1 2 3
103 4 0 1 2 3
104 4 0 1 2 3
105 4 0 1 2 3
106 4 0 1 2 3
107 4 0 1 2 3
108 4 0 1 2 3
109 4 0 1 2 3
110 4 0 1 2 3
111 4 0 1 2 3
112 4 0 1 2 3
113 4 0 1 2 3
114 4 0 1 2 3
115 4 0 1 2 3
116 4 0 1 2 3
117 4 0 1 2 3
118 4 0 1 2 3
119 4 0 1 2 3
120 4 0 1 2 3
121 4 0 1 2 3
122 4 0 1 2 3
123 4 0 1 2 3
124 4 0 1 2 3
125 4 0 1 2 3
126 4 0 1 2 3
127 4 0 1 2 3
128 4 0 1 2 3
129 4 0 1 2 3
130 4 0 1 2 3
131 4 0 1 2 3
132 4 0 1 2 3
133 4 0 1 2 3
134 4 0 1 2 3
135 4 0 1 2 3
136 4 0 1 2 3
137 4 0 1 2 3
138 4 0 1 2 3
139 4 0 1 2 3
140 4 0 1 2 3
141 4 0 1 2 3
386
1 96 4   0 0   1 1   2 2   3 3
1 131 4   0 0   1 1   2 2   3 3
1 117 4   0 0   1 1   2 2   3 3
1 119 4   0 0   1 1   2 2   3 3
2 64 4   0 0   1 1   2 2   3 3
2 34 4   0 0   1 1   2 2   3 3
2 4 4   0 0   1 1   2 2   3 3
2 30 4   0 0   1 1   2 2   3 3
3 113 4   0 0   1 1   2 2   3 3
3 83 4   0 0   1 1   2 2   3 3
3 41 4   0 0   1 1   2 2   3 3
3 122 4   0 0   1 1   2 2   3 3
3 111 4   0 0   1 1   2 2   3 3
4 32 4   0 0   1 1   2 2   3 3
4 34 4   0 0   1 1   2 2   3 3
4 30 4   0 0   1 1   2 2   3 3
5 112 4   0 0   1 1   2 2   3 3
5 22 4   0 0   1 1   2 2   3 3
5 72 4   0 0   1 1   2 2   3 3
5 44 4   0 0   1 1   2 2   3 3
5 12 4   0 0   1 1   2 2   3 3
5 62 4   0 0   1 1   2 2   3 3
6 32 4   0 0   1 1   2 2   3 3
6 39 4   0 0   1 1   2 2   3 3
6 89 4   0 0   1 1   2 2   3 3
6 137 4   0 0   1 1   2 2   3 3
6 123 4   0 0   1 1   2 2   3 3
7 37 4   0 0   1 1   2 2   3 3
7 134 4   0 0   1 1   2 2   3 3
7 71 4   0 0   1 1   2 2   3 3
7 42 4   0 0   1 1   2 2   3 3
8 65 4   0 0   1 1   2 2   3 3
8 129 4   0 0   1 1   2 2   3 3
8 51 4   0 0   1 1   2 2   3 3
8 20 4   0 0   1 1   2 2   3 3
8 101 4   0 0   1 1   2 2   3 3
8 70 4   0 0   1 1   2 2   3 3
8 55 4   0 0   1 1   2 2   3 3
8 136 4   0 0   1 1   2 2   3 3
8 40 4   0 0   1 1   2 2   3 3
8 127 4   0 0   1 1   2 2   3 3
9 96 4   0 0   1 1   2 2   3 3
9 130 4   0 0   1 1   2 2   3 3
9 131 4   0 0   1 1   2 2   3 3
9 11 4   0 0   1 1   2 2   3 3
9 140 4   0 0   1 1   2 2   3 3
10 34 4   0 0   1 1   2 2   3 3
10 66 4   0 0   1 1   2 2   3 3
10 116 4   0 0   1 1   2 2   3 3
10 100 4   0 0   1 1   2 2   3 3
10 36 4   0 0   1 1   2 2   3 3
10 123 4   0 0   1 1   2 2   3 3
10 27 4   0 0   1 1   2 2   3 3
10 141 4   0 0   1 1   2 2   3 3
11 130 4   0 0   1 1   2 2   3 3
11 84 4   0 0   1 1   2 2   3 3
11 140 4   0 0   1 1   2 2   3 3
11 109 4   0 0   1 1   2 2   3 3
12 22 4   0 0   1 1   2 2   3 3
12 44 4   0 0   1 1   2 2   3 3
13 25 4   0 0   1 1   2 2   3 3
13 138 4   0 0   1 1   2 2   3 3
13 140 4   0 0   1 1   2 2   3 3
13 109 4   0 0   1 1   2 2   3 3
13 126 4   0 0   1 1   2 2   3 3
14 129 4   0 0   1 1   2 2   3 3
14 99 4   0 0   1 1   2 2   3 3
14 21 4   0 0   1 1   2 2   3 3
14 133 4   0 0   1 1   2 2   3 3
14 121 4   0 0   1 1   2 2   3 3
14 127 4   0 0   1 1   2 2   3 3
15 39 4   0 0   1 1   2 2   3 3
15 89 4   0 0   1 1   2 2   3 3
15 46 4   0 0   1 1   2 2   3 3
16 106 4   0 0   1 1   2 2   3 3
16 138 4   0 0   1 1   2 2   3 3
16 91 4   0 0   1 1   2 2   3 3
16 92 4   0 0   1 1   2 2   3 3
16 140 4   0 0   1 1   2 2   3 3
16 126 4   0 0   1 1   2 2   3 3
17 82 4   0 0   1 1   2 2   3 3
17 52 4   0 0   1 1   2 2   3 3
17 43 4   0 0   1 1   2 2   3 3
17 139 4   0 0   1 1   2 2   3 3
17 61 4   0 0   1 1   2 2   3 3
18 128 4   0 0   1 1   2 2   3 3
18 76 4   0 0   1 1   2 2   3 3
18 93 4   0 0   1 1   2 2   3 3
19 68 4   0 0   1 1   2 2   3 3
19 118 4   0 0   1 1   2 2   3 3
19 23 4   0 0   1 1   2 2   3 3
19 73 4   0 0   1 1   2 2   3 3
19 28 4   0 0   1 1   2 2   3 3
19 110 4   0 0   1 1   2 2   3 3
20 129 4   0 0   1 1   2 2   3 3
20 50 4   0 0   1 1   2 2   3 3
20 70 4   0 0   1 1   2 2   3 3
20 135 4   0 0   1 1   2 2   3 3
20 57 4   0 0   1 1   2 2   3 3
21 49 4   0 0   1 1   2 2   3 3
21 99 4   0 0   1 1   2 2   3 3
21 133 4   0 0   1 1   2 2   3 3
21 71 4   0 0   1 1   2 2   3 3
21 42 4   0 0   1 1   2 2   3 3
22 72 4   0 0   1 1   2 2   3 3
22 107 4   0 0   1 1   2 2   3 3
22 44 4   0 0   1 1   2 2   3 3
22 94 4   0 0   1 1   2 2   3 3
23 68 4   0 0   1 1   2 2   3 3
23 73 4   0 0   1 1   2 2   3 3
23 125 4   0 0   1 1   2 2   3 3
24 112 4   0 0   1 1   2 2   3 3
24 124 4   0 0   1 1   2 2   3 3
24 45 4   0 0   1 1   2 2   3 3
24 77 4   0 0   1 1   2 2   3 3
25 68 4   0 0   1 1   2 2   3 3
25 54 4   0 0   1 1   2 2   3 3
25 138 4   0 0   1 1   2 2   3 3
25 107 4   0 0   1 1   2 2   3 3
25 125 4   0 0   1 1   2 2   3 3
25 109 4   0 0   1 1   2 2   3 3
25 94 4   0 0   1 1   2 2   3 3
26 80 4   0 0   1 1   2 2   3 3
26 65 4   0 0   1 1   2 2   3 3
26 99 4   0 0   1 1   2 2   3 3
26 136 4   0 0   1 1   2 2   3 3
26 40 4   0 0   1 1   2 2   3 3
26 79 4   0 0   1 1   2 2   3 3
27 66 4   0 0   1 1   2 2   3 3
27 36 4   0 0   1 1   2 2   3 3
27 55 4   0 0   1 1   2 2   3 3
27 88 4   0 0   1 1   2 2   3 3
27 105 4   0 0   1 1   2 2   3 3
27 75 4   0 0   1 1   2 2   3 3
27 108 4   0 0   1 1   2 2   3 3
27 44 4   0 0   1 1   2 2   3 3
27 29 4   0 0   1 1   2 2   3 3
27 95 4   0 0   1 1   2 2   3 3
28 101 4   0 0   1 1   2 2   3 3
28 38 4   0 0   1 1   2 2   3 3
28 73 4   0 0   1 1   2 2   3 3
28 75 4   0 0   1 1   2 2   3 3
28 107 4   0 0   1 1   2 2   3 3
28 29 4   0 0   1 1   2 2   3 3
28 110 4   0 0   1 1   2 2   3 3
29 101 4   0 0   1 1   2 2   3 3
29 105 4   0 0   1 1   2 2   3 3
29 75 4   0 0   1 1   2 2   3 3
31 103 4   0 0   1 1   2 2   3 3
31 121 4   0 0   1 1   2 2   3 3
31 60 4   0 0   1 1   2 2   3 3
32 34 4   0 0   1 1   2 2   3 3
32 137 4   0 0   1 1   2 2   3 3
33 49 4   0 0   1 1   2 2   3 3
33 132 4   0 0   1 1   2 2   3 3
33 37 4   0 0   1 1   2 2   3 3
33 86 4   0 0   1 1   2 2   3 3
33 71 4   0 0   1 1   2 2   3 3
33 58 4   0 0   1 1   2 2   3 3
34 64 4   0 0   1 1   2 2   3 3
34 81 4   0 0   1 1   2 2   3 3
34 116 4   0 0   1 1   2 2   3 3
34 137 4   0 0   1 1   2 2   3 3
34 123 4   0 0   1 1   2 2   3 3
35 104 4   0 0   1 1   2 2   3 3
35 89 4   0 0   1 1   2 2   3 3
35 124 4   0 0   1 1   2 2   3 3
35 77 4   0 0   1 1   2 2   3 3
35 46 4   0 0   1 1   2 2   3 3
36 100 4   0 0   1 1   2 2   3 3
36 88 4   0 0   1 1   2 2   3 3
36 108 4   0 0   1 1   2 2   3 3
36 44 4   0 0   1 1   2 2   3 3
36 77 4   0 0   1 1   2 2   3 3
36 62 4   0 0   1 1   2 2   3 3
36 63 4   0 0   1 1   2 2   3 3
36 95 4   0 0   1 1   2 2   3 3
37 97 4   0 0   1 1   2 2   3 3
37 132 4   0 0   1 1   2 2   3 3
37 134 4   0 0   1 1   2 2   3 3
37 87 4   0 0   1 1   2 2   3 3
37 71 4   0 0   1 1   2 2   3 3
37 74 4   0 0   1 1   2 2   3 3
38 101 4   0 0   1 1   2 2   3 3
38 70 4   0 0   1 1   2 2   3 3
38 110 4   0 0   1 1   2 2   3 3
39 89 4   0 0   1 1   2 2   3 3
40 65 4   0 0   1 1   2 2   3 3
40 99 4   0 0   1 1   2 2   3 3
40 127 4   0 0   1 1   2 2   3 3
41 113 4   0 0   1 1   2 2   3 3
41 120 4   0 0   1 1   2 2   3 3
41 111 4   0 0   1 1   2 2   3 3
42 67 4   0 0   1 1   2 2   3 3
42 133 4   0 0   1 1   2 2   3 3
42 71 4   0 0   1 1   2 2   3 3
42 56 4   0 0   1 1   2 2   3 3
43 129 4   0 0   1 1   2 2   3 3
43 53 4   0 0   1 1   2 2   3 3
43 139 4   0 0   1 1   2 2   3 3
43 61 4   0 0   1 1   2 2   3 3
44 75 4   0 0   1 1   2 2   3 3
44 107 4   0 0   1 1   2 2   3 3
44 62 4   0 0   1 1   2 2   3 3
45 112 4   0 0   1 1   2 2   3 3
46 104 4   0 0   1 1   2 2   3 3
46 89 4   0 0   1 1   2 2   3 3
46 124 4   0 0   1 1   2 2   3 3
47 50 4   0 0   1 1   2 2   3 3
47 118 4   0 0   1 1   2 2   3 3
47 91 4   0 0   1 1   2 2   3 3
47 59 4   0 0   1 1   2 2   3 3
48 82 4   0 0   1 1   2 2   3 3
48 131 4   0 0   1 1   2 2   3 3
48 52 4   0 0   1 1   2 2   3 3
48 92 4   0 0   1 1   2 2   3 3
48 78 4   0 0   1 1   2 2   3 3
49 99 4   0 0   1 1   2 2   3 3
49 71 4   0 0   1 1   2 2   3 3
49 58 4   0 0   1 1   2 2   3 3
50 82 4   0 0   1 1   2 2   3 3
50 118 4   0 0   1 1   2 2   3 3
50 135 4   0 0   1 1   2 2   3 3
50 57 4   0 0   1 1   2 2   3 3
50 106 4   0 0   1 1   2 2   3 3
50 91 4   0 0   1 1   2 2   3 3
50 92 4   0 0   1 1   2 2   3 3
50 110 4   0 0   1 1   2 2   3 3
51 101 4   0 0   1 1   2 2   3 3
51 55 4   0 0   1 1   2 2   3 3
51 105 4   0 0   1 1   2 2   3 3
52 82 4   0 0   1 1   2 2   3 3
52 85 4   0 0   1 1   2 2   3 3
52 139 4   0 0   1 1   2 2   3 3
52 76 4   0 0   1 1   2 2   3 3
52 78 4   0 0   1 1   2 2   3 3
53 129 4   0 0   1 1   2 2   3 3
53 121 4   0 0   1 1   2 2   3 3
53 139 4   0 0   1 1   2 2   3 3
54 107 4   0 0   1 1   2 2   3 3
54 125 4   0 0   1 1   2 2   3 3
55 66 4   0 0   1 1   2 2   3 3
55 136 4   0 0   1 1   2 2   3 3
55 105 4   0 0   1 1   2 2   3 3
56 128 4   0 0   1 1   2 2   3 3
56 67 4   0 0   1 1   2 2   3 3
56 133 4   0 0   1 1   2 2   3 3
56 103 4   0 0   1 1   2 2   3 3
56 121 4   0 0   1 1   2 2   3 3
57 70 4   0 0   1 1   2 2   3 3
57 110 4   0 0   1 1   2 2   3 3
58 80 4   0 0   1 1   2 2   3 3
58 99 4   0 0   1 1   2 2   3 3
58 86 4   0 0   1 1   2 2   3 3
59 68 4   0 0   1 1   2 2   3 3
59 118 4   0 0   1 1   2 2   3 3
59 138 4   0 0   1 1   2 2   3 3
59 91 4   0 0   1 1   2 2   3 3
60 128 4   0 0   1 1   2 2   3 3
60 103 4   0 0   1 1   2 2   3 3
60 121 4   0 0   1 1   2 2   3 3
60 76 4   0 0   1 1   2 2   3 3
61 129 4   0 0   1 1   2 2   3 3
61 82 4   0 0   1 1   2 2   3 3
61 135 4   0 0   1 1   2 2   3 3
62 112 4   0 0   1 1   2 2   3 3
62 77 4   0 0   1 1   2 2   3 3
63 88 4   0 0   1 1   2 2   3 3
63 95 4   0 0   1 1   2 2   3 3
64 81 4   0 0   1 1   2 2   3 3
65 136 4   0 0   1 1   2 2   3 3
66 136 4   0 0   1 1   2 2   3 3
66 141 4   0 0   1 1   2 2   3 3
67 128 4   0 0   1 1   2 2   3 3
68 118 4   0 0   1 1   2 2   3 3
68 138 4   0 0   1 1   2 2   3 3
68 125 4   0 0   1 1   2 2   3 3
69 100 4   0 0   1 1   2 2   3 3
69 89 4   0 0   1 1   2 2   3 3
69 123 4   0 0   1 1   2 2   3 3
69 77 4   0 0   1 1   2 2   3 3
70 101 4   0 0   1 1   2 2   3 3
70 110 4   0 0   1 1   2 2   3 3
72 112 4   0 0   1 1   2 2   3 3
73 107 4   0 0   1 1   2 2   3 3
73 125 4   0 0   1 1   2 2   3 3
74 81 4   0 0   1 1   2 2   3 3
74 97 4   0 0   1 1   2 2   3 3
74 134 4   0 0   1 1   2 2   3 3
75 107 4   0 0   1 1   2 2   3 3
76 128 4   0 0   1 1   2 2   3 3
76 85 4   0 0   1 1   2 2   3 3
76 121 4   0 0   1 1   2 2   3 3
76 139 4   0 0   1 1   2 2   3 3
76 93 4   0 0   1 1   2 2   3 3
77 112 4   0 0   1 1   2 2   3 3
77 100 4   0 0   1 1   2 2   3 3
77 89 4   0 0   1 1   2 2   3 3
77 124 4   0 0   1 1   2 2   3 3
78 113 4   0 0   1 1   2 2   3 3
78 131 4   0 0   1 1   2 2   3 3
78 85 4   0 0   1 1   2 2   3 3
78 119 4   0 0   1 1   2 2   3 3
79 80 4   0 0   1 1   2 2   3 3
79 98 4   0 0   1 1   2 2   3 3
79 114 4   0 0   1 1   2 2   3 3
79 116 4   0 0   1 1   2 2   3 3
79 136 4   0 0   1 1   2 2   3 3
79 141 4   0 0   1 1   2 2   3 3
80 114 4   0 0   1 1   2 2   3 3
80 115 4   0 0   1 1   2 2   3 3
80 99 4   0 0   1 1   2 2   3 3
80 86 4   0 0   1 1   2 2   3 3
80 87 4   0 0   1 1   2 2   3 3
81 97 4   0 0   1 1   2 2   3 3
81 116 4   0 0   1 1   2 2   3 3
82 135 4   0 0   1 1   2 2   3 3
82 92 4   0 0   1 1   2 2   3 3
83 85 4   0 0   1 1   2 2   3 3
83 122 4   0 0   1 1   2 2   3 3
83 90 4   0 0   1 1   2 2   3 3
84 130 4   0 0   1 1   2 2   3 3
84 102 4   0 0   1 1   2 2   3 3
84 109 4   0 0   1 1   2 2   3 3
85 113 4   0 0   1 1   2 2   3 3
85 90 4   0 0   1 1   2 2   3 3
85 93 4   0 0   1 1   2 2   3 3
86 132 4   0 0   1 1   2 2   3 3
86 87 4   0 0   1 1   2 2   3 3
87 97 4   0 0   1 1   2 2   3 3
87 114 4   0 0   1 1   2 2   3 3
87 115 4   0 0   1 1   2 2   3 3
87 132 4   0 0   1 1   2 2   3 3
88 108 4   0 0   1 1   2 2   3 3
88 95 4   0 0   1 1   2 2   3 3
89 123 4   0 0   1 1   2 2   3 3
90 122 4   0 0   1 1   2 2   3 3
90 93 4   0 0   1 1   2 2   3 3
91 106 4   0 0   1 1   2 2   3 3
91 138 4   0 0   1 1   2 2   3 3
92 131 4   0 0   1 1   2 2   3 3
92 106 4   0 0   1 1   2 2   3 3
92 140 4   0 0   1 1   2 2   3 3
94 102 4   0 0   1 1   2 2   3 3
94 107 4   0 0   1 1   2 2   3 3
94 109 4   0 0   1 1   2 2   3 3
96 130 4   0 0   1 1   2 2   3 3
96 131 4   0 0   1 1   2 2   3 3
96 117 4   0 0   1 1   2 2   3 3
96 120 4   0 0   1 1   2 2   3 3
96 111 4   0 0   1 1   2 2   3 3
97 114 4   0 0   1 1   2 2   3 3
97 116 4   0 0   1 1   2 2   3 3
98 116 4   0 0   1 1   2 2   3 3
98 141 4   0 0   1 1   2 2   3 3
99 127 4   0 0   1 1   2 2   3 3
100 123 4   0 0   1 1   2 2   3 3
101 105 4   0 0   1 1   2 2   3 3
102 109 4   0 0   1 1   2 2   3 3
103 128 4   0 0   1 1   2 2   3 3
103 121 4   0 0   1 1   2 2   3 3
104 124 4   0 0   1 1   2 2   3 3
107 125 4   0 0   1 1   2 2   3 3
109 140 4   0 0   1 1   2 2   3 3
110 118 4   0 0   1 1   2 2   3 3
111 120 4   0 0   1 1   2 2   3 3
111 122 4   0 0   1 1   2 2   3 3
113 119 4   0 0   1 1   2 2   3 3
113 120 4   0 0   1 1   2 2   3 3
114 115 4   0 0   1 1   2 2   3 3
114 116 4   0 0   1 1   2 2   3 3
116 141 4   0 0   1 1   2 2   3 3
117 119 4   0 0   1 1   2 2   3 3
117 120 4   0 0   1 1   2 2   3 3
119 131 4   0 0   1 1   2 2   3 3
119 120 4   0 0   1 1   2 2   3 3
121 129 4   0 0   1 1   2 2   3 3
121 133 4   0 0   1 1   2 2   3 3
121 139 4   0 0   1 1   2 2   3 3
123 137 4   0 0   1 1   2 2   3 3
126 138 4   0 0   1 1   2 2   3 3
126 140 4   0 0   1 1   2 2   3 3
127 129 4   0 0   1 1   2 2   3 3
129 135 4   0 0   1 1   2 2   3 3
131 140 4   0 0   1 1   2 2   3 3
136 141 4   0 0   1 1   2 2   3 3
