142
1 4 0 1 2 3
2 4 0 1 2 3
3 4 0 1 2 3
4 4 0 1 2 3
5 4 0 1 2 3
6 4 0 1 2 3
7 4 0 1 2 3
8 4 0 1 2 3
9 4 0 1 2 3
10 4 0 1 2 3
11 4 0 1 2 3
12 4 0 1 2 3
13 4 0 1 2 3
14 4 0 1 2 3
15 4 0 1 2 3
16 4 0 1 2 3
17 4 0 1 2 3
18 4 0 1 2 3
19 4 0 1 2 3
20 4 0 1 2 3
21 4 0 1 2 3
22 4 0 1 2 3
23 4 0 1 2 3
24 4 0 1 2 3
25 4 0 1 2 3
26 4 0 1 2 3
27 4 0 1 2 3
28 4 0 1 2 3
29 4 0 1 2 3
30 4 0 1 2 3
31 4 0 1 2 3
32 4 0 1 2 3
33 4 0 1 2 3
34 4 0 1 2 3
35 4 0 1 2 3
36 4 0 1 2 3
37 4 0 1 2 3
38 4 0 1 2 3
39 4 0 1 2 3
40 4 0 1 2 3
41 4 0 1 2 3
42 4 0 1 2 3
43 4 0 1 2 3
44 4 0 1 2 3
45 4 0 1 2 3
46 4 0 1 2 3
47 4 0 1 2 3
48 4 0 1 2 3
49 4 0 1 2 3
50 4 0 1 2 3
51 4 0 1 2 3
52 4 0 1 2 3
53 4 0 1 2 3
54 4 0 1 2 3
55 4 0 1 2 3
56 4 0 1 2 3
57 4 0 1 2 3
58 4 0 1 2 3
59 4 0 1 2 3
60 4 0 1 2 3
61 4 0 1 2 3
62 4 0 1 2 3
63 4 0 1 2 3
64 4 0 1 2 3
65 4 0 1 2 3
66 4 0 1 2 3
67 4 0 1 2 3
68 4 0 1 2 3
69 4 0 1 2 3
70 4 0 1 2 3
71 4 0 1 2 3
72 4 0 1 2 3
73 4 0 1 2 3
74 4 0 1 2 3
75 4 0 1 2 3
76 4 0 1 2 3
77 4 0 1 2 3
78 4 0 1 2 3
79 4 0 1 2 3
80 4 0 1 2 3
81 4 0 1 2 3
82 4 0 1 2 3
83 4 0 1 2 3
84 4 0 1 2 3
85 4 0 1 2 3
86 4 0 1 2 3
87 4 0 1 2 3
88 4 0 1 2 3
89 4 0 1 2 3
90 4 0 1 2 3
91 4 0 1 2 3
92 4 0 1 2 3
93 4 0 1 2 3
94 4 0 1 2 3
95 4 0 1 2 3
96 4 0 1 2 3
97 4 0 1 2 3
98 4 0 1 2 3
99 4 0 1 2 3
100 4 0 1 2 3
101 4 0 1 2 3
102 4 0 1 2 3
103 4 0 1 2 3
104 4 0 1 2 3
105 4 0 1 2 3
106 4 0 1 2 3
107 4 0 1 2 3
108 4 0 1 2 3
109 4 0 1 2 3
110 4 0 1 2 3
111 4 0 1 2 3
112 4 0 1 2 3
113 4 0 1 2 3
114 4 0 1 2 3
115 4 0 1 2 3
116 4 0 1 2 3
117 4 0 1 2 3
118 4 0 1 2 3
119 4 0 1 2 3
120 4 0 1 2 3
121 4 0 1 2 3
122 4 0 1 2 3
123 4 0 1 2 3
124 4 0 1 2 3
125 4 0 1 2 3
126 4 0 1 2 3
127 4 0 1 2 3
128 4 0 1 2 3
129 4 0 1 2 3
130 4 0 1 2 3
131 4 0 1 2 3
132 4 0 1 2 3
133 4 0 1 2 3
134 4 0 1 2 3
135 4 0 1 2 3
136 4 0 1 2 3
137 4 0 1 2 3
138 4 0 1 2 3
139 4 0 1 2 3
140 4 0 1 2 3
141 4 0 1 2 3
142 4 0 1 2 3
385
1 115 4   0 0   1 1   2 2   3 3
1 134 4   0 0   1 1   2 2   3 3
1 71 4   0 0   1 1   2 2   3 3
1 40 4   0 0   1 1   2 2   3 3
1 140 4   0 0   1 1   2 2   3 3
2 4 4   0 0   1 1   2 2   3 3
2 52 4   0 0   1 1   2 2   3 3
2 55 4   0 0   1 1   2 2   3 3
2 10 4   0 0   1 1   2 2   3 3
2 107 4   0 0   1 1   2 2   3 3
2 111 4   0 0   1 1   2 2   3 3
3 96 4   0 0   1 1   2 2   3 3
3 98 4   0 0   1 1   2 2   3 3
3 73 4   0 0   1 1   2 2   3 3
3 43 4   0 0   1 1   2 2   3 3
4 82 4   0 0   1 1   2 2   3 3
4 114 4   0 0   1 1   2 2   3 3
4 20 4   0 0   1 1   2 2   3 3
4 84 4   0 0   1 1   2 2   3 3
4 55 4   0 0   1 1   2 2   3 3
4 75 4   0 0   1 1   2 2   3 3
5 80 4   0 0   1 1   2 2   3 3
5 82 4   0 0   1 1   2 2   3 3
5 104 4   0 0   1 1   2 2   3 3
5 74 4   0 0   1 1   2 2   3 3
5 75 4   0 0   1 1   2 2   3 3
5 79 4   0 0   1 1   2 2   3 3
6 49 4   0 0   1 1   2 2   3 3
6 134 4   0 0   1 1   2 2   3 3
6 137 4   0 0   1 1   2 2   3 3
6 140 4   0 0   1 1   2 2   3 3
6 12 4   0 0   1 1   2 2   3 3
7 114 4   0 0   1 1   2 2   3 3
7 19 4   0 0   1 1   2 2   3 3
7 75 4   0 0   1 1   2 2   3 3
7 93 4   0 0   1 1   2 2   3 3
7 79 4   0 0   1 1   2 2   3 3
7 15 4   0 0   1 1   2 2   3 3
8 17 4   0 0   1 1   2 2   3 3
8 38 4   0 0   1 1   2 2   3 3
8 56 4   0 0   1 1   2 2   3 3
8 125 4   0 0   1 1   2 2   3 3
9 48 4   0 0   1 1   2 2   3 3
9 81 4   0 0   1 1   2 2   3 3
9 65 4   0 0   1 1   2 2   3 3
9 114 4   0 0   1 1   2 2   3 3
9 57 4   0 0   1 1   2 2   3 3
9 28 4   0 0   1 1   2 2   3 3
10 133 4   0 0   1 1   2 2   3 3
10 55 4   0 0   1 1   2 2   3 3
10 24 4   0 0   1 1   2 2   3 3
10 107 4   0 0   1 1   2 2   3 3
10 110 4   0 0   1 1   2 2   3 3
11 121 4   0 0   1 1   2 2   3 3
11 58 4   0 0   1 1   2 2   3 3
11 43 4   0 0   1 1   2 2   3 3
12 49 4   0 0   1 1   2 2   3 3
12 18 4   0 0   1 1   2 2   3 3
13 56 4   0 0   1 1   2 2   3 3
13 88 4   0 0   1 1   2 2   3 3
13 125 4   0 0   1 1   2 2   3 3
14 65 4   0 0   1 1   2 2   3 3
14 54 4   0 0   1 1   2 2   3 3
14 23 4   0 0   1 1   2 2   3 3
14 122 4   0 0   1 1   2 2   3 3
14 28 4   0 0   1 1   2 2   3 3
15 48 4   0 0   1 1   2 2   3 3
15 81 4   0 0   1 1   2 2   3 3
15 114 4   0 0   1 1   2 2   3 3
15 19 4   0 0   1 1   2 2   3 3
15 119 4   0 0   1 1   2 2   3 3
16 128 4   0 0   1 1   2 2   3 3
16 131 4   0 0   1 1   2 2   3 3
16 21 4   0 0   1 1   2 2   3 3
16 22 4   0 0   1 1   2 2   3 3
16 118 4   0 0   1 1   2 2   3 3
16 127 4   0 0   1 1   2 2   3 3
17 113 4   0 0   1 1   2 2   3 3
17 38 4   0 0   1 1   2 2   3 3
17 56 4   0 0   1 1   2 2   3 3
17 108 4   0 0   1 1   2 2   3 3
17 29 4   0 0   1 1   2 2   3 3
18 49 4   0 0   1 1   2 2   3 3
18 132 4   0 0   1 1   2 2   3 3
18 39 4   0 0   1 1   2 2   3 3
19 119 4   0 0   1 1   2 2   3 3
19 92 4   0 0   1 1   2 2   3 3
19 93 4   0 0   1 1   2 2   3 3
19 94 4   0 0   1 1   2 2   3 3
20 82 4   0 0   1 1   2 2   3 3
20 84 4   0 0   1 1   2 2   3 3
20 74 4   0 0   1 1   2 2   3 3
21 128 4   0 0   1 1   2 2   3 3
21 34 4   0 0   1 1   2 2   3 3
21 131 4   0 0   1 1   2 2   3 3
21 40 4   0 0   1 1   2 2   3 3
21 25 4   0 0   1 1   2 2   3 3
22 128 4   0 0   1 1   2 2   3 3
22 86 4   0 0   1 1   2 2   3 3
22 127 4   0 0   1 1   2 2   3 3
23 98 4   0 0   1 1   2 2   3 3
23 35 4   0 0   1 1   2 2   3 3
23 54 4   0 0   1 1   2 2   3 3
23 105 4   0 0   1 1   2 2   3 3
23 142 4   0 0   1 1   2 2   3 3
23 63 4   0 0   1 1   2 2   3 3
24 52 4   0 0   1 1   2 2   3 3
24 133 4   0 0   1 1   2 2   3 3
24 107 4   0 0   1 1   2 2   3 3
25 128 4   0 0   1 1   2 2   3 3
25 34 4   0 0   1 1   2 2   3 3
25 53 4   0 0   1 1   2 2   3 3
25 86 4   0 0   1 1   2 2   3 3
25 105 4   0 0   1 1   2 2   3 3
25 26 4   0 0   1 1   2 2   3 3
25 44 4   0 0   1 1   2 2   3 3
26 54 4   0 0   1 1   2 2   3 3
26 55 4   0 0   1 1   2 2   3 3
26 105 4   0 0   1 1   2 2   3 3
26 28 4   0 0   1 1   2 2   3 3
26 44 4   0 0   1 1   2 2   3 3
26 110 4   0 0   1 1   2 2   3 3
27 112 4   0 0   1 1   2 2   3 3
27 36 4   0 0   1 1   2 2   3 3
27 87 4   0 0   1 1   2 2   3 3
27 41 4   0 0   1 1   2 2   3 3
27 106 4   0 0   1 1   2 2   3 3
27 138 4   0 0   1 1   2 2   3 3
27 111 4   0 0   1 1   2 2   3 3
28 65 4   0 0   1 1   2 2   3 3
28 114 4   0 0   1 1   2 2   3 3
28 54 4   0 0   1 1   2 2   3 3
28 55 4   0 0   1 1   2 2   3 3
29 113 4   0 0   1 1   2 2   3 3
29 117 4   0 0   1 1   2 2   3 3
29 108 4   0 0   1 1   2 2   3 3
29 77 4   0 0   1 1   2 2   3 3
30 108 4   0 0   1 1   2 2   3 3
30 77 4   0 0   1 1   2 2   3 3
30 62 4   0 0   1 1   2 2   3 3
30 47 4   0 0   1 1   2 2   3 3
31 132 4   0 0   1 1   2 2   3 3
31 72 4   0 0   1 1   2 2   3 3
32 133 4   0 0   1 1   2 2   3 3
32 60 4   0 0   1 1   2 2   3 3
32 110 4   0 0   1 1   2 2   3 3
33 112 4   0 0   1 1   2 2   3 3
33 135 4   0 0   1 1   2 2   3 3
33 120 4   0 0   1 1   2 2   3 3
33 41 4   0 0   1 1   2 2   3 3
34 40 4   0 0   1 1   2 2   3 3
34 105 4   0 0   1 1   2 2   3 3
34 142 4   0 0   1 1   2 2   3 3
35 96 4   0 0   1 1   2 2   3 3
35 98 4   0 0   1 1   2 2   3 3
35 51 4   0 0   1 1   2 2   3 3
35 122 4   0 0   1 1   2 2   3 3
35 126 4   0 0   1 1   2 2   3 3
36 84 4   0 0   1 1   2 2   3 3
36 87 4   0 0   1 1   2 2   3 3
36 111 4   0 0   1 1   2 2   3 3
37 130 4   0 0   1 1   2 2   3 3
37 116 4   0 0   1 1   2 2   3 3
37 139 4   0 0   1 1   2 2   3 3
38 113 4   0 0   1 1   2 2   3 3
38 121 4   0 0   1 1   2 2   3 3
38 76 4   0 0   1 1   2 2   3 3
38 61 4   0 0   1 1   2 2   3 3
38 125 4   0 0   1 1   2 2   3 3
39 49 4   0 0   1 1   2 2   3 3
39 132 4   0 0   1 1   2 2   3 3
39 118 4   0 0   1 1   2 2   3 3
39 72 4   0 0   1 1   2 2   3 3
39 137 4   0 0   1 1   2 2   3 3
39 127 4   0 0   1 1   2 2   3 3
40 131 4   0 0   1 1   2 2   3 3
40 115 4   0 0   1 1   2 2   3 3
40 71 4   0 0   1 1   2 2   3 3
40 142 4   0 0   1 1   2 2   3 3
40 95 4   0 0   1 1   2 2   3 3
41 112 4   0 0   1 1   2 2   3 3
41 70 4   0 0   1 1   2 2   3 3
41 87 4   0 0   1 1   2 2   3 3
42 97 4   0 0   1 1   2 2   3 3
42 68 4   0 0   1 1   2 2   3 3
42 58 4   0 0   1 1   2 2   3 3
42 109 4   0 0   1 1   2 2   3 3
43 96 4   0 0   1 1   2 2   3 3
43 121 4   0 0   1 1   2 2   3 3
43 73 4   0 0   1 1   2 2   3 3
43 58 4   0 0   1 1   2 2   3 3
44 53 4   0 0   1 1   2 2   3 3
44 110 4   0 0   1 1   2 2   3 3
45 67 4   0 0   1 1   2 2   3 3
45 103 4   0 0   1 1   2 2   3 3
45 138 4   0 0   1 1   2 2   3 3
45 123 4   0 0   1 1   2 2   3 3
45 60 4   0 0   1 1   2 2   3 3
46 98 4   0 0   1 1   2 2   3 3
46 68 4   0 0   1 1   2 2   3 3
46 73 4   0 0   1 1   2 2   3 3
46 109 4   0 0   1 1   2 2   3 3
46 142 4   0 0   1 1   2 2   3 3
47 119 4   0 0   1 1   2 2   3 3
47 89 4   0 0   1 1   2 2   3 3
47 94 4   0 0   1 1   2 2   3 3
47 62 4   0 0   1 1   2 2   3 3
48 81 4   0 0   1 1   2 2   3 3
48 114 4   0 0   1 1   2 2   3 3
49 137 4   0 0   1 1   2 2   3 3
50 97 4   0 0   1 1   2 2   3 3
50 88 4   0 0   1 1   2 2   3 3
50 58 4   0 0   1 1   2 2   3 3
50 124 4   0 0   1 1   2 2   3 3
51 117 4   0 0   1 1   2 2   3 3
51 122 4   0 0   1 1   2 2   3 3
51 61 4   0 0   1 1   2 2   3 3
51 126 4   0 0   1 1   2 2   3 3
52 133 4   0 0   1 1   2 2   3 3
52 107 4   0 0   1 1   2 2   3 3
52 111 4   0 0   1 1   2 2   3 3
53 67 4   0 0   1 1   2 2   3 3
53 86 4   0 0   1 1   2 2   3 3
53 103 4   0 0   1 1   2 2   3 3
53 60 4   0 0   1 1   2 2   3 3
53 110 4   0 0   1 1   2 2   3 3
54 105 4   0 0   1 1   2 2   3 3
54 63 4   0 0   1 1   2 2   3 3
55 114 4   0 0   1 1   2 2   3 3
55 110 4   0 0   1 1   2 2   3 3
56 125 4   0 0   1 1   2 2   3 3
57 81 4   0 0   1 1   2 2   3 3
57 65 4   0 0   1 1   2 2   3 3
57 117 4   0 0   1 1   2 2   3 3
57 102 4   0 0   1 1   2 2   3 3
58 97 4   0 0   1 1   2 2   3 3
58 68 4   0 0   1 1   2 2   3 3
58 121 4   0 0   1 1   2 2   3 3
58 73 4   0 0   1 1   2 2   3 3
58 76 4   0 0   1 1   2 2   3 3
58 124 4   0 0   1 1   2 2   3 3
59 129 4   0 0   1 1   2 2   3 3
59 109 4   0 0   1 1   2 2   3 3
59 95 4   0 0   1 1   2 2   3 3
60 133 4   0 0   1 1   2 2   3 3
60 103 4   0 0   1 1   2 2   3 3
60 138 4   0 0   1 1   2 2   3 3
60 110 4   0 0   1 1   2 2   3 3
61 113 4   0 0   1 1   2 2   3 3
61 117 4   0 0   1 1   2 2   3 3
61 121 4   0 0   1 1   2 2   3 3
61 126 4   0 0   1 1   2 2   3 3
62 81 4   0 0   1 1   2 2   3 3
62 99 4   0 0   1 1   2 2   3 3
62 119 4   0 0   1 1   2 2   3 3
62 77 4   0 0   1 1   2 2   3 3
63 105 4   0 0   1 1   2 2   3 3
64 83 4   0 0   1 1   2 2   3 3
64 100 4   0 0   1 1   2 2   3 3
64 91 4   0 0   1 1   2 2   3 3
65 102 4   0 0   1 1   2 2   3 3
65 122 4   0 0   1 1   2 2   3 3
66 83 4   0 0   1 1   2 2   3 3
66 120 4   0 0   1 1   2 2   3 3
66 123 4   0 0   1 1   2 2   3 3
66 141 4   0 0   1 1   2 2   3 3
66 78 4   0 0   1 1   2 2   3 3
67 86 4   0 0   1 1   2 2   3 3
67 103 4   0 0   1 1   2 2   3 3
67 123 4   0 0   1 1   2 2   3 3
67 91 4   0 0   1 1   2 2   3 3
67 127 4   0 0   1 1   2 2   3 3
68 73 4   0 0   1 1   2 2   3 3
68 109 4   0 0   1 1   2 2   3 3
69 116 4   0 0   1 1   2 2   3 3
69 101 4   0 0   1 1   2 2   3 3
69 89 4   0 0   1 1   2 2   3 3
69 94 4   0 0   1 1   2 2   3 3
70 87 4   0 0   1 1   2 2   3 3
70 104 4   0 0   1 1   2 2   3 3
70 74 4   0 0   1 1   2 2   3 3
71 131 4   0 0   1 1   2 2   3 3
71 118 4   0 0   1 1   2 2   3 3
71 137 4   0 0   1 1   2 2   3 3
71 140 4   0 0   1 1   2 2   3 3
72 100 4   0 0   1 1   2 2   3 3
72 132 4   0 0   1 1   2 2   3 3
72 127 4   0 0   1 1   2 2   3 3
73 98 4   0 0   1 1   2 2   3 3
74 82 4   0 0   1 1   2 2   3 3
74 84 4   0 0   1 1   2 2   3 3
74 87 4   0 0   1 1   2 2   3 3
74 104 4   0 0   1 1   2 2   3 3
75 82 4   0 0   1 1   2 2   3 3
75 79 4   0 0   1 1   2 2   3 3
76 121 4   0 0   1 1   2 2   3 3
76 124 4   0 0   1 1   2 2   3 3
76 125 4   0 0   1 1   2 2   3 3
77 99 4   0 0   1 1   2 2   3 3
77 117 4   0 0   1 1   2 2   3 3
77 108 4   0 0   1 1   2 2   3 3
78 136 4   0 0   1 1   2 2   3 3
78 138 4   0 0   1 1   2 2   3 3
78 123 4   0 0   1 1   2 2   3 3
78 141 4   0 0   1 1   2 2   3 3
79 80 4   0 0   1 1   2 2   3 3
79 93 4   0 0   1 1   2 2   3 3
80 130 4   0 0   1 1   2 2   3 3
80 101 4   0 0   1 1   2 2   3 3
80 104 4   0 0   1 1   2 2   3 3
80 90 4   0 0   1 1   2 2   3 3
80 93 4   0 0   1 1   2 2   3 3
81 99 4   0 0   1 1   2 2   3 3
81 117 4   0 0   1 1   2 2   3 3
81 119 4   0 0   1 1   2 2   3 3
83 123 4   0 0   1 1   2 2   3 3
83 91 4   0 0   1 1   2 2   3 3
84 87 4   0 0   1 1   2 2   3 3
84 111 4   0 0   1 1   2 2   3 3
85 112 4   0 0   1 1   2 2   3 3
85 135 4   0 0   1 1   2 2   3 3
85 120 4   0 0   1 1   2 2   3 3
85 136 4   0 0   1 1   2 2   3 3
85 141 4   0 0   1 1   2 2   3 3
86 128 4   0 0   1 1   2 2   3 3
86 127 4   0 0   1 1   2 2   3 3
88 124 4   0 0   1 1   2 2   3 3
88 125 4   0 0   1 1   2 2   3 3
89 116 4   0 0   1 1   2 2   3 3
89 139 4   0 0   1 1   2 2   3 3
89 94 4   0 0   1 1   2 2   3 3
90 130 4   0 0   1 1   2 2   3 3
90 104 4   0 0   1 1   2 2   3 3
91 100 4   0 0   1 1   2 2   3 3
91 123 4   0 0   1 1   2 2   3 3
91 127 4   0 0   1 1   2 2   3 3
92 119 4   0 0   1 1   2 2   3 3
92 94 4   0 0   1 1   2 2   3 3
93 101 4   0 0   1 1   2 2   3 3
93 94 4   0 0   1 1   2 2   3 3
94 101 4   0 0   1 1   2 2   3 3
94 119 4   0 0   1 1   2 2   3 3
95 129 4   0 0   1 1   2 2   3 3
95 115 4   0 0   1 1   2 2   3 3
95 109 4   0 0   1 1   2 2   3 3
95 142 4   0 0   1 1   2 2   3 3
96 98 4   0 0   1 1   2 2   3 3
96 121 4   0 0   1 1   2 2   3 3
96 126 4   0 0   1 1   2 2   3 3
98 142 4   0 0   1 1   2 2   3 3
99 117 4   0 0   1 1   2 2   3 3
100 127 4   0 0   1 1   2 2   3 3
101 130 4   0 0   1 1   2 2   3 3
101 116 4   0 0   1 1   2 2   3 3
102 117 4   0 0   1 1   2 2   3 3
102 122 4   0 0   1 1   2 2   3 3
105 142 4   0 0   1 1   2 2   3 3
106 112 4   0 0   1 1   2 2   3 3
106 136 4   0 0   1 1   2 2   3 3
106 138 4   0 0   1 1   2 2   3 3
109 142 4   0 0   1 1   2 2   3 3
110 133 4   0 0   1 1   2 2   3 3
111 133 4   0 0   1 1   2 2   3 3
111 138 4   0 0   1 1   2 2   3 3
112 135 4   0 0   1 1   2 2   3 3
112 136 4   0 0   1 1   2 2   3 3
113 117 4   0 0   1 1   2 2   3 3
115 129 4   0 0   1 1   2 2   3 3
115 134 4   0 0   1 1   2 2   3 3
116 130 4   0 0   1 1   2 2   3 3
116 139 4   0 0   1 1   2 2   3 3
117 122 4   0 0   1 1   2 2   3 3
118 131 4   0 0   1 1   2 2   3 3
118 137 4   0 0   1 1   2 2   3 3
118 127 4   0 0   1 1   2 2   3 3
120 135 4   0 0   1 1   2 2   3 3
120 141 4   0 0   1 1   2 2   3 3
121 126 4   0 0   1 1   2 2   3 3
123 138 4   0 0   1 1   2 2   3 3
124 125 4   0 0   1 1   2 2   3 3
133 138 4   0 0   1 1   2 2   3 3
134 140 4   0 0   1 1   2 2   3 3
136 138 4   0 0   1 1   2 2   3 3
136 141 4   0 0   1 1   2 2   3 3
137 140 4   0 0   1 1   2 2   3 3
