153
1 4 0 1 2 3
2 4 0 1 2 3
3 4 0 1 2 3
4 4 0 1 2 3
5 4 0 1 2 3
6 4 0 1 2 3
7 4 0 1 2 3
8 4 0 1 2 3
9 4 0 1 2 3
10 4 0 1 2 3
11 4 0 1 2 3
12 4 0 1 2 3
13 4 0 1 2 3
14 4 0 1 2 3
15 4 0 1 2 3
16 4 0 1 2 3
17 4 0 1 2 3
18 4 0 1 2 3
19 4 0 1 2 3
20 4 0 1 2 3
21 4 0 1 2 3
22 4 0 1 2 3
23 4 0 1 2 3
24 4 0 1 2 3
25 4 0 1 2 3
26 4 0 1 2 3
27 4 0 1 2 3
28 4 0 1 2 3
29 4 0 1 2 3
30 4 0 1 2 3
31 4 0 1 2 3
32 4 0 1 2 3
33 4 0 1 2 3
34 4 0 1 2 3
35 4 0 1 2 3
36 4 0 1 2 3
37 4 0 1 2 3
38 4 0 1 2 3
39 4 0 1 2 3
40 4 0 1 2 3
41 4 0 1 2 3
42 4 0 1 2 3
43 4 0 1 2 3
44 4 0 1 2 3
45 4 0 1 2 3
46 4 0 1 2 3
47 4 0 1 2 3
48 4 0 1 2 3
49 4 0 1 2 3
50 4 0 1 2 3
51 4 0 1 2 3
52 4 0 1 2 3
53 4 0 1 2 3
54 4 0 1 2 3
55 4 0 1 2 3
56 4 0 1 2 3
57 4 0 1 2 3
58 4 0 1 2 3
59 4 0 1 2 3
60 4 0 1 2 3
61 4 0 1 2 3
62 4 0 1 2 3
63 4 0 1 2 3
64 4 0 1 2 3
65 4 0 1 2 3
66 4 0 1 2 3
67 4 0 1 2 3
68 4 0 1 2 3
69 4 0 1 2 3
70 4 0 1 2 3
71 4 0 1 2 3
72 4 0 1 2 3
73 4 0 1 2 3
74 4 0 1 2 3
75 4 0 1 2 3
76 4 0 1 2 3
77 4 0 1 2 3
78 4 0 1 2 3
79 4 0 1 2 3
80 4 0 1 2 3
81 4 0 1 2 3
82 4 0 1 2 3
83 4 0 1 2 3
84 4 0 1 2 3
85 4 0 1 2 3
86 4 0 1 2 3
87 4 0 1 2 3
88 4 0 1 2 3
89 4 0 1 2 3
90 4 0 1 2 3
91 4 0 1 2 3
92 4 0 1 2 3
93 4 0 1 2 3
94 4 0 1 2 3
95 4 0 1 2 3
96 4 0 1 2 3
97 4 0 1 2 3
98 4 0 1 2 3
99 4 0 1 2 3
100 4 0 1 2 3
101 4 0 1 2 3
102 4 0 1 2 3
103 4 0 1 2 3
104 4 0 1 2 3
105 4 0 1 2 3
106 4 0 1 2 3
107 4 0 1 2 3
108 4 0 1 2 3
109 4 0 1 2 3
110 4 0 1 2 3
111 4 0 1 2 3
112 4 0 1 2 3
113 4 0 1 2 3
114 4 0 1 2 3
115 4 0 1 2 3
116 4 0 1 2 3
117 4 0 1 2 3
118 4 0 1 2 3
119 4 0 1 2 3
120 4 0 1 2 3
121 4 0 1 2 3
122 4 0 1 2 3
123 4 0 1 2 3
124 4 0 1 2 3
125 4 0 1 2 3
126 4 0 1 2 3
127 4 0 1 2 3
128 4 0 1 2 3
129 4 0 1 2 3
130 4 0 1 2 3
131 4 0 1 2 3
132 4 0 1 2 3
133 4 0 1 2 3
134 4 0 1 2 3
135 4 0 1 2 3
136 4 0 1 2 3
137 4 0 1 2 3
138 4 0 1 2 3
139 4 0 1 2 3
140 4 0 1 2 3
141 4 0 1 2 3
142 4 0 1 2 3
143 4 0 1 2 3
144 4 0 1 2 3
145 4 0 1 2 3
146 4 0 1 2 3
147 4 0 1 2 3
148 4 0 1 2 3
149 4 0 1 2 3
150 4 0 1 2 3
151 4 0 1 2 3
152 4 0 1 2 3
153 4 0 1 2 3
423
1 16 4   0 0   1 1   2 2   3 3
1 149 4   0 0   1 1   2 2   3 3
1 72 4   0 0   1 1   2 2   3 3
1 10 4   0 0   1 1   2 2   3 3
1 59 4   0 0   1 1   2 2   3 3
2 65 4   0 0   1 1   2 2   3 3
2 131 4   0 0   1 1   2 2   3 3
2 7 4   0 0   1 1   2 2   3 3
2 119 4   0 0   1 1   2 2   3 3
2 142 4   0 0   1 1   2 2   3 3
2 110 4   0 0   1 1   2 2   3 3
3 4 4   0 0   1 1   2 2   3 3
3 22 4   0 0   1 1   2 2   3 3
3 76 4   0 0   1 1   2 2   3 3
3 31 4   0 0   1 1   2 2   3 3
4 121 4   0 0   1 1   2 2   3 3
4 76 4   0 0   1 1   2 2   3 3
4 111 4   0 0   1 1   2 2   3 3
4 31 4   0 0   1 1   2 2   3 3
5 48 4   0 0   1 1   2 2   3 3
5 148 4   0 0   1 1   2 2   3 3
5 54 4   0 0   1 1   2 2   3 3
5 123 4   0 0   1 1   2 2   3 3
5 139 4   0 0   1 1   2 2   3 3
5 60 4   0 0   1 1   2 2   3 3
5 61 4   0 0   1 1   2 2   3 3
5 79 4   0 0   1 1   2 2   3 3
6 81 4   0 0   1 1   2 2   3 3
6 17 4   0 0   1 1   2 2   3 3
6 50 4   0 0   1 1   2 2   3 3
6 83 4   0 0   1 1   2 2   3 3
6 21 4   0 0   1 1   2 2   3 3
6 71 4   0 0   1 1   2 2   3 3
6 24 4   0 0   1 1   2 2   3 3
6 91 4   0 0   1 1   2 2   3 3
6 126 4   0 0   1 1   2 2   3 3
7 65 4   0 0   1 1   2 2   3 3
7 113 4   0 0   1 1   2 2   3 3
7 131 4   0 0   1 1   2 2   3 3
7 52 4   0 0   1 1   2 2   3 3
7 27 4   0 0   1 1   2 2   3 3
8 18 4   0 0   1 1   2 2   3 3
8 70 4   0 0   1 1   2 2   3 3
8 54 4   0 0   1 1   2 2   3 3
8 73 4   0 0   1 1   2 2   3 3
8 63 4   0 0   1 1   2 2   3 3
9 36 4   0 0   1 1   2 2   3 3
9 37 4   0 0   1 1   2 2   3 3
9 74 4   0 0   1 1   2 2   3 3
9 28 4   0 0   1 1   2 2   3 3
9 29 4   0 0   1 1   2 2   3 3
10 53 4   0 0   1 1   2 2   3 3
10 149 4   0 0   1 1   2 2   3 3
10 153 4   0 0   1 1   2 2   3 3
10 59 4   0 0   1 1   2 2   3 3
10 94 4   0 0   1 1   2 2   3 3
11 96 4   0 0   1 1   2 2   3 3
11 64 4   0 0   1 1   2 2   3 3
11 68 4   0 0   1 1   2 2   3 3
11 101 4   0 0   1 1   2 2   3 3
11 23 4   0 0   1 1   2 2   3 3
11 93 4   0 0   1 1   2 2   3 3
11 13 4   0 0   1 1   2 2   3 3
11 15 4   0 0   1 1   2 2   3 3
12 113 4   0 0   1 1   2 2   3 3
12 131 4   0 0   1 1   2 2   3 3
12 67 4   0 0   1 1   2 2   3 3
12 102 4   0 0   1 1   2 2   3 3
12 57 4   0 0   1 1   2 2   3 3
12 89 4   0 0   1 1   2 2   3 3
12 43 4   0 0   1 1   2 2   3 3
12 124 4   0 0   1 1   2 2   3 3
12 47 4   0 0   1 1   2 2   3 3
13 129 4   0 0   1 1   2 2   3 3
13 131 4   0 0   1 1   2 2   3 3
13 132 4   0 0   1 1   2 2   3 3
13 101 4   0 0   1 1   2 2   3 3
13 56 4   0 0   1 1   2 2   3 3
13 25 4   0 0   1 1   2 2   3 3
13 138 4   0 0   1 1   2 2   3 3
13 42 4   0 0   1 1   2 2   3 3
13 93 4   0 0   1 1   2 2   3 3
14 144 4   0 0   1 1   2 2   3 3
14 65 4   0 0   1 1   2 2   3 3
14 130 4   0 0   1 1   2 2   3 3
14 121 4   0 0   1 1   2 2   3 3
14 27 4   0 0   1 1   2 2   3 3
14 46 4   0 0   1 1   2 2   3 3
15 68 4   0 0   1 1   2 2   3 3
15 69 4   0 0   1 1   2 2   3 3
15 118 4   0 0   1 1   2 2   3 3
15 23 4   0 0   1 1   2 2   3 3
15 77 4   0 0   1 1   2 2   3 3
15 93 4   0 0   1 1   2 2   3 3
16 72 4   0 0   1 1   2 2   3 3
16 106 4   0 0   1 1   2 2   3 3
17 83 4   0 0   1 1   2 2   3 3
17 85 4   0 0   1 1   2 2   3 3
17 126 4   0 0   1 1   2 2   3 3
18 33 4   0 0   1 1   2 2   3 3
18 51 4   0 0   1 1   2 2   3 3
18 133 4   0 0   1 1   2 2   3 3
18 54 4   0 0   1 1   2 2   3 3
18 39 4   0 0   1 1   2 2   3 3
18 63 4   0 0   1 1   2 2   3 3
19 114 4   0 0   1 1   2 2   3 3
19 133 4   0 0   1 1   2 2   3 3
19 39 4   0 0   1 1   2 2   3 3
19 136 4   0 0   1 1   2 2   3 3
19 90 4   0 0   1 1   2 2   3 3
19 60 4   0 0   1 1   2 2   3 3
20 97 4   0 0   1 1   2 2   3 3
20 35 4   0 0   1 1   2 2   3 3
20 117 4   0 0   1 1   2 2   3 3
20 135 4   0 0   1 1   2 2   3 3
20 55 4   0 0   1 1   2 2   3 3
20 72 4   0 0   1 1   2 2   3 3
20 106 4   0 0   1 1   2 2   3 3
20 107 4   0 0   1 1   2 2   3 3
21 145 4   0 0   1 1   2 2   3 3
21 147 4   0 0   1 1   2 2   3 3
21 83 4   0 0   1 1   2 2   3 3
21 103 4   0 0   1 1   2 2   3 3
21 24 4   0 0   1 1   2 2   3 3
22 130 4   0 0   1 1   2 2   3 3
22 44 4   0 0   1 1   2 2   3 3
22 76 4   0 0   1 1   2 2   3 3
22 109 4   0 0   1 1   2 2   3 3
22 31 4   0 0   1 1   2 2   3 3
23 64 4   0 0   1 1   2 2   3 3
23 118 4   0 0   1 1   2 2   3 3
23 153 4   0 0   1 1   2 2   3 3
23 94 4   0 0   1 1   2 2   3 3
24 50 4   0 0   1 1   2 2   3 3
24 103 4   0 0   1 1   2 2   3 3
24 137 4   0 0   1 1   2 2   3 3
25 98 4   0 0   1 1   2 2   3 3
25 99 4   0 0   1 1   2 2   3 3
25 132 4   0 0   1 1   2 2   3 3
25 42 4   0 0   1 1   2 2   3 3
25 77 4   0 0   1 1   2 2   3 3
25 78 4   0 0   1 1   2 2   3 3
26 82 4   0 0   1 1   2 2   3 3
26 83 4   0 0   1 1   2 2   3 3
26 51 4   0 0   1 1   2 2   3 3
26 100 4   0 0   1 1   2 2   3 3
27 65 4   0 0   1 1   2 2   3 3
27 52 4   0 0   1 1   2 2   3 3
27 46 4   0 0   1 1   2 2   3 3
28 37 4   0 0   1 1   2 2   3 3
28 143 4   0 0   1 1   2 2   3 3
29 49 4   0 0   1 1   2 2   3 3
29 37 4   0 0   1 1   2 2   3 3
29 88 4   0 0   1 1   2 2   3 3
29 74 4   0 0   1 1   2 2   3 3
29 91 4   0 0   1 1   2 2   3 3
30 130 4   0 0   1 1   2 2   3 3
30 52 4   0 0   1 1   2 2   3 3
30 120 4   0 0   1 1   2 2   3 3
30 58 4   0 0   1 1   2 2   3 3
30 44 4   0 0   1 1   2 2   3 3
30 109 4   0 0   1 1   2 2   3 3
30 46 4   0 0   1 1   2 2   3 3
31 145 4   0 0   1 1   2 2   3 3
31 115 4   0 0   1 1   2 2   3 3
31 109 4   0 0   1 1   2 2   3 3
31 111 4   0 0   1 1   2 2   3 3
31 127 4   0 0   1 1   2 2   3 3
32 103 4   0 0   1 1   2 2   3 3
32 137 4   0 0   1 1   2 2   3 3
32 111 4   0 0   1 1   2 2   3 3
33 146 4   0 0   1 1   2 2   3 3
33 51 4   0 0   1 1   2 2   3 3
33 116 4   0 0   1 1   2 2   3 3
33 39 4   0 0   1 1   2 2   3 3
34 53 4   0 0   1 1   2 2   3 3
34 69 4   0 0   1 1   2 2   3 3
34 40 4   0 0   1 1   2 2   3 3
34 61 4   0 0   1 1   2 2   3 3
34 62 4   0 0   1 1   2 2   3 3
35 48 4   0 0   1 1   2 2   3 3
35 97 4   0 0   1 1   2 2   3 3
35 149 4   0 0   1 1   2 2   3 3
35 104 4   0 0   1 1   2 2   3 3
35 72 4   0 0   1 1   2 2   3 3
36 74 4   0 0   1 1   2 2   3 3
37 88 4   0 0   1 1   2 2   3 3
37 140 4   0 0   1 1   2 2   3 3
37 143 4   0 0   1 1   2 2   3 3
38 115 4   0 0   1 1   2 2   3 3
38 58 4   0 0   1 1   2 2   3 3
38 108 4   0 0   1 1   2 2   3 3
38 125 4   0 0   1 1   2 2   3 3
38 95 4   0 0   1 1   2 2   3 3
39 116 4   0 0   1 1   2 2   3 3
39 133 4   0 0   1 1   2 2   3 3
39 90 4   0 0   1 1   2 2   3 3
40 98 4   0 0   1 1   2 2   3 3
40 148 4   0 0   1 1   2 2   3 3
40 86 4   0 0   1 1   2 2   3 3
40 58 4   0 0   1 1   2 2   3 3
40 108 4   0 0   1 1   2 2   3 3
40 61 4   0 0   1 1   2 2   3 3
40 62 4   0 0   1 1   2 2   3 3
41 66 4   0 0   1 1   2 2   3 3
41 117 4   0 0   1 1   2 2   3 3
41 135 4   0 0   1 1   2 2   3 3
41 60 4   0 0   1 1   2 2   3 3
42 67 4   0 0   1 1   2 2   3 3
42 99 4   0 0   1 1   2 2   3 3
42 138 4   0 0   1 1   2 2   3 3
42 124 4   0 0   1 1   2 2   3 3
43 112 4   0 0   1 1   2 2   3 3
43 57 4   0 0   1 1   2 2   3 3
43 124 4   0 0   1 1   2 2   3 3
44 130 4   0 0   1 1   2 2   3 3
44 109 4   0 0   1 1   2 2   3 3
45 80 4   0 0   1 1   2 2   3 3
45 87 4   0 0   1 1   2 2   3 3
45 108 4   0 0   1 1   2 2   3 3
45 95 4   0 0   1 1   2 2   3 3
45 63 4   0 0   1 1   2 2   3 3
46 130 4   0 0   1 1   2 2   3 3
46 52 4   0 0   1 1   2 2   3 3
47 67 4   0 0   1 1   2 2   3 3
47 124 4   0 0   1 1   2 2   3 3
48 149 4   0 0   1 1   2 2   3 3
48 104 4   0 0   1 1   2 2   3 3
48 123 4   0 0   1 1   2 2   3 3
48 79 4   0 0   1 1   2 2   3 3
49 150 4   0 0   1 1   2 2   3 3
49 71 4   0 0   1 1   2 2   3 3
49 152 4   0 0   1 1   2 2   3 3
49 88 4   0 0   1 1   2 2   3 3
49 91 4   0 0   1 1   2 2   3 3
49 140 4   0 0   1 1   2 2   3 3
50 81 4   0 0   1 1   2 2   3 3
50 137 4   0 0   1 1   2 2   3 3
51 80 4   0 0   1 1   2 2   3 3
51 82 4   0 0   1 1   2 2   3 3
51 146 4   0 0   1 1   2 2   3 3
51 100 4   0 0   1 1   2 2   3 3
51 87 4   0 0   1 1   2 2   3 3
51 63 4   0 0   1 1   2 2   3 3
52 113 4   0 0   1 1   2 2   3 3
52 120 4   0 0   1 1   2 2   3 3
53 69 4   0 0   1 1   2 2   3 3
53 149 4   0 0   1 1   2 2   3 3
53 118 4   0 0   1 1   2 2   3 3
53 153 4   0 0   1 1   2 2   3 3
53 139 4   0 0   1 1   2 2   3 3
53 61 4   0 0   1 1   2 2   3 3
54 128 4   0 0   1 1   2 2   3 3
54 148 4   0 0   1 1   2 2   3 3
54 133 4   0 0   1 1   2 2   3 3
54 70 4   0 0   1 1   2 2   3 3
54 60 4   0 0   1 1   2 2   3 3
55 97 4   0 0   1 1   2 2   3 3
55 104 4   0 0   1 1   2 2   3 3
55 107 4   0 0   1 1   2 2   3 3
56 131 4   0 0   1 1   2 2   3 3
56 101 4   0 0   1 1   2 2   3 3
56 110 4   0 0   1 1   2 2   3 3
57 112 4   0 0   1 1   2 2   3 3
57 98 4   0 0   1 1   2 2   3 3
57 102 4   0 0   1 1   2 2   3 3
58 98 4   0 0   1 1   2 2   3 3
58 115 4   0 0   1 1   2 2   3 3
58 120 4   0 0   1 1   2 2   3 3
58 108 4   0 0   1 1   2 2   3 3
58 109 4   0 0   1 1   2 2   3 3
59 64 4   0 0   1 1   2 2   3 3
59 94 4   0 0   1 1   2 2   3 3
60 66 4   0 0   1 1   2 2   3 3
60 133 4   0 0   1 1   2 2   3 3
60 135 4   0 0   1 1   2 2   3 3
60 136 4   0 0   1 1   2 2   3 3
60 107 4   0 0   1 1   2 2   3 3
60 79 4   0 0   1 1   2 2   3 3
61 148 4   0 0   1 1   2 2   3 3
61 139 4   0 0   1 1   2 2   3 3
62 98 4   0 0   1 1   2 2   3 3
62 69 4   0 0   1 1   2 2   3 3
63 80 4   0 0   1 1   2 2   3 3
63 73 4   0 0   1 1   2 2   3 3
63 108 4   0 0   1 1   2 2   3 3
64 94 4   0 0   1 1   2 2   3 3
66 136 4   0 0   1 1   2 2   3 3
67 89 4   0 0   1 1   2 2   3 3
67 105 4   0 0   1 1   2 2   3 3
67 138 4   0 0   1 1   2 2   3 3
67 124 4   0 0   1 1   2 2   3 3
68 96 4   0 0   1 1   2 2   3 3
68 93 4   0 0   1 1   2 2   3 3
69 98 4   0 0   1 1   2 2   3 3
69 118 4   0 0   1 1   2 2   3 3
69 77 4   0 0   1 1   2 2   3 3
69 78 4   0 0   1 1   2 2   3 3
70 148 4   0 0   1 1   2 2   3 3
70 86 4   0 0   1 1   2 2   3 3
70 73 4   0 0   1 1   2 2   3 3
71 81 4   0 0   1 1   2 2   3 3
71 152 4   0 0   1 1   2 2   3 3
71 91 4   0 0   1 1   2 2   3 3
72 149 4   0 0   1 1   2 2   3 3
72 106 4   0 0   1 1   2 2   3 3
73 86 4   0 0   1 1   2 2   3 3
73 108 4   0 0   1 1   2 2   3 3
74 84 4   0 0   1 1   2 2   3 3
74 134 4   0 0   1 1   2 2   3 3
74 122 4   0 0   1 1   2 2   3 3
74 91 4   0 0   1 1   2 2   3 3
74 126 4   0 0   1 1   2 2   3 3
75 114 4   0 0   1 1   2 2   3 3
75 116 4   0 0   1 1   2 2   3 3
75 134 4   0 0   1 1   2 2   3 3
75 122 4   0 0   1 1   2 2   3 3
75 90 4   0 0   1 1   2 2   3 3
75 141 4   0 0   1 1   2 2   3 3
76 144 4   0 0   1 1   2 2   3 3
76 130 4   0 0   1 1   2 2   3 3
76 121 4   0 0   1 1   2 2   3 3
77 132 4   0 0   1 1   2 2   3 3
77 93 4   0 0   1 1   2 2   3 3
77 78 4   0 0   1 1   2 2   3 3
78 98 4   0 0   1 1   2 2   3 3
79 104 4   0 0   1 1   2 2   3 3
79 107 4   0 0   1 1   2 2   3 3
80 87 4   0 0   1 1   2 2   3 3
81 151 4   0 0   1 1   2 2   3 3
81 152 4   0 0   1 1   2 2   3 3
81 137 4   0 0   1 1   2 2   3 3
82 146 4   0 0   1 1   2 2   3 3
82 83 4   0 0   1 1   2 2   3 3
83 146 4   0 0   1 1   2 2   3 3
83 147 4   0 0   1 1   2 2   3 3
83 100 4   0 0   1 1   2 2   3 3
83 85 4   0 0   1 1   2 2   3 3
84 134 4   0 0   1 1   2 2   3 3
84 122 4   0 0   1 1   2 2   3 3
84 141 4   0 0   1 1   2 2   3 3
85 146 4   0 0   1 1   2 2   3 3
85 116 4   0 0   1 1   2 2   3 3
85 126 4   0 0   1 1   2 2   3 3
86 148 4   0 0   1 1   2 2   3 3
86 108 4   0 0   1 1   2 2   3 3
87 100 4   0 0   1 1   2 2   3 3
87 125 4   0 0   1 1   2 2   3 3
87 95 4   0 0   1 1   2 2   3 3
88 140 4   0 0   1 1   2 2   3 3
89 129 4   0 0   1 1   2 2   3 3
89 131 4   0 0   1 1   2 2   3 3
89 105 4   0 0   1 1   2 2   3 3
90 114 4   0 0   1 1   2 2   3 3
90 116 4   0 0   1 1   2 2   3 3
91 126 4   0 0   1 1   2 2   3 3
92 111 4   0 0   1 1   2 2   3 3
93 96 4   0 0   1 1   2 2   3 3
93 132 4   0 0   1 1   2 2   3 3
94 153 4   0 0   1 1   2 2   3 3
95 108 4   0 0   1 1   2 2   3 3
95 125 4   0 0   1 1   2 2   3 3
97 104 4   0 0   1 1   2 2   3 3
98 112 4   0 0   1 1   2 2   3 3
98 99 4   0 0   1 1   2 2   3 3
98 102 4   0 0   1 1   2 2   3 3
98 120 4   0 0   1 1   2 2   3 3
99 112 4   0 0   1 1   2 2   3 3
99 124 4   0 0   1 1   2 2   3 3
100 145 4   0 0   1 1   2 2   3 3
100 147 4   0 0   1 1   2 2   3 3
100 125 4   0 0   1 1   2 2   3 3
102 113 4   0 0   1 1   2 2   3 3
102 120 4   0 0   1 1   2 2   3 3
103 145 4   0 0   1 1   2 2   3 3
103 137 4   0 0   1 1   2 2   3 3
103 111 4   0 0   1 1   2 2   3 3
104 107 4   0 0   1 1   2 2   3 3
105 129 4   0 0   1 1   2 2   3 3
105 138 4   0 0   1 1   2 2   3 3
106 117 4   0 0   1 1   2 2   3 3
107 135 4   0 0   1 1   2 2   3 3
109 115 4   0 0   1 1   2 2   3 3
110 131 4   0 0   1 1   2 2   3 3
110 119 4   0 0   1 1   2 2   3 3
110 142 4   0 0   1 1   2 2   3 3
111 145 4   0 0   1 1   2 2   3 3
112 124 4   0 0   1 1   2 2   3 3
113 131 4   0 0   1 1   2 2   3 3
113 120 4   0 0   1 1   2 2   3 3
114 134 4   0 0   1 1   2 2   3 3
114 136 4   0 0   1 1   2 2   3 3
115 125 4   0 0   1 1   2 2   3 3
115 127 4   0 0   1 1   2 2   3 3
116 146 4   0 0   1 1   2 2   3 3
116 122 4   0 0   1 1   2 2   3 3
116 126 4   0 0   1 1   2 2   3 3
117 135 4   0 0   1 1   2 2   3 3
118 153 4   0 0   1 1   2 2   3 3
119 142 4   0 0   1 1   2 2   3 3
121 144 4   0 0   1 1   2 2   3 3
122 141 4   0 0   1 1   2 2   3 3
122 126 4   0 0   1 1   2 2   3 3
123 149 4   0 0   1 1   2 2   3 3
123 139 4   0 0   1 1   2 2   3 3
125 145 4   0 0   1 1   2 2   3 3
125 127 4   0 0   1 1   2 2   3 3
127 145 4   0 0   1 1   2 2   3 3
128 133 4   0 0   1 1   2 2   3 3
129 131 4   0 0   1 1   2 2   3 3
129 138 4   0 0   1 1   2 2   3 3
130 144 4   0 0   1 1   2 2   3 3
134 136 4   0 0   1 1   2 2   3 3
134 141 4   0 0   1 1   2 2   3 3
139 149 4   0 0   1 1   2 2   3 3
140 150 4   0 0   1 1   2 2   3 3
140 143 4   0 0   1 1   2 2   3 3
143 150 4   0 0   1 1   2 2   3 3
143 151 4   0 0   1 1   2 2   3 3
145 147 4   0 0   1 1   2 2   3 3
150 151 4   0 0   1 1   2 2   3 3
150 152 4   0 0   1 1   2 2   3 3
151 152 4   0 0   1 1   2 2   3 3
