154
1 4 0 1 2 3
2 4 0 1 2 3
3 4 0 1 2 3
4 4 0 1 2 3
5 4 0 1 2 3
6 4 0 1 2 3
7 4 0 1 2 3
8 4 0 1 2 3
9 4 0 1 2 3
10 4 0 1 2 3
11 4 0 1 2 3
12 4 0 1 2 3
13 4 0 1 2 3
14 4 0 1 2 3
15 4 0 1 2 3
16 4 0 1 2 3
17 4 0 1 2 3
18 4 0 1 2 3
19 4 0 1 2 3
20 4 0 1 2 3
21 4 0 1 2 3
22 4 0 1 2 3
23 4 0 1 2 3
24 4 0 1 2 3
25 4 0 1 2 3
26 4 0 1 2 3
27 4 0 1 2 3
28 4 0 1 2 3
29 4 0 1 2 3
30 4 0 1 2 3
31 4 0 1 2 3
32 4 0 1 2 3
33 4 0 1 2 3
34 4 0 1 2 3
35 4 0 1 2 3
36 4 0 1 2 3
37 4 0 1 2 3
38 4 0 1 2 3
39 4 0 1 2 3
40 4 0 1 2 3
41 4 0 1 2 3
42 4 0 1 2 3
43 4 0 1 2 3
44 4 0 1 2 3
45 4 0 1 2 3
46 4 0 1 2 3
47 4 0 1 2 3
48 4 0 1 2 3
49 4 0 1 2 3
50 4 0 1 2 3
51 4 0 1 2 3
52 4 0 1 2 3
53 4 0 1 2 3
54 4 0 1 2 3
55 4 0 1 2 3
56 4 0 1 2 3
57 4 0 1 2 3
58 4 0 1 2 3
59 4 0 1 2 3
60 4 0 1 2 3
61 4 0 1 2 3
62 4 0 1 2 3
63 4 0 1 2 3
64 4 0 1 2 3
65 4 0 1 2 3
66 4 0 1 2 3
67 4 0 1 2 3
68 4 0 1 2 3
69 4 0 1 2 3
70 4 0 1 2 3
71 4 0 1 2 3
72 4 0 1 2 3
73 4 0 1 2 3
74 4 0 1 2 3
75 4 0 1 2 3
76 4 0 1 2 3
77 4 0 1 2 3
78 4 0 1 2 3
79 4 0 1 2 3
80 4 0 1 2 3
81 4 0 1 2 3
82 4 0 1 2 3
83 4 0 1 2 3
84 4 0 1 2 3
85 4 0 1 2 3
86 4 0 1 2 3
87 4 0 1 2 3
88 4 0 1 2 3
89 4 0 1 2 3
90 4 0 1 2 3
91 4 0 1 2 3
92 4 0 1 2 3
93 4 0 1 2 3
94 4 0 1 2 3
95 4 0 1 2 3
96 4 0 1 2 3
97 4 0 1 2 3
98 4 0 1 2 3
99 4 0 1 2 3
100 4 0 1 2 3
101 4 0 1 2 3
102 4 0 1 2 3
103 4 0 1 2 3
104 4 0 1 2 3
105 4 0 1 2 3
106 4 0 1 2 3
107 4 0 1 2 3
108 4 0 1 2 3
109 4 0 1 2 3
110 4 0 1 2 3
111 4 0 1 2 3
112 4 0 1 2 3
113 4 0 1 2 3
114 4 0 1 2 3
115 4 0 1 2 3
116 4 0 1 2 3
117 4 0 1 2 3
118 4 0 1 2 3
119 4 0 1 2 3
120 4 0 1 2 3
121 4 0 1 2 3
122 4 0 1 2 3
123 4 0 1 2 3
124 4 0 1 2 3
125 4 0 1 2 3
126 4 0 1 2 3
127 4 0 1 2 3
128 4 0 1 2 3
129 4 0 1 2 3
130 4 0 1 2 3
131 4 0 1 2 3
132 4 0 1 2 3
133 4 0 1 2 3
134 4 0 1 2 3
135 4 0 1 2 3
136 4 0 1 2 3
137 4 0 1 2 3
138 4 0 1 2 3
139 4 0 1 2 3
140 4 0 1 2 3
141 4 0 1 2 3
142 4 0 1 2 3
143 4 0 1 2 3
144 4 0 1 2 3
145 4 0 1 2 3
146 4 0 1 2 3
147 4 0 1 2 3
148 4 0 1 2 3
149 4 0 1 2 3
150 4 0 1 2 3
151 4 0 1 2 3
152 4 0 1 2 3
153 4 0 1 2 3
154 4 0 1 2 3
422
1 149 4   0 0   1 1   2 2   3 3
1 152 4   0 0   1 1   2 2   3 3
1 58 4   0 0   1 1   2 2   3 3
1 90 4   0 0   1 1   2 2   3 3
1 44 4   0 0   1 1   2 2   3 3
1 28 4   0 0   1 1   2 2   3 3
2 101 4   0 0   1 1   2 2   3 3
2 39 4   0 0   1 1   2 2   3 3
2 59 4   0 0   1 1   2 2   3 3
2 109 4   0 0   1 1   2 2   3 3
2 111 4   0 0   1 1   2 2   3 3
3 16 4   0 0   1 1   2 2   3 3
3 65 4   0 0   1 1   2 2   3 3
3 99 4   0 0   1 1   2 2   3 3
3 53 4   0 0   1 1   2 2   3 3
4 113 4   0 0   1 1   2 2   3 3
4 8 4   0 0   1 1   2 2   3 3
4 136 4   0 0   1 1   2 2   3 3
4 104 4   0 0   1 1   2 2   3 3
4 57 4   0 0   1 1   2 2   3 3
4 126 4   0 0   1 1   2 2   3 3
5 80 4   0 0   1 1   2 2   3 3
5 49 4   0 0   1 1   2 2   3 3
5 145 4   0 0   1 1   2 2   3 3
5 98 4   0 0   1 1   2 2   3 3
5 21 4   0 0   1 1   2 2   3 3
5 6 4   0 0   1 1   2 2   3 3
5 119 4   0 0   1 1   2 2   3 3
5 47 4   0 0   1 1   2 2   3 3
6 80 4   0 0   1 1   2 2   3 3
6 9 4   0 0   1 1   2 2   3 3
6 11 4   0 0   1 1   2 2   3 3
6 47 4   0 0   1 1   2 2   3 3
6 143 4   0 0   1 1   2 2   3 3
7 115 4   0 0   1 1   2 2   3 3
7 100 4   0 0   1 1   2 2   3 3
7 118 4   0 0   1 1   2 2   3 3
7 152 4   0 0   1 1   2 2   3 3
7 73 4   0 0   1 1   2 2   3 3
7 28 4   0 0   1 1   2 2   3 3
7 108 4   0 0   1 1   2 2   3 3
7 62 4   0 0   1 1   2 2   3 3
8 34 4   0 0   1 1   2 2   3 3
8 70 4   0 0   1 1   2 2   3 3
8 136 4   0 0   1 1   2 2   3 3
8 104 4   0 0   1 1   2 2   3 3
8 12 4   0 0   1 1   2 2   3 3
8 142 4   0 0   1 1   2 2   3 3
8 48 4   0 0   1 1   2 2   3 3
8 113 4   0 0   1 1   2 2   3 3
8 148 4   0 0   1 1   2 2   3 3
8 88 4   0 0   1 1   2 2   3 3
8 24 4   0 0   1 1   2 2   3 3
8 27 4   0 0   1 1   2 2   3 3
9 80 4   0 0   1 1   2 2   3 3
9 144 4   0 0   1 1   2 2   3 3
9 51 4   0 0   1 1   2 2   3 3
9 71 4   0 0   1 1   2 2   3 3
9 103 4   0 0   1 1   2 2   3 3
9 77 4   0 0   1 1   2 2   3 3
9 143 4   0 0   1 1   2 2   3 3
10 49 4   0 0   1 1   2 2   3 3
10 82 4   0 0   1 1   2 2   3 3
10 150 4   0 0   1 1   2 2   3 3
10 89 4   0 0   1 1   2 2   3 3
10 121 4   0 0   1 1   2 2   3 3
10 42 4   0 0   1 1   2 2   3 3
10 91 4   0 0   1 1   2 2   3 3
10 124 4   0 0   1 1   2 2   3 3
10 127 4   0 0   1 1   2 2   3 3
11 49 4   0 0   1 1   2 2   3 3
11 110 4   0 0   1 1   2 2   3 3
11 47 4   0 0   1 1   2 2   3 3
11 143 4   0 0   1 1   2 2   3 3
12 50 4   0 0   1 1   2 2   3 3
12 34 4   0 0   1 1   2 2   3 3
12 148 4   0 0   1 1   2 2   3 3
12 106 4   0 0   1 1   2 2   3 3
12 94 4   0 0   1 1   2 2   3 3
13 82 4   0 0   1 1   2 2   3 3
13 117 4   0 0   1 1   2 2   3 3
13 42 4   0 0   1 1   2 2   3 3
13 74 4   0 0   1 1   2 2   3 3
13 109 4   0 0   1 1   2 2   3 3
14 32 4   0 0   1 1   2 2   3 3
14 114 4   0 0   1 1   2 2   3 3
14 86 4   0 0   1 1   2 2   3 3
15 49 4   0 0   1 1   2 2   3 3
15 40 4   0 0   1 1   2 2   3 3
15 56 4   0 0   1 1   2 2   3 3
15 26 4   0 0   1 1   2 2   3 3
15 141 4   0 0   1 1   2 2   3 3
15 110 4   0 0   1 1   2 2   3 3
16 65 4   0 0   1 1   2 2   3 3
16 99 4   0 0   1 1   2 2   3 3
17 48 4   0 0   1 1   2 2   3 3
17 81 4   0 0   1 1   2 2   3 3
17 98 4   0 0   1 1   2 2   3 3
17 52 4   0 0   1 1   2 2   3 3
17 119 4   0 0   1 1   2 2   3 3
17 122 4   0 0   1 1   2 2   3 3
18 80 4   0 0   1 1   2 2   3 3
18 81 4   0 0   1 1   2 2   3 3
18 98 4   0 0   1 1   2 2   3 3
18 20 4   0 0   1 1   2 2   3 3
18 102 4   0 0   1 1   2 2   3 3
19 132 4   0 0   1 1   2 2   3 3
19 85 4   0 0   1 1   2 2   3 3
19 87 4   0 0   1 1   2 2   3 3
19 153 4   0 0   1 1   2 2   3 3
20 81 4   0 0   1 1   2 2   3 3
20 102 4   0 0   1 1   2 2   3 3
20 22 4   0 0   1 1   2 2   3 3
20 151 4   0 0   1 1   2 2   3 3
20 120 4   0 0   1 1   2 2   3 3
20 25 4   0 0   1 1   2 2   3 3
20 92 4   0 0   1 1   2 2   3 3
20 60 4   0 0   1 1   2 2   3 3
21 145 4   0 0   1 1   2 2   3 3
21 37 4   0 0   1 1   2 2   3 3
21 119 4   0 0   1 1   2 2   3 3
21 88 4   0 0   1 1   2 2   3 3
21 121 4   0 0   1 1   2 2   3 3
22 84 4   0 0   1 1   2 2   3 3
22 151 4   0 0   1 1   2 2   3 3
22 120 4   0 0   1 1   2 2   3 3
22 61 4   0 0   1 1   2 2   3 3
22 79 4   0 0   1 1   2 2   3 3
23 38 4   0 0   1 1   2 2   3 3
23 104 4   0 0   1 1   2 2   3 3
23 27 4   0 0   1 1   2 2   3 3
23 75 4   0 0   1 1   2 2   3 3
24 48 4   0 0   1 1   2 2   3 3
24 33 4   0 0   1 1   2 2   3 3
24 116 4   0 0   1 1   2 2   3 3
24 136 4   0 0   1 1   2 2   3 3
25 131 4   0 0   1 1   2 2   3 3
25 53 4   0 0   1 1   2 2   3 3
25 103 4   0 0   1 1   2 2   3 3
25 92 4   0 0   1 1   2 2   3 3
25 60 4   0 0   1 1   2 2   3 3
25 77 4   0 0   1 1   2 2   3 3
25 78 4   0 0   1 1   2 2   3 3
26 67 4   0 0   1 1   2 2   3 3
26 51 4   0 0   1 1   2 2   3 3
26 56 4   0 0   1 1   2 2   3 3
26 110 4   0 0   1 1   2 2   3 3
26 143 4   0 0   1 1   2 2   3 3
27 148 4   0 0   1 1   2 2   3 3
27 104 4   0 0   1 1   2 2   3 3
28 118 4   0 0   1 1   2 2   3 3
28 152 4   0 0   1 1   2 2   3 3
28 90 4   0 0   1 1   2 2   3 3
29 86 4   0 0   1 1   2 2   3 3
29 154 4   0 0   1 1   2 2   3 3
29 108 4   0 0   1 1   2 2   3 3
30 36 4   0 0   1 1   2 2   3 3
30 149 4   0 0   1 1   2 2   3 3
30 54 4   0 0   1 1   2 2   3 3
30 58 4   0 0   1 1   2 2   3 3
30 31 4   0 0   1 1   2 2   3 3
31 36 4   0 0   1 1   2 2   3 3
31 149 4   0 0   1 1   2 2   3 3
31 90 4   0 0   1 1   2 2   3 3
32 86 4   0 0   1 1   2 2   3 3
33 48 4   0 0   1 1   2 2   3 3
33 116 4   0 0   1 1   2 2   3 3
33 136 4   0 0   1 1   2 2   3 3
33 57 4   0 0   1 1   2 2   3 3
33 137 4   0 0   1 1   2 2   3 3
34 70 4   0 0   1 1   2 2   3 3
34 94 4   0 0   1 1   2 2   3 3
35 68 4   0 0   1 1   2 2   3 3
35 72 4   0 0   1 1   2 2   3 3
35 95 4   0 0   1 1   2 2   3 3
36 66 4   0 0   1 1   2 2   3 3
36 54 4   0 0   1 1   2 2   3 3
36 63 4   0 0   1 1   2 2   3 3
37 48 4   0 0   1 1   2 2   3 3
37 119 4   0 0   1 1   2 2   3 3
37 88 4   0 0   1 1   2 2   3 3
38 129 4   0 0   1 1   2 2   3 3
38 104 4   0 0   1 1   2 2   3 3
38 75 4   0 0   1 1   2 2   3 3
38 140 4   0 0   1 1   2 2   3 3
39 130 4   0 0   1 1   2 2   3 3
39 101 4   0 0   1 1   2 2   3 3
39 111 4   0 0   1 1   2 2   3 3
40 132 4   0 0   1 1   2 2   3 3
40 85 4   0 0   1 1   2 2   3 3
40 56 4   0 0   1 1   2 2   3 3
40 141 4   0 0   1 1   2 2   3 3
41 64 4   0 0   1 1   2 2   3 3
41 105 4   0 0   1 1   2 2   3 3
41 140 4   0 0   1 1   2 2   3 3
41 125 4   0 0   1 1   2 2   3 3
42 82 4   0 0   1 1   2 2   3 3
42 74 4   0 0   1 1   2 2   3 3
42 91 4   0 0   1 1   2 2   3 3
43 146 4   0 0   1 1   2 2   3 3
43 83 4   0 0   1 1   2 2   3 3
43 154 4   0 0   1 1   2 2   3 3
43 108 4   0 0   1 1   2 2   3 3
44 152 4   0 0   1 1   2 2   3 3
44 58 4   0 0   1 1   2 2   3 3
44 60 4   0 0   1 1   2 2   3 3
45 84 4   0 0   1 1   2 2   3 3
45 137 4   0 0   1 1   2 2   3 3
45 105 4   0 0   1 1   2 2   3 3
45 122 4   0 0   1 1   2 2   3 3
45 46 4   0 0   1 1   2 2   3 3
46 129 4   0 0   1 1   2 2   3 3
46 137 4   0 0   1 1   2 2   3 3
46 105 4   0 0   1 1   2 2   3 3
46 126 4   0 0   1 1   2 2   3 3
47 49 4   0 0   1 1   2 2   3 3
48 116 4   0 0   1 1   2 2   3 3
48 119 4   0 0   1 1   2 2   3 3
48 88 4   0 0   1 1   2 2   3 3
48 137 4   0 0   1 1   2 2   3 3
48 122 4   0 0   1 1   2 2   3 3
49 145 4   0 0   1 1   2 2   3 3
49 85 4   0 0   1 1   2 2   3 3
49 87 4   0 0   1 1   2 2   3 3
49 121 4   0 0   1 1   2 2   3 3
49 124 4   0 0   1 1   2 2   3 3
49 141 4   0 0   1 1   2 2   3 3
49 110 4   0 0   1 1   2 2   3 3
50 112 4   0 0   1 1   2 2   3 3
50 106 4   0 0   1 1   2 2   3 3
50 94 4   0 0   1 1   2 2   3 3
51 144 4   0 0   1 1   2 2   3 3
51 67 4   0 0   1 1   2 2   3 3
51 99 4   0 0   1 1   2 2   3 3
51 53 4   0 0   1 1   2 2   3 3
51 103 4   0 0   1 1   2 2   3 3
51 143 4   0 0   1 1   2 2   3 3
52 81 4   0 0   1 1   2 2   3 3
52 151 4   0 0   1 1   2 2   3 3
52 122 4   0 0   1 1   2 2   3 3
53 65 4   0 0   1 1   2 2   3 3
53 99 4   0 0   1 1   2 2   3 3
53 131 4   0 0   1 1   2 2   3 3
53 69 4   0 0   1 1   2 2   3 3
53 103 4   0 0   1 1   2 2   3 3
54 66 4   0 0   1 1   2 2   3 3
54 131 4   0 0   1 1   2 2   3 3
54 69 4   0 0   1 1   2 2   3 3
54 135 4   0 0   1 1   2 2   3 3
54 58 4   0 0   1 1   2 2   3 3
55 120 4   0 0   1 1   2 2   3 3
55 152 4   0 0   1 1   2 2   3 3
55 61 4   0 0   1 1   2 2   3 3
55 62 4   0 0   1 1   2 2   3 3
55 79 4   0 0   1 1   2 2   3 3
56 130 4   0 0   1 1   2 2   3 3
56 67 4   0 0   1 1   2 2   3 3
56 132 4   0 0   1 1   2 2   3 3
56 101 4   0 0   1 1   2 2   3 3
56 109 4   0 0   1 1   2 2   3 3
57 136 4   0 0   1 1   2 2   3 3
57 137 4   0 0   1 1   2 2   3 3
57 126 4   0 0   1 1   2 2   3 3
58 131 4   0 0   1 1   2 2   3 3
58 149 4   0 0   1 1   2 2   3 3
58 60 4   0 0   1 1   2 2   3 3
59 117 4   0 0   1 1   2 2   3 3
59 109 4   0 0   1 1   2 2   3 3
59 111 4   0 0   1 1   2 2   3 3
60 131 4   0 0   1 1   2 2   3 3
60 152 4   0 0   1 1   2 2   3 3
60 120 4   0 0   1 1   2 2   3 3
61 84 4   0 0   1 1   2 2   3 3
61 107 4   0 0   1 1   2 2   3 3
61 62 4   0 0   1 1   2 2   3 3
61 79 4   0 0   1 1   2 2   3 3
62 100 4   0 0   1 1   2 2   3 3
62 152 4   0 0   1 1   2 2   3 3
62 107 4   0 0   1 1   2 2   3 3
63 66 4   0 0   1 1   2 2   3 3
63 135 4   0 0   1 1   2 2   3 3
63 138 4   0 0   1 1   2 2   3 3
63 139 4   0 0   1 1   2 2   3 3
64 96 4   0 0   1 1   2 2   3 3
64 123 4   0 0   1 1   2 2   3 3
64 140 4   0 0   1 1   2 2   3 3
64 125 4   0 0   1 1   2 2   3 3
65 99 4   0 0   1 1   2 2   3 3
65 133 4   0 0   1 1   2 2   3 3
65 69 4   0 0   1 1   2 2   3 3
66 135 4   0 0   1 1   2 2   3 3
66 139 4   0 0   1 1   2 2   3 3
67 130 4   0 0   1 1   2 2   3 3
67 99 4   0 0   1 1   2 2   3 3
68 128 4   0 0   1 1   2 2   3 3
68 147 4   0 0   1 1   2 2   3 3
68 94 4   0 0   1 1   2 2   3 3
68 95 4   0 0   1 1   2 2   3 3
69 131 4   0 0   1 1   2 2   3 3
69 133 4   0 0   1 1   2 2   3 3
69 135 4   0 0   1 1   2 2   3 3
69 138 4   0 0   1 1   2 2   3 3
70 128 4   0 0   1 1   2 2   3 3
70 142 4   0 0   1 1   2 2   3 3
70 94 4   0 0   1 1   2 2   3 3
71 80 4   0 0   1 1   2 2   3 3
71 102 4   0 0   1 1   2 2   3 3
71 92 4   0 0   1 1   2 2   3 3
71 77 4   0 0   1 1   2 2   3 3
71 78 4   0 0   1 1   2 2   3 3
72 112 4   0 0   1 1   2 2   3 3
72 97 4   0 0   1 1   2 2   3 3
72 95 4   0 0   1 1   2 2   3 3
73 115 4   0 0   1 1   2 2   3 3
73 108 4   0 0   1 1   2 2   3 3
74 117 4   0 0   1 1   2 2   3 3
74 111 4   0 0   1 1   2 2   3 3
75 140 4   0 0   1 1   2 2   3 3
76 97 4   0 0   1 1   2 2   3 3
76 148 4   0 0   1 1   2 2   3 3
76 106 4   0 0   1 1   2 2   3 3
76 93 4   0 0   1 1   2 2   3 3
77 103 4   0 0   1 1   2 2   3 3
77 78 4   0 0   1 1   2 2   3 3
78 92 4   0 0   1 1   2 2   3 3
79 120 4   0 0   1 1   2 2   3 3
80 98 4   0 0   1 1   2 2   3 3
80 102 4   0 0   1 1   2 2   3 3
81 98 4   0 0   1 1   2 2   3 3
81 151 4   0 0   1 1   2 2   3 3
82 132 4   0 0   1 1   2 2   3 3
82 89 4   0 0   1 1   2 2   3 3
82 109 4   0 0   1 1   2 2   3 3
83 146 4   0 0   1 1   2 2   3 3
83 134 4   0 0   1 1   2 2   3 3
83 154 4   0 0   1 1   2 2   3 3
83 123 4   0 0   1 1   2 2   3 3
83 125 4   0 0   1 1   2 2   3 3
84 146 4   0 0   1 1   2 2   3 3
84 151 4   0 0   1 1   2 2   3 3
84 105 4   0 0   1 1   2 2   3 3
84 122 4   0 0   1 1   2 2   3 3
84 107 4   0 0   1 1   2 2   3 3
84 108 4   0 0   1 1   2 2   3 3
85 132 4   0 0   1 1   2 2   3 3
85 87 4   0 0   1 1   2 2   3 3
85 141 4   0 0   1 1   2 2   3 3
86 114 4   0 0   1 1   2 2   3 3
86 134 4   0 0   1 1   2 2   3 3
86 154 4   0 0   1 1   2 2   3 3
87 153 4   0 0   1 1   2 2   3 3
87 124 4   0 0   1 1   2 2   3 3
88 121 4   0 0   1 1   2 2   3 3
88 142 4   0 0   1 1   2 2   3 3
88 127 4   0 0   1 1   2 2   3 3
89 132 4   0 0   1 1   2 2   3 3
89 153 4   0 0   1 1   2 2   3 3
89 124 4   0 0   1 1   2 2   3 3
90 149 4   0 0   1 1   2 2   3 3
90 118 4   0 0   1 1   2 2   3 3
91 128 4   0 0   1 1   2 2   3 3
91 150 4   0 0   1 1   2 2   3 3
91 142 4   0 0   1 1   2 2   3 3
92 102 4   0 0   1 1   2 2   3 3
93 97 4   0 0   1 1   2 2   3 3
94 128 4   0 0   1 1   2 2   3 3
94 112 4   0 0   1 1   2 2   3 3
94 147 4   0 0   1 1   2 2   3 3
95 112 4   0 0   1 1   2 2   3 3
95 147 4   0 0   1 1   2 2   3 3
96 114 4   0 0   1 1   2 2   3 3
96 123 4   0 0   1 1   2 2   3 3
97 112 4   0 0   1 1   2 2   3 3
97 106 4   0 0   1 1   2 2   3 3
98 119 4   0 0   1 1   2 2   3 3
99 130 4   0 0   1 1   2 2   3 3
99 133 4   0 0   1 1   2 2   3 3
100 107 4   0 0   1 1   2 2   3 3
100 108 4   0 0   1 1   2 2   3 3
101 130 4   0 0   1 1   2 2   3 3
101 109 4   0 0   1 1   2 2   3 3
103 144 4   0 0   1 1   2 2   3 3
104 113 4   0 0   1 1   2 2   3 3
104 129 4   0 0   1 1   2 2   3 3
104 126 4   0 0   1 1   2 2   3 3
105 129 4   0 0   1 1   2 2   3 3
105 146 4   0 0   1 1   2 2   3 3
105 140 4   0 0   1 1   2 2   3 3
105 125 4   0 0   1 1   2 2   3 3
106 112 4   0 0   1 1   2 2   3 3
106 148 4   0 0   1 1   2 2   3 3
107 108 4   0 0   1 1   2 2   3 3
108 146 4   0 0   1 1   2 2   3 3
108 154 4   0 0   1 1   2 2   3 3
109 132 4   0 0   1 1   2 2   3 3
109 117 4   0 0   1 1   2 2   3 3
110 143 4   0 0   1 1   2 2   3 3
111 117 4   0 0   1 1   2 2   3 3
112 147 4   0 0   1 1   2 2   3 3
114 134 4   0 0   1 1   2 2   3 3
114 123 4   0 0   1 1   2 2   3 3
115 118 4   0 0   1 1   2 2   3 3
121 145 4   0 0   1 1   2 2   3 3
121 127 4   0 0   1 1   2 2   3 3
122 151 4   0 0   1 1   2 2   3 3
122 137 4   0 0   1 1   2 2   3 3
123 134 4   0 0   1 1   2 2   3 3
123 125 4   0 0   1 1   2 2   3 3
124 153 4   0 0   1 1   2 2   3 3
125 146 4   0 0   1 1   2 2   3 3
126 129 4   0 0   1 1   2 2   3 3
126 137 4   0 0   1 1   2 2   3 3
127 150 4   0 0   1 1   2 2   3 3
127 142 4   0 0   1 1   2 2   3 3
128 142 4   0 0   1 1   2 2   3 3
129 140 4   0 0   1 1   2 2   3 3
132 153 4   0 0   1 1   2 2   3 3
133 138 4   0 0   1 1   2 2   3 3
134 154 4   0 0   1 1   2 2   3 3
135 138 4   0 0   1 1   2 2   3 3
135 139 4   0 0   1 1   2 2   3 3
142 150 4   0 0   1 1   2 2   3 3
