154
1 1
2 2
3 3
4 3
5 1
6 2
7 1
8 0
9 0
10 1
11 1
12 1
13 3
14 2
15 1
16 1
17 3
18 2
19 2
20 0
21 0
22 2
23 3
24 2
25 2
26 0
27 1
28 3
29 2
30 3
31 1
32 1
33 3
34 2
35 2
36 2
37 3
38 0
39 3
40 3
41 2
42 0
43 3
44 3
45 3
46 2
47 3
48 1
49 0
50 2
51 2
52 0
53 1
54 1
55 1
56 2
57 2
58 0
59 3
60 1
61 3
62 0
63 1
64 0
65 2
66 0
67 3
68 1
69 0
70 3
71 2
72 3
73 2
74 2
75 2
76 1
77 1
78 0
79 0
80 3
81 1
82 2
83 0
84 1
85 1
86 0
87 3
88 2
89 3
90 0
91 3
92 3
93 0
94 0
95 0
96 3
97 2
98 0
99 0
100 3
101 0
102 1
103 3
104 2
105 0
106 0
107 2
108 0
109 1
110 2
111 1
112 1
113 1
114 1
115 0
116 0
117 0
118 2
119 2
120 3
121 3
122 2
123 2
124 2
125 1
126 1
127 0
128 2
129 3
130 1
131 3
132 0
133 1
134 3
135 2
136 1
137 0
138 3
139 3
140 1
141 2
142 1
143 3
144 1
145 2
146 2
147 2
148 2
149 2
150 2
151 3
152 2
153 1
154 1
