155
1 3
2 0
3 3
4 3
5 1
6 3
7 2
8 0
9 1
10 2
11 1
12 0
13 0
14 2
15 3
16 3
17 0
18 2
19 1
20 0
21 0
22 3
23 0
24 2
25 3
26 2
27 2
28 2
29 3
30 2
31 1
32 1
33 2
34 1
35 1
36 2
37 0
38 1
39 1
40 2
41 0
42 0
43 0
44 0
45 1
46 1
47 2
48 3
49 1
50 2
51 0
52 2
53 3
54 3
55 1
56 1
57 0
58 0
59 2
60 1
61 2
62 3
63 1
64 0
65 2
66 1
67 3
68 0
69 2
70 2
71 0
72 0
73 2
74 3
75 2
76 3
77 1
78 1
79 3
80 2
81 1
82 3
83 0
84 1
85 1
86 1
87 3
88 0
89 3
90 2
91 3
92 1
93 3
94 2
95 1
96 0
97 1
98 3
99 1
100 2
101 0
102 0
103 3
104 2
105 1
106 1
107 0
108 2
109 2
110 1
111 1
112 0
113 0
114 1
115 3
116 1
117 0
118 3
119 1
120 1
121 0
122 0
123 0
124 0
125 0
126 0
127 1
128 2
129 3
130 2
131 2
132 0
133 2
134 1
135 1
136 0
137 3
138 2
139 2
140 2
141 3
142 2
143 3
144 3
145 2
146 3
147 3
148 0
149 0
150 3
151 0
152 2
153 1
154 1
155 1
