156
1 1
2 2
3 3
4 0
5 0
6 1
7 2
8 3
9 2
10 1
11 1
12 3
13 1
14 0
15 3
16 0
17 0
18 3
19 0
20 0
21 1
22 1
23 2
24 2
25 3
26 2
27 3
28 1
29 1
30 0
31 0
32 2
33 0
34 0
35 3
36 2
37 0
38 2
39 1
40 1
41 3
42 2
43 0
44 0
45 1
46 1
47 0
48 3
49 3
50 0
51 3
52 2
53 1
54 2
55 2
56 3
57 0
58 2
59 0
60 2
61 3
62 1
63 2
64 1
65 1
66 3
67 3
68 3
69 3
70 2
71 1
72 2
73 3
74 2
75 1
76 2
77 1
78 1
79 1
80 3
81 2
82 2
83 1
84 1
85 2
86 2
87 2
88 3
89 1
90 0
91 3
92 3
93 3
94 0
95 3
96 1
97 0
98 1
99 2
100 0
101 0
102 2
103 3
104 2
105 0
106 0
107 2
108 0
109 3
110 2
111 2
112 0
113 2
114 1
115 3
116 3
117 0
118 0
119 2
120 0
121 2
122 2
123 0
124 3
125 0
126 1
127 2
128 3
129 3
130 3
131 2
132 1
133 0
134 2
135 0
136 1
137 3
138 0
139 2
140 0
141 3
142 0
143 0
144 3
145 1
146 1
147 0
148 3
149 0
150 2
151 3
152 2
153 1
154 3
155 2
156 3
