158
1 4 0 1 2 3
2 4 0 1 2 3
3 4 0 1 2 3
4 4 0 1 2 3
5 4 0 1 2 3
6 4 0 1 2 3
7 4 0 1 2 3
8 4 0 1 2 3
9 4 0 1 2 3
10 4 0 1 2 3
11 4 0 1 2 3
12 4 0 1 2 3
13 4 0 1 2 3
14 4 0 1 2 3
15 4 0 1 2 3
16 4 0 1 2 3
17 4 0 1 2 3
18 4 0 1 2 3
19 4 0 1 2 3
20 4 0 1 2 3
21 4 0 1 2 3
22 4 0 1 2 3
23 4 0 1 2 3
24 4 0 1 2 3
25 4 0 1 2 3
26 4 0 1 2 3
27 4 0 1 2 3
28 4 0 1 2 3
29 4 0 1 2 3
30 4 0 1 2 3
31 4 0 1 2 3
32 4 0 1 2 3
33 4 0 1 2 3
34 4 0 1 2 3
35 4 0 1 2 3
36 4 0 1 2 3
37 4 0 1 2 3
38 4 0 1 2 3
39 4 0 1 2 3
40 4 0 1 2 3
41 4 0 1 2 3
42 4 0 1 2 3
43 4 0 1 2 3
44 4 0 1 2 3
45 4 0 1 2 3
46 4 0 1 2 3
47 4 0 1 2 3
48 4 0 1 2 3
49 4 0 1 2 3
50 4 0 1 2 3
51 4 0 1 2 3
52 4 0 1 2 3
53 4 0 1 2 3
54 4 0 1 2 3
55 4 0 1 2 3
56 4 0 1 2 3
57 4 0 1 2 3
58 4 0 1 2 3
59 4 0 1 2 3
60 4 0 1 2 3
61 4 0 1 2 3
62 4 0 1 2 3
63 4 0 1 2 3
64 4 0 1 2 3
65 4 0 1 2 3
66 4 0 1 2 3
67 4 0 1 2 3
68 4 0 1 2 3
69 4 0 1 2 3
70 4 0 1 2 3
71 4 0 1 2 3
72 4 0 1 2 3
73 4 0 1 2 3
74 4 0 1 2 3
75 4 0 1 2 3
76 4 0 1 2 3
77 4 0 1 2 3
78 4 0 1 2 3
79 4 0 1 2 3
80 4 0 1 2 3
81 4 0 1 2 3
82 4 0 1 2 3
83 4 0 1 2 3
84 4 0 1 2 3
85 4 0 1 2 3
86 4 0 1 2 3
87 4 0 1 2 3
88 4 0 1 2 3
89 4 0 1 2 3
90 4 0 1 2 3
91 4 0 1 2 3
92 4 0 1 2 3
93 4 0 1 2 3
94 4 0 1 2 3
95 4 0 1 2 3
96 4 0 1 2 3
97 4 0 1 2 3
98 4 0 1 2 3
99 4 0 1 2 3
100 4 0 1 2 3
101 4 0 1 2 3
102 4 0 1 2 3
103 4 0 1 2 3
104 4 0 1 2 3
105 4 0 1 2 3
106 4 0 1 2 3
107 4 0 1 2 3
108 4 0 1 2 3
109 4 0 1 2 3
110 4 0 1 2 3
111 4 0 1 2 3
112 4 0 1 2 3
113 4 0 1 2 3
114 4 0 1 2 3
115 4 0 1 2 3
116 4 0 1 2 3
117 4 0 1 2 3
118 4 0 1 2 3
119 4 0 1 2 3
120 4 0 1 2 3
121 4 0 1 2 3
122 4 0 1 2 3
123 4 0 1 2 3
124 4 0 1 2 3
125 4 0 1 2 3
126 4 0 1 2 3
127 4 0 1 2 3
128 4 0 1 2 3
129 4 0 1 2 3
130 4 0 1 2 3
131 4 0 1 2 3
132 4 0 1 2 3
133 4 0 1 2 3
134 4 0 1 2 3
135 4 0 1 2 3
136 4 0 1 2 3
137 4 0 1 2 3
138 4 0 1 2 3
139 4 0 1 2 3
140 4 0 1 2 3
141 4 0 1 2 3
142 4 0 1 2 3
143 4 0 1 2 3
144 4 0 1 2 3
145 4 0 1 2 3
146 4 0 1 2 3
147 4 0 1 2 3
148 4 0 1 2 3
149 4 0 1 2 3
150 4 0 1 2 3
151 4 0 1 2 3
152 4 0 1 2 3
153 4 0 1 2 3
154 4 0 1 2 3
155 4 0 1 2 3
156 4 0 1 2 3
157 4 0 1 2 3
158 4 0 1 2 3
429
1 128 4   0 0   1 1   2 2   3 3
1 66 4   0 0   1 1   2 2   3 3
1 18 4   0 0   1 1   2 2   3 3
1 23 4   0 0   1 1   2 2   3 3
1 29 4   0 0   1 1   2 2   3 3
1 93 4   0 0   1 1   2 2   3 3
2 16 4   0 0   1 1   2 2   3 3
2 97 4   0 0   1 1   2 2   3 3
2 69 4   0 0   1 1   2 2   3 3
2 138 4   0 0   1 1   2 2   3 3
2 157 4   0 0   1 1   2 2   3 3
3 98 4   0 0   1 1   2 2   3 3
3 4 4   0 0   1 1   2 2   3 3
3 29 4   0 0   1 1   2 2   3 3
3 93 4   0 0   1 1   2 2   3 3
4 16 4   0 0   1 1   2 2   3 3
4 98 4   0 0   1 1   2 2   3 3
4 102 4   0 0   1 1   2 2   3 3
4 103 4   0 0   1 1   2 2   3 3
4 29 4   0 0   1 1   2 2   3 3
4 14 4   0 0   1 1   2 2   3 3
5 83 4   0 0   1 1   2 2   3 3
5 100 4   0 0   1 1   2 2   3 3
5 25 4   0 0   1 1   2 2   3 3
5 123 4   0 0   1 1   2 2   3 3
6 82 4   0 0   1 1   2 2   3 3
6 101 4   0 0   1 1   2 2   3 3
6 39 4   0 0   1 1   2 2   3 3
6 89 4   0 0   1 1   2 2   3 3
6 26 4   0 0   1 1   2 2   3 3
6 107 4   0 0   1 1   2 2   3 3
6 111 4   0 0   1 1   2 2   3 3
7 40 4   0 0   1 1   2 2   3 3
7 136 4   0 0   1 1   2 2   3 3
7 152 4   0 0   1 1   2 2   3 3
7 122 4   0 0   1 1   2 2   3 3
7 76 4   0 0   1 1   2 2   3 3
7 61 4   0 0   1 1   2 2   3 3
8 132 4   0 0   1 1   2 2   3 3
8 151 4   0 0   1 1   2 2   3 3
8 40 4   0 0   1 1   2 2   3 3
8 56 4   0 0   1 1   2 2   3 3
8 121 4   0 0   1 1   2 2   3 3
8 61 4   0 0   1 1   2 2   3 3
9 33 4   0 0   1 1   2 2   3 3
9 85 4   0 0   1 1   2 2   3 3
9 73 4   0 0   1 1   2 2   3 3
9 27 4   0 0   1 1   2 2   3 3
9 91 4   0 0   1 1   2 2   3 3
10 146 4   0 0   1 1   2 2   3 3
10 118 4   0 0   1 1   2 2   3 3
10 73 4   0 0   1 1   2 2   3 3
10 92 4   0 0   1 1   2 2   3 3
11 32 4   0 0   1 1   2 2   3 3
11 114 4   0 0   1 1   2 2   3 3
11 137 4   0 0   1 1   2 2   3 3
11 75 4   0 0   1 1   2 2   3 3
11 139 4   0 0   1 1   2 2   3 3
11 158 4   0 0   1 1   2 2   3 3
11 46 4   0 0   1 1   2 2   3 3
12 152 4   0 0   1 1   2 2   3 3
12 122 4   0 0   1 1   2 2   3 3
12 141 4   0 0   1 1   2 2   3 3
13 96 4   0 0   1 1   2 2   3 3
13 134 4   0 0   1 1   2 2   3 3
13 88 4   0 0   1 1   2 2   3 3
13 105 4   0 0   1 1   2 2   3 3
13 43 4   0 0   1 1   2 2   3 3
14 16 4   0 0   1 1   2 2   3 3
14 33 4   0 0   1 1   2 2   3 3
14 69 4   0 0   1 1   2 2   3 3
14 118 4   0 0   1 1   2 2   3 3
14 103 4   0 0   1 1   2 2   3 3
14 120 4   0 0   1 1   2 2   3 3
14 73 4   0 0   1 1   2 2   3 3
15 99 4   0 0   1 1   2 2   3 3
15 54 4   0 0   1 1   2 2   3 3
15 104 4   0 0   1 1   2 2   3 3
15 154 4   0 0   1 1   2 2   3 3
15 106 4   0 0   1 1   2 2   3 3
15 28 4   0 0   1 1   2 2   3 3
15 76 4   0 0   1 1   2 2   3 3
16 36 4   0 0   1 1   2 2   3 3
16 69 4   0 0   1 1   2 2   3 3
16 135 4   0 0   1 1   2 2   3 3
16 71 4   0 0   1 1   2 2   3 3
16 138 4   0 0   1 1   2 2   3 3
16 29 4   0 0   1 1   2 2   3 3
17 129 4   0 0   1 1   2 2   3 3
17 119 4   0 0   1 1   2 2   3 3
17 78 4   0 0   1 1   2 2   3 3
17 47 4   0 0   1 1   2 2   3 3
17 127 4   0 0   1 1   2 2   3 3
18 113 4   0 0   1 1   2 2   3 3
18 66 4   0 0   1 1   2 2   3 3
18 24 4   0 0   1 1   2 2   3 3
19 132 4   0 0   1 1   2 2   3 3
19 44 4   0 0   1 1   2 2   3 3
19 108 4   0 0   1 1   2 2   3 3
19 31 4   0 0   1 1   2 2   3 3
19 79 4   0 0   1 1   2 2   3 3
20 67 4   0 0   1 1   2 2   3 3
20 53 4   0 0   1 1   2 2   3 3
20 119 4   0 0   1 1   2 2   3 3
20 45 4   0 0   1 1   2 2   3 3
20 78 4   0 0   1 1   2 2   3 3
20 47 4   0 0   1 1   2 2   3 3
21 116 4   0 0   1 1   2 2   3 3
21 117 4   0 0   1 1   2 2   3 3
21 150 4   0 0   1 1   2 2   3 3
21 41 4   0 0   1 1   2 2   3 3
21 140 4   0 0   1 1   2 2   3 3
21 125 4   0 0   1 1   2 2   3 3
22 112 4   0 0   1 1   2 2   3 3
22 52 4   0 0   1 1   2 2   3 3
22 87 4   0 0   1 1   2 2   3 3
22 107 4   0 0   1 1   2 2   3 3
22 111 4   0 0   1 1   2 2   3 3
23 128 4   0 0   1 1   2 2   3 3
23 145 4   0 0   1 1   2 2   3 3
24 113 4   0 0   1 1   2 2   3 3
24 66 4   0 0   1 1   2 2   3 3
24 126 4   0 0   1 1   2 2   3 3
24 110 4   0 0   1 1   2 2   3 3
25 130 4   0 0   1 1   2 2   3 3
25 83 4   0 0   1 1   2 2   3 3
25 123 4   0 0   1 1   2 2   3 3
25 61 4   0 0   1 1   2 2   3 3
26 101 4   0 0   1 1   2 2   3 3
26 72 4   0 0   1 1   2 2   3 3
26 137 4   0 0   1 1   2 2   3 3
26 30 4   0 0   1 1   2 2   3 3
26 158 4   0 0   1 1   2 2   3 3
26 111 4   0 0   1 1   2 2   3 3
27 82 4   0 0   1 1   2 2   3 3
27 73 4   0 0   1 1   2 2   3 3
27 91 4   0 0   1 1   2 2   3 3
27 60 4   0 0   1 1   2 2   3 3
28 152 4   0 0   1 1   2 2   3 3
28 104 4   0 0   1 1   2 2   3 3
28 76 4   0 0   1 1   2 2   3 3
28 95 4   0 0   1 1   2 2   3 3
29 128 4   0 0   1 1   2 2   3 3
29 36 4   0 0   1 1   2 2   3 3
29 93 4   0 0   1 1   2 2   3 3
30 81 4   0 0   1 1   2 2   3 3
30 35 4   0 0   1 1   2 2   3 3
30 101 4   0 0   1 1   2 2   3 3
30 55 4   0 0   1 1   2 2   3 3
30 137 4   0 0   1 1   2 2   3 3
30 75 4   0 0   1 1   2 2   3 3
31 41 4   0 0   1 1   2 2   3 3
31 44 4   0 0   1 1   2 2   3 3
31 140 4   0 0   1 1   2 2   3 3
31 79 4   0 0   1 1   2 2   3 3
32 147 4   0 0   1 1   2 2   3 3
32 75 4   0 0   1 1   2 2   3 3
32 139 4   0 0   1 1   2 2   3 3
33 50 4   0 0   1 1   2 2   3 3
33 85 4   0 0   1 1   2 2   3 3
33 69 4   0 0   1 1   2 2   3 3
33 73 4   0 0   1 1   2 2   3 3
33 157 4   0 0   1 1   2 2   3 3
34 66 4   0 0   1 1   2 2   3 3
34 99 4   0 0   1 1   2 2   3 3
34 38 4   0 0   1 1   2 2   3 3
34 54 4   0 0   1 1   2 2   3 3
34 134 4   0 0   1 1   2 2   3 3
34 88 4   0 0   1 1   2 2   3 3
34 93 4   0 0   1 1   2 2   3 3
35 101 4   0 0   1 1   2 2   3 3
35 55 4   0 0   1 1   2 2   3 3
35 89 4   0 0   1 1   2 2   3 3
35 94 4   0 0   1 1   2 2   3 3
36 128 4   0 0   1 1   2 2   3 3
36 65 4   0 0   1 1   2 2   3 3
36 135 4   0 0   1 1   2 2   3 3
36 58 4   0 0   1 1   2 2   3 3
37 82 4   0 0   1 1   2 2   3 3
37 39 4   0 0   1 1   2 2   3 3
37 151 4   0 0   1 1   2 2   3 3
37 87 4   0 0   1 1   2 2   3 3
37 73 4   0 0   1 1   2 2   3 3
37 92 4   0 0   1 1   2 2   3 3
38 144 4   0 0   1 1   2 2   3 3
38 80 4   0 0   1 1   2 2   3 3
38 98 4   0 0   1 1   2 2   3 3
38 99 4   0 0   1 1   2 2   3 3
38 93 4   0 0   1 1   2 2   3 3
39 82 4   0 0   1 1   2 2   3 3
39 87 4   0 0   1 1   2 2   3 3
39 107 4   0 0   1 1   2 2   3 3
40 56 4   0 0   1 1   2 2   3 3
40 122 4   0 0   1 1   2 2   3 3
40 61 4   0 0   1 1   2 2   3 3
41 49 4   0 0   1 1   2 2   3 3
41 117 4   0 0   1 1   2 2   3 3
41 44 4   0 0   1 1   2 2   3 3
41 140 4   0 0   1 1   2 2   3 3
42 48 4   0 0   1 1   2 2   3 3
42 68 4   0 0   1 1   2 2   3 3
42 46 4   0 0   1 1   2 2   3 3
43 88 4   0 0   1 1   2 2   3 3
43 126 4   0 0   1 1   2 2   3 3
43 110 4   0 0   1 1   2 2   3 3
44 112 4   0 0   1 1   2 2   3 3
44 49 4   0 0   1 1   2 2   3 3
44 52 4   0 0   1 1   2 2   3 3
44 57 4   0 0   1 1   2 2   3 3
44 108 4   0 0   1 1   2 2   3 3
44 111 4   0 0   1 1   2 2   3 3
45 149 4   0 0   1 1   2 2   3 3
45 78 4   0 0   1 1   2 2   3 3
45 143 4   0 0   1 1   2 2   3 3
46 114 4   0 0   1 1   2 2   3 3
46 68 4   0 0   1 1   2 2   3 3
46 72 4   0 0   1 1   2 2   3 3
46 139 4   0 0   1 1   2 2   3 3
47 119 4   0 0   1 1   2 2   3 3
47 78 4   0 0   1 1   2 2   3 3
48 68 4   0 0   1 1   2 2   3 3
48 111 4   0 0   1 1   2 2   3 3
49 117 4   0 0   1 1   2 2   3 3
49 111 4   0 0   1 1   2 2   3 3
49 63 4   0 0   1 1   2 2   3 3
50 97 4   0 0   1 1   2 2   3 3
50 85 4   0 0   1 1   2 2   3 3
50 157 4   0 0   1 1   2 2   3 3
51 116 4   0 0   1 1   2 2   3 3
51 148 4   0 0   1 1   2 2   3 3
51 117 4   0 0   1 1   2 2   3 3
51 155 4   0 0   1 1   2 2   3 3
51 125 4   0 0   1 1   2 2   3 3
51 63 4   0 0   1 1   2 2   3 3
52 112 4   0 0   1 1   2 2   3 3
52 64 4   0 0   1 1   2 2   3 3
52 87 4   0 0   1 1   2 2   3 3
52 57 4   0 0   1 1   2 2   3 3
53 67 4   0 0   1 1   2 2   3 3
54 96 4   0 0   1 1   2 2   3 3
54 99 4   0 0   1 1   2 2   3 3
54 134 4   0 0   1 1   2 2   3 3
54 105 4   0 0   1 1   2 2   3 3
54 106 4   0 0   1 1   2 2   3 3
55 81 4   0 0   1 1   2 2   3 3
55 94 4   0 0   1 1   2 2   3 3
56 132 4   0 0   1 1   2 2   3 3
56 122 4   0 0   1 1   2 2   3 3
56 141 4   0 0   1 1   2 2   3 3
56 62 4   0 0   1 1   2 2   3 3
56 79 4   0 0   1 1   2 2   3 3
57 64 4   0 0   1 1   2 2   3 3
57 108 4   0 0   1 1   2 2   3 3
58 65 4   0 0   1 1   2 2   3 3
58 135 4   0 0   1 1   2 2   3 3
59 81 4   0 0   1 1   2 2   3 3
59 147 4   0 0   1 1   2 2   3 3
59 139 4   0 0   1 1   2 2   3 3
60 82 4   0 0   1 1   2 2   3 3
60 91 4   0 0   1 1   2 2   3 3
60 124 4   0 0   1 1   2 2   3 3
60 109 4   0 0   1 1   2 2   3 3
61 130 4   0 0   1 1   2 2   3 3
61 151 4   0 0   1 1   2 2   3 3
61 136 4   0 0   1 1   2 2   3 3
61 123 4   0 0   1 1   2 2   3 3
62 150 4   0 0   1 1   2 2   3 3
62 70 4   0 0   1 1   2 2   3 3
62 74 4   0 0   1 1   2 2   3 3
62 141 4   0 0   1 1   2 2   3 3
62 79 4   0 0   1 1   2 2   3 3
63 117 4   0 0   1 1   2 2   3 3
64 87 4   0 0   1 1   2 2   3 3
64 151 4   0 0   1 1   2 2   3 3
64 121 4   0 0   1 1   2 2   3 3
64 108 4   0 0   1 1   2 2   3 3
65 128 4   0 0   1 1   2 2   3 3
65 145 4   0 0   1 1   2 2   3 3
65 86 4   0 0   1 1   2 2   3 3
65 135 4   0 0   1 1   2 2   3 3
66 88 4   0 0   1 1   2 2   3 3
66 93 4   0 0   1 1   2 2   3 3
66 126 4   0 0   1 1   2 2   3 3
67 119 4   0 0   1 1   2 2   3 3
68 72 4   0 0   1 1   2 2   3 3
68 111 4   0 0   1 1   2 2   3 3
70 115 4   0 0   1 1   2 2   3 3
70 148 4   0 0   1 1   2 2   3 3
70 150 4   0 0   1 1   2 2   3 3
70 153 4   0 0   1 1   2 2   3 3
70 74 4   0 0   1 1   2 2   3 3
70 155 4   0 0   1 1   2 2   3 3
71 149 4   0 0   1 1   2 2   3 3
71 86 4   0 0   1 1   2 2   3 3
71 135 4   0 0   1 1   2 2   3 3
71 138 4   0 0   1 1   2 2   3 3
71 143 4   0 0   1 1   2 2   3 3
72 114 4   0 0   1 1   2 2   3 3
72 158 4   0 0   1 1   2 2   3 3
72 111 4   0 0   1 1   2 2   3 3
73 82 4   0 0   1 1   2 2   3 3
73 146 4   0 0   1 1   2 2   3 3
73 118 4   0 0   1 1   2 2   3 3
73 92 4   0 0   1 1   2 2   3 3
73 142 4   0 0   1 1   2 2   3 3
74 104 4   0 0   1 1   2 2   3 3
74 153 4   0 0   1 1   2 2   3 3
74 141 4   0 0   1 1   2 2   3 3
74 95 4   0 0   1 1   2 2   3 3
75 81 4   0 0   1 1   2 2   3 3
75 147 4   0 0   1 1   2 2   3 3
75 137 4   0 0   1 1   2 2   3 3
76 136 4   0 0   1 1   2 2   3 3
76 152 4   0 0   1 1   2 2   3 3
76 154 4   0 0   1 1   2 2   3 3
77 131 4   0 0   1 1   2 2   3 3
77 100 4   0 0   1 1   2 2   3 3
77 151 4   0 0   1 1   2 2   3 3
77 123 4   0 0   1 1   2 2   3 3
77 92 4   0 0   1 1   2 2   3 3
78 129 4   0 0   1 1   2 2   3 3
78 143 4   0 0   1 1   2 2   3 3
79 132 4   0 0   1 1   2 2   3 3
79 150 4   0 0   1 1   2 2   3 3
79 140 4   0 0   1 1   2 2   3 3
80 144 4   0 0   1 1   2 2   3 3
80 99 4   0 0   1 1   2 2   3 3
80 136 4   0 0   1 1   2 2   3 3
80 154 4   0 0   1 1   2 2   3 3
81 147 4   0 0   1 1   2 2   3 3
82 89 4   0 0   1 1   2 2   3 3
82 94 4   0 0   1 1   2 2   3 3
83 130 4   0 0   1 1   2 2   3 3
83 100 4   0 0   1 1   2 2   3 3
83 133 4   0 0   1 1   2 2   3 3
83 136 4   0 0   1 1   2 2   3 3
84 119 4   0 0   1 1   2 2   3 3
84 124 4   0 0   1 1   2 2   3 3
84 109 4   0 0   1 1   2 2   3 3
85 97 4   0 0   1 1   2 2   3 3
85 90 4   0 0   1 1   2 2   3 3
85 91 4   0 0   1 1   2 2   3 3
85 127 4   0 0   1 1   2 2   3 3
86 145 4   0 0   1 1   2 2   3 3
86 149 4   0 0   1 1   2 2   3 3
86 135 4   0 0   1 1   2 2   3 3
87 151 4   0 0   1 1   2 2   3 3
87 107 4   0 0   1 1   2 2   3 3
88 134 4   0 0   1 1   2 2   3 3
88 126 4   0 0   1 1   2 2   3 3
89 101 4   0 0   1 1   2 2   3 3
89 94 4   0 0   1 1   2 2   3 3
90 91 4   0 0   1 1   2 2   3 3
90 109 4   0 0   1 1   2 2   3 3
90 127 4   0 0   1 1   2 2   3 3
91 109 4   0 0   1 1   2 2   3 3
92 146 4   0 0   1 1   2 2   3 3
92 100 4   0 0   1 1   2 2   3 3
92 118 4   0 0   1 1   2 2   3 3
92 151 4   0 0   1 1   2 2   3 3
92 142 4   0 0   1 1   2 2   3 3
93 98 4   0 0   1 1   2 2   3 3
95 152 4   0 0   1 1   2 2   3 3
95 104 4   0 0   1 1   2 2   3 3
95 141 4   0 0   1 1   2 2   3 3
96 105 4   0 0   1 1   2 2   3 3
97 129 4   0 0   1 1   2 2   3 3
97 138 4   0 0   1 1   2 2   3 3
97 157 4   0 0   1 1   2 2   3 3
97 127 4   0 0   1 1   2 2   3 3
98 144 4   0 0   1 1   2 2   3 3
98 133 4   0 0   1 1   2 2   3 3
98 102 4   0 0   1 1   2 2   3 3
98 103 4   0 0   1 1   2 2   3 3
99 154 4   0 0   1 1   2 2   3 3
100 133 4   0 0   1 1   2 2   3 3
100 118 4   0 0   1 1   2 2   3 3
100 120 4   0 0   1 1   2 2   3 3
100 123 4   0 0   1 1   2 2   3 3
102 103 4   0 0   1 1   2 2   3 3
103 133 4   0 0   1 1   2 2   3 3
103 120 4   0 0   1 1   2 2   3 3
104 153 4   0 0   1 1   2 2   3 3
104 106 4   0 0   1 1   2 2   3 3
105 134 4   0 0   1 1   2 2   3 3
107 111 4   0 0   1 1   2 2   3 3
108 132 4   0 0   1 1   2 2   3 3
108 121 4   0 0   1 1   2 2   3 3
109 119 4   0 0   1 1   2 2   3 3
109 124 4   0 0   1 1   2 2   3 3
109 127 4   0 0   1 1   2 2   3 3
110 113 4   0 0   1 1   2 2   3 3
110 126 4   0 0   1 1   2 2   3 3
111 112 4   0 0   1 1   2 2   3 3
114 158 4   0 0   1 1   2 2   3 3
115 148 4   0 0   1 1   2 2   3 3
116 150 4   0 0   1 1   2 2   3 3
116 155 4   0 0   1 1   2 2   3 3
116 125 4   0 0   1 1   2 2   3 3
117 125 4   0 0   1 1   2 2   3 3
118 120 4   0 0   1 1   2 2   3 3
119 127 4   0 0   1 1   2 2   3 3
120 133 4   0 0   1 1   2 2   3 3
121 132 4   0 0   1 1   2 2   3 3
121 151 4   0 0   1 1   2 2   3 3
122 152 4   0 0   1 1   2 2   3 3
122 141 4   0 0   1 1   2 2   3 3
123 151 4   0 0   1 1   2 2   3 3
127 129 4   0 0   1 1   2 2   3 3
128 145 4   0 0   1 1   2 2   3 3
129 138 4   0 0   1 1   2 2   3 3
129 143 4   0 0   1 1   2 2   3 3
130 136 4   0 0   1 1   2 2   3 3
131 151 4   0 0   1 1   2 2   3 3
133 144 4   0 0   1 1   2 2   3 3
133 136 4   0 0   1 1   2 2   3 3
136 144 4   0 0   1 1   2 2   3 3
136 154 4   0 0   1 1   2 2   3 3
137 158 4   0 0   1 1   2 2   3 3
138 143 4   0 0   1 1   2 2   3 3
139 147 4   0 0   1 1   2 2   3 3
140 150 4   0 0   1 1   2 2   3 3
141 152 4   0 0   1 1   2 2   3 3
142 146 4   0 0   1 1   2 2   3 3
143 149 4   0 0   1 1   2 2   3 3
148 155 4   0 0   1 1   2 2   3 3
148 156 4   0 0   1 1   2 2   3 3
150 155 4   0 0   1 1   2 2   3 3
155 156 4   0 0   1 1   2 2   3 3
