159
1 4 0 1 2 3
2 4 0 1 2 3
3 4 0 1 2 3
4 4 0 1 2 3
5 4 0 1 2 3
6 4 0 1 2 3
7 4 0 1 2 3
8 4 0 1 2 3
9 4 0 1 2 3
10 4 0 1 2 3
11 4 0 1 2 3
12 4 0 1 2 3
13 4 0 1 2 3
14 4 0 1 2 3
15 4 0 1 2 3
16 4 0 1 2 3
17 4 0 1 2 3
18 4 0 1 2 3
19 4 0 1 2 3
20 4 0 1 2 3
21 4 0 1 2 3
22 4 0 1 2 3
23 4 0 1 2 3
24 4 0 1 2 3
25 4 0 1 2 3
26 4 0 1 2 3
27 4 0 1 2 3
28 4 0 1 2 3
29 4 0 1 2 3
30 4 0 1 2 3
31 4 0 1 2 3
32 4 0 1 2 3
33 4 0 1 2 3
34 4 0 1 2 3
35 4 0 1 2 3
36 4 0 1 2 3
37 4 0 1 2 3
38 4 0 1 2 3
39 4 0 1 2 3
40 4 0 1 2 3
41 4 0 1 2 3
42 4 0 1 2 3
43 4 0 1 2 3
44 4 0 1 2 3
45 4 0 1 2 3
46 4 0 1 2 3
47 4 0 1 2 3
48 4 0 1 2 3
49 4 0 1 2 3
50 4 0 1 2 3
51 4 0 1 2 3
52 4 0 1 2 3
53 4 0 1 2 3
54 4 0 1 2 3
55 4 0 1 2 3
56 4 0 1 2 3
57 4 0 1 2 3
58 4 0 1 2 3
59 4 0 1 2 3
60 4 0 1 2 3
61 4 0 1 2 3
62 4 0 1 2 3
63 4 0 1 2 3
64 4 0 1 2 3
65 4 0 1 2 3
66 4 0 1 2 3
67 4 0 1 2 3
68 4 0 1 2 3
69 4 0 1 2 3
70 4 0 1 2 3
71 4 0 1 2 3
72 4 0 1 2 3
73 4 0 1 2 3
74 4 0 1 2 3
75 4 0 1 2 3
76 4 0 1 2 3
77 4 0 1 2 3
78 4 0 1 2 3
79 4 0 1 2 3
80 4 0 1 2 3
81 4 0 1 2 3
82 4 0 1 2 3
83 4 0 1 2 3
84 4 0 1 2 3
85 4 0 1 2 3
86 4 0 1 2 3
87 4 0 1 2 3
88 4 0 1 2 3
89 4 0 1 2 3
90 4 0 1 2 3
91 4 0 1 2 3
92 4 0 1 2 3
93 4 0 1 2 3
94 4 0 1 2 3
95 4 0 1 2 3
96 4 0 1 2 3
97 4 0 1 2 3
98 4 0 1 2 3
99 4 0 1 2 3
100 4 0 1 2 3
101 4 0 1 2 3
102 4 0 1 2 3
103 4 0 1 2 3
104 4 0 1 2 3
105 4 0 1 2 3
106 4 0 1 2 3
107 4 0 1 2 3
108 4 0 1 2 3
109 4 0 1 2 3
110 4 0 1 2 3
111 4 0 1 2 3
112 4 0 1 2 3
113 4 0 1 2 3
114 4 0 1 2 3
115 4 0 1 2 3
116 4 0 1 2 3
117 4 0 1 2 3
118 4 0 1 2 3
119 4 0 1 2 3
120 4 0 1 2 3
121 4 0 1 2 3
122 4 0 1 2 3
123 4 0 1 2 3
124 4 0 1 2 3
125 4 0 1 2 3
126 4 0 1 2 3
127 4 0 1 2 3
128 4 0 1 2 3
129 4 0 1 2 3
130 4 0 1 2 3
131 4 0 1 2 3
132 4 0 1 2 3
133 4 0 1 2 3
134 4 0 1 2 3
135 4 0 1 2 3
136 4 0 1 2 3
137 4 0 1 2 3
138 4 0 1 2 3
139 4 0 1 2 3
140 4 0 1 2 3
141 4 0 1 2 3
142 4 0 1 2 3
143 4 0 1 2 3
144 4 0 1 2 3
145 4 0 1 2 3
146 4 0 1 2 3
147 4 0 1 2 3
148 4 0 1 2 3
149 4 0 1 2 3
150 4 0 1 2 3
151 4 0 1 2 3
152 4 0 1 2 3
153 4 0 1 2 3
154 4 0 1 2 3
155 4 0 1 2 3
156 4 0 1 2 3
157 4 0 1 2 3
158 4 0 1 2 3
159 4 0 1 2 3
432
1 144 4   0 0   1 1   2 2   3 3
1 39 4   0 0   1 1   2 2   3 3
1 23 4   0 0   1 1   2 2   3 3
1 89 4   0 0   1 1   2 2   3 3
1 141 4   0 0   1 1   2 2   3 3
1 143 4   0 0   1 1   2 2   3 3
2 35 4   0 0   1 1   2 2   3 3
2 133 4   0 0   1 1   2 2   3 3
2 86 4   0 0   1 1   2 2   3 3
2 56 4   0 0   1 1   2 2   3 3
2 156 4   0 0   1 1   2 2   3 3
2 13 4   0 0   1 1   2 2   3 3
3 148 4   0 0   1 1   2 2   3 3
3 54 4   0 0   1 1   2 2   3 3
3 150 4   0 0   1 1   2 2   3 3
3 104 4   0 0   1 1   2 2   3 3
3 11 4   0 0   1 1   2 2   3 3
4 24 4   0 0   1 1   2 2   3 3
4 75 4   0 0   1 1   2 2   3 3
4 29 4   0 0   1 1   2 2   3 3
4 126 4   0 0   1 1   2 2   3 3
4 30 4   0 0   1 1   2 2   3 3
4 111 4   0 0   1 1   2 2   3 3
5 37 4   0 0   1 1   2 2   3 3
5 102 4   0 0   1 1   2 2   3 3
5 57 4   0 0   1 1   2 2   3 3
5 137 4   0 0   1 1   2 2   3 3
5 73 4   0 0   1 1   2 2   3 3
5 44 4   0 0   1 1   2 2   3 3
6 148 4   0 0   1 1   2 2   3 3
6 21 4   0 0   1 1   2 2   3 3
6 150 4   0 0   1 1   2 2   3 3
6 7 4   0 0   1 1   2 2   3 3
6 140 4   0 0   1 1   2 2   3 3
6 60 4   0 0   1 1   2 2   3 3
6 45 4   0 0   1 1   2 2   3 3
6 77 4   0 0   1 1   2 2   3 3
6 142 4   0 0   1 1   2 2   3 3
6 15 4   0 0   1 1   2 2   3 3
7 114 4   0 0   1 1   2 2   3 3
7 54 4   0 0   1 1   2 2   3 3
7 104 4   0 0   1 1   2 2   3 3
7 77 4   0 0   1 1   2 2   3 3
7 45 4   0 0   1 1   2 2   3 3
7 95 4   0 0   1 1   2 2   3 3
8 83 4   0 0   1 1   2 2   3 3
8 118 4   0 0   1 1   2 2   3 3
8 28 4   0 0   1 1   2 2   3 3
8 29 4   0 0   1 1   2 2   3 3
8 14 4   0 0   1 1   2 2   3 3
8 110 4   0 0   1 1   2 2   3 3
8 94 4   0 0   1 1   2 2   3 3
8 127 4   0 0   1 1   2 2   3 3
9 129 4   0 0   1 1   2 2   3 3
9 122 4   0 0   1 1   2 2   3 3
9 157 4   0 0   1 1   2 2   3 3
9 63 4   0 0   1 1   2 2   3 3
10 18 4   0 0   1 1   2 2   3 3
10 99 4   0 0   1 1   2 2   3 3
10 20 4   0 0   1 1   2 2   3 3
10 132 4   0 0   1 1   2 2   3 3
10 150 4   0 0   1 1   2 2   3 3
10 140 4   0 0   1 1   2 2   3 3
10 92 4   0 0   1 1   2 2   3 3
10 61 4   0 0   1 1   2 2   3 3
11 98 4   0 0   1 1   2 2   3 3
11 19 4   0 0   1 1   2 2   3 3
11 99 4   0 0   1 1   2 2   3 3
11 150 4   0 0   1 1   2 2   3 3
11 104 4   0 0   1 1   2 2   3 3
11 109 4   0 0   1 1   2 2   3 3
11 47 4   0 0   1 1   2 2   3 3
12 36 4   0 0   1 1   2 2   3 3
12 110 4   0 0   1 1   2 2   3 3
12 94 4   0 0   1 1   2 2   3 3
12 31 4   0 0   1 1   2 2   3 3
13 56 4   0 0   1 1   2 2   3 3
13 152 4   0 0   1 1   2 2   3 3
13 156 4   0 0   1 1   2 2   3 3
14 83 4   0 0   1 1   2 2   3 3
14 38 4   0 0   1 1   2 2   3 3
14 110 4   0 0   1 1   2 2   3 3
15 21 4   0 0   1 1   2 2   3 3
15 45 4   0 0   1 1   2 2   3 3
16 128 4   0 0   1 1   2 2   3 3
16 123 4   0 0   1 1   2 2   3 3
16 27 4   0 0   1 1   2 2   3 3
17 32 4   0 0   1 1   2 2   3 3
17 49 4   0 0   1 1   2 2   3 3
17 145 4   0 0   1 1   2 2   3 3
17 66 4   0 0   1 1   2 2   3 3
17 35 4   0 0   1 1   2 2   3 3
17 116 4   0 0   1 1   2 2   3 3
17 86 4   0 0   1 1   2 2   3 3
17 71 4   0 0   1 1   2 2   3 3
17 139 4   0 0   1 1   2 2   3 3
18 99 4   0 0   1 1   2 2   3 3
18 132 4   0 0   1 1   2 2   3 3
18 149 4   0 0   1 1   2 2   3 3
18 102 4   0 0   1 1   2 2   3 3
18 120 4   0 0   1 1   2 2   3 3
19 98 4   0 0   1 1   2 2   3 3
19 147 4   0 0   1 1   2 2   3 3
19 84 4   0 0   1 1   2 2   3 3
19 53 4   0 0   1 1   2 2   3 3
19 26 4   0 0   1 1   2 2   3 3
19 47 4   0 0   1 1   2 2   3 3
20 140 4   0 0   1 1   2 2   3 3
20 92 4   0 0   1 1   2 2   3 3
20 142 4   0 0   1 1   2 2   3 3
20 62 4   0 0   1 1   2 2   3 3
20 46 4   0 0   1 1   2 2   3 3
21 114 4   0 0   1 1   2 2   3 3
21 148 4   0 0   1 1   2 2   3 3
21 54 4   0 0   1 1   2 2   3 3
21 45 4   0 0   1 1   2 2   3 3
22 82 4   0 0   1 1   2 2   3 3
22 101 4   0 0   1 1   2 2   3 3
22 40 4   0 0   1 1   2 2   3 3
22 89 4   0 0   1 1   2 2   3 3
22 58 4   0 0   1 1   2 2   3 3
22 138 4   0 0   1 1   2 2   3 3
22 124 4   0 0   1 1   2 2   3 3
22 158 4   0 0   1 1   2 2   3 3
23 144 4   0 0   1 1   2 2   3 3
23 82 4   0 0   1 1   2 2   3 3
23 124 4   0 0   1 1   2 2   3 3
23 143 4   0 0   1 1   2 2   3 3
24 131 4   0 0   1 1   2 2   3 3
24 106 4   0 0   1 1   2 2   3 3
24 30 4   0 0   1 1   2 2   3 3
24 111 4   0 0   1 1   2 2   3 3
25 67 4   0 0   1 1   2 2   3 3
25 69 4   0 0   1 1   2 2   3 3
25 119 4   0 0   1 1   2 2   3 3
25 121 4   0 0   1 1   2 2   3 3
25 158 4   0 0   1 1   2 2   3 3
25 95 4   0 0   1 1   2 2   3 3
26 84 4   0 0   1 1   2 2   3 3
26 53 4   0 0   1 1   2 2   3 3
26 90 4   0 0   1 1   2 2   3 3
26 43 4   0 0   1 1   2 2   3 3
27 66 4   0 0   1 1   2 2   3 3
27 87 4   0 0   1 1   2 2   3 3
27 72 4   0 0   1 1   2 2   3 3
27 136 4   0 0   1 1   2 2   3 3
27 123 4   0 0   1 1   2 2   3 3
28 75 4   0 0   1 1   2 2   3 3
28 29 4   0 0   1 1   2 2   3 3
28 94 4   0 0   1 1   2 2   3 3
29 64 4   0 0   1 1   2 2   3 3
29 134 4   0 0   1 1   2 2   3 3
29 118 4   0 0   1 1   2 2   3 3
29 75 4   0 0   1 1   2 2   3 3
29 126 4   0 0   1 1   2 2   3 3
30 116 4   0 0   1 1   2 2   3 3
30 55 4   0 0   1 1   2 2   3 3
30 106 4   0 0   1 1   2 2   3 3
30 108 4   0 0   1 1   2 2   3 3
30 126 4   0 0   1 1   2 2   3 3
31 81 4   0 0   1 1   2 2   3 3
31 100 4   0 0   1 1   2 2   3 3
31 36 4   0 0   1 1   2 2   3 3
31 88 4   0 0   1 1   2 2   3 3
31 107 4   0 0   1 1   2 2   3 3
31 110 4   0 0   1 1   2 2   3 3
32 96 4   0 0   1 1   2 2   3 3
32 146 4   0 0   1 1   2 2   3 3
32 35 4   0 0   1 1   2 2   3 3
32 135 4   0 0   1 1   2 2   3 3
32 105 4   0 0   1 1   2 2   3 3
32 139 4   0 0   1 1   2 2   3 3
33 50 4   0 0   1 1   2 2   3 3
33 84 4   0 0   1 1   2 2   3 3
33 152 4   0 0   1 1   2 2   3 3
33 120 4   0 0   1 1   2 2   3 3
33 109 4   0 0   1 1   2 2   3 3
34 97 4   0 0   1 1   2 2   3 3
34 38 4   0 0   1 1   2 2   3 3
34 88 4   0 0   1 1   2 2   3 3
34 155 4   0 0   1 1   2 2   3 3
34 107 4   0 0   1 1   2 2   3 3
35 96 4   0 0   1 1   2 2   3 3
35 145 4   0 0   1 1   2 2   3 3
35 86 4   0 0   1 1   2 2   3 3
35 56 4   0 0   1 1   2 2   3 3
35 91 4   0 0   1 1   2 2   3 3
36 81 4   0 0   1 1   2 2   3 3
36 147 4   0 0   1 1   2 2   3 3
36 70 4   0 0   1 1   2 2   3 3
36 90 4   0 0   1 1   2 2   3 3
36 43 4   0 0   1 1   2 2   3 3
36 94 4   0 0   1 1   2 2   3 3
37 129 4   0 0   1 1   2 2   3 3
37 137 4   0 0   1 1   2 2   3 3
37 44 4   0 0   1 1   2 2   3 3
38 83 4   0 0   1 1   2 2   3 3
38 155 4   0 0   1 1   2 2   3 3
38 107 4   0 0   1 1   2 2   3 3
38 110 4   0 0   1 1   2 2   3 3
39 89 4   0 0   1 1   2 2   3 3
39 58 4   0 0   1 1   2 2   3 3
39 141 4   0 0   1 1   2 2   3 3
40 101 4   0 0   1 1   2 2   3 3
40 58 4   0 0   1 1   2 2   3 3
40 59 4   0 0   1 1   2 2   3 3
41 80 4   0 0   1 1   2 2   3 3
41 115 4   0 0   1 1   2 2   3 3
41 104 4   0 0   1 1   2 2   3 3
41 121 4   0 0   1 1   2 2   3 3
41 138 4   0 0   1 1   2 2   3 3
41 125 4   0 0   1 1   2 2   3 3
41 158 4   0 0   1 1   2 2   3 3
41 159 4   0 0   1 1   2 2   3 3
41 47 4   0 0   1 1   2 2   3 3
42 80 4   0 0   1 1   2 2   3 3
42 65 4   0 0   1 1   2 2   3 3
42 147 4   0 0   1 1   2 2   3 3
42 47 4   0 0   1 1   2 2   3 3
43 48 4   0 0   1 1   2 2   3 3
43 113 4   0 0   1 1   2 2   3 3
43 84 4   0 0   1 1   2 2   3 3
43 133 4   0 0   1 1   2 2   3 3
43 70 4   0 0   1 1   2 2   3 3
43 90 4   0 0   1 1   2 2   3 3
43 156 4   0 0   1 1   2 2   3 3
44 149 4   0 0   1 1   2 2   3 3
44 73 4   0 0   1 1   2 2   3 3
45 114 4   0 0   1 1   2 2   3 3
46 132 4   0 0   1 1   2 2   3 3
46 68 4   0 0   1 1   2 2   3 3
46 149 4   0 0   1 1   2 2   3 3
46 62 4   0 0   1 1   2 2   3 3
47 80 4   0 0   1 1   2 2   3 3
47 147 4   0 0   1 1   2 2   3 3
47 104 4   0 0   1 1   2 2   3 3
48 131 4   0 0   1 1   2 2   3 3
48 51 4   0 0   1 1   2 2   3 3
48 133 4   0 0   1 1   2 2   3 3
48 70 4   0 0   1 1   2 2   3 3
49 66 4   0 0   1 1   2 2   3 3
49 71 4   0 0   1 1   2 2   3 3
49 136 4   0 0   1 1   2 2   3 3
49 72 4   0 0   1 1   2 2   3 3
50 96 4   0 0   1 1   2 2   3 3
50 152 4   0 0   1 1   2 2   3 3
50 120 4   0 0   1 1   2 2   3 3
50 57 4   0 0   1 1   2 2   3 3
50 154 4   0 0   1 1   2 2   3 3
51 131 4   0 0   1 1   2 2   3 3
51 133 4   0 0   1 1   2 2   3 3
51 86 4   0 0   1 1   2 2   3 3
52 64 4   0 0   1 1   2 2   3 3
52 76 4   0 0   1 1   2 2   3 3
52 79 4   0 0   1 1   2 2   3 3
53 147 4   0 0   1 1   2 2   3 3
53 90 4   0 0   1 1   2 2   3 3
54 114 4   0 0   1 1   2 2   3 3
54 148 4   0 0   1 1   2 2   3 3
54 104 4   0 0   1 1   2 2   3 3
55 64 4   0 0   1 1   2 2   3 3
55 87 4   0 0   1 1   2 2   3 3
55 108 4   0 0   1 1   2 2   3 3
55 126 4   0 0   1 1   2 2   3 3
56 152 4   0 0   1 1   2 2   3 3
56 154 4   0 0   1 1   2 2   3 3
56 91 4   0 0   1 1   2 2   3 3
57 96 4   0 0   1 1   2 2   3 3
57 129 4   0 0   1 1   2 2   3 3
57 130 4   0 0   1 1   2 2   3 3
57 102 4   0 0   1 1   2 2   3 3
57 120 4   0 0   1 1   2 2   3 3
57 137 4   0 0   1 1   2 2   3 3
57 78 4   0 0   1 1   2 2   3 3
58 88 4   0 0   1 1   2 2   3 3
58 89 4   0 0   1 1   2 2   3 3
58 59 4   0 0   1 1   2 2   3 3
58 141 4   0 0   1 1   2 2   3 3
59 100 4   0 0   1 1   2 2   3 3
59 101 4   0 0   1 1   2 2   3 3
59 88 4   0 0   1 1   2 2   3 3
60 69 4   0 0   1 1   2 2   3 3
60 77 4   0 0   1 1   2 2   3 3
60 95 4   0 0   1 1   2 2   3 3
61 150 4   0 0   1 1   2 2   3 3
61 140 4   0 0   1 1   2 2   3 3
62 132 4   0 0   1 1   2 2   3 3
62 92 4   0 0   1 1   2 2   3 3
63 129 4   0 0   1 1   2 2   3 3
63 117 4   0 0   1 1   2 2   3 3
63 103 4   0 0   1 1   2 2   3 3
63 153 4   0 0   1 1   2 2   3 3
63 74 4   0 0   1 1   2 2   3 3
63 122 4   0 0   1 1   2 2   3 3
64 128 4   0 0   1 1   2 2   3 3
64 134 4   0 0   1 1   2 2   3 3
64 151 4   0 0   1 1   2 2   3 3
64 87 4   0 0   1 1   2 2   3 3
64 123 4   0 0   1 1   2 2   3 3
64 76 4   0 0   1 1   2 2   3 3
64 126 4   0 0   1 1   2 2   3 3
65 80 4   0 0   1 1   2 2   3 3
65 81 4   0 0   1 1   2 2   3 3
65 147 4   0 0   1 1   2 2   3 3
65 125 4   0 0   1 1   2 2   3 3
66 116 4   0 0   1 1   2 2   3 3
66 87 4   0 0   1 1   2 2   3 3
66 136 4   0 0   1 1   2 2   3 3
66 108 4   0 0   1 1   2 2   3 3
67 69 4   0 0   1 1   2 2   3 3
67 119 4   0 0   1 1   2 2   3 3
68 149 4   0 0   1 1   2 2   3 3
69 95 4   0 0   1 1   2 2   3 3
70 131 4   0 0   1 1   2 2   3 3
70 75 4   0 0   1 1   2 2   3 3
70 94 4   0 0   1 1   2 2   3 3
70 111 4   0 0   1 1   2 2   3 3
71 72 4   0 0   1 1   2 2   3 3
71 139 4   0 0   1 1   2 2   3 3
72 136 4   0 0   1 1   2 2   3 3
72 139 4   0 0   1 1   2 2   3 3
73 149 4   0 0   1 1   2 2   3 3
73 102 4   0 0   1 1   2 2   3 3
74 85 4   0 0   1 1   2 2   3 3
74 117 4   0 0   1 1   2 2   3 3
74 103 4   0 0   1 1   2 2   3 3
74 122 4   0 0   1 1   2 2   3 3
74 93 4   0 0   1 1   2 2   3 3
75 94 4   0 0   1 1   2 2   3 3
75 111 4   0 0   1 1   2 2   3 3
76 151 4   0 0   1 1   2 2   3 3
76 79 4   0 0   1 1   2 2   3 3
77 95 4   0 0   1 1   2 2   3 3
78 129 4   0 0   1 1   2 2   3 3
78 153 4   0 0   1 1   2 2   3 3
80 125 4   0 0   1 1   2 2   3 3
81 115 4   0 0   1 1   2 2   3 3
81 147 4   0 0   1 1   2 2   3 3
81 100 4   0 0   1 1   2 2   3 3
81 101 4   0 0   1 1   2 2   3 3
81 125 4   0 0   1 1   2 2   3 3
82 89 4   0 0   1 1   2 2   3 3
82 124 4   0 0   1 1   2 2   3 3
82 143 4   0 0   1 1   2 2   3 3
83 97 4   0 0   1 1   2 2   3 3
83 155 4   0 0   1 1   2 2   3 3
83 127 4   0 0   1 1   2 2   3 3
84 98 4   0 0   1 1   2 2   3 3
84 152 4   0 0   1 1   2 2   3 3
84 156 4   0 0   1 1   2 2   3 3
84 109 4   0 0   1 1   2 2   3 3
85 103 4   0 0   1 1   2 2   3 3
85 93 4   0 0   1 1   2 2   3 3
86 145 4   0 0   1 1   2 2   3 3
86 131 4   0 0   1 1   2 2   3 3
86 116 4   0 0   1 1   2 2   3 3
86 133 4   0 0   1 1   2 2   3 3
86 106 4   0 0   1 1   2 2   3 3
87 123 4   0 0   1 1   2 2   3 3
87 108 4   0 0   1 1   2 2   3 3
88 100 4   0 0   1 1   2 2   3 3
88 107 4   0 0   1 1   2 2   3 3
88 141 4   0 0   1 1   2 2   3 3
89 143 4   0 0   1 1   2 2   3 3
90 113 4   0 0   1 1   2 2   3 3
90 147 4   0 0   1 1   2 2   3 3
91 96 4   0 0   1 1   2 2   3 3
91 154 4   0 0   1 1   2 2   3 3
92 132 4   0 0   1 1   2 2   3 3
93 103 4   0 0   1 1   2 2   3 3
93 122 4   0 0   1 1   2 2   3 3
93 157 4   0 0   1 1   2 2   3 3
94 110 4   0 0   1 1   2 2   3 3
95 104 4   0 0   1 1   2 2   3 3
95 121 4   0 0   1 1   2 2   3 3
96 146 4   0 0   1 1   2 2   3 3
96 103 4   0 0   1 1   2 2   3 3
96 153 4   0 0   1 1   2 2   3 3
96 154 4   0 0   1 1   2 2   3 3
97 155 4   0 0   1 1   2 2   3 3
98 109 4   0 0   1 1   2 2   3 3
99 150 4   0 0   1 1   2 2   3 3
99 120 4   0 0   1 1   2 2   3 3
99 109 4   0 0   1 1   2 2   3 3
100 101 4   0 0   1 1   2 2   3 3
101 115 4   0 0   1 1   2 2   3 3
101 138 4   0 0   1 1   2 2   3 3
101 159 4   0 0   1 1   2 2   3 3
102 149 4   0 0   1 1   2 2   3 3
102 120 4   0 0   1 1   2 2   3 3
103 146 4   0 0   1 1   2 2   3 3
103 153 4   0 0   1 1   2 2   3 3
103 157 4   0 0   1 1   2 2   3 3
104 121 4   0 0   1 1   2 2   3 3
105 139 4   0 0   1 1   2 2   3 3
106 131 4   0 0   1 1   2 2   3 3
106 116 4   0 0   1 1   2 2   3 3
107 110 4   0 0   1 1   2 2   3 3
108 116 4   0 0   1 1   2 2   3 3
109 120 4   0 0   1 1   2 2   3 3
111 131 4   0 0   1 1   2 2   3 3
112 119 4   0 0   1 1   2 2   3 3
112 124 4   0 0   1 1   2 2   3 3
115 125 4   0 0   1 1   2 2   3 3
115 159 4   0 0   1 1   2 2   3 3
118 134 4   0 0   1 1   2 2   3 3
118 151 4   0 0   1 1   2 2   3 3
118 127 4   0 0   1 1   2 2   3 3
119 124 4   0 0   1 1   2 2   3 3
119 158 4   0 0   1 1   2 2   3 3
121 158 4   0 0   1 1   2 2   3 3
122 157 4   0 0   1 1   2 2   3 3
123 128 4   0 0   1 1   2 2   3 3
124 158 4   0 0   1 1   2 2   3 3
127 151 4   0 0   1 1   2 2   3 3
129 137 4   0 0   1 1   2 2   3 3
129 153 4   0 0   1 1   2 2   3 3
130 137 4   0 0   1 1   2 2   3 3
132 149 4   0 0   1 1   2 2   3 3
133 156 4   0 0   1 1   2 2   3 3
134 151 4   0 0   1 1   2 2   3 3
135 146 4   0 0   1 1   2 2   3 3
135 157 4   0 0   1 1   2 2   3 3
138 158 4   0 0   1 1   2 2   3 3
138 159 4   0 0   1 1   2 2   3 3
140 150 4   0 0   1 1   2 2   3 3
140 142 4   0 0   1 1   2 2   3 3
141 144 4   0 0   1 1   2 2   3 3
146 157 4   0 0   1 1   2 2   3 3
148 150 4   0 0   1 1   2 2   3 3
152 154 4   0 0   1 1   2 2   3 3
152 156 4   0 0   1 1   2 2   3 3
