60 60
 1  1  1  1  1  1  1  5  5  5  5  5  5  5 11 11 11 11 11 11 11 11 11 11 11 11 11 11 11 11 11 11 11 11 11 11 11 11 11 11 11 11 11 15 15 15 15 15 15 15 15 15 15 15 15 15 15 15 14 14 
 1  1  1  1  1  3  3  3  3  3  5  5  5  5 11 11 11 11 11 11 11 11 11 11 11 11 11 11 11 11 11 11 11 11 11 11 11 11 11 11 11 11 15 15 15 15 15 15 15 15 15 15 15 15 15 15 15 15 14 14 
 1  1  1  1  1  1  3  3  3  5  5  5  5 11 11 11 11 11 11 11 11 11 11 11 11 11 11 11 11 11 11 11 11 11 11 11 11 11 11 15 15 15 15 15 15 15 15 15 15 15 15 15 15 15 15 15 15 15 14 14 
 1  1  1  1  1  1  3  3  3  5  5  5  5 11 11 11 11 11 11 11 11 11 11 11 11 11 11 11 11 11 11 11 11 11 11 11 11 11 11 11 15 15 15 15 15 15 15 15 15 15 15 15 15 15 15 15 15 14 14 14 
 1  1  1  1  1  1  3  3  3  5  5  5  5 11 11 11 11 11 11 11 11 11 11 11 11 11 11 11 11 11 11 11 11 11 11 11 11 11 11 15 15 15 15 15 15 15 15 15 15 15 15 15 15 15 15 15 15 15 15 14 
 1  1  1  1  1  1  3  3  3  3  5  3  5 11 11 11 11 11 11 11 11 11 11 11 11 11 11 11 11 11 11 11 11 11 11 11 11 11 11 15 15 15 15 15 15 15 15 15 15 15 15 15 15 15 15 15 15 15 14 14 
 1  1  1  1  1  1  3  3  3  3  3  3  5  5 11 11 11 11 11 11 11 11 11 11 11 11 11 11 11 11 11 11 11 11 11  4  4 15 15 15 15 15 15 15 15 15 15 15 15 15 15 15 15 15 15 15 15 14 14 14 
 1  1  1  1  1  1  1  3  3  3  3  3  5  5  5  5  5 11 11 11 11 11 11 11 11 11 11 11 11 11 11 11 11 11 11  4  4  4 15 15 15 15 15 15 15 15 15 15 15 15 15 15 15 15 15 15 15 14 14 14 
 1  1  1  1  1  1  1  3  3  3  3  3  3  5  5  5  5 11 11 11 11 11 11 11 11 11 11 11 11 11 11 11 11 11 11 11  4  4  4 15 15 15 15 15 15 15 15 15 15 15 15 15 15 15 15 15 15 14 14 14 
 1  1  1  1  1  1  1  3  3  3  3  3  3  3  5  5  5  5  5 11 11 11 11 11 11 11 11 11 11 11 11 11  4  4  4  4  4  4  4  4 15 15 15 15 15 15 15 15 15 15 15 15 15 15 15 15  4 14 14 14 
 1  1  1  1  1  1  1  3  3  3  3  3  3  3  5  5  5  5  5  5  5 11 11 11 11 11 11 11 11 11 11  4  4  4  4  4  4  4  4  4 15 15 15 15 15 15 15 15 15 15 15 15 15 15  4  4  4 14 14 14 
 1  1  1  1  1  1  3  3  3  3  3  3  3  3  3  5  5  5  5  5  5 11 11 11 11 11 11 11 11 11 11 11  4  4  4  4  4  4  4  4  4 15 15 15 15 15 15 15 15 15 15 15 15 15  4  4  4 14 14 14 
 1  1  1  1  1  1  3  3  3  3  3  3  3  3  3  5  5  5  5  5  5  5  5  5 11 11 11 11 11 11 11  4  4  4  4  4  4  4  4  4 15 15 15 15 15 15 15 15 15 15 15 15 15 15 15  4  4 14 14 14 
 1  1  1  1  1  1  3  3  3  3  3  3  3  3  3  5  5  5  5  5  5  5  5  5  5  5  4  4  4  4  4  4  4  4  4  4  4  4  4  4 15 15 15 15 15 15 15 15 15 15 15 15 15 15 15  4  4 14 14 14 
 1  1  1  1  1  1  3  3  3  3  3  3  3  3  3  5  5  5  5  5  5  5  5  5  5  5  4  4  4  4  4  4  4  4  4  4  4  4  4  4 15 15 15 15 15 15 15 15 15 15 15 15 15 15  4  4  4  4 14 14 
 1  1  1  1  1  3  3  3  3  3  3  3  5  5  5  5  5  5  5  5  5  5  5  5  5  5  4  4  4  4  4  4  4  4  4  4  4  4  4  4  4  4 15 15 15 15 15 15 15 15 15 15 15 15  4  4  4 14 14 14 
 1  1  1  3  3  3  3  3  3  3  3  3  5  5  5  5  5  5  5  5  5  5  5  5  5  5  4  4  4  4  4  4  4  4  4  4  4  4  4  4  4  4 15 15 15 15 15 15 15 15 15 15 15 15  4  4  4  4 14 14 
 1  1  1  1  3  3  3  3  3  3  3  5  5  5  5  5  5  5  5  5  5  5  5  5  5  5  4  4  4  4  4  4  4  4  4  4  4  4  4  4  4 15 15 15 15 15 15 15 15 15 15 15 15 15  4  4  4 14 14 14 
 1  1  1  1  3  3  3  3  3  3  5  5  5  5  5  5  5  5  5  5  5  5  5  5  5  4  4  4  4  4  4  4  4  4  4  4  4  4  4  4  4 15 15 15 15 15 15 15 15 15 15 15 15 15  4  4  4  4 14 14 
 1  1  1  3  3  3  3  3  3  3  3  5  5  5  5  5  5  5  5  5  5  5  5  5  5  4  4  4  4  4  4  4  4  4  4  4  4  4  4  4  4 15 15 15 15 15 15 15 15 15 15 15  4  4  4  4  4  4 14 14 
 1  1  1  3  3  3  3  3  3  3  3  5  5  5  5  5  5  5  5  5  5  5  5  5  5  5  4  4  4  4  4  4  4  4  4  2  2  4  4  4  4 15 15 15 15 15 15 15 15 15  4  4  4  4  4  4  4  4 14 14 
 1  1  1  1  3  3  3  3  3  3  3  5  5  5  5  5  5  5  5  5  5  5  5  5  5  4  4  4  4  4  4  4  4  4  4  2  2  2  4  4  4  4 15 15 15 15 15 15 15  4  4  4  4  4  4  4  4  4 14 14 
 1  1  1  1  3  3  3  3  3  3  3  3  3  5  5  5  5  5  5  5  5  5  5  5  4  4  5  4  4  4  4  2  2  2  2  2  2  2  4  4  4  4  4  4  4  4 15 15 15  4  4  4  4  4 14 14  4  4 14 14 
 1  1  1  1  3  3  3  3  3  3  3  3  3  3  5  5  5  5  5  5  5  5  5  5  5  5  5  5  2  2  2  2  2  2  2  2  2  2  2  2  2  4  4  4  4  4  4 15  4  4  4  4  4  4 14 14 14 14 14 14 
 1  1  1  1  1  3  3  3  3  3  3  3  3  3  5  5  5  5  5  5  5  5  5  5  5  5  5  5  2  2  2  2  2  2  2  2  2  2  2  2  2  4  4  4  4  4  4  4  4  4  4  4 14 14 14 14 14 14 14 14 
 1  1  1  1  1  3  3  3  3  3  3  3  3  3  3  3  3  5  5  5  5  5  5  5  5  5  5  5  5  2  2  2  2  2  2  2  2  2  2  2  2  2  4  4  4  4  4  4  4  4 14 14 14 14 14 14 14 14 14 14 
 1  1  1  1  1  3  3  3  3  3  3  3  3  3  3  3  3  8  5  5  5  5  5  5  5  5  5  5  5  2  2  2  2  2  2  2  2  2  2  2  2  2  4  4  4  4  4  4  4  4 14 14 14 14 14 14 14 14 14 14 
 1  1  1  1  3  3  3  3  3  3  3  3  3  3  3  3  3  8  5  5  5  5  5  5  5  5  5  5  2  2  2  2  2  2  2  2  2  2  2  2  2  2  2  4  4  4  4  4  4 14 14 14 14 14 14 14 14 14 14 14 
 1  1  1  1  1  3  3  3  3  3  3  3  3  3  3  8  8  8  8  5  5  5  5  5  8  5  5  8  2  2  2  2  2  2  2  2  2  2  2  2  2  2  2  4  4  4  4  4  4 14 14 14 14 14 14 14 14 14 14 14 
 1  1  1  1  1  1  1  3  3  3  3  3  3  3  8  8  8  8  8  5  5  8  5  8  8  8  8  8  2  2  2  2  2  2  2  2  2  2  2  2  2  2  2  4  4  4  4  4 14 14 14 14 14 14 14 14 14 14 14 14 
 1  1  1  1  1  1  3  3  3  3  3  3  3  3  8  8  8  8  8  8  8  8  8  8  8  8  8  8  2  2  2  2  2  2  2  2  2  2  2  2  2  2  2  4  4  4  4  4 14 14 14 14 14 14 14 14 14 14 14 14 
 1  1  1  1  1  1 10 10 10  3  3  3  3  3  3  8  8  8  8  8  8  8  8  8  8  8  8  8  2  2  2  2  2  2  2  2  2  2  2  2  2  2  2  2  4  4  4 14 14 14 14 14 14 14 14 14 14 14 14 14 
 1  1  1  1  1 10 10 10 10  3  3  3  3  3  3  8  8  8  8  8  8  8  8  8  8  8  8  8  8  8  8  2  2  2  2  2  2  2  2  2  2  2  2  2  2  2 14 14 14 14 14 14 14 14 14 14 14 14 14 14 
 1  1  1  1  1 10 10 10 10  3  3  3  3  3  3  8  8  8  8  8  8  8  8  8  8  8  8  8  8  8  2  2  2  2  2  2  2  2  2  2  2  2  2  2  2  2 14 14 14 14 14 14 14 14 14 14 14 14 14 14 
 1  1  1 10 10 10 10 10  3  3  3  3  3  3  8  8  8  8  8  8  8  8  8  8  8  8  8  8  8  8  2  2  2  2  2  2  2  2  2  2  2  2  2  2  2 14 14 14 14 14 14 14 14 14 14 14 14 14 14 14 
 1  1  1 10 10 10 10 10 10 10  3  3  3  3  8  8  8  8  8  8  8  8  8  8  8  8  8  8  8  8  8  2  2  2  2  2  2  2  2  2  2  2  2  2 14 14 14 14 14 14 14 14 14 14 14 14 14 14 14 14 
 1  1  1 10 10 10 10 10 10 10  3  3  3  3  8  8  8  8  8  8  8  8  8  8  8  8  8  8  8  8  8  2  2  2  2  2  2  2  2  2  2  2  2  2 14 14 14 14 14 14 14 14 14 14 14 14 14 14 14 14 
 1  1  1  1 10 10 10 10 10 10 10 10  3  3  3  8  8  8  8  8  8  8  8  8  8  8  8  8  8  8  8  8  2  2  2  2  2  2  2  2  2  2  2 14 14 14 14 14 14 14 14 14 14 14 14 14 14 14 14 14 
 1  1  1 10 10 10 10 10 10 10 10 10  3  3  3  8  8  8  8  8  8  8  8  8  8  8  8  8  8  8  8  8  8  2  2  7  2  2  2  2  2  2  2 14  2 14 14 14 14 14 14 14 14 14 14 14 14 14 14 14 
 1  1  1 10 10 10 10 10 10 10 10 10  3  3  3  8  8 10  8  8  8  8  8  8  8  8  8  8  8  8  7  7  7  2  2  7  7  2  2  2  2  2  2  2  2 14 14 14 14 14 14 14 14 14 14 14 14 14 14 14 
 1  1 10 10 10 10 10 10 10 10 10 10 10 10 10 10 10 10 10  8  8  8  8  8  8  8  8  7  7  7  7  7  7  2  7  7  7  2  2  2  7  2  2  2 14 14 14 14 14 14 14  6 14 14 14 14 14 14 14 14 
 1  1 10 10 10 10 10 10 10 10 10 10 10 10 10 10 10  8  8  8  8  8  8  8  8  7  7  7  7  7  7  7  7  7  7  7  7  7  2  7  7  7  7  7  7  7 14 14 14 14  6  6 14 14 14 14 14 14 14 14 
 1  1 10  1  1 10 10 10 10 10 10 10 10 10 10 10 10 10 10 10  8  8  7  7  7  7  7  7  7  7  7  7  7  7  7  7  7  7  7  7  7  7  7  7  7  7  6 14 14  6  6 14 14 14 14 14 14 14 14 14 
 1  1  1  1  1  1 10 10 10 10 10 10 10 10 10 10 10 10 10 10  7  7  7  7  7  7  7  7  7  7  7  7  7  7  7  7  7  7  7  7  7  7  7  7  7  7  6  6  6  6  6  6 14 14 14 14 14 14 14 14 
 1  1  1  1  1  1  1 10  1  1 10 10 10 10 10 10 10 10 10  7  7  7  7  7  7  7  7  7  7  7  7  7  7  7  7  7  7  7  7  7  7  7  7  7  6  6  6  6  6  6  6  6  6 14 14 14 14 14 14 14 
 1  1  1  1  1  1  1  1  1  1 10 10 10 10  1 10 10 10  9 12  7  7  7  7  7  7  7  7  7  7  7  7  7  7  7  7  7  7  7  7  7  7  7  7  7  6  6  6  6  6  6  6  6  6  6 14 14 14 14 14 
 1  1  1  1  1  1  1  1  1  1  1 10 10  1  1  1 13 13  9 12 12 12 12 12 12  7  7  7  7  7  7  7  7  7  7  7  7  7  7  7  7  7  7  7  7  6  6  6  6  6  6  6  6  6  6  6  6  6  6 14 
13  1  1  1  1  1  1 13  1  1  1  1  1  1  1  1  1 13  9 12 12 12 12 12 12  7  7  7  7  7  7  7  7  7  7  7  7  7  7  7  7  7  7  7  7  6  6  6  6  6  6  6  6  6  6  6  6  6  6  6 
13 13  1 13  1 13 13 13 13 13  1  1  1  1  1 13 13 13  9 12 12 12 12 12 12 12 12  7  7  7  7  7  7  7  7  7  7  7  7  7  7  7  7  7  7  6  6  6  6  6  6  6  6  6  6  6  6  6  6  6 
13 13 13 13 13 13 13 13 13 13 13 13 13 13 13 13 13 13  9  9 12 12 12 12 12 12 12  7  7  7  7  7  7  7  7  7  7  7  7  7  7  7  7  7  7  6  6  6  6  6  6  6  6  6  6  6  6  6  6  6 
13 13 13 13 13 13 13 13 13 13 13 13 13  9  9 13 13  9  9  9  9  9 12 12 12 12 12  7  7  7  7  7  7  7  7  7  7  7 12 12 12 12 12 12 12 12 12  6  6  6  6  6  6  6  6  6  6  6  6  6 
13 13 13 13 13 13 13 13 13 13 13 13  9  9  9  9  9  9  9  9  9  9 12 12 12 12 12  7  7  7  7  7  7  7  7  7  7  7 12 12 12 12 12 12 12 12  6  6  6  6  6  6  6  6  6  6  6  6  6  6 
13 13 13 13 13 13 13 13 13 13  9  9  9  9  9  9  9  9  9  9  9  9  9 12 12 12 12  7  7  7  7  7  7  7  7  7 12 12 12 12 12 12 12 12 12  6  6  6  6  6  6  6  6  6  6  6  6  6  6  6 
13 13 13 13 13 13 13 13 13  9  9  9  9  9  9  9  9  9  9  9  9  9  9 12 12 12 12 12 12 12 12  7  7  7  7  7 12 12 12 12 12 12 12 12  6  6  6  6  6  6  6  6  6  6  6  6  6  6  6  6 
13 13 13 13 13 13 13 13 13 13 13  9  9  9  9  9  9  9  9  9  9  9 12 12 12 12 12 12 12 12 12 12 12 12 12 12 12 12 12 12 12 12 12 12  6  6  6  6  6  6  6  6  6  6  6  6  6  6  6  6 
13 13 13 13 13 13 13 13 13 13  9  9  9  9  9  9  9  9  9  9  9  9  9 12 12 12 12 12 12 12 12 12 12 12 12 12 12 12 12 12 12 12 12 12 12  6  6  6  6  6  6  6  6  6  6  6  6  6  6  6 
13 13 13 13 13 13 13  9  9  9  9  9  9  9  9  9  9  9  9  9  9  9 12 12 12 12 12 12 12 12 12 12 12 12 12 12 12 12 12 12 12 12 12 12 12  6  6  6  6  6  6  6  6  6  6  6  6  6  6  6 
13 13 13 13 13 13 13  9  9  9  9  9  9  9  9  9  9  9  9  9  9  9 12 12 12 12 12 12 12 12 12 12 12 12 12 12 12 12 12 12 12 12 12 12  6  6  6  6  6  6  6  6  6  6  6  6  6  6  6  6 
13 13 13 13 13 13 13 13  9  9  9  9  9  9  9  9  9  9  9  9  9  9 12 12 12 12 12 12 12 12 12 12 12 12 12 12 12 12 12 12 12 12 12 12  6  6  6  6  6  6  6  6  6  6  6  6  6  6  6  6 
13 13 13 13 13 13 13 13 13  9  9  9  9  9  9  9  9  9  9  9  9  9  9 12 12 12 12 12 12 12 12 12 12 12 12 12 12 12 12 12 12 12 12  6  6  6  6  6  6  6  6  6  6  6  6  6  6  6  6  6 
