162
1 2
2 2
3 3
4 3
5 1
6 2
7 1
8 2
9 2
10 3
11 2
12 0
13 1
14 2
15 0
16 1
17 3
18 3
19 0
20 0
21 0
22 3
23 1
24 1
25 2
26 1
27 3
28 0
29 2
30 2
31 2
32 0
33 3
34 0
35 3
36 3
37 2
38 3
39 2
40 2
41 3
42 3
43 3
44 3
45 1
46 2
47 3
48 3
49 2
50 0
51 1
52 2
53 3
54 3
55 3
56 0
57 1
58 2
59 2
60 2
61 3
62 2
63 2
64 0
65 3
66 2
67 0
68 1
69 3
70 0
71 1
72 2
73 0
74 3
75 3
76 0
77 0
78 1
79 3
80 3
81 3
82 2
83 0
84 0
85 3
86 1
87 2
88 3
89 3
90 0
91 0
92 2
93 1
94 0
95 0
96 2
97 2
98 1
99 1
100 1
101 1
102 3
103 1
104 0
105 0
106 2
107 1
108 1
109 1
110 2
111 2
112 1
113 3
114 1
115 0
116 2
117 0
118 0
119 1
120 3
121 1
122 1
123 2
124 2
125 2
126 0
127 2
128 1
129 0
130 1
131 1
132 3
133 3
134 0
135 2
136 1
137 2
138 2
139 2
140 0
141 2
142 2
143 0
144 2
145 2
146 3
147 0
148 0
149 0
150 0
151 3
152 2
153 1
154 0
155 3
156 3
157 1
158 1
159 3
160 1
161 1
162 3
