165
1 2
2 0
3 0
4 3
5 3
6 3
7 2
8 3
9 2
10 1
11 2
12 3
13 3
14 1
15 0
16 2
17 0
18 2
19 2
20 0
21 3
22 2
23 3
24 0
25 0
26 1
27 2
28 2
29 1
30 2
31 2
32 3
33 0
34 2
35 0
36 3
37 3
38 1
39 1
40 0
41 0
42 0
43 2
44 2
45 3
46 3
47 3
48 2
49 1
50 3
51 3
52 1
53 0
54 1
55 0
56 2
57 0
58 2
59 0
60 1
61 1
62 3
63 2
64 0
65 2
66 3
67 0
68 3
69 3
70 3
71 1
72 1
73 0
74 1
75 1
76 2
77 1
78 3
79 3
80 0
81 3
82 1
83 2
84 3
85 2
86 3
87 2
88 1
89 1
90 3
91 0
92 2
93 3
94 3
95 1
96 3
97 1
98 0
99 2
100 2
101 3
102 1
103 0
104 0
105 0
106 2
107 2
108 3
109 2
110 1
111 1
112 1
113 2
114 2
115 3
116 1
117 2
118 2
119 1
120 1
121 3
122 3
123 2
124 1
125 3
126 1
127 2
128 3
129 0
130 0
131 0
132 1
133 0
134 0
135 3
136 1
137 2
138 2
139 1
140 1
141 0
142 3
143 1
144 0
145 1
146 0
147 3
148 2
149 3
150 1
151 1
152 1
153 0
154 3
155 0
156 2
157 2
158 2
159 0
160 0
161 1
162 1
163 0
164 1
165 0
