166
1 1
2 0
3 2
4 1
5 2
6 3
7 1
8 1
9 2
10 0
11 2
12 3
13 1
14 3
15 3
16 3
17 2
18 0
19 0
20 0
21 3
22 3
23 0
24 0
25 2
26 1
27 0
28 3
29 3
30 0
31 2
32 0
33 3
34 3
35 3
36 3
37 1
38 2
39 2
40 0
41 1
42 2
43 2
44 3
45 1
46 2
47 0
48 2
49 0
50 0
51 0
52 1
53 2
54 0
55 3
56 2
57 0
58 2
59 0
60 2
61 2
62 3
63 0
64 2
65 2
66 0
67 1
68 0
69 1
70 2
71 1
72 1
73 0
74 3
75 1
76 1
77 2
78 1
79 3
80 2
81 2
82 3
83 1
84 2
85 3
86 3
87 1
88 2
89 1
90 2
91 2
92 0
93 3
94 3
95 2
96 1
97 1
98 0
99 2
100 0
101 0
102 1
103 3
104 1
105 2
106 1
107 1
108 2
109 1
110 0
111 0
112 2
113 1
114 0
115 2
116 1
117 1
118 0
119 0
120 2
121 0
122 0
123 2
124 0
125 3
126 2
127 1
128 0
129 0
130 1
131 1
132 3
133 1
134 0
135 2
136 3
137 0
138 2
139 3
140 1
141 1
142 2
143 0
144 2
145 2
146 0
147 0
148 1
149 2
150 2
151 0
152 0
153 1
154 0
155 2
156 3
157 3
158 1
159 3
160 1
161 0
162 3
163 1
164 2
165 1
166 1
