169
1 3
2 1
3 1
4 0
5 1
6 3
7 0
8 2
9 3
10 2
11 1
12 2
13 3
14 1
15 0
16 3
17 0
18 0
19 3
20 3
21 3
22 1
23 2
24 2
25 2
26 3
27 3
28 2
29 1
30 1
31 3
32 2
33 3
34 1
35 0
36 3
37 0
38 2
39 0
40 0
41 0
42 0
43 1
44 3
45 2
46 3
47 0
48 2
49 1
50 0
51 1
52 3
53 3
54 0
55 3
56 2
57 3
58 3
59 0
60 3
61 0
62 3
63 0
64 1
65 2
66 3
67 3
68 0
69 3
70 3
71 3
72 2
73 0
74 0
75 0
76 3
77 0
78 2
79 3
80 3
81 3
82 1
83 2
84 0
85 2
86 2
87 0
88 2
89 1
90 3
91 1
92 0
93 0
94 1
95 0
96 1
97 0
98 2
99 3
100 1
101 0
102 0
103 0
104 3
105 0
106 1
107 1
108 3
109 2
110 2
111 2
112 0
113 3
114 0
115 1
116 3
117 1
118 3
119 3
120 2
121 0
122 1
123 1
124 0
125 2
126 0
127 1
128 2
129 0
130 1
131 1
132 2
133 3
134 0
135 2
136 1
137 1
138 1
139 2
140 2
141 1
142 2
143 1
144 1
145 3
146 0
147 3
148 1
149 2
150 1
151 1
152 1
153 3
154 0
155 1
156 0
157 2
158 2
159 3
160 2
161 1
162 2
163 1
164 2
165 2
166 1
167 2
168 1
169 0
