64 64
 7  7  7  7  7  7  7  7  7  7  7  7  7  7  7  7  7  7  7  3  3  3  3  3  3  3  3  3  3  3  3  3  3  3  3  3  3  3  3  3  3  3  3  3  3  3  3  3  3  3  3  3  3  3  3  4  4  4  4  4  4  4  4  4 
 7  7  7  7  7  7  7  7  7  7  7  7  7  7  7  7  7  7  7  7  3  3  3  3  3  3  3  3  3  3  3  3  3  3  3  3  3  3  3  3  3  3  3  3  3  3  3  3  3  3  3  3  3  3  3  4  4  4  4  4  4  4  4  4 
 7  7  7  7  7  7  7  7  7  7  7  7  7  7  7  7  7  7  7  7  7  3  3  3  3  3  3  3  3  3  3  3  3  3  3  3  3  3  3  3  3  3  3  3  3  3  3  3  3  3  3  3  3  3  3  4  4  4  4  4  4  4  4  4 
 7  7  7  7  7  7  7  7  7  7  7  7  7  7  7  7  7  7  7  7  7  3  3  3  3  3  3  3  3  3  3  3  3  3  3  3  3  3  3  3  3  3  3  3  2  2  3  3  3  3  3  3  3  3  3  4  4  4  4  4  4  4  4  4 
 7  7  7  7  7  7  7  7  7  7  7  7  7  7  7  7  7  7  7  7  7  7  3  3  3  3  3  3  3  3  3  3  3  3  3  3  3  3  3  2  2  2  3  3  2  2  2  3  3  3  3  3  3  3  3  4  4  4  4  4  4  4  4  4 
 7  7  7  7  7  7  7  7  7  7  7  7  7  7  7  7  7  7  7  7  7  3  3  3  3  3  3  3  3  3  3  3  3  3  3  3  3  3  2  2  2  2  3  2  2  2  2  2  2  2  3  3  3  3  4  4  4  4  4  4  4  4  4  4 
 7  7  7  7  7  7  7  7  7  7  7  7  7  7  7  7  7  7  7  3  3  3  3  3  3  3  3  3  3  3  3  3  3  3  3  3  3  3  2  2  2  2  2  2  2  2  2  2  2  2  3  3  3  4  4  4  4  4  4  4  4  4  4  4 
 7  7  7  7  7  7  7  7  7  7  7  7  7  7  7  7  7  7  7  7  3  3  3  3  3  3  3  3  3  3  3  3  3  2  3  2  3  2  2  2  2  2  2  2  2  2  2  2  2  2  2  3  3  3  3  4  4  4  4  4  4  4  4  4 
 7  7  7  7  7  7  7  7  7  7  7  7  7  7  7  7  7  7  7  7  7  3  3  3  3  2  2  2  2  3  3  3  3  2  2  2  3  2  2  2  2  2  2  2  2  2  2  2  2  2  2  3  3  3  3  3  4  4  4  4  4  4  4  4 
 7  7  7  7  7  7  7  7  7  7  7  7  7  7  7  7  7  7  7  2  2  2  3  3  3  2  2  2  2  2  2  2  2  2  2  2  2  2  2  2  2  2  2  2  2  2  2  2  2  2  2 14 14  3  3  3  4  4  4  4  4  4  4  4 
 7  7  7  7  7  7  7  7  7  7  7  7  7  7  7  7  7  7  7  7  2  2  2  2  2  2  2  2  2  2  2  2  2  2  2  2  2  2  2  2  2  2  2  2  2  2  2  2  2  2  2 14 14 14 14 14 14 14 14 14  4  4  4  4 
 7  7  7  7  7  7  7  7  7  7  7  7  7  7  7  2  2  7  7  7  2  2  2  2  2  2  2  2  2  2  2  2  2  2  2  2  2  2  2  2  2  2  2  2  2  2  2  2  2  2 14 14 14 14 14 14 14 14 14 14  8  4  4  4 
 7  7  7  7  7  7  7  7  7  7  7  7  7  7  7  7  2  2  2  2  2  2  2  2  2  2  2  2  2  2  2  2  2  2  2  2  2  2  2  2  2  2  2  2  2  2  2  2  2  2 14 14 14 14 14 14 14 14 14 14  8  8  8  8 
 7  7  7  7  7  7  7  7  7  7  7  7  7  7  7  2  2  2  2  2  2  2  2 14 14  2  2  2  2  2  2  2 14 14 14  2  2  2  2  2  2 14  2  2  2  2  2  2  2 14 14 14 14 14 14 14 14 14  8  8  8  8  8  8 
 7 12  7  7  7  7  7  7  7  7  7  7  7  2  2  2  2  2  2  2 14  2 14 14 14  2  2  2  2  2  2  2  2 14 14 14 14 14 14 14 14 14 14 14  2  2  2  2 14 14 14 14 14 14 14 14 14  8  8  8  8  8  8  8 
12 12 12 12  7  7  7 12  7  2  2  2  2  2  2  2  2 14 14 14 14 14 14 14 14  2  2  2  2  2  2  2  2 14 14 14 14 14 14 14 14 14 14 14 14  2  2  2 14 14 14 14 14 14 14 14 14  8  8  8  8  8  8  8 
12 12 12 12 12  7 12 12  2  2  2  2  2  2 14 14  2  2 14 14 14 14 14 14 14 14  2  2  2  2  2  2 14 14 14 14 14 14 14 14 14 14 14 14 14 14 14 14 14 14 14 14 14 14 14 14  8  8  8  8  8  8  8  8 
12 12 12 12 12 12 12 12 12 12 12  2  2 14 14 14  2 14 14 14 14 14 14 14 14 14 14 14 14 14 14 14 14 14 14 14 14 14 14 14 14 14 14 14 14 14 14 14 13 13 13 14 14 14 14 14  8  8  8  8  8  8  8  8 
12 12 12 12 12 12 12 12 12 12 14 14 14 14 14 14 14 14 14 14 14 14 14 14 14 14 14 14 14 14 14 14 14 14 14 14 14 14 14 14 14 14 14 14 13 14 13 13 13 13 13 14 14 14 14 14 14  8  8  8  8  8  8  8 
12 12 12 12 12 12 12 12 12 12 14 14 14 14 14 14 14 14 14  5  5 14 14 14 14 14 14 14 14 14 11 14 14 14 14 14 14 14 14 14 14 14 13 13 13 13 13 13 13 13 13 13 14 14 14 14 14  8  8  8  8  8  8  8 
12 12 12 12 12 12 12 12 12 12 12 14 14 14 14 14 14 14 14  5  5  5  5 14  5 14 14 14 11 11 11 14 14 14 14 14 14 13 14 14 14 13 13 13 13 13 13 13 13 13 13 14 14 14 14 14  8  8  8  8  8  8  8  8 
12 12 12 12 12 12 12 12 12 12 12 12 14 14  5  5  5  5 14  5  5  5  5  5  5  5  5  5  5 11 11 14 14 11 11 11 11 13 13 13 13 13 13 13 13 13 13 13 13 13 13 13 13 14 14 14  8  8  8  8  8  8  8  8 
12 12 12 12 12 12 12 12 12 12 12 12 12 12  5  5  5  5  5  5  5  5  5  5  5  5  5  5  5  5 11 11 11 11 11 11 11 13 13 13 13 13 13 13 13 13 13 13 13 13 13 13 13 14 13 13  8  8  8  8  8  8  8  8 
12 12 12 12 12 12 12 12 12 12 12 12 12 12  5  5  5  5  5  5  5  5  5  5  5  5  5  5  5  5 11 11 11 11 11 11 11 13 13 13 13 13 13 13 13 13 13 13 13 13 13 13 13 13 13  8  8  8  8  8  8  8  8  8 
12 12 12 12 12 12 12 12 12 12 12 12 12 12  5  5  5  5  5  5  5  5  5  5  5  5  5  5  5 11 11 11 11 11 11 11 11 13 13 13 13 13 13 13 13 13 13 13 13 13 13 13 13 13 13 13  8  8  8  8  8  8  8  8 
12 12 12 12 12 12 12 12 12 12 12 12 12 12  5  5  5  5  5  5  5  5  5  5  5  5  5  5  5 11 11 11 11 11 11 11 11 11 13 13 13 13 13 13 13 13 13 13 13 13 13 13 13 13 13 13  8  8  8  8  8  8  8  8 
12 12 12 12 12 12 12 12 12 12 12 12 12 12  5  5  5  5  5  5  5  5  5  5  5  5  5  5  5  5  5 11 11 11 11 11 11 11 11 11 11 13 13 13 13 13 13 13 13 13 13 13 13 13 13  8  8  8  8  8  8  8  8  8 
12 12 12 12 12 12 12 12 12 12 12 12 12 12  5  5  5  5  5  5  5  5  5  5  5  5  5  5  5  5  5 11 11 11 11 11 11 11 11 11 11 11 11 11 13 13 13 13 13 13 13 13 13 13 13  8  8  8  8  8  8  8  8  8 
12 12 12 12 12 12 12 12 12 12 12 12 12  5  5  5  5  5  5  5  5  5  5  5  5  5  5  5  5  5 11 11 11 11 11 11 11 11 11 11 11 11 11 11 11 13 13 13 13 13 13 13 13 13  8  8  8  8  8  8  8  8  8  8 
12 12 12 12 12 12 12 12 12 12 12 12  5  5  5  5  5  5  5  5  5  5  5  5  5  5  5  5  5  5 11 11 11 11 11 11 11 11 11 11 11 11 11 11 11 13 13 13 13 13 13 13 13 13  8  8  8  8  8  8  8  8  8  8 
12 12 12 12 12 12 12 12 12 12 12 12 12  5  5  5  5  5  5  5  5  5  5  5  5  5  5  5 11 11 11 11 11 11 11 11 11 11 11 11 11 11 11 11 11 11 13 13 13 13 13 13 13  8  8  8  8  8  8  8  8  8  8  8 
12 12 12 12 12 12 12 12 12 12 12 12 12  5  5  5  5  5  5  5  5  5  5  5  5  5  5  5 11 11 11 11 11 11 11 11 11 11 11 11 11 11 11 11 11 11 16 16 13 13 13 13 13 13 13 13  8  8  8  8  8  8  8  8 
12 12 12 12 12 12 12 12 12 12 12 12 12 12  5  5  5  5  5  5  5  5  5  5  5  5  5  5 11 11 11 11 11 11 11 11 11 11 11 11 11 11 16 11 16 16 16 16 16 16 16 13 13 13 13 13  8  8  8  8  8  8  8  8 
12 12 12 12 12 12 12 12 12 12 12 12 12 12  5  5  5  5  5  5  5  5  5  5  5  5  5  5 11 11 11 11 11 11 11 11 11 11 11 11 11 16 16 16 16 16 16 16 16 16 16 16 16 16 16 13  8  8  8  8  8  8  8  8 
12 12 12 12 12 12 12 12 12 12 12 12  5  5  5  5  5  5  5  5  5  5  5  5  5  5  5  5 11 11 11 11 11 11 11 11 11 11 10 11 11 16 16 16 16 16 16 16 16 16 16 16 16 16 16 16  8  8  8  8  8  8  8  8 
12 12 12 12 12 12 12 12 12 12 12  5  5  5  5  5  5  5  5  5  5  5  5  5  5  5  5  5 11 11 11 11 11 11 11 10 10 10 10 16 16 16 16 16 16 16 16 16 16 16 16 16 16 16 16 16  8 16  8  8  8  8  8  8 
12 12 12 12 12 12 12 12 12 12  5  5  5  5  5  5  5  5  5  5  5  5  5  5  5  5  5 11 11 11 11 11 11 10 10 10 10 10 10 10 16 16 16 16 16 16 16 16 16 16 16 16 16 16 16 16 16 16 16  8  8  8  8  8 
12 12 12 12 12 12 12 12 12 12  5  5  5  5  5  5  5  6  6  6  6  5  5  5  5  5  5 11 11 11 10 11 11 10 10 10 10 10 10 10 10 10 16 16 16 16 16 16 16 16 16 16 16 16 16 16 16 16 16 16  8  8  8  8 
12 12 12 12 12 12 12 12 12 12  5  5  5  5  5  5  5  6  6  6  6  6  5  5  5  5 11 11 11 11 10 10 10 10 10 10 10 10 10 10 10 10 10 16 16 16 16 16 16 16 16 16 16 16 16 16 16 16 16 16 16 16 16  8 
12 12 12 12 12 12 12 12 12 12  5  5  5  5  5  5  6  6  6  6  6  6  5  5  5  5 11 11 11 10 10 10 10 10 10 10 10  1  1  1 10 10 10 16 16 16 16 16 16 16 16 16 16 16 16 16 16 16 16 16 16 16 16  8 
12 12 12 12 12 12 12 12 12  5  5  5  5  5  5  5  6  6  6  6  6  6 11 11 11 11 11  1  1  1  1  1  1  1  1  1  1  1  1  1  1  1 10 16 16 16 16 16 16 16 16 16 16 16 16 10 16 16 16 16 16 16 16  8 
12 12 12 12 12 12 12 12 12  6  6  5  5  5  6  6  6  6  6  6  6  6  6  6  1  1  1  1  1  1  1  1  1  1  1  1  1  1  1  1  1 10 10 10 10 16 16 16 16 16 16 16 16 16 16 10 16 16 16 16 16 16  8  8 
12 12 12 12 12 12 12 12 12  6  6  6  5  6  6  6  6  6  6  6  6  6  6  6  6  1  1  1  1  1  1  1  1  1  1  1  1  1  1  1 10 10 10 10 10 10 10 16 16 16 16 16 16 10 16 10 10 16 16 16 16 16  8  8 
12 12  6  6 12 12 12  6  6  6  6  6  5  6  6  6  6  6  6  6  6  6  6  6  6  1  1  1  1  1  1  1  1  1  1  1  1  1  1  1  1  1 10 10 10 10 10 16 16 16 16 16 16 10 10 10 10 16 16 16 16 16  8  8 
12 12  6  6 12 12  6  6  6  6  6  6  6  6  6  6  6  6  6  6  6  6  6  6  6  1  1  1  1  1  1  1  1  1  1  1  1  1  1  1  1  1 10 10 10 10 10 16 16 16 16 16 16 10 10 10 10 10 10 10 10 16 16  8 
12 12  6  6  6  6  6  6  6  6  6  6  6  6  6  6  6  6  6  6  6  6  6  1  1  1  1  1  1  1  1  1  1  1  1  1  1  1  1  1  1 10 10 10 10 10 10 16 16 16 16 16 16 10 10 10 10 10 10 10 10 16 16  8 
12 12  6  6  6  6  6  6  6  6  6  6  6  6  6  6  6  6  6  6  6  6  6  1  6  1  6  1  1  1  1  1  1  1  1  1  1  1  1  1 10 10 10 10 10 10 10 16 16 10 16 10 10 10 10 10 10 10 10 10 16 16 16  8 
 6  6  6  6  6  6  6  6  6  6  6  6  6  6  6  6  6  6  6  6  6  6  6  6  6  6  6  1  1  1  1  1  1  1  1  1  1  1  1  1 10 10 10 10 10 10 10 16 16 10 10 10 10 10 10 10 10 10 10 10 16 16  8  8 
 6  9  6  6  6  6  6  6  6  6  6  6  6  6  6  6  6  6  6  6  6  6  6  6  6  6  6  1  1  1  1  1  1  1  1  1  1  1  1  1 10 10 10 10 10 10 10 10 10 10 10 10 10 10 10 10 10 10 10  8  8  8  8  8 
 6  9  6  6  6  6  6  6  6  6  6  6  6  6  6  6  6  6  6  6  6  6  6  6  6  6  6  6  1  1  1  1  1  1  1  1  1  1  1  1  1 10 10 10 10 10 10 15 15 10 10 10 10 10 10 10 10 10 10  8  8  8  8  8 
 9  9  6  6  6  6  6  6  6  6  6  6  6  6  6  6  6  6  6  6  6  6  6  6  6  6  6  6  6  1  1  1  1  1  1  1  1  1  1  1  1 15 15 15 15 10 10 15 15 10 10 10 10 10 10 10 10 10 10  8  8  8  8  8 
 9  6  6  6  6  6  6  6  6  6  9  9  6  6  6  6  6  6  6  6  6  6  6  6  6  6  6  6  1  1  1  1  1  1  1  1  1  1  1  1  1 15 15 15 15 15 15 15 15 10 10 10 10 10 10 10 10 10 10  8  8  8  8  8 
 9  9  9  9  9  9  9  9  9  9  9  9  9  6  6  6  6  6  6  6  6  6  6  6  6  6  6  6  6  1  1  1  1  1  1  1  1 15 15 15 15 15 15 15 15 15 15 15 15 10 10 10 10 10 10 10 10 10 10  8  8  8  8  8 
 9  9  9  9  9  9  9  9  9  9  9  9  9  9  6  6  6  6  6  6  6  6  6  6  6  6  6  6  6  1  1  1  1  1  1  1 15 15 15 15 15 15 15 15 15 15 15 15 15 15 10 10 10 10 10 10 10 10 10 10  8  8  8  8 
 9  9  9  9  9  9  9  9  9  9  9  9  9  9  6  6  6  6  6  6  6  6  6  6  6  6  6  6  1  1  9  1  1  1 15 15 15 15 15 15 15 15 15 15 15 15 15 15 15 15 15 10 10 10 10 10 10 10 10 10  8  8  8  8 
 9  9  9  9  9  9  9  9  9  9  9  9  9  9  9  9  9  6  6  6  6  6  6  6  6  6  6  6  6  1  9  9  9  9 15 15 15 15 15 15 15 15 15 15 15 15 15 15 15 15 15 15 15 15 15 15 10 10 10 10 10 10  8  8 
 9  9  9  9  9  9  9  9  9  9  9  9  9  9  9  9  9  9  6  6  6  6  6  6  6  6  6  6  6  9  9  9  9  9 15 15 15 15 15 15 15 15 15 15 15 15 15 15 15 15 15 15 15 15 15 10 10 10 10 10 10 10 10  8 
 9  9  9  9  9  9  9  9  9  9  9  9  9  9  9  9  9  9  9  9  9  6  9  9  6  6  6  9  9  9  9  9  9  9 15 15 15 15 15 15 15 15 15 15 15 15 15 15 15 15 15 15 15 15 15 10 10 10 10 10 10 10 10  8 
 9  9  9  9  9  9  9  9  9  9  9  9  9  9  9  9  9  9  9  9  9  9  9  9  9  9  9  9  9  9  9  9  9  9  9  9 15 15 15 15 15 15 15 15 15 15 15 15 15 15 15 15 15 15 15 10 15 10 10 10 10  8  8  8 
 9  9  9  9  9  9  9  9  9  9  9  9  9  9  9  9  9  9  9  9  9  9  9  9  9  9  9  9  9  9  9  9  9  9  9  9 15 15 15 15 15 15 15 15 15 15 15 15 15 15 15 15 15 15 15 15 15 15 10 10 10 10  8  8 
 9  9  9  9  9  9  9  9  9  9  9  9  9  9  9  9  9  9  9  9  9  9  9  9  9  9  9  9  9  9  9  9  9  9  9  9 15 15 15 15 15 15 15 15 15 15 15 15 15 15 15 15 15 15 15 15 15 15 10 10 10 10 10  8 
 9  9  9  9  9  9  9  9  9  9  9  9  9  9  9  9  9  9  9  9  9  9  9  9  9  9  9  9  9  9  9  9  9  9  9  9 15 15 15 15 15 15 15 15 15 15 15 15 15 15 15 15 15 15 15 15 15 15 15 15 10 10  8  8 
 9  9  9  9  9  9  9  9  9  9  9  9  9  9  9  9  9  9  9  9  9  9  9  9  9  9  9  9  9  9  9  9  9  9  9  9 15 15 15 15 15 15 15 15 15 15 15 15 15 15 15 15 15 15 15 15 15 15 15 15 15 10  8  8 
 9  9  9  9  9  9  9  9  9  9  9  9  9  9  9  9  9  9  9  9  9  9  9  9  9  9  9  9  9  9  9  9 15 15 15 15 15 15 15 15 15 15 15 15 15 15 15 15 15 15 15 15 15 15 15 15 15 15 15 15 15 10 10 10 
