173
1 3
2 3
3 1
4 0
5 0
6 2
7 2
8 2
9 1
10 0
11 0
12 3
13 1
14 1
15 3
16 1
17 2
18 1
19 3
20 2
21 3
22 3
23 3
24 3
25 2
26 3
27 2
28 3
29 1
30 0
31 2
32 1
33 1
34 3
35 1
36 1
37 1
38 3
39 3
40 3
41 3
42 2
43 0
44 0
45 3
46 2
47 2
48 1
49 3
50 3
51 2
52 0
53 1
54 3
55 0
56 2
57 1
58 1
59 3
60 3
61 2
62 3
63 2
64 0
65 2
66 2
67 2
68 3
69 0
70 3
71 3
72 1
73 3
74 2
75 1
76 1
77 0
78 3
79 2
80 3
81 1
82 3
83 0
84 3
85 1
86 1
87 3
88 0
89 1
90 2
91 2
92 2
93 2
94 0
95 1
96 1
97 3
98 1
99 2
100 1
101 0
102 0
103 1
104 0
105 2
106 3
107 3
108 1
109 3
110 1
111 2
112 2
113 1
114 1
115 0
116 1
117 2
118 1
119 1
120 1
121 1
122 1
123 2
124 2
125 0
126 3
127 2
128 1
129 1
130 2
131 1
132 2
133 0
134 0
135 1
136 3
137 3
138 3
139 0
140 2
141 0
142 1
143 0
144 0
145 0
146 0
147 2
148 0
149 0
150 3
151 0
152 2
153 2
154 3
155 1
156 0
157 2
158 0
159 2
160 2
161 0
162 0
163 1
164 0
165 1
166 0
167 1
168 1
169 2
170 2
171 1
172 0
173 0
