178
1 4 0 1 2 3
2 4 0 1 2 3
3 4 0 1 2 3
4 4 0 1 2 3
5 4 0 1 2 3
6 4 0 1 2 3
7 4 0 1 2 3
8 4 0 1 2 3
9 4 0 1 2 3
10 4 0 1 2 3
11 4 0 1 2 3
12 4 0 1 2 3
13 4 0 1 2 3
14 4 0 1 2 3
15 4 0 1 2 3
16 4 0 1 2 3
17 4 0 1 2 3
18 4 0 1 2 3
19 4 0 1 2 3
20 4 0 1 2 3
21 4 0 1 2 3
22 4 0 1 2 3
23 4 0 1 2 3
24 4 0 1 2 3
25 4 0 1 2 3
26 4 0 1 2 3
27 4 0 1 2 3
28 4 0 1 2 3
29 4 0 1 2 3
30 4 0 1 2 3
31 4 0 1 2 3
32 4 0 1 2 3
33 4 0 1 2 3
34 4 0 1 2 3
35 4 0 1 2 3
36 4 0 1 2 3
37 4 0 1 2 3
38 4 0 1 2 3
39 4 0 1 2 3
40 4 0 1 2 3
41 4 0 1 2 3
42 4 0 1 2 3
43 4 0 1 2 3
44 4 0 1 2 3
45 4 0 1 2 3
46 4 0 1 2 3
47 4 0 1 2 3
48 4 0 1 2 3
49 4 0 1 2 3
50 4 0 1 2 3
51 4 0 1 2 3
52 4 0 1 2 3
53 4 0 1 2 3
54 4 0 1 2 3
55 4 0 1 2 3
56 4 0 1 2 3
57 4 0 1 2 3
58 4 0 1 2 3
59 4 0 1 2 3
60 4 0 1 2 3
61 4 0 1 2 3
62 4 0 1 2 3
63 4 0 1 2 3
64 4 0 1 2 3
65 4 0 1 2 3
66 4 0 1 2 3
67 4 0 1 2 3
68 4 0 1 2 3
69 4 0 1 2 3
70 4 0 1 2 3
71 4 0 1 2 3
72 4 0 1 2 3
73 4 0 1 2 3
74 4 0 1 2 3
75 4 0 1 2 3
76 4 0 1 2 3
77 4 0 1 2 3
78 4 0 1 2 3
79 4 0 1 2 3
80 4 0 1 2 3
81 4 0 1 2 3
82 4 0 1 2 3
83 4 0 1 2 3
84 4 0 1 2 3
85 4 0 1 2 3
86 4 0 1 2 3
87 4 0 1 2 3
88 4 0 1 2 3
89 4 0 1 2 3
90 4 0 1 2 3
91 4 0 1 2 3
92 4 0 1 2 3
93 4 0 1 2 3
94 4 0 1 2 3
95 4 0 1 2 3
96 4 0 1 2 3
97 4 0 1 2 3
98 4 0 1 2 3
99 4 0 1 2 3
100 4 0 1 2 3
101 4 0 1 2 3
102 4 0 1 2 3
103 4 0 1 2 3
104 4 0 1 2 3
105 4 0 1 2 3
106 4 0 1 2 3
107 4 0 1 2 3
108 4 0 1 2 3
109 4 0 1 2 3
110 4 0 1 2 3
111 4 0 1 2 3
112 4 0 1 2 3
113 4 0 1 2 3
114 4 0 1 2 3
115 4 0 1 2 3
116 4 0 1 2 3
117 4 0 1 2 3
118 4 0 1 2 3
119 4 0 1 2 3
120 4 0 1 2 3
121 4 0 1 2 3
122 4 0 1 2 3
123 4 0 1 2 3
124 4 0 1 2 3
125 4 0 1 2 3
126 4 0 1 2 3
127 4 0 1 2 3
128 4 0 1 2 3
129 4 0 1 2 3
130 4 0 1 2 3
131 4 0 1 2 3
132 4 0 1 2 3
133 4 0 1 2 3
134 4 0 1 2 3
135 4 0 1 2 3
136 4 0 1 2 3
137 4 0 1 2 3
138 4 0 1 2 3
139 4 0 1 2 3
140 4 0 1 2 3
141 4 0 1 2 3
142 4 0 1 2 3
143 4 0 1 2 3
144 4 0 1 2 3
145 4 0 1 2 3
146 4 0 1 2 3
147 4 0 1 2 3
148 4 0 1 2 3
149 4 0 1 2 3
150 4 0 1 2 3
151 4 0 1 2 3
152 4 0 1 2 3
153 4 0 1 2 3
154 4 0 1 2 3
155 4 0 1 2 3
156 4 0 1 2 3
157 4 0 1 2 3
158 4 0 1 2 3
159 4 0 1 2 3
160 4 0 1 2 3
161 4 0 1 2 3
162 4 0 1 2 3
163 4 0 1 2 3
164 4 0 1 2 3
165 4 0 1 2 3
166 4 0 1 2 3
167 4 0 1 2 3
168 4 0 1 2 3
169 4 0 1 2 3
170 4 0 1 2 3
171 4 0 1 2 3
172 4 0 1 2 3
173 4 0 1 2 3
174 4 0 1 2 3
175 4 0 1 2 3
176 4 0 1 2 3
177 4 0 1 2 3
178 4 0 1 2 3
492
1 34 4   0 0   1 1   2 2   3 3
1 6 4   0 0   1 1   2 2   3 3
1 24 4   0 0   1 1   2 2   3 3
1 156 4   0 0   1 1   2 2   3 3
2 16 4   0 0   1 1   2 2   3 3
2 113 4   0 0   1 1   2 2   3 3
2 83 4   0 0   1 1   2 2   3 3
2 38 4   0 0   1 1   2 2   3 3
2 29 4   0 0   1 1   2 2   3 3
3 169 4   0 0   1 1   2 2   3 3
3 9 4   0 0   1 1   2 2   3 3
3 124 4   0 0   1 1   2 2   3 3
3 93 4   0 0   1 1   2 2   3 3
4 128 4   0 0   1 1   2 2   3 3
4 84 4   0 0   1 1   2 2   3 3
4 22 4   0 0   1 1   2 2   3 3
4 153 4   0 0   1 1   2 2   3 3
4 58 4   0 0   1 1   2 2   3 3
4 94 4   0 0   1 1   2 2   3 3
5 74 4   0 0   1 1   2 2   3 3
5 42 4   0 0   1 1   2 2   3 3
5 154 4   0 0   1 1   2 2   3 3
5 125 4   0 0   1 1   2 2   3 3
5 157 4   0 0   1 1   2 2   3 3
5 77 4   0 0   1 1   2 2   3 3
6 66 4   0 0   1 1   2 2   3 3
6 35 4   0 0   1 1   2 2   3 3
6 133 4   0 0   1 1   2 2   3 3
6 55 4   0 0   1 1   2 2   3 3
6 24 4   0 0   1 1   2 2   3 3
6 171 4   0 0   1 1   2 2   3 3
6 156 4   0 0   1 1   2 2   3 3
6 14 4   0 0   1 1   2 2   3 3
6 47 4   0 0   1 1   2 2   3 3
7 18 4   0 0   1 1   2 2   3 3
7 122 4   0 0   1 1   2 2   3 3
7 172 4   0 0   1 1   2 2   3 3
7 109 4   0 0   1 1   2 2   3 3
8 167 4   0 0   1 1   2 2   3 3
8 71 4   0 0   1 1   2 2   3 3
8 41 4   0 0   1 1   2 2   3 3
8 58 4   0 0   1 1   2 2   3 3
8 43 4   0 0   1 1   2 2   3 3
9 66 4   0 0   1 1   2 2   3 3
9 35 4   0 0   1 1   2 2   3 3
9 168 4   0 0   1 1   2 2   3 3
9 124 4   0 0   1 1   2 2   3 3
10 65 4   0 0   1 1   2 2   3 3
10 68 4   0 0   1 1   2 2   3 3
10 73 4   0 0   1 1   2 2   3 3
10 11 4   0 0   1 1   2 2   3 3
10 12 4   0 0   1 1   2 2   3 3
11 65 4   0 0   1 1   2 2   3 3
11 178 4   0 0   1 1   2 2   3 3
11 12 4   0 0   1 1   2 2   3 3
12 178 4   0 0   1 1   2 2   3 3
12 19 4   0 0   1 1   2 2   3 3
12 68 4   0 0   1 1   2 2   3 3
12 92 4   0 0   1 1   2 2   3 3
13 145 4   0 0   1 1   2 2   3 3
13 136 4   0 0   1 1   2 2   3 3
13 123 4   0 0   1 1   2 2   3 3
13 27 4   0 0   1 1   2 2   3 3
13 63 4   0 0   1 1   2 2   3 3
14 64 4   0 0   1 1   2 2   3 3
14 35 4   0 0   1 1   2 2   3 3
14 54 4   0 0   1 1   2 2   3 3
14 171 4   0 0   1 1   2 2   3 3
14 124 4   0 0   1 1   2 2   3 3
14 78 4   0 0   1 1   2 2   3 3
14 46 4   0 0   1 1   2 2   3 3
15 128 4   0 0   1 1   2 2   3 3
15 115 4   0 0   1 1   2 2   3 3
15 88 4   0 0   1 1   2 2   3 3
15 92 4   0 0   1 1   2 2   3 3
15 45 4   0 0   1 1   2 2   3 3
16 129 4   0 0   1 1   2 2   3 3
16 83 4   0 0   1 1   2 2   3 3
16 38 4   0 0   1 1   2 2   3 3
16 87 4   0 0   1 1   2 2   3 3
17 103 4   0 0   1 1   2 2   3 3
17 74 4   0 0   1 1   2 2   3 3
17 42 4   0 0   1 1   2 2   3 3
17 139 4   0 0   1 1   2 2   3 3
17 61 4   0 0   1 1   2 2   3 3
18 122 4   0 0   1 1   2 2   3 3
18 109 4   0 0   1 1   2 2   3 3
18 158 4   0 0   1 1   2 2   3 3
18 79 4   0 0   1 1   2 2   3 3
18 143 4   0 0   1 1   2 2   3 3
19 160 4   0 0   1 1   2 2   3 3
19 68 4   0 0   1 1   2 2   3 3
19 92 4   0 0   1 1   2 2   3 3
19 29 4   0 0   1 1   2 2   3 3
19 110 4   0 0   1 1   2 2   3 3
20 147 4   0 0   1 1   2 2   3 3
20 24 4   0 0   1 1   2 2   3 3
20 170 4   0 0   1 1   2 2   3 3
20 171 4   0 0   1 1   2 2   3 3
20 159 4   0 0   1 1   2 2   3 3
21 81 4   0 0   1 1   2 2   3 3
21 67 4   0 0   1 1   2 2   3 3
21 134 4   0 0   1 1   2 2   3 3
21 104 4   0 0   1 1   2 2   3 3
21 121 4   0 0   1 1   2 2   3 3
21 106 4   0 0   1 1   2 2   3 3
22 84 4   0 0   1 1   2 2   3 3
22 41 4   0 0   1 1   2 2   3 3
22 58 4   0 0   1 1   2 2   3 3
23 50 4   0 0   1 1   2 2   3 3
23 67 4   0 0   1 1   2 2   3 3
23 104 4   0 0   1 1   2 2   3 3
23 62 4   0 0   1 1   2 2   3 3
23 175 4   0 0   1 1   2 2   3 3
24 34 4   0 0   1 1   2 2   3 3
24 147 4   0 0   1 1   2 2   3 3
24 171 4   0 0   1 1   2 2   3 3
25 178 4   0 0   1 1   2 2   3 3
25 155 4   0 0   1 1   2 2   3 3
25 92 4   0 0   1 1   2 2   3 3
25 141 4   0 0   1 1   2 2   3 3
26 50 4   0 0   1 1   2 2   3 3
26 166 4   0 0   1 1   2 2   3 3
26 87 4   0 0   1 1   2 2   3 3
26 103 4   0 0   1 1   2 2   3 3
26 61 4   0 0   1 1   2 2   3 3
27 52 4   0 0   1 1   2 2   3 3
27 123 4   0 0   1 1   2 2   3 3
27 63 4   0 0   1 1   2 2   3 3
28 49 4   0 0   1 1   2 2   3 3
28 98 4   0 0   1 1   2 2   3 3
28 131 4   0 0   1 1   2 2   3 3
28 54 4   0 0   1 1   2 2   3 3
28 170 4   0 0   1 1   2 2   3 3
28 30 4   0 0   1 1   2 2   3 3
29 160 4   0 0   1 1   2 2   3 3
29 113 4   0 0   1 1   2 2   3 3
29 118 4   0 0   1 1   2 2   3 3
29 38 4   0 0   1 1   2 2   3 3
29 151 4   0 0   1 1   2 2   3 3
29 110 4   0 0   1 1   2 2   3 3
30 131 4   0 0   1 1   2 2   3 3
30 54 4   0 0   1 1   2 2   3 3
30 91 4   0 0   1 1   2 2   3 3
30 173 4   0 0   1 1   2 2   3 3
30 46 4   0 0   1 1   2 2   3 3
31 80 4   0 0   1 1   2 2   3 3
31 116 4   0 0   1 1   2 2   3 3
31 102 4   0 0   1 1   2 2   3 3
31 105 4   0 0   1 1   2 2   3 3
31 89 4   0 0   1 1   2 2   3 3
31 126 4   0 0   1 1   2 2   3 3
32 162 4   0 0   1 1   2 2   3 3
32 148 4   0 0   1 1   2 2   3 3
32 74 4   0 0   1 1   2 2   3 3
32 139 4   0 0   1 1   2 2   3 3
32 127 4   0 0   1 1   2 2   3 3
33 177 4   0 0   1 1   2 2   3 3
33 161 4   0 0   1 1   2 2   3 3
33 37 4   0 0   1 1   2 2   3 3
33 104 4   0 0   1 1   2 2   3 3
33 62 4   0 0   1 1   2 2   3 3
34 147 4   0 0   1 1   2 2   3 3
34 53 4   0 0   1 1   2 2   3 3
34 156 4   0 0   1 1   2 2   3 3
34 111 4   0 0   1 1   2 2   3 3
35 66 4   0 0   1 1   2 2   3 3
35 124 4   0 0   1 1   2 2   3 3
36 51 4   0 0   1 1   2 2   3 3
36 69 4   0 0   1 1   2 2   3 3
36 55 4   0 0   1 1   2 2   3 3
36 59 4   0 0   1 1   2 2   3 3
36 47 4   0 0   1 1   2 2   3 3
37 161 4   0 0   1 1   2 2   3 3
37 157 4   0 0   1 1   2 2   3 3
37 77 4   0 0   1 1   2 2   3 3
37 62 4   0 0   1 1   2 2   3 3
38 129 4   0 0   1 1   2 2   3 3
38 97 4   0 0   1 1   2 2   3 3
38 110 4   0 0   1 1   2 2   3 3
39 176 4   0 0   1 1   2 2   3 3
39 49 4   0 0   1 1   2 2   3 3
39 98 4   0 0   1 1   2 2   3 3
39 90 4   0 0   1 1   2 2   3 3
39 44 4   0 0   1 1   2 2   3 3
40 82 4   0 0   1 1   2 2   3 3
40 131 4   0 0   1 1   2 2   3 3
40 163 4   0 0   1 1   2 2   3 3
40 167 4   0 0   1 1   2 2   3 3
40 71 4   0 0   1 1   2 2   3 3
40 43 4   0 0   1 1   2 2   3 3
40 173 4   0 0   1 1   2 2   3 3
41 96 4   0 0   1 1   2 2   3 3
41 84 4   0 0   1 1   2 2   3 3
41 58 4   0 0   1 1   2 2   3 3
41 90 4   0 0   1 1   2 2   3 3
41 43 4   0 0   1 1   2 2   3 3
41 44 4   0 0   1 1   2 2   3 3
42 103 4   0 0   1 1   2 2   3 3
42 74 4   0 0   1 1   2 2   3 3
42 125 4   0 0   1 1   2 2   3 3
43 163 4   0 0   1 1   2 2   3 3
43 71 4   0 0   1 1   2 2   3 3
43 44 4   0 0   1 1   2 2   3 3
44 49 4   0 0   1 1   2 2   3 3
44 163 4   0 0   1 1   2 2   3 3
44 90 4   0 0   1 1   2 2   3 3
45 115 4   0 0   1 1   2 2   3 3
45 52 4   0 0   1 1   2 2   3 3
45 136 4   0 0   1 1   2 2   3 3
45 155 4   0 0   1 1   2 2   3 3
45 123 4   0 0   1 1   2 2   3 3
45 92 4   0 0   1 1   2 2   3 3
46 64 4   0 0   1 1   2 2   3 3
46 54 4   0 0   1 1   2 2   3 3
46 91 4   0 0   1 1   2 2   3 3
46 78 4   0 0   1 1   2 2   3 3
47 66 4   0 0   1 1   2 2   3 3
47 55 4   0 0   1 1   2 2   3 3
47 168 4   0 0   1 1   2 2   3 3
47 59 4   0 0   1 1   2 2   3 3
48 83 4   0 0   1 1   2 2   3 3
48 86 4   0 0   1 1   2 2   3 3
49 98 4   0 0   1 1   2 2   3 3
49 131 4   0 0   1 1   2 2   3 3
49 163 4   0 0   1 1   2 2   3 3
50 129 4   0 0   1 1   2 2   3 3
50 97 4   0 0   1 1   2 2   3 3
50 166 4   0 0   1 1   2 2   3 3
50 87 4   0 0   1 1   2 2   3 3
50 62 4   0 0   1 1   2 2   3 3
50 175 4   0 0   1 1   2 2   3 3
51 69 4   0 0   1 1   2 2   3 3
51 101 4   0 0   1 1   2 2   3 3
51 55 4   0 0   1 1   2 2   3 3
52 115 4   0 0   1 1   2 2   3 3
52 123 4   0 0   1 1   2 2   3 3
52 94 4   0 0   1 1   2 2   3 3
53 113 4   0 0   1 1   2 2   3 3
53 147 4   0 0   1 1   2 2   3 3
53 83 4   0 0   1 1   2 2   3 3
53 86 4   0 0   1 1   2 2   3 3
53 118 4   0 0   1 1   2 2   3 3
53 119 4   0 0   1 1   2 2   3 3
53 111 4   0 0   1 1   2 2   3 3
54 170 4   0 0   1 1   2 2   3 3
54 171 4   0 0   1 1   2 2   3 3
55 164 4   0 0   1 1   2 2   3 3
55 133 4   0 0   1 1   2 2   3 3
55 101 4   0 0   1 1   2 2   3 3
56 80 4   0 0   1 1   2 2   3 3
56 114 4   0 0   1 1   2 2   3 3
56 132 4   0 0   1 1   2 2   3 3
56 102 4   0 0   1 1   2 2   3 3
57 146 4   0 0   1 1   2 2   3 3
57 100 4   0 0   1 1   2 2   3 3
57 117 4   0 0   1 1   2 2   3 3
57 120 4   0 0   1 1   2 2   3 3
58 130 4   0 0   1 1   2 2   3 3
58 167 4   0 0   1 1   2 2   3 3
59 69 4   0 0   1 1   2 2   3 3
59 168 4   0 0   1 1   2 2   3 3
59 122 4   0 0   1 1   2 2   3 3
59 172 4   0 0   1 1   2 2   3 3
60 177 4   0 0   1 1   2 2   3 3
60 76 4   0 0   1 1   2 2   3 3
60 108 4   0 0   1 1   2 2   3 3
61 144 4   0 0   1 1   2 2   3 3
61 103 4   0 0   1 1   2 2   3 3
61 87 4   0 0   1 1   2 2   3 3
61 139 4   0 0   1 1   2 2   3 3
62 166 4   0 0   1 1   2 2   3 3
62 104 4   0 0   1 1   2 2   3 3
62 157 4   0 0   1 1   2 2   3 3
63 145 4   0 0   1 1   2 2   3 3
63 120 4   0 0   1 1   2 2   3 3
64 78 4   0 0   1 1   2 2   3 3
65 80 4   0 0   1 1   2 2   3 3
65 178 4   0 0   1 1   2 2   3 3
65 146 4   0 0   1 1   2 2   3 3
65 132 4   0 0   1 1   2 2   3 3
65 117 4   0 0   1 1   2 2   3 3
65 152 4   0 0   1 1   2 2   3 3
65 73 4   0 0   1 1   2 2   3 3
65 155 4   0 0   1 1   2 2   3 3
65 141 4   0 0   1 1   2 2   3 3
66 168 4   0 0   1 1   2 2   3 3
67 114 4   0 0   1 1   2 2   3 3
67 104 4   0 0   1 1   2 2   3 3
67 106 4   0 0   1 1   2 2   3 3
67 138 4   0 0   1 1   2 2   3 3
67 175 4   0 0   1 1   2 2   3 3
68 99 4   0 0   1 1   2 2   3 3
68 73 4   0 0   1 1   2 2   3 3
68 110 4   0 0   1 1   2 2   3 3
68 95 4   0 0   1 1   2 2   3 3
69 101 4   0 0   1 1   2 2   3 3
69 122 4   0 0   1 1   2 2   3 3
69 158 4   0 0   1 1   2 2   3 3
70 166 4   0 0   1 1   2 2   3 3
70 103 4   0 0   1 1   2 2   3 3
70 154 4   0 0   1 1   2 2   3 3
70 157 4   0 0   1 1   2 2   3 3
71 167 4   0 0   1 1   2 2   3 3
72 164 4   0 0   1 1   2 2   3 3
72 133 4   0 0   1 1   2 2   3 3
72 165 4   0 0   1 1   2 2   3 3
72 86 4   0 0   1 1   2 2   3 3
72 119 4   0 0   1 1   2 2   3 3
72 139 4   0 0   1 1   2 2   3 3
72 142 4   0 0   1 1   2 2   3 3
73 99 4   0 0   1 1   2 2   3 3
73 132 4   0 0   1 1   2 2   3 3
73 152 4   0 0   1 1   2 2   3 3
74 139 4   0 0   1 1   2 2   3 3
75 112 4   0 0   1 1   2 2   3 3
75 98 4   0 0   1 1   2 2   3 3
75 147 4   0 0   1 1   2 2   3 3
75 118 4   0 0   1 1   2 2   3 3
75 159 4   0 0   1 1   2 2   3 3
76 81 4   0 0   1 1   2 2   3 3
76 177 4   0 0   1 1   2 2   3 3
76 121 4   0 0   1 1   2 2   3 3
76 89 4   0 0   1 1   2 2   3 3
76 138 4   0 0   1 1   2 2   3 3
77 161 4   0 0   1 1   2 2   3 3
77 85 4   0 0   1 1   2 2   3 3
77 157 4   0 0   1 1   2 2   3 3
78 91 4   0 0   1 1   2 2   3 3
78 124 4   0 0   1 1   2 2   3 3
78 93 4   0 0   1 1   2 2   3 3
79 162 4   0 0   1 1   2 2   3 3
79 109 4   0 0   1 1   2 2   3 3
79 143 4   0 0   1 1   2 2   3 3
79 127 4   0 0   1 1   2 2   3 3
80 132 4   0 0   1 1   2 2   3 3
80 117 4   0 0   1 1   2 2   3 3
80 102 4   0 0   1 1   2 2   3 3
80 105 4   0 0   1 1   2 2   3 3
81 134 4   0 0   1 1   2 2   3 3
81 121 4   0 0   1 1   2 2   3 3
81 138 4   0 0   1 1   2 2   3 3
82 167 4   0 0   1 1   2 2   3 3
82 173 4   0 0   1 1   2 2   3 3
83 144 4   0 0   1 1   2 2   3 3
83 113 4   0 0   1 1   2 2   3 3
83 86 4   0 0   1 1   2 2   3 3
83 87 4   0 0   1 1   2 2   3 3
84 96 4   0 0   1 1   2 2   3 3
84 128 4   0 0   1 1   2 2   3 3
84 135 4   0 0   1 1   2 2   3 3
86 144 4   0 0   1 1   2 2   3 3
86 119 4   0 0   1 1   2 2   3 3
86 139 4   0 0   1 1   2 2   3 3
87 144 4   0 0   1 1   2 2   3 3
87 129 4   0 0   1 1   2 2   3 3
88 128 4   0 0   1 1   2 2   3 3
88 150 4   0 0   1 1   2 2   3 3
88 135 4   0 0   1 1   2 2   3 3
88 137 4   0 0   1 1   2 2   3 3
88 92 4   0 0   1 1   2 2   3 3
89 138 4   0 0   1 1   2 2   3 3
89 126 4   0 0   1 1   2 2   3 3
90 176 4   0 0   1 1   2 2   3 3
90 96 4   0 0   1 1   2 2   3 3
90 107 4   0 0   1 1   2 2   3 3
90 140 4   0 0   1 1   2 2   3 3
91 93 4   0 0   1 1   2 2   3 3
91 173 4   0 0   1 1   2 2   3 3
92 160 4   0 0   1 1   2 2   3 3
92 178 4   0 0   1 1   2 2   3 3
92 150 4   0 0   1 1   2 2   3 3
92 155 4   0 0   1 1   2 2   3 3
93 169 4   0 0   1 1   2 2   3 3
93 124 4   0 0   1 1   2 2   3 3
93 173 4   0 0   1 1   2 2   3 3
94 128 4   0 0   1 1   2 2   3 3
94 115 4   0 0   1 1   2 2   3 3
95 97 4   0 0   1 1   2 2   3 3
95 114 4   0 0   1 1   2 2   3 3
95 99 4   0 0   1 1   2 2   3 3
95 110 4   0 0   1 1   2 2   3 3
96 135 4   0 0   1 1   2 2   3 3
96 140 4   0 0   1 1   2 2   3 3
97 129 4   0 0   1 1   2 2   3 3
97 114 4   0 0   1 1   2 2   3 3
97 110 4   0 0   1 1   2 2   3 3
97 175 4   0 0   1 1   2 2   3 3
98 176 4   0 0   1 1   2 2   3 3
98 112 4   0 0   1 1   2 2   3 3
98 160 4   0 0   1 1   2 2   3 3
98 150 4   0 0   1 1   2 2   3 3
98 170 4   0 0   1 1   2 2   3 3
98 107 4   0 0   1 1   2 2   3 3
98 159 4   0 0   1 1   2 2   3 3
99 114 4   0 0   1 1   2 2   3 3
99 132 4   0 0   1 1   2 2   3 3
100 145 4   0 0   1 1   2 2   3 3
100 146 4   0 0   1 1   2 2   3 3
100 136 4   0 0   1 1   2 2   3 3
100 120 4   0 0   1 1   2 2   3 3
100 155 4   0 0   1 1   2 2   3 3
101 164 4   0 0   1 1   2 2   3 3
101 158 4   0 0   1 1   2 2   3 3
101 143 4   0 0   1 1   2 2   3 3
102 114 4   0 0   1 1   2 2   3 3
102 116 4   0 0   1 1   2 2   3 3
103 166 4   0 0   1 1   2 2   3 3
103 154 4   0 0   1 1   2 2   3 3
103 125 4   0 0   1 1   2 2   3 3
104 177 4   0 0   1 1   2 2   3 3
104 121 4   0 0   1 1   2 2   3 3
105 117 4   0 0   1 1   2 2   3 3
106 134 4   0 0   1 1   2 2   3 3
106 138 4   0 0   1 1   2 2   3 3
107 176 4   0 0   1 1   2 2   3 3
107 150 4   0 0   1 1   2 2   3 3
107 137 4   0 0   1 1   2 2   3 3
107 140 4   0 0   1 1   2 2   3 3
108 161 4   0 0   1 1   2 2   3 3
108 177 4   0 0   1 1   2 2   3 3
109 162 4   0 0   1 1   2 2   3 3
109 149 4   0 0   1 1   2 2   3 3
109 172 4   0 0   1 1   2 2   3 3
109 174 4   0 0   1 1   2 2   3 3
111 133 4   0 0   1 1   2 2   3 3
111 119 4   0 0   1 1   2 2   3 3
111 156 4   0 0   1 1   2 2   3 3
112 160 4   0 0   1 1   2 2   3 3
112 118 4   0 0   1 1   2 2   3 3
112 151 4   0 0   1 1   2 2   3 3
113 118 4   0 0   1 1   2 2   3 3
114 132 4   0 0   1 1   2 2   3 3
114 116 4   0 0   1 1   2 2   3 3
114 138 4   0 0   1 1   2 2   3 3
114 126 4   0 0   1 1   2 2   3 3
114 175 4   0 0   1 1   2 2   3 3
115 128 4   0 0   1 1   2 2   3 3
116 126 4   0 0   1 1   2 2   3 3
117 146 4   0 0   1 1   2 2   3 3
118 147 4   0 0   1 1   2 2   3 3
118 151 4   0 0   1 1   2 2   3 3
119 133 4   0 0   1 1   2 2   3 3
119 142 4   0 0   1 1   2 2   3 3
120 145 4   0 0   1 1   2 2   3 3
121 177 4   0 0   1 1   2 2   3 3
122 172 4   0 0   1 1   2 2   3 3
122 158 4   0 0   1 1   2 2   3 3
123 136 4   0 0   1 1   2 2   3 3
125 154 4   0 0   1 1   2 2   3 3
126 138 4   0 0   1 1   2 2   3 3
127 162 4   0 0   1 1   2 2   3 3
127 164 4   0 0   1 1   2 2   3 3
127 165 4   0 0   1 1   2 2   3 3
127 139 4   0 0   1 1   2 2   3 3
127 143 4   0 0   1 1   2 2   3 3
128 135 4   0 0   1 1   2 2   3 3
130 167 4   0 0   1 1   2 2   3 3
131 163 4   0 0   1 1   2 2   3 3
131 173 4   0 0   1 1   2 2   3 3
132 152 4   0 0   1 1   2 2   3 3
133 164 4   0 0   1 1   2 2   3 3
133 156 4   0 0   1 1   2 2   3 3
134 138 4   0 0   1 1   2 2   3 3
135 137 4   0 0   1 1   2 2   3 3
135 140 4   0 0   1 1   2 2   3 3
136 145 4   0 0   1 1   2 2   3 3
136 155 4   0 0   1 1   2 2   3 3
137 150 4   0 0   1 1   2 2   3 3
137 140 4   0 0   1 1   2 2   3 3
139 144 4   0 0   1 1   2 2   3 3
139 165 4   0 0   1 1   2 2   3 3
141 178 4   0 0   1 1   2 2   3 3
141 155 4   0 0   1 1   2 2   3 3
143 164 4   0 0   1 1   2 2   3 3
143 158 4   0 0   1 1   2 2   3 3
146 155 4   0 0   1 1   2 2   3 3
147 159 4   0 0   1 1   2 2   3 3
148 162 4   0 0   1 1   2 2   3 3
148 174 4   0 0   1 1   2 2   3 3
149 172 4   0 0   1 1   2 2   3 3
149 174 4   0 0   1 1   2 2   3 3
150 160 4   0 0   1 1   2 2   3 3
151 160 4   0 0   1 1   2 2   3 3
154 157 4   0 0   1 1   2 2   3 3
157 166 4   0 0   1 1   2 2   3 3
159 170 4   0 0   1 1   2 2   3 3
161 177 4   0 0   1 1   2 2   3 3
162 174 4   0 0   1 1   2 2   3 3
164 165 4   0 0   1 1   2 2   3 3
169 173 4   0 0   1 1   2 2   3 3
170 171 4   0 0   1 1   2 2   3 3
