180
1 2
2 2
3 1
4 0
5 1
6 2
7 3
8 3
9 3
10 1
11 3
12 3
13 0
14 3
15 0
16 0
17 0
18 3
19 3
20 1
21 0
22 2
23 2
24 3
25 3
26 0
27 1
28 2
29 0
30 2
31 2
32 2
33 1
34 2
35 0
36 2
37 3
38 0
39 1
40 1
41 2
42 0
43 1
44 2
45 2
46 0
47 3
48 0
49 2
50 2
51 3
52 3
53 2
54 2
55 2
56 0
57 2
58 3
59 1
60 0
61 0
62 3
63 1
64 1
65 0
66 1
67 0
68 2
69 1
70 0
71 0
72 3
73 3
74 0
75 0
76 2
77 3
78 2
79 1
80 0
81 2
82 1
83 0
84 1
85 3
86 3
87 1
88 1
89 2
90 3
91 2
92 1
93 0
94 0
95 0
96 2
97 1
98 2
99 1
100 1
101 1
102 2
103 3
104 3
105 3
106 3
107 3
108 0
109 3
110 2
111 2
112 3
113 0
114 2
115 0
116 2
117 0
118 0
119 1
120 1
121 0
122 1
123 3
124 1
125 1
126 1
127 1
128 3
129 1
130 2
131 1
132 2
133 1
134 1
135 3
136 1
137 0
138 2
139 3
140 0
141 3
142 2
143 2
144 0
145 3
146 1
147 1
148 3
149 0
150 2
151 0
152 3
153 3
154 3
155 1
156 2
157 0
158 2
159 0
160 1
161 0
162 3
163 2
164 3
165 0
166 3
167 1
168 2
169 1
170 0
171 2
172 0
173 2
174 1
175 3
176 3
177 1
178 0
179 1
180 0
