184
1 4 0 1 2 3
2 4 0 1 2 3
3 4 0 1 2 3
4 4 0 1 2 3
5 4 0 1 2 3
6 4 0 1 2 3
7 4 0 1 2 3
8 4 0 1 2 3
9 4 0 1 2 3
10 4 0 1 2 3
11 4 0 1 2 3
12 4 0 1 2 3
13 4 0 1 2 3
14 4 0 1 2 3
15 4 0 1 2 3
16 4 0 1 2 3
17 4 0 1 2 3
18 4 0 1 2 3
19 4 0 1 2 3
20 4 0 1 2 3
21 4 0 1 2 3
22 4 0 1 2 3
23 4 0 1 2 3
24 4 0 1 2 3
25 4 0 1 2 3
26 4 0 1 2 3
27 4 0 1 2 3
28 4 0 1 2 3
29 4 0 1 2 3
30 4 0 1 2 3
31 4 0 1 2 3
32 4 0 1 2 3
33 4 0 1 2 3
34 4 0 1 2 3
35 4 0 1 2 3
36 4 0 1 2 3
37 4 0 1 2 3
38 4 0 1 2 3
39 4 0 1 2 3
40 4 0 1 2 3
41 4 0 1 2 3
42 4 0 1 2 3
43 4 0 1 2 3
44 4 0 1 2 3
45 4 0 1 2 3
46 4 0 1 2 3
47 4 0 1 2 3
48 4 0 1 2 3
49 4 0 1 2 3
50 4 0 1 2 3
51 4 0 1 2 3
52 4 0 1 2 3
53 4 0 1 2 3
54 4 0 1 2 3
55 4 0 1 2 3
56 4 0 1 2 3
57 4 0 1 2 3
58 4 0 1 2 3
59 4 0 1 2 3
60 4 0 1 2 3
61 4 0 1 2 3
62 4 0 1 2 3
63 4 0 1 2 3
64 4 0 1 2 3
65 4 0 1 2 3
66 4 0 1 2 3
67 4 0 1 2 3
68 4 0 1 2 3
69 4 0 1 2 3
70 4 0 1 2 3
71 4 0 1 2 3
72 4 0 1 2 3
73 4 0 1 2 3
74 4 0 1 2 3
75 4 0 1 2 3
76 4 0 1 2 3
77 4 0 1 2 3
78 4 0 1 2 3
79 4 0 1 2 3
80 4 0 1 2 3
81 4 0 1 2 3
82 4 0 1 2 3
83 4 0 1 2 3
84 4 0 1 2 3
85 4 0 1 2 3
86 4 0 1 2 3
87 4 0 1 2 3
88 4 0 1 2 3
89 4 0 1 2 3
90 4 0 1 2 3
91 4 0 1 2 3
92 4 0 1 2 3
93 4 0 1 2 3
94 4 0 1 2 3
95 4 0 1 2 3
96 4 0 1 2 3
97 4 0 1 2 3
98 4 0 1 2 3
99 4 0 1 2 3
100 4 0 1 2 3
101 4 0 1 2 3
102 4 0 1 2 3
103 4 0 1 2 3
104 4 0 1 2 3
105 4 0 1 2 3
106 4 0 1 2 3
107 4 0 1 2 3
108 4 0 1 2 3
109 4 0 1 2 3
110 4 0 1 2 3
111 4 0 1 2 3
112 4 0 1 2 3
113 4 0 1 2 3
114 4 0 1 2 3
115 4 0 1 2 3
116 4 0 1 2 3
117 4 0 1 2 3
118 4 0 1 2 3
119 4 0 1 2 3
120 4 0 1 2 3
121 4 0 1 2 3
122 4 0 1 2 3
123 4 0 1 2 3
124 4 0 1 2 3
125 4 0 1 2 3
126 4 0 1 2 3
127 4 0 1 2 3
128 4 0 1 2 3
129 4 0 1 2 3
130 4 0 1 2 3
131 4 0 1 2 3
132 4 0 1 2 3
133 4 0 1 2 3
134 4 0 1 2 3
135 4 0 1 2 3
136 4 0 1 2 3
137 4 0 1 2 3
138 4 0 1 2 3
139 4 0 1 2 3
140 4 0 1 2 3
141 4 0 1 2 3
142 4 0 1 2 3
143 4 0 1 2 3
144 4 0 1 2 3
145 4 0 1 2 3
146 4 0 1 2 3
147 4 0 1 2 3
148 4 0 1 2 3
149 4 0 1 2 3
150 4 0 1 2 3
151 4 0 1 2 3
152 4 0 1 2 3
153 4 0 1 2 3
154 4 0 1 2 3
155 4 0 1 2 3
156 4 0 1 2 3
157 4 0 1 2 3
158 4 0 1 2 3
159 4 0 1 2 3
160 4 0 1 2 3
161 4 0 1 2 3
162 4 0 1 2 3
163 4 0 1 2 3
164 4 0 1 2 3
165 4 0 1 2 3
166 4 0 1 2 3
167 4 0 1 2 3
168 4 0 1 2 3
169 4 0 1 2 3
170 4 0 1 2 3
171 4 0 1 2 3
172 4 0 1 2 3
173 4 0 1 2 3
174 4 0 1 2 3
175 4 0 1 2 3
176 4 0 1 2 3
177 4 0 1 2 3
178 4 0 1 2 3
179 4 0 1 2 3
180 4 0 1 2 3
181 4 0 1 2 3
182 4 0 1 2 3
183 4 0 1 2 3
184 4 0 1 2 3
510
1 97 4   0 0   1 1   2 2   3 3
1 164 4   0 0   1 1   2 2   3 3
1 71 4   0 0   1 1   2 2   3 3
1 40 4   0 0   1 1   2 2   3 3
1 169 4   0 0   1 1   2 2   3 3
2 148 4   0 0   1 1   2 2   3 3
2 166 4   0 0   1 1   2 2   3 3
2 168 4   0 0   1 1   2 2   3 3
2 107 4   0 0   1 1   2 2   3 3
2 31 4   0 0   1 1   2 2   3 3
3 145 4   0 0   1 1   2 2   3 3
3 163 4   0 0   1 1   2 2   3 3
3 51 4   0 0   1 1   2 2   3 3
3 102 4   0 0   1 1   2 2   3 3
3 8 4   0 0   1 1   2 2   3 3
3 158 4   0 0   1 1   2 2   3 3
4 64 4   0 0   1 1   2 2   3 3
4 33 4   0 0   1 1   2 2   3 3
4 36 4   0 0   1 1   2 2   3 3
4 5 4   0 0   1 1   2 2   3 3
4 44 4   0 0   1 1   2 2   3 3
4 93 4   0 0   1 1   2 2   3 3
4 29 4   0 0   1 1   2 2   3 3
5 33 4   0 0   1 1   2 2   3 3
5 181 4   0 0   1 1   2 2   3 3
5 11 4   0 0   1 1   2 2   3 3
5 44 4   0 0   1 1   2 2   3 3
5 110 4   0 0   1 1   2 2   3 3
5 30 4   0 0   1 1   2 2   3 3
6 129 4   0 0   1 1   2 2   3 3
6 84 4   0 0   1 1   2 2   3 3
6 102 4   0 0   1 1   2 2   3 3
6 134 4   0 0   1 1   2 2   3 3
6 86 4   0 0   1 1   2 2   3 3
6 55 4   0 0   1 1   2 2   3 3
6 28 4   0 0   1 1   2 2   3 3
6 157 4   0 0   1 1   2 2   3 3
6 62 4   0 0   1 1   2 2   3 3
7 113 4   0 0   1 1   2 2   3 3
7 34 4   0 0   1 1   2 2   3 3
7 114 4   0 0   1 1   2 2   3 3
7 106 4   0 0   1 1   2 2   3 3
7 10 4   0 0   1 1   2 2   3 3
7 75 4   0 0   1 1   2 2   3 3
7 108 4   0 0   1 1   2 2   3 3
8 145 4   0 0   1 1   2 2   3 3
8 65 4   0 0   1 1   2 2   3 3
8 51 4   0 0   1 1   2 2   3 3
8 152 4   0 0   1 1   2 2   3 3
8 122 4   0 0   1 1   2 2   3 3
8 45 4   0 0   1 1   2 2   3 3
9 64 4   0 0   1 1   2 2   3 3
9 149 4   0 0   1 1   2 2   3 3
9 88 4   0 0   1 1   2 2   3 3
9 26 4   0 0   1 1   2 2   3 3
9 76 4   0 0   1 1   2 2   3 3
10 114 4   0 0   1 1   2 2   3 3
10 163 4   0 0   1 1   2 2   3 3
10 75 4   0 0   1 1   2 2   3 3
10 175 4   0 0   1 1   2 2   3 3
10 63 4   0 0   1 1   2 2   3 3
11 98 4   0 0   1 1   2 2   3 3
11 66 4   0 0   1 1   2 2   3 3
11 180 4   0 0   1 1   2 2   3 3
11 181 4   0 0   1 1   2 2   3 3
11 133 4   0 0   1 1   2 2   3 3
11 119 4   0 0   1 1   2 2   3 3
11 110 4   0 0   1 1   2 2   3 3
11 47 4   0 0   1 1   2 2   3 3
12 64 4   0 0   1 1   2 2   3 3
12 36 4   0 0   1 1   2 2   3 3
12 37 4   0 0   1 1   2 2   3 3
12 53 4   0 0   1 1   2 2   3 3
12 165 4   0 0   1 1   2 2   3 3
13 83 4   0 0   1 1   2 2   3 3
13 164 4   0 0   1 1   2 2   3 3
13 169 4   0 0   1 1   2 2   3 3
13 138 4   0 0   1 1   2 2   3 3
13 91 4   0 0   1 1   2 2   3 3
14 83 4   0 0   1 1   2 2   3 3
14 40 4   0 0   1 1   2 2   3 3
14 91 4   0 0   1 1   2 2   3 3
14 94 4   0 0   1 1   2 2   3 3
14 159 4   0 0   1 1   2 2   3 3
15 17 4   0 0   1 1   2 2   3 3
15 99 4   0 0   1 1   2 2   3 3
15 147 4   0 0   1 1   2 2   3 3
15 180 4   0 0   1 1   2 2   3 3
15 133 4   0 0   1 1   2 2   3 3
15 86 4   0 0   1 1   2 2   3 3
15 62 4   0 0   1 1   2 2   3 3
15 30 4   0 0   1 1   2 2   3 3
16 48 4   0 0   1 1   2 2   3 3
16 177 4   0 0   1 1   2 2   3 3
16 85 4   0 0   1 1   2 2   3 3
16 54 4   0 0   1 1   2 2   3 3
16 120 4   0 0   1 1   2 2   3 3
16 126 4   0 0   1 1   2 2   3 3
17 147 4   0 0   1 1   2 2   3 3
17 68 4   0 0   1 1   2 2   3 3
17 84 4   0 0   1 1   2 2   3 3
17 121 4   0 0   1 1   2 2   3 3
17 141 4   0 0   1 1   2 2   3 3
17 62 4   0 0   1 1   2 2   3 3
18 81 4   0 0   1 1   2 2   3 3
18 153 4   0 0   1 1   2 2   3 3
18 124 4   0 0   1 1   2 2   3 3
18 92 4   0 0   1 1   2 2   3 3
19 82 4   0 0   1 1   2 2   3 3
19 35 4   0 0   1 1   2 2   3 3
19 56 4   0 0   1 1   2 2   3 3
19 25 4   0 0   1 1   2 2   3 3
20 145 4   0 0   1 1   2 2   3 3
20 151 4   0 0   1 1   2 2   3 3
20 122 4   0 0   1 1   2 2   3 3
20 46 4   0 0   1 1   2 2   3 3
21 32 4   0 0   1 1   2 2   3 3
21 162 4   0 0   1 1   2 2   3 3
21 22 4   0 0   1 1   2 2   3 3
21 39 4   0 0   1 1   2 2   3 3
21 183 4   0 0   1 1   2 2   3 3
21 27 4   0 0   1 1   2 2   3 3
21 172 4   0 0   1 1   2 2   3 3
21 61 4   0 0   1 1   2 2   3 3
21 174 4   0 0   1 1   2 2   3 3
21 142 4   0 0   1 1   2 2   3 3
22 131 4   0 0   1 1   2 2   3 3
22 149 4   0 0   1 1   2 2   3 3
22 183 4   0 0   1 1   2 2   3 3
22 76 4   0 0   1 1   2 2   3 3
22 142 4   0 0   1 1   2 2   3 3
23 147 4   0 0   1 1   2 2   3 3
23 53 4   0 0   1 1   2 2   3 3
23 154 4   0 0   1 1   2 2   3 3
23 170 4   0 0   1 1   2 2   3 3
23 156 4   0 0   1 1   2 2   3 3
24 39 4   0 0   1 1   2 2   3 3
24 27 4   0 0   1 1   2 2   3 3
24 124 4   0 0   1 1   2 2   3 3
24 173 4   0 0   1 1   2 2   3 3
25 82 4   0 0   1 1   2 2   3 3
25 35 4   0 0   1 1   2 2   3 3
25 179 4   0 0   1 1   2 2   3 3
25 167 4   0 0   1 1   2 2   3 3
26 64 4   0 0   1 1   2 2   3 3
26 149 4   0 0   1 1   2 2   3 3
26 155 4   0 0   1 1   2 2   3 3
26 44 4   0 0   1 1   2 2   3 3
26 78 4   0 0   1 1   2 2   3 3
27 81 4   0 0   1 1   2 2   3 3
27 162 4   0 0   1 1   2 2   3 3
27 39 4   0 0   1 1   2 2   3 3
27 89 4   0 0   1 1   2 2   3 3
27 173 4   0 0   1 1   2 2   3 3
28 129 4   0 0   1 1   2 2   3 3
28 86 4   0 0   1 1   2 2   3 3
29 33 4   0 0   1 1   2 2   3 3
29 36 4   0 0   1 1   2 2   3 3
29 165 4   0 0   1 1   2 2   3 3
29 117 4   0 0   1 1   2 2   3 3
29 150 4   0 0   1 1   2 2   3 3
29 30 4   0 0   1 1   2 2   3 3
30 33 4   0 0   1 1   2 2   3 3
30 147 4   0 0   1 1   2 2   3 3
30 181 4   0 0   1 1   2 2   3 3
30 133 4   0 0   1 1   2 2   3 3
30 150 4   0 0   1 1   2 2   3 3
31 80 4   0 0   1 1   2 2   3 3
31 65 4   0 0   1 1   2 2   3 3
31 51 4   0 0   1 1   2 2   3 3
31 100 4   0 0   1 1   2 2   3 3
31 148 4   0 0   1 1   2 2   3 3
31 168 4   0 0   1 1   2 2   3 3
32 38 4   0 0   1 1   2 2   3 3
32 183 4   0 0   1 1   2 2   3 3
32 103 4   0 0   1 1   2 2   3 3
32 88 4   0 0   1 1   2 2   3 3
32 174 4   0 0   1 1   2 2   3 3
34 113 4   0 0   1 1   2 2   3 3
34 136 4   0 0   1 1   2 2   3 3
34 106 4   0 0   1 1   2 2   3 3
35 167 4   0 0   1 1   2 2   3 3
35 56 4   0 0   1 1   2 2   3 3
36 64 4   0 0   1 1   2 2   3 3
36 37 4   0 0   1 1   2 2   3 3
36 165 4   0 0   1 1   2 2   3 3
36 93 4   0 0   1 1   2 2   3 3
37 165 4   0 0   1 1   2 2   3 3
38 103 4   0 0   1 1   2 2   3 3
38 174 4   0 0   1 1   2 2   3 3
38 95 4   0 0   1 1   2 2   3 3
39 174 4   0 0   1 1   2 2   3 3
40 160 4   0 0   1 1   2 2   3 3
40 83 4   0 0   1 1   2 2   3 3
40 71 4   0 0   1 1   2 2   3 3
40 169 4   0 0   1 1   2 2   3 3
40 94 4   0 0   1 1   2 2   3 3
40 127 4   0 0   1 1   2 2   3 3
41 118 4   0 0   1 1   2 2   3 3
41 136 4   0 0   1 1   2 2   3 3
41 139 4   0 0   1 1   2 2   3 3
41 63 4   0 0   1 1   2 2   3 3
42 82 4   0 0   1 1   2 2   3 3
42 179 4   0 0   1 1   2 2   3 3
42 105 4   0 0   1 1   2 2   3 3
42 61 4   0 0   1 1   2 2   3 3
42 142 4   0 0   1 1   2 2   3 3
43 177 4   0 0   1 1   2 2   3 3
43 132 4   0 0   1 1   2 2   3 3
43 70 4   0 0   1 1   2 2   3 3
43 184 4   0 0   1 1   2 2   3 3
43 107 4   0 0   1 1   2 2   3 3
43 60 4   0 0   1 1   2 2   3 3
44 64 4   0 0   1 1   2 2   3 3
44 72 4   0 0   1 1   2 2   3 3
44 78 4   0 0   1 1   2 2   3 3
44 110 4   0 0   1 1   2 2   3 3
45 52 4   0 0   1 1   2 2   3 3
45 151 4   0 0   1 1   2 2   3 3
45 152 4   0 0   1 1   2 2   3 3
45 122 4   0 0   1 1   2 2   3 3
46 145 4   0 0   1 1   2 2   3 3
46 151 4   0 0   1 1   2 2   3 3
46 90 4   0 0   1 1   2 2   3 3
47 181 4   0 0   1 1   2 2   3 3
47 133 4   0 0   1 1   2 2   3 3
48 147 4   0 0   1 1   2 2   3 3
48 85 4   0 0   1 1   2 2   3 3
48 54 4   0 0   1 1   2 2   3 3
49 130 4   0 0   1 1   2 2   3 3
49 70 4   0 0   1 1   2 2   3 3
49 57 4   0 0   1 1   2 2   3 3
49 123 4   0 0   1 1   2 2   3 3
50 132 4   0 0   1 1   2 2   3 3
50 54 4   0 0   1 1   2 2   3 3
50 60 4   0 0   1 1   2 2   3 3
51 65 4   0 0   1 1   2 2   3 3
51 102 4   0 0   1 1   2 2   3 3
51 135 4   0 0   1 1   2 2   3 3
51 168 4   0 0   1 1   2 2   3 3
51 157 4   0 0   1 1   2 2   3 3
52 80 4   0 0   1 1   2 2   3 3
52 151 4   0 0   1 1   2 2   3 3
52 87 4   0 0   1 1   2 2   3 3
52 152 4   0 0   1 1   2 2   3 3
53 165 4   0 0   1 1   2 2   3 3
53 154 4   0 0   1 1   2 2   3 3
53 170 4   0 0   1 1   2 2   3 3
54 60 4   0 0   1 1   2 2   3 3
54 126 4   0 0   1 1   2 2   3 3
55 134 4   0 0   1 1   2 2   3 3
55 135 4   0 0   1 1   2 2   3 3
55 157 4   0 0   1 1   2 2   3 3
55 143 4   0 0   1 1   2 2   3 3
56 82 4   0 0   1 1   2 2   3 3
56 137 4   0 0   1 1   2 2   3 3
57 132 4   0 0   1 1   2 2   3 3
57 123 4   0 0   1 1   2 2   3 3
58 129 4   0 0   1 1   2 2   3 3
58 66 4   0 0   1 1   2 2   3 3
58 67 4   0 0   1 1   2 2   3 3
58 164 4   0 0   1 1   2 2   3 3
58 73 4   0 0   1 1   2 2   3 3
58 138 4   0 0   1 1   2 2   3 3
59 144 4   0 0   1 1   2 2   3 3
59 161 4   0 0   1 1   2 2   3 3
59 131 4   0 0   1 1   2 2   3 3
59 155 4   0 0   1 1   2 2   3 3
59 77 4   0 0   1 1   2 2   3 3
60 177 4   0 0   1 1   2 2   3 3
60 132 4   0 0   1 1   2 2   3 3
60 126 4   0 0   1 1   2 2   3 3
61 179 4   0 0   1 1   2 2   3 3
61 116 4   0 0   1 1   2 2   3 3
61 172 4   0 0   1 1   2 2   3 3
61 142 4   0 0   1 1   2 2   3 3
62 99 4   0 0   1 1   2 2   3 3
62 84 4   0 0   1 1   2 2   3 3
62 86 4   0 0   1 1   2 2   3 3
63 145 4   0 0   1 1   2 2   3 3
63 114 4   0 0   1 1   2 2   3 3
63 163 4   0 0   1 1   2 2   3 3
63 118 4   0 0   1 1   2 2   3 3
63 74 4   0 0   1 1   2 2   3 3
63 109 4   0 0   1 1   2 2   3 3
64 69 4   0 0   1 1   2 2   3 3
64 88 4   0 0   1 1   2 2   3 3
64 93 4   0 0   1 1   2 2   3 3
64 95 4   0 0   1 1   2 2   3 3
65 80 4   0 0   1 1   2 2   3 3
65 152 4   0 0   1 1   2 2   3 3
66 129 4   0 0   1 1   2 2   3 3
66 180 4   0 0   1 1   2 2   3 3
66 86 4   0 0   1 1   2 2   3 3
66 119 4   0 0   1 1   2 2   3 3
66 138 4   0 0   1 1   2 2   3 3
67 164 4   0 0   1 1   2 2   3 3
67 138 4   0 0   1 1   2 2   3 3
68 177 4   0 0   1 1   2 2   3 3
68 84 4   0 0   1 1   2 2   3 3
68 141 4   0 0   1 1   2 2   3 3
69 103 4   0 0   1 1   2 2   3 3
69 88 4   0 0   1 1   2 2   3 3
69 95 4   0 0   1 1   2 2   3 3
70 130 4   0 0   1 1   2 2   3 3
70 184 4   0 0   1 1   2 2   3 3
70 123 4   0 0   1 1   2 2   3 3
71 96 4   0 0   1 1   2 2   3 3
71 112 4   0 0   1 1   2 2   3 3
71 160 4   0 0   1 1   2 2   3 3
71 97 4   0 0   1 1   2 2   3 3
71 175 4   0 0   1 1   2 2   3 3
71 127 4   0 0   1 1   2 2   3 3
72 176 4   0 0   1 1   2 2   3 3
72 144 4   0 0   1 1   2 2   3 3
72 98 4   0 0   1 1   2 2   3 3
72 155 4   0 0   1 1   2 2   3 3
72 78 4   0 0   1 1   2 2   3 3
72 110 4   0 0   1 1   2 2   3 3
73 129 4   0 0   1 1   2 2   3 3
73 164 4   0 0   1 1   2 2   3 3
73 79 4   0 0   1 1   2 2   3 3
74 114 4   0 0   1 1   2 2   3 3
74 118 4   0 0   1 1   2 2   3 3
75 146 4   0 0   1 1   2 2   3 3
75 108 4   0 0   1 1   2 2   3 3
75 175 4   0 0   1 1   2 2   3 3
76 149 4   0 0   1 1   2 2   3 3
76 183 4   0 0   1 1   2 2   3 3
76 88 4   0 0   1 1   2 2   3 3
77 161 4   0 0   1 1   2 2   3 3
77 131 4   0 0   1 1   2 2   3 3
77 138 4   0 0   1 1   2 2   3 3
77 91 4   0 0   1 1   2 2   3 3
77 159 4   0 0   1 1   2 2   3 3
78 155 4   0 0   1 1   2 2   3 3
79 128 4   0 0   1 1   2 2   3 3
79 129 4   0 0   1 1   2 2   3 3
79 178 4   0 0   1 1   2 2   3 3
79 163 4   0 0   1 1   2 2   3 3
79 164 4   0 0   1 1   2 2   3 3
79 102 4   0 0   1 1   2 2   3 3
80 100 4   0 0   1 1   2 2   3 3
80 87 4   0 0   1 1   2 2   3 3
80 152 4   0 0   1 1   2 2   3 3
81 162 4   0 0   1 1   2 2   3 3
81 89 4   0 0   1 1   2 2   3 3
81 124 4   0 0   1 1   2 2   3 3
81 92 4   0 0   1 1   2 2   3 3
82 179 4   0 0   1 1   2 2   3 3
82 137 4   0 0   1 1   2 2   3 3
82 105 4   0 0   1 1   2 2   3 3
82 94 4   0 0   1 1   2 2   3 3
82 159 4   0 0   1 1   2 2   3 3
83 169 4   0 0   1 1   2 2   3 3
83 91 4   0 0   1 1   2 2   3 3
84 177 4   0 0   1 1   2 2   3 3
84 134 4   0 0   1 1   2 2   3 3
84 143 4   0 0   1 1   2 2   3 3
85 147 4   0 0   1 1   2 2   3 3
85 120 4   0 0   1 1   2 2   3 3
85 121 4   0 0   1 1   2 2   3 3
85 141 4   0 0   1 1   2 2   3 3
86 129 4   0 0   1 1   2 2   3 3
86 180 4   0 0   1 1   2 2   3 3
87 130 4   0 0   1 1   2 2   3 3
87 100 4   0 0   1 1   2 2   3 3
88 183 4   0 0   1 1   2 2   3 3
88 103 4   0 0   1 1   2 2   3 3
89 124 4   0 0   1 1   2 2   3 3
89 173 4   0 0   1 1   2 2   3 3
90 151 4   0 0   1 1   2 2   3 3
91 138 4   0 0   1 1   2 2   3 3
91 159 4   0 0   1 1   2 2   3 3
92 162 4   0 0   1 1   2 2   3 3
92 179 4   0 0   1 1   2 2   3 3
92 116 4   0 0   1 1   2 2   3 3
92 153 4   0 0   1 1   2 2   3 3
94 96 4   0 0   1 1   2 2   3 3
94 160 4   0 0   1 1   2 2   3 3
94 137 4   0 0   1 1   2 2   3 3
94 125 4   0 0   1 1   2 2   3 3
94 159 4   0 0   1 1   2 2   3 3
95 103 4   0 0   1 1   2 2   3 3
96 160 4   0 0   1 1   2 2   3 3
96 112 4   0 0   1 1   2 2   3 3
96 101 4   0 0   1 1   2 2   3 3
96 125 4   0 0   1 1   2 2   3 3
97 178 4   0 0   1 1   2 2   3 3
97 164 4   0 0   1 1   2 2   3 3
97 182 4   0 0   1 1   2 2   3 3
97 175 4   0 0   1 1   2 2   3 3
98 176 4   0 0   1 1   2 2   3 3
98 115 4   0 0   1 1   2 2   3 3
98 119 4   0 0   1 1   2 2   3 3
98 138 4   0 0   1 1   2 2   3 3
98 110 4   0 0   1 1   2 2   3 3
100 130 4   0 0   1 1   2 2   3 3
100 148 4   0 0   1 1   2 2   3 3
100 166 4   0 0   1 1   2 2   3 3
100 104 4   0 0   1 1   2 2   3 3
101 112 4   0 0   1 1   2 2   3 3
101 140 4   0 0   1 1   2 2   3 3
101 125 4   0 0   1 1   2 2   3 3
102 128 4   0 0   1 1   2 2   3 3
102 129 4   0 0   1 1   2 2   3 3
102 163 4   0 0   1 1   2 2   3 3
102 157 4   0 0   1 1   2 2   3 3
104 130 4   0 0   1 1   2 2   3 3
104 166 4   0 0   1 1   2 2   3 3
104 111 4   0 0   1 1   2 2   3 3
105 131 4   0 0   1 1   2 2   3 3
105 142 4   0 0   1 1   2 2   3 3
105 159 4   0 0   1 1   2 2   3 3
106 114 4   0 0   1 1   2 2   3 3
106 136 4   0 0   1 1   2 2   3 3
106 139 4   0 0   1 1   2 2   3 3
107 177 4   0 0   1 1   2 2   3 3
107 166 4   0 0   1 1   2 2   3 3
107 168 4   0 0   1 1   2 2   3 3
107 184 4   0 0   1 1   2 2   3 3
107 111 4   0 0   1 1   2 2   3 3
108 113 4   0 0   1 1   2 2   3 3
108 146 4   0 0   1 1   2 2   3 3
108 171 4   0 0   1 1   2 2   3 3
109 145 4   0 0   1 1   2 2   3 3
109 163 4   0 0   1 1   2 2   3 3
109 158 4   0 0   1 1   2 2   3 3
111 130 4   0 0   1 1   2 2   3 3
111 166 4   0 0   1 1   2 2   3 3
111 184 4   0 0   1 1   2 2   3 3
112 140 4   0 0   1 1   2 2   3 3
112 125 4   0 0   1 1   2 2   3 3
112 175 4   0 0   1 1   2 2   3 3
113 171 4   0 0   1 1   2 2   3 3
114 118 4   0 0   1 1   2 2   3 3
114 139 4   0 0   1 1   2 2   3 3
115 144 4   0 0   1 1   2 2   3 3
115 176 4   0 0   1 1   2 2   3 3
115 138 4   0 0   1 1   2 2   3 3
116 162 4   0 0   1 1   2 2   3 3
116 179 4   0 0   1 1   2 2   3 3
116 172 4   0 0   1 1   2 2   3 3
117 147 4   0 0   1 1   2 2   3 3
117 165 4   0 0   1 1   2 2   3 3
117 150 4   0 0   1 1   2 2   3 3
117 154 4   0 0   1 1   2 2   3 3
118 139 4   0 0   1 1   2 2   3 3
119 138 4   0 0   1 1   2 2   3 3
120 177 4   0 0   1 1   2 2   3 3
120 141 4   0 0   1 1   2 2   3 3
121 147 4   0 0   1 1   2 2   3 3
121 141 4   0 0   1 1   2 2   3 3
122 145 4   0 0   1 1   2 2   3 3
122 151 4   0 0   1 1   2 2   3 3
123 132 4   0 0   1 1   2 2   3 3
124 167 4   0 0   1 1   2 2   3 3
124 153 4   0 0   1 1   2 2   3 3
124 173 4   0 0   1 1   2 2   3 3
125 146 4   0 0   1 1   2 2   3 3
125 137 4   0 0   1 1   2 2   3 3
125 175 4   0 0   1 1   2 2   3 3
126 177 4   0 0   1 1   2 2   3 3
127 160 4   0 0   1 1   2 2   3 3
128 129 4   0 0   1 1   2 2   3 3
130 184 4   0 0   1 1   2 2   3 3
131 149 4   0 0   1 1   2 2   3 3
131 155 4   0 0   1 1   2 2   3 3
131 142 4   0 0   1 1   2 2   3 3
131 159 4   0 0   1 1   2 2   3 3
133 180 4   0 0   1 1   2 2   3 3
133 181 4   0 0   1 1   2 2   3 3
134 143 4   0 0   1 1   2 2   3 3
135 168 4   0 0   1 1   2 2   3 3
135 157 4   0 0   1 1   2 2   3 3
135 143 4   0 0   1 1   2 2   3 3
136 139 4   0 0   1 1   2 2   3 3
137 146 4   0 0   1 1   2 2   3 3
138 144 4   0 0   1 1   2 2   3 3
138 161 4   0 0   1 1   2 2   3 3
138 164 4   0 0   1 1   2 2   3 3
141 177 4   0 0   1 1   2 2   3 3
143 177 4   0 0   1 1   2 2   3 3
143 168 4   0 0   1 1   2 2   3 3
144 176 4   0 0   1 1   2 2   3 3
144 161 4   0 0   1 1   2 2   3 3
144 155 4   0 0   1 1   2 2   3 3
145 158 4   0 0   1 1   2 2   3 3
146 171 4   0 0   1 1   2 2   3 3
146 175 4   0 0   1 1   2 2   3 3
147 150 4   0 0   1 1   2 2   3 3
147 154 4   0 0   1 1   2 2   3 3
147 156 4   0 0   1 1   2 2   3 3
148 166 4   0 0   1 1   2 2   3 3
149 155 4   0 0   1 1   2 2   3 3
153 179 4   0 0   1 1   2 2   3 3
153 167 4   0 0   1 1   2 2   3 3
154 165 4   0 0   1 1   2 2   3 3
156 170 4   0 0   1 1   2 2   3 3
158 163 4   0 0   1 1   2 2   3 3
162 172 4   0 0   1 1   2 2   3 3
163 178 4   0 0   1 1   2 2   3 3
163 175 4   0 0   1 1   2 2   3 3
164 178 4   0 0   1 1   2 2   3 3
164 169 4   0 0   1 1   2 2   3 3
167 179 4   0 0   1 1   2 2   3 3
168 177 4   0 0   1 1   2 2   3 3
175 178 4   0 0   1 1   2 2   3 3
175 182 4   0 0   1 1   2 2   3 3
178 182 4   0 0   1 1   2 2   3 3
