187
1 2
2 3
3 3
4 2
5 0
6 3
7 2
8 3
9 1
10 1
11 3
12 1
13 0
14 1
15 3
16 3
17 3
18 2
19 2
20 1
21 1
22 0
23 3
24 1
25 0
26 3
27 3
28 2
29 1
30 1
31 1
32 3
33 0
34 1
35 2
36 3
37 1
38 2
39 2
40 0
41 2
42 3
43 3
44 1
45 0
46 0
47 3
48 0
49 2
50 3
51 3
52 2
53 2
54 1
55 3
56 1
57 1
58 0
59 3
60 2
61 3
62 3
63 2
64 3
65 3
66 2
67 3
68 0
69 3
70 3
71 0
72 2
73 0
74 2
75 2
76 1
77 2
78 1
79 1
80 0
81 3
82 1
83 2
84 0
85 2
86 2
87 1
88 3
89 3
90 2
91 0
92 2
93 3
94 2
95 0
96 0
97 3
98 2
99 3
100 1
101 2
102 0
103 1
104 3
105 0
106 3
107 0
108 1
109 3
110 1
111 0
112 2
113 3
114 1
115 1
116 1
117 1
118 1
119 2
120 1
121 1
122 1
123 3
124 2
125 0
126 0
127 2
128 1
129 3
130 2
131 3
132 0
133 0
134 2
135 2
136 3
137 3
138 0
139 2
140 2
141 0
142 0
143 2
144 0
145 2
146 0
147 2
148 1
149 2
150 3
151 2
152 0
153 3
154 0
155 0
156 1
157 2
158 2
159 0
160 2
161 2
162 1
163 2
164 3
165 1
166 1
167 1
168 3
169 3
170 0
171 2
172 1
173 3
174 0
175 0
176 0
177 0
178 3
179 1
180 3
181 1
182 0
183 0
184 0
185 1
186 0
187 2
