188
1 4 0 1 2 3
2 4 0 1 2 3
3 4 0 1 2 3
4 4 0 1 2 3
5 4 0 1 2 3
6 4 0 1 2 3
7 4 0 1 2 3
8 4 0 1 2 3
9 4 0 1 2 3
10 4 0 1 2 3
11 4 0 1 2 3
12 4 0 1 2 3
13 4 0 1 2 3
14 4 0 1 2 3
15 4 0 1 2 3
16 4 0 1 2 3
17 4 0 1 2 3
18 4 0 1 2 3
19 4 0 1 2 3
20 4 0 1 2 3
21 4 0 1 2 3
22 4 0 1 2 3
23 4 0 1 2 3
24 4 0 1 2 3
25 4 0 1 2 3
26 4 0 1 2 3
27 4 0 1 2 3
28 4 0 1 2 3
29 4 0 1 2 3
30 4 0 1 2 3
31 4 0 1 2 3
32 4 0 1 2 3
33 4 0 1 2 3
34 4 0 1 2 3
35 4 0 1 2 3
36 4 0 1 2 3
37 4 0 1 2 3
38 4 0 1 2 3
39 4 0 1 2 3
40 4 0 1 2 3
41 4 0 1 2 3
42 4 0 1 2 3
43 4 0 1 2 3
44 4 0 1 2 3
45 4 0 1 2 3
46 4 0 1 2 3
47 4 0 1 2 3
48 4 0 1 2 3
49 4 0 1 2 3
50 4 0 1 2 3
51 4 0 1 2 3
52 4 0 1 2 3
53 4 0 1 2 3
54 4 0 1 2 3
55 4 0 1 2 3
56 4 0 1 2 3
57 4 0 1 2 3
58 4 0 1 2 3
59 4 0 1 2 3
60 4 0 1 2 3
61 4 0 1 2 3
62 4 0 1 2 3
63 4 0 1 2 3
64 4 0 1 2 3
65 4 0 1 2 3
66 4 0 1 2 3
67 4 0 1 2 3
68 4 0 1 2 3
69 4 0 1 2 3
70 4 0 1 2 3
71 4 0 1 2 3
72 4 0 1 2 3
73 4 0 1 2 3
74 4 0 1 2 3
75 4 0 1 2 3
76 4 0 1 2 3
77 4 0 1 2 3
78 4 0 1 2 3
79 4 0 1 2 3
80 4 0 1 2 3
81 4 0 1 2 3
82 4 0 1 2 3
83 4 0 1 2 3
84 4 0 1 2 3
85 4 0 1 2 3
86 4 0 1 2 3
87 4 0 1 2 3
88 4 0 1 2 3
89 4 0 1 2 3
90 4 0 1 2 3
91 4 0 1 2 3
92 4 0 1 2 3
93 4 0 1 2 3
94 4 0 1 2 3
95 4 0 1 2 3
96 4 0 1 2 3
97 4 0 1 2 3
98 4 0 1 2 3
99 4 0 1 2 3
100 4 0 1 2 3
101 4 0 1 2 3
102 4 0 1 2 3
103 4 0 1 2 3
104 4 0 1 2 3
105 4 0 1 2 3
106 4 0 1 2 3
107 4 0 1 2 3
108 4 0 1 2 3
109 4 0 1 2 3
110 4 0 1 2 3
111 4 0 1 2 3
112 4 0 1 2 3
113 4 0 1 2 3
114 4 0 1 2 3
115 4 0 1 2 3
116 4 0 1 2 3
117 4 0 1 2 3
118 4 0 1 2 3
119 4 0 1 2 3
120 4 0 1 2 3
121 4 0 1 2 3
122 4 0 1 2 3
123 4 0 1 2 3
124 4 0 1 2 3
125 4 0 1 2 3
126 4 0 1 2 3
127 4 0 1 2 3
128 4 0 1 2 3
129 4 0 1 2 3
130 4 0 1 2 3
131 4 0 1 2 3
132 4 0 1 2 3
133 4 0 1 2 3
134 4 0 1 2 3
135 4 0 1 2 3
136 4 0 1 2 3
137 4 0 1 2 3
138 4 0 1 2 3
139 4 0 1 2 3
140 4 0 1 2 3
141 4 0 1 2 3
142 4 0 1 2 3
143 4 0 1 2 3
144 4 0 1 2 3
145 4 0 1 2 3
146 4 0 1 2 3
147 4 0 1 2 3
148 4 0 1 2 3
149 4 0 1 2 3
150 4 0 1 2 3
151 4 0 1 2 3
152 4 0 1 2 3
153 4 0 1 2 3
154 4 0 1 2 3
155 4 0 1 2 3
156 4 0 1 2 3
157 4 0 1 2 3
158 4 0 1 2 3
159 4 0 1 2 3
160 4 0 1 2 3
161 4 0 1 2 3
162 4 0 1 2 3
163 4 0 1 2 3
164 4 0 1 2 3
165 4 0 1 2 3
166 4 0 1 2 3
167 4 0 1 2 3
168 4 0 1 2 3
169 4 0 1 2 3
170 4 0 1 2 3
171 4 0 1 2 3
172 4 0 1 2 3
173 4 0 1 2 3
174 4 0 1 2 3
175 4 0 1 2 3
176 4 0 1 2 3
177 4 0 1 2 3
178 4 0 1 2 3
179 4 0 1 2 3
180 4 0 1 2 3
181 4 0 1 2 3
182 4 0 1 2 3
183 4 0 1 2 3
184 4 0 1 2 3
185 4 0 1 2 3
186 4 0 1 2 3
187 4 0 1 2 3
188 4 0 1 2 3
519
1 97 4   0 0   1 1   2 2   3 3
1 18 4   0 0   1 1   2 2   3 3
1 169 4   0 0   1 1   2 2   3 3
1 138 4   0 0   1 1   2 2   3 3
1 43 4   0 0   1 1   2 2   3 3
1 60 4   0 0   1 1   2 2   3 3
1 13 4   0 0   1 1   2 2   3 3
1 47 4   0 0   1 1   2 2   3 3
2 179 4   0 0   1 1   2 2   3 3
2 137 4   0 0   1 1   2 2   3 3
3 131 4   0 0   1 1   2 2   3 3
3 22 4   0 0   1 1   2 2   3 3
3 135 4   0 0   1 1   2 2   3 3
3 55 4   0 0   1 1   2 2   3 3
3 157 4   0 0   1 1   2 2   3 3
4 6 4   0 0   1 1   2 2   3 3
4 167 4   0 0   1 1   2 2   3 3
4 120 4   0 0   1 1   2 2   3 3
4 187 4   0 0   1 1   2 2   3 3
5 144 4   0 0   1 1   2 2   3 3
5 16 4   0 0   1 1   2 2   3 3
5 96 4   0 0   1 1   2 2   3 3
5 35 4   0 0   1 1   2 2   3 3
5 100 4   0 0   1 1   2 2   3 3
5 24 4   0 0   1 1   2 2   3 3
5 56 4   0 0   1 1   2 2   3 3
6 167 4   0 0   1 1   2 2   3 3
6 119 4   0 0   1 1   2 2   3 3
6 120 4   0 0   1 1   2 2   3 3
6 122 4   0 0   1 1   2 2   3 3
7 64 4   0 0   1 1   2 2   3 3
7 113 4   0 0   1 1   2 2   3 3
7 82 4   0 0   1 1   2 2   3 3
7 115 4   0 0   1 1   2 2   3 3
7 148 4   0 0   1 1   2 2   3 3
7 90 4   0 0   1 1   2 2   3 3
8 144 4   0 0   1 1   2 2   3 3
8 162 4   0 0   1 1   2 2   3 3
8 24 4   0 0   1 1   2 2   3 3
9 96 4   0 0   1 1   2 2   3 3
9 163 4   0 0   1 1   2 2   3 3
9 167 4   0 0   1 1   2 2   3 3
9 104 4   0 0   1 1   2 2   3 3
9 122 4   0 0   1 1   2 2   3 3
9 142 4   0 0   1 1   2 2   3 3
10 87 4   0 0   1 1   2 2   3 3
10 107 4   0 0   1 1   2 2   3 3
10 175 4   0 0   1 1   2 2   3 3
11 146 4   0 0   1 1   2 2   3 3
11 100 4   0 0   1 1   2 2   3 3
11 134 4   0 0   1 1   2 2   3 3
11 56 4   0 0   1 1   2 2   3 3
11 123 4   0 0   1 1   2 2   3 3
11 107 4   0 0   1 1   2 2   3 3
11 45 4   0 0   1 1   2 2   3 3
11 125 4   0 0   1 1   2 2   3 3
11 142 4   0 0   1 1   2 2   3 3
11 110 4   0 0   1 1   2 2   3 3
12 97 4   0 0   1 1   2 2   3 3
12 18 4   0 0   1 1   2 2   3 3
12 20 4   0 0   1 1   2 2   3 3
12 89 4   0 0   1 1   2 2   3 3
12 105 4   0 0   1 1   2 2   3 3
12 155 4   0 0   1 1   2 2   3 3
12 13 4   0 0   1 1   2 2   3 3
12 30 4   0 0   1 1   2 2   3 3
13 18 4   0 0   1 1   2 2   3 3
13 86 4   0 0   1 1   2 2   3 3
13 169 4   0 0   1 1   2 2   3 3
13 138 4   0 0   1 1   2 2   3 3
13 30 4   0 0   1 1   2 2   3 3
13 111 4   0 0   1 1   2 2   3 3
14 80 4   0 0   1 1   2 2   3 3
14 99 4   0 0   1 1   2 2   3 3
14 116 4   0 0   1 1   2 2   3 3
14 140 4   0 0   1 1   2 2   3 3
15 130 4   0 0   1 1   2 2   3 3
15 114 4   0 0   1 1   2 2   3 3
15 104 4   0 0   1 1   2 2   3 3
15 46 4   0 0   1 1   2 2   3 3
16 48 4   0 0   1 1   2 2   3 3
16 38 4   0 0   1 1   2 2   3 3
16 24 4   0 0   1 1   2 2   3 3
16 56 4   0 0   1 1   2 2   3 3
16 27 4   0 0   1 1   2 2   3 3
16 110 4   0 0   1 1   2 2   3 3
17 49 4   0 0   1 1   2 2   3 3
17 34 4   0 0   1 1   2 2   3 3
17 84 4   0 0   1 1   2 2   3 3
17 22 4   0 0   1 1   2 2   3 3
17 55 4   0 0   1 1   2 2   3 3
17 153 4   0 0   1 1   2 2   3 3
17 186 4   0 0   1 1   2 2   3 3
17 157 4   0 0   1 1   2 2   3 3
17 79 4   0 0   1 1   2 2   3 3
18 97 4   0 0   1 1   2 2   3 3
19 48 4   0 0   1 1   2 2   3 3
19 33 4   0 0   1 1   2 2   3 3
19 23 4   0 0   1 1   2 2   3 3
19 27 4   0 0   1 1   2 2   3 3
19 63 4   0 0   1 1   2 2   3 3
20 151 4   0 0   1 1   2 2   3 3
20 89 4   0 0   1 1   2 2   3 3
20 141 4   0 0   1 1   2 2   3 3
20 30 4   0 0   1 1   2 2   3 3
21 83 4   0 0   1 1   2 2   3 3
21 151 4   0 0   1 1   2 2   3 3
21 25 4   0 0   1 1   2 2   3 3
21 111 4   0 0   1 1   2 2   3 3
22 131 4   0 0   1 1   2 2   3 3
22 84 4   0 0   1 1   2 2   3 3
22 186 4   0 0   1 1   2 2   3 3
22 157 4   0 0   1 1   2 2   3 3
23 33 4   0 0   1 1   2 2   3 3
23 149 4   0 0   1 1   2 2   3 3
23 26 4   0 0   1 1   2 2   3 3
23 63 4   0 0   1 1   2 2   3 3
24 144 4   0 0   1 1   2 2   3 3
24 162 4   0 0   1 1   2 2   3 3
24 37 4   0 0   1 1   2 2   3 3
24 27 4   0 0   1 1   2 2   3 3
24 59 4   0 0   1 1   2 2   3 3
24 79 4   0 0   1 1   2 2   3 3
25 83 4   0 0   1 1   2 2   3 3
25 53 4   0 0   1 1   2 2   3 3
25 151 4   0 0   1 1   2 2   3 3
25 173 4   0 0   1 1   2 2   3 3
25 127 4   0 0   1 1   2 2   3 3
26 33 4   0 0   1 1   2 2   3 3
26 66 4   0 0   1 1   2 2   3 3
26 149 4   0 0   1 1   2 2   3 3
26 27 4   0 0   1 1   2 2   3 3
26 143 4   0 0   1 1   2 2   3 3
27 48 4   0 0   1 1   2 2   3 3
27 33 4   0 0   1 1   2 2   3 3
27 66 4   0 0   1 1   2 2   3 3
27 59 4   0 0   1 1   2 2   3 3
28 102 4   0 0   1 1   2 2   3 3
28 103 4   0 0   1 1   2 2   3 3
28 74 4   0 0   1 1   2 2   3 3
28 187 4   0 0   1 1   2 2   3 3
29 36 4   0 0   1 1   2 2   3 3
29 150 4   0 0   1 1   2 2   3 3
29 107 4   0 0   1 1   2 2   3 3
29 125 4   0 0   1 1   2 2   3 3
30 151 4   0 0   1 1   2 2   3 3
30 111 4   0 0   1 1   2 2   3 3
31 179 4   0 0   1 1   2 2   3 3
31 150 4   0 0   1 1   2 2   3 3
31 154 4   0 0   1 1   2 2   3 3
32 34 4   0 0   1 1   2 2   3 3
32 68 4   0 0   1 1   2 2   3 3
32 133 4   0 0   1 1   2 2   3 3
32 55 4   0 0   1 1   2 2   3 3
32 93 4   0 0   1 1   2 2   3 3
34 133 4   0 0   1 1   2 2   3 3
34 37 4   0 0   1 1   2 2   3 3
34 55 4   0 0   1 1   2 2   3 3
34 79 4   0 0   1 1   2 2   3 3
35 144 4   0 0   1 1   2 2   3 3
35 96 4   0 0   1 1   2 2   3 3
35 85 4   0 0   1 1   2 2   3 3
35 70 4   0 0   1 1   2 2   3 3
35 124 4   0 0   1 1   2 2   3 3
36 116 4   0 0   1 1   2 2   3 3
36 87 4   0 0   1 1   2 2   3 3
36 107 4   0 0   1 1   2 2   3 3
37 176 4   0 0   1 1   2 2   3 3
37 161 4   0 0   1 1   2 2   3 3
37 66 4   0 0   1 1   2 2   3 3
37 133 4   0 0   1 1   2 2   3 3
37 59 4   0 0   1 1   2 2   3 3
37 171 4   0 0   1 1   2 2   3 3
37 126 4   0 0   1 1   2 2   3 3
37 79 4   0 0   1 1   2 2   3 3
38 48 4   0 0   1 1   2 2   3 3
38 166 4   0 0   1 1   2 2   3 3
38 77 4   0 0   1 1   2 2   3 3
38 110 4   0 0   1 1   2 2   3 3
38 174 4   0 0   1 1   2 2   3 3
39 160 4   0 0   1 1   2 2   3 3
39 132 4   0 0   1 1   2 2   3 3
39 78 4   0 0   1 1   2 2   3 3
40 112 4   0 0   1 1   2 2   3 3
40 64 4   0 0   1 1   2 2   3 3
40 145 4   0 0   1 1   2 2   3 3
40 81 4   0 0   1 1   2 2   3 3
40 68 4   0 0   1 1   2 2   3 3
40 121 4   0 0   1 1   2 2   3 3
40 58 4   0 0   1 1   2 2   3 3
41 160 4   0 0   1 1   2 2   3 3
41 132 4   0 0   1 1   2 2   3 3
41 118 4   0 0   1 1   2 2   3 3
41 74 4   0 0   1 1   2 2   3 3
41 139 4   0 0   1 1   2 2   3 3
41 108 4   0 0   1 1   2 2   3 3
42 81 4   0 0   1 1   2 2   3 3
42 148 4   0 0   1 1   2 2   3 3
42 182 4   0 0   1 1   2 2   3 3
42 105 4   0 0   1 1   2 2   3 3
42 89 4   0 0   1 1   2 2   3 3
43 97 4   0 0   1 1   2 2   3 3
43 60 4   0 0   1 1   2 2   3 3
43 61 4   0 0   1 1   2 2   3 3
43 143 4   0 0   1 1   2 2   3 3
43 47 4   0 0   1 1   2 2   3 3
44 128 4   0 0   1 1   2 2   3 3
44 178 4   0 0   1 1   2 2   3 3
44 137 4   0 0   1 1   2 2   3 3
45 123 4   0 0   1 1   2 2   3 3
45 142 4   0 0   1 1   2 2   3 3
46 130 4   0 0   1 1   2 2   3 3
46 102 4   0 0   1 1   2 2   3 3
46 167 4   0 0   1 1   2 2   3 3
46 104 4   0 0   1 1   2 2   3 3
46 187 4   0 0   1 1   2 2   3 3
47 60 4   0 0   1 1   2 2   3 3
48 174 4   0 0   1 1   2 2   3 3
48 63 4   0 0   1 1   2 2   3 3
49 129 4   0 0   1 1   2 2   3 3
49 69 4   0 0   1 1   2 2   3 3
49 153 4   0 0   1 1   2 2   3 3
49 159 4   0 0   1 1   2 2   3 3
49 79 4   0 0   1 1   2 2   3 3
50 177 4   0 0   1 1   2 2   3 3
50 99 4   0 0   1 1   2 2   3 3
50 92 4   0 0   1 1   2 2   3 3
50 140 4   0 0   1 1   2 2   3 3
50 77 4   0 0   1 1   2 2   3 3
50 94 4   0 0   1 1   2 2   3 3
50 175 4   0 0   1 1   2 2   3 3
51 118 4   0 0   1 1   2 2   3 3
51 70 4   0 0   1 1   2 2   3 3
51 71 4   0 0   1 1   2 2   3 3
51 88 4   0 0   1 1   2 2   3 3
52 185 4   0 0   1 1   2 2   3 3
52 57 4   0 0   1 1   2 2   3 3
52 76 4   0 0   1 1   2 2   3 3
52 156 4   0 0   1 1   2 2   3 3
52 77 4   0 0   1 1   2 2   3 3
52 174 4   0 0   1 1   2 2   3 3
52 63 4   0 0   1 1   2 2   3 3
53 83 4   0 0   1 1   2 2   3 3
53 86 4   0 0   1 1   2 2   3 3
53 127 4   0 0   1 1   2 2   3 3
53 111 4   0 0   1 1   2 2   3 3
54 67 4   0 0   1 1   2 2   3 3
54 132 4   0 0   1 1   2 2   3 3
54 180 4   0 0   1 1   2 2   3 3
54 69 4   0 0   1 1   2 2   3 3
54 71 4   0 0   1 1   2 2   3 3
54 159 4   0 0   1 1   2 2   3 3
55 135 4   0 0   1 1   2 2   3 3
55 93 4   0 0   1 1   2 2   3 3
55 157 4   0 0   1 1   2 2   3 3
56 100 4   0 0   1 1   2 2   3 3
56 110 4   0 0   1 1   2 2   3 3
57 174 4   0 0   1 1   2 2   3 3
57 63 4   0 0   1 1   2 2   3 3
58 112 4   0 0   1 1   2 2   3 3
58 181 4   0 0   1 1   2 2   3 3
58 121 4   0 0   1 1   2 2   3 3
59 66 4   0 0   1 1   2 2   3 3
59 170 4   0 0   1 1   2 2   3 3
60 149 4   0 0   1 1   2 2   3 3
60 169 4   0 0   1 1   2 2   3 3
60 143 4   0 0   1 1   2 2   3 3
61 97 4   0 0   1 1   2 2   3 3
61 143 4   0 0   1 1   2 2   3 3
62 162 4   0 0   1 1   2 2   3 3
62 180 4   0 0   1 1   2 2   3 3
62 69 4   0 0   1 1   2 2   3 3
62 73 4   0 0   1 1   2 2   3 3
63 149 4   0 0   1 1   2 2   3 3
63 185 4   0 0   1 1   2 2   3 3
63 174 4   0 0   1 1   2 2   3 3
64 81 4   0 0   1 1   2 2   3 3
64 68 4   0 0   1 1   2 2   3 3
64 148 4   0 0   1 1   2 2   3 3
64 168 4   0 0   1 1   2 2   3 3
64 90 4   0 0   1 1   2 2   3 3
65 98 4   0 0   1 1   2 2   3 3
65 181 4   0 0   1 1   2 2   3 3
65 121 4   0 0   1 1   2 2   3 3
66 170 4   0 0   1 1   2 2   3 3
66 126 4   0 0   1 1   2 2   3 3
66 143 4   0 0   1 1   2 2   3 3
67 180 4   0 0   1 1   2 2   3 3
67 85 4   0 0   1 1   2 2   3 3
67 71 4   0 0   1 1   2 2   3 3
67 184 4   0 0   1 1   2 2   3 3
68 145 4   0 0   1 1   2 2   3 3
68 113 4   0 0   1 1   2 2   3 3
68 133 4   0 0   1 1   2 2   3 3
68 168 4   0 0   1 1   2 2   3 3
68 93 4   0 0   1 1   2 2   3 3
69 162 4   0 0   1 1   2 2   3 3
69 180 4   0 0   1 1   2 2   3 3
69 159 4   0 0   1 1   2 2   3 3
69 79 4   0 0   1 1   2 2   3 3
70 96 4   0 0   1 1   2 2   3 3
70 114 4   0 0   1 1   2 2   3 3
70 85 4   0 0   1 1   2 2   3 3
70 71 4   0 0   1 1   2 2   3 3
70 184 4   0 0   1 1   2 2   3 3
70 88 4   0 0   1 1   2 2   3 3
70 104 4   0 0   1 1   2 2   3 3
71 132 4   0 0   1 1   2 2   3 3
71 118 4   0 0   1 1   2 2   3 3
71 184 4   0 0   1 1   2 2   3 3
72 86 4   0 0   1 1   2 2   3 3
72 152 4   0 0   1 1   2 2   3 3
72 136 4   0 0   1 1   2 2   3 3
72 169 4   0 0   1 1   2 2   3 3
72 156 4   0 0   1 1   2 2   3 3
72 127 4   0 0   1 1   2 2   3 3
73 162 4   0 0   1 1   2 2   3 3
73 180 4   0 0   1 1   2 2   3 3
73 124 4   0 0   1 1   2 2   3 3
73 172 4   0 0   1 1   2 2   3 3
74 118 4   0 0   1 1   2 2   3 3
74 102 4   0 0   1 1   2 2   3 3
74 103 4   0 0   1 1   2 2   3 3
74 88 4   0 0   1 1   2 2   3 3
74 108 4   0 0   1 1   2 2   3 3
75 129 4   0 0   1 1   2 2   3 3
75 101 4   0 0   1 1   2 2   3 3
75 165 4   0 0   1 1   2 2   3 3
75 153 4   0 0   1 1   2 2   3 3
75 186 4   0 0   1 1   2 2   3 3
75 91 4   0 0   1 1   2 2   3 3
75 188 4   0 0   1 1   2 2   3 3
76 156 4   0 0   1 1   2 2   3 3
76 140 4   0 0   1 1   2 2   3 3
76 77 4   0 0   1 1   2 2   3 3
76 94 4   0 0   1 1   2 2   3 3
77 177 4   0 0   1 1   2 2   3 3
77 146 4   0 0   1 1   2 2   3 3
77 166 4   0 0   1 1   2 2   3 3
77 92 4   0 0   1 1   2 2   3 3
77 174 4   0 0   1 1   2 2   3 3
77 94 4   0 0   1 1   2 2   3 3
78 160 4   0 0   1 1   2 2   3 3
78 129 4   0 0   1 1   2 2   3 3
78 132 4   0 0   1 1   2 2   3 3
78 91 4   0 0   1 1   2 2   3 3
78 108 4   0 0   1 1   2 2   3 3
78 95 4   0 0   1 1   2 2   3 3
79 162 4   0 0   1 1   2 2   3 3
80 116 4   0 0   1 1   2 2   3 3
80 140 4   0 0   1 1   2 2   3 3
80 173 4   0 0   1 1   2 2   3 3
80 127 4   0 0   1 1   2 2   3 3
81 112 4   0 0   1 1   2 2   3 3
81 148 4   0 0   1 1   2 2   3 3
81 182 4   0 0   1 1   2 2   3 3
82 161 4   0 0   1 1   2 2   3 3
82 115 4   0 0   1 1   2 2   3 3
82 148 4   0 0   1 1   2 2   3 3
82 105 4   0 0   1 1   2 2   3 3
82 155 4   0 0   1 1   2 2   3 3
82 158 4   0 0   1 1   2 2   3 3
83 111 4   0 0   1 1   2 2   3 3
84 157 4   0 0   1 1   2 2   3 3
85 180 4   0 0   1 1   2 2   3 3
85 184 4   0 0   1 1   2 2   3 3
85 172 4   0 0   1 1   2 2   3 3
85 124 4   0 0   1 1   2 2   3 3
86 169 4   0 0   1 1   2 2   3 3
86 127 4   0 0   1 1   2 2   3 3
86 111 4   0 0   1 1   2 2   3 3
87 99 4   0 0   1 1   2 2   3 3
87 116 4   0 0   1 1   2 2   3 3
87 107 4   0 0   1 1   2 2   3 3
87 175 4   0 0   1 1   2 2   3 3
88 130 4   0 0   1 1   2 2   3 3
88 114 4   0 0   1 1   2 2   3 3
88 118 4   0 0   1 1   2 2   3 3
88 102 4   0 0   1 1   2 2   3 3
89 105 4   0 0   1 1   2 2   3 3
89 141 4   0 0   1 1   2 2   3 3
90 113 4   0 0   1 1   2 2   3 3
90 168 4   0 0   1 1   2 2   3 3
91 129 4   0 0   1 1   2 2   3 3
91 188 4   0 0   1 1   2 2   3 3
92 94 4   0 0   1 1   2 2   3 3
93 145 4   0 0   1 1   2 2   3 3
93 183 4   0 0   1 1   2 2   3 3
93 135 4   0 0   1 1   2 2   3 3
94 140 4   0 0   1 1   2 2   3 3
95 160 4   0 0   1 1   2 2   3 3
95 164 4   0 0   1 1   2 2   3 3
95 108 4   0 0   1 1   2 2   3 3
96 100 4   0 0   1 1   2 2   3 3
96 104 4   0 0   1 1   2 2   3 3
96 142 4   0 0   1 1   2 2   3 3
97 117 4   0 0   1 1   2 2   3 3
97 155 4   0 0   1 1   2 2   3 3
97 143 4   0 0   1 1   2 2   3 3
98 145 4   0 0   1 1   2 2   3 3
98 147 4   0 0   1 1   2 2   3 3
98 121 4   0 0   1 1   2 2   3 3
99 116 4   0 0   1 1   2 2   3 3
99 140 4   0 0   1 1   2 2   3 3
99 175 4   0 0   1 1   2 2   3 3
100 142 4   0 0   1 1   2 2   3 3
101 165 4   0 0   1 1   2 2   3 3
101 188 4   0 0   1 1   2 2   3 3
102 130 4   0 0   1 1   2 2   3 3
102 187 4   0 0   1 1   2 2   3 3
104 114 4   0 0   1 1   2 2   3 3
104 167 4   0 0   1 1   2 2   3 3
105 148 4   0 0   1 1   2 2   3 3
105 155 4   0 0   1 1   2 2   3 3
105 158 4   0 0   1 1   2 2   3 3
106 131 4   0 0   1 1   2 2   3 3
106 165 4   0 0   1 1   2 2   3 3
107 177 4   0 0   1 1   2 2   3 3
107 146 4   0 0   1 1   2 2   3 3
107 125 4   0 0   1 1   2 2   3 3
107 175 4   0 0   1 1   2 2   3 3
108 160 4   0 0   1 1   2 2   3 3
108 164 4   0 0   1 1   2 2   3 3
109 128 4   0 0   1 1   2 2   3 3
109 119 4   0 0   1 1   2 2   3 3
109 137 4   0 0   1 1   2 2   3 3
110 146 4   0 0   1 1   2 2   3 3
110 166 4   0 0   1 1   2 2   3 3
111 151 4   0 0   1 1   2 2   3 3
112 182 4   0 0   1 1   2 2   3 3
113 161 4   0 0   1 1   2 2   3 3
113 115 4   0 0   1 1   2 2   3 3
113 133 4   0 0   1 1   2 2   3 3
113 168 4   0 0   1 1   2 2   3 3
114 130 4   0 0   1 1   2 2   3 3
115 161 4   0 0   1 1   2 2   3 3
116 173 4   0 0   1 1   2 2   3 3
117 176 4   0 0   1 1   2 2   3 3
117 155 4   0 0   1 1   2 2   3 3
117 171 4   0 0   1 1   2 2   3 3
117 143 4   0 0   1 1   2 2   3 3
118 132 4   0 0   1 1   2 2   3 3
118 139 4   0 0   1 1   2 2   3 3
119 120 4   0 0   1 1   2 2   3 3
119 137 4   0 0   1 1   2 2   3 3
119 122 4   0 0   1 1   2 2   3 3
121 145 4   0 0   1 1   2 2   3 3
121 181 4   0 0   1 1   2 2   3 3
122 163 4   0 0   1 1   2 2   3 3
122 167 4   0 0   1 1   2 2   3 3
122 137 4   0 0   1 1   2 2   3 3
123 163 4   0 0   1 1   2 2   3 3
123 134 4   0 0   1 1   2 2   3 3
123 142 4   0 0   1 1   2 2   3 3
124 144 4   0 0   1 1   2 2   3 3
124 162 4   0 0   1 1   2 2   3 3
124 172 4   0 0   1 1   2 2   3 3
125 134 4   0 0   1 1   2 2   3 3
125 150 4   0 0   1 1   2 2   3 3
125 154 4   0 0   1 1   2 2   3 3
126 176 4   0 0   1 1   2 2   3 3
126 143 4   0 0   1 1   2 2   3 3
127 136 4   0 0   1 1   2 2   3 3
127 152 4   0 0   1 1   2 2   3 3
127 140 4   0 0   1 1   2 2   3 3
127 173 4   0 0   1 1   2 2   3 3
128 178 4   0 0   1 1   2 2   3 3
128 137 4   0 0   1 1   2 2   3 3
129 132 4   0 0   1 1   2 2   3 3
129 153 4   0 0   1 1   2 2   3 3
129 159 4   0 0   1 1   2 2   3 3
131 147 4   0 0   1 1   2 2   3 3
131 165 4   0 0   1 1   2 2   3 3
131 135 4   0 0   1 1   2 2   3 3
131 186 4   0 0   1 1   2 2   3 3
132 160 4   0 0   1 1   2 2   3 3
132 159 4   0 0   1 1   2 2   3 3
133 161 4   0 0   1 1   2 2   3 3
134 163 4   0 0   1 1   2 2   3 3
134 154 4   0 0   1 1   2 2   3 3
135 147 4   0 0   1 1   2 2   3 3
135 183 4   0 0   1 1   2 2   3 3
136 152 4   0 0   1 1   2 2   3 3
137 178 4   0 0   1 1   2 2   3 3
137 163 4   0 0   1 1   2 2   3 3
137 179 4   0 0   1 1   2 2   3 3
138 169 4   0 0   1 1   2 2   3 3
140 152 4   0 0   1 1   2 2   3 3
140 156 4   0 0   1 1   2 2   3 3
141 151 4   0 0   1 1   2 2   3 3
142 163 4   0 0   1 1   2 2   3 3
143 176 4   0 0   1 1   2 2   3 3
143 149 4   0 0   1 1   2 2   3 3
144 162 4   0 0   1 1   2 2   3 3
145 147 4   0 0   1 1   2 2   3 3
145 183 4   0 0   1 1   2 2   3 3
146 177 4   0 0   1 1   2 2   3 3
146 166 4   0 0   1 1   2 2   3 3
147 183 4   0 0   1 1   2 2   3 3
149 185 4   0 0   1 1   2 2   3 3
149 169 4   0 0   1 1   2 2   3 3
150 179 4   0 0   1 1   2 2   3 3
150 154 4   0 0   1 1   2 2   3 3
152 156 4   0 0   1 1   2 2   3 3
153 186 4   0 0   1 1   2 2   3 3
154 163 4   0 0   1 1   2 2   3 3
154 179 4   0 0   1 1   2 2   3 3
155 161 4   0 0   1 1   2 2   3 3
155 171 4   0 0   1 1   2 2   3 3
156 185 4   0 0   1 1   2 2   3 3
156 169 4   0 0   1 1   2 2   3 3
161 171 4   0 0   1 1   2 2   3 3
163 179 4   0 0   1 1   2 2   3 3
165 186 4   0 0   1 1   2 2   3 3
167 187 4   0 0   1 1   2 2   3 3
169 185 4   0 0   1 1   2 2   3 3
171 176 4   0 0   1 1   2 2   3 3
172 180 4   0 0   1 1   2 2   3 3
175 177 4   0 0   1 1   2 2   3 3
