193
1 4 0 1 2 3
2 4 0 1 2 3
3 4 0 1 2 3
4 4 0 1 2 3
5 4 0 1 2 3
6 4 0 1 2 3
7 4 0 1 2 3
8 4 0 1 2 3
9 4 0 1 2 3
10 4 0 1 2 3
11 4 0 1 2 3
12 4 0 1 2 3
13 4 0 1 2 3
14 4 0 1 2 3
15 4 0 1 2 3
16 4 0 1 2 3
17 4 0 1 2 3
18 4 0 1 2 3
19 4 0 1 2 3
20 4 0 1 2 3
21 4 0 1 2 3
22 4 0 1 2 3
23 4 0 1 2 3
24 4 0 1 2 3
25 4 0 1 2 3
26 4 0 1 2 3
27 4 0 1 2 3
28 4 0 1 2 3
29 4 0 1 2 3
30 4 0 1 2 3
31 4 0 1 2 3
32 4 0 1 2 3
33 4 0 1 2 3
34 4 0 1 2 3
35 4 0 1 2 3
36 4 0 1 2 3
37 4 0 1 2 3
38 4 0 1 2 3
39 4 0 1 2 3
40 4 0 1 2 3
41 4 0 1 2 3
42 4 0 1 2 3
43 4 0 1 2 3
44 4 0 1 2 3
45 4 0 1 2 3
46 4 0 1 2 3
47 4 0 1 2 3
48 4 0 1 2 3
49 4 0 1 2 3
50 4 0 1 2 3
51 4 0 1 2 3
52 4 0 1 2 3
53 4 0 1 2 3
54 4 0 1 2 3
55 4 0 1 2 3
56 4 0 1 2 3
57 4 0 1 2 3
58 4 0 1 2 3
59 4 0 1 2 3
60 4 0 1 2 3
61 4 0 1 2 3
62 4 0 1 2 3
63 4 0 1 2 3
64 4 0 1 2 3
65 4 0 1 2 3
66 4 0 1 2 3
67 4 0 1 2 3
68 4 0 1 2 3
69 4 0 1 2 3
70 4 0 1 2 3
71 4 0 1 2 3
72 4 0 1 2 3
73 4 0 1 2 3
74 4 0 1 2 3
75 4 0 1 2 3
76 4 0 1 2 3
77 4 0 1 2 3
78 4 0 1 2 3
79 4 0 1 2 3
80 4 0 1 2 3
81 4 0 1 2 3
82 4 0 1 2 3
83 4 0 1 2 3
84 4 0 1 2 3
85 4 0 1 2 3
86 4 0 1 2 3
87 4 0 1 2 3
88 4 0 1 2 3
89 4 0 1 2 3
90 4 0 1 2 3
91 4 0 1 2 3
92 4 0 1 2 3
93 4 0 1 2 3
94 4 0 1 2 3
95 4 0 1 2 3
96 4 0 1 2 3
97 4 0 1 2 3
98 4 0 1 2 3
99 4 0 1 2 3
100 4 0 1 2 3
101 4 0 1 2 3
102 4 0 1 2 3
103 4 0 1 2 3
104 4 0 1 2 3
105 4 0 1 2 3
106 4 0 1 2 3
107 4 0 1 2 3
108 4 0 1 2 3
109 4 0 1 2 3
110 4 0 1 2 3
111 4 0 1 2 3
112 4 0 1 2 3
113 4 0 1 2 3
114 4 0 1 2 3
115 4 0 1 2 3
116 4 0 1 2 3
117 4 0 1 2 3
118 4 0 1 2 3
119 4 0 1 2 3
120 4 0 1 2 3
121 4 0 1 2 3
122 4 0 1 2 3
123 4 0 1 2 3
124 4 0 1 2 3
125 4 0 1 2 3
126 4 0 1 2 3
127 4 0 1 2 3
128 4 0 1 2 3
129 4 0 1 2 3
130 4 0 1 2 3
131 4 0 1 2 3
132 4 0 1 2 3
133 4 0 1 2 3
134 4 0 1 2 3
135 4 0 1 2 3
136 4 0 1 2 3
137 4 0 1 2 3
138 4 0 1 2 3
139 4 0 1 2 3
140 4 0 1 2 3
141 4 0 1 2 3
142 4 0 1 2 3
143 4 0 1 2 3
144 4 0 1 2 3
145 4 0 1 2 3
146 4 0 1 2 3
147 4 0 1 2 3
148 4 0 1 2 3
149 4 0 1 2 3
150 4 0 1 2 3
151 4 0 1 2 3
152 4 0 1 2 3
153 4 0 1 2 3
154 4 0 1 2 3
155 4 0 1 2 3
156 4 0 1 2 3
157 4 0 1 2 3
158 4 0 1 2 3
159 4 0 1 2 3
160 4 0 1 2 3
161 4 0 1 2 3
162 4 0 1 2 3
163 4 0 1 2 3
164 4 0 1 2 3
165 4 0 1 2 3
166 4 0 1 2 3
167 4 0 1 2 3
168 4 0 1 2 3
169 4 0 1 2 3
170 4 0 1 2 3
171 4 0 1 2 3
172 4 0 1 2 3
173 4 0 1 2 3
174 4 0 1 2 3
175 4 0 1 2 3
176 4 0 1 2 3
177 4 0 1 2 3
178 4 0 1 2 3
179 4 0 1 2 3
180 4 0 1 2 3
181 4 0 1 2 3
182 4 0 1 2 3
183 4 0 1 2 3
184 4 0 1 2 3
185 4 0 1 2 3
186 4 0 1 2 3
187 4 0 1 2 3
188 4 0 1 2 3
189 4 0 1 2 3
190 4 0 1 2 3
191 4 0 1 2 3
192 4 0 1 2 3
193 4 0 1 2 3
530
1 49 4   0 0   1 1   2 2   3 3
1 129 4   0 0   1 1   2 2   3 3
1 98 4   0 0   1 1   2 2   3 3
1 3 4   0 0   1 1   2 2   3 3
1 139 4   0 0   1 1   2 2   3 3
2 130 4   0 0   1 1   2 2   3 3
2 99 4   0 0   1 1   2 2   3 3
2 100 4   0 0   1 1   2 2   3 3
2 42 4   0 0   1 1   2 2   3 3
2 187 4   0 0   1 1   2 2   3 3
2 92 4   0 0   1 1   2 2   3 3
2 77 4   0 0   1 1   2 2   3 3
2 191 4   0 0   1 1   2 2   3 3
3 192 4   0 0   1 1   2 2   3 3
3 49 4   0 0   1 1   2 2   3 3
3 145 4   0 0   1 1   2 2   3 3
3 98 4   0 0   1 1   2 2   3 3
3 83 4   0 0   1 1   2 2   3 3
3 21 4   0 0   1 1   2 2   3 3
3 24 4   0 0   1 1   2 2   3 3
3 90 4   0 0   1 1   2 2   3 3
4 98 4   0 0   1 1   2 2   3 3
4 83 4   0 0   1 1   2 2   3 3
4 52 4   0 0   1 1   2 2   3 3
4 170 4   0 0   1 1   2 2   3 3
4 91 4   0 0   1 1   2 2   3 3
4 12 4   0 0   1 1   2 2   3 3
4 79 4   0 0   1 1   2 2   3 3
5 96 4   0 0   1 1   2 2   3 3
5 112 4   0 0   1 1   2 2   3 3
5 17 4   0 0   1 1   2 2   3 3
5 162 4   0 0   1 1   2 2   3 3
5 69 4   0 0   1 1   2 2   3 3
5 70 4   0 0   1 1   2 2   3 3
5 167 4   0 0   1 1   2 2   3 3
5 88 4   0 0   1 1   2 2   3 3
5 25 4   0 0   1 1   2 2   3 3
5 188 4   0 0   1 1   2 2   3 3
5 30 4   0 0   1 1   2 2   3 3
6 177 4   0 0   1 1   2 2   3 3
6 35 4   0 0   1 1   2 2   3 3
6 40 4   0 0   1 1   2 2   3 3
6 76 4   0 0   1 1   2 2   3 3
6 158 4   0 0   1 1   2 2   3 3
7 192 4   0 0   1 1   2 2   3 3
7 49 4   0 0   1 1   2 2   3 3
7 84 4   0 0   1 1   2 2   3 3
7 75 4   0 0   1 1   2 2   3 3
7 156 4   0 0   1 1   2 2   3 3
7 127 4   0 0   1 1   2 2   3 3
8 112 4   0 0   1 1   2 2   3 3
8 113 4   0 0   1 1   2 2   3 3
8 165 4   0 0   1 1   2 2   3 3
8 85 4   0 0   1 1   2 2   3 3
8 136 4   0 0   1 1   2 2   3 3
8 58 4   0 0   1 1   2 2   3 3
8 124 4   0 0   1 1   2 2   3 3
8 28 4   0 0   1 1   2 2   3 3
8 174 4   0 0   1 1   2 2   3 3
9 133 4   0 0   1 1   2 2   3 3
9 25 4   0 0   1 1   2 2   3 3
9 122 4   0 0   1 1   2 2   3 3
9 58 4   0 0   1 1   2 2   3 3
10 178 4   0 0   1 1   2 2   3 3
10 164 4   0 0   1 1   2 2   3 3
10 134 4   0 0   1 1   2 2   3 3
10 121 4   0 0   1 1   2 2   3 3
10 143 4   0 0   1 1   2 2   3 3
11 80 4   0 0   1 1   2 2   3 3
11 34 4   0 0   1 1   2 2   3 3
11 132 4   0 0   1 1   2 2   3 3
11 86 4   0 0   1 1   2 2   3 3
11 23 4   0 0   1 1   2 2   3 3
11 186 4   0 0   1 1   2 2   3 3
11 63 4   0 0   1 1   2 2   3 3
12 83 4   0 0   1 1   2 2   3 3
12 180 4   0 0   1 1   2 2   3 3
12 21 4   0 0   1 1   2 2   3 3
12 24 4   0 0   1 1   2 2   3 3
12 90 4   0 0   1 1   2 2   3 3
12 170 4   0 0   1 1   2 2   3 3
12 141 4   0 0   1 1   2 2   3 3
13 148 4   0 0   1 1   2 2   3 3
13 14 4   0 0   1 1   2 2   3 3
14 176 4   0 0   1 1   2 2   3 3
14 18 4   0 0   1 1   2 2   3 3
14 148 4   0 0   1 1   2 2   3 3
14 38 4   0 0   1 1   2 2   3 3
14 125 4   0 0   1 1   2 2   3 3
15 86 4   0 0   1 1   2 2   3 3
15 107 4   0 0   1 1   2 2   3 3
15 172 4   0 0   1 1   2 2   3 3
15 175 4   0 0   1 1   2 2   3 3
15 63 4   0 0   1 1   2 2   3 3
15 47 4   0 0   1 1   2 2   3 3
16 146 4   0 0   1 1   2 2   3 3
16 116 4   0 0   1 1   2 2   3 3
16 142 4   0 0   1 1   2 2   3 3
17 112 4   0 0   1 1   2 2   3 3
17 167 4   0 0   1 1   2 2   3 3
18 163 4   0 0   1 1   2 2   3 3
18 61 4   0 0   1 1   2 2   3 3
18 125 4   0 0   1 1   2 2   3 3
18 159 4   0 0   1 1   2 2   3 3
19 64 4   0 0   1 1   2 2   3 3
19 120 4   0 0   1 1   2 2   3 3
19 89 4   0 0   1 1   2 2   3 3
19 29 4   0 0   1 1   2 2   3 3
19 157 4   0 0   1 1   2 2   3 3
19 158 4   0 0   1 1   2 2   3 3
20 163 4   0 0   1 1   2 2   3 3
20 67 4   0 0   1 1   2 2   3 3
20 150 4   0 0   1 1   2 2   3 3
20 123 4   0 0   1 1   2 2   3 3
20 159 4   0 0   1 1   2 2   3 3
21 192 4   0 0   1 1   2 2   3 3
21 117 4   0 0   1 1   2 2   3 3
21 71 4   0 0   1 1   2 2   3 3
21 24 4   0 0   1 1   2 2   3 3
21 141 4   0 0   1 1   2 2   3 3
21 62 4   0 0   1 1   2 2   3 3
22 179 4   0 0   1 1   2 2   3 3
22 36 4   0 0   1 1   2 2   3 3
22 54 4   0 0   1 1   2 2   3 3
22 126 4   0 0   1 1   2 2   3 3
22 111 4   0 0   1 1   2 2   3 3
23 36 4   0 0   1 1   2 2   3 3
23 182 4   0 0   1 1   2 2   3 3
23 86 4   0 0   1 1   2 2   3 3
23 186 4   0 0   1 1   2 2   3 3
23 111 4   0 0   1 1   2 2   3 3
24 90 4   0 0   1 1   2 2   3 3
25 96 4   0 0   1 1   2 2   3 3
25 112 4   0 0   1 1   2 2   3 3
25 133 4   0 0   1 1   2 2   3 3
25 58 4   0 0   1 1   2 2   3 3
25 174 4   0 0   1 1   2 2   3 3
26 81 4   0 0   1 1   2 2   3 3
26 151 4   0 0   1 1   2 2   3 3
26 39 4   0 0   1 1   2 2   3 3
27 121 4   0 0   1 1   2 2   3 3
27 109 4   0 0   1 1   2 2   3 3
27 143 4   0 0   1 1   2 2   3 3
28 176 4   0 0   1 1   2 2   3 3
28 85 4   0 0   1 1   2 2   3 3
28 38 4   0 0   1 1   2 2   3 3
28 155 4   0 0   1 1   2 2   3 3
28 124 4   0 0   1 1   2 2   3 3
28 188 4   0 0   1 1   2 2   3 3
28 93 4   0 0   1 1   2 2   3 3
29 36 4   0 0   1 1   2 2   3 3
29 89 4   0 0   1 1   2 2   3 3
29 186 4   0 0   1 1   2 2   3 3
29 157 4   0 0   1 1   2 2   3 3
29 78 4   0 0   1 1   2 2   3 3
30 162 4   0 0   1 1   2 2   3 3
30 70 4   0 0   1 1   2 2   3 3
30 172 4   0 0   1 1   2 2   3 3
30 140 4   0 0   1 1   2 2   3 3
30 47 4   0 0   1 1   2 2   3 3
31 50 4   0 0   1 1   2 2   3 3
31 164 4   0 0   1 1   2 2   3 3
31 55 4   0 0   1 1   2 2   3 3
31 105 4   0 0   1 1   2 2   3 3
31 139 4   0 0   1 1   2 2   3 3
32 160 4   0 0   1 1   2 2   3 3
32 97 4   0 0   1 1   2 2   3 3
32 66 4   0 0   1 1   2 2   3 3
32 52 4   0 0   1 1   2 2   3 3
32 134 4   0 0   1 1   2 2   3 3
32 166 4   0 0   1 1   2 2   3 3
32 59 4   0 0   1 1   2 2   3 3
32 44 4   0 0   1 1   2 2   3 3
32 126 4   0 0   1 1   2 2   3 3
33 51 4   0 0   1 1   2 2   3 3
33 181 4   0 0   1 1   2 2   3 3
33 118 4   0 0   1 1   2 2   3 3
33 135 4   0 0   1 1   2 2   3 3
33 43 4   0 0   1 1   2 2   3 3
33 94 4   0 0   1 1   2 2   3 3
34 130 4   0 0   1 1   2 2   3 3
34 100 4   0 0   1 1   2 2   3 3
34 132 4   0 0   1 1   2 2   3 3
34 186 4   0 0   1 1   2 2   3 3
35 119 4   0 0   1 1   2 2   3 3
35 184 4   0 0   1 1   2 2   3 3
35 40 4   0 0   1 1   2 2   3 3
35 120 4   0 0   1 1   2 2   3 3
35 57 4   0 0   1 1   2 2   3 3
35 41 4   0 0   1 1   2 2   3 3
35 137 4   0 0   1 1   2 2   3 3
35 157 4   0 0   1 1   2 2   3 3
35 158 4   0 0   1 1   2 2   3 3
36 54 4   0 0   1 1   2 2   3 3
36 89 4   0 0   1 1   2 2   3 3
36 186 4   0 0   1 1   2 2   3 3
36 111 4   0 0   1 1   2 2   3 3
37 193 4   0 0   1 1   2 2   3 3
37 152 4   0 0   1 1   2 2   3 3
37 72 4   0 0   1 1   2 2   3 3
38 176 4   0 0   1 1   2 2   3 3
38 74 4   0 0   1 1   2 2   3 3
38 93 4   0 0   1 1   2 2   3 3
39 151 4   0 0   1 1   2 2   3 3
39 154 4   0 0   1 1   2 2   3 3
39 45 4   0 0   1 1   2 2   3 3
39 190 4   0 0   1 1   2 2   3 3
40 41 4   0 0   1 1   2 2   3 3
40 59 4   0 0   1 1   2 2   3 3
40 76 4   0 0   1 1   2 2   3 3
41 184 4   0 0   1 1   2 2   3 3
41 57 4   0 0   1 1   2 2   3 3
41 59 4   0 0   1 1   2 2   3 3
42 99 4   0 0   1 1   2 2   3 3
42 135 4   0 0   1 1   2 2   3 3
42 87 4   0 0   1 1   2 2   3 3
42 104 4   0 0   1 1   2 2   3 3
42 92 4   0 0   1 1   2 2   3 3
43 131 4   0 0   1 1   2 2   3 3
43 118 4   0 0   1 1   2 2   3 3
43 135 4   0 0   1 1   2 2   3 3
43 104 4   0 0   1 1   2 2   3 3
44 160 4   0 0   1 1   2 2   3 3
44 166 4   0 0   1 1   2 2   3 3
45 48 4   0 0   1 1   2 2   3 3
45 114 4   0 0   1 1   2 2   3 3
45 151 4   0 0   1 1   2 2   3 3
45 171 4   0 0   1 1   2 2   3 3
45 190 4   0 0   1 1   2 2   3 3
46 192 4   0 0   1 1   2 2   3 3
46 101 4   0 0   1 1   2 2   3 3
46 127 4   0 0   1 1   2 2   3 3
47 80 4   0 0   1 1   2 2   3 3
47 162 4   0 0   1 1   2 2   3 3
47 168 4   0 0   1 1   2 2   3 3
47 88 4   0 0   1 1   2 2   3 3
47 172 4   0 0   1 1   2 2   3 3
47 63 4   0 0   1 1   2 2   3 3
48 178 4   0 0   1 1   2 2   3 3
48 114 4   0 0   1 1   2 2   3 3
48 134 4   0 0   1 1   2 2   3 3
48 154 4   0 0   1 1   2 2   3 3
48 59 4   0 0   1 1   2 2   3 3
48 189 4   0 0   1 1   2 2   3 3
48 190 4   0 0   1 1   2 2   3 3
49 145 4   0 0   1 1   2 2   3 3
49 53 4   0 0   1 1   2 2   3 3
49 139 4   0 0   1 1   2 2   3 3
49 75 4   0 0   1 1   2 2   3 3
50 164 4   0 0   1 1   2 2   3 3
50 55 4   0 0   1 1   2 2   3 3
50 56 4   0 0   1 1   2 2   3 3
50 138 4   0 0   1 1   2 2   3 3
50 109 4   0 0   1 1   2 2   3 3
50 143 4   0 0   1 1   2 2   3 3
51 68 4   0 0   1 1   2 2   3 3
51 181 4   0 0   1 1   2 2   3 3
51 94 4   0 0   1 1   2 2   3 3
52 97 4   0 0   1 1   2 2   3 3
52 166 4   0 0   1 1   2 2   3 3
52 91 4   0 0   1 1   2 2   3 3
52 79 4   0 0   1 1   2 2   3 3
53 115 4   0 0   1 1   2 2   3 3
53 103 4   0 0   1 1   2 2   3 3
53 139 4   0 0   1 1   2 2   3 3
54 64 4   0 0   1 1   2 2   3 3
54 177 4   0 0   1 1   2 2   3 3
54 66 4   0 0   1 1   2 2   3 3
54 89 4   0 0   1 1   2 2   3 3
54 76 4   0 0   1 1   2 2   3 3
54 126 4   0 0   1 1   2 2   3 3
55 115 4   0 0   1 1   2 2   3 3
55 103 4   0 0   1 1   2 2   3 3
55 56 4   0 0   1 1   2 2   3 3
55 139 4   0 0   1 1   2 2   3 3
56 115 4   0 0   1 1   2 2   3 3
56 138 4   0 0   1 1   2 2   3 3
57 184 4   0 0   1 1   2 2   3 3
58 136 4   0 0   1 1   2 2   3 3
58 122 4   0 0   1 1   2 2   3 3
58 174 4   0 0   1 1   2 2   3 3
59 114 4   0 0   1 1   2 2   3 3
59 66 4   0 0   1 1   2 2   3 3
59 134 4   0 0   1 1   2 2   3 3
59 184 4   0 0   1 1   2 2   3 3
59 76 4   0 0   1 1   2 2   3 3
59 189 4   0 0   1 1   2 2   3 3
60 144 4   0 0   1 1   2 2   3 3
60 171 4   0 0   1 1   2 2   3 3
61 163 4   0 0   1 1   2 2   3 3
61 123 4   0 0   1 1   2 2   3 3
61 125 4   0 0   1 1   2 2   3 3
62 180 4   0 0   1 1   2 2   3 3
62 117 4   0 0   1 1   2 2   3 3
62 183 4   0 0   1 1   2 2   3 3
62 73 4   0 0   1 1   2 2   3 3
62 141 4   0 0   1 1   2 2   3 3
63 80 4   0 0   1 1   2 2   3 3
63 86 4   0 0   1 1   2 2   3 3
64 177 4   0 0   1 1   2 2   3 3
64 89 4   0 0   1 1   2 2   3 3
64 158 4   0 0   1 1   2 2   3 3
65 96 4   0 0   1 1   2 2   3 3
65 82 4   0 0   1 1   2 2   3 3
65 147 4   0 0   1 1   2 2   3 3
65 166 4   0 0   1 1   2 2   3 3
65 183 4   0 0   1 1   2 2   3 3
65 173 4   0 0   1 1   2 2   3 3
66 76 4   0 0   1 1   2 2   3 3
66 126 4   0 0   1 1   2 2   3 3
67 193 4   0 0   1 1   2 2   3 3
67 150 4   0 0   1 1   2 2   3 3
67 95 4   0 0   1 1   2 2   3 3
67 159 4   0 0   1 1   2 2   3 3
68 161 4   0 0   1 1   2 2   3 3
68 99 4   0 0   1 1   2 2   3 3
68 181 4   0 0   1 1   2 2   3 3
68 135 4   0 0   1 1   2 2   3 3
68 169 4   0 0   1 1   2 2   3 3
68 94 4   0 0   1 1   2 2   3 3
69 96 4   0 0   1 1   2 2   3 3
69 70 4   0 0   1 1   2 2   3 3
69 173 4   0 0   1 1   2 2   3 3
70 140 4   0 0   1 1   2 2   3 3
70 173 4   0 0   1 1   2 2   3 3
71 192 4   0 0   1 1   2 2   3 3
71 84 4   0 0   1 1   2 2   3 3
71 117 4   0 0   1 1   2 2   3 3
71 156 4   0 0   1 1   2 2   3 3
72 87 4   0 0   1 1   2 2   3 3
72 104 4   0 0   1 1   2 2   3 3
72 152 4   0 0   1 1   2 2   3 3
73 96 4   0 0   1 1   2 2   3 3
73 117 4   0 0   1 1   2 2   3 3
73 133 4   0 0   1 1   2 2   3 3
73 183 4   0 0   1 1   2 2   3 3
73 156 4   0 0   1 1   2 2   3 3
74 113 4   0 0   1 1   2 2   3 3
74 124 4   0 0   1 1   2 2   3 3
74 93 4   0 0   1 1   2 2   3 3
75 145 4   0 0   1 1   2 2   3 3
75 127 4   0 0   1 1   2 2   3 3
76 177 4   0 0   1 1   2 2   3 3
77 100 4   0 0   1 1   2 2   3 3
77 186 4   0 0   1 1   2 2   3 3
77 187 4   0 0   1 1   2 2   3 3
77 78 4   0 0   1 1   2 2   3 3
78 146 4   0 0   1 1   2 2   3 3
78 119 4   0 0   1 1   2 2   3 3
78 137 4   0 0   1 1   2 2   3 3
78 186 4   0 0   1 1   2 2   3 3
78 187 4   0 0   1 1   2 2   3 3
78 157 4   0 0   1 1   2 2   3 3
78 142 4   0 0   1 1   2 2   3 3
78 191 4   0 0   1 1   2 2   3 3
79 147 4   0 0   1 1   2 2   3 3
79 166 4   0 0   1 1   2 2   3 3
79 170 4   0 0   1 1   2 2   3 3
80 132 4   0 0   1 1   2 2   3 3
80 168 4   0 0   1 1   2 2   3 3
82 166 4   0 0   1 1   2 2   3 3
82 86 4   0 0   1 1   2 2   3 3
82 153 4   0 0   1 1   2 2   3 3
82 107 4   0 0   1 1   2 2   3 3
82 173 4   0 0   1 1   2 2   3 3
82 175 4   0 0   1 1   2 2   3 3
83 98 4   0 0   1 1   2 2   3 3
83 90 4   0 0   1 1   2 2   3 3
84 192 4   0 0   1 1   2 2   3 3
84 156 4   0 0   1 1   2 2   3 3
85 165 4   0 0   1 1   2 2   3 3
85 167 4   0 0   1 1   2 2   3 3
85 155 4   0 0   1 1   2 2   3 3
86 182 4   0 0   1 1   2 2   3 3
86 153 4   0 0   1 1   2 2   3 3
86 175 4   0 0   1 1   2 2   3 3
87 102 4   0 0   1 1   2 2   3 3
87 152 4   0 0   1 1   2 2   3 3
87 104 4   0 0   1 1   2 2   3 3
87 92 4   0 0   1 1   2 2   3 3
88 162 4   0 0   1 1   2 2   3 3
88 168 4   0 0   1 1   2 2   3 3
88 188 4   0 0   1 1   2 2   3 3
88 108 4   0 0   1 1   2 2   3 3
88 110 4   0 0   1 1   2 2   3 3
91 129 4   0 0   1 1   2 2   3 3
91 97 4   0 0   1 1   2 2   3 3
91 98 4   0 0   1 1   2 2   3 3
91 105 4   0 0   1 1   2 2   3 3
92 130 4   0 0   1 1   2 2   3 3
92 102 4   0 0   1 1   2 2   3 3
93 124 4   0 0   1 1   2 2   3 3
94 135 4   0 0   1 1   2 2   3 3
95 128 4   0 0   1 1   2 2   3 3
95 193 4   0 0   1 1   2 2   3 3
95 102 4   0 0   1 1   2 2   3 3
95 150 4   0 0   1 1   2 2   3 3
95 152 4   0 0   1 1   2 2   3 3
96 133 4   0 0   1 1   2 2   3 3
96 183 4   0 0   1 1   2 2   3 3
96 173 4   0 0   1 1   2 2   3 3
97 134 4   0 0   1 1   2 2   3 3
97 105 4   0 0   1 1   2 2   3 3
98 129 4   0 0   1 1   2 2   3 3
99 161 4   0 0   1 1   2 2   3 3
99 135 4   0 0   1 1   2 2   3 3
99 106 4   0 0   1 1   2 2   3 3
99 191 4   0 0   1 1   2 2   3 3
100 130 4   0 0   1 1   2 2   3 3
100 186 4   0 0   1 1   2 2   3 3
101 192 4   0 0   1 1   2 2   3 3
101 145 4   0 0   1 1   2 2   3 3
101 127 4   0 0   1 1   2 2   3 3
102 128 4   0 0   1 1   2 2   3 3
102 130 4   0 0   1 1   2 2   3 3
102 132 4   0 0   1 1   2 2   3 3
102 168 4   0 0   1 1   2 2   3 3
102 152 4   0 0   1 1   2 2   3 3
102 110 4   0 0   1 1   2 2   3 3
103 115 4   0 0   1 1   2 2   3 3
103 139 4   0 0   1 1   2 2   3 3
104 131 4   0 0   1 1   2 2   3 3
104 135 4   0 0   1 1   2 2   3 3
105 129 4   0 0   1 1   2 2   3 3
105 164 4   0 0   1 1   2 2   3 3
105 134 4   0 0   1 1   2 2   3 3
105 139 4   0 0   1 1   2 2   3 3
106 161 4   0 0   1 1   2 2   3 3
106 142 4   0 0   1 1   2 2   3 3
106 191 4   0 0   1 1   2 2   3 3
107 172 4   0 0   1 1   2 2   3 3
107 173 4   0 0   1 1   2 2   3 3
107 175 4   0 0   1 1   2 2   3 3
108 128 4   0 0   1 1   2 2   3 3
108 176 4   0 0   1 1   2 2   3 3
108 123 4   0 0   1 1   2 2   3 3
108 188 4   0 0   1 1   2 2   3 3
108 125 4   0 0   1 1   2 2   3 3
108 110 4   0 0   1 1   2 2   3 3
109 138 4   0 0   1 1   2 2   3 3
109 143 4   0 0   1 1   2 2   3 3
110 128 4   0 0   1 1   2 2   3 3
110 168 4   0 0   1 1   2 2   3 3
111 179 4   0 0   1 1   2 2   3 3
111 182 4   0 0   1 1   2 2   3 3
111 153 4   0 0   1 1   2 2   3 3
112 165 4   0 0   1 1   2 2   3 3
112 167 4   0 0   1 1   2 2   3 3
112 174 4   0 0   1 1   2 2   3 3
113 136 4   0 0   1 1   2 2   3 3
113 122 4   0 0   1 1   2 2   3 3
113 156 4   0 0   1 1   2 2   3 3
113 124 4   0 0   1 1   2 2   3 3
114 184 4   0 0   1 1   2 2   3 3
114 171 4   0 0   1 1   2 2   3 3
115 138 4   0 0   1 1   2 2   3 3
116 146 4   0 0   1 1   2 2   3 3
116 142 4   0 0   1 1   2 2   3 3
117 156 4   0 0   1 1   2 2   3 3
118 131 4   0 0   1 1   2 2   3 3
118 181 4   0 0   1 1   2 2   3 3
119 184 4   0 0   1 1   2 2   3 3
119 137 4   0 0   1 1   2 2   3 3
120 157 4   0 0   1 1   2 2   3 3
120 158 4   0 0   1 1   2 2   3 3
121 178 4   0 0   1 1   2 2   3 3
121 154 4   0 0   1 1   2 2   3 3
121 143 4   0 0   1 1   2 2   3 3
122 133 4   0 0   1 1   2 2   3 3
122 136 4   0 0   1 1   2 2   3 3
122 156 4   0 0   1 1   2 2   3 3
123 128 4   0 0   1 1   2 2   3 3
123 163 4   0 0   1 1   2 2   3 3
123 150 4   0 0   1 1   2 2   3 3
123 125 4   0 0   1 1   2 2   3 3
125 176 4   0 0   1 1   2 2   3 3
126 160 4   0 0   1 1   2 2   3 3
126 179 4   0 0   1 1   2 2   3 3
127 192 4   0 0   1 1   2 2   3 3
127 145 4   0 0   1 1   2 2   3 3
128 150 4   0 0   1 1   2 2   3 3
129 139 4   0 0   1 1   2 2   3 3
130 132 4   0 0   1 1   2 2   3 3
132 168 4   0 0   1 1   2 2   3 3
133 156 4   0 0   1 1   2 2   3 3
134 178 4   0 0   1 1   2 2   3 3
134 164 4   0 0   1 1   2 2   3 3
134 189 4   0 0   1 1   2 2   3 3
137 157 4   0 0   1 1   2 2   3 3
140 172 4   0 0   1 1   2 2   3 3
140 173 4   0 0   1 1   2 2   3 3
141 180 4   0 0   1 1   2 2   3 3
142 146 4   0 0   1 1   2 2   3 3
142 191 4   0 0   1 1   2 2   3 3
143 164 4   0 0   1 1   2 2   3 3
144 151 4   0 0   1 1   2 2   3 3
144 171 4   0 0   1 1   2 2   3 3
145 192 4   0 0   1 1   2 2   3 3
146 191 4   0 0   1 1   2 2   3 3
147 166 4   0 0   1 1   2 2   3 3
147 183 4   0 0   1 1   2 2   3 3
147 170 4   0 0   1 1   2 2   3 3
149 161 4   0 0   1 1   2 2   3 3
149 169 4   0 0   1 1   2 2   3 3
151 171 4   0 0   1 1   2 2   3 3
152 193 4   0 0   1 1   2 2   3 3
153 160 4   0 0   1 1   2 2   3 3
153 179 4   0 0   1 1   2 2   3 3
153 166 4   0 0   1 1   2 2   3 3
153 182 4   0 0   1 1   2 2   3 3
154 178 4   0 0   1 1   2 2   3 3
154 190 4   0 0   1 1   2 2   3 3
155 167 4   0 0   1 1   2 2   3 3
155 188 4   0 0   1 1   2 2   3 3
158 177 4   0 0   1 1   2 2   3 3
159 163 4   0 0   1 1   2 2   3 3
160 179 4   0 0   1 1   2 2   3 3
160 166 4   0 0   1 1   2 2   3 3
161 169 4   0 0   1 1   2 2   3 3
165 167 4   0 0   1 1   2 2   3 3
167 188 4   0 0   1 1   2 2   3 3
169 181 4   0 0   1 1   2 2   3 3
170 180 4   0 0   1 1   2 2   3 3
170 183 4   0 0   1 1   2 2   3 3
171 184 4   0 0   1 1   2 2   3 3
171 185 4   0 0   1 1   2 2   3 3
172 173 4   0 0   1 1   2 2   3 3
176 188 4   0 0   1 1   2 2   3 3
180 183 4   0 0   1 1   2 2   3 3
187 191 4   0 0   1 1   2 2   3 3
