195
1 0
2 3
3 3
4 1
5 1
6 0
7 2
8 2
9 3
10 1
11 0
12 2
13 0
14 3
15 0
16 2
17 0
18 1
19 1
20 1
21 2
22 3
23 1
24 1
25 0
26 3
27 3
28 0
29 2
30 2
31 0
32 2
33 2
34 3
35 3
36 0
37 3
38 1
39 1
40 3
41 2
42 2
43 1
44 3
45 1
46 2
47 3
48 3
49 0
50 2
51 0
52 3
53 3
54 3
55 1
56 0
57 0
58 1
59 3
60 0
61 1
62 3
63 3
64 2
65 2
66 1
67 2
68 3
69 2
70 0
71 2
72 1
73 1
74 0
75 2
76 2
77 3
78 1
79 0
80 3
81 2
82 3
83 1
84 1
85 0
86 2
87 2
88 1
89 3
90 1
91 0
92 0
93 3
94 3
95 1
96 0
97 2
98 1
99 3
100 0
101 2
102 2
103 1
104 3
105 3
106 3
107 2
108 3
109 0
110 1
111 2
112 2
113 3
114 2
115 1
116 1
117 2
118 0
119 0
120 0
121 2
122 1
123 2
124 3
125 3
126 2
127 1
128 1
129 1
130 2
131 1
132 3
133 3
134 0
135 2
136 3
137 1
138 1
139 3
140 3
141 1
142 2
143 2
144 3
145 1
146 1
147 3
148 1
149 1
150 3
151 2
152 0
153 2
154 1
155 0
156 2
157 2
158 1
159 0
160 1
161 0
162 3
163 2
164 0
165 3
166 2
167 0
168 2
169 0
170 0
171 1
172 3
173 0
174 1
175 0
176 0
177 2
178 2
179 2
180 1
181 0
182 2
183 0
184 2
185 3
186 2
187 1
188 2
189 3
190 1
191 2
192 0
193 0
194 1
195 2
