197
1 3
2 2
3 2
4 1
5 2
6 2
7 0
8 3
9 0
10 1
11 1
12 3
13 2
14 3
15 0
16 3
17 1
18 0
19 1
20 2
21 0
22 0
23 0
24 2
25 0
26 3
27 0
28 2
29 1
30 2
31 1
32 0
33 0
34 0
35 2
36 1
37 1
38 2
39 1
40 2
41 3
42 3
43 3
44 2
45 2
46 0
47 1
48 1
49 2
50 2
51 2
52 0
53 1
54 0
55 0
56 2
57 3
58 0
59 3
60 3
61 2
62 1
63 0
64 1
65 0
66 1
67 1
68 3
69 2
70 1
71 3
72 0
73 2
74 1
75 0
76 2
77 2
78 0
79 2
80 2
81 1
82 3
83 3
84 2
85 2
86 2
87 1
88 3
89 3
90 1
91 3
92 1
93 3
94 2
95 0
96 3
97 1
98 0
99 3
100 1
101 2
102 2
103 0
104 3
105 0
106 3
107 3
108 3
109 2
110 3
111 0
112 2
113 1
114 0
115 1
116 0
117 2
118 1
119 1
120 1
121 3
122 3
123 3
124 1
125 3
126 0
127 1
128 1
129 0
130 1
131 0
132 2
133 2
134 1
135 2
136 3
137 1
138 2
139 1
140 2
141 2
142 0
143 1
144 3
145 3
146 2
147 1
148 0
149 0
150 3
151 2
152 1
153 0
154 2
155 2
156 2
157 2
158 3
159 2
160 0
161 3
162 2
163 3
164 3
165 0
166 3
167 2
168 2
169 0
170 1
171 0
172 2
173 0
174 1
175 0
176 3
177 0
178 2
179 1
180 0
181 0
182 1
183 2
184 1
185 2
186 1
187 1
188 3
189 1
190 2
191 0
192 1
193 1
194 3
195 2
196 0
197 2
