20
1 4 0 1 2 3
2 4 0 1 2 3
3 4 0 1 2 3
4 4 0 1 2 3
5 4 0 1 2 3
6 4 0 1 2 3
7 4 0 1 2 3
8 4 0 1 2 3
9 4 0 1 2 3
10 4 0 1 2 3
11 4 0 1 2 3
12 4 0 1 2 3
13 4 0 1 2 3
14 4 0 1 2 3
15 4 0 1 2 3
16 4 0 1 2 3
17 4 0 1 2 3
18 4 0 1 2 3
19 4 0 1 2 3
20 4 0 1 2 3
47
1 17 4   0 0   1 1   2 2   3 3
1 2 4   0 0   1 1   2 2   3 3
1 20 4   0 0   1 1   2 2   3 3
1 9 4   0 0   1 1   2 2   3 3
1 14 4   0 0   1 1   2 2   3 3
2 17 4   0 0   1 1   2 2   3 3
2 3 4   0 0   1 1   2 2   3 3
2 5 4   0 0   1 1   2 2   3 3
2 8 4   0 0   1 1   2 2   3 3
2 9 4   0 0   1 1   2 2   3 3
3 16 4   0 0   1 1   2 2   3 3
3 17 4   0 0   1 1   2 2   3 3
3 18 4   0 0   1 1   2 2   3 3
3 6 4   0 0   1 1   2 2   3 3
3 8 4   0 0   1 1   2 2   3 3
4 5 4   0 0   1 1   2 2   3 3
4 9 4   0 0   1 1   2 2   3 3
4 11 4   0 0   1 1   2 2   3 3
4 12 4   0 0   1 1   2 2   3 3
5 8 4   0 0   1 1   2 2   3 3
5 9 4   0 0   1 1   2 2   3 3
5 11 4   0 0   1 1   2 2   3 3
6 8 4   0 0   1 1   2 2   3 3
6 15 4   0 0   1 1   2 2   3 3
7 16 4   0 0   1 1   2 2   3 3
7 17 4   0 0   1 1   2 2   3 3
7 19 4   0 0   1 1   2 2   3 3
7 20 4   0 0   1 1   2 2   3 3
8 11 4   0 0   1 1   2 2   3 3
8 15 4   0 0   1 1   2 2   3 3
9 12 4   0 0   1 1   2 2   3 3
9 14 4   0 0   1 1   2 2   3 3
10 11 4   0 0   1 1   2 2   3 3
10 12 4   0 0   1 1   2 2   3 3
10 13 4   0 0   1 1   2 2   3 3
11 12 4   0 0   1 1   2 2   3 3
11 15 4   0 0   1 1   2 2   3 3
12 13 4   0 0   1 1   2 2   3 3
12 14 4   0 0   1 1   2 2   3 3
13 19 4   0 0   1 1   2 2   3 3
13 20 4   0 0   1 1   2 2   3 3
13 14 4   0 0   1 1   2 2   3 3
14 20 4   0 0   1 1   2 2   3 3
16 17 4   0 0   1 1   2 2   3 3
16 18 4   0 0   1 1   2 2   3 3
17 20 4   0 0   1 1   2 2   3 3
19 20 4   0 0   1 1   2 2   3 3
