84 84
15 15 15 15 15 15 15 15 15 15 15 15 15 15 15 15 15 15 15 15 15 15 15 15 15 15 15 15 15 15 15 15 15 15 16 16 16 16  7  7  7  7  7  7  7  7  7  7  7  7  7  7  7  7  7  7  7  7  7  7  7  7  7  7  7  7  7  7  7  7  7  7  7  7  7  7  7  7  7  7  1  1  1  1 
15 15 15 15 15 15 15 15 15 15 15 15 15 15 15 15 15 15 15 15 15 15 15 15 15 15 15 15 15 15 15 15 15 15 15 16 16 16  7  7  7  7  7  7  7  7  7  7  7  7  7  7  7  7  7  7  7  7  7  7  7  7  7  7  7  7  7  7  7  7  7  7  7  7  7  7  7  7  7  7  1  1  1  1 
15 15 15 15 15 15 15 15 15 15 15 15 15 15 15 15 15 15 15 15 15 15 15 15 15 15 15 15 15 15 15 15 15 15 15 16 16  7  7  7  7  7  7  7  7  7  7  7  7  7  7  7  7  7  7  7  7  7  7  7  7  7  7  7  7  7  7  7  7  7  7  7  7  7  7  7  7  7  7  7  1  1  1  1 
15 15 15 15 15 15 15 15 15 15 15 15 15 15 15 15 15 15 15 15 15 15 15 15 15 15 15 15 15 15 15 15 15 16 16 16 16 16  7  7  7  7  7  7  7  7  7  7  7  7  7  7  7  7  7  7  7  7  7  7  7  7  7  7  7  7  7  7  7  7  7  7  7  7  7  7  7  7  7  7  7  1  1  1 
15 15 15 15 15 15 15 15 15 15 15 15 15 15 15 15 15 15 15 15 15 15 15 15 15 15 15 15 15 15 15 15 15 16 16 16  7  7  7  7  7  7  7  7  7  7  7  7  7  7  7  7  7  7  7  7  7  7  7  7  7  7  7  7  7  7  7  7  7  7  7  7  7  7  7  7  7  7  7  7  7  1  1  1 
15 15 15 15 15 15 15 15 15 15 15 15 15 15 15 15 15 15 15 15 15 15 15 15 15 15 15 15 15 15 15 15 15 16 16 16  7  9  7  7  7  7  7  7  7  7  7  7  7  7  7  7  7  7  7  7  7  7  7  7  7  7  7  7  7  7  7  7  7  7  7  7  7  7  7  7  7  7  8  8  8  1  1  1 
15 15 15 15 15 15 15 15 15 15 15 15 15 15 15 15 15 15 15 15 15 15 15 15 15 15 15 15 15 15 15 15 15 16 16  9  9  9  9  7  7  7  7  7  7  7  7  7  7  7  7  7  7  7  7  7  7  7  7  7  7  7  7  7  7  7  7  7  7  7  7  7  7  7  7  7  8  8  8  8  8  1  1  1 
15 15 15 15 15 15 15 15 15 15 15 15 15 15 15 15 15 15 15 15 15 15 15 15 15 15 15 15 15 15 15 15 15 16 16  9  9  9  9  7  7  7  7  7  7  7  7  7  7  7  7  7  7  7  7  7  7  7  7  7  7  7  7  7  7  7  7  7  7  7  7  7  7  8  7  7  8  8  8  8  8  8  1  1 
15 15 15 15 15 15 15 15 15 15 15 15 15 15 15 15 15 15 15 15 15 15 15 15 15 15 15 15 15 15 15 15 16 16 16  9  9  9  9  7  7  7  7  7  7  7  7  7  7  7  7  7  7  7  7  7  7  7  7  7  7  7  7  7  7  7  7  7  7  7  7  7  7  8  8  8  8  8  8  8  8  8  1  1 
15 15 15 15 15 15 15 15 15 15 15 15 15 15 15 15 15 15 15 15 15 15 15 15 15 15 15 15 15 15 16 16 16 16 16  9  9  9  9  9  7  7  7  7  7  7  7  7  7  7  7  7  7  7  7  7  7  7  7  7  7  7  7  7  7  7  7  7  7  7  7  8  8  8  8  8  8  8  8  8  8  5  1  1 
15 15 15 15 15 15 15 15 15 15 15 15 15 15 15 15 15 15 15 15 15 15 15 15 15 15 15 15 15 15 16 16 16 16 16  9  9  9  9  7  7  7  7  7  7  7  7  7  7  7  7  7  7  7  7  7  7  7  7  7  7  7  7  7  7  7  7  7  8  7  8  8  8  8  8  8  8  8  8  8  5  5  1  1 
15 15 15 15 15 15 15 15 15 15 15 15 15 15 15 15 15 15 15 15 15 15 15 15 15 15 15 15 15 16 16 16 16 16 16  9  9  9  9  7  7  7  7  7  7  7  7  7  7  7  7  7  7  7  7  7  7  7  7  7  7  7  7  7  7  7  7  8  8  8  8  8  8  8  8  8  8  8  8  8  8  5  1  1 
15 15 15 15 15 15 15 15 15 15 15 15 15 15 15 15 15 15 20 15 15 15 15 15 15 15 15 15 15 15 16 16 16 16 16  9  9  9  9  7  7  7  7  7  7  7  7  7  7  7  7  7  7  7  7  7  7  7  7  7  7  7  7  7  7  7  8  8  8  8  8  5  5  5  5  5  8  8  8  8  8  5  5  1 
15 15 15 15 15 15 15 15 15 15 15 15 15 20 15 15 15 15 20 15 15 15 15 15 15 15 15 15 15 15 16 16 16 16 16  9  9  9  9  7  7  7  7  7  7  7  7  7  7  7  7  7  7  7  7  7  7  7  7  7  7  7  7  7  7  8  8  8  8  8  8  5  5  5  5  5  5  5  5  5  5  5  1  1 
15 15 15 15 15 15 15 15 15 15 15 15 15 20 20 20 20 20 20 20 20 15 15 16 16 16 16 16 16 16 16 16 16  9  9  9  9  9  9  9  7  7  7  7  7  7  7  7  7  7  7  7  7  7  7  7  7  7  7  7  7  7  7  7  7  7  8  8  8  8  8  5  5  5  5  5  5  5  5  5 21 21  1  1 
15 15 15 15 15 15 15 15 15 15 15 15 20 20 20 20 20 20 20 20 20 20 16 16 16 16 16 16 16 16 16 16 16  9  9  9  9  9  9  9  9  9  9  8  8  7  7  7  7  7  7  7  7  7  7  7  7  7  7  7  7  7  7  7  7  7  8  8  5  5  8  5  5  5  5  5  5  5  5 21 21 21  1  1 
15 15 15 15 15 15 15 15 15 15 20 20 20 20 20 20 20 16 16 16 16 16 16 16 16 16 16 16 16 16 16 16  9  9  9  9  9  9  9  9  9  9  8  8  8  8  8  7  7  7  7  7  7  7  7  7  7  7  7  7  7  7  7  7  7  7  8  8  8  5  5  5  5  5  5  5  5  5  5  5 21 21  1  1 
15 15 15 15 15 15 15 15 15 20 20 20 20 20 20 20 16 16 16 16 16 16 16 16 16 16 16 16 16 16  9  9  9  9  9  9  9  9  9  8  8  8  8  8  8  8  8  7  7  7  7  7  7  7  7  7  7  7  7  7  7  7  7  7  8  7  8  8  8  5  5  5  5  5  5  5  5  5  5 21 21 21  1  1 
15 20 20 20 15 15 15 15 20 20 20 20 20 20 20 20 20 20 16 16 16 16 16 16 16 16 16 16  9 16  9  9  9  9  9  9  9  9  8  8  8  8  8  8  8  8  8  7  7  7  7  7  7  7  7  7  7  7  7  7  7  8  8  8  8  8  8  8  5  5  5  5  5  5  5  5 21  5  5 21 21 21  1  1 
15 20 20 20 20 20 15 15 15 20 20 20 20 20 20 20 20 20 20 16 16 16 16 16 16 16 16  9  9  9  9  9  9  9  9  9  9  9  8  8  8  8  8  8  8  8  8  8  8  7  7  8  8  7  8  8  8  7  7  8  8  8  8  8  8  8  8  8  5  5  5  5  5 21 21 21 21 21 21 21 21  1  1  1 
20 20 20 20 20 20 15 15 15 20 20 20 20 20 20 20 20 20 20 16 16 16 16 16 16 16 16 16  9  9  9  9  9  9  9  9  9  9  8  8  8  8  8  8  8  8  8  8  8  8  8  8  8  8  8  8  8  8  8  8  8  8  8  8  8  8  5  5  5  5  5  5  5 21 21 21 21 21 21 21 21 21  1  1 
20 20 20 20 20 20 20 20 20 20 20 20 20 20 20 20 20 20 20 16 16 16 16 16 16 16 16  9  9  9  9  9  9  9  9  9  9  8  8  8  8  8  8  8  8  8  8  8  8  8  8  8  8  8  8  8  8  8  8  8  8  8  8  8  8  8  5  5  5  5  5 21 21 21 21 21 21 21 21 21 21 21  1  1 
20 20 20 20 20 20 20 20 20 20 20 20 20 20 20 20 20 20 16 16 16 16 16 16 16 16 16 16  9  9  9  9  9  9  9  9  8  8  8  8  8  8  8  8  8  8  8  8  8  8  8  8  8  8  8  8  8  8  8  8  8  8  8  8  5  5  5  5  5  5  5 21 21 21 21 21 21 21 21 21 21 21  1  1 
20 20 20 20 20 20 20 20 20 20 20 20 20 20 20 20 20 20 16 16 16 16 16 16 16 16 16  9  9  9  9  9  9  9  9  8  8  8  8  8  8  8  8  8  8  8  8  8  8  8  8  8  8  8  8  8  8  8  8  8  8  5  5  5  5  5  5  5 21 21 21 21 21 21 21 21 21 21 21 21  1 21  1  1 
20 20 20 20 20 20 20 20 20 20 20 20 20 20 20 20 20 16 16 16 16 16 16 16 16 16 16  9 16 16  9  9  9  9  8  8  8  8  8  8  8  8  8  8  8  8  8  8  8  8  8  8  8  8  8  8  8  8  8  8  8  8  5  5  5  5  5  5 21 21 21 21 21 21 21 21 21 21  1  1  1  1  1  1 
20 20 20 20 20 20 20 20 20 20 20 20 20 20 20 20 20 16 16 16 16 16 16 16 16 16 16 16 16 16  9  9  9  9  8  8  8  8  8  8  8  8  8  8  8  8  8  8  8  8  8  8  8  8  8  8  8  8  8  8  8  8  5  5  5  5  5  5 21 21 21 21 21 21 21 21 21  1  1  1  1  1  1  1 
20 20 20 20 20 20 20 20 20 20 20 20 20 20 20 20 20 20 16 16 16 16 16 16 16 16 16 16 16 16  9  9  9  9  8  8  8  8  8  8  8  8  8  8  8  8  8  8  8  8  8  8  8  8  8  8  8  8  8  8  5  5  5  5  5  5  5 21 21 21 21 21 21 21 21 21 21  1  1  1  1  1  1  1 
20 20 20 20 20 20 20 20 20 20 20 20 20 20 20 20 20 20 16 16 16 16 16 16 16 16 16 16 16 16  9  9  8  8  8  8  8  8  8  8  8  8  8  8  8  8  8  8  8  8  8  8  8  8  8  8  8  8  8  8  5  5  5  5  5  5  5 21 21 21 21 21 21 21 21 21 21  1  1  1  1  1  1  1 
20 20 20 20 20 20 20 20 20 20 20 20 20 20 20 20 20 20 16 16 16 16 16 16 16 16 16 16 16 16  9  9  9  8  8  8  8  8  8  8  8  8  8  8  8  8  8  8  8  8  8  8  8  8  8  8  8  8  8  8  5  5  5  5  5  5  5  5  5 21 21 21  1 21  1  1  1  1  1  1  1  1  1  1 
20 20 20 20 20 20 20 20 20 20 20 20 20 20 20 20 20 16 16 16 16 16 16 16  9  9  9 16 16 16  9  9  9  9  8  8  8  8  8  8  8  8  8  8  8  8  8  8  8  8  8  8  8  8  8  8  8  8  8  8  8  5  5  5  5  5  5  5  5 21 21 21  1  1  1  1  1  1  1  1  1  1  1  1 
20 20 20 20 20 20 20 20 20 20 20 20 20 20 20 20 16 16 16 16 16 16 16 16  9  9  9  9  9 16 16  9  9  9  9  8  8  8  8  8  8  8  8  8  8  8  8  8  8  8  8  8  8  8  8  8  8  8  8  8  5  5  5  5  5  5  5  5 21 21 21 21  1  1  1  1  1  1  1  1  1  1  1  1 
20 20 20 20 20 20 20 20 20 20 20 20 20 20 20 16 16 16 16 16 16 16 16  9  9  9  9  9  9  9 16  9  9  9  9  9  9  8  8  8  8  8  8  8  8  8  8  8  8  8  8  8  8  8  8  8  8  8  5  5  5  5  5  5  5  5  5  5 21 21  1  1  1  1  1  1  1  1  1  1  1  1  1  1 
20 20 20 20 20 20 20 20 20 20 20 20 20 20 20 16 16 16 16 16 16 16  9  9  9  9  9  9  9  9  9  9  9  9  9  9  9  9  8  8  8  8  8  8  8  8  8  8  8  8  8  8  8  8  8  8  8  5  5  5  5  5  5  5  5  5  5  5 21 21  1  1  1  1  1  1  1  1  1  1  1  1  1  1 
20 20 20 20 20 20 20 20 20 20 20 20 20 20 16 16 16 16 16 16 16 16  9  9  9  9  9  9  9  9  9  9  9  9  9  9  9  9  9  8  8  8  8  8  8  8  8  8  8  8  8  8  8  8  8  8  5  5  5  5  5  5  5  5  5 21 21 21 21 21 21 21  1  1  1  1  1  1  1  1  1  1  1  1 
20 20 20 20 20 20 20 20 20 20 20 20 20 16 16 16 16 16 16 16 16 16  9  9  9  9  9  9  9  9  9  9  9  9  9  9  9  9  9  8  8  8  8  8  8  8  8  8  8  8  8  8  8  8  8  5  5  5  5  5  5  5  5 21 21 21 21 21 21 21 21 21  1  1  1  1  1  1  1  1  1  1  1  1 
20 20 20 20 20 20 20 20 20 20 20 20 16 16 16 16 16 16 16 16 16 16  9  9  9  9  9  9  9  9  9  9  9  9  9  9  9  9  9  8  8  8  8  8  8  8  8  8  8  8  8  8  8  8  8  8  5  5  5  5  5  5 21 21 21 21 21 21 21 21 21 21  1  1  1  1  1  1  1  1  1  1  1  1 
20 20 20 20 20 20 20 20 20 20 20 20 16 16 16 16 16 16 16 16 16 16  9  9  9  9  9  9  9  9  9  9  9  9  9  9  9  9  8  8  8  8  8  8  8  8  8  8  8  8  8  8  8  8  8  8  5  5  5  5  5  5 21 21 21 21 21 21 21 21 21  1  1  1  1  1  1  1  1  1  1  1  1  1 
20 20 20 20 20 20 20 20 20 20 20 16 16 16 16 16 16 16 16 16 16 16 16  9  9  9  9  9  9  9  9  9  9  9  9  9  9  9  8  8  8  8  8  8  8  8  8  8  8  8  8  8  8  8  8  8  8  5  5  5  5  5 21 21 21 21 21 21 21 21 21  1  1  1  1  1  1  1  1  1  1  1  1  1 
20 20 20 20 20 20 20 20 20 20 20 16 16 16 16 16 16 16 16 16 16 16 16  9  9  9  9  9  9  9  9  9  9  9  9  9  9  9  8  8  8  9  9  8  8  8  8  8  8  5  5  8  8  8  5  8  5  5  5  5  5  5 21 21 21 21 21 21 21 21 21  1  1  1  1  1  1  1  1  1  1  1  1  1 
20 20 20 20 20 20 20 20 20 20 16 16 16 16 16 16 16 16 16 16 16 16 16  9  9  9  9  9  9  9  9  9  9  9  9  9  9  9  8  8  8  9  9  8  8  8  8  8  8  5  5  5  5  5  5  5  5  5  5  5  5 21 21 21 21 21 21 21 21 21  1  1  1  1  1  1  1  1  1  1  1  1  1  1 
20 20 20 20 20 20 20 20 20 20 16 16 16 16 16 16 16 16 16 16 16 16 16  9  9  9  9  9  9  9  9  9  9  9  9  9  9  9  9  9  9  9  9  5  5  5  5  8  5  5  5  5  5  5  5  5  5  5  5 21 21 21 21 21 21 21 21 21 21 21  1  1  1  1  1  1  1  1  1  1  1  1  1  1 
20 20 20 20 20 20 20 20 20 20 16 16 16 16 16 16 16 16 16 16 16 16  9  9  9  9  9  9  9  9  9  9  9  9  9  9  9  9  9  9  9  9  9  5  5  5  5  5  5  5  5  5  5  5  5 21 21 21  5 21 21 21 21 21 21 21 21 21 21  1  1  1  1  1  1  1  1  1  1  1  1  1  1  1 
20 20 20 20 20 20 20 20 20 16 16 16 16 16 16 16 16 16 16 16 16  9  9  9  9  9  9  9  9  9  9  9  9  9  9  9  9  9  9  9  9  9  9  5  5  5  5  5  5  5  5  5  5  5  5 21 21 21 21 21 21 21 21 21 21 21 21 21  1  1  1  1  1  1  1  1  1  1  1  1  1  1  1  1 
20 20 20 20 20 20 20 20 16 16 16 16 16 16 16 16 16 16 16 16 16  9  9  9  9  9  9  9  9  9  9  9  9  9  9  9  9  9  9  9  9  5  5  5  5  5  5  5  5  6 21 21 21 21 21 21 21 21 21 21 21 21 21 21 21 21 21 21  1  1  1  1  1  1  1  1  1  1  1  1  1  1  1  1 
20 20 20 20 20 20 20 20 16 16 16 16 16 16 16 16 16 16 16 16 16  9  9  9  9  9  9  9  9  9  9  9  9  9  9  9  9  9  9  9  9  5  5  5  5  5  5  6  5  6  6 21  6 21 21 21 21 21 21 21 21 21 21 21 21 21 21 21 21  1  1  1  1  1  1  1  1  1  1  1  1  1  1  1 
20 20 20 20 20 20 16 16 16 16 16 16 16 16 16 16 16 16 16 16 16  9  9  9  9  9  9  9  9  9  9  9  9  9  9  9  9  9  9  9  9  5  5  5  5  5  6  6  6  6  6  6  6  6 21 21 21 21 21 21 21 21 21 21 21 21 21 21 21  1  1  1  1  1  1  1  1  1  1  1  1  1  1  1 
20 20 20 20 20 20 16 16 16 16 16 16 16 16 16 16 16 16 16 16 16  9  9  9  9  9  9  9  9  9  9  9  9  9  9  9  9  9  9  9  9  5  5  5  5  6  6  6  6  6  6  6 21 21 21 21 21 21 21 21 21 21 21 21 21 21 21 21 21  1  1  1  1  1  1  1  1  1  1  1  1  1  1  1 
11 20 20 20 16 16 16 16 16 16 16 16 16 16 16 16 16 16 16 16 16 16  9  9  9  9  9  9  9  9  9  9  9  9  9  9  9  5  5  5  5  5  5  5  5  6  6  6  6  6  6  6  6 21 21 21 21 21 21 21 21 21 21 21 21 21 21 21 21  1  1  1  1  1  1  1  1  1  1  1  1  1  1  1 
11 20 20 20 16 16 16 16 16 16 16 16 16 16 16 16 16 16 16 16 16  5  9  9  9  9  9  9  9  9  9  9  9  9  9  5  5  5  5  5  5  5  5  5  5  5  6  6  6  6  6  6  6 21 21 21 21 21 21 21 21 21 21 21 21 21 21 21 21  1  1  1  1  1  1  1  1  1  1  1  1  1  1  1 
11 20 20 20 16 16 16 16 16 16 16 16 16 16 16 16 16 16  5 16 16  5  5  9  5  9  9  9  9  9  9  9  5  5  5  5  5  5  5  5  5  5  5  5  5  5  6  6  6  6  6 21 21 21 21 21 21 21 21 21 21 21 21 21 21 21 21 21 21  1  1  1  1  1  1  1  1  1  1  1  1  1  1  1 
11 11 20 11 11 11 16 16 16 16 16 16 16 16 16 16 16  5  5  5  5  5  5  5  5  5  5  5  5  9  5  9  9  5  5  5  5  5  5  5  5  5  5  5  5  6  6  6  6 21 21 21 21 21 21 21 21 21 21 21 21 21 21 21 21 21 21 21 21 21  1  1  1  1  1  1  1  1  1  1  1  1  1  1 
11 11 11 11 11 11 12 12 16 16 12 16 16 16 16 16 16  5  5  5  5  5  5  5  5  5  5  5  5  5  5  5  5  5  5  5  5  5  5  5  5  5  5  5  5  6  6  6  6 21 21 21 21 21 21 21 21 21 21 21 21 21 21 21 21 21 21 21 21 21 21  1  1  1  1  1  1  1  1  1  1  1  1  1 
11 11 11 11 11 11 12 12 12 12 12 16 16 16 16 16 16 12  5  5  5  5  5  5  5  5  5  5  5  5  5  5  5  5  5  5  5  5  5  5  5  5  5  5  5  6  6  6  6  6 21 21 21 21 21 21 21 21 21 21 21 21 21 21 21 21 21 21 21 21 21 21 21 21  1  1  1  1  1  1  1  1  1  1 
11 11 11 11 11 11 12 12 12 12 12 12 16 16 16 16 16 12  5  5  5  5  5  5  5  5  5  5  5  5  5  5  5  5  5  5  5  5  5  5  5  5  5  5  5  6  6  6  6  6  6 21 21 21 21 21 21 21 21 21 21 21 21 21 21 21 21 21 21 21 21 21 21  1  1  1  1  1  1  1  1  1  1  1 
11 11 11 11 11 11 12 12 12 12 12 12 12 12 12 16 12 12  5  5  5  5  5  5  5  5  5  5  5  5  5  5  5  5  5  5  5  5  5  5  5  5  5  5  5  6  6  6  6 21 21 21 21 21 21 21 21 21 21 21 21 21 21 21 21 21 21 21 21 21 21 21 21 21  1  1  1  1  1  1  1  1  1  1 
11 11 11 11 11 11 12 12 12 12 12 12 12 12 12 12 12 12  5  5  5  5  5  5  5  5  5  5  5  5  5  5  5  5  5  5  5  5  5  5  5  5  5  5  6  6  6  6  6 21 21 21 21 21 21 21 21 21 21 21 21 21 21 21 21 21 21 21 21 21 21 21 21 21  1  1  1  1  1  1  1  1  1  1 
11 11 11 11 11 12 12 12 12 12 12 12 12 12 12 12 12 12 12 12  5  5  5  5  5  5  5  5  5  5  5  5  5  5  5  5  5  5  5  6  6  6  6  6  6  6  6  6  6 21 21 21 21 21 21 21 21 21 21 21 21 21 21 21 21 21 21 21 21 21 21 21 21 21  1  1  1  1  1  1  1  1  1  1 
11 11 11 11 11 11 12 12 12 12 12 12 12 12 12 12 12 12 12 12  5  5  5  5  5  5  5  5  5  5  5  5  5  5  5  6  6  6  6  6  6  6  6  6  6  6  6  6  6 19 21 21 19 21 21 21 21 21 21 21 21 21 21 21 21 21 21 21 21 21 21 21 21  1  1  1  1  1  1  1  1  1  1  1 
11 11 11 11 11 11 12 12 12 12 12 12 12 12 12 12 12 12 12 12  5  5  5  5  5  5  5  5  5  5  5  5  5  5  5  5  6  6  6  6  6  6  6  6  6  6  6  6  6 19 19 21 19 21 21 21 21 21 21 21 19 21 21 21 21 21 21 21 21 21  1  1  1  1  1  1  1  1  1  1  1  1  1  1 
11 11 11 11 11 11 12 12 12 12 12 12 12 12 12 12 12 12 12 12  5  5  5  5  5  5  5  5  5  5  5  5  5  6  6  6  6  6  6  6  6  6  6  6  6  6  6  6 19 19 19 19 19 19 21 21 21 21 19 21 19 21 21 21 21 21 21 21 21 21  1  1  1  1  1  1  1  1  1  1  1  1  1  1 
11 11 11 11 11 11 11 12 12 12 12 12 12 12 12 12 12 12 12 12  5  5  5  5  5  5  5  5  5  5  5  5  5  6  6  6  6  6  6  6  6  6  6  6  6  6  6 19 19 19 19 19 19 19 19 19 19 19 19 19 19 19 19 21 21 21 21 21 21  1  1  1  1  1  1  1  1  1  1  1  1  1  1  1 
11 11 11 11 11 11 11 12 12 12 12 12 12 12 12 12  2  2  2  2  4  5  5  5  5  5  5  5  5  5  5  6  6  6  6  6  6  6  6  6  6  6  6  6  6 19 19 19 19 19 19 19 19 19 19 19 19 19 19 19 19 19 19 21 21 21 21 21 21  1  1  1  1  1  1  1  1  1  1  1  1  1  1  1 
11 11 11 11 11 11 11 11 11 12 12 12 12 12 12 12  2  2  2  2  4  4  4  5  5 13  6  5  5  5  5  6  6  6  6  6  6  6  6  6  6  6  6  6  6 19 19 19 19 19 19 19 19 19 19 19 19 19 19 19 19 19 19 21 21 21 21 21 21 21  1  1  1  1  1  1  1  1  1  1  1  1  1  1 
11 11 11 11 11 11 11 11 11 12 12 12 12 12 12 12  2  2  2  2  4  4  4 13 13 13  6  6  6  6  6  6  6  6  6  6  6  6  6  6  6  6  6  6 19 19 19 19 19 19 19 19 19 19 19 19 19 19 19 19 19 19 19 21 21 18 21 18 18 18  1  1  1  1  1  1  1  1  1  1  1  1  1  1 
11 11 11 11 11  2 11 11 11 12 12 12 12 12 12  2  2  2  2  4  4  4  4  4 13 13  6  6  6  6  6  6  6  6  6  6  6  6  6  6  6  6  6 19 19 19 19 19 19 19 19 19 19 19 19 19 19 19 19 19 19 19 19 21 21 18 18 18 18  1  1  1  3  3  3  3  1  1  1  1  1  1  1  1 
10 10 11 11  2  2  2 11 11  2 12 12  2 12 12  2  2  2  2  4  4  4  4  4 13  6  6  6  6  6  6  6  6  6  6  6  6  6  6  6  6  6 19 19 19 19 19 19 19 19 19 19 19 19 19 19 19 19 19 19 19 19 18 18 18 18 18 18 18 18  1  1  3  3  3  3  3  1  1  1  1  1  1  1 
10 10 10 10  2  2  2  2  2  2 12  2  2  2  2  2  2  2  2  4  4  4  4 13 13  6  6  6  6  6  6  6  6  6  6  6  6  6  6  6  6  6  6 19 19 19 19 19 19 19 19 19 19 19 19 19 19 19 19 19 19 19 18 18 18 18 18 18 18  3  3  3  3  3  3  3  3  1  1  1  1  1  1  1 
10 10 10 10  2  2  2  2  2  2  2  2  2  2  2  2  2  4  4  4  4  4 13 13 13  6  6  6  6  6  6  6  6  6  6  6  6  6  6  6  6  6  6  6 19 19 19 19 19 19 19 19 19 19 19 19 19 19 19 19 19 19 18 18 18 18 18 18  3  3  3  3  3  3  3  3  3  3  1  1  1  1  1  1 
10 10 10 10  2  2  2  2  2  2  2  2  2  2  2  4  4  4  4  4  4  4 13 13 13  6  6  6  6  6  6  6  6  6  6  6  6  6  6  6  6  6 17 17 19 17 19 19 19 19 19 19 19 19 19 19 19 19 19 19 18 18 18 18 18 18 18 18  3  3  3  3  3  3  3  3  3  3  3  1  1  1  1  1 
10 10 10 10  2  2  2  2  2  2  4  2  2  2  2  4  4  4  4  4 13 13 13 13 13  6  6  6  6  6  6  6  6  6  6  6  6  6  6  6  6 14 14 17 17 17 19 19 19 19 19 19 19 19 19 19 19 19 19 18 18 18 18 18 18 18 18  3  3  3  3  3  3  3  3  3  3  3  3  1  1  1  1  1 
10 10 10 10 10 10  2  2  2  2  4  4  4  4  4  4  4  4 13  4 13 13 13 13 13 13  6  6  6  6  6  6  6  6  6  6  6  6  6  6  6 14 17 17 17 19 19 19 19 19 19 19 19 19 19 19 19 19 19 19 18 18 18 18  3  3  3  3  3  3  3  3  3  3  3  3  3  3  3  1  1  1  1  1 
10 10 10 10 10 10  2  2  2  2  4  4  4  4  4  4  4 13 13 13 13 13 13 13 13 13 13  6  6  6  6  6  6  6  6  6  6  6  6  6  6 14 14 17 17 19 19 19 19 19 19 19 19 19 19 19 19 19 19 19 19 18 18 18  3  3  3  3  3  3  3  3  3  3  3  3  3  3  3  3  1  1  3  3 
10 10 10 10 10 10  2  2  2  2  4  4  4  4  4  4  4  4 13 13 13 13 13 13 13 13 13 13 13 13  6  6  6  6  6  6  6  6  6  6 14 14 14 17 17 19 19 19 19 19 19 19 19 19 19 19 19 19 19 19 19 19 18 18 18 18  3  3  3  3  3  3  3  3  3  3  3  3  3  3  3  3  3  3 
10 10 10 10 10 10 10  2  2  2  2  4  4  4  4  4  4 13 13 13 13 13 13 13 13 13 13 13 13 14  6  6  6  6  6  6  6  6 14 14 14 14 14 17 17 17 17 19 19 19 19 19 19 19 19 19 19 19 19 19 19 17 18 18 18 18  3  3  3  3  3  3  3  3  3  3  3  3  3  3  3  3  3  3 
10 10 10 10 10 10 10  2  2  2  2  4  4  4  4  4  4  4  4 13 13 13 13 13 13 13 13 13 13 14 14 14 14 14 14 14 14 14 14 14 14 14 14 14 17 17 17 17 19 19 19 19 19 19 19 19 19 19 17 17 17 17 18 18 18 18  3  3  3  3  3  3  3  3  3  3  3  3  3  3  3  3  3  3 
10 10 10 10 10 10 10  2  2  2  2  4  4  4  4  4  4  4  4 13 13 13 13 13 13 13 13 13 13 14 14 14 14 14 14 14 14 14 14 14 14 14 14 17 17 17 17 17 19 17 17 19 19 19 19 19 17 17 17 17 17 17 17 17 18 18  3  3  3  3  3  3  3  3  3  3  3  3  3  3  3  3  3  3 
10 10 10 10 10 10 10  2  2  4  4  4  4  4  4  4  4  4 13 13 13 13 13 13 13 13 13 13 13 14 14 14 14 14 14 14 14 14 14 14 14 14 14 17 17 17 17 17 17 17 17 17 19 17 19 19 17 17 17 17 17 17 17 17 18 18 18 18 18 18 18  3  3  3  3  3  3  3  3  3  3  3  3  3 
10 10 10 10 10 10  2  2  2  4  4  4  4  4  4  4  4  4 13 13 13 13 13 13 13 13 13 13 13 14 14 14 14 14 14 14 14 14 14 14 14 14 14 17 17 17 17 17 17 17 17 17 17 17 17 17 17 17 17 17 17 17 18 18 18 18 18 18 18 18 18 18  3  3  3  3  3  3  3  3  3  3  3  3 
10 10 10 10  2  2  2  2  2  4  4  4  4  4  4  4  4  4 13 13 13 13 13 13 13 13 13 13 14 14 14 14 14 14 14 14 14 14 14 14 14 14 14 14 14 17 17 17 17 17 17 17 17 17 17 17 17 17 17 17 17 17 18 18 18 18 18 18 18 18 18 18  3 18  3  3  3  3  3  3  3  3 18 18 
10 10 10  2  2  2  2  2  4  4  4  4  4  4  4  4  4 13 13 13 13 13 13 13 13 13 13 13 14 14 14 14 14 14 14 14 14 14 14 14 14 14 14 14 14 17 17 17 17 17 17 17 17 17 17 17 17 17 17 17 17 17 18 18 18 18 18 18 18 18 18 18 18 18  3  3  3  3  3  3 18 18 18 18 
10 10 10 10  2  2  2  2  4  2  2  4  4  4  4  4  4  4 13 13 13 13 13 13 13 13 14 14 14 14 14 14 14 14 14 14 14 14 14 14 14 14 14 14 17 17 17 17 17 17 17 17 17 17 17 17 17 17 17 17 17 17 18 18 18 18 18 18 18 18 18 18 18 18 18 18 18 18 18 18 18 18 18 18 
10 10 10 10  2  2  2  2  2  2  2  4  4  4  4  4  4  4 13 13 13 13 13 13 13 14 14 14 14 14 14 14 14 14 14 14 14 14 14 14 14 14 14 14 17 17 17 17 17 17 17 17 17 17 17 17 17 17 17 17 17 18 18 18 18 18 18 18 18 18 18 18 18 18 18 18 18 18 18 18 18 18 18 18 
10 10 10 10 10  2  2  2  2  2  2  2  4  4  4  4  4  4  4 13 13 13 13 13 13 14 14 14 14 14 14 14 14 14 14 14 14 14 14 14 14 14 14 14 17 17 17 17 17 17 17 17 17 17 17 17 17 17 17 17 17 18 18 18 18 18 18 18 18 18 18 18 18 18 18 18 18 18 18 18 18 18 18 18 
10 10 10 10  2  2  2  2  2  2  2  2  4  4  4  4  4  4  4 13 13 13 13 13 13 14 14 14 14 14 14 14 14 14 14 14 14 14 14 14 14 14 14 14 17 17 17 17 17 17 17 17 17 17 17 17 17 17 17 17 17 18 18 18 18 18 18 18 18 18 18 18 18 18 18 18 18 18 18 18 18 18 18 18 
