88 88
11 11 11 11 11 11 11 11 11 11 11  9  9  9  9  9  9  9  9  9  9  9  9  9  9  9  9  9  9  9  9  9  9  4  4  4  4  4  4  4  4  4  4  4  4  4  4  4  4  4  4  4  4  4  4  4  4  4  4  4  4  4  4  4  4  4  4  4  4  4  4  4  4  4  4  4  4  4  4  4  4  4  4  4  4  4  4  4 
11 11 11 11 11 11 11 11 11 11 11  9  9  9  9  9  9  9  9  9  9  9  9  9  9  9  9  9  9  9  9  9  9  4  4  4  4  4  4  4  4  4  4  4  4  4  4  4  4  4  4  4  4  4  4  4  4  4  4  4  4  4  4  4  4  4  4  4  4  3  3  3  3  3  3  4  4 12  4  4  4  4  4  4  4  6  4  4 
11 11 11 11 11 11 11 11 11 11 11 11 11  9  9  9  9  9  9  9  9  9  9  9  9  9  9  9  9  4  4  4  4  4  4  4  4  4  4  4  4  4  4  4  4  4  4  4  4  4  4  4  4  4  4  4  4  4  4  4  4  4  4  4  4  4  4  3  3  3  3  3 12  3  3  3  3 12 12 12  6  6  6  6  4  6  6  6 
11 11 11 11 11 11 11 11 11 11 11 11 11  9  9  9  9  9  9  9  9  9  9  9  9  9  9  9  9  4  4  4  4  4  4  4  4  4  4  4  4  4  4  4  4  4  4  4  4  4  4  4  4  4  4  4  4  4  4  4  4  4  4  4  4  4  4  3  3  3  3 12 12 12  3  3  3 12 12  6  6  6  6  6  6  6  6  6 
11 11 11 11 11 11 11 11 11 11 11 11  9  9  9  9  9  9  9  9  9  9  9  9  9  9  9  9  9  4  4  4  4  4  4  4  4  4  4  4  4  4  4  4  4  4  4  4  4  4  4  4  4  4  4  4  4  4  4  4  4  4  4  4  4  4  4  3 12 12 12 12 12 12 12 12 12 12 12  6  6  6  6  6  6  6  6  6 
11 11 11 11 11 11 11 11 11 11 11 11  9  9  9  9  9  9  9  9  9  9  9  9  9  9  9  9  9  4  4  4  4  4  4  4  4  4  4  4  4  4  4  4  4  4  4  4  4  4  4  4  4  4  4  4  4  4  4  4  4  4  4  3  4  4  3  3 12 12 12 12 12 12 12 12 12 12 12  6  6  6  6  6  6  6  6  6 
11 11 11 11 11 11 11 11 11 11 11 11  9  9  9  9  9  9  9  9  9  9  9  9  9  9  9  9  4  4  4  4  4  4  4  4  4  4  4  4  4  4  4  4  3  4  3  3  3  3  3  4  4  4  4  4  4  4  4  4  4  4  4  3  3  3  3 12 12 12 12 12 12 12 12 12 12 12 12  6  6  6  6  6  6  6  6  6 
11 11 11 11 11 11 11 11 11 11 11 11  9  9  9  9  9  9  9  9  9  9  9  9  9  9  9  9  9  4  4  4  4  4  4  4  4  4  4  4  4  4  4  3  3  3  3  3  3  3  3  3  4  3  3  3  3  4  4  3  4  3  3  3 12 12 12 12 12 12 12 12 12 12 12 12 12 12  6  6  6  6  6  6  6  6  6  6 
11 11 11 11 11 11 11 11 11 11 11 11 11 11 11  9  9  9  9  9  9  9  9  9  9  9  9  9  9  9  4  4  4  4  4  4  4  4  4  4  4  4  4  3  3  3  3  3  3  3  3  3  3  3  3  3  3  3  3  3  3  3  3  3 12 12 12 12 12 12 12 12 12 12 12 12 12 12  6  6  6  6  6  6  6  6  6  6 
11 11 11 11 11 11 11 11 11 11 11 11 11 11  9  9  9  9  9  9  9  9  9  9  9  9  9  9  9  9  4  4  4  4  4  4  4  4  4  4  4  4  3  3  3  3  3  3  3  3  3  3  3  3  3  3  3  3  3  3  3  3  3  3  3 12 12 12 12 12 12 12 12 12 12 12 12 12  6  6  6  6  6  6  6  6  6  6 
 7  7 11 11 11 11 11 11 11 11 11 11 11 11 11  9  9  9  9  9  9  9  9  9  9  9  9  9  9  4  4  4  4  4  4  4  4  4  4  4  4  3  3  3  3  3  3  3  3  3  3  3  3  3  3  3  3  3  3  3  3  3  3 12 12 12 12 12 12 12 12 12 12 12 12 12 12 12 12  6  6  6  6  6  6  6  6  6 
 7  7  7 11 11 11 11 11 11 11 11 11 11 11 11 11  9  9  9  9  9  9  9  9  9  9  9  9  9  4  4  4  4  4  4  4  4  4  4  4  4  4  3  3  3  3  3  3  3  3  3  3  3  3  3  3  3  3  3  3  3  3 12 12 12 12 12 12 12 12 12 12 12 12 12 12 12 12 12 12  6  6  6  6  6  6  6  6 
 7  7  7  7 11 11 11 11 11 11 11 11 11 11 11 11  9  9  9  9  9  9  9  9  9  9  9  9  9  4  4  4  4  4  4  4  4  4  4  4  4  4  3  3  3  3  3  3  3  3  3  3  3  3  3  3  3  3  3  3  3  3  3  3 12 12 12 12 12 12 12 12 12 12 12 12 12 12 12 12  6  6  6  6  6  6  6  6 
 7  7  7 11 11 11 11 11 11 11 11 11 11 11  9  9  9  9  9  9  9  9  9  9  9  9  9  9  9  4  4  4  4  4  4  4  4  4  4  4  4  4  3  3  3  3  3  3  3  3  3  3  3  3  3  3  3  3  3  3  3  3  3  3 12 12 12 12 12 12 12 12 12 12 12 12 12 12 12  6  6  6  6  6  6  6  6  6 
 7  7  7 11 11 11 11 11 11 11 11 11 11 11 11  9  9  9  9  9  9  9  9  9  9  9  9  4  4  4  4  4  4  4  4  4  4  4  4  4  4  4  3  3  3  3  3  3  3  3  3  3  3  3  3  3  3  3  3  3  3  3  3  3 12 12 12 12 12 12 12 12 12 12 12 12 12 12  6  6  6  6  6  6  6  6  6  6 
 7  7  7  7 11 11 11 11 11 11 11 11 11 11 11  9  9  9  9  9  9  9  9  9  9  9  9  4  4  4  4  4  4  4  4  4  4  4  4  4  3  3  3  3  3  3  3  3  3  3  3  3  3  3  3  3  3  3  3  3  3  3 12 12 12 12 12 12 12 12 12 12 12 12 12 12 12 12  6  6  6  6  6  6  6  6  6  6 
 7  7  7  7  7 11 11 11 11 11 11 11 11 11 11 11 11  9  9  9  9  9  9  9  9  9  9  4  4  4  4  4  4  4  4  4  4  4  4  3  3  3  3  3  3  3  3  3  3  3  3  3  3  3  3  3  3  3  3  3  3  3  3 12 12 12 12 12 12 12 12 12 12 12 12 12 12 12  6  6  6  6  6  6  6  6  6  6 
 7  7  7  7  7  7  7  7 11 11 11 11 11 11 11 11 11  9  9  9  9  9  9  9 16 16  9  9  4  4  4  4  4  4  4  4  4  4  4  4  3  3  3  3  3  3  3  3  3  3  3  3  3  3  3  3  3  3  3  3  3  3  3 12 12 12 12 12 12 12 12 12 12 12 12 12 12 12  6  6  6  6  6  6  6  6  6  6 
 7  7  7  7  7  7  7  7 11 11 11 11 11 11 11 11 11 11  9 10 10 10 10 10 16 16 16 16 16  4  4  4  4  4  4  4  4  4  4  3  3  3  3  3  3  3  3  3  3  3  3  3  3  3  3  3  3  3  3  3  3  3  3 12 12 12 12 12 12 12 12 12 12 12 12 12 12 12  6  6  6  6  6  6  6  6  6  6 
 7  7  7  7  7  7  7  7 11 11 11 11 11 11 11 11 11 10 10 10 10 10 10 10 16 16 16 16 16 16  4  4  4  4  4  4  4  4  3  3  3  3  3  3  3  3  3  3  3  3  3  3  3  3  3  3  3  3  3  3 12 12 12 12 12 12 12 12 12 12 12 12 12 12 12 12 12 12  6  6  6  6  6  6  6  6  6  6 
 7  7  7  7  7  7  7 11 11 11 11 11 11 11 11 11 10 10 10 10 10 10 10 10 16 16 16 16 16 16 16 16  4  4  4  4  4  4  3  3  3  3  3  3  3  3  3  3  3  3  3  3  3  3  3  3  3  3  3  3  3 12 12 12 12 12 12 12 12 12 12 12 12 12 12 12 12  6  6  6  6  6  6  6  6  6  6  6 
 7  7  7  7  7  7  7 11 11 11 11 11 11 11 11 10 10 10 10 10 10 10 10 10 16 16 16 16 16 16 16 16  4  4  4  4  4  3  3  3  3  3  3  3  3  3  3  3  3  3  3  3  3  3  3  3  3  3  3 12 12 12 12 12 12 12 12 12 12 12 12 12 12 12 12 12 12  6  6  6  6  6  6  6  6  6  6  6 
 7  7  7  7  7  7  7  7 11 10 10 10 11 11 11 10 10 10 10 10 10 10 10 10 16 16 16 16 16 16 16  4  4  4  4  4  3  3  3  3  3  3  3  3  3  3  3  3  3  3  3  3  3  3  3  3 21 12 12 12 12 12 12 12 12 12 12 12 12 12 12 12 12 12 12 12 12 12  6  6  6  6  6  6  6  6  6  6 
 7  7  7  7  7  7  7  7 10 10 10 10 10 10 11 10 10 10 10 10 10 10 16 16 16 16 16 16 16 16 16 16 16  4  4  4  4  3  3  3  3  3  3  3  3  3  3  3  3  3  3  3  3  3 21 21 21 12 12 12 12 12 12 12 12 12 12 12 12 12 12 12 12 12 12 12 12 12  6  6  6  6  6  6  6  6  6  6 
 7  7  7  7  7  7  7  7  7 10 10 10 10 10 10 10 10 10 10 10 10 10 10 16  5 16 16 16 16 16 16 16 16 16 16 16  3  3  3  3  3  3  3  3  3  3  3  3  3  3  3  3  3  3 21 21 21 12 12 12 12 12 12 12 12 12 12 12 12 12 12 12 12 12 12 12 12 12  6  6  6  6  6  6  6  6  6  6 
 7  7  7  7  7  7  7  7  7 10 10 10 10 10 10 10  5 10 10 10 10 10 10  5  5  5 16 16 16 16 16 16 16 16 16 16  3  3  3  3  3  3  3  3  3  3  3  3  3 16 16 21 21 21 21 21 21 21 21 12 12 12 12 12 12 12 12 12 12 12 12 12 12 12 12 12 12  6  6  6  6  6  6  6  6  6  6  6 
 7  7  7  7  7  7  7  7 10 10 10 10 10 10  5  5  5  5 10 10 10  5  5  5  5  5 16 16 16 16 16 16 16 16 16 16  3  3  3  3  3  3  3  3  3  3  3  3  3 16 16 21 21 21 21 21 21 21 21 12 12 12 12 12 12 12 12 12 12 12 12 12 12 12 12 12 12  6  6  6  6  6  6  6  6  6  6  6 
 7  7  7  7  7  7  7 10 10 10 10 10 10  5  5  5  5  5  5  5  5  5  5  5  5  5 16 16 16 16 16 16 16 16 16 16 16 16 16 16 16  3  3 16 16 16 16 16 16 16 16 16 21 21 21 21 21 21 21 12 12 12 12 12 12 12 12 12 12 12 12 12 12 12 12 12 12 12  6  6  6  6  6  6  6  6  6  6 
 7  7  7  7  7  7  7  7 10 10 10 10 10  5  5  5  5  5  5  5  5  5  5  5  5  5 16 16 16 16 16 16 16 16 16 16 16 16 16 16 16  3 16 16 16 16 16 16 16 16 16 16 21 21 21 21 21 21 12 12 12 12 12 12 12 12 12 12 12 12 12 12 12 12 12 12 12 12 21  6  6  6  6  6  6  6  6  6 
 7  7  7  7  7  7  7  7 10 10 10 10 10 10 10  5  5  5  5  5  5  5  5  5  5  5 16 16 16 16 16 16 16 16 16 16 16 16 16 16 16 16 16 16 16 16 16 16 16 16 16 16 21 21 21 21 21 21 21 21 21 21 21 12 12 12 12 12 12 12 12 12 12 12 12 12 12 21 21 21  6  6  6  6  6  6  6  6 
 7  7  7  7  7  7  7  7 10 10 10 10 10 10 10  5  5  5  5  5  5  5  5  5  5  5 16 16 16 16 16 16 16 16 16 16 16 16 16 16 16 16 16 16 16 16 16 16 16 16 21 21 21 21 21 21 21 21 21 21 21 21 21 21 21 21 21 12 12 12 12 12 12 12 12 12 21 21 21  6  6  6  6  6  6  6  6  6 
 7  7  7  7  7  7  7  7  7 10 10 10 10 10 10  5  5  5  5  5  5  5  5  5  5  5  5  5 16 16 16 16 16 16 16 16 16 14 14 14 14 16 16 16 16 16 16 16 16 16 16 21 21 21 21 21 21 21 21 21 21 21 21 21 21 21 21 12 12 12 12 12 12 21 21 21 21 21 21  6  6  6  6  6  6  6  6  6 
 7  7  7  7  7  7  7  7  7 10 10 10 10 10 10 10  5  5  5  5  5  5  5  5  5  5  5  5 16 16 14 14 14 14 16 16 14 14 14 14 14 16 16 16 16 16 16 16 16 16 16 21 21 21 21 21 21 21 21 21 21 21 21 21 21 21 21 21 21 12 21 12 12 12 21 21 21 21 21 21  6  6  6  6  6  6  6  6 
 7  7  7  7  7  7  7  7  7 10 10 10 10 10 10 10  5  5  5  5  5  5  5  5  5  5  5  5 16 16 14 14 14 14 16 14 14 14 14 14 14 14 16 16 16 16 16 16 16 16 16 21 21 21 21 21 21 21 21 21 21 21 21 21 21 21 21 21 21 21 21 12 21 21 21 21 21 21 21 21 21  6  6  6  6  6  6  6 
 7  7  7  7  7  7  7  7  7 10 10 10 10 10 10 10  5  5  5  5  5  5  5  5  5  5  5  5 16 16 14 14 14 14 14 14 14 14 14 14 14 14 14 16 16 16 16 16 16 16 16 21 21 21 21 21 21 21 21 21 21 21 21 21 21 21 21 21 21 21 21 21 21 21 21 21 21 21 21  6 21  6  6  6  6  6  6  6 
 7  7  7  7  7  7  7  7  7 10 10 10 10 10 10 10  5  5  5  5  5  5  5  5  5  5  5  5 14 14 14 14 14 14 14 14 14 14 14 14 14 14 14 16 16 16 16 16 16 16 21 21 21 21 21 21 21 21 21 21 21 21 21 21 21 21 21 21 21 21 21  6  6  6  6  6  6  6  6  6  6  6  6  6  6  6  6  6 
 7  7  7  7  7  7  7  7  7  7 10 10 10 10 10  5  5  5  5  5  5  5  5  5  5  5  5  5 14 14 14 14 14 14 14 14 14 14 14 14 14 14 14 16 16 16 16 16 16 16 21 21 21 21 21 21 21 21 21 21 21 21 21 21 21 21 21 21 21 21 21  6  6  6  6  6  6  6  6  6  6  6  6  6  6  6  6  6 
 7  7  7  7  7  7  7  7  7  7 10 10 10 10  5  5  5  5  5  5  5  5  5  5  5  5  5  5 14 14 14 14 14 14 14 14 14 14 14 14 14 14 14 14 14 16 16 16 16 21 21 21 21 21 21 21 21 21 21 21 21 21 21 21 21 21 21 21 21 21 21  8  6  6  6  6  6  6  6  6  6  6  6  6  6  6  6  6 
 7  7  7  7  7  7  7  7  7  7 10 10 10 10 10  5  5  5  5  5  5  5  5  5  5  5  5  5 14 14 14 14 14 14 14 14 14 14 14 14 14 14 14 14 14 14 14 16 16 21 21 21 21  8  8  8  8 21 21  8  8  8 21 21 21 21 21  8  8  8  8  8  6  6  6  6  6  6  6  6  6  6  6  6  6  6  6  6 
 7  7  7  7  7  7  7  7  7 10 10 10 10 10 10  5  5  5  5  5  5  5  5  5  5  5  5 14 14 14 14 14 14 14 14 14 14 14 14 14 14 14 14 14 14 14 14 21 21 21 21 21  8  8  8  8  8  8  8  8  8  8  8  8  8  8  8  8  8  8  8  8  6  6  6  6  6  6  6  6  6  6  6  6  6  6  6  6 
 7  7  7  7  7  7  7 10 10 10 10 10 10 10 10  5  5  5  5  5  5  5  5  5  5  5  5 14 14 14 14 14 14 14 14 14 14 14 14 14 14 14 14 14 14 14 14 21 21  8  8  8  8  8  8  8  8  8  8  8  8  8  8  8  8  8  8  8  8  8  8  8  8  6  6  6  6  6  6  6  6  6  6  6  6  6  6  6 
 7  7  7  7  7  7 10 10 10 10 10 10 10 10 10 10  5  5  5  5  5  5  5  5  5  5  5 14 14 14 14 14 14 14 14 14 14 14 14 14 14 14 14 14 14 14 14 21  8  8  8  8  8  8  8  8  8  8  8  8  8  8  8  8  8  8  8  8  8  8  8  8  8  6  6  6  6  6  6  6  6  6  6  6  6  6  6  6 
 7  7  7  7  7 10 10 10 10 10 10 10 10 10 10 10  5  5  5  5  5  5  5  5  5  5  5 14 14 14 14 14 14 14 14 14 14 14 14 14 14 14 14 14 14 14 21 21  8  8  8  8  8  8  8  8  8  8  8  8  8  8  8  8  8  8  8  8  8  8  8  6  6  6  6  6  6  6  6  6  6  6  6  6  6  6  6  6 
 7  7  7  7  7 10 10 10 10 10 10 10 10 10 10 10 10  5  5  5  5  5  5  5  5  5  5 14 14 14 14 14 14 14 14 14 14 14 14 14 14 14 14 14 14 14 21 21 21  8  8  8  8  8  8  8  8  8  8  8  8  8  8  8  8  8  8  8  8  8  8  6  6  6  6  6  6  6  6  6  6  6  6  6  6  6  6  6 
 7  7  7  7  2 10 10 10 10 10 10 10 10 10 10 10 10  5  5  5  5  5  5  5  5  5  5 14 14 14 14 14 14 14 14 14 14 14 14 14 14 14 14 14 14 21 21 21 21 21  8  8  8  8  8  8  8  8  8  8  8  8  8  8  8  8  8  8  8  8 20 20 20 20 20 20 20 20 20 20  6  6 20 20  6  6  6  6 
 7  7  7  7  2  2 10  2  2 10 10 10 10 10 10 10 10 10  5  5  5  5  5  5  5  5  5  5 14 14 14 14 14 14 14 14 14 14 14 14 14 14 14 14 14 14 21 21  8  8  8  8  8  8  8  8  8  8  8  8  8  8  8  8  8  8  8  8  8  8 20 20 20 20 20 20 20 20 20 20 20 20 20 20 20 20  6  6 
 7  7  7  7  2  2  2  2  2  2 10 10 10 10 10 10 10  5  5  5  5  5  5  5  5  5  5  5  5 14 14 14 14 14 14 14 14 14 14 14 14 14 14 14 14 21 21 21 21  8  8  8  8  8  8  8  8  8  8  8  8  8  8  8  8  8  8  8  8  8 20 20 20 20 20 20 20 20 20 20 20 20 20 20 20 20 20  6 
 2  2  2  2  2  2  2  2  2  2 10 10 10 10 10 10 10 10  5 10  5  5  5  5  5  5  5  5  5  5 14 14 14 14 14 14 14 14 14 14 14 14 14 14 14 21 21 21  8  8  8  8  8  8  8  8  8  8  8  8  8  8  8  8  8  8  8  8  8 20 20 20 20 20 20 20 20 20 20 20 20 20 20 20 20 20 20 20 
 2  2  2  2  2  2  2  2  2  2  2  2  2  2 10 10 10 10 10 10  5  5  5  5  5  5  5  5  5  5 14 14 14 14 14 14 14 14 14 14 14 14 14 14 14 21 21 21  8  8  8  8  8  8  8  8  8  8  8  8  8  8  8  8  8  8  8  8  8 20 20 20 20 20 20 20 20 20 20 20 20 20 20 20 20 20 20 20 
 2  2  2  2  2  2  2  2  2  2  2  2  2  2 10 10 10 10 10 10  5  5  5  5  5  5  5  5  5  5 14 14 14 14 14 14 14 14 14 14 14 14 14 14 21 21 21 21  8  8  8  8  8  8  8  8  8  8  8  8  8 18  8  8  8  8  8 20 20 20 20 20 20 20 20 20 20 20 20 20 20 20 20 20 20 20 20 20 
 2  2  2  2  2  2  2  2  2  2  2  2  2  2 10 10 10 10 10 10  5  5  5  5  5  5  5  5  5  5  5  5 14 14 14 14 14 14 14 14 14 14 14 21 21 21 21 21 21 21  8  8  8  8  8  8  8  8  8 18 18 18 18 18 18 18 20 20 20 20 20 20 20 20 20 20 20 20 20 20 20 20 20 20 20 20 20 20 
 2  2  2  2  2  2  2  2  2  2  2  2  2  2 10 10 10 10 10 10 10 10  5  5  5  5  5  5  5  5  5  5 14 14 14 14 14 14 14 14 14 14 14 21 21 21 21 21 21 21 21  8  8  8  8  8  8  8 18 18 18 18 18 18 18 18 20 20 20 18 20 18 18 18 20 20 20 20 20 20 20 20 20 20 20 20 20 20 
 2  2  2  2  2  2  2  2  2  2  2  2  2  2  2 10 10 10 10 10 10 10  5  5  5  5  5  5  5  5  5  5  5 14 14 14 14 14 14 14 14 14 14 21 21 21 21 21 21 21 21  8  8  8  8  8  8  8 18 18 18 18 18 18 18 18 18 18 18 18 18 18 18 18 18 20 20 20 18 20 20 20 20 20 20 20 20 20 
 2  2  2  2  2  2  2  2  2  2  2  2  2  2  2 17 10 17 10 10 10 10  5  5  5  5  5  5  5  5  5  5  5 14 14 14 14 14 21 14 21 14 21 21 21 21  8  8  8  8  8  8  8  8  8  8 18 18 18 18 18 18 18 18 18 18 18 18 18 18 18 18 18 18 18 18 18 18 18 18 20 20 20 20 20 20 20 20 
 2  2  2  2  2  2  2  2  2  2  2 17 17 17 17 17 17 17 17 10 10 10 10 10  5  5  5  5  5  5  5  5  5  5  5 14 14 14 21 21 21 21 21 21 21  8  8  8  8  8  8  8  8  8  8  8 18 18 18 18 18 18 18 18 18 18 18 18 18 18 18 18 18 18 18 18 18 18 18 20 20 20 20 20 20 20 20 20 
 2  2  2  2  2  2  2  2  2  2 17 17 17 17 17 17 17 17 17 10 10 10 10 10 10 10 10  5  5  5  5  5  5 10  5 14 14 14 14 21 21 21 21 21 21  8  8  8  8  8  8  8  8 18  8 18 18 18 18 18 18 18 18 18 18 18 18 18 18 18 18 18 18 18 18 18 18 18 18 18 20 20 20 20 20 20 20 20 
 2  2  2  2  2  2  2  2  2  2 17 17 17 17 17 17 17 17 17 10 10 10 10 10 10 10 10  5  5  5  5  5  5 10  5 14 14 14 14 21 21 21 21 21 21  8  8  8  8  8  8 18 18 18 18 18 18 18 18 18 18 18 18 18 18 18 18 18 18 18 18 18 18 18 18 18 18 18 18 18 18 18 18 20 20 20 20 20 
 2  2  2  2  2  2  2  2  2  2 17 17 17 17 17 17 17 17 17 10 10 10 10 10 10 10 10 10 10 10 10 10 10 10 14 14 14 14 14 21 21 21 21 21  8  8  8  8  8  8 18 18 18 18 18 18 18 18 18 18 18 18 18 18 18 18 18 18 18 18 18 18 18 18 18 18 18 18 18 22 22 18 20 20 20 20 20 20 
 2  2  2  2  2  2  2 17 17 17 17 17 17 17 17 17 17 17 17 17 17 17 10 10 10 17 17 10 10 10 10 10 10 10 10 10 10 14 21 21 21 21 21  8  8  8  8  8  8  8 18 18 18 18 18 18 18 18 18 18 18 18 18 18 18 18 18 18 18 18 18 18 18 18 18 18 18 22 22 22 22 18 22 20 20 20 20 20 
 2  2  2  2  2  2  2  2 17 17 17 17 17 17 17 17 17 17 17 17 17 17 17 10 10 17 17 10 10 10 10 10 10 10 10 10 10 14 21 21 21  8  8  8  8  8  8  8  8 18 18 18 18 18 18 18 18 18 18 18 18 18 18 18 18 18 18 18 18 18 18 18 18 18 18 18 18 22 22 22 22 22 22 20 20 20 20 20 
 2  2  2  2  2  2  2 17 17 17 17 17 17 17 17 17 17 17 17 17 17 17 17 17 17 17 17 17 10 17 10 17 17 10 10 10 21 21 21 21 21  8  8  8  8  8  8  8  8  8 18 18 18 18 18 18 18 18 18 18 18 18 18 18 18 18 18 18 18 18 18 18 18 18 22 22 22 22 22 22 22 22 22 20 22 20 20 20 
 2  2  2  2  2  2  2 17 17 17 17 17 17 17 17 17 17 17 17 17 17 17 17 17 17 17 17 17 17 17 17 17 17 17 17 10 21 21 21 21 21  8  8  8  8  8  8  8  8 18 18 18 18 18 18 18 18 18 18 18 18 18 18 18 18 18 18 18 18 18 18 18 18 22 22 22 22 22 22 22 22 22 22 22 22 22 20 20 
 2  2  2  2  2  2  2  2 17 17 17 17 17 17 17 17 17 17 17 17 17 17 17 17 17 17 17 17 17 17 17 17 17 17 10 10 10 10 21 21  8  8  8  8  8  8  8  8 18 18 18 18 18 18 18 18 18 18 18 18 18 18 18 18 18 18 18 18 18 18 18 18 22 22 22 22 22 22 22 22 22 22 22 22 22 22 20 20 
 2  2  2  2  2 17 17 17 17 17 17 17 17 17 17 17 17 17 17 17 17 17 17 17 17 17 17 17 17 17 17 17 17 17 17 10 10 21 21 21  8  8  8  8  8  8 18 18 18 18 18 18 18 18 18 18 18 18 18 18 18 18 18 18 18 18 18 18 18 18 22 22 22 22 22 22 22 22 22 22 22 22 22 22 22 22 22 20 
 2  2  2  2 17 17 17 17 17 17 17 17 17 17 17 17 17 17 17 17 17 17 17 17 17 17 17 17 17 17 17 17 17 17 17 10 10 21 21 21  8  8  8  8 18 18 18 18 18 18 18 18 18 13 13 13 13 18 18 18 18 18 18 18 13 18 13 22 22 22 22 22 22 22 22 22 22 22 22 22 22 22 22 22 22 22 22 20 
 2  2  2  2 17 17 17 17 17 17 17 17 17 17 17 17 17 17 17 17 17 17 17 17 17 17 17 17 17 17 17 17 17 17 17 10 10 10 21 21 21  8  8 18 18 18 18 18 18 18 18  1  1 13 13 13 13 18 18 18 18 18 18 13 13 18 13 22 22 22 22 22 22 22 22 22 22 22 22 22 22 22 22 22 22 22 20 20 
 2  2  2  2 17 17 17 17 17 17 17 17 17 17 17 17 17 17 17 17 17 17 17 17 17 17 17 17 17 15 15 17 17 17 17 17 17 10 21 21 21  8  8 18 18 18 18 18 18 18  1  1  1  1 13 13 13 13 13 13 13 13 13 13 13 13 13 13 13 22 22 22 22 22 22 22 22 22 22 22 22 22 22 22 20 20 20 20 
 2  2  2  2 17 17 17 17 17 17 17 17 17 17 17 17 17 17 17 17 17 17 17 17 17 17 15 17 17 15 15 17 17 17 17 17 17 10 10 10 10  8  8 18 18 18 18  1 18 18  1  1  1  1  1 13 13 13 13 13 13 13 13 13 13 13 13 13 13 22 22 22 22 22 22 22 22 22 22 22 22 22 22 22 20 20 20 20 
 2  2  2  2 17 17 17 17 17 17 17 17 17 17 17 17 17 17 17 17 17 17 17 17 15 15 15 15 15 15 15 15 15 15 15 15 17 17 17 17 10  8  8  8 18 18 18  1  1  1  1  1  1  1  1 13 13 13 13 13 13 13 13 13 13 13 13 13 13 22 22 22 22 22 22 22 22 22 22 22 22 22 22 22 20 20 20 20 
 2  2  2  2  2  2  2 17 17 17 17 17 17 17 17 17 17 17 17 17 17 17 17 17 15 15 15 15 15 15 15 15 15 15 15 15 15 17 15 17 15 15  8  8 18 18  1  1  1  1  1  1  1  1  1  1 13 13 13 13 13 13 13 13 13 13 13 13 13 22 22 22 22 22 22 22 22 22 22 22 22 22 22 22 22 20 20 20 
 2  2  2  2  2  2  2  2  2  2 17 17 17 17 17 17 17 17 17 17 17 17 15 15 15 15 15 15 15 15 15 15 15 15 15 15 15 15 15 15 15 15  8  8 18  1  1  1  1  1  1  1  1  1  1  1  1  1  1 13 13 13 13 13 13 13 13 13 13 13 22 22 22 22 22 22 22 22 22 22 22 22 22 22 22 20 20 20 
 2  2  2  2  2  2  2  2  2 17 17 17 17 19 19 17 17 17 17 15 15 15 15 15 15 15 15 15 15 15 15 15 15 15 15 15 15 15 15 15 15 15  8 18 18  1  1  1  1  1  1  1  1  1  1  1  1  1  1 13 13 13 13 13 13 13 13 13 13 13 13 22 22 22 22 22 22 22 22 22 22 22 22 22 20 20 20 20 
 2  2  2  2  2  2  2  2  2  2  2  2 19 19 17 17 17 17 17 15 15 15 15 15 15 15 15 15 15 15 15 15 15 15 15 15 15 15 15 15 15 15 15 18  1  1  1  1  1  1  1  1  1  1  1  1  1  1  1 13 13 13 13 13 13 13 13 13 13 13 22 22 22 13 22 22 22 22 22 22 22 22 22 22 20 20 20 20 
 2  2  2  2  2  2  2  2  2  2 19 19 19 19 19 19 17 15 15 15 15 15 15 15 15 15 15 15 15 15 15 15 15 15 15 15 15 15 15 15 15 15 15 18  1  1  1  1  1  1  1  1  1  1  1  1  1  1  1 13 13 13 13 13 13 13 13 13 13 13 13 13 13 13 22 22 22 22 22 22 22 22 22 22 20 20 20 20 
 2  2  2  2  2  2  2  2 19 19 19 19 19 19 19 19 19 15 15 15 15 15 15 15 15 15 15 15 15 15 15 15 15 15 15 15 15 15 15 15 15 15  1  1  1  1  1  1  1  1  1  1  1  1  1  1  1  1  1 13 13 13 13 13 13 13 13 13 13 13 13 13 13 13 22 22 22 22 22 22 22 22 22 22 20 20 20 20 
 2  2  2  2  2 19  2  2 19 19 19 19 19 19 19 19 19 19 19 15 15 15 15 15 15 15 15 15 15 15 15 15 15 15 15 15 15 15 15 15 15 15  1  1  1  1  1  1  1  1  1  1  1  1  1  1  1  1  1 13 13 13 13 13 13 13 13 13 13 13 13 13 13 13 13 22 22 22 22 22 22 22 22 22 22 20 20 20 
 2  2  2  2  2 19 19 19 19 19 19 19 19 19 19 19 19 19 19 15 15 15 15 15 15 15 15 15 15 15 15 15 15 15 15 15 15 15 15 15 15 15  1  1  1  1  1  1  1  1  1  1  1  1  1  1  1  1  1  1 13 13 13 13 13 13 13 13 13 13 13 13 13 13 13 13 22 22 22 22 22 22 22 22 22 20 20 20 
 2  2  2  2  2 19 19 19 19 19 19 19 19 19 19 19 19 19 19 19 15 15 15 15 15 15 15 15 15 15 15 15 15 15 15 15 15 15 15 15 15 15  1  1  1  1  1  1  1  1  1  1  1  1  1  1  1  1  1  1 13 13 13 13 13 13 13 13 13 13 13 13 13 13 13 13 22 22 22 22 22 22 22 22 22 20 20 20 
 2  2  2  2 19 19 19 19 19 19 19 19 19 19 19 19 19 19 19 15 15 15 15 15 15 15 15 15 15 15 15 15 15 15 15 15 15 15 15 15 15 15  1  1  1  1  1  1  1  1  1  1  1  1  1  1  1  1  1  1 13 13 13 13 13 13 13 13 13 13 13 13 13 13 13 13 13 22 22 22 22 22 22 22 22 20 20 20 
 2  2 19 19 19 19 19 19 19 19 19 19 19 19 19 19 19 19 19 15 15 15 15 15 15 15 15 15 15 15 15 15 15 15 15 15 15 15 15 15 15  1  1  1  1  1  1  1  1  1  1  1  1  1  1  1  1  1  1  1  1 13 13 13 13 13 13 13 13 13 13 13 13 13 13 13 13 22 22 22 22 22 22 22 20 20 20 20 
19 19 19 19 19 19 19 19 19 19 19 19 19 19 19 19 19 19 19 19 15 15 15 15 15 15 15 15 15 15 15 15 15 15 15 15 15 15 15 15 15  1  1  1  1  1  1  1  1  1  1  1  1  1  1  1  1  1  1  1  1  1 13 13 13 13 13 13 13 13 13 13 13 13 13 13 13 22 22 22 22 22 22 20 20 20 20 20 
19 19 19 19 19 19 19 19 19 19 19 19 19 19 19 19 19 19 19 19 19 19 19 15 15 15 15 15 15 15 15 15 15 15 15 15 15 15 15 15 15  1  1  1  1  1  1  1  1  1  1  1  1  1  1  1  1  1  1  1  1  1 13 13 13 13 13 13 13 13 13 13 13 13 13 13 13 13 13 22 22 22 22 22 20 20 20 20 
19 19 19 19 19 19 19 19 19 19 19 19 19 19 19 19 19 19 19 19 19 19 19 15 15 15 15 15 15 15 15 15 15 15 15 15 15 15 15 15  1  1  1  1  1  1  1  1  1  1  1  1  1  1  1  1  1  1  1  1  1  1  1 13 13 13 13 13 13 13 13 13 13 13 13 13 13 13 13 13 22 22 22 22 20 20 20 20 
19 19 19 19 19 19 19 19 19 19 19 19 19 19 19 19 19 19 19 19 19 19 19 19 19 15 15 15 15 15 15 15 15 15 15 15 15 15 15 15  1  1  1  1  1  1  1  1  1  1  1  1  1  1  1  1  1  1  1  1  1  1  1 13 13 13 13 13 13 13 13 13 13 13 13 13 13 13 13 13 13 22 22 22 20 20 20 20 
19 19 19 19 19 19 19 19 19 19 19 19 19 19 19 19 19 19 19 19 19 19 19 19 19 19 15 19 15 15 15 15 15 15 15 15 15 15 15 15  1  1  1  1  1  1  1  1  1  1  1  1  1  1  1  1  1  1  1  1  1  1  1  1 13 13 13 13 13 13 13 13 13 13 13 13 13 13 22 22 22 22 22 22 20 20 20 20 
19 19 19 19 19 19 19 19 19 19 19 19 19 19 19 19 19 19 19 19 19 19 19 19 19 19 19 19 15 15 15 15 15 15 15 15 15 15 15  1  1  1  1  1  1  1  1  1  1  1  1  1  1  1  1  1  1  1  1  1  1  1  1 13 13 13 13 13 13 13 13 13 13 13 13 13 13 13 13 22 22 22 22 22 22 20 20 20 
19 19 19 19 19 19 19 19 19 19 19 19 19 19 19 19 19 19 19 19 19 19 19 19 19 19 19 19 15 15 15 15 15 15 15 15 15 15 15  1  1  1  1  1  1  1  1  1  1  1  1  1  1  1  1  1  1  1  1  1  1  1  1  1 13 13 13 13 13 13 13 22 13 13 22 13 13 22 22 22 22 22 22 22 20 20 20 20 
19 19 19 19 19 19 19 19 19 19 19 19 19 19 19 19 19 19 19 19 19 19 19 19 19 19 19 19 15 15 15 15 15 15 15 15 15 15  1  1  1  1  1  1  1  1  1  1  1  1  1  1  1  1  1  1  1  1  1  1  1  1 13 13 13 13 13 13 13 13 22 22 22 22 22 22 22 22 22 22 22 22 22 22 20 20 20 20 
