23
1 4 0 1 2 3
2 4 0 1 2 3
3 4 0 1 2 3
4 4 0 1 2 3
5 4 0 1 2 3
6 4 0 1 2 3
7 4 0 1 2 3
8 4 0 1 2 3
9 4 0 1 2 3
10 4 0 1 2 3
11 4 0 1 2 3
12 4 0 1 2 3
13 4 0 1 2 3
14 4 0 1 2 3
15 4 0 1 2 3
16 4 0 1 2 3
17 4 0 1 2 3
18 4 0 1 2 3
19 4 0 1 2 3
20 4 0 1 2 3
21 4 0 1 2 3
22 4 0 1 2 3
23 4 0 1 2 3
54
1 16 4   0 0   1 1   2 2   3 3
1 19 4   0 0   1 1   2 2   3 3
1 23 4   0 0   1 1   2 2   3 3
2 3 4   0 0   1 1   2 2   3 3
2 21 4   0 0   1 1   2 2   3 3
2 8 4   0 0   1 1   2 2   3 3
2 13 4   0 0   1 1   2 2   3 3
3 19 4   0 0   1 1   2 2   3 3
3 22 4   0 0   1 1   2 2   3 3
3 8 4   0 0   1 1   2 2   3 3
3 13 4   0 0   1 1   2 2   3 3
4 18 4   0 0   1 1   2 2   3 3
4 5 4   0 0   1 1   2 2   3 3
4 13 4   0 0   1 1   2 2   3 3
5 18 4   0 0   1 1   2 2   3 3
5 7 4   0 0   1 1   2 2   3 3
5 11 4   0 0   1 1   2 2   3 3
6 17 4   0 0   1 1   2 2   3 3
6 9 4   0 0   1 1   2 2   3 3
6 10 4   0 0   1 1   2 2   3 3
6 15 4   0 0   1 1   2 2   3 3
7 18 4   0 0   1 1   2 2   3 3
7 21 4   0 0   1 1   2 2   3 3
7 8 4   0 0   1 1   2 2   3 3
7 11 4   0 0   1 1   2 2   3 3
7 13 4   0 0   1 1   2 2   3 3
7 14 4   0 0   1 1   2 2   3 3
8 21 4   0 0   1 1   2 2   3 3
8 22 4   0 0   1 1   2 2   3 3
8 12 4   0 0   1 1   2 2   3 3
8 14 4   0 0   1 1   2 2   3 3
9 16 4   0 0   1 1   2 2   3 3
9 17 4   0 0   1 1   2 2   3 3
9 12 4   0 0   1 1   2 2   3 3
9 15 4   0 0   1 1   2 2   3 3
10 20 4   0 0   1 1   2 2   3 3
10 11 4   0 0   1 1   2 2   3 3
10 15 4   0 0   1 1   2 2   3 3
11 20 4   0 0   1 1   2 2   3 3
11 14 4   0 0   1 1   2 2   3 3
11 15 4   0 0   1 1   2 2   3 3
12 16 4   0 0   1 1   2 2   3 3
12 22 4   0 0   1 1   2 2   3 3
12 14 4   0 0   1 1   2 2   3 3
12 15 4   0 0   1 1   2 2   3 3
13 18 4   0 0   1 1   2 2   3 3
13 21 4   0 0   1 1   2 2   3 3
14 15 4   0 0   1 1   2 2   3 3
16 17 4   0 0   1 1   2 2   3 3
16 22 4   0 0   1 1   2 2   3 3
16 23 4   0 0   1 1   2 2   3 3
19 22 4   0 0   1 1   2 2   3 3
19 23 4   0 0   1 1   2 2   3 3
22 23 4   0 0   1 1   2 2   3 3
