112 112
 7  7  7  7  7  7  7  7  7  7  7  7  7  7  7  7  7  7  7  7  7  7  7  7  7  7  7  7  7  7  7  7  7  7  7  7  7  7  7  7  7  7  7 14 14 14 14 14 14 14 14 14 14 14 14 14 14 14 14 14 14 14 14 14 14 14 15 15 15 15 15 15 15 15 15 15 15 15 15 15 15 15 15 15 15 15 15 15 15 15 15 15 15 15 15 15  8  8  8  8  8  8  8  8  8  8  8  8  8  8  8  8 
 7  7  7  7  7  7  7  7  7  7  7  7  7  7  7  7  7  7  7  7  7  7  7  7  7  7  7  7  7  7  7  7  7  7  7  7  7  7  7  7  7  7  7 14  7 14 14 14 14 14 14 14 14 14 14 14 14 14 14 14 14 14 14 14 14 14 14 14 15 15 15 15 15 15 15 15 15 15 15 15 15 15 15 15 15 15 15 15 15 15 15 15 15 15  8  8  8  8  8  8  8  8  8  8  8  8  8  8  8  8  8  8 
24  7  7  7  7  7  7  7  7  7  7  7  7  7  7  7  7  7  7  7  7  7  7  7  7  7  7  7  7  7  7  7  7  7  7  7  7  7  7  7  7  7  7 14  7 14 14 14  4  4  4 14 14 14 14 14 14 14 14 14 14 14 14 14 14 14 14 14 14 15 15 15 15 15 15 15 15 15 15 15 15 15 15 15 15 15 15 15 15 15 15 15 15  8  8  8  8  8  8  8  8  8  8  8  8  8  8  8  8  8  8  8 
24 24  7  7  7  7  7  7  7  7  7  7  7  7  7 10  7  7  7  7  7  7  7  7  7  7  7  7  7  7  7  7  7  7  7  7  7  7  7  7  7  7  7  7  7  7  4  4  4  4  4  4  4  4  4 14 14 14 14 14 14 14 14 14 14 14 14 14 14 14 14 14 15 15 15 15 15 15 15 15 15 15 15 15 15 15 15 15 15 15 15 15 15  8  8  8  8  8  8  8  8  8  8  8  8  8  8  8  8  8  8  8 
24 24 24 24  7  7  7  7  7  7  7  7  7  7  7 10 10  7  7  7 10  7  7  7  7  7  7  7  7  7  7  7  7  7  7  7  7  7  7  7  7  7  7  7  7  7  4  4  4  4  4  4  4  4  4  4 14 14 14 14 14 14 14 14 14 14 14 14 14 14 14 14 14 14 14 14 15 15 15 15 15 15 15 15 15 15 15 15 15 15 15 15 15  8  8  8  8  8  8  8  8  8  8  8  8  8  8  8  8  8  8  8 
24 24 24 24  7  7  7  7  7  7  7 10 10  7  7 10 10 10 10 10 10  7  7  7  7  7  7  7  7  7  7  7  7  7  7  7  7  7  7  7  7  7  7  7  7  7  7  4  4  4  4  4  4  4  4  4  4  4 14 14 14 14 14 14 14 14 14 14 14 14 14 14 14 14 14 14 15 15 15 15 15 15 15 15 15 15 15 15 15 15 15 15 15  8  8  8  8  8  8  8  8  8  8  8  8  8  8  8  8  8  8  8 
24 24 24 24  7  7  7  7  7  7 10 10 10 10 10 10 10 10 10 10 10  7  7  7  7  7  7  7  7  7  7  7  7  7  7  7  7  7  7  7  7  7  7  7  7  7  7  7  4  4  7  7  4  4  4  4 14 14 14 14 14 14 14 14 14 14 14 14 14 14 14 14 14 14 14 14 14 14 14 15 15 15 15 15 15 15 15 15 15 15 15 15 15  8  8  8  8  8  8  8  8  8  8  8  8  8  8  8  8  8  8  8 
24 24 24 24 24  7  7 10 10 10 10 10 10 10 10 10 10 10 10 10 10  7  7  7  7  7  7  7  7  7  7  7  7  7  7  7  7  7  7  7  7  7  7  7  7  7  7  7  7  4  7  4  4  4  4  4  4 14 14 14 14 14 14 14 14 14 14 14 14 14 14 14 14 14 14 14 14 14 14 14 15 15 15 15 15 15 15 15 15 15 15 15 15 15  8  8  8  8  8  8  8  8  8  8  8  8  8  8  8  8  8  8 
24 24 24 24 24 10 10 10 10 10 10 10 10 10 10 10 10 10 10 10 10  7  7  7  7  7  7  7  7  7  7  7  7  7  7  7  7  7  7  7  7  7  7  7  7  7  7  7  7  7  7  7  4  4  4  4  4  4 14 14 14 14 14 14 14 14 14 14 14 14 14 14 14 14 14 14 14 14 14 14 14 14 15 15 15 15 15 15 15 15 15 15  8  8  8  8  8  8  8  8  8  8  8  8  8  8  8  8  8  8  8  8 
24 24 24 24 10 10 10 10 10 10 10 10 10 10 10 10 10 10 10 10 10  7  7  7  7  7  7  7  7  7  7  7  7  7  7  7  7  7  7  7  7  7  7  7  7  7  7  7  7  7  7  7  4  4  4  4  4  4 14 14 14 14 14 14 14 14 14 14 14 14 14 14 14 14 14 14 14 14 14 14 14 14 14 15 15 15 15 15 15 15 15 15  8  8  8  8  8  8  8  8  8  8  8  8  8  8  8  8  8  8  8  8 
24 24 24 24 10 10 10 10 10 10 10 10 10 10 10 10 10 10 10 10 10 10  7  7  7  7  7  7  7  7  7  7  7  7  7  7  7  7  7  7  7  7  7  7  7  7  7  7  7  7  7  7  7  4  4  4  4 14 14 14 14 14 14 14 14 14 14 14 14 14 14 14 14 14 14 14 14 14 14 14 14 14 14 15 15 15 15 15 15 15 15 15 15 15  8  8  8  8  8  8  8  8  8  8  8  8  8  8  8  8  8  8 
24 24 24 10 10 10 10 10 10 10 10 10 10 10 10 10 10 10 10 10 10 10  7  7  7  7  7  7  7  7  7  7  7  7  7  7  7  7  7  7  7  7  7  7  7  7  7  7  7  7  7  7  4  4  4  4  4 14 14 14 14 14 14 14 14 14 14 14 14 14 14 14 14 14 14 14 14 14 14 14 15 15 15 15 15 15 15 15 15 15 15 15 15 15  8  8  8  8  8  8  8  8  8  8  8  8  8  8  8  8  8  8 
24 24 24 10 10 10 10 10 10 10 10 10 10 10 10 10 10 10 10 10 10 10 10 10 10 10 10  7  7  7  7  7  7  7  7  7  7  7  7  7  7  7  7  7  7  7  7  7  7  7  7  7  4  4  4  4  4  4  4  4 14 14 14 14 14 14 14 14 14 14 14 14 14 14 14 14 14 14 14 14 15 15 15 15 15 15 15 15 15 15 15 15 15 15  8  8  8  8  8  8  8  8  8  8  8  8  8  8  8  8  8  8 
24 24 24 10 10 10 10 10 10 10 10 10 10 10 10 10 10 10 10 10 10 10 10 10 10 10 10 10 10 10 10  7  7  7  7  7  7  7  7  7  7  7  7  7  7  7  7  7  7  7  4  4  4  4  4  4  4  4  4  4  4 14 14 14 14 14 14 14 14 14 14 14 14 14 14 14 14 14 14 14 15 15 15 15 15 15 15 15 15 15 15 15 15 15 15  8  8  8  8  8  8  8  8  8  8  8  8  8  8  8  8  8 
24 24 24 24 10 10 10 10 10 10 10 10 10 10 10 10 10 10 10 10 10 10 10 10 10 10 10 10 10 10 10  7  7  7  7  7  7  7  7  7  7  7  7  7  7  7  7  7  7  7  4  4  4  4  4  4  4  4  4  4  4 14 14 14 14 14 14 14 14 14 14 14 14 14 14 14 14 14 14 14 15 15 15 15 15 15 15 15 15 15 15 15 15 15  8  8  8  8  8  8  8  8  8  8  8  8  8  8  8  8  8  8 
24 24 24 24 10 10 10 10 10 10 10 10 10 10 10 10 10 10 10 10 10 10 10 10 10 10 10 10 10 10  7  7  7  7  7  7  7  7  7  7  7  7  7  7  7  7  7  7  7  4  4  4  4  4  4  4  4  4  4  4  4 14 14 14 14 14 14 14 14 14 14 14 14 14 14 14 14 14 14 15 15 15 15 15 15 15 15 15 15 15 15 15 15 15  8  8  8  8  8  8  8  8  8  8  8  8  8  8  8  8  8  8 
24 24 24 24 10 10 10 10 10 10 10 10 10 10 10 10 10 10 10 10 10 10 10 10 10 10 10 10 10 10 10  7  7  7  7  7  7  7  7  7  7  7  7  7  7  7  7  7  4  4  4  4  4  4  4  4  4  4  4  4  4 14 14 14 14 14 14 14 14 14 14 14 14 14 14 14 14 14 14 14 15 15 15 15 15 15 15 15 15 15 15 15 15 15  8  8  8  8  8  8  8  8  8  8  8  8  8  8  8  8  8  8 
24 24 24 10 10 10 10 10 10 10 10 10 10 10 10 10 10 10 10 10 10 10 10 10 10 10 10 10 10 10  7  7  7  7  7  7  7  7  7  7  7  7  7  7  7  7  7  7  4  4  4  4  4  4  4  4  4  4  4  4  4  4  4 14 14 14 14 14 14 14 14 14 14 14 14 14 14 14 14 14 15 15 15 15 15 15 15 15 15 15 15 15 15 15  8  8  8  8  8  8  8  8  8  8  8  8  8  8  8  8  8  8 
24 24 24 10 10 10 10 10 10 10 10 10 10 10 10 10 10 10 10 10 10 10 10 10 10 10 10 10 10 10  7  7  7  7  7  7  7  7  7  7  7  7  7  7  7  7  7  7  7  4  4  4  4  4  4  4  4  4  4  4  4  4  4 14 14 14 14 14 14 14 14 14 14 14 14 14 14 14 14 15 15 15 15 15 15 15 15 15 15 15 15 15 15 15 15 15  8  8  8  8  8  8  8  8  8  8  8  8  8  8  8  8 
24 24 24 24 10 10 10 10 10 10 10 10 10 10 10 10 10 10 10 10 10 10 10 10 10 10 10 10 10 10 10  7  7  7  7  7  7  7  7  7  7  7  7  7  7  7  7  7  7  4  4  4  4  4  4  4  4  4  4  4  4  4  4  4  4 14 14 14 14 14 14 14 14 14 14 14 14 14 14 14 15 15 15 15 15 15 15 15 15 15 15 15 15 15 15 15  8  8  8  8  8  8  8  8  8  8  8  8  8  8  8  8 
24 24 24 24 10 10 10 10 10 10 10 10 10 10 10 10 10 10 10 10 10 10 10 10 10 10 10 10 10 10 10 10 10  7  7  7  7  7  7  7  7  7  7  7  7  7  7  7  7  4  4  4  4  4  4  4  4  4  4  4  4  4  4  4 14 14 14 14 14 14 14 14 14 14 14 14 14 14 14 15 15 15 15 15 15 15 15 15 15 15 15 15 15  8  8  8  8  8  8  8  8  8  8  8  8 21 21  8  8  8  8  8 
24 24 24 24 10 10 10 10 10 10 10 10 10 10 10 10 10 10 10 10 10 10 10 10 10 10 10 10 10 10 10 10 10  7  7  7  7  7  7  7  7  7  7  7  7  7  7  7  4  4  4  4  4  4  4  4  4  4  4  4  4  4  4  4 14 14 14 14 14 14 14 14 14 14 14 14 14 14 14 14 15 15 15 15 15 15 15 15 15 15 15 15 15 15  8  8  8  8  8  8  8  8  8  8  8 21 21 21  8  8  8  8 
24 24 24 24 10 10 10 10 10 10 10 10 10 10 10 10 10 10 10 10 10 10 10 10 10 10 10 10 10 10 10 10 10  7 16  7  7 16 16  7  7  7  7  7  7  7  7  4  4  4  4  4  4  4  4  4  4  4  4  4  4  4  4  4  4 14 14 14 14 14 14 14 14 14 14 14 14 14 14 14 15 15 15 15 15 15 15 15 15 15 15 15 15 15  8  8  8  8  8  8  8  8  8  8 21 21 21 21 21 21 21 21 
24 24 24 24 10 10 10 10 10 10 10 10 10 10 10 10 10 10 10 10 10 10 10 10 10 10 10 10 10 10 10 10 10  7 16 16  7 16 16  4  4  7  7  7  4  4  4  4  4  4  4  4  4  4  4  4  4  4  4  4 26 26  4  4 26 14 14 26 14 14 14 14 14 14 14 14 14 14 14 14 15 15 15 15 15 15 15 15 15 15 15 15 15  8  8  8  8  8  8  8 21  8 21 21 21 21 21 21 21 21 21 21 
24 24 24 24 24 10 10 10 10 10 10 10 10 10 10 10 10 10 10 10 10 10 10 10 10 10 10 10 10 10 10 10 10  7 16 16 16 16  4  4  4  7  4  4  4  4  4  4  4  4  4  4  4  4  4  4  4  4  4  4 26 26  4 26 26 26 26 26 14 14 14 14 14 14 14 14 14 11 14 14 15 15 15 15 15 15 15 15 15 15 15 15 15 15  8  8  8  8  8  8 21  8 21 21 21 21 21 21 21 21 21 21 
24 24 24 10 10 10 10 10 10 10 10 10 10 10 10 10 10 10 10 10 10 10 10 10 10 10 10 10 10 10 10 10 10 16 16 16 16 16 16  4  4  4  4  4  4  4  4  4  4  4  4  4  4  4  4  4  4  4  4 26 26 26 26 26 26 26 26 26 26 26 14 14 14 14 26 26 11 11 14 14 15 11 15 15 15 15 15 15 22 15 15 15 15 15 21 21 21 21 21 21 21 21 21 21 21 21 21 21 21 21 21 21 
24 24 24 24 24 24 24 10 10 24 10 10 10 10 10 10 10 10 10 10 10 10 10 10 10 10 10 10 10 10 10 10 10 16 16 16 16 16 16  4  4  4  4  4  4  4  4  4  4  4  4  4  4  4  4  4  4  4  4 26 26 26 26 26 26 26 26 26 26 26 26 26 26 26 26 26 11 11 11 11 11 11 15 11 15 15 22 22 22 22 22 15 15 15 21 21 21 21 21 21 21 21 21 21 21 21 21 21 21 21 21 21 
24 24 24 24 24 24 24 10 24 24 24 24 24 10 10 10 10 10 10 10 10 10 10 10 10 10 10 10 10 10 10 10 16 16 16 16 16 16 16  4  4  4  4  4  4  4  4  4  4  4  4  4  4  4  4  4  4  4 26 26 26 26 26 26 26 26 26 26 26 26 26 26 26 26 26 26 26 11 11 11 11 11 11 11 15 11 22 22 22 22 22 22 15 15 21 21 21 21 21 21 21 21 21 21 21 21 21 21 21 21 21 21 
24 24 24 24 24 24 24 24 24 24 24 24 24 10 10 10 10 10 10 10 10 10 10 10 10 10 10 10 10 10 10 10 10 16 16 16 16 16  4  4  4  4  4  4  4  4  4  4  4  4  4  4  4  4  4  4 26 26 26 26 26 26 26 26 26 26 26 26 26 26 26 26 26 26 26 26 26 26 11 11 11 11 11 11 11 11 22 22 22 22 22 22 15 21 21 21 21 21 21 21 21 21 21 21 21 21 21 21 21 21 21 21 
24 24 24 24 24 24 24 24 24 24 24 24 24 24 10 10 10 10 10 10 10 10 10 10 10 10 10 10 10 10 10 10 10 16 16 16 16 16  4  4  4  4  4  4  4  4  4  4  4  4  4  4  4  4  4 26 26 26 26 26 26 26 26 26 26 26 26 26 26 26 26 26 26 26 26 26 26 26 11 11 11 11 11 11 11 11 22 22 22 22 22 22 22 21 21 21 21 21 21 21 21 21 21 21 21 21 21 21 21 21 21 21 
24 24 24 24 24 24 24 24 24 24 24 24 24 24 24 24 10 10 10 10 10 10 10 10 10 10 10 10 10 10 10 10 10 16 16 16 16  4  4  4  4  4  4  4  4  4  4  4  4  4  4  4  4  4  4  4 26 26 26 26 26 26 26 26 26 26 26 26 26 26 26 26 26 26 26 26 26 26 26 11 11 11 11 11 11 11 11 22 22 22 22 22 22 21 21 21 21 21 21 21 21 21 21 21 21 21 21 21 21 21 21 21 
24 24 24 24 24 24 24 24 24 24 24 24 24 24 24 24 10 10 10 10 10 10 10 10 10 10 10 10 10 10 10 10 10 16 16 16 16 16  4  4  4  4  4  4  4  4  4  4  4  4  4  4  4  4  4  4  4 26 26 26 26 26 26 26 26 26 26 26 26 26 26 26 26 26 26 26 26 26 26 11 11 11 11 11 11 11 22 22 22 22 22 22 21 21 21 21 21 21 21 21 21 21 21 21 21 21 21 21 21 21 21 21 
24 24 24 24 24 24 24 24 24 24 24 24 24 24 24 24 24 24 10 10 10 24 10 10 10 10 10 10 10 10 10 10 16 16 16 16 16 16 16 16 16 16 16 16  4  4  4  4  4  4  4  4  4  4  4  4  4  4 26 26 26 26 26 26 26 26 26 26 26 26 26 26 26 26 26 26 26 26 11 11 11 11 11 11 11 11 22 22 22 22 22 22 21 21 21 21 21 22 21 21 21 21 21 21 21 21 21 21 21 21 21 21 
24 24 24 24 24 24 24 24 24 24 24 24 24 24 24 24 24 10 10 10 24 24 24 10 10 10 10 10 10 10 16 16 16 16 16 16 16 16 16 16 16 16 16  4  4  4  4  4  4  4  4  4  4  4  4  4  4 26 26 26 26 26 26 26 26 26 26 26 26 26 26 26 26 26 26 26 26 26 26 11 11 11 11 11 11 11 11 22 22 22 22 22 22 22 22 22 22 22 21 21 21 21 21 21 21 21 21 21 21 21 21 21 
24 24 24 24 24 24 24 24 24 24 24 24 24 24 24 24 24 24 24 24 24 24 24 24 24 10 10 16 16 16 16 16 16 16 16 16 16 16 16 16 16 16 16  4  4  4  4  4  4  4  4  4  4  4  4  4  4 26 26 26 26 26 26 26 26 26 26 26 26 26 26 26 26 26 26 26 26 11 11 11 11 11 11 11 11 11 11 22 22 22 22 22 22 22 22 22 22 21 21 21 21 21 21 21 21 21 21 21 21 21 21 21 
24 24 24 24 24 24 24 24 24 24 24 24 24 24 24 24 24 24 24 24 24 24 24 24 24 24 24 24 16 24 24 16 16 16 16 16 16 16 16 16 16 16 16 16 16  4  4  4  4  4  4  4  4  4  4  4  4 26 26 26 26 26 26 26 26 26 26 26 26 26 26 26 26 26 26 26 11 11 11 11 11 11 11 11 11 11 11 22 22 22 22 22 22 22 22 22 22 21 21 21 21 21 21 21 21 21 21 21 21 21 21 21 
24 24 24 24 24 24 24 24 24 24 24 24 24 24 24 24 24 24 24 24 24 24 24 24 24 24 24 24 24 24 16 16 16 16 16 16 16 16 16 16 16 16 16 16 16  4  4  4  4  4  4  4  4  4  4 26 26 26 26 26 26 26 26 26 26 26 26 26 26 26 26 26 26 26 26 26 11 11 11 11 11 11 11 11 11 11 22 22 22 22 22 22 22 22 22 22 22 22 21 21 21 21 21 21 21 21 21 21 21 21 21 21 
24 24 24 24 24 24 24 24 24 24 24 24 24 24 24 24 24 24 24 24 24 24 24 24 24 24 24 24 24 24 24 16 24 24 16 16 16 16 16 16 16 16 16 16 16  4  4  4  4  4  4  4  4  4 26 26 26 26 26 26 26 26 26 26 26 26 26 26 26 26 26 26 26 26 26 26 26 26 11 11 11 11 11 11 11 11 22 22 22 22 22 22 22 22 22 22 22 22 21 22 21 21 21 21 21 21 21 21 21 21 21 21 
24 24 24 24 24 24 24 24 24 24 24 24 24 24 24 24 24 24 24 24 24 24 24 24  1 24 24 24 24 24 24 24 24 24 24 16 16 16 16 16 16 16 16 16 16 16 16  4  4  4  4  4  4  4 26 26 26 26 26 26 26 26 26 26 26 26 26 26 26 26 26 26 26 26 26 26 26 26 11 11 11 11 11 11 11 11 11 22 22 22 22 22 22 22 22 22 22 22 22 22 22 22 21 21 21 21 21 21 21 21 21 21 
24 24 24 24 24 24 24 24 24 24 24 24 24 24 24 24 24 24 24 24 24  1  1  1  1 24 24 24 24 24 24 24 24 24 24 24 16 16 16 16 16 16 16 16 16 16 16  4  4  4  4  4 16 26 26 16 16 26 26 26 26 26 26 26 26 26 26 26 26 26 26 26 26 26 26 26 26 26 26 11 11 11 11 11 11 11 11 22 22 22 22 22 22 22 22 22 22 22 22 22 22 21 21 21 21 21 21 21 21 21 21 21 
24 24 24 24 24 24 24 24 24  1  1  1 24 24 24 24  1  1  1  1  1  1  1  1  1  1 24 24 24 24 24 24 24 24 24 24 24 24 16 16 16 16 16 16 16 16 16 16  4  4  4  4 16 16 16 16 16 16 16 26 26 26 26 26 26 26 26 26 26 26 26 26 26 26 26 26 26 26 11 11 11 11 11 11 11 11 22 22 22 22 22 22 22 22 22 22 22 22 22 22 22 22 21 21 21 21 21 21 21 21 21 21 
24 24 24 24 24 24 24 24  1  1  1  1  1 24 24  1  1  1  1  1  1  1  1  1  1  1 24  1 24 24 24 24 24 24 24 24 24 24 24 16 16 16 16 16 16 16 16 16  4  4  4 16 16 16 16 16 16 16 26 26 26 26 26 26 26 26 26 26 26 26 26 26 26 26 26 26 11 11 11 11 11 11 11 11 11 11 22 22 22 22 22 22 22 22 22 22 22 22 22 22 22 22 21 21 21 21 21 21 21 21 21 21 
24 24 24 24 24 24 24 24  1  1  1  1  1  1  1  1  1  1  1  1  1  1  1  1  1  1  1  1 24 24 24 24 24 24 24 24 24 24 24 24 24 16 16 16 16 16 16 16 16 16 16 16 16 16 16 16 16 28 26 26 26 26 26 26 26 26 26 26 26 26 26 26 26 26 26 11 11 11 11 11 11 11 11 11 11 11 11 22 22 22 22 22 22 22 22 22 22 22 22 22 22 22 22 21 21 21 21 21 21 21 21 21 
24 24 24 24 24 24 24 24  1  1  1  1  1  1  1  1  1  1  1  1  1  1  1  1  1  1  1  1 24 24 24 24 24 24 24 24 24 24 24 24 16 16 16 16 16 16 16 16 16 16 16 16 16 16 16 16 28 28 28 26 26 26 26 26 26 26 26 26 26 26 26 26 26 26 11 11 11 11 11 11 11 11 11 11 11 11 11 11 11 22 22 22 22 22 22 22 22 22 22 22 22 22 22 22 21 21 21 21 21 21 21 21 
24 24 24 24 24 24 24  1  1  1  1  1  1  1  1  1  1  1  1  1  1  1  1  1  1  1  1  1 24 24 24 24 24 24 24 24 24 24 24 24 16 24 16 16 16 16 16 16 16 16 16 16 16 16 28 28 28 28 28 26 26 26 26 26 26 26 26 26 26 26 26 26 26 26 11 11 11 11 11 11 11 11 11 11 11 11 11 11 11 11 22 22 22 22 22 22 22 22 22 22 22 22 22 21 21 22 21 21 21 21 21 21 
24 24 24 24 24 24  1  1  1  1  1  1  1  1  1  1  1  1  1  1  1  1  1  1  1  1  1  1  1 24 24 24 24 24 24 24 24 24 24 24 24 24 24 24 16 16 16 16 16 16 16 16 16 28 28 28 28 28 28 28 26 26 26 28 26 26 26 26 26 26 26 26 26 11 11 11 11 11 11 11 11 11 11 11 11 11 11 11 11 11 11 22 22 22 22 22 22 22 22 22 22 22 22 21 21 22 21 21 21 21 21 21 
24 24 24 24  1  1  1  1  1  1  1  1  1  1  1  1  1  1  1  1  1  1  1  1  1  1  1  1  1  1  1  1  1 24 24 24 24 24 24 24 24 24 24 16 16 16 24 24 24 16 16 16 16 28 28 28 28 28 28 28 26 26 26 28 28 26 26 26 26 26 26 26 11 11 11 11 11 11 11 11 11 11 11 11 11 11 11 11 11 11 11 11 22 22 22 22 22 22 22 22 22 22 22 21 22 22 21 21 21 21 21 21 
 1  1  1  1  1  1  1  1  1  1  1  1  1  1  1  1  1  1  1  1  1  1  1  1  1  1  1  1  1  1  1  1  1  1 24 24 24 24 24 24 24 24 24 24 24 24 24 24 16 16 16 16 28 28 28 28 28 28 28 28 28 28 28 28 28 28 28 28 26 26 26 11 11 11 11 11 11 11 11 11 11 11 11 11 11 11 11 11 11  2 22 22 22 22 22 22 22 22 22 22 22 22 22 22 22 22 21 21 21 21 21 21 
 1  1  1  1  1  1  1  1  1  1  1  1  1  1  1  1  1  1  1  1  1  1  1  1  1  1  1  1  1  1  1  1  1  1  1 24 24 24 24 24 24 24 24 24 24 24 24 24 16 16 16 16 16 28 28 28 28 28 28 28 28 28 28 28 28 28 28 28 28 28 11 11 11 11 11 11 11 11 11 11 11 11 11 11 11 11 11 11 11  2  2 22 22 22 22 22 22 22 22 22 22 22 22 22 22 22 21 21 21 21 21 21 
 1  1  1  1  1  1  1  1  1  1  1  1  1  1  1  1  1  1  1  1  1  1  1  1  1  1  1  1  1  1  1  1  1  1 24 24 24 24 24 24 24 24 24 24 24 24 24 24 16 16 16 28 28 28 28 28 28 28 28 28 28 28 28 28 28 28 28 28 28 11 11 11 11 11 11 11 11 11 11 11 11 11 11 11 11 11 11 11  2  2 22 22 22 22 22 22 22 22 22 22 22 22 22 22 22 22 22 21 21 21 21 21 
 1  1  1  1  1  1  1  1  1  1  1  1  1  1  1  1  1  1  1  1  1  1  1  1  1  1  1  1  1  1  1  1  1  1 19 24 24 24 24 24 24 24 24 24 24 24 24 24 16 16 16 16 28 28 28 28 28 28 28 28 28 28 28 28 28 28 28 28 28 11 11 11 11 11 11 11 11 11 11 11 11 11 11 11 11 11 11 11  2  2 22 22 22 22 22 22 22 22 22 22 22 22 22 22 22 22 22 21 21 21 21 21 
 1  1  1  1  1  1  1  1  1  1  1  1  1  1  1  1  1  1  1  1  1  1  1  1  1  1  1  1  1  1  1  1  1  1 19 19 19 24 24 24 24 24 24 24 24 24 24 24 16 16 16 16 16 28 28 28 28 28 28 28 28 28 28 28 28 28 28 28 28 28 11 11 11 11 11 11 11 11 11 11 11 11 11 11 11 11 11 11  2  2 22 22 22 22 22 22 22 22 22 22 22 22 22 22 22 22 21 21 21 21 21 21 
 1  1  1  1  1  1  1  1  1  1  1  1  1  1  1  1  1  1  1  1  1  1  1  1  1  1  1  1  1  1  1  1  1  1 19 19 19 24 24 24 24 24 24 24 24 24 24 24 24 16 28 28 28 28 28 28 28 28 28 28 28 28 28 28 28 28 28 28 28 28 11 11 11 11 11 11 11 11 11 11 11 11 11 11 11 11 11 11  2  2  2  2  2 22  2  2 22 22 22 22 22 22 22 22 22 22 21 21 21 21 21 21 
 1  1  1  1  1  1  1  1  1  1  1  1  1  1  1  1  1  1  1  1  1  1  1  1  1  1  1  1  1  1  1  1  1  1 19 19 19 19 24 24 24 24 24 24 24 24 24 24 24 24 24 28 28 28 28 28 28 28 28 28 28 28 28 28 28 28 28 28 28 28 11 11 11 11 11 11 11 11 11 11 11 11 11 11 11 11 11  2  2  2  2  2  2  2  2  2 22 22 22 22 22 22 22 22 22 22 21 21 21 21 21 21 
 1  1  1  1  1  1  1  1  1  1  1  1  1  1  1  1  1  1  1  1  1  1  1 19  1  1 19 19  1  1  1  1 19 19 19 19 19 19 24 24 24 24 24 24 24 24 24  5  5  5  5  5  5 28 28 28 28 28 28 28 28 28 28 28 28 28 28 28 28 11 11 11 11 11 11 11 11 11 11 11 11 11 11 11 11 11 11  2  2  2  2  2  2  2  2  2 22 22 22 22 22 22 22 22 22 21 21 21 21 21 21 21 
 1  1  1  1  1  1  1  1  1  1  1  1  1  1  1  1  1  1  1  1  1  1 19 19 19 19 19 19 19 19 19 19 19 19 19 19 19 19  5  5  5 24 24 24  5  5 24  5  5  5  5 28 28 28 28 28 28 28 28 28 28 28 28 28 28 28 28 28 28 11 11 11 11 11 11 11 11 11 11 11 11 11 11 11 11 11  2  2  2  2  2  2  2  2  2  2  2 22 22 22 22 22 22 22 22 22 22 22 21 21 21 21 
 1  1  1  1  1  1  1  1  1  1  1  1  1  1  1  1  1  1 19 19 19 19 19 19 19 19 19 19 19 19 19 19 19 19 19 19 19 19  5  5  5  5  5  5  5  5  5  5  5  5  5  5  5  5 28 28 28 28 28 28 28 28 28 28 28 28 28 28 28 11 11 11 11 11 11 11 11 11 11 11 11 11 11 11 11 11  2  2  2  2  2  2  2  2  2  2  2 22 22 22 22 22 22 22 22 22 22 22 21 21 21 21 
 1  1  1  1  1  1  1  1  1  1  1  1  1  1  1  1  1 19 19 19 19 19 19 19 19 19 19 19 19 19 19 19 19 19 19 19 19 19  5  5  5  5  5  5  5  5  5  5  5  5  5  5  5  5 28 28 28 28 28 28 28 28 28 28 28 28 28 28  3  3  3  3  3  3  3 11 11 11 11 11 11 11 11 11  2  2  2  2  2  2  2  2  2  2  2  2  2  2 22 22 22 22 22 22 22 22 22 22 21 21 21 21 
 1  1  1  1  1  1  1  1  1  1  1  1  1  1  1  1  1 19 19 19 19 19 19 19 19 19 19 19 19 19 19 19 19 19 19 19 19 19  5  5  5  5  5  5  5  5  5  5  5  5  5  5  5 28 28 28 28 28 28 28 28 28 28 28 28 28 28 28 28 28  3  3  3  3  3  3 11 11 11 11 11 11 11  2  2  2  2  2  2  2  2  2  2  2  2  2  2  2  2 22 22 22 22 22 22 22 22 22 21 21 21 21 
 1  1  1  1  1  1  1  1  1  1  1  1  1  1  1  1  1 19 19 19 19 19 19 19 19 19 19 19 19 19 19 19 19 19 19 19 19  5  5  5  5  5  5  5  5  5  5  5  5  5  5  5  5 28  5 28 28 28 28 28 28 28 28 28 28 28 28 28 28 28  3  3  3  3  3  3  3 11 11 11 11 11 11 11  2  2  2  2  2  2  2  2  2  2  2  2  2  2  2 22 22 22 22 22 22 22 22 22 21 21 21 21 
 1  1  1  1  1  1  1  1  1  1  1  1  1  1  1  1 19 19 19 19 19 19 19 19 19 19 19 19 19 19 19 19 19 19 19 19 19  5  5  5  5  5  5  5  5  5  5  5  5  5  5  5  5  5  5 28 28 28 28 28 28 28 28 28 28  3 28  3  3  3  3  3  3  3  3  3  3  3 11 11 11 11  2  2  2  2  2  2  2  2  2  2  2  2  2  2  2  2  2 22 22 22 22 22 22 22 22 22 21 21 21 21 
 1  1  1  1  1  1  1  1  1 19 19 19 19 19 19 19 19 19 19 19 19 19 19 19 19 19 19 19 19 19 19 19 19 19 19 19 19  5  5  5  5  5  5  5  5  5  5  5  5  5  5  5  5  5  5 12 12 28 28 28 28 28 28 28 28  3  3  3  3  3  3  3  3  3  3  3  3  3  3  3  2  2  2  2  2  2  2  2  2  2  2  2  2  2  2  2  2  2 23 23 23 22 22 22 22 22 22 21 21 21 21 21 
 1 19 19  1  1  1  1  1  1 19 19 19 19 19 19 19 19 19 19 19 19 19 19 19 19 19 19 19 19 19 19 19 19 19 19 19  5  5  5  5  5  5  5  5  5  5  5  5  5  5  5  5  5  5 12 12 12 28 28 28 28 28 28  3  3  3  3  3  3  3  3  3  3  3  3  3  3  3  3  3  2  2  2  2  2  2  2  2  2  2  2  2  2  2  2  2  2 23 23 23 23 23 23 23 23 22 22 22 21 21 21 21 
 1  1 19 19 19 19 19 19 19 19 19 19 19 19 19 19 19 19 19 19 19 19 19 19 19 19 19 19 19 19 19 19 19 19 19 19  5  5  5  5  5  5  5  5  5  5  5  5  5  5  5  5  5  5 12 12 12 12 12 28  3  3  3  3  3  3  3  3  3  3  3  3  3  3  3  3  3  3  3  3  3  3  2  2  2  2  2  2  2  2  2  2  2  2  2  2  2 23 23 23 23 23 23 23 23 22 22 23 21 21 21 21 
 1  1 19 19 19 19 19 19 19 19 19 19 19 19 19 19 19 19 19 19 19 19 19 19 19 19 19 19 19 19 19 19 19 19 19  5  5  5  5  5  5  5  5  5  5  5  5  5  5  5  5  5 12 12 12 12 12 12 12  3  3  3  3  3  3  3  3  3  3  3  3  3  3  3  3  3  3  3  3  3  3  3  2  2  2  2  2  2  2  2  2  2  2  2  2  2  2 23 23 23 23 23 23 23 23 22 22 23 23 23 23 23 
19 19 19 19 19 19 19 19 19 19 19 19 19 19 19 19 19 19 19 19 19 19 19 19 19 19 19 19 19 19 19 19 19 19 19 19  5  5  5  5  5  5  5  5  5  5  5  5  5  5  5 12 12 12 12 12 12 12 12 12  3  3  3  3  3  3  3  3  3  3  3  3  3  3  3  3  3  3  3  3  3  3  2  2  2  2  2  2  2  2  2  2  2  2  2  2  2 23 23 23 23 23 23 23 23 23 23 23 23 23 23 23 
19 19 19 19 19 19 19 19 19 19 19 19 19 19 19 19 19 19 19 19 19 19 19 19 19 19 19 19 19 19 19 19 19 19 19  5  5  5  5  5  5  5  5  5  5  5  5  5  5  5  5 12 12 12 12 12 12  3  3  3  3  3  3  3  3  3  3  3  3  3  3  3  3  3  3  3  3  3  3  3  3  3  3  2  2  2  2  2  2  2  2 23  2  2  2 23 23 23 23 23 23 23 23 23 23 23 23 23 23 23 23 23 
19 19 19 19 19 19 19 19 19 19 19 19 19 19 19 19 19 19 19 19 19 19 19 19 19 19 19 19 19 19 19  5 19  5  5  5  5  5  5  5  5  5  5  5  5  5  5  5  5  5 12 12 12 12 12 12 12 12  3  3  3  3  3  3  3  3  3  3  3  3  3  3  3  3  3  3  3  3  3  3  3  3  3  3  2  2  2  2  2  2 23 23 23 23 23 23 23 23 23 23 23 23 23 23 23 23 23 23 23 23 23 23 
19 19 19 19 19 19 19 19 19 19 19 19 19 19 19 19 19 19 19 19 19 19 19 19 19 19 19 19 27 27  5  5  5  5  5  5  5  5  5  5  5  5  5  5  5  5  5  5  5  5 12 12 12 12 12 12 12 12 12 12  3  3  3  3  3  3  3  3  3  3  3  3  3  3  3  3  3  3  3  3  3  3  3  3  2  2  2  2  2 23 23 23 23 23 23 23 23 23 23 23 23 23 23 23 23 23 23 23 23 23 23 23 
19 19 19 19 19 19 19 19 19 19 19 19 19 19 19 19 19 19 19 19 19 19 19 19 19 19 19 27 27 27 27 27  5  5  5  5  5  5  5  5  5  5  5  5  5  5 13 13 13 12 12 12 12 12 12 12 12 12 12 12 12 12 12  3  3  3  3  3  3  3  3  3  3  3  3  3  3  3  3  3  3  3  3  3  2  2  2  2  2 23 23 23 23 23 23 23 23 23 23 23 23 23 23 23 23 23 23 23 23 23 23 23 
19 19 19 19 19 19 19 19 19 19 19 19 19 19 19 19 19 19 19 19 19 19 19 19 19 19 27 27 27 27 27 27  5  5  5  5  5  5  5  5  5  5  5 13 13 13 13 13 13 12 12 12 12 12 12 12 12 12 12 12 12 12  3  3  3  3  3  3  3  3  3  3  3  3  3  3  3  3  3  3  3  3  3  3  2  2  2  2  2  2 23 23 23 23 23 23 23 23 23 23 23 23 23 23 23 23 23 23 23 23 23 23 
19 19 19 19 19 19 19 19 19 19 19 19 19 19 19 19 19 19 19 19 19 19 19 19 19 27 27 27 27 27 27 27 27  5  5  5  5 13 13 13 13 13  5 13 13 13 13 13 13 12 12 12 12 12 12 12 12 12 12 12 12 12 12  3  3  3  3  3  3  3  3  3  3  3  3  3  3  3  3  3  3  3  3  2  2  2  2  2  2  2  2 23 23 23 23 23 23 23 23 23 23 23 23 23 23 23 23 23 23 23 23 23 
19 19 19 19 19 19 19 19 19 19 19 19 19 19 19 19 19 19 19 19 19 19 19 19 19 27 27 27 27 27 27 27 27 27  5  5 27 13 13 13 13 13 13 13 13 13 13 13 13 12 12 12 12 12 12 12 12 12 12 12 12 12  3  3  3  3  3  3  3  3  3  3  3  3  3  3  3  3  3  3  3  3  3  2  2  2  2  2  2  2  2 23 23 23 23 23 23 23 23 23 23 23 23 23 23 23 23 23 23 23 23 23 
19 19 19 19 19 19 19 19 19 19 19 27 19 19 19 27 27 27 19 19 19 19 19 19 19 27 27 27 27 27 27 27 27 27  5  5 27 13 13 13 13 13 13 13 13 13 13 13 13 12 12 12 12 12 12 12 12 12 12 12 12 12 12 12  3  3  3  3  3  3  3  3  3  3  3  3  3  3  2  2  2  2  2  2  2  2  2  2  2  2  2 23 23 23 23 23 23 23 23 23 23 23 23 23 23 23 23 23 23 23 23 23 
19 19 19 19 19 19 19 19 19 19 19 27 27 27 27 27 27 27 19 27 27 27 19 27 27 27 27 27 27 27 27 27 27 27 27 27 27 13 13 13 13 13 13 13 13 13 13 13 13 12 12 12 12 12 12 12 12 12 12 12 12 12 12  3  3  3  3  3  3  3  3  3  3  3  3  3  3  3  2  2  2  2  2  2  2  2  2  2  2  2  2 23 23 23 23 23 23 23 23 23 23 23 23 23 23 23 23 23 23 23 23 23 
19 19 19 19 19 19 19 19 19 27 27 27 27 27 27 27 27 27 27 27 27 27 19 27 27 27 27 27 27 27 27 27 27 27 27 27 27 13 13 13 13 13 13 13 13 13 13 13 12 12 12 12 12 12 12 12 12 12 12 12 12 12  3  3  3 12  3  3  3  3  3  3  3  3  3  3  3  2  2  2  2  2  2  2  2  2  2  2  2  2  2 23 23 23 23 23 23 23 23 23 23 23 23 23 23 23 23 23 23 23 23 23 
19 19 19 19 19 19 19 27 27 27 27 27 27 27 27 27 27 27 27 27 27 27 27 27 27 27 27 27 27 27 27 27 27 27 27 27 27 27 13 13 13 13 13 13 13 13 13 13 12 12 12 12 12 12 12 12 12 12 12 12 12 12 12 12 12 12 12 12  3  3  3  3  3  3  3  3  3  2  2  2  2  2  2  2  2  2  2  2  2  2  2 23 23 23 23 23 23 23 23 23 23 23 23 23 23 23 23 23 23 23 23 23 
19 19 19 19 19 27 27 27 27 27 27 27 27 27 27 27 27 27 27 27 27 27 27 27 27 27 27 27 27 27 27 27 27 27 27 27 27 27 13 13 13 13 13 13 13 13 13 13 12 12 12 12 12 12 12 12 12 12 12 12 12 12 12 12 12 12 12 12 12  3  3  3  3  3  3  3  3  2  2  2  2  2  2  2  2  2  2  2  2  2  2 23 23 23 23 23 23 23 23 23 23 23 23 23 23 23 23 23 23 23 23 23 
19 19 19 27 27 27 27 27 27 27 27 27 27 27 27 27 27 27 27 27 27 27 27 27 27 27 27 27 27 27 27 27 27 27 27 27 27 27 27 27 13 13 13 13 13 13 13 13 12 12 12 12 12 12 12 12 12 12 12 12 12 12 12 12 12 12 12 12 12  3  3  3  3  3  3  3  3  9  9  9  2  2  2  2  2  2  2  2  2  2  2  2 23 23 23 23 23 23 23 23 23 23 23 23 23 23 23 23 23 23 23 23 
27 27 27 27 27 27 27 27 27 27 27 27 27 27 27 27 27 27 27 27 27 27 27 27 27 27 27 27 27 27 27 27 27 27 27 27 27 27 27 27 13 13 13 13 13 13 13 13 13 12 12 12 12 12 12 12 12 12 12 12 12 12 12 12 12 12 12 12 12 12 12 12  3  3  9  9  9  9  9  9  2  2  2  2  2  2  2  2  2  2  2  2 23 23 23 23 23 23 23 23 23 23 23 23 23 23 23 23 23 23 23 23 
27 27 27 27 27 27 27 27 27 27 27 27 27 27 27 27 27 27 27 27 27 27 27 27 27 27 27 27 27 27 27 27 27 27 27 27 27 27 27 27 13 13 13 13 13 13 13 13 13 12 12 12 12 12 12 12 12 12 12 12 12 12 12 12 12 12 12 12 12 12 12  3  3  9  9  9  9  9  9  9  9  9  9  2  2  2  2  2  2  2  2  2 23 23  2 23 23 23 23 23 23 23 23 23 23 23 23 23 23 23 23 23 
27 27 27 27 27 27 27 27 27 27 27 27 27 27 27 27 27 27 27 27 27 27 27 27 27 27 27 27 27 27 27 27 27 27 27 27 27 27 27 27 27 13 13 13 13 13 13 13 13 12 12 12 12 12 12 12 12 12 12 12 12 12 12 12 12 12 12 12 12 12  9  3  3  9  9  9  9  9  9  9  9  9  9  9  2  2  2  2  2  2  2  2  2  2  2  2  2 23 23 23 23 23 23 23 23 23 23 23 23 23 23 23 
27 27 27 27 27 27 27 27 27 27 27 27 27 27 27 27 27 27 27 27 27 27 27 27 27 27 27 27 27 27 27 27 27 27 27 27 27 27 27 27 13 13 13 13 13 13 13 13 12 12 12 12 12 12 12 12 12 12 12 12 12 12 12 12 12 12 12 12 12 12  9  9  9  9  9  9  9  9  9  9  9  9  9  9  9  9  9  2  2  2  2  2  2  2  2  2  2 23 23 23  2 23 23 23 23 23 23 23 23 23 23 23 
27 27 27 27 27 27 27 27 27 27 27 27 27 27 27 27 27 27 27 27 27 27 27 27 27 27 27 27 27 27 27 27 27 27 27 27 27 27 13 13 13 13 13 13 13 13 13 13 18 12 12 12 12 12 12 12 12 12 12 12 12 12 12 12 12 12 12 12 12 12 12 12  9  9  9  9  9  9  9  9  9  9  9  9  9  9  9  2  2  2  2  2  2  2  2  2  2  2 23 23  2  2  2 23 23 23 23 23 23 23 23 23 
27 27 27 27 27 27 27 27 27 27 27 27 27 27 27 27 27 27 27 27 27 27 27 27 27 27 27 27 27 27 27 27 27 27 27 27 13 13 13 13 13 13 13 13 13 13 13 13 18 18 12 12 12 12 12 12 12 12 18 12 12 12 12 12 12 12 12 12 12 12 12 12  9  9  9  9  9  9  9  9  9  9  9  9  9  9  9  9  9  2  2  2  2  2  2  2  2  2  2  2  2  2  2 23 23 23 23 23 23 23 23 23 
27 27 27 27 27 27 20 20 20 27 27 27 27 27 27 27 27 27 27 27 27 27 27 27 27 27 27 27 27 27 27 27 27 27 27 27 13 13 13 13 13 13 13 13 13 13 13 13 18 18 18 18 18 18 18 18 18 18 18 18 18 12 12 12 12 12 12 12 12  9  9  9  9  9  9  9  9  9  9  9  9  9  9  9  9  9  9  9  9  9  9  9  2  2  2  2  2  2  2  2  2  2 23 23 23 23 23 23 23 23 23 23 
27 27 27 20 20 20 20 20 20 20 20 20 27 27 27 27 27 27 27 27 27 27 27 27 27 27 27 27 27 27 27 27 27 27 27 27 27 27 13 13 13 13 13 13 13 13 13 13 18 18 18 18 18 18 18 18 18 18 18 18 18 18 18 12 12 12 12 12 12  9  9  9  9  9  9  9  9  9  9  9  9  9  9  9  9  9  9  9  9  9  9  9  9  2  2  9  2  9  9  9  9  9 23 23 23 23 23 23 23 23 23 23 
20 20 20 20 20 20 20 20 20 20 20 20 20 27 27 27 27 27 27 27 27 27 27 27 27 27 27 27 27 27 27 27 27 27 27 13 13 13 13 13 13 13 13 18 18 18 13 18 18 18 18 18 18 18 18 18 18 18 18 18 18 18 18 18 12 18 18 12 12 12  9  9  9  9  9  9  9  9  9  9  9  9  9  9  9  9  9  9  9  9  9  9  9  9  9  9  9  9  9  9  9  9 23 23 23 23 23 23 23 23 23 23 
20 20 20 20 20 20 20 20 20 20 20 20 20 27 27 27 27 27 27 27 27 27 27 27 27 27 27 27 27 27 27 27 27 27 27 13 13 13 13 13 13 13 13 18 18 18 18 18 18 18 18 18 18 18 18 18 18 18 18 18 18 18 18 18 18 18 18 12 12 12  9  9  9  9  9  9  9  9  9  9  9  9  9  9  9  9  9  9  9  9  9  9  9  9  9  9  9  9  9  9  9  9 23 23 23 23 23 23 23 23 23 23 
20 20 20 20 20 20 20 20 20 20 20 20 20 27 27 27 27 27 27 27 27 27 27 17 17 17 17 27 27 17 17 17 17 17 17 17 17 13 13 13 13 13 18 18 18 18 18 18 18 18 18 18 18 18 18 18 18 18 18 18 18 18 18 18 18 18 18 18  9  9  9  9  9  9  9  9  9  9  9  9  9  9  9  9  9  9  9  9  9  9  9  9  9  9  9  6  9  9  9  9  9  9  9  9 23 23 23 23 23 23 23 23 
20 20 20 20 20 20 20 20 20 20 20 20 20 27 27 27 27 27 27 17 17 17 17 17 17 17 17 17 17 17 17 17 17 17 17 17 17 17 17 13 13 13 13 18 18 18 18 18 18 18 18 18 18 18 18 18 18 18 18 18 18 18 18 18 18 18 18 18  9  9  9  9  9  9  9  9  9  9  9  9  9  9  9  9  9  9  9  9  9  9  9  9  6  9  9  6  9  9  9  9  9  9  9  9 23  9  9 23 23 23 23 23 
20 20 20 20 20 20 20 20 20 20 20 20 20 27 27 27 27 27 27 17 17 17 17 17 17 17 17 17 17 17 17 17 17 17 17 17 17 17 17 17 17 17 13 13 18 18 18 18 18 18 18 18 18 18 18 18 18 18 18 18 18 18 18 18 18 18 18  9  9  9  9  9  9  9  9  9  9  9  9  9  9  9  9  9  9  9  9  9  9  9  6  6  6  6  9  6  9  9  9  9  9  9  9  9  9  9  9 23 23 23 23 23 
20 20 20 20 20 20 20 20 20 20 20 20 20 20 20 20 27 27 17 17 17 17 17 17 17 17 17 17 17 17 17 17 17 17 17 17 17 17 17 17 17 17 13 13 18 18 18 18 18 18 18 18 18 18 18 18 18 18 18 18 18 18 18 18 18 18 18  9  9  9  9  9  9  9  9  9  9  9  9  9  9  9  9  9  9  9  9  9  9  9  6  6  6  9  9  6  9  9  9  9  9  9  9  9  9  9  9  9  9  9 23 23 
20 20 20 20 20 20 20 20 20 20 20 20 20 20 20 20 20 17 17 17 17 17 17 17 17 17 17 17 17 17 17 17 17 17 17 17 17 17 17 17 17 17 13 13 18 18 18 18 18 18 18 18 18 18 18 18 18 18 18 18 18 18 18 18 18 18  9  9  9  9  9  9  9  9  9  9  9  9  9  9  9  9  9  9  9  6  6  6  6  6  6  6  6  6  6  6  9  6  6  6  9  9  9  6  9  9  9  9  9  9 23 23 
20 20 20 20 20 20 20 20 20 20 20 20 20 20 20 20 20 17 17 17 17 17 17 17 17 17 17 17 17 17 17 17 17 17 17 17 17 17 17 17 17 17 17 17 18 18 18 18 18 18 18 18 18 18 18 18 18 18 18 18 18 18 18 18  9  9  9  9  9  9  9  9  9  9  9  9  9  9  9  9  9  9  9  9  9  6  6  6  6  6  6  6  6  6  6  6  6  6  6  6  9  9  9  6  9  9  9  6  9  9  6  6 
20 20 20 20 20 20 20 20 20 20 20 20 20 20 20 20 20 20 20 20 17 17 17 17 17 17 17 17 17 17 17 17 17 17 17 17 17 17 17 17 17 17 17 17 18 18 18 18 18 18 18 18 18 18 18 18 18 18 18 18 18 18 18 25  9  9  9  9  9  9  9  9  9  9  9  9  9  9  9  9  9  9  9  9  6  6  6  6  6  6  6  6  6  6  6  6  6  6  6  6  6  6  6  6  6  6  6  6  6  6  6  6 
20 20 20 20 20 20 20 20 20 20 20 20 20 20 20 20 20 20 20 20 17 17 17 17 17 17 17 17 17 17 17 17 17 17 17 17 17 17 17 17 17 17 17 17 17 18 18 18 18 18 18 18 18 18 18 18 18 18 18 18 18 18 18 25 25  9  9  9  9  9  9  9  9  9  9  9  9  9  9  9  9  9  9  9  6  6  6  6  6  6  6  6  6  6  6  6  6  6  6  6  6  6  6  6  6  6  6  6  6  6  6  6 
20 20 20 20 20 20 20 20 20 20 20 20 20 20 20 20 20 20 20 20 20 17 17 17 17 17 17 17 17 17 17 17 17 17 17 17 17 17 17 17 17 17 17 17 17 18 18 18 18 18 18 18 18 18 18 18 18 18 18 18 18 18 18 25 25 25 25  9  9 25 25 25  9  9  9  9  9  9  9  9  9  9  6  9  6  6  6  6  6  6  6  6  6  6  6  6  6  6  6  6  6  6  6  6  6  6  6  6  6  6  6  6 
20 20 20 20 20 20 20 20 20 20 20 20 20 20 20 20 20 20 20 20 20 20 17 17 17 17 17 17 17 17 17 17 17 17 17 17 17 17 17 17 17 17 17 17 17 18 18 18 18 18 18 18 18 18 18 18 18 18 18 18 18 18 25 25 25 25 25  9 25 25 25 25 25  9  9  9  9  9  9  9  9  9  6  6  6  6  6  6  6  6  6  6  6  6  6  6  6  6  6  6  6  6  6  6  6  6  6  6  6  6  6  6 
20 20 20 20 20 20 20 20 20 20 20 20 20 20 20 20 20 20 20 20 20 20 20 17 17 20 17 17 17 17 17 17 17 17 17 17 17 17 17 17 17 17 17 17 17 18 18 18 18 18 18 18 18 18 18 18 18 18 18 18 18 25 25 25 25 25 25 25 25 25 25 25 25 25  9  9  9  9  9  9  9  9  6  6  6  6  6  6  6  6  6  6  6  6  6  6  6  6  6  6  6  6  6  6  6  6  6  6  6  6  6  6 
20 20 20 20 20 20 20 20 20 20 20 20 20 20 20 20 20 20 20 20 20 20 20 17 20 20 17 17 17 17 17 17 17 17 17 17 17 17 17 17 17 17 17 17 17 18 18 18 18 18 18 18 18 18 18 18 18 18 18 18 18 18 25 25 25 25 25 25 25 25 25 25 25 25 25 25  9 25 25 25  9  9  9  6  6  6  6  6  6  6  6  6  6  6  6  6  6  6  6  6  6  6  6  6  6  6  6  6  6  6  6  6 
20 20 20 20 20 20 20 20 20 20 20 20 20 20 20 20 20 20 20 20 20 20 20 20 20 20 17 17 17 17 17 17 17 17 17 17 17 17 17 17 17 17 17 17 17 18 18 18 18 18 18 18 18 18 18 18 18 18 18 18 25 25 25 25 25 25 25 25 25 25 25 25 25 25 25 25 25 25 25 25 25 25 25  6  6  6  6  6  6  6  6  6  6  6  6  6  6  6  6  6  6  6  6  6  6  6  6  6  6  6  6  6 
20 20 20 20 20 20 20 20 20 20 20 20 20 20 20 20 20 20 20 20 20 20 20 20 20 20 20 17 17 17 17 17 17 17 17 17 17 17 17 17 17 17 17 17 17 18 18 18 18 18 18 18 18 18 18 18 18 18 18 18 25 25 25 25 25 25 25 25 25 25 25 25 25 25 25 25 25 25 25 25 25 25 25  6  6  6  6  6  6  6  6  6  6  6  6  6  6  6  6  6  6  6  6  6  6  6  6  6  6  6  6  6 
20 20 20 20 20 20 20 20 20 20 20 20 20 20 20 20 20 20 20 20 20 20 20 20 20 20 20 20 17 17 17 17 17 17 17 17 17 17 17 17 17 17 17 17 18 18 18 18 18 18 18 18 18 18 18 18 18 18 18 25 25 25 25 25 25 25 25 25 25 25 25 25 25 25 25 25 25 25 25 25 25 25 25 25 25  6  6  6  6  6  6  6  6  6  6  6  6  6  6  6  6  6  6  6  6  6  6  6  6  6  6  6 
20 20 20 20 20 20 20 20 20 20 20 20 20 20 20 20 20 20 20 20 20 20 20 20 20 20 20 20 20 20 17 17 17 17 17 17 17 17 17 17 17 17 17 17 17 17 17 18 18 18 18 18 18 18 18 18 18 18 25 25 25 25 25 25 25 25 25 25 25 25 25 25 25 25 25 25 25 25 25 25 25 25 25 25 25  6  6  6  6  6  6  6  6  6  6  6  6  6  6  6  6  6  6  6  6  6  6  6  6  6  6  6 
20 20 20 20 20 20 20 20 20 20 20 20 20 20 20 20 20 20 20 20 20 20 20 20 20 20 20 20 20 17 17 17 17 17 17 17 17 17 17 17 17 17 17 17 17 17 18 18 18 18 18 18 18 18 25 25 25 25 25 25 25 25 25 25 25 25 25 25 25 25 25 25 25 25 25 25 25 25 25 25 25 25 25 25 25 25  6  6  6  6  6  6  6  6  6  6  6  6  6  6  6  6  6  6  6  6  6  6  6  6  6  6 
20 20 20 20 20 20 20 20 20 20 20 20 20 20 20 20 20 20 20 20 20 20 20 20 20 20 20 20 17 17 17 17 17 17 17 17 17 17 17 17 17 17 17 17 17 18 18 18 18 18 18 18 18 18 25 25 25 25 25 25 25 25 25 25 25 25 25 25 25 25 25 25 25 25 25 25 25 25 25 25 25 25 25 25 25 25  6  6  6  6  6  6  6  6  6  6  6  6  6  6  6  6  6  6  6  6  6  6  6  6  6  6 
20 20 20 20 20 20 20 20 20 20 20 20 20 20 20 20 20 20 20 20 20 20 20 20 20 20 20 20 17 17 17 17 17 17 17 17 17 17 17 17 17 17 17 17 17 18 18 18 18 18 18 18 18 18 25 25 25 25 25 25 25 25 25 25 25 25 25 25 25 25 25 25 25 25 25 25 25 25 25 25 25 25 25 25 25 25 25 25  6  6  6  6  6  6  6  6  6  6  6  6  6  6  6  6  6  6  6  6  6  6  6  6 
20 20 20 20 20 20 20 20 20 20 20 20 20 20 20 20 20 20 20 20 20 20 20 20 20 20 20 20 20 20 17 20 17 17 17 17 17 17 17 17 17 17 17 18 18 18 18 18 18 25 25 25 18 25 25 25 25 25 25 25 25 25 25 25 25 25 25 25 25 25 25 25 25 25 25 25 25 25 25 25 25 25 25 25 25 25 25 25  6  6  6  6  6  6  6  6  6  6  6  6  6  6  6  6  6  6  6  6  6  6  6  6 
20 20 20 20 20 20 20 20 20 20 20 20 20 20 20 20 20 20 20 20 20 20 20 20 20 20 20 20 20 20 20 20 20 17 17 17 17 17 17 17 17 17 17 18 18 18 18 25 25 25 25 25 25 25 25 25 25 25 25 25 25 25 25 25 25 25 25 25 25 25 25 25 25 25 25 25 25 25 25 25 25 25 25 25 25 25 25 25  6  6  6  6  6  6  6  6  6  6  6  6  6  6  6  6  6  6  6  6  6  6  6  6 
20 20 20 20 20 20 20 20 20 20 20 20 20 20 20 20 20 20 20 20 20 20 20 20 20 20 20 20 20 20 20 20 20 17 17 17 17 17 17 17 25 17 25 25 25 18 25 25 25 25 25 25 25 25 25 25 25 25 25 25 25 25 25 25 25 25 25 25 25 25 25 25 25 25 25 25 25 25 25 25 25 25 25 25 25 25 25  6  6  6  6  6  6  6  6  6  6  6  6  6  6  6  6  6  6  6  6  6  6  6  6  6 
20 20 20 20 20 20 20 20 20 20 20 20 20 20 20 20 20 20 20 20 20 20 20 20 20 20 20 20 20 20 20 20 20 20 17 17 17 17 25 25 25 25 25 25 25 25 25 25 25 25 25 25 25 25 25 25 25 25 25 25 25 25 25 25 25 25 25 25 25 25 25 25 25 25 25 25 25 25 25 25 25 25 25 25 25 25 25 25  6  6  6  6  6  6  6  6  6  6  6  6  6  6  6  6  6  6  6  6  6  6  6  6 
