124 124
17 17 17 17 17 17 17 17 17 17 17 17 17 17 17 17 17 17 17 17 17 17 17 17 17 17 17 17 17 17 17 17 17 17 17 17 17 17 17 17 17 17 17 17 17 17 17 17 17 17 17 17 17 17 17 17 17 17 17 17 17 17 17 17 17 17 17 17 17 17 17 17 17 17 17 17  3  3  3  3  3  3  3  3  3  3  3  3 13 13 13 13 13 13 13 13 13 13 20 20 20 20 20 20 20 20 20 20 20 20 20 20 20 20 20 20 20 20 20 20 20 20 20 20 
17 17 17 17 17 17 17 17 17 17 17 17 17 17 17 17 17 17 17 17 17 17 17 17 17 17 17 17 17 17 17 17 17 17 17 17 17 17 17 10 17 10 17 17 17 17 17 17 17 17 17 17 17 17 17 17 17 17 17 17 17 17 17 17 17 17 17 17 17 17 17 17 17  3  3 17  3  3  3  3  3  3  3  3  3  3  3  3  3 13 13 13 13 13 13 13 13 13 20 20 20 20 20 20 20 20 20 20 20 20 20 20 20 20 20 20 20 20 20 20 20 20 20 20 
17 17 17 17 17 17 17 17 17 17 17 17 17 17 17 17 17 17 17 17 17 17 17 17 17 17 17 17 17 17 17 17 17 17 10 10 10 17 17 10 10 10 10 17 17 17 17 17 17 17 17 17 17 17 17 17 17 17 17 17 17 17 17 17 17 17 17 17 17 17  3  3  3  3  3  3  3  3  3  3  3  3  3  3  3  3  3  3 13 13 13 13 13 13 13 13 13 13 13 20 20 20 20 20 20 20 20 20 20 20 20 20 20 20 20 20 20 20 20 20 20 20 20 20 
17 17 17 17 17 17 17 17 17 17 17 17 17 17 17 17 17 17 17 17 17 17 17 17 17 17 17 17 17 17 17 17 17 17 10 10 10 10 10 10 10 10 10 10 10 17 17 17 17 17 17 10 10 10 10 17 10 17 17 17 17 17 17 17 17 17 17 17  3  3  3  3  3  3  3  3  3  3  3  3  3  3  3  3  3  3  3  3  3 13 13 13 13 13 13 13 13 13 20 20 20 20 20 20 20 20 20 20 20 20 20 20 20 20 20 20 20 20 20 20 20 20 20 20 
17 17 17 17 17 17 17 17 17 17 17 17 17 17 17 17 17 17 17 17 17 17 17 17 17 17 17 17 17 17 17 17 17 10 10 10 10 10 10 10 10 10 10 10 10 17 17 17 17 17 17 10 10 10 10 10 10 17 17 17 10 10 17 17 17 17 17 17 17 17 17  3  3  3  3  3  3  3  3  3  3  3  3  3  3  3  3  3  3  3 13 13 13 13 13 13 13 13 20 20 20 20 20 20 20 20 20 20 20 20 20 20 20 20 20 20 20 20 20 20 20 20 20 20 
17 17 17 17 17 17 17 17 17 17 17 17 17 17 17 17 17 17 17 17 17 17 17 17 17 10 17 17 17 10 10 10 17 10 10 10 10 10 10 10 10 10 10 10 10 17 10 10 17 17 17 10 10 10 10  4 10 17 17 10 10 10 10 10 10 10 10 10 17 17 17  3  3  3  3  3  3  3  3  3  3  3  3  3  3  3  3  3 13 13 13 13 13 13 13 13 13 13 20 20 20 20 20 20 20 20 20 20 20 20 20 20 20 20 20 20 20 20 20 20 20 20 20 20 
17 17 17 17 17 17 17 17 17 17 17 17 17 17 17 17 17 17 17 17 17 17 10 10 10 10 10 10 10 10 10 10 10 10 10 10 10 10 10 10 10 10 10 10 10 10 10 10 10 10 10 10 10 10 10  4 10 17 17 10 10 10 10 10 10 10 10 10 17 17 17  3  3  3  3  3  3  3  3  3  3  3  3  3  3  3 13 13 13 13 13 13 13 13 13 13 13 13 20 20 20 20 20 20 20 20 20 20 20 20 20 20 20 20 20 20 20 20 20 20 20 20 20 20 
17 12 12 12 12 17 17 17 17 17 17 17 17 17 17 17 17 17 17 17 10 10 10 10 10 10 10 10 10 10 10 10 10 10 10 10 10 10 10 10 10 10 10 10 10 10 10 10 10 10 10 10 10 10 10  4 10 10 10 10 10 10 10 10 10 10 10 10 10 10 10  3  3  3  3  3  3  3  3  3  3  3  3  3  3 13 13 13 13 13 13 13 13 13 13 13 13 13 20 20 20 20 20 20 20 20 20 20 20 20 20 20 20 20 20 20 20 20 20 20 20 20 20 20 
29 12 12 12 12 17 17 17 17 17 17 17 17 17 17 17 17 17 17 10 10 10 10 10 10 10 10 10 10 10 10 10 10 10 10 10 10 10 10 10 10 10 10 10 10 10 10 10 10 10  4 10 10 10  4  4  4 10 10 10 10 10 10 10 10 10 10 10 10 10  3  3  3  3  3  3  3  3  3  3  3  3  3  3  3 13 13 13 13 13 13 13 13 13 13 13 13 13 20 20 20 20 20 20 20 20 20 20 20 20 20 20 20 20 20 20 20 20 20 20 20 20 20 20 
29 29 12 12 12 12 17 17 17 17 17 17 17 17 17 17 17 17 17 17 10 10 10 10 10 10 10 10 10 10 10 10 10 10 10 10 10 10 10 10 10 10 10 10 10 10 10 10 10  4  4  4  4  4  4  4  4  4  4  4  4  4  4 10 10 10 10 10 10  3  3  3  3  3  3  3  3  3  3  3  3  3  3  3  3 13 13 13 13 13 13 13 13 13 13 13 13 13 20 20 20 20 20 20 20 20 20 20 20 20 20 20 20 20 20 20 20 20 20 20 20 20 20 20 
29 29 29 29 12 12 12 12 12 12 12 17 12 17 17 17 17 17 17 17 10 10 10 10 10 10 10 10 10 10 10 10 10 10 10 10 10 10 10 10 10 10 10 10 10 10 10 10 10 10  4  4  4  4  4  4  4  4  4  4  4  4  4  4  4 10 10 10  3  3  3  3  3  3  3  3  3  3  3  3  3  3  3  3  3 13 13 13 13 13 13 13 13 13 13 13 13 13 20 20 20 20 20 20 20 20 20 20 20 20 20 20 20 20 20 20 20 20 20 20 20 20 20 20 
29 29 29 12 12 12 12 12 12 12 12 12 12 12 12 12 12 17 17 10 10  4  4  4 10 10 10 10 10 10 10 10 10 10 10 10 10 10 10 10 10 10 10 10 10 10 10 10 10  4  4  4  4  4  4  4  4  4  4  4  4  4  4  4  4 10 10 10  3  3  3  3  3  3  3  3  3  3  3  3  3  3  3  3  3  3  3  3 13 13 13 13 13 13 13 13 13 13 20 20 20 20 20 20 20 20 20 20 20 20 20 20 20 20 20 20 20 20 20 20 20 20 20 20 
29 29 12 12 12 12 12 12 12 12 12 12 12 12 12 12 12 12 17 17  4  4  4 10 10 10 10 10 10 10 10 10 10 10 10 10 10 10 10 10 10 10 10 10 10 10 10 10 10 10  4  4  4  4  4  4  4  4  4  4  4  4  4  4  4 10 10 10  3  3  3  3  3  3  3  3  3  3  3  3  3  3  3  3  3  3  3 13 13 13 13 13 13 13 13 13 13 13 13 20 20 20 20 20 20 20 20 20 20 20 20 20 20 20 20 20 20 20 20 20 20 20 20 20 
29 29 29 12 12 12 12 12 12 12 12 12 12 12 12 12 12 12 12 12  4  4  4  4 10 10 10 10 10 10 10 10 10 10 10 10 10 10 10 10 10 10 10 10 10 10 10 10 10 10  4  4  4  4  4  4  4  4  4  4  4  4  4  4  4 10 10 10 10  3  3  3  3  3  3  3  3  3  3  3  3  3  3  3  3  3  3 13 13 13 13 13 13 13 13 13 13 13 13 13 20 20 20 20 20 20 20 20 20 20 20 20 20 20 20 20 20 20 20 20 20 20 20 20 
29 29 12 12 12 12 12 12 12 12 12 12 12 12 12 12 12 12 12 12  4  4  4  4  4 10  4 10 10 10 10 10 10 10 10 10 10 10 10 10 10 10 10 10 10  4  4  4  4  4  4 26  4  4  4  4  4  4  4  4  4  4  4  4  4 10 10 10 10  3  3  3  3  3  3  3  3  3  3  3  3  3  3  3  3  3  3 13 13 13 13 13 13 13 13 13 13 13 13 13 20 20 20 20 20 20 20 20 20 20 20 20 20 20 20 20 20 20 20 20 20 20 20 20 
29 29 29 12 12 12 12 12 12 12 12 12 12 12 12 12 12 12 12  4  4  4  4  4  4  4  4 10 10 10 10 10 10 10 10 10 10 10 10 10 10 10 10  4  4  4  4  4  4 26  4 26  4  4  4  4  4  4  4  4  4  4  4  4  4 10 10 10 10 10  3  3  3  3  3  3  3  3  3  3  3  3  3  3  3  3  3 13 13 13 13 13 13 13 13 13 13 13 13 13 13 20 20 20 20 20 20 20 20 20 20 20 20 20 20 20 20 20 20 20 20 20 20 20 
29 29 12 12 12 12 12 12 12 12 12 12 12 12 12 12 12 12  4  4  4  4  4  4  4  4  4  4  4  4 10 10 10 10 10 10 10 10  4  4 10 10 10  4  4  4  4  4  4 26 26 26 26 26  4  4  4  4  4  4  4  4  4  4  4 10 10  3  3  3  3  3  3  3  3  3  3  3  3  3  3  3  3  3  3  3  3  3 13 13 13 13 13 13 13 13 13 13 13 13 13 20 20 20 20 20 20 20 20 20 20 20 20 20 20 20 20 20 20 20 20 20 20 20 
29 29 12 12 12 12 12 12 12 12 12 12 12 12 12 12 12 12 12  4  4  4  4  4  4  4  4  4  4  4  4 10  4  4 10 10 10  4  4  4  4  4  4  4  4  4  4  4 26 26 26 26 26 26  4  4  4  4  4  4  4  4  4  4 10 10 10  3  3  3  3  3  3  3  3  3  3  3  3  3  3  3  3  3  3  3  3  3  3 13 13 13 13 13 13 13 13 13 13 13 13 13 20 20 20 20 20 20 20 20 20 20 20 20 20 20 20 20 20 20 20 20 20 20 
29 12 12 12 12 12 12 12 12 12 12 12 12 12 12 12 12 12 12 12  4  4  4  4  4  4  4  4  4  4  4  4  4  4  4  4  4  4  4  4  4  4  4  4  4  4  4 26 26 26 26 26 26 26 26  4  4  4  4  4  4  4  4  4 10 10 10  3  3  3  3  3  3  3  3  3  3  3  3  3  3  3  3  3  3  3  3  3  3  3 13 13 13 13 13 13 13 13 13 13 13 13 13 20 20 20 20 20 20 20 20  2 20 20 20 20 20 20 20 20 20 20 20 20 
29 12 12 12 12 12 12 12 12 12 12 12 12 12 12 12 12 12 12  4  4  4  4  4  4  4  4  4  4  4  4  4  4  4  4 30  4 30 30 30  4  4  4  4  4  4  4 26 26 26 26 26 26 26 26  4  4  4  4  4  4  4  4  4 10 10 10 10  3  3  3  3  3  3  3  3  3  3  3  3  3  3  3  3  3  3  3  3  3  3 13 13 13 13 13 13 13 13 13 13 13 13 13 13  2  2  2  2  2 20 20  2 20 20 20 20 20 20 20 20 20 20 20 20 
29 29 29 29 29 12 12 12 12 12 12 12 12 12 12 12 12 12 12 12  4  4  4  4  4  4  4  4  4  4  4  4 30 30 30 30 30 30 30 30 30  4  4  4 26 26  4  4 26 26 26 26 26 26 26 26  4  4  4  4  4  4  4  4  4  4 10 10  3  3  3  3  3  3  3  3  3  3  3  3  3  3  3  3  3  3  3  3 13 13 13 13 13 13 13 13 13 13 13 13 13 13 13  2  2  2  2  2  2 20  2  2 20  2 20 20 20 20 20 20 20 20 20 20 
29 29 29 29 29 29 29 12 12 12 12 12 12 12 12 12 12 12 12  4  4  4  4  4  4  4  4  4  4  4 30 30 30 30 30 30 30 30 30 30 30 30 30  4 26 26 26 26 26 26 26 26 26 26 26 26 26 26 26  4  4  4  4  4  4  4 10 10 10  3  3  3  3  3  3  3  3  3  3  3  3  3  3  3  3  3  3  3 13 13 13 13 13 13 13 13 13 13 13 13 13  2 13 13  2  2  2  2  2  2  2  2  2  2  2  2 20 20 20 20 20 20 20 20 
29 29 29 29 29 29 12 12 12 12 12 12 12 12 12 12 12 12 12 12 12 12  4  4  4  4  4  4  4  4 30 30 30 30 30 30 30 30 30 30 30 30 30  4 26 26 26 26 26 26 26 26 26 26 26 26 26 26 26  4  4  4  4  4  4  4 10 10  3  3  3  3  3  3  3  3  3  3  3  3  3  3  3  3  3  3  3  3 13 13 13 13 13 13 13 13  2 13 13  2 13  2  2  2  2  2  2  2  2  2  2  2  2  2  2  2  2  2 20 20 20 20 20 20 
29 29 29 29 29 29 29 12 12 12 12 12 12 12 12 12 12 12 12 12 12 12  4  4  4  4  4  4  4  4 30 30 30 30 30 30 30 30 30 30 30 30 30 26 26 26 26 26 26 26 26 26 26 26 26 26 26 26 26 26  4  4  4  4  4  4 10 10  3  3  3  3  3  3  3  3  3  3  3  3 13  3  3  3  3  3  3  3 13 13 13 13 13 13 13  2  2 13  2  2  2  2  2  2  2  2  2  2  2  2  2  2  2  2  2  2  2  2 20 20 20 20 20  2 
29 29 29 29 29 29 29 12 12 12 12 12 12 12 12 12 12 12 12 12 12  4  4  4  4  4  4  4 30 30 30 30 30 30 30 30 30 30 30 30 30 30 26 26 26 26 26 26 26 26 26 26 26 26 26 26 26 26 26 26 26 26 26 26  4  4 10 10  3  3  3  3  3  3  3  3  3 13 13 13 13 13 13 13  3 13 13  3 13 13 13 13 13 13  2  2  2  2  2  2  2  2  2  2  2  2  2  2  2  2  2  2  2  2  2  2  2  2 20 20 20 20 20  2 
29 29 29 29 29 29 29 29 29 12 12 12 12 12 12 12 12 12 12 12 12  4  4  4  4  4  4  4 30 30 30 30 30 30 30 30 30 30 30 30 30 30 26 26 26 26 26 26 26 26 26 26 26 26 26 26 26 26 26 26 26 26 26 26  4  4  4 10  3  3  3  3  3  3  3  3 13 13 13 13 13 13 13 13 13 13 13 13 13  2  2 13 13 13  2  2  2  2  2  2  2  2  2  2  2  2  2  2  2  2  2  2  2  2  2  2  2  2 20 20  2  2  2  2 
29 29 29 29 29 29 29 29 29 12 12 12 12 12 12 12 12 12 12 12  4  4  4  4  4  4  4 30 30 30 30 30 30 30 30 30 30 30 30 30 30 26 26 26 26 26 26 26 26 26 26 26 26 26 26 26 26 26 26 26 26 26 26 26  4  4 10 10  3  3  3  3  3  3  3 13 13 13 13 13 13 13 13 13 13 13 13 13 13  2  2  2  2  2  2  2  2  2  2  2  2  2  2  2  2  2  2  2  2  2  2  2  2  2  2  2  2  2 20 20  2  2  2  2 
29 29 29 29 29 29 29 29 29 12 29 12 12 12 12 12 12 12  4  4  4  4  4  4  4  4  4  4 30 30 30 30 30 30 30 30 30 30 30 30 30 26 26 26 26 26 26 26 26 26 26 26 26 26 26 26 26 26 26 26 26 26 26 26  4  4 10 10  3  3 13 13 13 13 13 13 13 13 13 13 13 13 13 13 13 13 13 13  2  2  2  2  2  2  2  2  2  2  2  2  2  2  2  2  2  2  2  2  2  2  2  2  2  2  2  2  2  2  2  2  2  2  2  2 
29 29 29 29 29 29 29 29 29 29 29 12 12 12 12 12 29 12  4  4  4  4  4  4  4  4  4  4 30 30 30 30 30 30 30 30 30 30 30 30 30 30 26 26 26 26 26 26 26 26 26 26 26 26 26 26 26 26 26 26 26 26 26 26 26 26 26 26  3  3 13 13 13 13 13 13 13 13 13 13 13 13 13 13 13 13 13 13  2  2  2  2  2  2  2  2  2  2  2  2  2  2  2  2  2  2  2  2  2  2  2  2  2  2  2  2  2  2  2  2  2  2  2 31 
29 29 29 29 29 29 29 29 29 29 29 29 29 29 12 12 29 12  4  4  4  4  4  4  4  4  4  4 30 30 30 30 30 30 30 30 30 30 30 30 30 26 26 26 26 26 26 26 26 26 26 26 26 26 26 26 26 26 26 26 26 26 26 26 26 26 26 26  3  3 13 13 13 13 13 13 13 13 13 13 13 13 13 13 13 13 13 13  2  2  2  2  2  2  2  2  2  2  2  2  2  2  2  2  2  2  2  2  2  2  2  2  2  2  2  2  2  2  2  2  2  2 31 31 
29 29 29 29 29 29 29 29 29 29 29 29 29 29 12 12 29 29 29  4  4  4  4  4  4  4  4  4 30 30 30 30 30 30 30 30 30 30 30 30 30 30 26 26 26 26 26 26 26 26 26 26 26 26 26 26 26 26 26 26 26 26 26 26 26 26 26 26 13  3 13 13 13 13 13 13 13 13 13 13 13 13 13 23 13 13 13 13  2  2  2  2  2  2  2  2  2  2  2  2  2  2  2  2  2  2  2  2  2  2  2  2  2  2  2  2  2  2  2 31 31 31 31 31 
29 29 29 29 29 29 29 29 29 29 29 29 29 29 29 29 29 29  4  4  4  4  4  4  4  4  4 30 30 30 30 30 30 30 30 30 30 30 30 30 30 30 30 26 26 26 26 26 26 26 26 26 26 26 26 26 26 26 26 26 26 26 26 26 26 26 26 13 13  3 13 13 13 13 13 13 13 13 13 13 13 23 13 23 13 13 13 13 23 23  2  2  2  2  2  2  2  2  2  2  2  2  2  2  2  2  2  2  2  2  2  2  2  2  2  2  2  2 31 31 31 31 31 31 
29 29 29 29 29 29 29 29 29 29 29 29 29 29 29 29 29  4  4  4  4  4  4  4  4  4  4  4 30 30 30 30 30 30 30 30 30 30 30 30 30 30 26 26 26 26 26 26 26 26 26 26 26 26 26 26 26 26 26 26 26 26 26 26 26 26 26 13 13 13 13 13 13 13 13 13 13 13 13 13 23 23 23 23 23 23 23 23 23 23 23 23  2  2  2  2  2  2  2  2  2  2  2  2  2  2  2  2  2  2  2  2  2  2  2  2  2  2  2  2 31 31 31 31 
29 29 29 29 29 29 29 29 29 29 29 29 29 29 29 29 29 29 24 24 24 24  4  4  4  4  4 30 30 30 30 30 30 30 30 30 30 30 30 30 30 30 26 26 26 26 26 26 26 26 26 26 26 26 26 26 26 26 26 26 26 26 26 26 26 26 26 26 13 13 13 13 13 13 13 13 13 13 13 23 23 23 23 23 23 23 23 23 23 23 23 23  2  2  2  2  2  2  2  2  2  2  2  2  2  2  2  2  2  2  2  2  2  2  2  2  2  2  2  2 31 31 31 31 
29 29 29 29 29 29 29 29 29 29 29 29 29 29 29 29 29 29 24 24 24 24 24  4  4  4  4  4 30 30 30 30 30 30 30 30 30 30 30 30 30 30 30 26 26 26 26 26 26 26 26 26 26 26 26 26 26 26 26 26 26 26 26 26 26 26 26 26 13 13 13 13 13 13 13 13 13 13 13 13 23 23 23 23 23 23 23 23 23 23 23 23 23 23 23  2  2  2  2  2  2  2  2  2  2  2  2  2  2  2  2  2  2  2  2  2  2  2 31 31 31 31 31 31 
29 29 29 29 29 29 29 29 29 29 29 29 29 29 29 29 29 29 24 24 24 24 24 24  4  4  4  4 30 30 30 30 30 30 30 30 30 30 30 30 30 30 30 30 26 26 30 26 26 26 26 26 26 26 26 26 26 26 26 26 26 26 26 26 26 26 26 13 13 13 13 13 13 13 13 13 23 23 23 23 23 23 23 23 23 23 23 23 23 23 23 23 23 23 23 23  2  2  2  2  2  2  2  2  2  2  2  2  2  2  2  2  2  2  2  2  2  2 31 31 31 31 31 31 
29 29 29 29 29 29 29 29 29 29 29 29 29 29 29 29 29 29 24 24 24 24 24 24 24  4  4  4 30 30 30 30 30 30 30 30 30 30 30 30 30 30 30 30 30 30 30 30 26 26 26 26 26 26 26 26 26 26 26 26 26 26 26 26 26 26 26 26 13 13 13 13 13 13 23 23 23 23 23 23 23 23 23 23 23 23 23 23 23 23 23 23 23 23 23 23 23  2  2  2  2  2  2  2  2  2  2  2  2  2  2  2  2  2  2  2  2 31 31 31 31 31 31 31 
29 29 29 29 29 29 29 29 29 29 29 29 29 29 29 29 29 29 24 24 24 24 24 24 24  4  4 24 24 30 30 30 30 30 30 30 30 30 30 30 30 30 30 30 30 30 30 30 26 26 26 26 26 26 26 26 26 26 26 26 26 26 26 26 26 26 26 13 13 13 13 13 13 13 23 23 23 23 23 23 23 23 23 23 23 23 23 23 23 23 23 23 23 23 23 23 23 23 23 23  2  2  2  2  2  2  2  2  2  2  2  2  2  2  2  2  2  2 31 31 31 31 31 31 
29 29 29 29 29 29 29 29 29 29 29 29 29 29 29 29 29 29 24 24 24 24 24 24 24 24  4 24 24 24 30 30 30 30 30 30 30 30 30 30 30 30 30 30 30 30 30 30 30 30 26 26 26 26 26 26 26 26 26 26 26 26 26 26 26 26 26 13 13 13 13 13 13 13 23 23 23 23 23 23 23 23 23 23 23 23 23 23 23 23 23 23 23 23 23 23 23 23 23 23  2  2  2  2  2  2  2  2  2  2  2  2  2  2  2  2  2  2 31 31 31 31 31 31 
29 29 29 29 29 14 29 29 24 24 24 24 24 24 24 24 24 24 24 24 24 24 24 24 24 24 24 24 24 24 30 30 30 30 30 30 30 30 30 30 30 30 30 30 30 30 30 30 30 26 26 26 26 26 26 26 26 26 26 26 26 26 26 26 26 26 13 13 13 13 13 13 13 13 23 23 23 23 23 23 23 23 23 23 23 23 23 23 23 23 23 23 23 23 23 23 23 23 23 23  2  2  2  2  2  2  2  2  2  2  2  2 31 31 31 31 31 31 31 31 31 31 31 31 
14 29 14 29 14 14 14 14 14 24 24 24 24 24 24 24 24 24 24 24 24 24 24 24 24 24 24 24 24 24 24 24 24 30 30 30 30 30 30 30 30 30 30 30 30 30 30 30 30 30 30 26 26 26 26 26 26 26 26 26 26 26 26 26 26 26 26 26 13 13 13 13 13 13 23 23 23 23 23 23 23 23 23 23 23 23 23 23 23 23 23 23 23 23 23 23 23 23 23 23  2  2  2  2  2  2  2  2  2  2  2  2 31 31 31 31 31 31 31 31 31 31 31 31 
14 14 14 14 14 14 14 14 14 14 24 24 24 24 24 24 24 24 24 24 24 24 24 24 24 24 24 24 24 24 24 24 24 24 30 30 30 30 30 30 30 30 30 30 30 30 30 30 30 30 30 26 26 26 26 26 26 26 26 26 26 26 26 26 26 26 26 26 13 13 13 13 13 13 23 23 23 23 23 23 23 23 23 23 23 23 23 23 23 23 23 23 23 23 23 23 23 23 23 23  2  2  2  2  2  2  2  2  2 31  2 31 31 31 31 31 31 31 31 31 31 31 31 31 
14 14 14 14 14 14 14 14 14 14 24 24 24 24 24 24 24 24 24 24 24 24 24 24 24 24 24 24 24 24 24 24 24 30 30 30 30 30 24 30 30 30 30 30 30 30 30 30 30 30 30 30 26 26 26 26 26 26 26 26 26 26 26 26 26 26 26 13 13 13 13 13 13 13 23 23 23 23 23 23 23 23 23 23 23 23 23 23 23 23 23 23 23 23 23 23 23 23 23 23 23 23  2  2  2  2  2  2 31 31 31 31 31 31 31 31 31 31 31 31 31 31 31 31 
14 14 14 14 14 14 14 14 14 24 24 24 24 24 24 24 24 24 24 24 24 24 24 24 24 24 24 24 24 24 24 24 24 24 30 24 24 24 24 30 30 30 30 30 30 30 30 30 30 30 30 30 26 26 26 26 26 26 26 26 26 26 26 26 26 26 26 13 13 13 13 23 23 23 23 23 23 23 23 23 23 23 23 23 23 23 23 23 23 23 23 23 23 23 23 23 23 23 23 23 23 23 23 23  2  2  2  2 31 31 31 31 31 31 31 31 31 31 31 31 31 31 31 31 
14 14 14 14 14 14 14 14 14 24 24 24 24 24 24 24 24 24 24 24 24 24 24 24 24 24 24 24 24 24 24 24 24 24 24 24 24 24 24 30 30 30 30 30 30 30 30 30 30 30 30 30 26 26 26 26 26 21 21 21 21 21 21 21 26 13 13 13 13 13 13 23 23 23 23 23 23 23 23 23 23 23 23 23 23 23 23 23 23 23 23 23 23 23 23 23 23 23 23 23 23 23 23 23 23 31 31 31 31 31 31 31 31 31 31 31 31 31 31 31 31 31 31 31 
14 14 14 14 14 14 14 14 14 24 24 24 24 24 24 24 24 24 24 24 24 24 24 24 24 24 24 24 24 24 24 24 24 24 24 24 24 24 24 30 30 30 30 30 30 30 30 21 30 30 30 30 30 26 26 26 26 21 21 21 21 21 21 21 13 13 13 23 23 23 23 23 23 23 23 23 23 23 23 23 23 23 23 23 23 23 23 23 23 23 23 23 23 23 23 23 23 23 23 23 23 23 23 23 23 31 31 31 31 31 31 31 31 31 31 31 31 31 31 31 31 31 31 31 
14 14 14 14 14 14 14 14 24 24 24 24 24 24 24 24 24 24 24 24 24 24 24 24 24 24 24 24 24 24 24 24 24 24 24 24 24 24 30 30 30 30 30 30 30 30 21 21 21 21 30 30 30 21 21 21 21 21 21 21 21 21 21 21 21 21 13 23 23 23 23 23 23 23 23 23 23 23 23 23 23 23 23 23 23 23 23 23 23 23 23 23 23 23 23 23 23 23 23 23 23 23 23 23 23 31 31 31 31 31 31 31 31 31 31 31 31 31 31 31 31 31 31 31 
14 14 14 14 14 14 14 14 14 24 24 24 24 24 24 24 24 24 24 24 24  7 24 24 24 24  7 24 24 24 24 24 24 24 24 24 24 24 24 30 24 30 21 21 30 21 21 21 21 21 21 21 21 21 21 21 21 21 21 21 21 21 21 21 21 21 13 13 23 23 23 23 23 23 23 23 23 23 23 23 23 23 23 23 23 23 23 23 23 23 23 23 23 23 23 23 23 23 23 23 23 23 23 23 23 31 31 31 31 31 31 31 31 31 31 31 31 31 31 31 31 31 31 31 
14 14 14 14 14 14 14 14 14 14 24 24 24 24 24 24 24 24 24 24 24  7 24 24 24 24  7  7 24 24 24 24 24 24 24 24 24 24 24 24 24 21 21 21 21 21 21 21 21 21 21 21 21 21 21 21 21 21 21 21 21 21 21 21 21 21 21 13 23 23 23 23 23 25 25 23 25 23 23 23 23 23 23 23 23 23 23 23 23 23 23 23 23 23 23 23 23 23 23 23 23 23 23 23 31 31 31 31 31 31 31 31 31 31 31 31 31 31 31 31 31 31 31 31 
14 14 14 14 14 14 14 14 14 14 24 24 24 24 24 24  7  7  7  7  7  7  7  7  7  7  7  7  7  7  7  7  7 24  7 24 24 24 24 24 24 21 21 21 21 21 21 21 21 21 21 21 21 21 21 21 21 21 21 21 21 21 21 21 21 21 21 13 23 23 25 25 25 25 25 23 25 23 23 23 23 23 23 23 23 23 23 23 23 23 23 23 23 23 23 23 23 23 23 23 23 23 23 31 31 31 31 31 31 31 31 31 31 31 31 31 31 31 31 31 31 31 31 31 
14 14 14 14 14 14 14 14 24 24 24 24 24  7  7  7  7  7  7  7  7  7  7  7  7  7  7  7  7  7  7  7  7  7  7 24 24 24 24 24 24 24 21 21 21 21 21 21 21 21 21 21 21 21 21 21 21 21 21 21 21 21 21 21 21 21 21 13 23 25 25 25 25 25 25 25 25 23 23 25 23 23 25 25 23 23 23 23 23 23 23 23 23 23 23 23 23 25 25 25 23 31 31 31 31 31 31 31 31 31 31 31 31 31 31 31 31 31 31 31 31 31 31 31 
14 14 14 14 14 14 14 14 14 24 24 24 24  7  7  7  7  7  7  7  7  7  7  7  7  7  7  7  7  7  7  7  7  7  7 24 24 24 24 24 24 24 24 21 21 21 21 21 21 21 21 21 21 21 21 21 21 21 21 21 21 21 21 21 21 21 21 13 23 25 25 25 25 25 25 25 25 25 25 25 25 25 25 25 23 23 23 23 23 23 23 23 23 23 23 23 23 25 25 25 23 31 31 31 31 31 31 31 31 31 31 31 31 31 31 31 31 31 31 31 31 31 31 31 
14 14 14 14 14 14 14 14 14 24 24  7  7  7  7  7  7  7  7  7  7  7  7  7  7  7  7  7  7  7  7  7  7  7  7  7 24 24 24 24 24 24 21 21 21 21 21 21 21 21 21 21 21 21 21 21 21 21 21 21 21 21 21 21 21 21 21 13 23 25 25 25 25 25 25 25 25 25 25 25 25 25 25 25 25 25 25 25 25 25 23 23 23 23 23 25 25 25 25 25 31 31 31 31 31 31 31 31 31 31 31 31 31 31 31 31 31 31 31 31 31 31 31 31 
14 14 14 14 14 14 14 14  7 24 24  7  7  7  7  7  7  7  7  7  7  7  7  7  7  7  7  7  7  7  7  7  7  7  7 24 24 24 24 24 24 24 21 21 21 21 21 21 21 21 21 21 21 21 21 21 21 21 21 21 21 21 21 21 21 21 21 21 25 25 25 25 25 25 25 25 25 25 25 25 25 25 25 25 25 25 25 25 25 25 25 23 23 23 23 25 25 25 25 25 31 31 31 31 31 31 31 31 31 31 31 31 31 31 31 31 31 31 31 31 31 31 31 27 
14 14 14 14 14 14 14  7  7 24  7  7  7  7  7  7  7  7  7  7  7  7  7  7  7  7  7  7  7  7  7  7  7  7  7 24 24 24 24 24 21 21 21 21 21 21 21 21 21 21 21 21 21 21 21 21 21 21 21 21 21 21 21 21 21 21 21 25 25 25 25 25 25 25 25 25 25 25 25 25 25 25 25 25 25 25 25 25 25 25 25 25 23 23 25 25 25 25 25 25 25 25 25 31 31 31 31 31 31 31 31 31 31 31 31 31 31 31 31 31 31 31 31 27 
14 14 14 14 14 14 14  7  7  7  7  7  7  7  7  7  7  7  7  7  7  7  7  7  7  7  7  7  7  7  7  7  7  7  7  7 24 24 24 21 21 21 21 21 21 21 21 21 21 21 21 21 21 21 21 21 21 21 21 21 21 21 21 21 21 21 21 25 25 25 25 25 25 25 25 25 25 25 25 25 25 25 25 25 25 25 25 25 25 25 25 25 25 25 25 25 25 25 25 25 25 25 25 25 31 31 31 31 31 31 31 31 31 31 31 31 31 31 31 31 31 31 27 27 
14  6 14 14  6  6  7  7  7  7  7  7  7  7  7  7  7  7  7  7  7  7  7  7  7  7  7  7  7  7  7  7  7  7  7  7 24 24 24 24 21 21 21 21 21 21 21 21 21 21 21 21 21 21 21 21 21 21 21 21 21 21 21 21 21 21 21 21 25 25 25 25 25 25 25 25 25 25 25 25 25 25 25 25 25 25 25 25 25 25 25 25 25 25 25 25 25 25 25 25 25 25 25 25 31 31 31 31 31 31 31 31 31 31 31 31 31 31 31 31 31 31 31 27 
 6  6  6  6  6  7  7  7  7  7  7  7  7  7  7  7  7  7  7  7  7  7  7  7  7  7  7  7  7  7  7  7  7  7  7  7 24 24 24 24 21 21 21 21 21 21 21 21 21 21 21 21 21 21 21 21 21 21 21 21 21 21 21 21 21 21 21 25 25 25 25 25 25 25 25 25 25 25 25 25 25 25 25 25 25 25 25 25 25 25 25 25 25 25 25 25 25 25 25 25 25 25 25 25 31 31 31 31 31 31 31 31 31 31 31 31 31 31 31 31 31 31 31 27 
 6  6  6  6  6  6  7  7  7  7  7  7  7  7  7  7  7  7  7  7  7  7  7  7  7  7  7  7  7  7  7  7  7  7  7  7 24 24 24 24 24 21 21 21 21 21 21 21 21 21 21 21 21 21 21 21 21 21 21 21 21 21 21 21 21 21 21 25 25 25 25 25 25 25 25 25 25 25 25 25 25 25 25 25 25 25 25 25 25 25 25 25 25 25 25 25 25 25 25 25 25 25 25 25 31 31 31 31 31 31 31 31 31 31 31 31 31 31 31 31 31 31 31 27 
 6  6  6  6  6  6  7  7  7  6  7  7  7  7  7  7  7  7  7  7  7  7  7  7  7  7  7  7  7  7  7  7  7  7  7  7 24 24 24 24 24 24 21 21 21 21 21 21 21 21 21 21 21 21 21 21 21 21 21 21 21 21 21 21 21 21 19 25 25 25 25 25 25 25 25 25 25 25 25 25 25 25 25 25 25 25 25 25 25 25 25 25 25 25 25 25 25 25 25 25 25 25 25 25 31 31 31 31 31 31 31 31 31 31 31 31 31 31 31 31 31 31 31 27 
 6  6  6  6  6  6  6  6  6  6  6  6  7  7  7  7  7  7  7  7  7  7  7  7  7  7  7  7  7  7  7  7  7  7  7  7 24 24 24 24 24 24 24 24 21 21 21 21 21 21 21 21 21 21 21 21 21 21 21 21 21 21 21 21 21 21 19 19 25 25 25 25 19 19 25 25 25 25 25 25 25 25 25 25 25 25 25 25 25 25 25 25 25 25 25 25 25 25 25 25 25 25 25 31 31 31 31 31 31 31 31 31 31 31 31 31 31 31 31 31 27 27 27 27 
 6  6  6  6  6  6  6  6  6  6  6  6  7  7  7  7  7  7  7  7  7  7  7  7  7  7  7  7  7  7  7  7  7  7  7  7 24 24 24 24 24 24 24 24 24 21 21 21 21 21 21 21 21 21 21 21 21 21 21 21 21 21 21 21 21 21 19 19 19 25 25 19 19 19 25 25 25 25 25 25 25 25 25 25 25 25 25 25 25 25 25 25 25 25 25 25 25 25 25 25 25 25 25 25 31  5 31 31 31 31 31 31 31 31 31 31 31 27 27 27 27 27 27 27 
 6  6  6  6  6  6  6  6  6  6  6  6  7  7  7  7  7  7  7  7  7  7  7  7  7  7  7  7  7  7  7  7  7  7  7  7  7 24 24 24 24 24 24 24 24 21 21 21 21 21 21 21 21 21 21 21 21 21 21 21 21 21 21 21 21 21 19 19 19 19 19 19 19 19 25 19 19 19 19 25 25 25 25 25 25 25 25 25 25 25 25 25 25 25 25 25 25 25 25 25 25 25 25  5 31  5  5 31 31 31 31 31 31 31 31 31 31 27 27 27 27 27 27 27 
 6  6  6  6  6  6  6  6  6  6  6  6  6  6  7  7  7  7  7  7  7  7  7  7  7  7  7  7  7  7  7  7  7  7  7  7  7 24 24 24 24 24 24 24 21 21 21 21 21 21 21 21 21 21 21 21 21 21 21 21 21 21 21 21 21 21 19 19 19 19 19 19 19 19 19 19 19 19 19 25 25 25 25 25 25 25 25 25 25 25 25 25 25 25 25 25 25 25 25 25 25 25 25  5  5  5  5 31 31 31 31 31 31 31 31 31 31 27 27 27 27 27 27 27 
 6  6  6  6  6  6  6  6  6  6  6  6  6  6  6  1  7  1  1  1  7  7  7  7  7  7  7  7  7  7  1  7  7  7  7  7  7 24 24 24 24 24 24 24 24 24 21 21 21 21 21 21 21 21 21 21 21 21 21 21 19 19 21 19 19 19 19 19 19 19 19 19 19 19 19 19 19 19 19 19 25 25 25 25 25 25 25 25 25 25 25 25 25 25 25 25 25 25  5  5  5  5  5  5  5  5  5  5 31 31 31 31 31 31 31 31 27 27 27 27 27 27 27 27 
 6  6  6  6  6  6  6  6  6  6  6  6  6  6  6  1  1  1  1  1  1  7  7  7  1  1  1  1  7  1  1  7  7  7  7  7  7  7  7  7 24 24 24 24 24 21 21 21 21 21 21 21 21 21 21 21 21 21 21 21 19 19 19 19 19 19 19 19 19 19 19 19 19 19 19 19 19 19 19 19 19 19 19 19 25 25 25 25 25 25 25 25 25 25 25 25 25 25  5  5  5  5  5  5  5  5  5  5 31 31 31 31 31 31 27 27 27 27 27 27 27 27 27 27 
 6  6  6  6  6  6  6  6  6  6  6  6  6  6  6  1  1  1  1  1  1  1  1  7  7  1  1  1  1  1  1  1  7  7  7  7  7  7  7  7  7  7 24 24 24 21 21 21 21 21 21 21 21 21 21 21 21 21 21 19 19 19 19 19 19 19 19 19 19 19 19 19 19 19 19 19 19 19 19 19 19 19 25 25 25 25 25 25 25 25 25 25 25 25 25 25 25 25  5  5  5  5  5  5  5  5  5  5  5  5 31 31 31 31 27 27 27 27 27 27 27 27 27 27 
 6  6  6  6  6  6  6  6  6  6  6  6  6  6  1  1  1  1  1  1  1  1  1  1  1  1  1  1  1  1  1  1  7  7  7  7  7  7  7  7  7  7 24 24 24 21 21 21 21 21 21 21 21 21 21 21 21 21 21 19 19 19 19 19 19 19 19 19 19 19 19 19 19 19 19 19 19 19 19 19 19 19 19 25 25 25 25 25 25 25 25 25 25 25 25 25 25 25  5  5  5  5  5  5  5  5  5  5  5  5  5  5 31 31 27 27 27 27 27 27 27 27 27 27 
 6  6  6  6  6  6  6  6  6  6  6  6  6  6  1  1  1  1  1  1  1  1  1  1  1  1  1  1  1  1  1  1  1  1  1  1  7  7  7  7  7 24 24 24 24 24 24 24 21 21 21 21 21 21 21 19 19 21 19 19 19 19 19 19 19 19 19 19 19 19 19 19 19 19 19 19 19 19 19 19 19 19 19 19 19 25 25 25 25 25 25 25 25 25 25 25 25 25  5  5  5  5  5  5  5  5  5  5  5  5  5  5 31 27 27 27 27 27 27 27 27 27 27 27 
 6  6  6  6  6  6  6  6  6  6  6  6  1  1  1  1  1  1  1  1  1  1  1  1  1  1  1  1  1  1  1  1  1  1  1  1  1  1  1  7  7  7  7 24 24 24 24 24 24 21 21 21 21 21 19 19 19 21 19 19 19 19 19 19 19 19 19 19 19 19 19 19 19 19 19 19 19 19 19 19 19 19 19 19 19 25 25 25 25 25 25 25 25 25 25 25  5  5  5  5  5  5  5  5  5  5  5  5  5  5  5  5  5 27 27 27 27 27 27 27 27 27 27 27 
 6  6  6  6  6  6  6  6  6  6  1  1  1  1  1  1  1  1  1  1  1  1  1  1  1  1  1  1  1  1  1  1  1  1  1  1  1  1  1  1  7  7  7 24 24 24 24 24 21 21 21 21 21 21 19 19 19 19 19 19 19 19 19 19 19 19 19 19 19 19 19 19 19 19 19 19 19 19 19 19 19 19 19 19 19 25 25 25 25 25 25 25 25 25 25  5  5  5  5  5  5  5  5  5  5  5  5  5  5  5  5 27 27 27 27 27 27 27 27 27 27 27 27 27 
 6  6  6  6  6  6  6  1  1  1  1  1  1  1  1  1  1  1  1  1  1  1  1  1  1  1  1  1  1  1  1  1  1  1  1  1  1  1  1  1  7  7  7 24 24 24 24 24 24 21 24 21 21 24 24 16 16 19 19 19 19 19 19 19 19 19 19 19 19 19 19 19 19 19 19 19 19 19 19 19 19 19 19 19 19 19 19 19 25 25 25 25 25 25 25  5  5  5  5  5  5  5  5  5  5  5  5  5  5  5 27 27 27 27 27 27 27 27 27 27 27 27 27 27 
 6  6  6  6  6  6  6  6  6  1  1  1  1  1  1  1  1  1  1  1  1  1  1  1  1  1  1  1  1  1  1  1  1  1  1  1  1  1  1  1  7  7  7 24 24 24 24 24 24 21 24 24 24 24 24 16 16 16 19 19 19 19 19 19 19 19 19 19 19 19 19 19 19 19 19 19 19 19 19 19 19 19 19 19 19 19 19 19 19 25 25  5  5  5  5  5  5  5  5  5  5  5  5  5  5  5  5  5  5  5 27 27 27 27 27 27 27 27 27 27 27 27 27 27 
 6  6  6  6  6  6  1  1  1  1  1  1  1  1  1  1  1  1  1  1  1  1  1  1  1  1  1  1  1  1  1  1  1  1  1  1  1  1  1  1  1  1  7  7 24  7  7 24 24 24 24 24 24 16 16 16 16 19 19 19 19 19 19 19 19 19 19 19 19 19 19 19 19 19 19 19 19 19 19 19 19 19 19 19 19 19 19 19 19 19 25  5  5  5  5  5  5  5  5  5  5  5  5  5  5  5  5  5  5 27 27 27 27 27 27 27 27 27 27 27 27 27 27 27 
 6  6  6  6  6  6  6  6  6  1  1  1  1  1  1  1  1  1  1  1  1  1  1  1  1  1  1  1  1  1  1  1  1  1  1  1  1  1  1  1  1  1  7  7  7  7  7 24 24 24 24 24 24 24 16 16 16 19 19 19 19 19 19 19 19 19 19 16 16 19 19 19 19 19 19 19 19 19 19 19 19 19 19 19 19 19 19 19 19 19  5  5  5  5  5  5  5  5  5  5  5  5  5  5  5  5  5  5  5 27 27 27 27 27 27 27 27 27 27 27 27 27 27 27 
 6  6  6  6  6  6  6  6  6  1  1  1  1  1  1  1  1  1  1  1  1  1  1  1  1  1  1  1  1  1  1  1  1  1  1  1  1  1  1  1  1  1  1  1  7  7  7  7 24 24 24 24 24 24 24 24 16 19 16 16 16 19 19 19 19 16 16 16 16 19 19 19 19 19 19 19 19 19 19 19 19 19 19 19 19 19 19 19 19 19  5  5  5  5  5  5  5  5  5  5  5  5  5  5  5  5  5  5  5 27 27 27 27 27 27 27 27 27 27 27 27 27 27 27 
 6  6  6  6  6  1  1  6  6  1  1  1  1  1  1  1  1  1  1  1  1  1  1  1  1  1  1  1  1  1  1  1  1  1  1  1  1  1  1  1  1  1  1  1  7  7  7  7 24 24 24 24 24 24 24 24 16 16 16 16 16 16 16 16 16 16 16 16 16 19 19 19 19 19 19 19 19 19 19 19 19 19 19 19 19 19 19 19 19 19 19  5  5  5  5  5  5  5  5  5  5  5  5  5  5  5  5  5  5 27 27 27 27 27 27 27 27 27 27 27 27 27 27 27 
 6  6  6  6  6  1  1  1  1  1  1  1  1  1  1  1  1  1  1  1  1 11 11  1  1  1  1  1  1  1  1  1  1  1  1  1  1  1  1  1  1  1  1  1  7  7  7  7  7 24 24 24 24 24 24 24 16 16 16 16 16 16 16 16 16 16 16 16 16 19 19 19 19 19 19 19 19 19 19 19 19 19 19 19 19 19 19 19 19 19  5  5  5  5  5  5  5  5  5  5  5  5  5  5  5  5  5  5 27 27 27 27 27 27 27 27 27 27 27 27 27 27 27 27 
 6  6  6  6  6  6  1  1  1  1  1  1  1  1  1  1  1  1  1  1  1  1 11 11 11 11 11  1  1  1  1  1  1  1  1  1  1  1  1  1  1  1  1  1  1  7  7  7  7  7  7 24 15 24 24 24 16 16 16 16 16 16 16 16 16 16 16 16 16 19 19 19 19 19 19 19 19 19 19 19 19 19 19 19 19 19 19 19 19 19  5  5  5  5  5  5  5  5  5  5  5  5  5  5  5  5  5  5 27 27 27 27 27 27 27 27 27 27 27 27 27 27 27 27 
 6  6  6  6  6  6  1  1  1  1  1  1  1  1  1  1  1  1  1  1  1 11 11 11 11 11 11 11  1  1 11 11 11  1  1 11 11  1 11  1  1  1  1  1  1  7  7  7 15 15 15 15 15 24 24 15 16 16 16 16 16 16 16 16 16 16 16 16 16 19 19 19 19 19 19 19 19 19 19 19 19 19 19 19 19 19 19 19 19 19 19  9  5  5  5  5  5  5  5  5  5  5  5  5  5  5  5  5  5  5  5  5 27 27 27 27 27 27 27 27 27 27 27 27 
 6  6  6  6  1  1  1  1  1  1  1  1  1  1  1  1  1  1  1 11 11 11 11 11 11 11 11 11 11 11 11 11 11 11 11 11 11 11 11 11  1  1  1  1  1  7  7  7 15 15 15 15 15 15 15 15 15 15 15 15 15 16 16 16 16 16 16 16 16 19 16 19 19 19 19 19 19 19 19 19 19 19 19 19 19 19 19 19 19 19  9  9  9  9  9  9  9  5  5  5  5  5  5  5  5  5  5  5 27 27 27 27 27 27 27 27 27 27 27 27 27 27 27 27 
 6  6  6  6  1  1  1  1  1  1  1  1  1  1  1  1  1 11 11 11 11 11 11 11 11 11 11 11 11 11 11 11 11 11 11 11 11 11 11  1  1  1  1  1  1  1  1  7 15 15 15 15 15 15 15 15 15 15 15 15 15 15 16 16 16 16 16 16 16 16 16 16 16 16 19 16 19 19 19 19 19 19 19 19 19 19 19 19 19 19  9  9  9  9  9  9  9  5  5  5  9  5  5  9  9  5  5 27 27 27 27 27 27 27 27 27 27 27 27 27 27 27 27 27 
 6  6  6  6  6  6  1  1  1  1  6  1  1  1  1  1 11 11 11 11 11 11 11 11 11 11 11 11 11 11 11 11 11 11 11 11 11 11 11 11  1  1  1  1  1  1  1  7  7 15 15 15 15 15 15 15 15 15 15 15 15 15 16 16 16 16 16 16 16 16 16 16 16 16 16 16 19 19 19 19 19 19 19 19 19 19 19 19 19 19  9  9  9  9  9  9  9  9  9  9  9  9  9  9  9  9  9  9 27 27 27 27 27 27 27 27 27 27 27 27 27 27 27 27 
 6  6  6  6  6  6  1  1  1  1  6  6  1  1 11 11 11 11 11 11 11 11 11 11 11 11 11 11 11 11 11 11 11 11 11 11 11 11 11 11  1  1  1  1  1  1 15 15 15 15 15 15 15 15 15 15 15 15 15 15 15 15 16 16 16 16 16 16 16 16 16 16 16 16 16 16 16 16 16 16 19 19 19 19 19 19 19 19 19  9  9  9  9  9  9  9  9  9  9  9  9  9  9  9  9  9  9  9  9 27 27 27 27 27 27 27 27 27 27 27 27 27 27 27 
 6  6  6  6  6  6  6  6  6  6  6 11 11 11 11 11 11 11 11 11 11 11 11 11 11 11 11 11 11 11 11 11 11 11 11 11 11 11 11  1  1  1  1 15 15 15 15 15 15 15 15 15 15 15 15 15 15 15 15 15 15 15 15 16 16 16 16 16 16 16 16 16 16 16 16 16 16 16 16 16 16 16 19 19 19 19 19 19 19 19  9  9  9  9  9  9  9  9  9  9  9  9  9  9  9  9  9  9  9 27 27 27 27 27 27 27 27 27 27 27 27 27 27 27 
 6  6  6  6  6  6  6  6  6  6  6 11 11 11 11 11 11 11 11 11 11 11 11 11 11 11 11 11 11 11 11 11 11 11 11 11 11  1  1  1  1  1  1  1  1 15 15 15 15 15 15 15 15 15 15 15 15 15 15 15 15 15 15 15 16 16 16 16 16 16 16 16 16 16 16 16 16 16 16 16 16 16 16 16 19 19 19 19 19 19  9  9  9  9  9  9  9  9  9  9  9  9  9  9  9  9  9  9 27 27 27 27 27 27 27 27 27 27 27 27 27 27 27 27 
 6  6  6  6  6  6  6  6  6  6  6 11 11 11 11 11 11 11 11 11 11 11 11 11 11 11 11 11 11 11 11 11 11 11 11 11  1  1  1  1  1  1  1  1 15 15 15 15 15 15 15 15 15 15 15 15 15 15 15 15 15 15 15 16 16 16 16 16 16 16 16 16 16 16 16 16 16 16 16 16 16 16 16 16 16 16 19 19  9  9  9  9  9  9  9  9  9  9  9  9  9  9  9  9  9  9  9  9  9  9 27 27 27 27 27 27 27 27 27 27 27 27 27 27 
 6  6  6  6  6  6  6  6  6  6  6 11 11 11 11 11 11 11 11 11 11 11 11 11 11 11 11 11 11 11 11 11 11 11 11 11  1  1  1  1  1  1  1  1  1  1 15 15 15 15 15 15 15 15 15 15 15 15 15 15 15 15 15 15 16 16 16 16 16 16 16 16 16 16 16 16 16 16 16 16 16 16 16 16 16 16 19 19  9  9  9  9  9  9  9  9  9  9  9  9  9  9  9  9  9  9  9  9  9  9  9  9  9 27 27 27 27 27 27 27 27 27 27 27 
 6  6  6  6  6  6  6  6  6  6  6  6 11 11 11 11 11 11 11 11 11 11 11 11 11 11 11 11 11 11 11 11 11 11 11  1  1  1  1  1  1  1  1  1  1 15 15 15 15 15 15 15 15 15 15 15 15 15 15 15 15 15 15 15 15 15 16 16 16 16 16 16 16 16 16 16 16 16 16 16 16 16 16 16 16 16 16  9  9  9  9  9  9  9  9  9  9  9  9  9  9  9  9  9  9  9  9  9  9  9  9  9  9  8  8 27 27 27 27 27 27 27 27 27 
 6  6  6  6  6  6  6  6  6  6  6  6 11 11 11 11 11 11 11 11 11 11 11 11 11 11 11 11 11 11 11 11 11 11 11 11  1  1  1  1  1  1  1  1 15 15 15 15 15 15 15 15 15 15 15 15 15 15 15 15 15 15 15 15 16 15 16 16 16 16 16 16 16 16 16 16 16 16 16 16 16 16 16 16 16 16 16 16  9  9  9  9  9  9  9  9  9  9  9  9  9  9  9  9  9  9  9  9  9  9  9  9  9  8  8 27 27 27 27 27 27 27 27 27 
 6  6  6  6  6  6  6  6  6  6  6  6 11 11 11 11 11 11 11 11 11 11 11 11 11 11 11 11 11 11 11 11 11 11 11 11  1  1  1  1  1  1  1  1 15 15 15 15 15 15 15 15 15 15 15 15 15 15 15 15 15 15 15 15 16 16 16 16 16 16 16 16 16 16 16 16 16 16 16 16 16 16 16 16 16 16 16  9  9  9  9  9  9  9  9  9  9  9  9  9  9  9  9  9  9  9  9  9  9  9  9  9  9  9  8 27  8  8 27 27 27 27 28 27 
 6  6  6  6  6  6  6  6  6  6  6 11 11 11 11 11 11 11 11 11 11 11 11 11 11 11 11 11 11 11 11 11 11 11 11 11 11  1  1  1  1  1  1 15 15 15 15 15 15 15 15 15 15 15 15 15 15 15 15 15 15 15 15 16 16 16 16 16 16 16 16 16 16 16 16 16 16 16 16 16 16 16 16 16 16 16 16  9  9  9  9  9  9  9  9  9  9  9  9  9  9  9  9  9  9  9  9  9  9  9  9  9  9  9  8  8  8  8  8 27 27 28 28 28 
 6  6  6  6  6  6  6  6  6  6  6 11 11 11 11 11 11 11 11 11 11 11 11 11 11 11 11 11 11 11 11 11 11 11 11 11 11  1  1  1  1  1  1  1 15 15 15 15 15 15 15 15 15 15 15 15 15 15 15 15 15 15 15 16 16 16 16 16 16 16 16 16 16 16 16 16 16 16 16 16 16 16 16 16 16 16 16 16  9  9  9  9  9  9  9  9  9  9  9  9  9  9  9  9  9  9  9  9  9  9  9  9  9  8  8  8  8 28 28 28 28 28 28 28 
 6  6  6 18  6  6  6  6  6  6  6 11 11 11 11 11 11 11 11 11 11 11 11 11 11 11 11 11 11 11 11 11 11 11 11 11 11  1  1  1  1  1  1 15 15 15 15 15 15 15 15 15 15 15 15 15 15 15 15 15 15 15 15 16 16 16 16 16 16 16 16 16 16 16 16 16 16 16 16 16 16 16 16 16 16 16 16 16  9  9  9  9  9  9  9  9  9  9  9  9  9  9  9  9  9  9  9  9  9  9  9  9  8  8  8  8 28 28 28 28 28 28 28 28 
 6  6  6 18  6  6  6  6  6  6  6  6 11 11 11 11 11 11 11 11 11 11 11 11 11 11 11 11 11 11 11 11 11 11 11 11 11  1  1  1  1  1  1 15 15 15 15 15 15 15 15 15 15 15 15 15 15 15 15 15 15 15 15 15 15 16 16 16 16 16 16 16 16 16 16 16 16 16 16 16 16 16 16 16 16 16 16  9  9  9  9  9  9  9  9  9  9  9  9  9  9  9  9  9  9  9  9  9  9  9  9  8  8  8  8  8 28 28 28 28 28 28 28 28 
 6  6  6 18  6  6  6  6  6  6  6  6 11 11 11 11 11 11 11 11 11 11 11 11 11 11 11 11 11 11 11 11 11 11 11 11 11  1  1  1  1  1 15 15 15 15 15 15 15 15 15 15 15 15 15 15 15 15 15 15 15 15 15 15 15 16 16 16 16 16 16 16 16 16 16 16 16 16 16 16 16 16 16 16 16 16 16 16 16  9  9  9  9  9  9  9  9  9  9  9  9  9  9  9  9  9  9  9  9  9  9  9  8  8  8  8 28 28 28 28 28 28 28 28 
 6  6  6 18  6  6 18 18  6  6  6 11 11 11 11 11 11 11 11 11 11 11 11 11 11 11 11 11 11 11 11 11 11 11 11 11  1  1  1  1  1  1 15 15 15 15 15 15 15 15 15 15 15 15 15 15 15 15 15 15 15 15 15 15 15 16 16 16 16 16 16 16 16 16 16 16 16 16 16 16 16 16 16 16 16  9  9  9  9  9  9  9  9  9  9  9  9  9  9  9  9  9  9  9  9  9  8  9  9  8  8  8  8  8  8  8 28 28 28 28 28 28 28 28 
 6 18 18 18 18 18 18 18 18 18 18 18 11 11 11 11 11 11 11 11 11 11 11 11 11 11 11 11 11 11 11 11 11 11 11 11  1  1  1  1  1  1  1 15 15 15 15 15 15 15 15 15 15 15 15 15 15 15 15 15 15 15 15 15 15 16 16 16 16 16 16 16 16 16 16 16 16 16 16 16 16 16 16 16 16  9  9  9  9  9  9  9  9  9  9  9  9  9  9  8  8  9  9  8  8  8  8  8  8  8  8  8  8  8  8  8  8 28 28 28 28 28 28 28 
 6 18 18 18 18 18 18 18 18 18 18 18 18 11 11 11 11 11 11 11 11 11 11 11 11 11 11 11 11 11 11 11 11 11 11 11 11 11  1  1  1  1 15 15 15 15 15 15 15 15 15 15 15 15 15 15 15 15 15 15 15 15 15 15 15 16 16 16 16 16 16 16 16 16 16 16 16 16 16 16 16 16 16  9 16  9  9  9  9  9  9  9  9  9  9  9  8  8  8  8  8  9  8  8  8  8  8  8  8  8  8  8  8  8  8 28 28 28 28 28 28 28 28 28 
 6 18 18 18 18 18 18 18 18 18 18 18 18 18 18 18 11 11 11 11 11 11 11 11 11 11 11 11 11 11 11 11 11 11 11 11 11 11  1  1  1  1  1 15 15 15 15 15 15 15 15 15 15 15 15 15 15 15 15 15 15 15 15 15 15 15 15 16 16 16 16 16 16 16 16 16 16 16 16 16 16 16  9  9  9  9  9  9  9 22 22 22 22  9  9  8  8  8  8  8  8  9  8  8  8  8  8  8  8  8  8  8  8  8  8 28 28 28 28 28 28 28 28 28 
 6  6 18 18 18 18 18 18 18 18 18 18 18 18 18 18 18 18 11 11 11 11 11 11 11 11 11 11 11 11 11 11 11 11 11 11 11 11  1  1  1  1 15 15 15 15 15 15 15 15 15 15 15 15 15 15 15 15 15 15 15 15 15 15 15 15 15 15 16 16 16 16 16 16 16 16 16 16 16 16 16 16  9  9  9  9  9  9 22 22 22 22 22  8  8  8  8  8  8  8  8  8  8  8  8  8  8  8  8  8  8  8  8  8 28 28 28 28 28 28 28 28 28 28 
18 18 18 18 18 18 18 18 18 18 18 18 18 18 18 18 18 18 11 11 11 11 11 11 11 11 11 11 11 11 11 11 11 11 11 11 11 11 11  1  1  1 15 15 15 15 15 15 15 15 15 15 15 15 15 15 15 15 15 15 15 15 15 15 15 15 15 15 16 16 16 16 16 16  9 16 16 16 16 16 16 16  9  9  9 22 22 22 22 22 22 22 22  8  8  8  8  8  8  8  8  8  8  8  8  8  8  8  8  8  8  8  8  8  8 28 28 28 28 28 28 28 28 28 
18 18 18 18 18 18 18 18 18 18 18 18 18 18 18 18 18 18 18 11 11 11 11 11 11 11 11 11 11 11 11 11 11 11 11 11 11  1  1  1  1  1 15 15 15 15 15 15 15 15 15 15 15 15 15 15 15 15 15 15 15 15 15 15 15 15 16 16 16 16 16 16 16 16  9  9  9  9  9  9  9  9  9  9 22 22 22 22 22 22 22 22 22 22 22 22 22 22  8  8  8  8  8  8  8  8  8  8  8  8  8  8  8  8  8  8  8 28 28 28 28 28 28 28 
18 18 18 18 18 18 18 18 18 18 18 18 18 18 18 18 18 18 18 18 11 11 11 11 11 11 11 11 11 11 11 11 11 11 11  1  1  1  1  1  1  1 15 15 15 15 15 15 15 15 15 15 15 15 15 15 15 15 15 15 15 15 15 15 15 15 16 16 16 16 16 16 16 16  9  9  9  9  9  9  9  9  9 22 22 22 22 22 22 22 22 22 22 22 22 22 22 22  8  8  8  8  8  8  8  8  8  8  8  8  8  8  8  8  8  8 28 28 28 28 28 28 28 28 
18 18 18 18 18 18 18 18 18 18 18 18 18 18 18 18 18 18 18 18 18 18 18 11 11 11 11 11 11 11 11 11 11 11 11 11  1  1  1  1 15 15 15 15 15 15 15 15 15 15 15 15 15 15 15 15 15 15 15 15 15 15 15 15 15 15 16 16 16 16 16  9  9  9  9  9  9  9  9  9  9  9 22 22 22 22 22 22 22 22 22 22 22 22 22 22 22  8  8  8  8  8  8  8  8  8  8  8  8  8  8  8  8  8  8  8  8  8 28 28 28 28 28 28 
18 18 18 18 18 18 18 18 18 18 18 18 18 18 18 18 18 18 18 18 18 18 18 11 11 11 11 11 11 11 11 11 11 11 11 11  1  1  1 15 15 15 15 15 15 15 15 15 15 15 15 15 15 15 15 15 15 15 15 15 15 15 15 15 15 15 16 16 16 16  9  9  9  9  9  9  9  9  9  9  9  9 22 22 22 22 22 22 22 22 22 22 22 22 22 22 22 22  8  8  8  8  8  8  8  8  8  8  8  8  8  8  8  8  8  8  8 28 28 28 28 28 28 28 
18 18 18 18 18 18 18 18 18 18 18 18 18 18 18 18 18 18 18 18 18 18 18 18 11 18 18 11 11 11 11 11 11 11 11 11  1  1  1 15 15 15 15 15 15 15 15 15 15 15 15 15 15 15 15 15 15 15 15 15 15 15 15 15 16 16 16 16 16  9  9  9  9  9  9  9  9  9  9  9  9 22 22 22 22 22 22 22 22 22 22 22 22 22 22 22 22 22  8  8  8  8  8  8  8  8  8  8  8  8  8  8  8  8  8  8 28 28 28 28 28 28 28 28 
18 18 18 18 18 18 18 18 18 18 18 18 18 18 18 18 18 18 18 18 18 18 18 18 18 18 18 18 11 11 11 11 11 11 11 11  1  1  1 15 15 15 15 15 15 15 15 15 15 15 15 15 15 15 15 15 15 15 15 15 15 15 15 16 16 16  9  9  9  9  9  9  9  9  9  9  9  9  9  9 22 22 22 22 22 22 22 22 22 22 22 22 22 22 22 22 22 22 22 22  8  8  8  8  8  8  8  8  8  8  8  8  8  8 28 28 28 28 28 28 28 28 28 28 
18 18 18 18 18 18 18 18 18 18 18 18 18 18 18 18 18 18 18 18 18 18 18 18 18 18 18 18 18 11 11 11 11 11 11 11  1  1  1 15 15 15 15 15 15 15 15 15 15 15 15 15 15 15 15 15 15 15 15 15 16 15 15 16 16  9  9  9  9  9  9  9  9  9  9  9  9  9 22 22 22 22 22 22 22 22 22 22 22 22 22 22 22 22 22 22 22 22 22 22  8  8  8  8  8  8  8  8  8  8  8  8  8  8 28 28 28 28 28 28 28 28 28 28 
18 18 18 18 18 18 18 18 18 18 18 18 18 18 18 18 18 18 18 18 18 18 18 18 18 18 18 18 18 11 11 11 11 11 11 11  1  1 15 15 15 15 15 15 15 16 15 15 15 15 15 15 15 15 15 15 15 16 16 16 16 15 16 16 16 16  9  9  9  9  9  9  9  9  9  9  9  9 22 22 22 22 22 22 22 22 22 22 22 22 22 22 22 22 22 22 22 22 22 22  8  8  8  8  8  8  8  8  8  8  8  8  8  8 28 28 28 28 28 28 28 28 28 28 
18 18 18 18 18 18 18 18 18 18 18 18 18 18 18 18 18 18 18 18 18 18 18 18 18 18 18 18 11 11 11 11 11 11 11 11  1  1  1 15 15 15 15 15 16 16 16 15 16 15 16 15 16 16 15 15 16 16 16 16 16 16 16 16 16 16  9  9  9  9  9  9  9  9 22 22  9  9 22 22 22 22 22 22 22 22 22 22 22 22 22 22 22 22 22 22 22 22 22 22  8  8  8  8  8  8  8  8  8  8  8  8 28 28 28 28 28 28 28 28 28 28 28 28 
18 18 18 18 18 18 18 18 18 18 18 18 18 18 18 18 18 18 18 18 18 18 18 18 18 18 18 11 11 11 11 11 11 11 11  1  1  1  1 15 15 15 15 15 16 16 16 16 16 16 16 16 16 16 16 16 16 16 16 16 16 16 16 16 16 16  9  9  9  9  9  9  9  9 22 22 22 22 22 22 22 22 22 22 22 22 22 22 22 22 22 22 22 22 22 22 22 22 22 22  8  8  8  8  8  8  8  8  8  8  8  8 28 28 28 28 28 28 28 28 28 28 28 28 
18 18 18 18 18 18 18 18 18 18 18 18 18 18 18 18 18 18 18 18 18 18 18 18 18 18 18 11 11 11 11 11 11  1  1  1  1  1  1 15 15 15 15 15 16 16 16 16 16 16 16 16 16 16 16 16 16 16 16 16 16 16 16 16 16 16  9  9  9  9  9  9 22 22 22 22 22 22 22 22 22 22 22 22 22 22 22 22 22 22 22 22 22 22 22 22 22 22 22 22  8  8  8  8  8  8  8  8  8  8  8 28 28 28 28 28 28 28 28 28 28 28 28 28 
18 18 18 18 18 18 18 18 18 18 18 18 18 18 18 18 18 18 18 18 18 18 18 18 18 18 18 18 18 11 11 11 11  1  1  1  1  1  1 15 15 15 15 15 16 16  9  9 16 16 16 16 16 16 16 16 16 16 16 16 16 16 16 16  9  9  9  9  9  9  9 22 22 22 22 22 22 22 22 22 22 22 22 22 22 22 22 22 22 22 22 22 22 22 22 22 22 22 22 22 22  8  8  8  8  8  8  8  8  8  8 28 28 28 28 28 28 28 28 28 28 28 28 28 
18 18 18 18 18 18 18 18 18 18 18 18 18 18 18 18 18 18 18 18 18 18 18 18 18 18 18 18 18 18 11 11 11  1  1  1  1  1  1  9  9  9  9  9  9  9  9  9  9 16  9 16 16 16 16 16 16 16 16 16 16 16 16 16  9  9  9  9  9  9  9 22 22 22 22 22 22 22 22 22 22 22 22 22 22 22 22 22 22 22 22 22 22 22 22 22 22 22 22 22 22 22  8  8  8  8  8  8  8  8  8 28 28 28 28 28 28 28 28 28 28 28 28 28 
18 18 18 18 18 18 18 18 18 18 18 18 18 18 18 18 18 18 18 18 18 18 18 18 18 18 18 18 18 18 11 11 11  1  1  1  1  1  1  9  9  9  9  9  9  9  9  9  9  9  9  9  9 16 16 16 16 16 16 16 16 16 16 16  9  9  9  9  9  9  9 22 22 22 22 22 22 22 22 22 22 22 22 22 22 22 22 22 22 22 22 22 22 22 22 22 22 22 22 22 22 22  8  8  8  8  8  8 28 28 28 28 28 28 28 28 28 28 28 28 28 28 28 28 
18 18 18 18 18 18 18 18 18 18 18 18 18 18 18 18 18 18 18 18 18 18 18 18 18 18 18 18 18 18 11 11 11  1  1  1  1  1  1  9  9  9  9  9  9  9  9  9  9  9  9  9  9 16 16  9  9 16  9  9  9 16 16  9  9  9  9  9  9  9  9 22 22 22 22 22 22 22 22 22 22 22 22 22 22 22 22 22 22 22 22 22 22 22 22 22 22 22 22 22 22  8  8  8  8  8  8 28 28 28 28 28 28 28 28 28 28 28 28 28 28 28 28 28 
18 18 18 18 18 18 18 18 18 18 18 18 18 18 18 18 18 18 18 18 18 18 18 18 18 18 18 18 18 18 11 11 11  1  1  1  9  9  9  9  9  9 22 22 22 22 22 22 22 22 22  9  9  9  9  9  9 16 16  9  9 16 16  9  9  9  9  9  9  9 22 22 22 22 22 22 22 22 22 22 22 22 22 22 22 22 22 22 22 22 22 22 22 22 22 22 22 22  8  8  8  8  8  8  8  8  8 28 28 28 28 28 28 28 28 28 28 28 28 28 28 28 28 28 
18 18 18 18 18 18 18 18 18 18 18 18 18 18 18 18 18 18 18 18 18 18 18 18 18 18 18 18 18 18 18 18 11 11  1  1  9  9  9  9  9  9 22 22 22 22 22 22 22 22 22 22  9  9  9  9  9  9  9  9  9  9  9  9  9  9  9  9  9  9 22 22 22 22 22 22 22 22 22 22 22 22 22 22 22 22 22 22 22 22 22 22 22 22 22 22 22 22  8  8  8  8  8  8  8  8  8 28 28 28 28 28 28 28 28 28 28 28 28 28 28 28 28 28 
18 18 18 18 18 18 18 18 18 18 18 18 18 18 18 18 18 18 18 18 18 18 18 18 18 18 18 18 18 18 18 18 11 11 11  1  1  9  9  9  9  9 22 22 22 22 22 22 22 22 22 22 22 22  9  9  9  9  9  9  9  9  9  9  9  9  9  9  9  9 22 22 22 22 22 22 22 22 22 22 22 22 22 22 22 22 22 22 22 22 22 22 22 22 22 22 22 22  8  8  8  8  8  8  8  8 28 28 28 28 28 28 28 28 28 28 28 28 28 28 28 28 28 28 
18 18 18 18 18 18 18 18 18 18 18 18 18 18 18 18 18 18 18 18 18 18 18 18 18 18 18 18 18 18 18 11 11 11 11  1  1  9  9  9  9 22 22 22 22 22 22 22 22 22 22 22 22 22 22  9  9  9  9  9  9  9  9 22 22  9  9  9 22  9 22 22 22 22 22 22 22 22 22 22 22 22 22 22 22 22 22 22 22 22 22 22 22 22 22 22 22 22 22  8  8  8  8  8  8  8 28 28 28 28 28 28 28 28 28 28 28 28 28 28 28 28 28 28 
18 18 18 18 18 18 18 18 18 18 18 18 18 18 18 18 18 18 18 18 18 18 18 18 18 18 18 18 18 18 18 18 18 11 11  1  1  1  9 22 22 22 22 22 22 22 22 22 22 22 22 22 22 22 22  9  9  9  9 22  9 22 22 22 22 22 22 22 22 22 22 22 22 22 22 22 22 22 22 22 22 22 22 22 22 22 22 22 22 22 22 22 22 22 22 22 22 22 22 22  8  8  8  8  8  8  8 28 28 28 28 28 28 28 28 28 28 28 28 28 28 28 28 28 
18 18 18 18 18 18 18 18 18 18 18 18 18 18 18 18 18 18 18 18 18 18 18 18 18 18 18 18 18 18 18 18 18 11 11  1  1  9  9 22 22 22 22 22 22 22 22 22 22 22 22 22 22 22 22 22 22 22 22 22 22 22 22 22 22 22 22 22 22 22 22 22 22 22 22 22 22 22 22 22 22 22 22 22 22 22 22 22 22 22 22 22 22 22 22 22 22 22 22 22 22  8  8  8  8 28 28 28 28 28 28 28 28 28 28 28 28 28 28 28 28 28 28 28 
18 18 18 18 18 18 18 18 18 18 18 18 18 18 18 18 18 18 18 18 18 18 18 18 18 18 18 18 18 18 18 18 18 18 11 11  1  9  9 22 22 22 22 22 22 22 22 22 22 22 22 22 22 22 22 22 22 22 22 22 22 22 22 22 22 22 22 22 22 22 22 22 22 22 22 22 22 22 22 22 22 22 22 22 22 22 22 22 22 22 22 22 22 22 22 22 22 22 22 22 22 28 28 28 28 28 28 28 28 28 28 28 28 28 28 28 28 28 28 28 28 28 28 28 
