31
1 4 0 1 2 3
2 4 0 1 2 3
3 4 0 1 2 3
4 4 0 1 2 3
5 4 0 1 2 3
6 4 0 1 2 3
7 4 0 1 2 3
8 4 0 1 2 3
9 4 0 1 2 3
10 4 0 1 2 3
11 4 0 1 2 3
12 4 0 1 2 3
13 4 0 1 2 3
14 4 0 1 2 3
15 4 0 1 2 3
16 4 0 1 2 3
17 4 0 1 2 3
18 4 0 1 2 3
19 4 0 1 2 3
20 4 0 1 2 3
21 4 0 1 2 3
22 4 0 1 2 3
23 4 0 1 2 3
24 4 0 1 2 3
25 4 0 1 2 3
26 4 0 1 2 3
27 4 0 1 2 3
28 4 0 1 2 3
29 4 0 1 2 3
30 4 0 1 2 3
31 4 0 1 2 3
74
1 3 4   0 0   1 1   2 2   3 3
1 7 4   0 0   1 1   2 2   3 3
1 8 4   0 0   1 1   2 2   3 3
1 11 4   0 0   1 1   2 2   3 3
1 29 4   0 0   1 1   2 2   3 3
1 14 4   0 0   1 1   2 2   3 3
2 9 4   0 0   1 1   2 2   3 3
2 27 4   0 0   1 1   2 2   3 3
2 12 4   0 0   1 1   2 2   3 3
2 29 4   0 0   1 1   2 2   3 3
2 15 4   0 0   1 1   2 2   3 3
3 16 4   0 0   1 1   2 2   3 3
3 17 4   0 0   1 1   2 2   3 3
3 8 4   0 0   1 1   2 2   3 3
3 27 4   0 0   1 1   2 2   3 3
3 29 4   0 0   1 1   2 2   3 3
4 18 4   0 0   1 1   2 2   3 3
4 20 4   0 0   1 1   2 2   3 3
4 25 4   0 0   1 1   2 2   3 3
4 13 4   0 0   1 1   2 2   3 3
5 19 4   0 0   1 1   2 2   3 3
5 22 4   0 0   1 1   2 2   3 3
5 23 4   0 0   1 1   2 2   3 3
5 30 4   0 0   1 1   2 2   3 3
5 31 4   0 0   1 1   2 2   3 3
6 19 4   0 0   1 1   2 2   3 3
6 28 4   0 0   1 1   2 2   3 3
6 12 4   0 0   1 1   2 2   3 3
6 31 4   0 0   1 1   2 2   3 3
7 26 4   0 0   1 1   2 2   3 3
7 11 4   0 0   1 1   2 2   3 3
7 29 4   0 0   1 1   2 2   3 3
8 16 4   0 0   1 1   2 2   3 3
8 14 4   0 0   1 1   2 2   3 3
9 19 4   0 0   1 1   2 2   3 3
9 29 4   0 0   1 1   2 2   3 3
9 30 4   0 0   1 1   2 2   3 3
9 15 4   0 0   1 1   2 2   3 3
10 17 4   0 0   1 1   2 2   3 3
10 21 4   0 0   1 1   2 2   3 3
10 24 4   0 0   1 1   2 2   3 3
10 25 4   0 0   1 1   2 2   3 3
11 26 4   0 0   1 1   2 2   3 3
12 18 4   0 0   1 1   2 2   3 3
12 19 4   0 0   1 1   2 2   3 3
12 20 4   0 0   1 1   2 2   3 3
12 27 4   0 0   1 1   2 2   3 3
12 28 4   0 0   1 1   2 2   3 3
12 13 4   0 0   1 1   2 2   3 3
12 15 4   0 0   1 1   2 2   3 3
13 18 4   0 0   1 1   2 2   3 3
13 20 4   0 0   1 1   2 2   3 3
15 19 4   0 0   1 1   2 2   3 3
16 17 4   0 0   1 1   2 2   3 3
16 21 4   0 0   1 1   2 2   3 3
17 21 4   0 0   1 1   2 2   3 3
17 24 4   0 0   1 1   2 2   3 3
17 27 4   0 0   1 1   2 2   3 3
18 24 4   0 0   1 1   2 2   3 3
18 25 4   0 0   1 1   2 2   3 3
18 27 4   0 0   1 1   2 2   3 3
19 30 4   0 0   1 1   2 2   3 3
19 31 4   0 0   1 1   2 2   3 3
20 28 4   0 0   1 1   2 2   3 3
22 23 4   0 0   1 1   2 2   3 3
22 31 4   0 0   1 1   2 2   3 3
23 26 4   0 0   1 1   2 2   3 3
23 29 4   0 0   1 1   2 2   3 3
23 30 4   0 0   1 1   2 2   3 3
24 25 4   0 0   1 1   2 2   3 3
24 27 4   0 0   1 1   2 2   3 3
26 29 4   0 0   1 1   2 2   3 3
27 29 4   0 0   1 1   2 2   3 3
29 30 4   0 0   1 1   2 2   3 3
