132 132
19 19 19 19 19 19 19 19 19 19 19 19 19 19 19 19 19 19 19 19 19 19 19 19 19 19 19 19 19 19 19 19 19 19 19 19 19 19 19 19 19 19 18 18 18 18 26 26 26 26 26 26 26 26 26 26 26 26 26 26 26 26 26 26 26  2  2  2  2  2  2  2  2  2  2  2  2  2  2  2  2  2  2  2  2  2  2  2  2  2  2  2  2  2  2  2  2  2  2  2  2  2  2  2  2  2  2  2  2  2  2 21 21 21 21 21 21 21 21 21 21 21 21 21 21 21 21 21 12 12 12 12 
32 19 19 19 19 19 19 19 19 19 19 19 19 19 19 19 19 19 19 19 19 19 19 19 19 19 19 19 19 19 19 19 19 19 19 19 19 19 19 19 19 18 18 18 18 18 26 26 26 26 26 26 26 26 26 26 26 26 26 26 26 26 26  2  2  2  2  2  2  2  2  2  2  2  2  2  2  2  2  2  2  2  2  2  2  2  2  2  2  2  2  2  2  2  2  2  2  2  2  2  2  2  2  2  2  2  2  2  2  2 21 21 21 21 21 21 21 21 21 21 21 21 21 21 21 21 21 21 12 12 12 12 
32 19 19 19 19 19 32 32 19 19 19 19 19 19 19 19 19 19 19 19 19 19 19 19 19 19 19 19 19 19 19 19 19 19 19 19 19 19 19 19 18 18 18 18 18 26 26 26 26 26 26 26 26 26 26 26 26 26 26 26 26 26 26 26 26  2  2  2  2  2  2  2  2  2  2  2  2  2  2  2  2  2  2  2  2  2  2  2  2  2  2  2  2  2  2  2  2  2  2  2  2  2  2  2  2  2  2  2  2  2 21 21 21 21 21 21 21 21 21 21 21 21 21 21 21 21 21 21 12 12 12 12 
32 19 19 19 19 19 32 32 32 19 19 19 19 19 19 19 19 19 19 19 19 19 19 19 19 19 19 19 19 19 19 19 19 19 19 19 19 19 19 19 18 18 18 18 18 18 26 26 26 26 26 26 26 26 26 26 26 26 26 26 26 26 26 26 26  2  2  2  2  2  2  2  2  2  2  2  2  2  2  2  2  2  2  2  2  2  2  2  2  2  2  2  2  2  2  2  2  2  2  2  2  2  2  2  2  2  2  2  2 21 21 21 21 21 21 21 21 21 21 21 21 21 21 21 21 21 12 12 12 12 12 12 
32 32 19 32 19 19 32 32 32 19 19 19 19 19 19 19 19 19 19 19 19 19 19 19 19 19 19 19 19 19 19 19 19 19 19 19 19 19 19 19 18 18 18 18 26 26 26 26 26 26 26 26 26 26 26 26 26 26 26 26 26 26 26 26 26  2  2  2  2  2  2  2  2  2  2  2  2  2  2  2  2  2  2  2  2  2  2  2  2  2  2  2  2  2  2  2  2  2  2  2  2  2  2  2  2  2  2  2 21 21 21 21 21 21 21 21 21 21 21 21 21 21 21 21 21 21 21 12 12 12 12 12 
32 32 32 32 32 32 32 32 32 19 19 19 19 19 19 19 19 19 19 19 19 19 19 19 19 19 19 19 19 19 19 19 19 19 19 19 19 19 19 19 19 18 18 18 26 26 26 26 26 26 26 26 26 26 26 26 26 26 26 26 26 26 26 26 26 26  2 26  2  2  2  2  2  2  2  2  2  2  2  2  2  2  2  2  2  2  2  2  2  2  2  2  2  2  2  2  2  2  2  2  2  2  2  2  2  2  2  2 21 21 21 21 21 21 21 21 21 21 21 21 21 21 21 21 21 21 12 12 12 12 12 12 
32 32 32 32 32 32 32 32 32 32 19 19 19 19 19 19 19 19 19 19 19 19 19 19 19 19 19 19 19 19 19 19 19 19 19 19 19 19 19 19 19 18 18 18 26 26 26 26 26 26 26 26 26 26 26 26 26 26 26 26 26 26 26 26 26 26 26 26 26 26  2  2  2  2  2  2  2  2  2  2  2  2  2  2  2  2  2  2  2  2  2  2  2  2  2  2  2  2  2  2  2  2  2  2  2  2  2 21 21 21 21 21 21 21 21 21 21 21 21 21 21 21 21 21 21 21 21 12 12 12 12 12 
32 32 32 32 32 32 32 32 32 32 19 19 19 19 19 19 19 19 19 19 19 19 19 19 19 19 19 19 19 19 19 19 19 19 19 19 19 19 19 19 18 18 18 18 26 26 26 26 26 26 26 26 26 26 26 26 26 26 26 26 26 26 26 26 26 26 26 26 26 26 26  2  2  2  2  2  2  2  2  2  2  2  2  2  2  2  2  2  2  2  2  2  2  2  2  2  2  2  2  2  2  2  2  2  2  2 21 21 21 21 21 21 21 21 21 21 21 21 21 21 21 21 21 21 21 21 12 12 12 12 12 12 
32 32 32 32 32 32 32 32 32 32 32 32 32 19 19 19 19 19 19 19 19 19 19 19 19 19 19 19 19 19 19 19 19 19 19 19 19 19 19 19 18 18 26 26 26 26 26 26 26 26 26 26 26 26 26 26 26 26 26 26 26 26 26 26 26 26 26 26 26 26 26 26  9  2  2  2  2  2  2  2  2  2  2  2  2  2  2  2  2  2  2  2  2  2  2  2  2  2  2  2  2  2  2  2 21 21 21 21 21 21 21 21 21 21 21 21 21 21 21 21 21 21 21 21 21 21 21 21 12 12 12 12 
32 32 32 32 32 32 32 32 32 32 32 32 32 32 19 19 33 19 19 19 19 19 19 19 19 19 19 19 19 19 19 19 19 19 19 19 19 19 19 18 18 18 26 26 26 26 26 26 26 26 26 26 26 26 26 26 26 26 26 26 26 26 26 26 26 26 26 26 26 26  9  9  9  9  2  2  2  2  2  2  2  2  2  2  2  2  2  2  2  2  2  2  2  2  2  2  2  2  2  2  2  2  2  2 21 21 21 21 21 21 21 21 21 21 21 21 21 21 21 21 21 21 21 21 21 21 21 21 12 12 12 12 
32 32 32 32 32 32 32 32 32 32 32 32 32 32 19 19 33 33 33 19 19 19 19 19 19 19 19 19 19 19 19 19 19 19 19 19 19 19 18 18 26 18 26 26 26 26 26 26 26 26 26 26 26 26 26 26 26 26 26 26 26 26 26 26 26 26 26 26 26  9  9  9  9  9  2  9  2  2  9  9  9  2  2  2  2  2  2  2  2  2  2  9  2  2  2  2  2  2  2  2  2  2 21 21 21 21 21 21 21 21 21 21 21 21 21 21 21 21 21 21 21 21 21 21 21 21 21 21 12 12 12 12 
32 32 32 32 32 32 32 32 32 32 32 32 32 32 32 32 32 32 33 33 33 19 19 19 19 19 19 18 18 19 19 19 19 19 19 19 19 19 18 18 26 18 26 26 26 26 26 26 26 26 26 26 26 26 26 26 26 26 26 26 26 26 26 26 26 26 26 26  9  9  9  9  9  9  9  9  9  9  9  9  9  9  2  2  2  2  2  2  2  2  2  9  9  9  9  2  2  2  2  2  2 21 21 21 21 21 21 21 21 21 21 12 21 21 21 21 21 21 21 21 21 21 21 21 21 12 12 12 12 12 12 12 
32 32 32 32 32 32 32 32 32 32 32 32 32 32 32 32 32 32 33 33 33 19 33 33 19 19 19 18 19 19 19 18 19 19 19 19 19 19 19 18 26 26 26 26 26 26 26 26 26 26 26 26 26 26 26 26 26 26 26 26 26 26 26 26 26 26 26 26 26  9  9  9  9  9  9  9  9  9  9  9  9  9  9  2  9  9  2  2  9  9  9  9  9  9  9  2  2  2  2  2 21 21 21 21 21 21 21 21 21 21 21 12 12 12 21 21 21 21 12 12 12 12 21 21 12 12 12 12 12 12 12 12 
32 32 32 32 32 32 32 32 32 32 32 32 32 32 32 32 32 32 33 33 33 33 33 19 19 18 18 18 18 18 18 18 19 19 19 19 18 18 18 18 26 26 26 26 26 26 26 26 26 26 26 26 26 26 26 26 26 26 26 26 26 26 26 26 26 26 26 26  9  9  9  9  9  9  9  9  9  9  9  9  9  9  9  9  9  9  9  9  9  9  9  9  9  9  9  2  2  2  2 21 21 21 21 21 21 21 21 21 21 21 12 12 12 12 21 12 21 12 12 12 12 12 12 12 12 12 12 12 12 12 12 12 
32 32 32 32 32 32 32 32 32 32 32 32 32 32 32 32 32 33 33 33 33 33 33 33 33 18 18 18 18 18 18 18 18 18 18 18 18 18 18 18 18 26 26 26 26 28 26 26 26 26 26 26 26 26 26 26 26 26 26 26 26 26 26 26 26 26 26 26  9  9  9  9  9  9  9  9  9  9  9  9  9  9  9  9  9  9  9  9  9  9  9  9  9  9  9  2 21 21  2 21 21 21 21 21 21 21 21 21 21 21 12 12 12 12 12 12 12 12 12 12 12 12 12 12 12 12 12 12 12 12 12 12 
32 32 32 32 32 32 32 32 32 32 32 32 32 32 32 32 32 32 33 33 33 33 33 33 33 18 18 18 18 18 18 18 18 18 18 18 18 18 18 18 18 18 26 26 28 28 26 26 26 26 26 26 26 26 26 26 26 26 26 26 26 26 26 26 26 26 26  9  9  9  9  9  9  9  9  9  9  9  9  9  9  9  9  9  9  9  9  9  9  9  9  9  9  9  9  9 21 21 21 21 21 21 21 21 21 21 12 12 21 12 12 12 12 12 12 12 12 12 12 12 12 12 12 12 12 12 12 12 12 12 12 12 
32 32 32 32 32 32 32 32 32 32 32 32 32 32 32 32 32 32 33 33 33 33 33 33 33 18 18 18 18 18 18 18 18 18 18 18 18 18 18 18 18 18 26 28 28 28 28 26 26 26 26 26 26 26 26 26 26 26 26 26 26 26 26 26 26 26 26  9  9  9  9  9  9  9  9  9  9  9  9  9  9  9  9  9  9  9  9  9  9  9  9  9  9  9  9  9 21 21 21 21 21 21 21 21 21 21 12 12 12 12 12 12 12 12 12 12 12 12 12 12 12 12 12 12 12 12 12 12 12 12 12 12 
32 32 32 32 32 32 32 32 32 32 32 32 32 32 32 32 32 32 32 33 33 33 33 33 33 33 18 18 18 18 18 18 18 18 18 18 18 18 18 18 18 18 18 28 28 28 28 26 26 26 26 28 28 26 26 26 26 26 26 26 26 26 26 26 26 26 26 26  9  9  9  9  9  9  9  9  9  9  9  9  9  9  9  9  9  9  9  9  9  9  9  9  9  9 21 21 21 21 21 21 21 21 21 21 21 12 12 12 12 12 12 12 12 12 12 12 12 12 12 12 12 12 12 12 12 12 12 12 12 12 12 12 
32 32 32 32 32 32 32 32 32 32 32 32 32 32 32 32 32 32 32 33 33 33 33 33 33 33 18 18 18 18 18 18 18 18 18 18 18 18 18 18 18 18 18 18 28 28 28 28 28 28 28 28 28 28 26 26 28 26 26 26 26 26 26 26 26 26 26  9  9  9  9  9  9  9  9  9  9  9  9  9  9  9  9  9  9  9  9  9  9  9  9  9  9  9 21 21 21 21 21 21 21 21 21 21 21 12 12 12 12 12 12 12 12 12 12 12 12 12 12 12 12 12 12 12 12 12 12 12 12 12 12 12 
32 32 32 32 32 32 32 32 32 32 32 32 32 32 32 32 32 32 33 33 33 33 33 33 33 33 18 18 18 18 18 18 18 18 18 18 18 18 18 18 18 18 28 28 28 28 28 28 28 28 28 28 28 28 28 28 28 26 26 26 26 28 26 28 28 28 28  9  9  9  9  9  9  9  9  9  9  9  9  9  9  9  9  9  9  9  9  9  9  9  9  9  9 10 21 21 21 21 21 21 21 21 21 21 21 12 12 12 12 12 12 12 12 12 12 12 12 12 12 12 12 12 12 12 12 12 12 12 12 12 12 12 
32 32 32 32 32 32 32 32 32 32 32 32 32 32 32 32 32 32 33 33 33 33 33 33 33 33 18 18 18 18 18 18 18 18 18 18 18 18 18 18 18 18 28 28 28 28 28 28 28 28 28 28 28 28 28 28 28 26 26 28 28 28 28 28 28 28 28  9  9  9  9  9  9  9  9  9  9  9  9  9  9  9  9  9  9  9  9  9  9  9  9  9 10 10 21 21 21 21 21 21 21 21 21 21 21 12 12 12 12 12 12 12 12 12 12 12 12 12 12 12 12 12 12 12 12 12 12 12 12 12 12 12 
32 32 32 32 32 32 32 32 32 32 32 32 32 32 32 32 32 33 33 33 33 33 33 33 33 33 18 18 18 18 18 18 18 18 18 18 18 18 18 18 18 18 18 28 28 28 28 28 28 28 28 28 28 28 28 28 28 28 28 28 28 28 28 28 28 28  9  9  9  9  9  9  9  9  9  9  9  9  9  9  9  9  9  9  9  9  9  9  9  9  9  9 10 10 10 21 21 21 21 21 21 21 21 21 21 21 21 12 12 12 12 12 12 12 12 12 12 12 12 12 12 12 12 12 12 12 12 12 12 12 12 12 
32 32 32 32 32 32 32 32 32 32 32 32 32 32 32 32 32 33 33 33 33 33 33 33 33 33 18 18 18 18 18 18 18 18 18 18 18 18 18 18 18 18 18 18 28 28 28 28 28 28 28 28 28 28 28 28 28 28 28 28 28 28 28 28 28 28  9  9  9  9  9  9  9  9  9  9  9  9  9  9  9  9  9  9  9  9  9  9  9  9  9 10 10 10 10 21 21 21 21 21 21 21 21 21 21 21 12 12 12 12 12 12 12 12 12 12 12 12 12 12 12 12 12 12 12 12 12 12 12 12 12 12 
32 32 32 32 32 32 32 32 32 32 32 32 32 32 32 33 33 33 33 33 33 33 33 33 33 33 33 18 18 18 18 18 18 18 18 18 18 18 18 18 18 18 18 18 28 28 28 28 28 28 28 28 28 28 28 28 28 28 28 28 28 28 28 28 28 28  9  9  9  9  9  9  9  9  9  9  9  9  9  9  9  9  9  9  9  9  9  9  9  9  9 10 10 10 10 10 10 21 21 21 21 21 21 21 21 21 12 12 12 12 12 12 12 12 12 12 12 12 12 12 12 12 12 12 12 12 12 12 12 12 12 12 
32 32 32 32 32 32 32 32 32 32 32 32 32 32 32 33 33 33 33 33 33 33 33 33 33 33 33 18 18 18 18 18 18 18 18 18 18 18 18 18 18 18 18 18 28 28 28 28 28 28 28 28 28 28 28 28 28 28 28 28 28 28 28 28 28 28 28  9 28 28 28 28  9  9  9  9  9  9  9  9  9  9  9  9  9  9  9  9  9  9 10 10 10 10 10 10 10 21 21 21 21 21 21 21 21 12 12 12 12 12 12 12 12 12 12 12 12 12 12 12 12 12 12 12 12 12 12 12 12 12 12 12 
32 32 32 32 32 32 32 32 32 32 32 32 32 32 32 33 33 33 33 33 33 33 33 33 33 33 33 33 18 18 18 18 18 18 18 18 18 18 18 18 18 18 18 18 18 28 28 28 28 28 28 28 28 28 28 28 28 28 28 28 28 28 28 28 28 28 28 28 28 28 28  9  9  9  9  9  9  9  9  9  9  9  9  9  9 10  9  9 10 10 10 10 10 10 10 10 10 21 10 21 21 21 21 21 21 21 21 12 12 12 12 12 12 12 12 12 12 12 12 12 12 12 12 12 12 12 12 12 12 12 12 12 
32 32 32 32 32 32 32 32 32 32 32 32 32 32 32 33 33 33 33 33 33 33 33 33 33 33 33 18 18 18 18 18 18 18 18 18 18 18 18 18 18 18 15 15 15 28 28 28 28 28 28 28 28 28 28 28 28 28 28 28 28 28 28 28 28 28 28 28 28 28 28  9  9  9  9  9  9  7  9  9  9  9  9  9 10 10 10 10 10 10 10 10 10 10 10 10 10 10 10 10 10 21 21 21 21 21 21 12 12 12 12 12 12 12 12 12 12 12 12 12 12 12 12 12 12 12 12 12 12 12 12 12 
32 32 32 32 32 32 32 32 32 32 32 32 32 33 33 33 33 33 33 33 33 33 33 33 33 33 33 33 33 18 18 18 18 18 18 18 18 18 18 18 18 15 15 15 28 28 28 28 28 28 28 28 28 28 28 28 28 28 28 28 28 28 28 28 28 28 28 28 28 28 28  9  9  9  9  9  9  7  7  9  9  9  9  9 10 10 10 10 10 10 10 10 10 10 10 10 10 10 10 10 10 21 21 21 21 21 21 21 12 12 12 12 12 12 12 12 12 12 12 12 12 12 12 12 12 12 12 12 12 12 12 12 
32 32 13 13 13 32 13 32 32 32 32 32 32 33 33 33 33 33 33 33 33 33 33 33 33 33 33 33 18 18 18 18 18 18 18 18 18 18 18 18 18 15 15 15 28 28 28 28 28 28 28 28 28 28 28 28 28 28 28 28 28 28 28 28 28 28 28 28 28 28 28 28  9  9  9  9  9  7 10  9  9  9  9 10 10 10 10 10 10 10 10 10 10 10 10 10 10 10 10 10 10 21 21 21 21 21 21 21 21 12 12 12 12 12 12 12 12 12 12 12 12 12 12 12 12 12 12 12 12 12 12  3 
13 13 13 13 13 13 13 13 32 32 32 32 33 33 33 33 33 33 33 33 33 33 33 33 33 33 33 33 33 18 18 18 18 18 18 18 18 18 18 18 18 15 15 15 28 28 28 28 28 28 28 28 28 28 28 28 28 28 28 28 28 28 28 28 28 28 28 28 28 28 28  9  9  9  9  7  7  7 10 10 10  9  9 10 10 10 10 10 10 10 10 10 10 10 10 10 10 10 10 10 10 21 21 21 21 21 21 21 21 21 12 12 12 12 12 12 12 12 12 12 12 12 12 12 12 12 12 12 12 12  3  3 
13 13 13 13 13 13 13 13 13 32 32 32 33 33 33 33 33 33 33 33 33 33 33 33 33 33 33 33 33 18 18 18 18 18 18 18 18 18 18 15 15 15 15 15 15 28 28 28 28 28 28 28 28 28 28 28 28 28 28 28 28 28 28 28 28 28 28 28 28 28 28 28  7  7  7  7  7  7 10 10 10 10  9 10 10 10 10 10 10 10 10 10 10 10 10 10 10 10 10 10 10 21 21 21 21 21 21 12 12 12 12 12 12 12 12 12 12 12 12 12 12 12 12 12 12 12 12 12 12 12  3  3 
13 13 13 13 13 13 13 13 13 13 13 13 33 33 33 33 33 33 33 33 33 33 33 33 33 33 33 33 33 18 18 18 18 18 18 18 18 18 18 15 15 15 15 15 15 15 28 28 28 28 28 28 28 28 28 28 28 28 28 28 28 28 28 28 28 28 28 28 28 28 28 28 28  7  7  7  7  7 10 10 10 10 10 10 10 10 10 10 10 10 10 10 10 10 10 10 10 10 10 10 10 21 21 21 21 21 21 12 12 12 12 12 12 12 12 12 12 12 12 12 12 12 12 12 12 12  3  3  3  3  3  3 
13 13 13 13 13 13 13 13 13 13 13 13 33 33 33 33 33 33 33 33 33 33 33 33 33 33 33 33 33 18 18 18 18 18 18 18 18 18 15 15 15 15 15 15 15 15 15 28 28 28 28 28 28 28 28 28 28 28 28 28 28 28 28 28 28 28 28 28  7  7 28  7  7  7  7  7  7  7  7 10 10 10 10 10 10 10 10 10 10 10 10 10 10 10 10 10 10 10 10 10 10 21 21 21 21 21 21 12 12 12 12 12 12 12 12 12 12 12 12 12 12 12  3  3  3  3  3  3  3  3  3  3 
13 13 13 13 13 13 13 13 13 13 13 13 13 33 33 33 33 33 33 33 33 33 33 33 33 33 33 33 22 22 18 18 18 18 15 15 15 15 15 15 15 15 15 15 15 15 15 15 15 15 15 15 28 28 28 28 28 28 28 28 28 28 28 28 28 28 28  7  7  7  7  7  7  7  7  7  7  7  7  7 10 10 10 10 10 10 10 10 10 10 10 10 10 10 10 10 10 10 10 10 10 21 21 21 21 21 21 21 12 12 12 12 12 12 12 12 12 12 12 12  3  3  3  3  3  3  3  3  3  3  3  3 
13 13 13 13 13 13 13 13 13 13 13 13 13 33 33 33 33 33 33 33 33 33 33 33 33 33 33 22 22 22 22 22 22 22 22 15 15 15 15 15 15 15 15 15 15 15 15 15 15 15 15 15 28 28 28 28 28 28 28 28 28 28 28 28 28 28 28  7  7  7  7  7  7  7  7  7  7  7  7  7  7 10 10 10 10 10 10 10 10 10 10 10 10 10 10 10 10 10 10 10 10 21 21 21 21 21 21 21 12 12 12 12 12 12 12 12 12 12 12  3  3  3  3  3  3  3  3  3  3  3  3  3 
13 13 13 13 13 13 13 13 13 13 13 13 13 13 33 33 33 33 33 33 33 33 33 33 33 33 22 22 22 22 22 22 22 22 22 15 15 15 15 15 15 15 15 15 15 15 15 15 15 15 15 15 15 15 15 15 15 15 15 15 15 15 15 15  7  7 28 28  7  7  7  7  7  7  7  7  7  7  7  7  7 10 10 10 10 10 10 10 10 10 10 10 10 10 10 10 10 10 10 10 10 10 21 21 21 21 21 21 21 21 12 12 12 12 12 12 12 12  3  3  3  3  3  3  3  3  3  3  3  3  3  3 
13 13 13 13 13 13 13 13 13 13 13 13 13 33 33 33 33 33 33 33 33 33 33 33 22 22 22 22 22 22 22 22 22 22 22 22 15 15 15 15 15 15 15 15 15 15 15 15 15 15 15 15 15 15 15 15 15 15 15 15 15 15 15 15 15  7  7  7  7  7  7  7  7  7  7  7  7  7  7  7  7  7  7 10 10 10 10 10 10 10 10 10 10 10 10 10 10 10 10  1  1  1 21 21 21 21 21 21 21 21 12 12 12 12 12 12 12 12 12  3  3  3  3  3  3  3  3  3  3  3  3  3 
13 13 13 13 13 13 13 13 13 13 13 13 13 33 33 33 33 33 33 33 33 33 33 33 22 22 22 22 22 22 22 22 22 22 22 15 15 15 15 15 15 15 15 15 15 15 15 15 15 15 15 15 15 15 15 15 15 15 15 15 15 15 15 15  7  7  7  7  7  7  7  7  7  7  7  7  7  7  7  7  7  7  7 10 10 10 10 10 10 10 10 10 10  1  1  1 10  1  1  1  1  1  1  1 21 21 21 21 21 21 21 12 12 12 21 21 21 12  3  3  3  3  3  3  3  3  3  3  3  3  3  3 
13 13 13 13 13 13 13 13 13 13 13 13 13 33 23 23 33 23 33 33 33 33 33 33 22 22 22 22 22 22 22 22 22 22 22 15 15 15 15 15 15 15 15 15 15 15 15 15 15 15 15 15 15 15 15 15 15 15 15 15 15 15 15 15  7  7  7  7  7  7  7  7  7  7  7  7  7  7  7  7  7  7  7  7  7 10 10 10 10 10 10 10  1  1  1  1  1  1  1  1  1  1  1  1 21 21 21 21 21 21 21 21 21 21 21 21 21  3  3  3  3  3  3  3  3  3  3  3  3  3  3  3 
13 13 13 13 13 13 13 13 13 13 13 13 13 23 23 23 33 23 23 33 33 33 33 33 22 22 22 22 22 22 22 22 22 22 22 15 15 15 15 15 15 15 15 15 15 15 15 15 15 15 15 15 15 15 15 15 15 15 15 15 15 15 15  7  7  7  7  7  7  7  7  7  7  7  7  7  7  7  7  7  7  7  7  7  7 10 10 10 10 10 10  1  1  1  1  1  1  1  1  1  1  1  1  1 21 21 21 21 21 21 21 21 21 21 21 21 21  3  3  3  3  3  3  3  3  3  3  3  3  3  3  3 
13 13 13 13 13 13 13 13 23 23 13 13 23 23 23 23 23 23 23 23 23 23 33 33 22 22 22 22 22 22 22 22 22 22 22 15 15 15 15 15 15 15 15 15 15 15 15 15 15 15 15 15 15 15 15 15 15 15 15 15 15 15 15  7  7  7  7  7  7  7  7  7  7  7  7  7  7  7  7  7  7  7  7  7  7  7 10 10 10 10 10  1  1  1  1  1  1  1  1  1  1  1  1  1 21 21 21 21 21 21 21 21 21 21 21 21 21 21  3  3  3  3  3  3  3  3  3  3  3  3  3  3 
13 13 13 13 13 13 23 23 23 23 23 23 23 23 23 23 23 23 23 23 23 22 22 22 22 22 22 22 22 22 22 22 22 22 22 15 22 15 15 15 15 15 15 15 15 15 15 15 15 15 15 15 15 15 15 15 15 15 15 15 15 15 15  7  7  7  7  7  7  7  7  7  7  7  7  7  7  7  7  7  7  7  7  7  7 10 10 10 10 10  1  1  1  1  1  1  1  1  1  1  1  1  1  1 21 21 21 21 21 21 21 21 21 21 21 21 21  3  3  3  3  3  3  3  3  3  3  3  3  3  3  3 
13 13 13 13 13 23 23 23 23 23 23 23 23 23 23 23 23 23 23 23 23 23 22 22 22 22 22 22 22 22 22 22 22 22 22 22 22 15 15 15 15 15 15 15 15 15 15 15 15 15 15 15 15 15 15 15 15 15 15 15 15 15 15  7 15  7  7  7  7  7  7  7  7  7  7  7  7  7  7  7  7  7  7  7  7 10 10 10 10 10  1  1  1  1  1  1  1  1  1  1  1  1  1  1 21 21 21 21 21 21 21 21 21 21 21  3  3  3  3  3  3  3  3  3  3  3  3  3  3  3  3  3 
13 13 13 13 13 13 23 23 23 23 23 23 23 23 23 23 23 23 23 23 23 23 22 22 22 22 22 22 22 22 22 22 22 22 22 22 22 22 15 15 15 15 15 15 15 15 15 15 15 15 15 15 15 15 15 15 15 15 15 15 15 15 15 15 15  7  7  7  7  7  7  7  7  7  7  7  7  7  7  7  7  7  7 10 10 10  1  1  1  1  1  1  1  1  1  1  1  1  1  1  1  1  1  1 21 21 21 21 21 21 21 21 21 21 21  3  3  3  3  3  3  3  3  3  3  3  3  3  3  3  3  3 
13 13 13 13 13 13 13 23 23 23 23 23 23 23 23 23 23 23 23 23 23 23 22 22 22 22 22 22 22 22 22 22 22 22 22 22 22 22 22 22 22 15 15 15 15 15 15 15 15 15 15 15 15 15 15 15 15 15 15 15 15 15 15 15 15  7  7  7  7  7  7  7  7  7  7  7  7  7  7  7  7  7 10 10 10  1  1  1  1  1  1  1  1  1  1  1  1  1  1  1  1  1  1  1  1  1  1  1  1 21 21 21 21 21  3  3  3  3  3  3  3  3  3  3  3  3  3  3  3  3  3  3 
13 13 13 13 13 13 13 23 23 23 23 23 23 23 23 23 23 23 23 23 23 23 22 22 22 22 22 22 22 22 22 22 22 22 22 22 22 22 22 22 22 22 22 15 15 15 15 22 22 15 15 15 15 15 15 15 15 15 15 15 15 15 15 15 15  7  7  7  7  7  7  7  7  7  7  7  7  7  7  7  7  7  7  7  1  1  1  1  1  1  1  1  1  1  1  1  1  1  1  1  1  1  1  1  1  1  1  1  1 21 21 21 21 21 21 21 21  3  3  3  3  3  3  3  3  3  3  3  3  3  3  3 
13 13 13 13 13 13 13 23 23 23 23 23 23 23 23 23 23 23 23 23 23 23 23 22 22 22 22 22 22 22 22 22 22 22 22 22 22 22 22 22 22 22 22 22 15 22 22 22 22 15 22 15 15 15 15 15 15 15 15 15 15 15 15 15  7  7  7  7  7  7  7  7  7  7  7  7  7  7  7  7  7  7  7  7  7  1  1  1  1  1  1  1  1  1  1  1  1  1  1  1  1  1  1  1  1  1  1  1  1  1  1 21 21 21 21 21 21  3  3  3  3  3  3  3  3  3  3  3  3  3  3  3 
13 13 13 13 13 13 13 23 23 23 23 23 23 23 23 23 23 23 23 23 23 23 23 22 22 22 22 22 22 22 22 22 22 22 22 22 22 22 22 22 22 22 22 22 22 22 22 22 22 22 22 15 15 15 15 15 15 15 15 15 15 15 15 15 15  7  7  7  7  7  7  7  7  7  7  7  7  7  7  7  7  7  7  7  7  1  1  1  1  1  1  1  1  1  1  1  1  1  1  1  1  1  1  1  1  1  1  1  1  1  1  1 21 21 21 21 21  3  3  3  3  3  3  3  3  3  3  3  3  3  3  3 
13 13 13 13 13 13 23 23 23 23 23 23 23 23 23 23 23 23 23 23 23 23 23 22 22 22 22 22 22 22 22 22 22 22 22 22 22 22 22 22 22 22 22 22 22 22 22 22 22 22 22 22 22 15 15 15 22 22 22 15 15 15  7  7  7  7  7  7  7  7  7  7  7  7  7  7  7  7  7  7  7  7  7  7  1  1  1  1  1  1  1  1  1  1  1  1  1  1  1  1  1  1  1  1  1  1  1  1  1  1  1  1  1 21 21  3  3  3  3  3  3  3  3  3  3  3  3  3  3  3  3  3 
13 13 13 13 13 13 13 23 23 23 23 23 23 23 23 23 23 23 23 23 23 23 22 22 22 22 22 22 22 22 22  5  5  5  5  5  5 22 22 22 22 22 22 22 22 22 22 22 22 22 22 22 22 22 22 22 22 22 22 22 15 15 22 22  7  7  7  7  7  7  7  7  7  7  7  7  7  7  7  7  7  7  7  7  7  1  1  1  1  1  1  1  1  1  1  1  1  1  1  1  1  1  1  1  1  1  1  1  1  1  1  1  1  1  1  1  3  3  3  3  3  3  3  3  3  3  3  3  3  3  3  3 
13 13 13 13 13 13 13 23 23 23 23 23 23 23 23 23 23 23 23 23 23 23 22  5  5  5 22  5 22 22  5  5  5  5  5  5  5  5  5  5 22 22 22 22 22 22 22 22 22 22 22 22 22 22 22 22 22 22 22 22 22 22 22 22  7  7  7  7  7  7  7  7  7  7  7  7  7  7  7  7  7  7  7  7  7  1  1  1  1  1  1  1  1  1  1  1  1  1  1  1  1  1  1  1  1  1  1  1  1  1  1  1  1  1  1  1  3  3  3  3  3  3  3  3  3  3  3  3  3  3  3  3 
13 13 13 13 13 13 13 23 23 23 23 23 23 23 23 23 23 23 23 23 23 23 22  5  5  5  5  5  5  5  5  5  5  5  5  5  5  5  5  5 22 22 22 22 22 22 22 22 22 22 22 22 22 22 22 22 22 22 22 22 22 22 22 22  7 22  7  7  7  7  7  7  7  7  7  7  7  7  7  7  7  7 29  7  1  1  1  1  1  1  1  1  1  1  1  1  1  1  1  1  1  1  1  1  1  1  1  1  1  1  1  1  1  1  1  3  3  3  3  3  3  3  3  3  3  3  3  3  3  3  3  3 
13 13 13 13 13 13 13 23 23 23 23 23 23 23 23 23 23 23 23 23 23 23 22  5  5  5  5  5  5  5  5  5  5  5  5  5  5  5  5  5  5 22 22 22 22 22 22 22 22 22 22 22 22 22 22 22 22 22 22 22 22 22 22 22 22 22 22  7  7  7  7  7  7  7  7  7  7  7  7  7 29 29 29  7 29 29 29 29 29 29  1  1  1  1  1  1 29 29 29 29  1  1  1  1  1  1  1  1  1  1  1  1  1  1  1  3  3  3  3  3  3  3  3  3  3  3  3  3  3  3  3  3 
13 13 13 13 13 13 13 23 23 23 23 23 23 23 23 23 23 23 23 23 23  5  5  5  5  5  5  5  5  5  5  5  5  5  5  5  5  5  5  5  5 22 22 22 22 22  5 22 22 22 22 22 22 22 22 22 22 22 22 22 22 22 22 22  5  5 22 22  7  7  7  7  7  7  7  7  7  7  7 29 29 29 29 29 29 29 29 29 29 29 29  1  1  1  1  1 29 29 29 29 29  1  1  1  1  1  1  1  1  1  1  1  1  3  3  3  3  3  3  3  3  3  3  3  3  3  3  3  3  3  3  3 
13 13 13 13 13 13 13 13 23 23 23 23  5  5  5  5  5  5  5  5  5  5  5  5  5  5  5  5  5  5  5  5  5  5  5  5  5  5  5  5  5 22 22 22  5  5  5 22 22 22 22 22 22  5  5  5  5  5 22 22  5  5  5 22  5  5 22 22  7  7  7  7  7  7  7  7  7  7  7  7 29 29 29 29 29 29 29 29 29 29 29 29 29 29 29 29 29 29 29 29 29 29  1  1 29 29 29  1  1  1  1  1  1  1  3  3  3  3  3  3  3  3  3  3  3  3  3  3  3  3  3  3 
13 13 13 13 13 13 13 13 23 23 23 23  5  5  5  5  5  5  5  5  5  5  5  5  5  5  5  5  5  5  5  5  5  5  5  5  5  5  5  5  5 22 22 22  5  5  5 22 22 22 22  5  5  5  5  5  5  5  5  5  5  5  5  5  5  5 22 22 22  7 22 22  7  7  7  7  7  7  7  7 29 29 29 29 29 29 29 29 29 29 29 29 29 29 29 29 29 29 29 29 29 29 29 29 29 29 29  1  1  1  1  1  1  1  3  3  3  3  3  3  3  3  3  3  3  3  3  3  3  3  3  3 
13 13 13 13 13 13 13 13 23 23 23 23  5  5  5  5  5  5  5  5  5  5  5  5  5  5  5  5  5  5  5  5  5  5  5  5  5  5  5  5  5  5  5  5  5  5  5 22  5  5  5  5  5  5  5  5  5  5  5  5  5  5  5  5  5  5  5  5 22 22 22 22 22  7  7  7 22 22  7  7 29 29 29 29 29 29 29 29 29 29 29 29 29 29 29 29 29 29 29 29 29 29 29 29 29 29 29 29  1  1  1  1  1  1  3  3  3  3  3  3  3  3  3  3  3  3  3  3  3  3  3  3 
13 13 13 13 13 23 13 13 23 23 23 23  5  5  5  5  5  5  5  5  5  5  5  5  5  5  5  5  5  5  5  5  5  5  5  5  5  5  5  5  5  5  5  5  5  5  5  5  5  5  5  5  5  5  5  5  5  5  5  5  5 27 27 27  5  5  5  5  5 22 22 22 22 22 22 22 22 22  7 29 29 29 29 29 29 29 29 29 29 29 29 29 29 29 29 29 29 29 29 29 29 29 29 29 29 29 29 29  1  1  1  1  1  1  3  3  3  3  3  3  3  3  3  3  3  3  3  3  3  3  3  3 
13 13 13 13 13 23 23 23 23 23 23 23 23  5  5  5  5  5  5  5  5  5  5  5  5  5  5  5  5  5  5  5  5  5  5  5  5  5  5  5  5  5  8  8  8  8  8  5  5  5  5  5  5  5  5  5  5  5  5  5 27 27 27 27 27 27  5  5  5 22 22 22 22 22 22 22 22 22  7  7 29 29 29 29 29 29 29 29 29 29 29 29 29 29 29 29 29 29 29 29 29 29 29 29 29 29 29 29  1  1  1  1  1  1  1  3  3  3  3  3  3  3  3  3  3  3  3  3  3  3  3  3 
13 13 13 13 23 23 23 23 23 23 23 23 23  5  5  5  5  5  5  5  5  5  5  5  5  5  5  5  5  5  5  5  5  5  5  5  5  5  5  5  5  5  8  8  8  8  8  8  8  8  8  5 27 27 27 27 27 27 27  5  5 27 27 27 27  5  5  5  5  5  5 22 22 22 22 22 22  7  7 29 29 29 29 29 29 29 29 29 29 29 29 29 29 29 29 29 29 29 29 29 29 29 29 29 29 29 29 29  1  1  1  1  1  1  1  1  3  3  3  3  3  3  3  3  3  3  3  3  3  3  3  3 
13 13 23 23 23 23 23 23 23 23 23 14  5  5  5  5  5  5  5 14 14 14  5  5  5  5  5  5  5  5  5  5  5  5  5  5  5  5  5  8  8  8  8  8  8  8  8  8 27 27 27 27 27 27 27 27 27 27 27  5 27 27 27 27 27  5  5  5  5  5  5  5  5  5  5 22  7  7  7 29 11 11 11 29 29 29 29 29 29 29 29 29 29 29 29 29 29 29 29 29 29 29 29 29 29 29 29  1  1  1  1  1  1  1  3  3  3  3  3  3  3  3  3  3  3  3  3  3  3  3  3  3 
13 23 23 23 23 23 23 23 23 14 14 14 14 14 14 14 14 14 14 14 14 14 14  5  5  5  5  5  5  5  5  5  5  5  5  5  5  5  8  8  8  8  8  8  8  8  8 27 27 27 27 27 27 27 27 27 27 27 27 27 27 27 27 27 27 27 27  5  5  5  5  5  5  5  5 22 22 22 11 11 11 11 29 29 29 29 29 29 29 29 29 29 29 29 29 29 29 29 29 29 29 29 29 29 29 29 29 29  1  1  1  1  1  1  1  3  3  3  3  3  3  3  3  3  3  3  3  3  3  3  3  3 
13 23 23 23 23 14 14 14 14 14 14 14 14 14 14 14 14 14 14 14 14 14 14 14 14  5  5  5  5  5  5  5  5  5  5  5  5  5  8  8  8  8  8  8  8 27 27 27 27 27 27 27 27 27 27 27 27 27 27 27 27 27 27 27 27 27 27 27 27  5  5  5  5  5  5 22 22 22 22 11 11 11 11 11 29 29 29 29 29 29 29 29 29 29 29 29 29 29 29 29 29 29 29 29 29 29 29 29 29 29  1  1  1  1  1  3  1  1  1  3  3  3  1  3  1  1  3  3  3  3  3  3 
13 23 23 14 14 14 14 14 14 14 14 14 14 14 14 14 14 14 14 14 14 14 14 14 14 14 14 14 14  5  5  5  5  5  5  5  5  5  8  8  8  8  8  8  8 27 27 27 27 27 27 27 27 27 27 27 27 27 27 27 27 27 27 27 27 27 27 27 27  5  5  5  5  5  5 22 22 11 22 22 11 11 11 11 11 29 29 29 29 29 29 29 29 29 29 29 29 29 29 29 29 29 29 29 29 29 29 29 29 29 29 29 29 29  1  1  1  1  1  1  1  1  1  1  1  1  3  3  3  3  3  3 
13 23 23 14 14 14 14 14 14 14 14 14 14 14 14 14 14 14 14 14 14 14 14 14 14 14 14 14 14 14 14 14 14 14  5  5  8  8  8  8  8  8  8  8 27 27 27 27 27 27 27 27 27 27 27 27 27 27 27 27 27 27 27 27 27 27 27 27 27  5  5  5  5  5  5 22 22 11 11 11 11 11 11 11 11 11 29 29 29 29 29 29 29 29 29 29 29 29 29 29 29 29 29 29 29 29 29 29 29 29 29 29 29 29  1  1  1  1  1  1  1  1  1  1  1  1  1  3  3  3  3  3 
13 23 14 14 14 14 14 14 14 14 14 14 14 14 14 14 14 14 14 14 14 14 14 14 14 14 14 14 14 14 14 14  8  8  8  8  8  8  8  8  8  8  8  8 27 27 27 27 27 27 27 27 27 27 27 27 27 27 27 27 27 27 27 27 27 27 27 27 27 27  5  5  5  5 11 11 22 11 11 11 11 11 11 11 11 11 11 11 29 29 11 29 29 29 29 29 29 29 29 29 29 29 29 29 29 29 29 29 29 29 29 29 29 29 29 29 29  1  1  1  1  1  1  1  1  1  1  3  3  3  3  3 
13 14 14 14 14 14 14 14 14 14 14 14 14 14 14 14 14 14 14 14 14 14 14 14 14 14 14 14 14 14 14 14  8  8  8  8  8  8  8  8  8  8  8  8  8 27 27 27 27 27 27 27 27 27 27 27 27 27 27 27 27 27 27 27 27 27 27  5  5  5  5  5  5  5 11 11 11 11 11 11 11 11 11 11 11 11 11 11 11 11 11 11 11 29 29 29 29 29 29 29 29 29 29 29 29 29 29 29 29 29 29 29 29 29 29 29 29  1  1  1  1  1  1  1  1  1  1  3  3  3  3  3 
13 14 14 14 14 14 14 14 14 14 25 25 25 14 14 25 25 14 14 14 14 14 14 14 14 14 14 14 14 14  8  8  8  8  8  8  8  8  8  8  8  8  8  8  8 27 27 27 27 27 27 27 27 27 27 27 27 27 27 27 27 27 27 27 27 27 27  5 27  5  5  5  5  5 11 11 11 11 11 11 11 11 11 11 11 11 11 11 11 11 11 11 11 11 11 29 29 29 29 29 29 29 29 29 29 29 29 29 29 29 29 29 29 29 29 29 29  1  1  1  1  1  1  1  1  1  1  1  1  3  3  3 
13 14 14 14 14 25 25 25 25 14 25 25 25 25 25 25 25 25 25 14 14 14 14 14 14 14 14 14 14  8  8  8  8  8  8  8  8  8  8  8  8  8  8 27 27 27 27 27 27 27 27 27 27 27 27 27 27 27 27 27 27 27 27 27 27 27 27 27 27  5  5  5  5 11 11 11 11 11 11 11 11 11 11 11 11 11 11 11 11 11 11 11 11 11 11 11 29 29 29 29 29 29 29 29 29 29 29 20 29 29 29 29 29 29 29 29 29 29  1  1  1  1  1  1  1  1  1  1  3  3  3  3 
14 14 14 14 25 25 25 25 25 14 25 25 25 25 25 25 25 25 25 14 14 14 14 14 14 14 14 14 14  8  8  8  8  8  8  8  8  8  8  8  8  8 27 27 27 27 27 27 27 27 27 27 27 27 27 27 27 27 27 27 27 27 30 27 27 27 27 27 27  5  5  5  5  5  5 11 11 11 11 11 11 11 11 11 11 11 11 11 11 11 11 11 11 11 11 11 11  4  4 29 29 29 29 29 29 20 20 20 20 20 29 29 29 29 29 29 29 29  1  1  1  1  1  1  1  1  1  1  1  3  3  3 
14 14 14 25 25 25 25 25 25 25 25 25 25 25 25 25 25 25 25 14 14 14 14 14 14 14 14 14  8  8  8  8  8  8  8  8  8  8  8  8  8 27 27 27 27 27 27 27 27 27 27 27 27 27 27 27 27 27 27 30 27 27 30 27 27 27 27 27 27  5  5  5  5  5 11 11 11 11 11 11 11 11 11 11 11 11 11 11 11 11 11 11 11 11 11 11  4  4  4 29 29 29 29 29 29  4 20 20 20 20 29 20 29 29 29 29 29  1  1  1  1  1  1  1  1  1  1  1  1  3  3  3 
14 14 14 25 25 25 25 25 25 25 25 25 25 25 25 25 25 25 25 14 14 14 14 14 14 14 14 14 14  8  8  8  8  8  8  8  8  8  8  8  8 27 27 27 27 27 27 27 27 27 27 27 27 27 27 27 27 27 30 30 30 30 30 27 27 27 27 27 27 27  5  5  5  5 11 11 11 11 11 11 11 11 11 11 11 11 11 11 11 11 11 11 11 11 11 11  4  4  4  4 29 29  4  4  4  4 20 20 20 20 20 20 29 29 29 29 29 29 29 29 29 29  1  1  1  1  1  1  3  3  3  3 
14 14 14 14 25 25 25 25 25 25 25 25 25 25 25 25 25 25 25 25 25 14 14 14 14 14 14 14 14 14  8  8  8  8  8  8  8  8  8  8  8 27 27 27 27 27 27 27 27 27 27 27 27 27 27 27 27 27 30 30 30 30 30 30 27 27 27 27 27 27 27 27 27 11 11 11 11 11 11 11 11 11 11 11 11 11 11 11 11 11 11 11 11 11 11 11  4  4  4  4  4  4  4  4 20 20 20 20 20 20 20 20 29 29 29 29 29 29 29 29 29 29  1  1  1  1  1  1  1  3  3  3 
14 14 14 14 14 25 25 25 25 25 25 25 25 25 25 25 25 25 25 25 25 14 14 14 14 14 14 14 14 14 14  8  8  8  8  8  8  8  8  8  8 27 27 27 27 27 27 27 27 27 27 27 27 27 27 27 27 30 30 30 30 30 30 30 30 30 30 27 30 30 27 27 11 11 11 11 11 11 11 11 11 11 11 11 11 11 11 11 11 11 11 11 11 11 11 11  4  4  4  4  4  4  4  4 20 20 20 20 20 20 20 20 20 29 29 29 29 29 29 29 29 29 29 29 29 29  1  1  1  1  3  3 
14 14 14 14 25 25 25 25 25 25 25 25 25 25 25 25 25 25 25 25 25 25 25 14 14 14 14 14 14  8  8  8  8  8  8  8  8  8  8  8  8 27 27 27 27 27 27 27 27 27 27 27 27 27 27 27 30 30 30 30 30 30 30 30 30 30 30 27 30 30 30 11 11 11 11 11 11 11 11 11 11 11 11 11 11 11 11 11 11 11 11 11 11 11 11 11  4  4  4  4  4  4  4  4 20 20 20 20 20 20 20 20 20 29 29 29 29 29 29 29 29 29 29 29 29  1  1  1  1  1  3  3 
14 14 25 25 25 25 25 25 25 25 25 25 25 25 25 25 25 25 25 25 25 25 14 14 14 14 14 14  8  8  8  8  8  8  8  8  8  8  8  8  8 27 27 27 27 27 27 27 27 27 27 27 27 27 27 27 30 30 30 30 30 30 30 30 30 30 30 30 30 30 30 11 11 11 11 11 11 11 11 11 11 11 11 11 11 11 11 11 11 11 11 11 11 11  4  4  4  4  4  4  4  4 20 20 20 20 20 20 20 20 20 20 20 20 29 29 29 29 29 29 29 29 29 29 29 29 29  1  1  1  3  3 
14 14 25 25 25 25 25 25 25 25 25 25 25 25 25 25 25 25 25 25 25 14 14 14 14 14 14 14  8  8  8  8  8  8  8  8  8  8  8  8  8 27 27 27 27 27 27 27 27 27 27 27 27 27 27 27 27 30 30 30 30 30 30 30 30 30 30 30 30 30 30 30 11 11 11 11 11 11 11 11 11 11 11 11 11 11 11 11 11 11 11 11 11 11  4  4  4  4  4  4  4  4 20 20 20 20 20 20 20 20 20 20 20 20 20 29 29 29 29 29 29 29 29 29 29 29  1  1  1  1  3  3 
14 25 25 25 25 25 25 25 25 25 25 25 25 25 25 25 25 25 25 25 25 25 14 14 14 14 14 14  8  8  8  8  8  8  8  8  8  8  8  8  8 27 27 27 27 27 27 27 27 27 27 27 27 27 27 27 27 30 30 30 30 30 30 30 30 30 30 30 30 30 30 30 30 11 11 11 11 11 11 11 11 11 11 11 11 11 11 11 11 11 11 11 11 11  4  4  4  4  4  4  4  4 20 20 20 20 20 20 20 20 20 20 20 20 20 20 20 29 29 29 29 29 29 29 29 29  1  1  1  1  3  3 
14 14 14 25 25 25 25 25 25 25 25 25 25 25 25 25 25 25 25 25 25 25 25 14 14 14 14  8  8  8  8  8  8  8  8  8  8  8  8  8  8 27 27 27 27 27 27 27 27 27 27 27 27 27 27 27 30 30 30 30 30 30 30 30 30 30 30 30 30 30 30 30 30 11 11 11 11 11 11 11 11 11 11 11 11 11 11 11 11 11 11 11 11 11  4  4  4  4  4  4  4  4 20 20 20 20 20 20 20 20 20 20 20 20 20 20 20 29 29 29 29 29 29 29 29 29 29 29 29  1  3  3 
14 14 14 25 25 25 25 25 25 25 25 25 25 25 25 25 25 25 25 25 25 25 25 14 14  8  8  8  8  8  8  8  8  8  8  8  8  8  8 27 27 27 27 27 27 27 27 27 27 27 27 27 27 27 27 30 30 30 30 30 30 30 30 30 30 30 30 30 30 30 30 30 30 11 11 11 11 11 11 11 11 11 11 11 11 11 11 11 11 11 11  4  4  4  4  4  4  4  4  4  4  4 20 20 20 20 20 20 20 20 20 20 20 20 20 20 20 29 29 29 20 29 29 29 29 29 29 29 29  1  3  3 
14 14 14 25 25 25 25 25 25 25 25 25 25 25 25 25 25 25 25 25 25 25 25 14 14  8  8  8  8  8  8  8  8  8  8  8  8  8  8 27 27 27 27 27 27 27 27 27 27 27 27 27 27 27 27 30 30 30 30 30 30 30 30 30 30 30 30 30 30 30 30 30 30 11 11 11 11 11 11 11 11 11 11 11 11 11 11 11  4  4  4  4  4  4  4  4  4  4  4  4  4  4 20 20 20 20 20 20 20 20 20 20 20 20 20 20 20 20 20 20 20 20 29 29 29 29 29 29  1  1  3  3 
14 14 25 25 25 25 25 25 25 25 25 25 25 25 25 25 25 25 25 25 25 25 25 14  8  8  8  8  8  8  8  8  8  8  8  8  8  8  8 27 27 27 27 27 27 27 27 27 27 27 27 27 27 27 30 30 30 30 30 30 30 30 30 30 30 30 30 30 30 30 30 30 30 11 11 11 11 11 11 11 11 11 11 11 11 11 11 11  4  4  4  4  4  4  4  4  4  4  4 20 20 20 20 20 20 20 20 20 20 20 20 20 20 20 20 20 20 20 20 20 20 20 20 20 29 29 29 29  1  1  3  3 
14 14 25 25 25 25 25 25 25 25 25 25 25 25 25 25 25 25 25 25 25 14 14 14 14  8  8  8  8  8  8  8  8  8  8  8  8  8  8 27 27 27 27 27 27 27 27 27 27 27 30 30 30 27 30 30 30 30 30 30 30 30 30 30 30 30 30 30 30 30 30 30 30 11 11 11 11 11 11 11 11 11 11 11 11 11 11 11  4  4  4  4  4  4  4  4  4  4  4 20 20 20 20 20 20 20 20 20 20 20 20 20 20 20 20 20 20 20 20 20 20 20 20 20 29 29 29  1  1  1  1  3 
14 14 25 25 25 25 25 25 25 25 25 25 25 25 25 25 25 25 25 25 25 14 14 14  8  8  8  8  8  8  8  8  8  8  8  8  8  8  8 27 30 27 27 27 27 27 27 27 27 27 30 30 30 30 30 30 30 30 30 30 30 30 30 30 30 30 30 30 30 30 30 30 11 11 11 11 11 11 11 11 11 11 11 11 11 11  4  4  4  4  4  4  4  4  4  4  4  4  4 20 20 20 20 20 20 20 20 20 20 20 20 20 20 20 20 20 20 20 20 20 20 20 20 20 20 29 29  1  1  1  1  3 
14 25 25 25 25 25 25 25 25 25 25 25 25 25 25 25 25 25 25 25 25 14  8  8  8  8  8 30 30  8  8  8  8  8  8  8  8  8 30 30 30 30 27 27 27 27 30 30 30 30 30 30 30 30 30 30 30 30 30 30 30 30 30 30 30 30 30 30 30 30 30 30 30 11 11 11 11 11 11 11 11 11 11 11 11  4  4  4  4  4  4  4  4  4  4  4  4  4  4  4 20 20 20 20 20 20 20 20 20 20 20 20 20 20 20 20 20 20 20 20 20 20 20 20 20  1  1  1  3  3  3  3 
14 14 25 25 25 25 25 25 25 25 25 25 25 25 25 25 25 14 14 14 25 14  8  8  8  8 30 30 30 30  8  8  8  8  8 30  8 30 30 30 30 30 30 30 30 30 30 30 30 30 30 30 30 30 30 30 30 30 30 30 30 30 30 30 30 30 30 30 30 30 30 30 30 11 11 11 11 11 11 11 11 11 11 11  4  4  4  4  4  4  4  4  4  4  4  4  4  4  4  4  4 20 20 20 20 20 20 20 20 20 20 20 20 20 20 20 20 20 20 20 20 20 20 20  1  1  1  1  3  3  3  3 
14 14 14 25 25 25 25 25 25 25 25 25 25 25 25 25 14 14 14 14 14 14  8  8  8  8 30 30 30 30 30  8  8  8 30 30 30 30 30 30 30 30 30 30 30 30 30 30 30 30 30 30 30 30 30 30 30 30 30 30 17 17 30 30 30 30 30 30 30 30 30 30 30 11 11 11 11 11 11 11 11 11 11 11 11  4  4  4  4  4  4  4  4  4  4  4  4  4  4  4 20 20 20 20 20 20 20 20 20 20 20 20 20 20 20 20 20 20 20  6  6 20 20  1  1  1  1  1  3  3  3  3 
14 14 14 25 25 25 25 25 25 25 25 25 25 25 25 25 14 14 14 14 14 14  8  8 30 30 30 30 30 30 30 30 30 30 30 30 30 30 30 30 30 30 30 30 30 30 30 30 30 30 30 30 30 30 17 30 30 30 30 30 17 17 17 17 17 17 30 30 30 30 30 30 30 30 30 11 11 11 11 11 11 11 11 11 11  4  4  4  4  4  4  4  4  4  4  4  4  4  4  4 20 20 20 20 20 20 20 20 20 20 20 20 20 20 20 20 20 20  6  6  6  6  6  1  1  1  1  6  6  6  3  6 
14 14 14 14 14 25 25 25 25 25 25 25 25 25 25 25 25 14 14 14 14 14  8  8 30 30 30 30 30 30 30 30 30 30 30 30 30 30 30 30 30 30 30 30 30 30 30 30 30 30 30 30 30 17 17 17 30 30 17 17 17 17 17 17 17 17 30 30 30 30 30 30 30 30 30 11 11 11 11 11 11 11 11 11 11  4  4  4  4  4  4  4  4  4  4  4  4 20 20 20 20 20 20 20 20 20 20 20 20 20 20 20 20 20 20 20 20  6  6  6  6  6  6  6  1  1  6  6  6  6  6  6 
14 14 14 14 14 25 25 25 25 25 25 25 25  8 25 25 25 14 14 14 14 14  8 30 30 30 30 30 30 30 30 30 30 30 30 30 30 30 30 30 30 30 30 30 30 30 30 30 30 30 30 30 30 30 30 17 17 17 17 17 17 17 17 17 17 17 17 17 17 17 30 30 30 30 11 11 11 11 11 11 11 11 11 11  4  4  4  4  4  4  4  4  4  4  4  4 20 20 20 20 20 20 20 20 20 20 20 20 20 20 20 20 20 20 20 20 20 20  6  6  6  6  6  6  6  1  6  6  6  6  6  6 
14 14 14 14 14 25 25 25 25 25 25 25 25  8  8  8 14 14 14 14 14 14  8 30 30 30 30 31 31 31 30 30 16 30 30 30 30 30 30 30 30 30 30 30 30 30 30 30 30 30 30 30 30 30 30 17 17 17 17 17 17 17 17 17 17 17 17 17 17 17 17 17 30 11 11 11 11 11 11 11 11 11 11 11  4  4  4  4  4  4  4  4  4  4  4  4 20 20 20 20 20 20 20 20 20 20 20 20 20 20 20 20 20 20 20 20 20 20  6  6  6  6  6  6  6  6  6  6  6  6  6  6 
14 14 14 14 14 25 25 25 25 25 25 25 25 25  8  8  8 14 14 14  8  8  8  8 31 31 31 31 31 31 16 16 16 30 30 30 30 30 30 30 30 30 30 30 30 30 30 30 30 30 30 30 30 17 17 17 17 17 17 17 17 17 17 17 17 17 17 17 17 17 17 17 30 11 11 11 11 11 11 11 11 11  4  4  4  4  4  4  4  4  4  4  4  4  4 20 20 20 20 20 20 20 20 20 20 20 20 20 20 20 20 20 20 20 20 20 20  6  6  6  6  6  6  6  6  6  6  6  6  6  6  6 
14 14 14 14 14 14 14 14 25 25 25 25 25 25  8  8  8  8  8  8  8  8  8  8 31 31 31 31 31 31 16 16 16 16 16 30 30 30 30 30 30 30 30 30 30 30 30 30 30 30 30 17 17 17 17 17 17 17 17 17 17 17 17 17 17 17 17 17 17 17 17 17 11 11 11 11 11 11 11 11  4  4  4  4  4  4  4  4  4  4  4  4  4  4 20 20 20 20 20 20 20 20 20 20 20 20 20 20 20 20 20 20 20 20 20 20 20  6  6  6  6  6  6  6  6  6  6  6  6  6  6  6 
14 14 14 14 14 14 14 14 14 25 25 25 25 25  8  8  8  8  8  8  8  8  8 31 31 31 31 31 31 31 31 31 16 16 16 16 30 30 30 30 30 30 30 30 30 30 30 30 30 17 17 17 17 17 17 17 17 17 17 17 17 17 17 17 17 17 17 17 17 17 17 17 11 11 11 11 11 11 11  4  4  4  4  4  4  4  4  4  4  4  4  4  4  4  4 20 20 20 20 20 20 20 20 20 20 20 20 20 20 20 20 20 20 20 20 20 20  6  6  6  6  6  6  6  6  6  6  6  6  6  6  6 
14 14 14 14 14 14 14 14 14 25 25  8  8  8  8  8  8  8  8  8  8  8  8  8  8 31 31 31 31 31 31 31 31 31 16 16 30 16 16 30 16 16 30 30 17 17 17 17 17 17 17 17 17 17 17 17 17 17 17 17 17 17 17 17 17 17 17 17 17 17 17 11 11 11 11 11 11 11 11  4  4  4  4  4  4  4  4  4  4  4  4  4  4  4  4  4 20 20 20 20 20 20 20 20 20 20 20 20 20 20 20 20 20 20 20 20 20  6  6  6  6  6  6  6  6  6  6  6  6  6  6  6 
14 14 14 14 14 14 14 14 14 25 25 25  8  8  8  8  8  8  8  8  8  8  8 31 31 31 31 31 31 31 31 31 31 31 16 16 16 16 16 16 16 16 16 17 17 17 17 17 17 17 17 17 17 17 17 17 17 17 17 17 17 17 17 17 17 17 17 17 17 17 17 11 11 11 11 11 11 11 11  4  4  4  4  4  4  4  4  4  4  4  4  4  4  4  4  4 20 20 20 20 20 20 20 20 20 20 20 20 20 20 20 20 20  6  6  6  6  6  6  6  6  6  6  6  6  6  6  6  6  6  6  6 
14 14 14 14 25 25 25 25 25 25 25 25 25  8  8  8  8  8  8  8  8 31 31 31 31 31 31 31 31 31 31 31 31 31 31 16 16 16 16 16 16 16 16 17 17 17 17 17 17 17 17 17 17 17 17 17 17 17 17 17 17 17 17 17 17 17 17 17 17 17 17 17 11 11 11 11 11 11  4  4  4  4  4  4  4  4  4  4  4  4  4  4  4  4  4  4  4 20 20 20 20 20 20 20 20 20 20 20 20 20 20 20 20  6  6  6  6  6  6  6  6  6  6  6  6  6  6  6  6  6  6  6 
14 14 14 14 25 25 25 25 25 25 25  8  8  8  8  8  8  8 31 31 31 31 31 31 31 31 31 31 31 31 31 31 31 31 31 31 16 16 16 16 16 16 16 16 17 17 17 17 17 17 17 17 17 17 17 17 17 17 17 17 17 17 17 17 17 17 17 17 17 17 11 11 11 11 11 11 11 11 11 11  4  4  4  4  4  4  4  4  4  4  4  4  4  4  4  4  4 20 20 20 20 20 20 20 20 20 20 20 20 20 20 20 20  6  6  6  6  6  6  6  6  6  6  6  6  6  6  6  6  6  6  6 
14 14 14 14 25 25 25 25  8  8  8  8  8  8  8 31 31 31 31 31 31 31 31 31 31 31 31 31 31 31 31 31 31 31 31 31 16 16 16 16 16 16 16 16 17 17 17 17 17 17 17 17 17 17 17 17 17 17 17 17 17 17 17 17 17 17 17 17 17 17 11 11 11 11 11 11 11 11 11 11  4  4  4  4  4  4  4  4  4  4  4  4  4  4  4  4 20 20 20 20 20 20 20 20 20 20 20 20 20 20 20  6  6  6  6  6  6  6  6  6  6  6  6  6  6  6  6  6  6  6  6  6 
14 14 14 14 25 25 25 25  8  8  8  8  8  8  8 31 31 31 31 31 31 31 31 31 31 31 31 31 31 31 31 31 31 31 31 31 31 16 16 16 16 16 16 17 17 17 17 17 17 17 17 17 17 17 17 17 17 17 17 17 17 17 17 17 17 17 17 17 17 17 17 11 11 11 11 11 11 11 11 11 11 11 11  4  4  4  4  4  4  4  4  4  4  4  4  4  4  4  4  4 20 20 20 20 20 20 20 20 20 20 20  6  6  6  6  6  6  6  6  6  6  6  6  6  6  6  6  6  6  6  6  6 
14 14 14 25 25 25 25 25  8  8  8  8  8  8  8  8 31 31 31 31 31 31 31 31 31 31 31 31 31 31 31 31 31 31 31 31 31 16 16 16 16 16 16 17 17 17 17 17 17 17 17 17 17 17 17 17 17 17 17 17 17 17 17 17 17 17 17 17 17 17 17 17 17 17 11 11 11 11 11 11 11 11 11  4  4  4  4  4  4  4  4  4  4  4  4  4  4  4  4  4 20 20 20 20 20 20 20 20 20 20  6  6  6  6  6  6  6  6  6  6  6  6  6  6  6  6  6  6  6  6  6  6 
14 14 14 25 25 25 25  8  8  8  8  8  8  8  8 31 31 31 31 31 31 31 31 31 31 31 31 31 31 31 31 31 31 31 31 31 31 31 16 16 16 16 16 17 17 17 17 17 17 17 17 17 17 17 17 17 17 17 17 17 17 17 17 17 17 17 17 17 17 17 17 17 17 17 17 17 11 11 11 11 11 11  4  4  4  4  4  4  4  4  4  4  4  4  4  4  4  4  4  4  4 20 20 20 20 20 20 20 20 20  6  6  6  6  6  6  6  6  6  6  6  6  6  6  6  6  6  6  6  6  6  6 
14 14 14 25 25 25 25 25  8  8  8  8  8 31 31 31 31 31 31 31 31 31 31 31 31 31 31 31 31 31 31 31 31 31 31 31 31 16 16 16 16 16 16 16 17 17 17 17 17 17 17 17 17 17 17 17 17 17 17 17 17 17 17 17 17 17 17 17 17 17 17 17 17 17 17 17 17 11 11 11 11 11  4  4  4  4  4  4  4  4  4  4  4  4  4  4  4  4  4  4  4  4  4 20 20 20 20 20 20 20  6  6  6  6  6  6  6  6  6  6  6  6  6  6  6  6  6  6  6  6  6  6 
14 14 14 25 25 25 25 25  8  8  8  8  8 31 31 31 31 31 31 31 31 31 31 31 31 31 31 31 31 31 31 31 31 31 31 31 31 16 16 16 16 16 16 16 17 17 17 17 17 17 17 17 17 17 17 17 17 17 17 17 17 17 17 17 17 17 17 17 17 17 17 17 17 17 17 17 17 17 11 11 11 11  4  4  4  4  4  4  4  4  4  4  4  4  4  4  4  4  4  4  4  4  4 20 20 20 20 20 20  6  6  6  6  6  6  6  6  6  6  6  6  6  6  6  6  6  6  6  6  6  6  6 
14 14 14 14 25 25 25 25  8  8  8  8  8  8  8 31 31 31 31 31 31 31 31 31 31 31 31 31 31 31 31 31 31 31 31 31 31 16 16 16 16 16 16 16 17 17 17 17 17 17 17 17 17 17 17 17 17 17 17 17 17 17 17 17 17 17 17 17 17 17 17 17 17 17 17 17 17 11 11 11 11 11  4  4  4  4  4  4  4  4  4  4  4  4  4  4  4  4  4  4  4  4  4 20 20 20 20 20 20  6  6  6  6  6  6  6  6  6  6  6  6  6  6  6  6  6  6  6  6  6  6  6 
14 14 14 14 25 25 25 25  8  8  8  8  8  8  8  8 31 31 31 31 31 31 31 31 31 31 31 31 31 31 31 31 31 31 31 31 31 16 16 16 16 16 16 16 17 17 17 17 17 17 17 17 17 17 17 17 17 17 17 17 17 17 17 17 17 17 17 17 17 17 17 17 17 17 17 17 17 17 11 11 11 11 11  4  4  4  4  4  4  4  4  4  4  4  4  4  4  4  4  4  4  4  4  4  4 20 20 20 20  6  6  6  6  6  6  6  6  6  6  6  6  6  6  6  6  6  6  6  6  6  6  6 
14 14 14 14 25 25 25 25 25  8  8  8  8  8  8  8 31 31 31 31 31 31 31 31 31 31 31 31 31 31 31 31 31 31 31 31 31 16 16 16 16 16 16 16 16 17 17 17 17 17 17 17 17 17 17 17 17 17 17 17 17 17 17 17 17 17 17 17 17 17 17 17 17 17 17 17 17 17 11 11 11 11 11  4  4  4  4  4  4  4  4  4  4  4  4  4  4  4  4  4  4  4  4  4  4 20 20 20  6  6  6  6  6  6  6  6  6  6  6  6  6  6  6  6  6  6  6  6  6  6  6  6 
14 14 14 14 25 25 25 25  8  8  8  8  8  8  8  8 31 31 31 31 31 31 31 31 31 31 31 31 31 31 31 31 31 31 31 31 31 31 16 16 16 16 16 16 16 16 17 17 17 17 17 17 17 17 17 17 17 16 16 16 16 17 17 17 17 17 17 17 17 17 17 17 17 17 17 17 17 17 11 11 11 11 11 11  4  4  4  4  4  4  4  4  4  4  4  4  4  4  4  4  4  4  4  4  4 20 20 20  6  6  6  6  6  6  6  6  6  6  6  6  6  6  6  6  6  6  6  6  6  6  6  6 
14 14 14 14 25 25 25 25  8  8  8  8  8  8  8 31 31 31 31 31 31 31 31 31 31 31 31 31 31 31 31 31 31 31 31 31 31 31 16 16 16 16 16 16 16 16 16 16 16 17 17 17 17 17 16 16 16 16 16 16 16 16 16 17 17 17 17 17 17 17 17 17 17 17 17 17 17 17 11 11 11 11 11 11  4  4  4  4  4  4  4  4  4  4  4  4  4  4  4  4  4  4  4  4 20 20 20 20 20  6  6  6  6  6  6  6  6  6  6  6  6  6  6  6  6  6  6  6  6  6  6  6 
14 14 14 14 14 25 25 25  8  8  8  8  8  8 31 31 31 31 31 31 31 31 31 31 31 31 31 31 31 31 31 31 31 31 31 24 31 31 31 16 16 16 16 16 16 16 16 16 16 16 17 17 17 17 16 16 16 16 16 16 16 16 16 17 17 17 17 17 17 17 17 17 17 17 17 17 17 17 11 11 11 11 11 11  4  4  4  4  4  4  4  4  4  4  4  4  4  4  4  4  4  4  4  4 20 20 20 20 20 20 20  6  6  6  6  6  6  6  6  6  6  6  6  6  6  6  6  6  6  6  6  6 
14 14 14 14 25 25 25 25 25  8  8  8  8  8 31 31 31 31 31 31 31 31 31 31 31 31 31 31 31 31 31 31 31 31 31 24 31 31 31 16 16 16 16 16 16 16 16 16 16 16 16 16 16 16 16 16 16 16 16 16 16 16 16 16 16 16 17 17 17 17 17 17 17 17 17 17 17 17 17 17 11 11 11 11 11  4  4  4  4  4  4  4  4  4  4  4  4  4  4  4  4  4  4 20 20 20 20 20 20 20 20 20  6  6  6  6  6  6  6  6  6  6  6  6  6  6  6  6  6  6  6  6 
14 14 14 14 14 25 25 25 25 25  8  8  8  8 31 31 31 31 31 31 31 31 31 31 31 31 31 31 31 31 31 31 31 24 24 24 24 24 24 16 16 24 24 24 24 16 16 16 16 16 16 16 16 16 16 16 16 16 16 16 16 16 16 16 16 16 16 16 16 17 17 16 16 17 17 17 17 17 17 17 17 17 17 11  4  4  4  4  4  4  4  4  4  4  4  4  4  4  4  4  4  4 20 20 20 20 20 20 20 20 20 20  6  6  6  6  6  6  6  6  6  6  6  6  6  6  6  6  6  6  6  6 
14 14 14 14 14 25 25 25 25 25  8  8  8 31 31 31 31 31 31 31 31 31 31 31 31 31 31 31 31 31 31 31 24 24 24 24 24 24 24 24 24 24 24 24 24 16 16 16 16 16 16 16 16 16 16 16 16 16 16 16 16 16 16 16 16 16 16 16 16 16 16 16 16 17 17 17 17 17 17 17 17 17 17 11  4  4  4  4  4  4  4  4  4  4  4  4  4  4 20 20 20 20 20 20 20 20 20 20 20 20 20 20  6  6  6  6  6  6  6  6  6  6  6  6  6  6  6  6  6  6  6  6 
14 14 14 14 14 25 25 25 25 25  8 31 31 31 31 31 31 31 31 31 31 31 31 31 31 31 31 31 31 31 31 24 24 24 24 24 24 24 24 24 24 24 24 24 24 24 16 16 16 16 16 16 16 16 16 16 16 16 16 16 16 16 16 16 16 16 16 16 16 16 16 16 16 17 17 17 17 17 17 17 17 17 17 11 11 11 11  4  4  4  4  4  4  4  4  4  4  4  4 20 20 20 20 20 20 20 20 20 20 20 20 20  6  6  6  6  6  6  6  6  6  6  6  6  6  6  6  6  6  6  6  6 
14 14 14 14 14 14 25 25 25 25  8  8 31 31 31 31 31 31 31 31 31 31 31 31 31 31 31 31 31 31 31 24 24 24 24 24 24 24 24 24 24 24 24 24 24 24 16 16 16 16 16 16 16 16 16 16 16 16 16 16 16 16 16 16 16 16 16 16 16 16 16 16 16 17 17 17 17 17 17 17 17 17 17 11 11 11 11  4  4  4  4  4  4  4  4  4  4  4  4 20 20 20 20 20 20 20 20 20 20 20 20  6  6  6  6  6  6  6  6  6  6  6  6  6  6  6  6  6  6  6  6  6 
14 14 14 14 14 14 25 25 25  8  8  8 31 31 31 31 31 31 31 31 31 31 31 31 31 31 31 31 31 24 24 24 24 24 24 24 24 24 24 24 24 24 24 24 24 24 16 16 16 16 16 16 16 16 16 16 16 16 16 16 16 16 16 16 16 16 16 16 16 16 16 16 16 17 17 17 17 17 17 17 17 17 17 11 11 11 11 11 11  4  4  4  4  4  4  4  4  4  4  4 20 20 20 20 20 20 20 20 20 20 20  6  6  6  6  6  6  6  6  6  6  6  6  6  6  6  6  6  6  6  6  6 
14 14 14 14 14 14 25 25  8  8  8  8 31 31 31 31 31 31 31 31 31 31 31 31 31 31 31 24 24 24 24 24 24 24 24 24 24 24 24 24 24 24 24 24 24 16 16 16 16 16 16 16 16 16 16 16 16 16 16 16 16 16 16 16 16 16 16 16 16 16 16 16 16 17 17 17 17 17 17 17 11 17 17 11 11 11 11 11 11  4  4  4  4  4  4  4  4  4  4 20 20 20 20 20 20 20 20 20 20 20 20  6  6  6  6  6  6  6  6  6  6  6  6  6  6  6  6  6  6  6  6  6 
14 14 14 14 25 25 25 25  8  8  8  8  8 31 31 31 31 31 31 31 31 31 31 24 24 24 24 24 24 24 24 24 24 24 24 24 24 24 24 24 24 24 24 24 24 24 16 16 16 16 16 16 16 16 16 16 16 16 16 16 16 16 16 16 16 16 16 16 16 16 16 16 17 17 17 17 17 17 17 17 11 11 11 11 11 11 11 11  4  4  4  4  4  4  4  4  4  4 20 20 20 20 20 20 20 20 20 20 20 20 20 20  6  6  6  6  6  6  6  6  6  6  6  6  6  6  6  6  6  6  6  6 
14 14 14 14 14 25 25 25  8  8  8  8 31 31 31 31 31 31 31 31 31 31 31 24 24 24 24 24 24 24 24 24 24 24 24 24 24 24 24 24 24 24 24 24 24 24 24 16 24 16 16 16 16 16 16 16 16 16 16 16 16 16 16 16 16 16 16 16 16 16 16 16 17 17 17 17 17 17 17 17 11 11 11 11 11 11 11  4  4  4  4  4  4  4  4  4  4  4 20 20 20 20 20 20 20 20 20 20 20 20 20 20 20  6  6  6  6  6  6  6  6  6  6  6  6  6  6  6  6  6  6  6 
14 14 14 14 14 14 25 25  8  8  8  8  8 31 31 31 31 31 31 31 31 31 24 24 24 24 24 24 24 24 24 24 24 24 24 24 24 24 24 24 24 24 24 24 24 24 24 24 24 16 16 16 16 16 16 16 16 16 16 16 16 16 16 16 16 16 16 16 16 16 16 16 16 17 17 17 17 17 17 11 11 11 11 11 11 11 11  4 11  4  4  4  4  4  4  4 20 20 20 20 20 20 20 20 20 20 20 20 20 20 20 20 20  6  6  6  6  6  6  6  6  6  6  6  6  6  6  6  6  6  6  6 
14 14 14 14 25 25 25 25 25 25  8  8 31 31 31 31 31 31 31 31 31 31 24 24 24 24 24 24 24 24 24 24 24 24 24 24 24 24 24 24 24 24 24 24 24 24 24 24 24 16 16 16 16 16 16 16 16 16 16 16 16 16 16 16 16 16 16 16 16 16 16 16 17 17 17 17 17 17 11 11 11 11 11 11 11 11 11  4 11  4  4  4  4  4  4  4 20 20 20 20 20 20 20 20 20 20 20 20 20 20 20 20 20 20 20 20  6  6  6  6  6  6  6  6  6  6  6  6  6  6  6  6 
14 14 14 14 25 25 25 25 25 25  8  8  8 31 31 31 31 31 31 31 31 31 24 24 24 24 24 24 24 24 24 24 24 24 24 24 24 24 24 24 24 24 24 24 24 24 24 24 24 16 16 16 16 16 16 16 16 16 16 16 16 16 16 16 16 16 16 16 16 16 16 16 17 17 17 17 17 17 11 11 11 11 11 11 11 11 11 11 11 11 11  4  4  4  4  4 20 20 20 20 20 20 20 20 20 20 20 20 20 20 20 20 20 20  6  6  6  6  6  6  6  6  6  6  6  6  6  6  6  6  6  6 
14 14 14 14 25 25 25 25 25 25  8  8  8  8 31 31 31 31 31 24 24 24 24 24 24 24 24 24 24 24 24 24 24 24 24 24 24 24 24 24 24 24 24 24 24 24 24 24 16 16 16 16 16 16 16 16 16 16 16 16 16 16 16 16 16 16 16 16 16 16 16 16 17 17 17 17 17 17 17 17 11 11 11 11 11 11 11 11 11 11 11  4  4  4  4  4  4 20 20 20 20 20 20 20 20 20 20 20 20 20 20 20 20 20  6  6  6  6  6  6  6  6  6  6  6  6  6  6  6  6  6  6 
14 14 14 14 25 25 25 25 25  8  8  8  8 31 31 31 31 31 31 31 24 24 24 24 24 24 24 24 24 24 24 24 24 24 24 24 24 24 24 24 24 24 24 24 24 24 24 24 24 16 16 16 16 16 16 16 16 16 16 16 16 16 16 16 16 16 16 16 16 16 16 16 17 17 17 17 17 17 17 11 11 11 11 11 11 11 11 11 11 11 11  4  4  4  4  4  4  4 20 20 20 20 20 20 20 20 20 20 20 20 20 20 20 20  6  6  6  6  6  6  6  6  6  6  6  6  6  6  6  6  6  6 
14 14 14 14 25 25 25 25 25  8  8  8  8 31 31 31 31 31 24 24 24 24 24 24 24 24 24 24 24 24 24 24 24 24 24 24 24 24 24 24 24 24 24 24 24 24 24 24 24 16 16 16 16 16 16 16 16 16 16 16 16 16 16 16 16 16 16 16 16 16 16 16 16 16 16 16 17 17 17 11 11 11 11 11 11 11 11 11 11 11 11  4  4  4  4  4  4  4  4 20  4 20 20 20 20 20 20 20 20 20 20 20 20 20  6  6  6  6  6  6  6  6  6  6  6  6  6  6  6  6  6  6 
14 14 14 14 14 25 25 25 25  8  8  8 31 31 31 24 31 24 24 24 24 24 24 24 24 24 24 24 24 24 24 24 24 24 24 24 24 24 24 24 24 24 24 24 24 24 24 24 24 16 16 16 16 16 16 16 16 16 16 16 16 16 16 16 16 16 16 16 16 16 16 16 16 16 16 16 16 17 17 17 17 11 11 11 11 11 11 11 11 11  4  4  4  4  4  4  4  4  4  4  4 20 20 20 20 20 20 20 20 20 20 20 20  6  6  6  6  6  6  6  6  6  6  6  6  6  6  6  6  6  6  6 
14 14 14 14 14 25 25 25 25  8  8  8 31 24 24 24 24 24 24 24 24 24 24 24 24 24 24 24 24 24 24 24 24 24 24 24 24 24 24 24 24 24 24 24 24 24 24 24 24 16 16 16 16 16 16 16 16 16 16 16 16 16 16 16 16 16 16 16 16 16 16 16 16 16 16 16 17 17 17 17 17 17 11 11 11 11 11 11 11  4  4  4  4  4  4  4  4  4  4  4  4 20 20 20 20 20 20 20 20 20 20 20 20  6  6  6  6  6  6  6  6  6  6  6  6  6  6  6  6  6  6  6 
14 14 25 25 25 25 25 25  8  8  8 24 24 24 24 24 24 24 24 24 24 24 24 24 24 24 24 24 24 24 24 24 24 24 24 24 24 24 24 24 24 24 24 24 24 24 24 24 24 16 16 16 16 16 16 16 16 16 16 16 16 16 16 16 16 16 16 16 16 16 16 16 16 16 16 16 17 17 17 17 17 17 11 11 11 11 11 11 11 11  4  4  4  4  4  4  4  4  4  4  4  4  4  4  4 20 20 20 20 20 20 20 20 20  6  6  6  6  6  6  6  6  6  6  6  6  6  6  6  6  6  6 
14 14 14 25 25 25 25 25  8  8  8 24 24 24 24 24 24 24 24 24 24 24 24 24 24 24 24 24 24 24 24 24 24 24 24 24 24 24 24 24 24 24 24 24 24 24 24 24 24 16 16 16 16 16 16 16 16 16 16 16 16 16 16 16 16 16 16 16 16 16 16 16 16 16 16 16 17 17 17 17 17 17 17 17 17 11 11 11 11 11  4  4  4  4  4  4  4  4  4  4  4  4  4  4  4 20 20 20 20 20 20 20 20 20  6  6  6  6  6  6  6  6  6  6  6  6  6  6  6  6  6  6 
14 14 14 25 25 25 25 25  8  8  8 24 24 24 24 24 24 24 24 24 24 24 24 24 24 24 24 24 24 24 24 24 24 24 24 24 24 24 24 24 24 24 24 24 24 24 24 24 16 16 16 16 16 16 16 16 16 16 16 16 16 16 16 16 16 16 16 16 16 16 16 16 16 16 16 16 17 17 17 17 17 17 17 17 17 17 11 11 11 11  4  4  4  4  4  4  4  4  4  4  4  4  4  4  4  4  4  4  4  4 20 20 20 20 20  6  6  6  6  6  6  6  6  6  6  6  6  6  6  6  6  6 
14 14 14 25  8  8  8  8  8  8 24 24 24 24 24 24 24 24 24 24 24 24 24 24 24 24 24 24 24 24 24 24 24 24 24 24 24 24 24 24 24 24 24 24 24 24 24 24 24 16 16 16 16 16 16 16 16 16 16 16 16 16 16 16 16 16 16 16 16 16 16 16 16 16 16 16 16 17 17 17 17 17 17 17 17 17 17 17 11 11 11  4  4  4  4  4  4  4  4  4  4  4  4  4  4  4  4  4  4  4  4 20 20 20  6  6  6  6  6  6  6  6  6  6  6  6  6  6  6  6  6  6 
14  8  8  8  8  8  8  8  8 24 24 24 24 24 24 24 24 24 24 24 24 24 24 24 24 24 24 24 24 24 24 24 24 24 24 24 24 24 24 24 24 24 24 24 24 24 24 24 24 16 16 16 16 16 16 16 16 16 16 16 16 16 16 16 16 16 16 16 16 16 16 16 16 16 16 16 16 17 17 17 17 17 17 17 17 17 17 17 11 11 11  4  4  4  4  4  4  4  4  4  4  4  4  4  4  4  4  4  4  4  4 20 20 20 20 20  6  6  6  6  6  6  6  6  6  6  6  6  6  6  6  6 
