37
1 4 0 1 2 3
2 4 0 1 2 3
3 4 0 1 2 3
4 4 0 1 2 3
5 4 0 1 2 3
6 4 0 1 2 3
7 4 0 1 2 3
8 4 0 1 2 3
9 4 0 1 2 3
10 4 0 1 2 3
11 4 0 1 2 3
12 4 0 1 2 3
13 4 0 1 2 3
14 4 0 1 2 3
15 4 0 1 2 3
16 4 0 1 2 3
17 4 0 1 2 3
18 4 0 1 2 3
19 4 0 1 2 3
20 4 0 1 2 3
21 4 0 1 2 3
22 4 0 1 2 3
23 4 0 1 2 3
24 4 0 1 2 3
25 4 0 1 2 3
26 4 0 1 2 3
27 4 0 1 2 3
28 4 0 1 2 3
29 4 0 1 2 3
30 4 0 1 2 3
31 4 0 1 2 3
32 4 0 1 2 3
33 4 0 1 2 3
34 4 0 1 2 3
35 4 0 1 2 3
36 4 0 1 2 3
37 4 0 1 2 3
95
1 18 4   0 0   1 1   2 2   3 3
1 34 4   0 0   1 1   2 2   3 3
1 3 4   0 0   1 1   2 2   3 3
1 20 4   0 0   1 1   2 2   3 3
1 37 4   0 0   1 1   2 2   3 3
1 9 4   0 0   1 1   2 2   3 3
1 28 4   0 0   1 1   2 2   3 3
2 5 4   0 0   1 1   2 2   3 3
2 25 4   0 0   1 1   2 2   3 3
2 11 4   0 0   1 1   2 2   3 3
2 30 4   0 0   1 1   2 2   3 3
3 4 4   0 0   1 1   2 2   3 3
3 20 4   0 0   1 1   2 2   3 3
3 22 4   0 0   1 1   2 2   3 3
3 9 4   0 0   1 1   2 2   3 3
4 35 4   0 0   1 1   2 2   3 3
4 20 4   0 0   1 1   2 2   3 3
4 6 4   0 0   1 1   2 2   3 3
4 22 4   0 0   1 1   2 2   3 3
5 32 4   0 0   1 1   2 2   3 3
5 17 4   0 0   1 1   2 2   3 3
5 24 4   0 0   1 1   2 2   3 3
5 25 4   0 0   1 1   2 2   3 3
6 35 4   0 0   1 1   2 2   3 3
6 22 4   0 0   1 1   2 2   3 3
6 7 4   0 0   1 1   2 2   3 3
7 35 4   0 0   1 1   2 2   3 3
7 36 4   0 0   1 1   2 2   3 3
7 28 4   0 0   1 1   2 2   3 3
8 37 4   0 0   1 1   2 2   3 3
8 12 4   0 0   1 1   2 2   3 3
8 14 4   0 0   1 1   2 2   3 3
9 34 4   0 0   1 1   2 2   3 3
9 22 4   0 0   1 1   2 2   3 3
9 23 4   0 0   1 1   2 2   3 3
10 33 4   0 0   1 1   2 2   3 3
10 21 4   0 0   1 1   2 2   3 3
10 37 4   0 0   1 1   2 2   3 3
10 27 4   0 0   1 1   2 2   3 3
10 14 4   0 0   1 1   2 2   3 3
11 27 4   0 0   1 1   2 2   3 3
11 30 4   0 0   1 1   2 2   3 3
11 14 4   0 0   1 1   2 2   3 3
12 16 4   0 0   1 1   2 2   3 3
12 37 4   0 0   1 1   2 2   3 3
12 14 4   0 0   1 1   2 2   3 3
13 17 4   0 0   1 1   2 2   3 3
13 33 4   0 0   1 1   2 2   3 3
13 36 4   0 0   1 1   2 2   3 3
13 25 4   0 0   1 1   2 2   3 3
13 27 4   0 0   1 1   2 2   3 3
13 30 4   0 0   1 1   2 2   3 3
14 16 4   0 0   1 1   2 2   3 3
14 37 4   0 0   1 1   2 2   3 3
14 27 4   0 0   1 1   2 2   3 3
15 32 4   0 0   1 1   2 2   3 3
15 17 4   0 0   1 1   2 2   3 3
15 36 4   0 0   1 1   2 2   3 3
16 37 4   0 0   1 1   2 2   3 3
16 29 4   0 0   1 1   2 2   3 3
16 31 4   0 0   1 1   2 2   3 3
17 32 4   0 0   1 1   2 2   3 3
17 36 4   0 0   1 1   2 2   3 3
17 25 4   0 0   1 1   2 2   3 3
18 33 4   0 0   1 1   2 2   3 3
18 36 4   0 0   1 1   2 2   3 3
18 21 4   0 0   1 1   2 2   3 3
18 37 4   0 0   1 1   2 2   3 3
18 28 4   0 0   1 1   2 2   3 3
19 37 4   0 0   1 1   2 2   3 3
19 22 4   0 0   1 1   2 2   3 3
19 26 4   0 0   1 1   2 2   3 3
19 29 4   0 0   1 1   2 2   3 3
19 31 4   0 0   1 1   2 2   3 3
20 35 4   0 0   1 1   2 2   3 3
20 28 4   0 0   1 1   2 2   3 3
21 33 4   0 0   1 1   2 2   3 3
21 37 4   0 0   1 1   2 2   3 3
22 23 4   0 0   1 1   2 2   3 3
22 26 4   0 0   1 1   2 2   3 3
23 34 4   0 0   1 1   2 2   3 3
23 26 4   0 0   1 1   2 2   3 3
24 32 4   0 0   1 1   2 2   3 3
25 30 4   0 0   1 1   2 2   3 3
26 34 4   0 0   1 1   2 2   3 3
26 37 4   0 0   1 1   2 2   3 3
27 33 4   0 0   1 1   2 2   3 3
27 30 4   0 0   1 1   2 2   3 3
28 35 4   0 0   1 1   2 2   3 3
28 36 4   0 0   1 1   2 2   3 3
29 31 4   0 0   1 1   2 2   3 3
31 37 4   0 0   1 1   2 2   3 3
32 36 4   0 0   1 1   2 2   3 3
33 36 4   0 0   1 1   2 2   3 3
34 37 4   0 0   1 1   2 2   3 3
