156 156
 1  1  1  1  1  1 31 31 31 11 11 11 11 11 11 11 11 11 11 11 11 11 11 11 11 11 11 11 11 11 11 11 11 11 11 11 11 11 11 11 11 11 11 11 11 11 11 11 11 11 11 11 34 34 34 34 34 34 34 34 34 34 34 34 34 34 34 34 34 34 34 34 34 34 34 34 34 34 34 34 25 25 25 25 25 25 25 25 25 25 25 25 25 25 25 25 25 25 25 25 25 25 25 25 25 25 17 17 17 17 17 17 17 17 17 17 17 17 17 17 17 17 17 17 17 17 17 17 17 17 17 17 23 23 23 23 23 23 23 23 23 23 23 23 23 23 23 23 23 23 23 23 23 23 23 23 
 1  1  1  1  1 31 31 31 31 31 11 11 11 11 11 11 11 11 11 11 11 11 11 11 11 11 11 11 11 11 11 11 11 11 11 11 11 11 11 11 11 11 11 11 11 11 11 11 11 11 11 34 34 34 34 34 34 34 34 34 34 34 34 34 34 34 34 34 34 34 34 34 34 34 34 34 34 34 34 34 25 25 25 25 25 25 25 25 25 25 25 25 25 25 25 25 25 25 25 25 25 25 25 25 25 25 17 17 17 17 17 17 17 17 17 17 17 17 17 17 17 17 17 17 17 17 17 17 17 17 17 17 17 23 23 23 23 23 23 23 23 23 23 23 23 23 23 23 23 23 23 23 23 23 23 23 
 1  1  1  1  1 31 31 31 31 11 11 11 11 11 11 11 11 11 11 11 11 11 11 11 11 11 11 11 11 11 11 11 11 11 11 11 11 11 11 11 11 11 11 11 11 11 11 11 11 11 11 34 34 34 34 34 34 34 34 34 34 34 34 34 34 34 34 34 34 34 34 34 34 34 34 34 34 34 34 34 25 25 25 25 25 25 25 25 25 25 25 25 25 25 25 25 25 25 25 25 25 25 25 25 25 25 17 17 17 17 17 17 17 17 17 17 17 17 17 17 17 17 17 17 17 17 17 17 17 17 17 17 17 17 23 23 23 23 23 23 23 23 23 23 23 23 23 23 23 23 23 23 23 23 23 23 
 1  1  1  1  1 31 31 31 31 11 11 11 11 11 11 11 11 11 11 11 11 11 11 11 11 11 11 11 11 11 11 11 11 11 11 11 11 11 11 11 11 11 11 11 11 11 11 11 11 11 11 34 34 34 34 34 34 34 34 34 34 34 34 34 34 34 34 34 34 34 34 34 34 34 34 34 34 13 34 13 13 25 25 25 25 25 25 25 25 25 25 25 25 25 25 25 25 25 25 25 25 25 25 25 25 17 17 17 17 17 17 17 17 17 17 17 17 17 17 17 17 17 17 17 17 17 17 17 17 17 17 17 17 17 17 23 23 23 23 23 23 23 23 23 23 23 23 23  4 23  4 23 23 23 23 23 
 1  1  1  1  1 31 31 31 31 31 31 31 31 31 31 31 11 11 11 11 11 11 11 11 11 11 11 11 11 11 11 11 11 11 11 11 11 11 11 11 11 11 11 11 11 11 11 11 11 11 11 34 34 34 34 34 34 34 34 34 34 34 34 34 34 34 34 34 34 34 34 34 34 34 34 13 13 13 13 13 25 25 25 25 25 25 25 25 25 25 25 25 25 25 25 25 25 25 25 25 25 25 25 25 17 17 17 17 17 17 17 17 17 17 17 17 17 17 17 17 17 17 17 17 17 17 17 17 17 17 17 17 17 17 23 23 23 23 23 23 23 23 23 23 23  4  4  4  4  4  4 23 23 23 23 23 
 1  1  1  1  1  1  1 31 31 31 31 31 31 31 31 31 31 31 31 11 11 11 11 11 11 11 11 11 11 11 11 11 11 11 11 11 11 11 11 11 11 11 11 11 11 11 11 11 11 34 34 34 34 34 34 34 34 34 34 34 34 34 34 34 34 34 34 34 34 13 13 34 34 13 34 13 13 13 13 13 25 25 25 25 25 25 25 25 25 25 25 25 25 25 25 25 25 25 25 25 25 25 25 25 17 17 17 17 17 17 17 17 17 17 17 17 17 17 17 17 17 17 17 17 17 17 17 17 17 17 17 17 17 17 23 23 23 23 23 23 23 23 23 23  4  4  4  4  4  4  4  4 23 23 23 23 
 1  1  1  1  1  1  1 31 31 31 31 31 31 31 31 31 31 31 31 11 11 11 11 11 11 11 11 11 11 11 11 11 11 11 11 11 11 11 11 11 11 11 11 11 11 11 11 11 11 34 34 34 34 34 34 34 34 34 34 34 34 34 34 34 34 34 34 13 34 13 13 13 13 13 13 13 13 13 13 13 25 25 25 25 25 25 25 25 25 25 25 25 25 25 25 25 25 25 25 25 25 25 25 25 17 17 17 17 17 17 17 17 17 17 17 17 17 17 17 17 17 17 17 17 17 17 17 17 17 17 17 17 17 17 17 23 23 23 23 23 23 23 23 23  4  4  4  4  4  4 23 23 23 23 23 23 
 1  1  1  1  1  1 31 31 31 31 31 31 31 31 31 31 31 31 31 11 11 11 11 11 11 11 11 11 11 11 11 11 11 11 11 11 11 11 11 11 11 11 11 11 11 11 11 11 11 34 34 34 34 34 34 34 34 34 34 34 34 34 34 34 34 34 13 13 13 13 13 13 13 13 13 13 13 13 13 25 25 25 25 25 25 25 25 25 25 25 25 25 25 25 25 25 25 25 25 25 25 25 25 25 17 17 17 17 17 17 17 17 17 17 17 17 17 17 17 17 17 17 17 17 17 17 17 17 17 17 17 17 17 17 17 17 23  4  4  4  4 23 23  4  4  4  4  4  4  4  4  4 23 23 23 23 
 1  1  1  1  1 31 31 31 31 31 31 31 31 31 31 31 31 31 31 11 11 11 11 11 11 11 11 11 11 11 11 11 11 11 11 11 11 11 11 11 11 11 11 11 11 11 11 11 34 34 34 34 34 34 34 34 34 34 34 34 34 34 34 34 34 13 13 13 13 13 13 13 13 13 13 13 13 13 13 13 25 25 25 25 25 25 25 25 25 25 25 25 25 25 25 25 25 25 25 25 25 25 25 25 25 25 17 17 17 17 17 17 17 17 17 17 17 17 17 17 17 17 17 17 17 17 17 17 17 17 17 17 17 17 17 17  4  4  4  4  4  4  4  4  4  4  4  4  4  4  4  4 23 23 23 23 
 1  1  1  1  1 31 31 31 31 31 31 31 31 31 31 31 31 31 31 31 31 31 11 11 11 11 11 11 11 11 11 11 11 11 11 11 11 11 11 11 11 11 11 11 11 11 11 11 34 34 34 34 34 34 34 34 34 34 34 34 34 34 34 34 34 13 13 13 13 13 13 13 13 13 13 13 13 13 25 25 25 25 25 25 25 25 25 25 25 25 25 25 25 25 25 25 25 25 25 25 25 25 25 25 25 25 17 17 17 17 17 17 17 17 17 17 17 17 17 17 17 17 17 17 17 17 17 17 17 17 17 17 17 17  4  4  4  4  4  4  4  4  4  4  4  4  4  4  4  4  4  4 23 23 23 23 
 1  1  1  1  1 31 31 31 31 31 31 31 31 31 31 31 31 31 31 31 31 31 31 11 11 11 11 11 11 11 11 11 11 11 11 11 11 11 11 11 11 11 11 11 11 11 11 11 34 34 34 34 34 34 34 34 34 34 34 34 34 34 34 13 13 13 13 13 13 13 13 13 13 13 13 13 13 13 25 25 25 25 25 25 25 25 25 25 25 25 25 25 25 25 25 25 25 25 25 25 25 25 25 25 25 25 25 25 17 17 17 17 17 17 17 17 17 17 17 17 17 17 17 17 17 17 17 17 17 17 17 17 17 17 17  4  4  4  4  4  4  4  4  4  4  4  4  4  4  4  4  4 23 23 23 23 
 1  1  1  1  1  1  1  1 31 31 31 31 31 31 31 31 31 31 31 31 31 31 31 11 11 11 11 11 11 11 11 11 11 11 11 11 11 11 11 11 11 11 11 11 11 11 11 34 34 34 34 34 34 34 34 34 34 34 34 34 34 34 13 13 13 13 13 13 13 13 13 13 13 13 13 13 13 13 25 25 25 25 25 25 25 25 25 25 25 25 25 25 25 25 25 25 25 25 25 25 25 25 25 25 25 17 17 17 17 17 17 17 17 17 17 17 17 17 17 17 17 17 35 35 17 17 17 17 17 17 17 17 17 17 17  4  4  4  4  4  4  4  4  4  4  4  4  4  4  4  4 23 23 23 23 23 
 1  1  1  1  1  1  1  1 31 31 31 31 31 31 31 31 31 31 31 31 31 31 31 31 11 11 11 11 11 11 11 11 11 11 11 11 11 11 11 11 11 11 11 11 34 34 34 34 34 34 34 34 34 34 34 34 34 34 34 34 34 13 13 13 13 13 13 13 13 13 13 13 13 13 13 13 13 13 13 25 25 25 25 25 25 25 25 25 25 25 25 25 25 25 25 25 25 25 25 25 25 25 25 25 17 17 17 17 17 17 17 17 17 17 17 17 17 17 17 17 17 17 35 35 35 17 17 35 35 17 17 17 17 17 17  4  4  4  4  4  4  4  4  4  4  4  4  4  4  4  4 23 23 23 23 23 
 1  1  1  1  1  1  1  1  1 31 31 31 31 31 31 31 31 31 31 31 31 31 31 31 31 11 11 11 11 11 11 11 11 11 11 11 11 11 11 11 11 11 11 11 34 34 34 34 34 34 34 34 34 34 34 34 34 34 34 34 13 13 13 13 13 13 13 13 13 13 13 13 13 13 13 13 13 13 13 25 25 25 25 25 25 25 25 25 25 25 25 25 25 25 25 25 25 25 25 25 25 25 25 25 17 17 17 17 17 17 17 35 17 17 17 35 35 35 17 35 35 35 35 35 35 35 17 35 35 17 17 17 17 17 17  4  4  4  4  4  4  4  4  4  4  4  4  4  4  4  4  4  4 23 23 23 
 1  1  1  1  1  1  1  1 31 31 31 31 31 31 31 31 31 31 31 31 31 31 31 31 31 11 11 11 11 11 11 11 11 11 11 11 11 11 11 11 11 11 11 11 34 34 34 34 34 34 34 34 34 34 34 34 34 34 34 13 13 13 13 13 13 13 13 13 13 13 13 13 13 13 13 13 13 13 13 25 25 25 25 25 25 25 25 25 25 25 25 25 25 25 25 25 25 25 25 25 25 25 25 25 17 17 17 17 17 17 35 35 35 35 35 35 35 35 35 35 35 35 35 35 35 35 35 35 35 17 17 35 17 17  4  4  4  4  4  4  4  4  4  4  4  4  4  4  4  4  4  4  4 23 23 23 
 1  1  1  1  1  1  1  1  1 31 31 31 31 31 31 31 31 31 31 31 31 31 31 31 31 11 11 11 11 11 11 11 11 11 11 11 11 11 11 11 11 11 11 11 34 34 34 34 34 34 34 34 34 34 34 34 34 34 34 13 13 13 13 13 13 13 13 13 13 13 13 13 13 13 13 13 13 13 25 25 25 25 25 25 25 25 25 25 25 25 25 25 25 25 25 25 25 25 25 25 25 25 17 17 17 17 17 17 17 17 35 35 35 35 35 35 35 35 35 35 35 35 35 35 35 35 35 35 35 35 35 35 17  4  4  4  4  4  4  4  4  4  4  4  4  4  4  4  4  4  4  4 23 23 23 23 
 1  1  1  1  1  1  1  1  1  1 31 31 31 31 31 31 31 31 31 31 31 31 31 31 31 31 31 31 31 31 11 11 11 11 11 11 11 11 11 11 11 11 11 34 34 34 34 34 34 34 34 34 34 34 34 34 34 34 34 13 13 13 13 13 13 13 13 13 13 13 13 13 13 13 13 13 13 13 25 25 25 25 25 25 25 25 25 25 25 25 25 25 25 25 25 25 25 25 25 25 25 25 25 17 17 17 17 17 35 35 35 35 35 35 35 35 35 35 35 35 35 35 35 35 35 35 35 35 35 35 35 35 35  4  4  4  4  4  4  4  4  4  4  4  4  4  4  4  4  4  4  4 23 23 23 23 
 1  1  1  1  1  1  1  1  1  1 31 31 31 31 31 31 31 31 31 31 31 31 31 31 31 31 31 31 31 31 31 11 11 11 11 11 11 11 11 11 11 11 11 34 34 34 34 34 34 34 34 34 34 34 34 34 34 34 34 34 13 13 13 13 13 13 13 13 13 13 13 13 13 13 13 13 13 13 25 25 25 25 25 25 25 25 25 25 25 25 25 25 25 25 25 25 25 25 25 25 25 25 17 17 17 17 35 35 35 35 35 35 35 35 35 35 35 35 35 35 35 35 35 35 35 35 35 35 35 35 35  4  4  4  4  4  4  4  4  4  4  4  4  4  4  4  4  4  4 23 23 23 23 23 23 23 
 1  1  1  1  1  1  1  1  1  1 31 31 31 31 31 31 31 31 31 31 31 31 31 31 31 31 31 31 31 31 31 31 11 11 11 11 11 11 11 11 11 11 11 34 34 34 34 34 34 34 34 34 34 34 34 34 34 34 34 34 13 13 13 13 13 13 13 13 13 13 13 13 13 13 13 13 13 13 25 26 25 25 25 25 25 25 25 25 25 25 25 25 25 25 25 25 25 25 25 25 25 25 25 17 17 17 35 35 35 35 35 35 35 35 35 35 35 35 35 35 35 35 35 35 35 35 35 35 35 35 35 35  4  4  4  4  4  4  4  4  4  4  4  4  4  4  4  4  4 23 23 23 23 23 23 23 
 1  1  1  1  1  1  1  1  1  1 31 31 31 31 31 31 31 31 31 31 31 31 31 31 31 31 31 31 31 31 31 31 11 11 11 11 11 11 11 11 11 11 34 34 34 34 34 34 34 34 34 34 34 34 34 34 34 34 34 34 13 13 13 13 13 13 13 13 13 13 13 13 13 13 13 13 13 13 26 26 26 25 25 25 25 25 25 25 25 25 25 25 25 25 25 25 25 25 25 25 25 25 17 17 17 17 17 35 35 35 35 35 35 35 35 35 35 35 35 35 35 35 35 35 35 35 35 35 35 35 35  4  4  4  4  4  4  4  4  4  4  4  4  4  4  4  4  4  4  4 23 23 23 23 23 23 
 1  1  1  1  1  1  1  1  1  1 31 31 31 31 31 31 31 31 31 31 31 31 31 31 31 31 31 31 31 15 15 15 15 15 11 11 11 11 11 11 11 11 34 34 34 34 34 34 34 34 34 34 34 34 34 34 34 34 34 34 13 13 13 13 13 13 13 13 13 13 13 13 13 13 13 13 13 13 13 26 25 25 25 25 25 25 25 25 25 25 25 25 25 25 25 25 25 25 25 25 25 25 17 17 17 17 35 35 35 35 35 35 35 35 35 35 35 35 35 35 35 35 35 35 35 35 35 35 35 35 35 35  4  4  4  4  4  4  4  4  4  4  4  4  4  4  4  4  4 23 23 23 23 23 23 23 
 1  1  1  1  1  1  1  1  1 31 31 31 31 31 31 31 31 31 31 31 31 31 31 31 31 31 31 31 31 31 31 15 15 15 15 15 15 15 11 11 34 34 34 34 34 34 34 34 34 34 34 34 34 34 34 34 34 34 34 13 13 13 13 13 13 13 13 13 13 13 13 13 13 13 13 13 13 13 13 26 26 25 25 25 25 25 25 30 30 25 25 25 25 25 25 24 24 24 24 24 25 17 17 17 17 17 35 35 35 35 35 35 35 35 35 35 35 35 35 35 35 35 35 35 35 35 35 35 35 35 35 35  4  4  4  4  4  4  4  4  4  4  4  4  4  4  4  4 23 23 23 23 23 23 23 23 
 1  1  1  1  1  1  1  1  1 31 31 31 31 31 31 31 31 31 31 31 31 31 31 31 31 31 31 31 31 31 15 15 15 15 15 15 15 15 15 34 34 34 34 34 34 34 34 34 34 34 34 34 34 34 34 34 34 32 32 13 13 13 13 13 13 13 13 13 13 13 13 13 13 13 13 13 13 13 13 26 26 26 26 26 25 25 26 26 30 30 24 24 25 25 25 25 24 24 24 24 17 17 17 17 35 35 35 35 35 35 35 35 35 35 35 35 35 35 35 35 35 35 35 35 35 35 35 35 35 35 35  4  4  4  4  4  4  4  4  4  4  4  4  4  4  4  4  4 23 23 23 23 23 23 23 23 
 1  1  1  1  1  1  1  1  1 31 31 31 31 31 31 31 31 31 31 31 31 31 31 31 31 31 31 31 31 15 15 15 15 15 15 15 15 15 15 34 34 34 34 34 34 34 34 34 34 34 34 34 34 34 34 34 32 32 13 13 13 13 13 13 13 13 13 13 13 13 13 13 13 13 13 13 13 13 13 26 26 26 26 26 26 26 26 30 30 30 24 24 24 24 24 25 24 24 24 24 17 17 17 35 35 35 35 35 35 35 35 35 35 35 35 35 35 35 35 35 35 35 35 35 35 35 35 35 35 35 35  4  4  4  4  4  4  4  4  4  4  4  4  4  4  4  4 23 23 23 23 23 23 23 23 23 
 1  1  1  1  1  1  1  1  1 31 31 31 31 31 31 31 31 31 31 31 31 31 31 31 31 31 31 31 31 15 15 15 15 15 15 15 15 15 15 15 34 34 34 34 34 34 34 34 34 34 34 34 34 34 32 32 32 32 13 13 13 13 13 13 13 13 13 13 13 13 13 13 13 13 13 13 13 13 13 26 26 26 26 26 30 30 30 30 30 30 30 30 30 24 24 24 24 24 24 24 24 24 17 35 35 24 24 24 35 35 35 35 35 35 35 35 35 35 35 35 35 35 35 35 35 35 35 35 35 35  4  4  4  4  4  4  4  4  4  4  4  4 23 23 23 23 23 23 23 23 23 23 23 23 23 23 
 1  1  1  1  1  1  1  1  1  1 31 31 31 31 31 31 31 31 31 31 31 31 31 31 31 31 31 31 31 15 15 15 15 15 15 15 15 15 15 15 15 15 34 34 34 34 34 34 34 34 34 34 34 34 34 34 32 32 13 13 13 13 13 13 13 13 13 13 13 13 13 13 13 13 13 13 13 13 13 26 26 26 26 30 30 30 30 30 30 30 30 30 30 24 24 24 24 24 24 24 24 24 24 35 35 24 24 24 24 35 35 35 35 35 35 35 35 35 35 35 35 35 35 35 35 35 35 35 35 35 35 35 35  4  4  4  4 23  4  4  4  4 23 23 23 23 23 23 23 23 23 23 23 23 23 23 
 1  1  1  1  1  1  1  1  1  1 31 31 31 31 31 31 31 31 31 31 31 31 31 31 31 31 31 31 31 15 15 15 15 15 15 15 15 15 15 15 15 15 34 15 34 34 34 34 34 34 34 34 34 34 34 34 32 32 32 32 13 13 13 13 13 13 13 13 13 13 13 13 13 13 13 13 13 13 13 26 26 26 26 30 30 30 30 30 30 30 30 30 30 30 24 24 24 24 24 24 24 24 24 24 24 24 24 24 24 24 35 35 35 35 35 35 35 35 35 35 35 35 35 35 35 35 35 35 35 35 35 35 35  4  4 23 23 23 23 23 23 23 23 23 23 23 23 23 23 10 10 23 23 23 23 23 
 1  1  1  1  1  1  1  1  1  1  1 31 31 31 31 31 31 31 31 31 31 31 31 31 31 31 31 31 31 15 15 15 15 15 15 15 15 15 15 15 15 15 15 15 34 34 34 34 34 34 34 34 34 34 34 34 32 32 32 32 13 13 13 13 13 13 13 13 13 13 13 13 13 13 13 13 13 13 26 26 26 26 26 26 30 30 30 30 30 30 30 30 30 30 30 24 24 24 24 24 24 24 24 24 24 24 24 24 24 24 24 35 35 35 35 35 35 35 35 35 35 35 35 35 35 35 35 35 35 35 35 35  4  4 23 23 23 23 23 23 23 23 23 23 23 23 23 23 23 10 10 23 23 23 23 23 
 1  1  1  1  1  1  1  1  1  1  1 31 31 31 31 31 31 31 31 31 31 31 31 31 31 31 31 15 15 15 15 15 15 15 15 15 15 15 15 15 15 15 15 15 34 34 34 34 34 34 34 34 34 34 34 34 32 32 32 32 13 13 13 13 13 13 13 13 13 13 13 13 13 13 13 13 13 13 13 13 26 26 26 26 30 30 30 30 30 30 30 30 30 30 30 24 24 24 24 24 24 24 24 24 24 24 24 24 24 24 24 24 24 24 35 35 35 35 35 35 35 35 35 35 35 35 35 35 35 35 35  4  4  4 23 23 23 23 23 23 23 23 23 23 23 23 23 23 10 10 10 10 23 23 10 10 
 1  1  1  1  1  1  1  1  1  1  1 31 31 31 31 31 31 31 31 31 31 31 31 31 31 31 31 15 15 15 15 15 15 15 15 15 15 15 15 15 15 15 15 15 15 34 34 34 34 34 34 34 34 34 34 34 32 32 32 32 32 13 13 13 13 13 13 13 13 13 13 13 13 13 13 13 13 13 13 13 13 26 26 30 30 30 30 30 30 30 30 30 30 30 30 24 24 24 24 24 24 24 24 24 24 24 24 24 24 24 24 24 24 24 35 35 35 35 35 35 35 35 35 35 35 35 35 35 35 35 35  4  4  4 23 23 23 23 23 23 23 23 23 10 10 10 10 10 10 10 10 10 10 10 10 10 
 1  1  1  1  1  1  1  1  1  1  1 31 31 31 31 31 31 31 31 31 31 31 31 31 31 31 31 31 31 15 15 15 15 15 15 15 15 15 15 15 15 15 15 15 15 15 15 15 15 34 34 34 32 32 32 32 32 32 32 32 32 13 13 13 13 13 13 13 13 13 13 13 13 13 13 13 13 13 13 13 13 26 26 30 30 30 30 30 30 30 30 30 30 30 30 24 24 24 24 24 24 24 24 24 24 24 24 24 24 24 24 24 24 24  2  2  2 35 35 35 35 35 35 35 35 35 35 35 35 35 23 23 23 23 23 23 23 23 23 23 23 23 23 10 10 10 10 10 10 10 10 10 10 10 10 10 
 1  1  1  1  1  1  1  1  1  1  1 31 31 31  1  1  1 31 31 31 31 31 31 31 31 31 31 31 31 31 15 15 15 15 15 15 15 15 15 15 15 15 15 15 15 15 15 15 15 34 34 15 15 32 32 32 32 32 32 32 32 13 13 13 13 13 13 13 13 13 13 13 13 13 13 13 13 13 13 13 26 26 30 30 30 30 30 30 30 30 30 30 30 30 30 24 24 24 24 24 24 24 24 24 24 24 24 24 24 24 24 24 24 24 24  2  2 35 35 35 35 35 35 35 35 35 35 35 35 35 35 23 23 23 10 10 10 10 23 23 10 10 23 10 10 10 10 10 10 10 10 10 10 10 10 10 
 1  1  1  1  1  1  1  1  1  1  1  1 31 31  1  1  1 31 31 31 31 31 31 31 31 31 31 31 31 15 15 15 15 15 15 15 15 15 15 15 15 15 15 15 15 15 15 15 15 15 15 15 15 15 15 15 32 32 32 32 32 13 13 13 13 13 13 13 13 13 13 13 13 13 13 13 13 13 13 26 26 26 30 30 30 30 30 30 30 30 30 30 30 30 30 24 24 24 24 24 24 24 24 24 24 24 24 24 24 24 24 24 24 24 24 24  2  2 35 35 35 35  2 35 35 35 35 35 35 35 10 10 23 10 10 10 10 10 10 10 10 10 23 10 10 10 10 10 10 10 10 10 10 10 10 10 
 1  1  1  1  1  1  1  1  1  1  1  1 31  1  1  1  1 31 31 31 31 31 31 31 31 31 15 15 15 15 15 15 15 15 15 15 15 15 15 15 15 15 15 15 15 15 15 15 15 15 15 15 15 15 15 32 32 32 32 32 32 32 13 13 13 13 13 13 13 13 13 13 13 26 26 13 13 26 26 26 26 26 30 30 30 30 30 30 30 30 30 30 30 30 30 30 24 24 24 24 24 24 24 24 24 24 24 24 24 24 24 24 24 24 24  2  2  2  2 35  2  2  2 35 35 35 35 35 35 10 10 10 10 10 10 10 10 10 10 10 10 10 10 10 10 10 10 10 10 10 10 10 10 10 10 10 
 1  1  1  1  1  1  1  1  1  1  1  1  1  1  1  1  1 16 16 31 31 31 31 31 16 16 15 15 15 15 15 15 15 15 15 15 15 15 15 15 15 15 15 15 15 15 15 15 15 15 15 15 15 15 32 32 32 32 32 32 32 13 13 13 13 13 13 13 13 13 26 26 26 26 26 26 26 26 26 26 26 26 26 30 30 30 30 30 30 30 30 30 30 30 30 30 30 24 24 24 24 24 24 24 24 24 24 24 24 24 24 24 24 24 24  2  2  2  2  2  2  2  2  2  2  2  2  2 10 10  2  2  2  2  2 10 10 10 10 10 10 10 10 10 10 10 10 10 10 10 10 10 10 10 10 10 
 1  1  1  1  1  1  1  1  1  1  1  1  1 16 16  1  1 16 16 16 16 16 16 16 16 16 16 15 15 15 15 15 15 15 15 15 15 15 15 15 15 15 15 15 15 15 15 15 15 15 15 15 15 15 32 32 32 32 32 32 32 13 13 13 13 13 13 13 13 26 26 26 26 26 26 26 26 26 26 26 26 26 26 30 30 30 30 30 30 30 30 30 30 30 30 30 30 24 24 24 24 24 24 24 24 24 24 24 24 24 24 24 24 24 24  2  2  2  2  2  2  2  2  2  2  2  2  2  2  2  2  2  2  2  2 10 10 10 10 10 10 10 10 10 10 10 10 10 10 10 10 10 10 10 10 10 
 1  1  1  1  1  1  1  1  1  1  1 16 16 16 16 16 16 16 16 16 16 16 16 16 16 16 16 16 16 16 16 15 15 15 15 15 15 15 15 15 15 15 15 15 15 15 15 15 15 15 15 15 15 32 32 32 32 32 32 32 32 32 32 13 13 13 13 13 13 26 26 26 26 26 26 26 26 26 26 26 26 26 26 30 30 30 30 30 30 30 30 30 30 30 30 30 30 30 24 24 24 24 24 24 24 24 24 24 24 24 24 24 24 24 24  2  2  2  2  2  2  2  2  2  2  2  2  2  2  2  2  2  2  2  2 10 10 10 10 10 10 10 10 10 10 10 10 10 10 10 10 10 10 10 10 10 
 1  1  1  1  1  1  1  1  1  1  1 16 16 16 16 16 16 16 16 16 16 16 16 16 16 16 16 16 16 16 16  3  3 15 15 15 15 15 15  3  3  3 15 15 15 15 15 15 15 15 15 15 15 32 32 32 32 32 32 32 32 32 32 13 13 13 13 26 26 26 26 26 26 26 26 26 26 26 26 26 26 26 26 30 30 30 30 30 30 30 30 30 30 30 30 30 30 30 24 24 24 24 24 24 24 24 24 24 24 24 24 24 24 24 24  2  2  2  2  2  2  2  2  2  2  2  2  2  2  2  2  2  2  2 10 10 10 10 10 10 10 10 10 10 10 10 10 10 10 10 10 10 10 10 10 10 
 1  1  1  1  1  1  1  1  1  1  1  1  1 16 16 16 16 16 16 16 16 16 16 16 16 16 16 16 16 16 16  3  3  3  3  3  3 15 15  3  3  3  3  3 15 15 15 15 15 15 15 15 15 32 32 32 32 32 32 32 32 32 32 32 32 26 26 26 26 26 26 26 26 26 26 26 26 26 26 26 26 26 26 30 30 30 30 30 30 30 30 30 30 30 30 30 30 30 24 24 24 24 24 24 24 24 24 24 24 24 24 24 24 24 24  2  2  2  2  2  2  2  2  2  2  2  2  2  2  2  2  2  2  2 10 10 10 10 10 10 10 10 10 10 10 10 10 10 10 10 10 10 10 10 10 10 
 1  1  1  1  1  1  1  1  1  1  1  1 16 16 16 16 16 16 16 16 16 16 16 16 16 16 16 16 16 16  3  3  3  3  3  3  3  3  3  3  3  3  3  3 15 15 15 15 15 15 15 15 15 15 15 32 32 32 32 32 32 32 32 32 26 26 26 26 26 26 26 26 26 26 26 26 26 26 26 26 26 26 30 30 30 30 30 30 30 30 30 30 30 30 30 30 30 30 24 24 24 24 24 24 24 24 24 24 24 24 24 24 24 24 24  2  2  2  2  2  2  2  2  2  2  2  2  2  2  2  2  2  2  2 10 10 10 10 10 10 10 10 10 10 10 10 10 10 10 10 10 10 10 10 10 10 
 1  1  1  1  1  1  1  1  1  1  1  1 16 16 16 16 16 16 16 16 16 16 16 16 16 16 16 16 16  3  3  3  3  3  3  3  3  3  3  3  3  3  3  3 15 15 15 15 15 15 15 15 15 15 15 32 32 32 32 32 32 32 32 32 26 26 26 26 26 26 26 26 26 26 26 26 26 26 26 26 30 30 30 30 30 30 30 30 30 30 30 30 30 30 30 30 30 30 30 24 24 24 24 24 24 24 24 24 24 24 24 24 24 24 24  2  2  2  2  2  2  2  2  2  2  2  2  2  2  2  2  2  2 10 10 10 10 10 10 10 10 10 10 10 10 10 10 10 10 10 10 10 10 10 10 10 
 1  1  1  1  1  1  1  1  1  1  1  1 16 16 16 16 16 16 16 16 16 16 16 16 16 16 16 16 16 16  3  3  3  3  3  3  3  3  3  3  3  3  3  3 15 15 15 15 15 15 15 15 15 15 32 32 32 32 32 32 32 32 32 32 32 26 26 26 26 26 26 26 26 26 26 26 26 26 26 26 30 30 30 30 30 30 30 30 30 30 30 30 30 30 30 30 30 30 30 30 24 24 24 24 24 24 24 24 24 24 24 24 24 24  2  2  2  2  2  2  2  2  2  2  2  2  2  2  2  2  2  2  2 10 10 10 10 10 10 10 10 10 10 10 10 10 10 10 10 10 10 10 10 10 10 10 
 1  1  1  1  1  1  1  1  1  1  1 16 16 16 16 16 16 16 16 16 16 16 16 16 16 16 16 16 16 16  3  3  3  3  3  3  3  3  3  3  3  3  3  3 15 15 15 15 15 15 15 15 15 15 32 32 32 32 32 32 32 32 32 32 26 26 26 26 26 26 26 26 26 26 26 26 26 26 26 30 30 30 30 30 30 30 30 30 30 30 30 30 30 30 30 30 30 30 30 30 24 24 24 24 24 24 24 24 24 24 24 24 24 24 24  2  2  2  2  2  2  2  2  2  2  2  2  2  2  2  2  2  2 10 10 10 10 10 10 10 10 10 10 10 10 10 10 10 10 22 10 10 10 10 10 10 
 1  1  1  1  1  1  1  1  1  1  1 16 16 16 16 16 16 16 16 16 16 16 16 16 16 16 16 16 16 16  3  3  3  3  3  3  3  3  3  3  3  3  3  3  3 15 15 15 15 15 15 15 15 15 32 32 32 32 32 32 32 32 32 32 26 26 26 26 26 26 26 26 26 26 26 26 26 26 26 26 26 26 30 30 30 30 30 30 30 30 30 30 30 30 30 30 30 30 24 24 24 24 24 24 24 24 24 24 24 24 24 24 24 24 24 24  2  2  2  2  2  2  2  2  2  2  2  2  2  2  2  2  2  2 10 10 10 10 10 10 10 10 10 10 10 10 22 10 22 22 10 10 10 10 10 10 
 1  1  1  1  1  1  1  1  1  1  1 16 16 16 16 16 16 16 16 16 16 16 16 16 16 16 16 16 16 16 16  3  3  3  3  3  3  3  3  3  3  3  3  3  3  3 15 15 15 15 15 15 15 15 32 32 32 32 32 32 32 32 32 26 26 26 26 26 26 26 26 26 26 26 26 26 26 26 26 26 26 26 26 30 30 30 30 30 30 30 30 30 30 30 30 30 30 30 24 24 24 24 24 24 24 24 24 24 24 24 24 24 24 24 24 24 24  2  2  2  2  2  2  2  2  2  2  2  2  2  2  2  2  2 10 10 10 22 10 10 10 10 22 22 22 22 22 22 22 22 10 10 10 10 10 10 
 1  1  1  1  1  1  1  1  1  1  1 16 16 16 16 16 16 16 16 16 16 16 16 16 16 16 16 16 16 16 16 16  3  3  3  3  3  3  3  3  3  3  3  3  3  3  3  3  3  3  3  3  3 15 32 32 32 32 32 32 32 32 32 26 26 26 26 26 26 26 26 26 26 26 26 26 26 26 26 26 26 26 30 30 30 30 30 30 30 30 30 30 30 30 30 30 30 30 30 30 30 30 24 24 24 24 24 24 24 24 24 24 24 24 24 24 24 24  2  2  2  2  2  2  2  2  2  2  2  2  2  2  2  2 10 10 22 22 22 22 10 10 22 22 22 22 22 22 22 22 22 10 10 10 22 22 
 1  1  1  1  1  1  1  1  1  1  1 16 16 16 16 16 16 16 16 16 16 16 16 16 16 16 16 16 16 16 16 16  3  3  3  3  3  3  3  3  3  3  3  3  3  3  3  3  3  3  3  3  3 32 32 32 32 32 32 32 32 32 32 26 26 26 26 26 26 26 26 26 26 26 26 26 26 26 26 26 26 26 30 30 30 30 30 30 30 30 30 30 30 30 30 30 30 30 30 30 24 24 24 24 24 24 24 24 24 24 24 24 24 24 24 24 24  2  2  2  2  2  2  2  2  2  2  2  2  2  2  2  2  2 10 22 22 22 22 22 22 22 22 22 22 22 22 22 22 22 22 22 22 22 22 22 
 1  1  1  1  1  1  1  1 16 16 16 16 16 16 16 16 16 16 16 16 16 16 16 16 16 16 16 16 16 16 16 16  3  3  3  3  3  3  3  3  3  3  3  3  3  3  3  3  3  3  3  3  3  3 32 32 32 32 32 32 32 32 26 26 26 26 26 26 26 26 26 26 26 26 26 26 26 26 26 26 30 30 30 30 30 30 30 30 30 30 30 30 30 30 30 30 30 30 24 24 24 24 24 24 24 24 24 24 24 24 24 24 24 24 24 24 24  2  2  2  2  2  2  2  2  2  2  2  2  2  2  2  2 22 22 22 22 22 22 22 22 22 22 22 22 22 22 22 22 22 22 22 22 22 22 22 
 1  1  1  1  1  1  1  1 16 16 16 16 16 16 16 16 16 16 16 16 16 16 16 16 16 16 16 16 16 16 16  3  3  3  3  3  3  3  3  3  3  3  3  3  3  3  3  3  3  3  3  3  3  3  3 32 32 32 32 32 32 32 26 26 26 26 26 26 26 26 26 26 26 26 26 26 26 26 26 30 30 30 30 30 30 30 30 30 30 30 30 30 30 30 30 30  5 30 24 24 24 24 24 24 24 24 24 24 24 24  5 24 24  5 24 24  2  2  2  2  2  2  2  2  2  2  2  2  2  2  2  2  2 22 22 22 22 22 22 22 22 22 22 22 22 22 22 22 22 22 22 22 22 22 22 22 
 1  1  1  1  1  1  1  1  1  1  1  1 16 16 16 16 16 16 16 16 16 16 16 16 16 16 16 16 16 16 16  3  3  3  3  3  3  3  3  3  3  3  3  3  3  3  3  3  3  3  3  3  3  3  3 32 32 32 32 32 32 32 26 26 26 26 26 26 26 26 26 26 26 26 26 26 26 26 26 26 30 30 30 30 30 30 30 30 30 30 30 30 30  5 30  5  5 30  5  5  5  5 24 24 24 24 24  5  5  5  5  5  5  5  5 24  2  2  2  2  2  2  2  2  2  2  2  2  2  2  2  2  2 22 22 22 22 22 22 22 22 22 22 22 22 22 22 22 22 22 22 22 22 22 22 22 
19 19  1  1  1  1  1  1  1  1  1  1  1 16 16 16 16 16 16 16 16 16 16 16 16 16 16 16 16 16 16  3  3  3  3  3  3  3  3  3  3  3  3  3  3  3  3  3  3  3  3  3  3  3 32 32 32 32 32 32 32 32 26 26 26 26 26 26 26 26 26 26 26 26 26 26 26 26 26 26 30 30 30 30 30 30 30 30 30 30 30 30  5  5 30  5  5  5  5  5  5  5  5  5  5  5  5  5  5  5  5  5  5  5  5  5  5  2  2  2  2  2  2  2  2  2  2  2  2  2  2  2  2 22 22 22 22 22 22 22 22 22 22 22 22 22 22 22 22 22 22 22 22 22 22 22 
19 19  1  1 19  1  1  1  1  1  1  1  1 16 16 16 16 16 16 16 16 16 16 16 16 16 16 16 16 16 16 16  3  3  3  3  3  3  3  3  3  3  3  3  3  3  3  3  3  3  3  3  3  3 32 32 32 32 32 32 32 26 26 26 26 26 26 26 26 26 26 26 26 26 26 26 26 26 26 26 30 30 30 30 30 30 30 30 30 30 30 30  5  5  5  5  5  5  5  5  5  5  5  5  5  5  5  5  5  5  5  5  5  5  5  5  5  2  2  2  2  2  2  2  2  2  2  2  2  2  2  2  2  2 22 22 22 22 22 22 22 22 22 22 22 22 22 22 22 22 22 22 22 22 22 22 
19 19 19 19 19 19 19 19 19  1  1  1  1  1 16 16 16 16 16 16 16 16 16 16 16 16 16 16 16 16 16  3  3  3  3  3  3  3  3  3  3  3  3  3  3  3  3  3  3  3  3 32 32 32 32 32 32 32 32 32 32 26 26 26 26 26 26 26 26 26 26 26 26 26 26 26 26 26 26 26 30 30 30 30 30 30 30 30 30  5 30  5  5  5  5  5  5  5  5  5  5  5  5  5  5  5  5  5  5  5  5  5  5  5  5  5  5  2  2  2  2  2  2  2  2  2  2  2  2  2  2  2  2  2 22 22 22 22 22 22 22 22 22 22 22 22 22 22 22 22 22 22 22 22 22 22 
19 19 19 19 19 19 19 19 19  1  1  1  1  1 16 16 16 16 16 16 16 16 16 16 16 16 16 16 16 16  3  3  3  3  3  3  3  3  3  3  3  3  3  3  3  3  3  3  3  3 32 32 32 32 32 32 32 32 32 32 32 32 32 26 32 32 26 26 32 26 26 26 26 26 26 26 26 26 26 30 30 30 30 30 30 30 30 30 30  5  5  5  5  5  5  5  5  5  5  5  5  5  5  5  5  5  5  5  5  5  5  5  5  5  5  5  5  2  2  9  9  9  9  9  9  2  2  2  2  2  2  2  2 22 22 22 22 22 22 22 22 22 22 22 22 22 22 22 22 22 22 22 22 22 22 22 
19 19 19 19 19 19 19 19 19 19 19 19  1  1  1  1  1  1 16 16 16 16 16 16 16 16 16 16 16 16 16  3  3  3  3  3  3  3  3  3  3  3  3  3  3  3  3  3  3  3 32 32 32 27 32 32 32 32 32 32 32 32 32 32 32 32 32 32 32 26 26 26 26 26 26 26 26 26 26 30 30 30 30 30 30 30 30 30 30  5  5  5  5  5  5  5  5  5  5  5  5  5  5  5  5  5  5  5  5  5  5  5  5  5  5  5  5  5  9  9  9  9  9  9  9  2  2  2  2  2  2  2  2  2 22 22  2 22 22 22 22 22 22 22 22 22 22 22 22 22 22 22 22 22 22 22 
19 19 19 19 19 19 19 19 19 19 19 19  1  1  1  1  1  1  1  1 16 16 16 16 16 16 16 16 16 16 16  3  3  3  3  3  3  3  3  3  3  3  3  3  3  3  3  3  3 32 32 32 32 27 32 32 32 32 32 27 32 32 32 32 32 32 32 32 32 26 26 26 26 26 26 26 26 26 26 30 30 30 30 30 30  5  5 30 30  5  5  5  5  5  5  5  5  5  5  5  5  5  5  5  5  5  5  5  5  5  5  5  5  5  5  5  5  5  5  9  9  9  9  9  9  9  2  2  9  9  2  2  2  2  2  2  2 22 22 22 22 22 22 22 22 22 22 22 22 22 22 22 22 22 22 22 
19 19 19 19 19 19 19 19 19 19 19 19 19 19 19 19  1  1  1 16 16 16 16 16 16 16 16 16 16 16 16  3  3  3  3  3  3  3  3  3  3  3  3  3  3  3  3 32 32 32 32 32 32 27 32 32 32 32 32 27 32 32 32 32 32 32 32 32 32 32 32 26 26 26 26 26 26 26 26 26  5  5  5  5  5  5  5  5  5  5  5  5  5  5 12 12 12  5  5  5  5  5  5  5  5  5  5  5  5  5  5  5  5  5  5  5  5  5  5  9  9  9  9  9  9  9  2  9  9  9  9  9  2  2  2  2 22 22 22 22 22 22 22 22 22 22 22 22 22 22 22 22 22 22 22 22 
19 19 19 19 19 19 19 19 19 19 19 19 19 19 19 19 19 19  1 19 16 16 16 19 16 16 16 16 16 16 16  3 16  3  3  3  3  3  3  3  3  3  3  3  3  3  3 32 32 32 32 27 27 27 32 32 32 27 27 27 27 27 32 32 32 32 32 32 32 32 32 26 26 26 26 26 26  5  5  5  5  5  5  5  5  5  5  5  5  5  5  5 12 12 12 12 12 12  5  5  5  5  5  5  5  5  5  5  5  5  5  5  5  5  5  5  5  9  9  9  9  9  9  9  9  9  9  9  9  9  9  9  2  9  2  2 22 22 22 22 22 22 22 22 22 22 22 22 22 22 22 22 22 22 22 22 
19 19 19 19 19 19 19 19 19 19 19 19 19 19 19 19 19 19 19 19 19 19 19 19 19 19 19 16 16 16 16 16 16  3  3  3  3  3  3  3  3  3  3  3  3 32 32 32 27 27 32 27 27 27 27 27 27 27 27 27 27 27 27 27 32 32 32 32 32 32 32 26 32 26 26 26 26  5  5  5  5  5  5  5  5  5  5  5  5  5  5  5 12 12 12 12 12 12  5 12 12 12  5  5  5  5  5  5  5  5  5  5  5  5  5  9  9  9  9  9  9  9  9  9  9  9  9  9  9  9  9  9  9  9  9  2  2 22 22 22 22 22 22 22 22 22 22 22 22 22 22 22 22 22 22 22 
19 19 19 19 19 19 19 19 19 19 19 19 19 19 19 19 19 19 19 19 19 19 19 19 19 19 19 16 19 19 16 16 16  3  3  3  3  3  3  3  3  3  3  3  3 32 32 32 27 27 27 27 27 27 27 27 27 27 27 27 27 27 27 27 27 32 32 32 32 32 32 32 32 32 26 26 26  5  5  5  5  5  5  5  5  5  5  5  5  5  5  5 12 12 12 12 12 12 12 12 12 12 12  5  5  5  5  5  5  5  5  5  5  5  5  9  9  9  9  9  9  9  9  9  9  9  9  9  9  9  9  9  9  9  2  2  2 22 22 22 22 22 22 22 22 22 22 22 22 22 22 22 22 22 22 22 
19 19 19 19 19 19 19 19 19 19 19 19 19 19 19 19 19 19 19 19 19 19 19 19 19 19 19 19 19 19 19 19  3  3  3  3  3  3  3  3  3  3 27 27 27 32 32 32 27 27 27 27 27 27 27 27 27 27 27 27 27 27 27 27 27 32 32 32 32 32 32 32 32 32 26 26 26  5  5  5  5  5  5  5  5  5  5  5  5  5  5  5 12 12 12 12 12 12 12 12 12 12 12  5  5  5  5  5  5  5  5  5  5  5  9  9  9  9  9  9  9  9  9  9  9  9  9  9  9  9  9  9  9  9  9  2  2 22 22 22 22 22 22 22 22 22 22 22 22 22 22 22 22 22 22 22 
19 19 19 19 19 19 19 19 19 19 19 19 19 19 19 19 19 19 19 19 19 19 19 19 19 19 19 19 19 19 19 19 37 37  3  3  3  3  3  3  3  3 27 27 27 27 27 27 27 27 27 27 27 27 27 27 27 27 27 27 27 27 27 27 27 32 32 32 32 32 32 32 32 32 32 26 26  5  5  5  5  5  5  5  5  5  5  5  5  5  5  5 12 12 12 12 12 12 12 12 12 12 12  5  5  5  5  5  5  5  5  5  5  5  5  9  9  9  9  9  9  9  9  9  9  9  9  9  9  9  9  9  9  9  9  9  9  9 22 22 22 22 22 22 22 22 22 22 22 22 22 22 22 22 22 22 
19 19 19 19 19 19 19 19 19 19 19 19 19 19 19 19 19 19 19 19 19 19 19 19 19 19 37 19 19 37 19 19 37 37 37  3  3  3  3  3  3 27 27 27 27 27 27 27 27 27 27 27 27 27 27 27 27 27 27 27 27 27 27 27 27 27 32 32 32 32 32 32 32 32 32 26  5  5  5  5  5  5  5  5  5  5  5  5 12 12 12 12 12 12 12 12 12 12 12 12 12 12 12 12  5  5  5  5  5  5  5  5  5  5  5  9  9  9  9  9  9  9  9  9  9  9  9  9  9  9  9  9  9  9  9  9  9  9  9 22 22 22 22 22 22 22 22 22 22 22 22 22 22 22 22 22 
19 19 19 19 19 19 19 19 19 19 19 19 19 19 19 19 19 19 19 19 19 19 19 19 19 19 37 37 37 37 37 37 37 37 37 37  3 27  3  3 27 27 27 27 27 27 27 27 27 27 27 27 27 27 27 27 27 27 27 27 27 27 27 27 27 27 32 32 32 32 32 32 32 32 32 26  5  5  5  5  5  5  5  5  5  5  5  5 12 12 12 12 12 12 12 12 12 12 12 12 12 12 12 12 12 12 12 12  5  5  5  5  9  9  9  9  9  9  9  9  9  9  9  9  9  9  9  9  9  9  9  9  9  9  9  9  9  9  9  9 22 22 22 22 22 22 22 22 22 22 22 22 22 22 22 22 
19 19 19 19 19 19 19 19 19 19 19 19 19 19 19 19 19 19 19 19 19 37 37 37 37 37 37 37 37 37 37 37 37 37 37 37 37 27  3 27 27 27 27 27 27 27 27 27 27 27 27 27 27 27 27 27 27 27 27 27 27 27 27 27 27 27 32 32 32 32 32 32 32 32 26 26  5  5  5  5  5  5  5  5  5  5  5  5 12 12 12 12 12 12 12 12 12 12 12 12 12 12 12 12 12 12 12 12 12  5  5  5  9  9  9  9  9  9  9  9  9  9  9  9  9  9  9  9  9  9  9  9  9  9  9  9  9  9  9  9  9 22 22 22 22 22 22 22 22 22 22 22 22 22 22 22 
19 19 19 19 19 19 19 19 19 19 19 19 19 19 19 19 19 37 19 19 37 37 37 37 37 37 37 37 37 37 37 37 37 37 37 37 27 27 27 27 27 27 27 27 27 27 27 27 27 27 27 27 27 27 27 27 27 27 27 27 27 27 27 27 27 27 32 32 32 32 32 32 32 32 26 26  5  5  5  5  5  5  5  5  5 12 12 12 12 12 12 12 12 12 12 12 12 12 12 12 12 12 12 12 12 12 12 12 12  9  9  9  9  9  9  9  9  9  9  9  9  9  9  9  9  9  9  9  9  9  9  9  9  9  9  9  9  9  9  9  9 22 22 22 22 22 22 22 22 22 22 22 22 22 22 22 
19 19 19 19 19 19 19 19 19 19 19 19 19 19 19 19 37 37 37 37 37 37 37 37 37 37 37 37 37 37 37 37 37 37 37 37 27 27 27 27 27 27 27 27 27 27 27 27 27 27 27 27 27 27 27 27 27 27 27 27 27 27 27 27 27 27 27 32 32 32 32 32 32 32 32 26 26  5  5  5  5  5  5  5 12 12 12 12 12 12 12 12 12 12 12 12 12 12 12 12 12 12 12 12 12 12 12 12  9  9  9  9  9  9  9  9  9  9  9  9  9  9  9  9  9  9  9  6  6  9  9  9  9  9  9  9  9  9  9  9  9 22 22 22 22 22 22 22 22 22 22 22 22 22 22 22 
19 19 19 19 19 19 19 19 19 19 19 19 19 19 19 37 37 37 37 37 37 37 37 37 37 37 37 37 37 37 37 37 37 37 37 37 37 27 27 27 27 27 27 27 27 27 27 27 27 27 27 27 27 27 27 27 27 27 27 27 27 27 27 27 27 27 27 32 32 32 32 32 32 32 32 26 32  5  5  5  5  5  5  5  5 12 12 12 12 12 12 12 12 12 12 12 12 12 12 12 12 12 12 12 12 12 12 12  9  9  9  9  9  9  9  9  9  9  9  9  9  9  9  9  9  6  6  6  6  6  6  6  6  9  9  9  9  9  9  9  9 22 22 22 22 22 22 22 22 22 22 22 22 22 22 22 
19 19 19 19 19 19 19 19 19 19 19 19 19 19 19 37 37 37 37 37 37 37 37 37 37 37 37 37 37 37 37 37 37 37 37 37 27 27 27 27 27 27 27 27 27 27 27 27 27 27 27 27 27 27 27 27 27 27 27 27 27 27 27 27 27 27  8 32 32 32 32 32 32 32 32 32 32 32  5  5  5  5  5  5 12 12 12 12 12 12 12 12 12 12 12 12 12 12 12 12 12 12 12 12 12 12 12 12  9  9  9  9  9  9  9  9  9  9  9  9  9  9  9  6  6  6  6  6  6  6  6  6  6  9  9  9  9  9  9  9  9 22 22 22 22 22 22 22 22 22 22 22 22 22 22 22 
19 19 19 19 19 19 19 19 19 19 37 37 37 37 37 37 37 37 37 37 37 37 37 37 37 37 37 37 37 37 37 37 37 37 37 37 37 27 27 27 27 27 27 27 27 27 27 27 27 27 27 27 27 27 27 27 27 27 27 27 27  8 27 27 27  8  8  8 32 32 32 32 32 32 32 32 32 32  5  5  5  5  5 12 12 12 12 12 12 12 12 12 12 12 12 12 12 12 12 12 12 12 12 12 12 12 12 12 12 12  9  9  9  9  9  9  9  9  9  9  9  9  6  6  6  6  6  6  6  6  6  6  6  9  6  6  6  6  9  9  9  9 22 22 22 22 22 22 22 22 22 22 22 22 22 22 
19 19 19 19 19 19 19 19 19 19 37 37 37 37 37 37 37 37 37 37 37 37 37 37 37 37 37 37 37 37 37 37 37 37 37 37 37 27 27 28 27 27 27 27 27 27 27 27 27 27 27 27 27 27 27 27 27 27 27  8  8  8  8  8  8  8  8  8  8 32 32 32 32 32 32 32 32 32  5  5  5  5  5  5  5 12 12 12 12 12 12 12 12 12 12 12 12 12 12 12 12 12 12 12 12 12 12 12 12  9  9  9  9  9  9  9  9  9  9  9  9  9  6  6  6  6  6  6  6  6  6  6  6  6  6  6  6  6  9  9  9  9  9 22 22 22 22 22 22 22 22 22 22 22 22 22 
19 19 19 19 19 19 19 19 19 37 37 37 37 37 37 37 37 37 37 37 37 37 37 37 37 37 37 37 37 37 37 37 37 37 37 37 37 28 27 28 27 27 27 27 27 27 27 27 27 27 27 27 27 27 27 27 27  8  8  8  8  8  8  8  8  8  8  8  8  8 32 32 32 32 32 32 32 32 32  5  5  5  5  5  5 12 12 12 12 12 12 12 12 12 12 12 12 12 12 12 12 12 12 12 12 12 12 12  9  9  9  9  9  9  9  9  9  9  9  9  9  6  6  6  6  6  6  6  6  6  6  6  6  6  6  6  6  6  6  9  9  9  9 22 22 22 22 22 22 22 22 22 22 22 22 22 
19 19 19 19 19 19 19 19 19 37 37 37 37 37 37 37 37 37 37 37 37 37 37 37 37 37 37 37 37 37 37 37 37 37 37 28 28 28 28 28 27 27 27 27 27 27 27 27 27 27 27 27 27 27 27  8  8  8  8  8  8  8  8  8  8  8  8  8  8  8  8 32 32 32 32 32 32 32 32  5  5  5 12 12 12 12 12 12 12 12 12 12 12 12 12 12 12 12 12 12 12 12 12 12 12 12 12  9  9  9  9  9  9  9  9  9  9  9  9  9  9  6  6  6  6  6  6  6  6  6  6  6  6  6  6  6  6  6  6  9  9  9  9  9 22 22 22 22 22 22 22 22 22 22 22 22 
19 19 19 19 19 19 19 19 19 37 37 37 37 37 37 37 37 37 37 37 37 37 37 37 37 37 37 37 37 37 37 37 28 37 28 28 28 28 28 27 27 27 27 27 27 27 27 27 27 27 27 27  8  8  8  8  8  8  8  8  8  8  8  8  8  8  8  8  8  8  8  8  8 32 32 32 32 32  5  5  5 12 12 12 12 12 12 12 12 12 12 12 12 12 12 12 12 12 12 12 12 12 12 12 12 12 12 12  9  9  9  9  9  9  9  9  9  9  9  9  9  6  6  6  6  6  6  6  6  6  6  6  6  6  6  6  6  6  6  6  6  9  9  9 22 22 22 22 22 22 22 22 22 22 22 22 
19 19 19 19 19 19 19 19 37 37 37 37 37 37 37 37 37 37 37 37 37 37 37 37 37 37 37 37 37 37 37 28 28 28 28 28 28 28 28 27 27 27 27 27 27 27 27 27 27 27 27 27  8  8  8  8  8  8  8  8  8  8  8  8  8  8  8  8  8  8  8  8  8 32 32 32  5  5  5  5 12 12 12 12 12 12 12 12 12 12 12 12 12 12 12 12 12 12 12 12 12 12 12 12 12 12 12  9  9  9  9  9  9  9  9  9  9  9  9  9  9  6  6  6  6  6  6  6  6  6  6  6  6  6  6  6  6  6  6  6  6  6  9  9 22 22 22 22 22 22 22 22 22 22 22 22 
19 19 19 19 19 19 37 37 37 37 37 37 37 37 37 37 37 37 37 37 37 37 37 37 37 37 37 28 28 37 37 28 28 28 28 28 28 28 28 28 27 27 27 27 27 27 27 27  8  8  8  8  8  8  8  8  8  8  8  8  8  8  8  8  8  8  8  8  8  8  8  8  8  8 32 32  5  5  5  5 12 12 12 12 12 12 12 12 12 12 12 12 12 12 12 12 12 12 12 12 12 12 12 12 12 12 12  9  9  9  9  9  9  9  9  9  9  9  9  6  9  6  6  6  6  6  6  6  6  6  6  6  6  6  6  6  6  6  6  6  6  6  9  9 22 22 22 22 22 22 22 22 22 22 22 22 
19 19 19 19 37 37 37 37 37 37 37 37 37 37 37 37 37 37 37 37 37 37 37 37 37 28 28 28 28 28 28 28 28 28 28 28 28 28 28 28 28 28 28 28 28 27 27 27  8  8  8  8  8  8  8  8  8  8  8  8  8  8  8  8  8  8  8  8  8  8  8  8  8  8 32 32 32  5  5  5  5  5 12 12 12 12 12 12 12 12 12 12 12 12 12 12 12 12 12 12 12 12 12 12 12 12  9  9  9  9  9  9  9  9  9  9  9  9  9  6  6  6  6  6  6  6  6  6  6  6  6  6  6  6  6  6  6  6  6  6  6  6 22 22 22 22 22 22 22 22 22 22 22 22 22 22 
19 19 19 19 37 37 37 37 37 37 37 37 37 37 37 37 37 37 37 37 37 37 37 37 37 28 28 28 28 28 28 28 28 28 28 28 28 28 28 28 28 28 28 28 28 28 27 27  8  8  8  8  8  8  8  8  8  8  8  8  8  8  8  8  8  8  8  8  8  8  8  8  8  8  8 32 32 32 32 32  5  5  5 12 12 12 12 12 12 12 12 12 12 12 12 12 12 12 12 12 12 12 12 12 12 12  9  9  9  9  9  9  9  9  6  6  6  9  9  6  6  6  6  6  6  6  6  6  6  6  6  6  6  6  6  6  6  6  6  6  6  6 22 22 22 22 22 22 22 22 22 22 22 22 22 22 
19 19 19 19 37 37 37 37 37 37 37 37 37 37 37 37 37 37 37 37 37 37 37 37 37 28 28 28 28 28 28 28 28 28 28 28 28 28 28 28 28 28 28 28 28 28 27  8  8  8  8  8  8  8  8  8  8  8  8  8  8  8  8  8  8  8  8  8  8  8  8  8  8  8  8 32 32 32 32 32  5  5  5  5 12 12 12 12 12 12 12 12 12 12 12 12 12 12 12 12 12 12 12 12 12 12  9  9  9  9  9  9  9  6  6  6  6  6  6  6  6  6  6  6  6  6  6  6  6  6  6  6  6  6  6  6  6  6  6  6  6  6 22 22 22 22 22 22 22 22 22 22 22 22 22 22 
14 14 14 19 19 37 37 37 37 37 37 37 37 37 37 37 37 37 37 37 37 37 37 37 37 28 28 28 28 28 28 28 28 28 28 28 28 28 28 28 28 28 28 28 28 28 28  8  8  8  8  8  8  8  8  8  8  8  8  8  8  8  8  8  8  8  8  8  8  8  8  8  8  8  8 32 32 32 32 32  5  5  5  5 12 12 12 12 12 12 12 12 12 12 12 12 12 12 12 12 12 12 12 12  9  9  9  9  9  9  9  9  6  6  6  6  6  6  6  6  6  6  6  6  6  6  6  6  6  6  6  6  6  6  6  6  6  6  6  6  6 22 22 22 22 22 22 22 22 22 22 22 22 22 22 22 
14 14 14 14 14 14 14 14 14 14 37 37 37 37 37 37 37 37 37 37 37 37 37 37 37 28 28 28 28 28 28 28 28 28 28 28 28 28 28 28 28 28 28 28 28 28  8  8  8  8  8  8  8  8  8  8  8  8  8  8  8  8  8  8  8  8  8  8  8  8  8  8  8 36 36 32 32 32  5  5  5  5  5  5  5 12 12 12 12 12 12 12 12 12 12 12 12 12 12 12 12 12 12 12  9  9  9  9  9  9  9  9  6  6  6  6  6  6  6  6  6  6  6  6  6  6  6  6  6  6  6  6  6  6  6  6  6  6  6  6  6 22 22 22 22 22 22 22 22 22 22 22 22 22 22 22 
14 14 14 14 14 14 14 14 14 14 37 37 37 37 37 37 37 37 37 37 37 37 28 28 28 28 28 28 28 28 28 28 28 28 28 28 28 28 28 28 28 28 28 28 28 28  8  8  8  8  8  8  8  8  8  8  8  8  8  8  8  8  8  8  8  8  8  8  8  8  8  8 36 36 32 32 32 32  5  5  5  5  5  5  5 12 12 12 12 12 12 12 12 12 12 12 12 12 12 12 12 12 12 12  9  9  9  9  9  9  9  9  6  6  6  6  6  6  6  6  6  6  6  6  6  6  6  6  6  6  6  6  6  6  6  6  6  6  6  6  6 22 22 22 22 22 22 22 22 22 22 22 22 22 22 22 
14 14 14 14 14 14 14 14 14 14 14 37 14 37 37 37 37 37 37 37 37 28 28 28 28 28 28 28 28 28 28 28 28 28 28 28 28 28 28 28 28 28 28 28 28 28 28  8  8  8  8  8  8  8  8  8  8  8  8  8  8  8  8  8  8  8  8  8  8  8 36 36 36 36 36 32 32 32 32  5  5  5  5  5  5 12 12 12 12 12 12 12 12 12 12 12 12 12 12 12 12 12 12 12  9  9  9  9  9  9  9  9  6  6  6  6  6  6  6  6  6  6  6  6  6  6  6  6  6  6  6  6  6  6  6  6  6  6  6  6 22 22 22 22 22 22 22 22 22 22 22 22 22 22 22 22 
14 14 14 14 14 14 14 14 14 14 14 14 14 37 37 37 37 37 37 37 37 28 28 28 28 28 28 28 28 28 28 28 28 28 28 28 28 28 28 28 28 28 28 28 28 28 28  8  8  8  8  8  8  8  8  8  8  8  8  8  8  8  8  8  8  8  8  8  8 36 36 36 36 36 36 32 32 32 32 32  5  5  5  5  5 12 12 12 12 12 12 12 12 12 12 12 12  9 12  9 12 12 12 12 12  9  9  9  9  9  9  9  9  6  6  6  6  6  6  6  6  6  6  6  6  6  6  6  6  6  6  6  6  6  6  6  6  6  6  6 22  6 22 22 22 22 22 22 22 22 22 22 22 22 22 22 
14 14 14 14 14 14 14 14 14 14 14 14 14 14 14 14 14 37 37 28 28 28 28 28 28 28 28 28 28 28 28 28 28 28 28 28 28 28 28 28 28 28 28 28 28 28 28 28  8  8  8  8  8  8  8  8  8  8  8  8  8  8  8  8  8  8 36  8 36 36 36 36 36 36 36 36 36 32 32 32  5  5  5  5 12 12 12 12 12 12 12 12 12 12 12 12  9  9  9  9  9 12 12 12  9  9  9  9  9  9  6  6  6  6  6  6  6  6  6  6  6  6  6  6  6  6  6  6  6  6  6  6  6  6  6  6  6  6  6  6  6  6  6  6 22 22 22 22 22 22 22 22 22 22 22 22 
14 14 14 14 14 14 14 14 14 14 14 14 14 14 14 37 37 37 28 28 28 28 28 28 28 28 28 28 28 28 28 28 28 28 28 28 28 28 28 28 28 28 28 28 28 28 28  8  8  8  8  8  8  8  8  8  8  8  8  8  8  8  8  8  8  8 36 36 36 36 36 36 36 36 36 36 36 32 32 32 32 32  5  5  5 12 12 12 12 12 12 12 12 12 12 12 12  9  9  9  9  9  9  9  9  9  9  9  9  6  6  6  6  6  6  6  6  6  6  6  6  6  6  6  6  6  6  6  6  6  6  6  6  6  6  6  6  6  6  6  6  6  6  6  6 22 22 22 22 22 22 22 22 22 22 22 
14 14 14 14 14 14 14 14 14 14 14 14 14 14 14 14 14 37 37 28 28 28 28 28 28 28 28 28 28 28 28 28 28 28 28 28 28 28 28 28 28 28 28 28 28 28 28  8  8  8  8  8  8  8  8  8  8  8  8  8  8  8  8  8  8  8 36 36 36 36 36 36 36 36 36 36 32 32 32 32 32 32  5  5  5  5 12 12 12 12 12  5 12 12 12 12  9  9  9  9  9  9  9  9  9  9  9  9  6  6  6  6  6  6  6  6  6  6  6  6  6  6  6  6  6  6  6  6  6  6  6  6  6  6  6  6  6  6  6  6  6  6  6  6  6 22 22 22 22 22 22 22 22 22 22 22 
14 14 14 14 14 14 14 14 14 14 14 14 14 14 14 14 14 14 37 28 28 28 28 28 28 28 28 28 28 28 28 28 28 28 28 28 28 28 28 28 28 28 28 28 28 28 28  8  8  8  8  8  8  8  8  8  8  8  8  8  8  8 36 36 36 36 36 36 36 36 36 36 36 36 36 36 36 36 36 32 32 32 32  5  5  5  5  5 12 12  5  5  5 12 12  9  9  9  9  9  9  9  9  9  9  9  9  9  6  6  6  6  6  6  6  6  6  6  6  6  6  6  6  6  6  6  6  6  6  6  6  6  6  6  6  6  6  6  6  6  6  6  6  6  6  6 22 22 22 22 22 22 22 22 22 22 
14 14 14 14 14 14 14 14 14 14 14 14 14 14 14 14 14 14 14 28 28 28 28 28 28 28 28 28 28 28 28 28 28 28 28 28 28 28 28 28 28 28 28 28 28 28  8  8  8  8  8  8  8  8  8  8  8  8  8  8  8 36 36 36 36 36 36 36 36 36 36 36 36 36 36 36 36 36 36 32 32 32 32  5  5  5  5  5  5  5  5  5  5  5  5  9  9  9  9  9  9  9  9  9  9  9  9  9  9  9  6 29  6  6  6  6  6  6  6  6  6  6  6  6  6  6  6  6  6  6  6  6  6  6  6  6  6  6  6  6  6  6  6  6  6  6  6 22 22 22 22 22 22 22 22 22 
14 14 14 14 14 14 14 14 14 14 14 14 14 14 14 14 14 14 14 14 28 28 28 28 28 28 28 28 28 28 28 28 28 28 28 28 28 28 28 28 28 28 28 28 28 28  8  8  8  8  8  8  8  8  8  8  8  8  8  8  8 36 36 36 36 36 36 36 36 36 36 36 36 36 36 36 36 36 36 32 32 32 32 32  5  5  5  5  5  5  5  5  5  5  5  5  9  9  9  9  9  9  9  9  9  9 29 29 29  9  9 29  6  6 29 29 29  6  6  6  6  6  6  6  6  6  6  6  6  6  6  6  6  6  6  6  6  6  6  6  6  6  6  6  6  6 22 22 22 22 22 22 22 22 22 22 
14 14 14 14 14 14 14 14 14 14 14 14 14 14 14 14 14 14 14 14 28 28 28 28 28 28 28 28 28 28 28 28 28 28 28 28 28 28 28 28 28 28 28 28 28 28  8  8  8  8  8  8  8  8  8  8  8  8  8  8  8 36 36 36 36 36 36 36 36 36 36 36 36 36 36 36 36 36 36 36 36 36 32 32 32 32 32 32 32  5  5  5  5  5  5  5  5  5  9  9  9  9  9  9  9  9 29 29 29 29 29 29  6 29 29 29 29 29 29  6  6  6  6  6 29  6  6  6  6  6  6  6  6  6  6  6  6  6  6  6  6  6  6  6  6  6  6  6 22 22 22 22 22 22 22 22 
14 14 14 14 14 14 14 14 14 14 14 14 14 14 14 14 14 14 14 14 28 28 28 28 28 28 28 28 28 28 28 28 28 28 28 28 28 28 28 28 28 28 28 28  8  8  8  8  8  8  8  8  8  8  8  8  8  8 36 36 36 36 36 36 36 36 36 36 36 36 36 36 36 36 36 36 36 36 36 36 36 32 32 32 32 32 32 32 32  5  5  5  5  5  5  5  5  9  9  9  9  9  9  9  9  9 29 29 29 29 29 29 29 29 29 29 29 29 29 29 29  6  6  6 29 29  6  6  6  6  6  6  6  6  6  6  6  6  6  6  6  6  6  6  6  6  6  6 22 22 22 22 22 22 22 22 
14 14 14 14 14 14 14 14 14 14 14 14 14 14 14 14 14 14 14 14 28 28 28 28 28 28 28 28 28 28 28 28 28 28 28 28 28 28 28 28 28 28 28 28  8  8  8  8  8  8  8  8  8  8  8  8  8 36 36 36 36 36 36 36 36 36 36 36 36 36 36 36 36 36 36 36 36 36 36 36 36 32 32 32 32 32 32 32 32  5  5  5  5  5  5  5  5  9  9  9  9  9  9 39 39 29 29 29 29 29 29 29 29 29 29 29 29 29 29 29 29 29  6 29 29 29 29 29  6  6  6  6  6  6  6  6  6  6  6  6  6  6  6  6  6  6  6  6  6 22 22 22 22 22 22 22 
14 14 14 14 14 14 14 14 14 14 14 14 14 14 14 14 14 14 14 14 28 28 28 28 28 28 28 28 28 28 28 28 28 28 28 28 28 28 28 28 28 28 28 28  8  8  8  8  8  8  8  8  8  8  8  8  8 36 36 36 36 36 36 36 36 36 36 36 36 36 36 36 36 36 36 36 36 36 36 36 32 32 32 32 32 32 32 32 32  5  5  5  5  5  5  5  5  5  9 39  9  9  9 39 39 29 29 29 29 29 29 29 29 29 29 29 29 29 29 29 29 29 29 29 29 29 29 29 29  6 29  6  6  6  6  6  6  6  6  6  6  6  6  6  6  6  6  6  6  6  6 22 22 22 22 22 
14 14 14 14 14 14 14 14 14 14 14 14 14 14 14 14 14 14 14 14 28 28 28 28 28 28 28 28 28 28 28 28 28 28 28 28 28 28 28 28 28  8  8  8  8  8  8  8  8  8  8  8  8  8  8  8  8 36 36 36 36 36 36 36 36 36 36 36 36 36 36 36 36 36 36 36 36 36 36 36 36 32 32 32 32 32 32 32 32 32  5  5  5  5  5  5  5  5 39 39  9  9  9 39 39 29 29 29 29 29 29 29 29 29 29 29 29 29 29 29 29 29 29 29 29 29 29 29 29 29 29 29 29  6  6  6  6  6  6  6  6  6  6  6  6  6  6  6  6  6  6 22 22 22 22 22 
14 14 14 14 14 14 14 14 14 14 14 14 14 14 14 14 14 14 14 28 28 28 28 28 28 28 28 28 28 28 28 28 28 28 28 28 28 28 28 28 28  8  8  8  8  8  8  8  8  8  8  8  8  8  8  8  8 36 36 36 36 36 36 36 36 36 36 36 36 36 36 36 36 36 36 36 36 36 36 36 36 36 32 32 32 32 32 32 32 32 32  5  5  5  5  5  5  5 39 39 39 39  9 39 39 29 29 29 29 29 29 29 29 29 29 29 29 29 29 29 29 29 29 29 29 29 29 29 29 29 29 29 29  6  6  6  6  6  6  6  6  6  6  6  6  6  6  6  6  6  6 22 22 22 22 22 
14 14 14 14 14 14 14 14 14 14 14 14 14 14 14 14 14 14 14 28 28 28 28 28 28 28 28 28 28 28 28 28 28 28 28 28 28 28 28 28  8  8  8  8  8  8  8  8  8  8  8  8  8  8  8  8  8 36 36 36 36 36 36 36 36 36 36 36 36 36 36 36 36 36 36 36 36 36 36 36 36 36 36 32 32 32 32 32 32 32 32  5  5  5  5  5 39 39 39 39 39 39 39 39 39 39 39 29 29 29 29 29 29 29 29 29 29 29 29 29 29 29 29 29 29 29 29 29 29 29 29 29 29 29  6  6  6  6  6  6  6  6  6  6  6  6  6  6  6  6  6 22 22 22 22 22 
14 14 14 14 14 14 14 14 14 14 14 14 14 14 14 14 14 14 14 28 28 28 28 28 28 28 28 28 28 28 28 28 28 28 28 28 28 28  8  8  8  8  8  8  8  8  8  8  8  8  8  8  8  8  8  8 36 36 36 36 36 36 36 36 36 36 36 36 36 36 36 36 36 36 36 36 36 36 36 36 36 36 36 32 32 32 32 32 32 32 32  5  5  5  5  5 39 39 39 39 39 39 39 39 39 39 39 39 39 29 29 29 29 29 29 29 29 29 29 29 29 29 29 29 29 29 29 29 29 29 29 29 29 29 29  6  6  6  6  6  6  6  6  6  6  6  6  6  6  6  6  6 22 22 22 22 
14 14 14 14 14 14 14 14 14 14 14 14 14 14 14 14 14 14 14 14 28 28 28 28 28 28 28 28 28 28 28 28 28 28 28 28 28 28  8  8  8  8  8  8  8  8  8  8  8  8  8  8  8  8 36 36 36 36 36 36 36 36 36 36 36 36 36 36 36 36 36 36 36 36 36 36 36 36 36 36 36 36 36 32 32 32 32 32 32 32 32  5  5  5  5 39 39 39 39 39 39 39 39 39 39 39 39 39 39 39 39 29 29 29 29 29 29 29 29 29 29 29 29 29 29 29 29 29 29 29 29 29 29 29 29 29 29 29 29 29 29  6  6  6  6  6  6  6  6  6  6 22 22 22 22 22 
14 14 14 14 14 14 14 14 14 14 14 14 14 14 14 14 14 14 14 14 28 28 28 28 28 28 28 28 28 28 28 28 28 28 28 28 28 28  8  8  8  8  8  8  8  8  8  8  8  8  8  8  8  8 36 36 36 36 36 36 36 36 36 36 36 36 36 36 36 36 36 36 36 36 36 36 36 36 36 36 36 36 32 32 32 32 32 32 32 32 32  5  5  5  5 39 39 39 39 39 39 39 39 39 39 39 39 39 39 39 39 29 29 29 29 29 29 29 29 29 29 29 29 29 29 29 29 29 29 29 29 29 29 29 29 29 29 29 29 29 29  6 29 29  6  6  6  6  6  6  6 22 22 22 22 22 
14 14 14 14 14 14 14 14 14 14 14 14 14 14 14 14 14 14 14 14 28 28 28 28 28 28 28 28 28 28 28 28 28 28 28 28 28 28 28 28  8  8  8  8  8  8  8  8  8  8  8  8  8  8 36 36 36 36 36 36 36 36 36 36 36 36 36 36 36 36 36 36 36 36 36 36 36 36 36 36 36 32 32 32 32 32 32 32 32 32  5  5  5  5  5 39 39 39 39 39 39 39 39 39 39 39 39 39 39 39 39 29 29 29 29 29 29 29 29 29 29 29 29 29 29 29 29 29 29 29 29 29 29 29 29 29 29 29 29 29 29 29 29 29  6  6  6  6  6  6  6  6 22 22 22 22 
14 14 14 14 14 14 14 14 14 14 14 14 14 14 14 14 14 14 14 14 14 14 28 28 28 28 28 28 28 28 28 28 28 28 28 28 28 28 28 28 28  8  8  8  8  8  8  8  8  8  8  8  8  8 36 36 36 36 36 36 36 36 36 36 36 36 36 36 36 36 36 36 36 36 36 36 36 36 36 36 36 32 32 32 32 32 32 32 32 32  5  5  5  5  5 39 39 39 39 39 39 39 39 39 39 39 39 39 39 39 39 29 29 29 29 29 29 29 29 29 29 29 29 29 29 29 29 29 29 29 29 29 29 29 29 29 29 29 29 29 29 29 29 29  6  6  6  6  6  6  6  6 22 22 22 22 
14 14 14 14 14 14 14 14 14 14 14 14 14 14 14 14 14 14 14 14 14 14 28 28 28 28 28 28 14 14 28 28 28 28 28 28 28 28 28 28 28 28 28  8  8  8  8  8  8  8  8  8  8  8 36 36 36 36 36 36 36 36 36 36 36 36 36 36 36 36 36 36 36 36 36 36 36 36 36 36 36 36 36 32 32 32 32 32 32 32  5  5 39  5  5  5 39 39 39 39 39 39 39 39 39 39 39 39 39 39 29 29 29 29 29 29 29 29 29 29 29 29 29 29 29 29 29 29 29 29 29 29 29 29 29 29 29 29 29 29 29 29 29 29 29  6  6  6  6  6  6  6  6 22 22 22 
14 14 14 14 14 14 14 14 14 14 14 14 14 14 14 14 14 14 14 14 14 14 28 28 28 28 28 28 14 28 28 28 28 28 28 28 28 28 28 28 28  8  8  8  8  8  8  8  8  8  8  8  8  8 36 36 36 36 36 36 36 36 36 36 36 36 36 36 36 36 36 36 36 36 36 36 36 36 36 36 36 36 36 32 32 32 32 32 32 32  5  5 39 39 39 39 39 39 39 39 39 39 39 39 39 39 39 39 39 39 39 29 29 29 29 29 29 29 29 29 29 29 29 29 29 29 29 29 29 29 29 29 29 29 29 29 29 29 29 29 29 29 29 29 29 29 29  6  6  6  6  6  6  6 22 22 
14 14 14 14 14 14 14 14 14 14 14 14 14 14 14 14 14 14 14 14 14 14 28 28 28 14 14 14 14 28 28 28 28 28 28 28 28 28 28 28 28  8  8  8  8  8  8  8  8  8  8  8  8  8 36 36 36 36 36 36 36 36 36 36 36 36 36 36 36 36 36 36 36 36 36 36 36 36 36 36 36 36 32 32 32 32 32 32 32 32 32  5 39 39 39 39 39 39 39 39 39 39 39 39 39 39 39 39 39 39 39 29 29 29 29 29 29 29 29 29 29 29 29 29 29 29 29 29 29 29 29 29 29 29 29 29 29 29 29 29 29 29 29 29 29 29 29 29  6  6  6  6  6  6 22 22 
14 14 14 14 14 14 14 14 14 14 14 14 14 14 14 14 14 14 14 14 14 14 14 28 14 14 14 14 14 28 28 28 28 28 28 28 28 28 28 28 28  8  8  8  8  8  8  8  8  8  8  8  8  8  8 36 36 36 36 36 36 36 36 36 36 36 36 36 36 36 36 36 36 36 36 36 36 36 36 36 36 36 36 32 32 32 32 32 32  5  5  5  5 39 39 39 39 39 39 39 39 39 39 39 39 39 39 39 39 39 39 39 29 29 29 29 29 29 29 29 29 29 29 29 29 29 29 29 29 29 29 29 29 29 29 29 29 29 29 29 29 29 29 29 29 29 29 29 29  6  6  6  6  6 22 22 
14 14 14 14 14 14 14 14 14 14 14 14 14 14 14 14 14 14 14 14 14 14 14 14 14 14 14 14 14 14 28 28 28 28 28 28 28 28 28 28  8  8  8  8  8  8  8  8  8  8  8  8  8  8 36 36 36 36 36 36 36 36 36 36 36 36 36 36 36 36 36 36 36 36 36 36 36 36 36 36 36 36 36 36 32 32 32 32 32  5  5  5  5  5 39 39 39 39 39 39 39 39 39 39 39 39 39 39 39 39 39 39 39 39 39 29 29 29 29 29 29 29 29 29 29 29 29 29 29 29 29 29 29 29 29 29 29 29 29 29 29 29 29 29 29 29 29 29 29 29 29  6  6  6 22 22 
14 14 14 14 14 14 14 14 14 14 14 14 14 14 14 14 14 14 14 14 14 14 14 14 14 14 14 18 18 18 28 28 28 28 28 28 28 28 28 28  8  8  8  8  8  8  8  8  8  8  8  8  8 36 36 36 36 36 36 36 36 36 36 36 36 36 36 36 36 36 36 36 36 36 36 36 36 36 36 36 36 36 36 36 32 32 32 32 32  5  5  5  5  5 39 39 39 39 39 39 39 39 39 39 39 39 39 39 39 39 39 39 39 39 39 29 29 29 29 29 29 29 29 29 29 29 29 29 29 29 29 29 29 29 29 29 29 29 29 29 29 29 29 29 29 29 29 29 29 29  6  6  6  6  6 22 
14 14 14 14 14 14 14 14 14 14 14 14 14 14 14 14 14 14 14 14 14 14 14 14 18 18 18 18 18 18 18 28 28 28 28 28 28 28 28 18 18  8  8  8  8  8  8  8  8  8  8  8  8  8 36 36 36 36 36 36 36 36 36 36 36 36 36 36 36 36 36 36 36 36 36 36 36 36 36 36 36 36 36 32 32 32 32 32 32  5  5  5  5 39 39 39 39 39 39 39 39 39 39 39 39 39 39 39 39 39 39 39 39 39 39 39 39 29 29 29 29 29 29 29 29 29 29 29 29 29 29 29 29 29 29 29 29 29 29 29 29 29 29 29 29 29 29 29 29 29 29  6  6  6 22 22 
14 14 14 14 14 14 14 14 14 14 14 14 14 14 14 14 14 14 14 14 14 14 14 14 18 18 18 18 18 18 18 18 28 18 18 18 28 18 18 18 18  8  8  8  8  8  8  8  8  8  8  8  8  8  8 36 36 36 36 36 36 36 36 36 36 36 36 36 36 36 36 36 36 36 36 36 36 36 36 36 36 36 32 32 32 32  5  5  5  5  5  5  5 39 39 39 39 39 39 39 39 39 39 39 39 39 39 39 39 39 39 39 39 39 39 39 39 29 29 29 29 29 29 29 29 29 29 29 29 29 29 29 29 29 29 29 29 29 29 29 29 29 29 29 29 29 29 29 29 29 29  6  6  6 22 22 
14 14 14 14 14 14 14 14 14 14 14 14 14 14 14 14 14 14 14 14 14 14 14 18 18 18 18 18 18 18 18 18 18 18 18 18 18 18 18 18 18  8  8  8  8  8  8  8  8  8  8  8  8  8  8  8 36 36 36 36 36 36 36 36 36 36 36 36 36 36 36 36 36 36 36 36 36 36 36 32 32 36 32 32 32 32  5  5  5  5  5  5  5 39 39 39 39 39 39 39 39 39 39 39 39 39 39 39 39 39 39 39 39 39 39 39 39 39 39 39 29 29 29 29 29 29 29 29 29 29 29 29 29 29 29 29 29 29 29 29 29 29 29 29 29 29 29 29 29  6  6  6  6 22 22 22 
14 14 14 14 14 14 14 14 14 14 14 14 14 14 14 14 14 14 14 14 14 38 18 18 18 18 18 18 18 18 18 18 18 18 18 18 18 18 18 18 18  8  8  8  8  8  8  8  8  8  8  8  8  8  8  8 36 36 36 36 36 36 36 36 36 36 36 36 36 36 36 36 36 36 36 36 36 36 32 32 32 32 32 32 32 32  5  5  5  5  5  5  5  5 39 39 39 39 39 39 39 39 39 39 39 39 39 39 39 39 39 39 39 39 39 39 39 39 39 39 39 39 29 29 29 29 29 29 29 29 29 29 29 29 29 29 29 29 29 29 29 29 29 29 29 29 29 29 29 29 29 29  6 22 22 22 
14 14 14 14 14 14 14 14 14 14 14 14 14 14 14 14 14 14 14 14 38 38 18 18 18 18 18 18 18 18 18 18 18 18 18 18 18 18 18 18 18  8  8  8  8  8  8  8  8  8  8  8  8  8  8  8 36 36 36 36 36 36 36 36 36 36 36 36 36 36 36 36 36 36 36 36 36 32 32 32 32 32 32 32 32 32 32 32 32 32  5  5  5  5 39 39 39 39 39 39 39 39 39 39 39 39 39 39 39 39 39 39 39 39 39 39 39 39 39 39 39 39 39 39 29 29 29 29 29 29 29 29 29 29 29 29 29 29 29 29 29 29 29 29 29 29 29 29 29 29 29  6  6 22 22 22 
14 14 14 14 14 14 14 38 38 38 14 14 14 14 14 14 38 38 38 38 38 38 18 18 18 18 18 18 18 18 18 18 18 18 18 18 18 18 18 18 18 18 18  8  8  8  8  8  8  8  8  8  8  8  8  8 36 36 36 36 36 36 36 36 36 36 36 36 36 36 36 36 36 36 36 36 32 32 32 32 32 32 32 32 32 32 32 32 32  5  5  5  5  5 39 39 39 39 39 39 39 39 39 39 39 39 39 39 39 39 39 39 39 39 39 39 39 39 39 39 39 39 39 39 29 29 29 29 29 29 29 29 29 29 29 29 29 29 29 29 29 29 29 29 29 29 29 29  6  6 29  6  6 22 22 22 
14 14 14 14 14 38 38 38 38 38 38 38 14 14 14 14 38 38 38 38 38 38 18 18 18 18 18 18 18 18 18 18 18 18 18 18 18 18 18 18 18 18 18  8  8  8  8  8  8  8  8  8  8  8  8  8  8  8  8 36 36 36 36 36 36 36 36 36 36 36 36 36 36 36 36 36 32 32 32 32 32 32 32 32 32 32 32 32 32  5  5  5  5 39 39 39 39 39 39 39 39 39 39 39 39 39 39 39 39 39 39 39 39 39 39 39 39 39 39 39 39 39 39 39 39 39 39 39 29 29 29 29 29 29 29 29 29 29 29 29 29 29 29 29 29 29 29 29 29  6  6  6  6 22 22 22 
14 14 14 14 14 38 38 38 38 38 38 38 14 14 38 38 38 38 38 38 38 38 18 18 18 18 18 18 18 18 18 18 18 18 18 18 18 18 18 18 18 18 18 18 18  8 18 18 18  8  8  8  8  8  8  8  8  8  8 36 36 36 36 36 36 36 36 36 36 36 36 36 36 32 32 32 32 32 32 32 32 32 32 32 32 32 32 32  5  5  5  5 39 39 39 39 39 39 39 39 39 39 39 39 39 39 39 39 39 39 39 39 39 39 39 39 39 39 39 39 39 39 39 39 39 39 39 39 29 29 29 29 29 29 29 29 29 29 29 29 29 29 29 29 29 29 29 29  6  6  6  6 22 22 22 22 
14 14 14 14 38 38 38 38 38 38 38 38 38 14 38 38 38 38 38 38 38 38 18 18 18 18 18 18 18 18 18 18 18 18 18 18 18 18 18 18 18 18 18 18 18 18 18 18  8  8  8  8  8  8  8  8  8  8  8  8 36 36 36 36 36 36 36 36 36 36 36 36 36 32 32 32 32 32 32 32 32 32 32 32  5  5  5  5  5  5  5  5  5 39 39 39 39 39 39 39 39 39 39 39 39 39 39 39 39 39 39 39 39 39 39 39 39 39 39 39 39 39 39 39 39 39 39 39 29 29 29 29 29 29 29 29 29 29 29 29 29 29 29 29 29 29 29 29  6  6  6  6  6 22 22 22 
14 14 14 38 38 38 38 38 38 38 38 38 38 38 38 38 38 38 38 38 38 38 18 18 18 18 18 18 18 18 18 18 18 18 18 18 18 18 18 18 18 18 18 18 18 18 18 18  8  8  8  8  8  8  8  8  8  8 36 36 36 36 36 36 36 36 36 36 36 36 36 36 36 32 32 32 32 32 32 32 32 32 32 32  5  5  5  5  5  5  5  5  5 39 39 39 39 39 39 39 39 39 39 39 39 39 39 39 39 39 39 39 39 39 39 39 39 39 39 39 39 39 39 39 39 39 39 29 29 29 29 29 29 29 29 29 29 29 29 29 29 29 29 29 29 29 29 29  6  6  6  6  6 22 22 22 
38 14 14 38 38 38 38 38 38 38 38 38 38 38 38 38 38 38 38 38 38 38 18 18 18 18 18 18 18 18 18 18 18 18 18 18 18 18 18 18 18 18 18 18 18 18 18 18  8  8  8  8  8  8  8  8  8  8 36 36 36 36 36 36 36 36 36 36 36 36 36 36 32 32 32 32 32 32 32 32 32 32 32 32  5  5  5  5  5  5  5  5  5 39 39 39 39 39 39 39 39 39 39 39 39 39 39 39 39 39 39 39 39 39 39 39 39 39 39 39 39 39 39 39 39 39 39 39 29 29 29 29 29 29 29 29 29 29 29 29 29 29 29 29 29 29 39 29  6  6  6  6  6 22 22 22 
38 38 38 38 38 38 38 38 38 38 38 38 38 38 38 38 38 38 38 38 38 38 18 18 18 18 18 18 18 18 18 18 18 18 18 18 18 18 18 18 18 18 18 18 18 18 18 18 18 18  8  8  8  8  8  8  8  8 36 36 36 36 36 36 36 36 36 36 36 36 36 36 36 32 32 32 32 32 32 32 32 32  5  5  5  5  5  5  5  5  5  5  5 39 39 39 39 39 39 39 39 39 39 39 39 39 39 39 39 39 39 39 39 39 39 39 39 39 39 39 39 39 39 39 39 39 39 39 39 29 29 29 29 29 29 29 29 29 29 29 29 29 29 29 29 29 39 39 39  6  6  6  6 22 22 22 
38 38 38 38 38 38 38 38 38 38 38 38 38 38 38 38 38 38 38 38 38 38 18 18 18 18 18 18 18 18 18 18 18 18 18 18 18 18 18 18 18 18 18 18 18 18 18 18 18 18 18  8  8  8  8  8  8  8 36 36 36 36 36 36 36 36 36 36 36 36 36 36 36 32 32 32 32 32 32 32  5  5  5  5  5  5  5  5  5  5  5  5  5 39 39 39 39 39 39 39 39 39 39 39 39 39 39 39 39 39 39 39 39 39 39 39 39 39 39 39 39 39 39 39 39 39 39 39 39 29 29 29 29 29 29 29 29 29 29 39 39 29 29 39 39 39 39 39 39  6  6  6 22 22 22 22 
38 38 38 38 38 38 38 38 38 38 38 38 38 38 38 38 38 38 38 38 38 18 18 18 18 18 18 18 18 18 18 18 18 18 18 18 18 18 18 18 18 18 18 18 18 18 18 18 18 18 18 18  8  8  8  8  8  8 36 36 36 36 36 36 36 36 36 32 32 32 36 36 32 32 32 32 32 32 32 32  5  5  5  5  5  5  5  5  5  5  5  5  5  7  7 39 39 39 39 39  7  7 39 39 39 39 39 39 39 39 39 39 39 39 39 39 39 39 39 39 39 39 39 39 39 39 39 39 39 29 29 29 29 39 29 29 29 29 29 39 39 39 39 39 39 39 39 39 39  6  6  6 22 22 22 22 
38 38 38 38 38 38 38 38 38 38 38 38 38 38 38 38 38 38 38 38 38 18 18 18 18 18 18 18 18 18 18 18 18 18 18 18 18 18 18 18 18 18 18 18 18 18 18 18 18 18 18 18 18  8 20  8  8  8  8 36 36 36 36 36 36 36 32 32 32 32 32 32 32 32 32 32 32 32 32  5  5  5  5  5  5  5  5  5  7  7  5  5  7  7  7  7 39 39 39  7  7  7 39 39 39 39 39 39 39 39 39 39 39 39 39 33 33 33 33 39 33 39 39 33 33 39 33 39 39 39 39 39 39 39 39 29 29 29 29 29 39 39 39 39 39 39 39 39 39  6  6 39 22 22 22 22 
38 38 38 38 38 38 38 38 38 38 38 38 38 38 38 38 38 38 38 38 38 18 18 18 18 18 18 18 18 18 18 18 18 18 18 18 18 18 18 18 18 18 18 18 18 18 18 18 18 20 20 20 20 20 20 20 20  8  8 36 36 36 36 36 36 36 32 32 32 32 32 32 32 32 32 32 32 32 32  5  5  5  5  5  7  7  7  5  7  7  7  7  7  7  7  7 39  7  7  7  7  7 39 39 39 21 39 39 39 39 39 39 39 39 33 33 33 33 33 33 33 39 33 33 33 33 33 33 39 39 39 39 39 39 39 29 29 39 39 39 39 39 39 39 39 39 39 39 39 39 39 39 39 22 22 22 
38 38 38 38 38 38 38 38 38 38 38 38 38 38 38 38 38 38 38 38 38 18 18 18 18 18 18 18 18 18 18 18 18 18 18 18 18 18 18 18 18 18 18 18 18 20 18 20 20 20 20 20 20 20 20 20  8  8  8  8  8 36 36 36 36 32 32 32 32  5  5 32 32 32 32 32 32 32  5  5  5  5  5  5  7  7  7  7  7  7  7  7  7  7  7  7  7  7  7  7  7  7  7 39 21 21 21 39 39 39 39 39 39 33 33 33 33 33 33 33 33 33 33 33 33 33 33 33 33 33 33 33 39 39 39 29 39 39 39 39 39 39 39 39 39 39 39 39 39 39 39 39 39 22 22 22 
38 38 38 38 38 38 38 38 38 38 38 38 38 38 38 38 38 38 38 38 18 18 18 18 18 18 18 18 18 18 18 18 18 18 18 18 18 18 18 18 18 18 18 18 20 20 20 20 20 20 20 20 20 20 20 20 20 20 20  8  8  8  8 36 36 32 32 32  5  5  5  5 32  5  5  5  5  5  5  5  5  5  5  5  7  7  7  7  7  7  7  7  7  7  7  7  7  7  7  7  7  7  7 21 21 21 21 39 39 39 39 39 39 39 33 33 33 33 33 33 33 33 33 33 33 33 33 33 33 33 33 33 33 39 39 39 39 39 33 33 33 39 39 39 39 39 39 39 39 39 39 39 39 22 22 22 
38 38 38 38 38 38 38 38 38 38 38 38 38 38 38 38 38 38 38 38 18 18 18 18 18 18 18 18 18 18 18 18 18 18 18 18 18 18 18 18 18 18 18 18 20 20 20 20 20 20 20 20 20 20 20 20 20 20 20 20  8 36 36 36 36 32 32 32  5  5  5  5  5  5  5  5  5  5  5  5  5  7  5  5  7  7  7  7  7  7  7  7  7  7  7  7  7  7  7  7  7  7  7 21 21 21 21 33 33 33 33 39 39 33 33 33 33 33 33 33 33 33 33 33 33 33 33 33 33 33 33 33 33 33 39 39 33 33 33 39 39 39 39 39 39 39 39 39 39 39 39 39 39 22 22 22 
38 38 38 38 38 38 38 38 38 38 38 38 38 38 38 38 38 38 18 18 18 18 18 18 18 18 18 18 18 18 18 18 18 18 18 18 18 18 18 18 18 18 18 18 20 20 20 20 20 20 20 20 20 20 20 20 20 20 20 20 20 36 36 36 32 32 32 32  5  5  5  5  5  5  5  5  5  5  7  7  7  7  7  7  7  7  7  7  7  7  7  7  7  7  7  7  7  7  7  7  7  7  7 21 21 21 21 33 33 33 33 33 33 33 33 33 33 33 33 33 33 33 33 33 33 33 33 33 33 33 33 33 33 33 33 33 33 33 33 39 39 39 39 39 39 39 39 39 39 39 39 39 39 39 39 22 
38 38 38 38 38 38 38 38 38 38 38 38 38 38 38 38 38 38 18 18 18 18 18 18 18 18 18 18 18 18 18 18 18 18 18 18 18 18 18 18 20 20 20 20 20 20 20 20 20 20 20 20 20 20 20 20 20 20 20 20 20 20 32 32 32 32  5  5  5  5  5  5  5  5  5  5  5  5  7  7  7  7  7  7  7  7  7  7  7  7  7  7  7  7  7  7  7  7  7  7  7 21 21 21 21 21 21 33 21 33 33 33 33 33 33 33 33 33 33 33 33 33 33 33 33 33 33 33 33 33 33 33 33 33 33 33 33 33 33 39 39 39 39 39 39 39 39 39 39 39 39 39 39 39 39 39 
38 38 38 38 38 38 38 38 38 38 38 38 38 38 38 38 38 38 38 18 18 18 18 18 18 18 18 18 18 18 18 18 18 18 18 18 18 18 18 20 20 20 20 20 20 20 20 20 20 20 20 20 20 20 20 20 20 20 20 20 20 20 32 32 20  5  5  5  5  5  7  7  5  5  5  5  5  7  7  7  7  7  7  7  7  7  7  7  7  7  7  7  7  7  7  7  7  7  7  7  7  7 21 21 21 21 21 21 21 33 33 33 33 33 33 33 33 33 33 33 33 33 33 33 33 33 33 33 33 33 33 33 33 33 33 33 33 33 33 33 33 39 39 39 39 39 39 33 33 39 39 39 39 39 39 39 
38 38 38 38 38 38 38 38 38 38 38 38 38 38 38 38 38 38 38 38 18 18 18 18 18 18 18 18 18 18 18 18 18 18 18 18 18 18 18 20 20 20 20 20 20 20 20 20 20 20 20 20 20 20 20 20 20 20 20 20 20 20 20 32 20  5 20  7  5  5  7  7  7  7  7  5  7  7  7  7  7  7  7  7  7  7  7  7  7  7  7  7  7  7  7  7  7  7  7  7  7  7 21 21 21 21 21 21 33 33 33 33 33 33 33 33 33 33 33 33 33 33 33 33 33 33 33 33 33 33 33 33 33 33 33 33 33 33 33 33 33 33 33 39 39 33 33 33 33 33 33 33 33 39 39 39 
38 38 38 38 38 38 38 38 38 38 38 38 38 38 38 38 38 38 38 38 18 18 18 18 18 18 18 18 18 18 18 18 18 18 18 18 18 20 20 20 20 20 20 20 20 20 20 20 20 20 20 20 20 20 20 20 20 20 20 20 20 20 20 20 20 20 20  7  7  7  7  7  7  7  7  7  7  7  7  7  7  7  7  7  7  7  7  7  7  7  7  7  7  7  7  7  7  7  7 21 21 21 21 21 21 21 21 21 33 33 33 33 33 33 33 33 33 33 33 33 33 33 33 33 33 33 33 33 33 33 33 33 33 33 33 33 33 33 33 33 33 33 33 39 33 33 33 33 33 33 33 33 33 33 39 39 
38 38 38 38 38 38 38 38 38 38 38 38 38 38 38 38 38 38 38 38 38 18 18 18 18 18 18 18 18 18 18 18 18 18 18 18 18 20 20 20 20 20 20 20 20 20 20 20 20 20 20 20 20 20 20 20 20 20 20 20 20 20 20 20 20 20 20  7  7  7  7  7  7  7  7  7  7  7  7  7  7  7  7  7  7  7  7  7  7  7  7  7  7  7  7  7  7  7 21 21 21 21 21 21 21 21 21 33 33 33 33 33 33 33 33 33 33 33 33 33 33 33 33 33 33 33 33 33 33 33 33 33 33 33 33 33 33 33 33 33 33 33 33 33 33 33 33 33 33 33 33 33 33 33 33 33 
38 38 38 38 38 38 38 38 38 38 38 38 38 38 38 38 38 38 38 38 38 38 18 18 18 18 18 18 18 18 18 18 18 18 18 18 18 20 20 20 20 20 20 20 20 20 20 20 20 20 20 20 20 20 20 20 20 20 20 20 20 20 20 20 20 20 20 20  7  7  7  7  7  7  7  7  7  7  7  7  7  7  7  7  7  7  7  7  7  7  7  7  7  7  7  7  7  7  7 21 21 21 21 21 21 21 21 21 33 33 33 33 33 33 33 33 33 33 33 33 33 33 33 33 33 33 33 33 33 33 33 33 33 33 33 33 33 33 33 33 33 33 33 33 33 33 33 33 33 33 33 33 33 33 33 33 
38 38 38 38 38 38 38 38 38 38 38 38 38 38 38 38 38 38 38 38 38 38 18 18 18 18 18 18 18 18 18 18 18 18 18 18 18 20 20 20 20 20 20 20 20 20 20 20 20 20 20 20 20 20 20 20 20 20 20 20 20 20 20 20 20 20 20  7  7  7  7  7  7  7  7  7  7  7  7  7  7  7  7  7  7  7  7  7  7  7  7  7  7  7  7  7  7  7  7 21 21 21 21 21 21 21 21 21 33 33 33 33 33 33 33 33 33 33 33 33 33 33 33 33 33 33 33 33 33 33 33 33 33 33 33 33 33 33 33 33 33 33 33 33 33 33 33 33 33 33 33 33 33 33 33 33 
38 38 38 38 38 38 38 38 38 38 38 38 38 38 38 38 38 38 38 38 18 18 18 18 18 18 18 18 18 18 18 18 18 18 18 18 20 20 20 20 20 20 20 20 20 20 20 20 20 20 20 20 20 20 20 20 20 20 20 20 20 20 20 20 20 20 20  7  7  7  7  7  7  7  7  7  7  7  7  7  7  7  7  7  7  7  7  7  7  7  7  7  7  7  7  7  7  7 21 21 21 21 21 21 21 21 21 33 33 33 33 33 33 33 33 33 33 33 33 33 33 33 33 33 33 33 33 33 33 33 33 33 33 33 33 33 33 33 33 33 33 33 33 33 33 33 33 33 33 33 33 33 33 33 33 33 
38 38 38 38 38 38 38 38 38 38 38 38 38 38 38 38 38 38 38 38 18 18 18 18 18 18 18 18 18 18 18 18 18 18 18 18 20 20 20 20 20 20 20 20 20 20 20 20 20 20 20 20 20 20 20 20 20 20 20 20 20 20 20 20 20 20 20 20  7  7  7  7  7  7  7  7  7  7  7  7  7  7  7  7  7  7  7  7  7  7  7  7  7  7  7  7  7  7 21 21 21 21 21 21 21 21 21 33 33 33 33 33 33 33 33 33 33 33 33 33 33 33 33 33 33 33 33 33 33 33 33 33 33 33 33 33 33 33 33 33 33 33 33 33 33 33 33 33 33 33 33 33 33 33 33 33 
38 38 38 38 38 38 38 38 38 38 38 38 38 38 38 38 38 38 38 38 18 18 18 18 18 18 18 18 18 18 18 18 18 18 18 18 20 20 20 20 20 20 20 20 20 20 20 20 20 20 20 20 20 20 20 20 20 20 20 20 20 20 20 20 20 20 20  7  7  7  7  7  7  7  7  7  7  7  7  7  7  7  7  7  7  7  7  7  7  7  7  7  7  7  7  7  7  7 21 21 21 21 21 21 21 21 21 21 33 33 33 33 33 33 33 33 33 33 33 33 33 33 33 33 33 33 33 33 33 33 33 33 33 33 33 33 33 33 33 33 33 33 33 33 33 33 33 33 33 33 33 33 33 33 33 33 
38 38 38 38 38 38 38 38 38 38 38 38 38 38 38 38 38 38 38 38 18 18 18 18 18 18 18 18 18 18 18 18 18 18 18 18 18 18 20 20 20 20 20 20 20 20 20 20 20 20 20 20 20 20 20 20 20 20 20 20 20 20 20 20 20 20 20  7  7  7  7  7  7  7  7  7  7  7  7  7  7  7  7  7  7  7  7  7  7  7  7  7  7  7  7  7  7 21 21 21 21 21 21 21 21 21 21 21 21 33 33 33 33 33 33 33 33 33 33 33 33 33 33 33 33 33 33 33 33 33 33 33 33 33 33 33 33 33 33 33 33 33 33 33 33 33 33 33 33 33 33 33 33 33 33 33 
38 38 38 38 38 38 38 38 38 38 38 38 38 38 38 38 38 38 38 38 38 38 38 18 18 18 18 18 18 18 18 18 18 18 18 18 18 20 20 20 20 20 20 20 20 20 20 20 20 20 20 20 20 20 20 20 20 20 20 20 20 20 20 20 20 20 20  7  7  7  7  7  7  7  7  7  7  7  7  7  7  7  7  7  7  7  7  7  7  7  7  7  7  7  7  7  7 21 21 21 21 21 21 21 21 21 21 21 21 33 33 33 33 33 33 33 33 33 33 33 33 33 33 33 33 33 33 33 33 33 33 33 33 33 33 33 33 33 33 33 33 33 33 33 33 33 33 33 33 33 33 33 33 33 33 33 
38 38 38 38 38 38 38 38 38 38 38 38 38 38 38 38 38 38 38 38 38 38 38 38 18 18 18 18 18 18 18 18 18 18 18 18 18 20 20 20 20 20 20 20 20 20 20 20 20 20 20 20 20 20 20 20 20 20 20 20 20 20 20 20 20 20 20 20 20  7  7  7  7  7  7  7  7  7  7  7  7  7  7  7  7  7  7  7  7  7  7  7  7  7  7  7 21 21 21 21 21 21 21 21 21 21 21 21 21 33 33 33 33 33 33 33 33 33 33 33 33 33 33 33 33 33 33 33 33 33 33 33 33 33 33 33 33 33 33 33 33 33 33 33 33 33 33 33 33 33 33 33 33 33 33 33 
38 38 38 38 38 38 38 38 38 38 38 38 38 38 38 38 38 38 38 38 38 38 38 18 18 18 18 18 18 18 18 18 18 18 20 20 20 20 20 20 20 20 20 20 20 20 20 20 20 20 20 20 20 20 20 20 20 20 20 20 20 20 20 20 20 20 20 20 20  7  7  7  7  7  7  7  7  7  7  7  7  7  7  7  7  7  7  7  7  7  7  7  7  7 21 21 21 21 21 21 21 21 21 21 21 21 21 21 21 21 21 33 33 33 33 33 33 33 33 33 33 33 33 33 33 33 33 33 33 33 33 33 33 33 33 33 33 33 33 33 33 33 33 33 33 33 21 21 33 33 33 33 33 33 33 21 
38 38 38 38 38 38 38 38 38 38 38 38 38 38 38 38 38 38 38 38 38 38 38 18 18 18 18 18 18 18 18 18 18 18 20 20 20 20 20 20 20 20 20 20 20 20 20 20 20 20 20 20 20 20 20 20 20 20 20 20 20 20 20 20 20 20 20 20 20  7  7  7  7  7  7  7  7  7  7  7  7  7  7  7  7  7  7  7  7  7  7  7  7  7 21 21 21 21 21 21 21 21 21 21 21 21 21 21 21 21 21 33 33 33 33 33 33 33 33 33 33 33 33 33 33 33 33 33 33 33 33 33 33 33 33 33 33 33 33 33 33 33 33 33 33 33 21 21 33 33 33 33 33 33 21 21 
38 38 38 38 38 38 38 38 38 38 38 38 38 38 38 38 38 38 38 38 38 38 38 18 18 18 18 18 18 18 18 18 18 20 20 20 20 20 20 20 20 20 20 20 20 20 20 20 20 20 20 20 20 20 20 20 20 20 20 20 20 20 20 20 20 20 20 20  7  7  7  7  7  7  7  7  7  7  7  7  7  7  7  7  7  7  7  7  7  7  7  7  7  7 21 21 21 21 21 21 21 21 21 21 21 21 21 21 21 21 21 21 21 33 33 33 33 33 33 33 33 33 33 33 33 33 33 33 33 33 33 33 33 33 33 33 33 33 33 33 33 33 21 21 33 33 21 21 21 21 21 33 33 21 21 21 
38 38 38 38 38 38 38 38 38 38 38 38 38 38 38 38 38 38 38 38 38 38 38 18 18 18 18 18 18 18 18 18 18 18 20 20 20 20 20 20 20 20 20 20 20 20 20 20 20 20 20 20 20 20 20 20 20 20 20 20 20 20 20 20 20 20 20 20  7  7  7  7  7  7  7  7  7  7  7  7  7  7  7  7  7  7  7  7  7  7  7  7  7  7  7 21 21 21 21 21 21 21 21 21 21 21 21 21 21 21 21 21 21 33 33 33 33 33 33 33 33 33 33 33 33 33 33 33 33 33 33 33 33 33 33 33 21 21 21 21 21 21 21 21 21 21 21 21 21 21 21 21 21 21 21 21 
38 38 38 38 38 38 38 38 38 38 38 38 38 38 38 38 38 38 38 38 38 38 38 18 18 18 18 18 18 18 18 18 18 18 20 20 20 20 20 20 20 20 20 20 20 20 20 20 20 20 20 20 20 20 20 20 20 20 20 20 20 20 20 20 20 20 20  7  7  7  7  7  7  7  7  7  7  7  7  7  7  7  7  7  7  7  7  7  7  7  7  7  7  7  7  7 21 21 21 21 21 21 21 21 21 21 21 21 21 21 21 21 21 21 21 21 33 33 33 33 33 33 33 33 33 33 33 33 33 33 33 33 33 21 21 21 21 21 21 21 21 21 21 21 21 21 21 21 21 21 21 21 21 21 21 21 
38 38 38 38 38 38 38 38 38 38 38 38 38 38 38 38 38 38 38 38 38 38 38 38 18 18 18 18 18 18 18 18 18 18 18 20 20 20 20 20 20 20 20 20 20 20 20 20 20 20 20 20 20 20 20 20 20 20 20 20 20 20 20 20 20 20  7  7  7  7  7  7  7  7  7  7  7  7  7  7  7  7  7  7  7  7  7  7  7  7  7  7  7  7  7  7 21 21 21 21 21 21 21 21 21 21 21 21 21 21 21 21 21 21 21 21 21 21 21 33 33 33 33 33 33 33 33 33 33 33 33 21 21 21 21 21 21 21 21 21 21 21 21 21 21 21 21 21 21 21 21 21 21 21 21 21 
38 38 38 38 38 38 38 38 38 38 38 38 38 38 38 38 38 38 38 38 38 38 38 38 18 18 18 18 18 18 18 18 18 18 18 20 20 20 20 20 20 20 20 20 20 20 20 20 20 20 20 20 20 20 20 20 20 20 20 20 20 20 20 20 20 20  7  7  7  7  7  7  7  7  7  7  7  7  7  7  7  7  7  7  7  7  7  7  7  7  7  7  7  7 21 21 21 21 21 21 21 21 21 21 21 21 21 21 21 21 21 21 21 21 21 21 21 21 21 21 33 33 33 33 33 33 33 33 33 33 21 21 21 21 21 21 21 21 21 21 21 21 21 21 21 21 21 21 21 21 21 21 21 21 21 21 
38 38 38 38 38 38 38 38 38 38 38 38 38 38 38 38 38 38 38 38 38 38 38 38 18 18 18 18 18 18 18 18 18 18 18 20 20 20 20 20 20 20 20 20 20 20 20 20 20 20 20 20 20 20 20 20 20 20 20 20 20 20 20 20 20 20  7  7  7  7  7  7  7  7  7  7  7  7  7  7  7  7  7  7  7  7  7  7  7  7  7  7  7 21 21 21 21 21 21 21 21 21 21 21 21 21 21 21 21 21 21 21 21 21 21 21 21 21 21 21 33 33 33 33 33 33 33 33 33 21 21 21 21 21 21 21 21 21 21 21 21 21 21 21 21 21 21 21 21 21 21 21 21 21 21 21 
38 38 38 38 38 38 38 38 38 38 38 38 38 38 38 38 38 38 38 38 38 38 38 38 18 18 18 18 18 18 18 18 18 18 18 20 20 20 20 20 20 20 20 20 20 20 20 20 20 20 20 20 20 20 20 20 20 20 20 20 20 20 20 20  7 20  7  7  7  7  7  7  7  7  7  7  7  7  7  7  7  7  7  7  7  7  7  7  7  7  7  7  7 21 21 21 21 21 21 21 21 21 21 21 21 21 21 21 21 21 21 21 21 21 21 21 21 21 21 21 33 33 33 33 33 33 33 33 21 21 21 21 21 21 21 21 21 21 21 21 21 21 21 21 21 21 21 21 21 21 21 21 21 21 21 21 
38 38 38 38 38 38 38 38 38 38 38 38 38 38 38 38 38 38 38 38 38 38 38 38 18 18 18 18 18 18 18 18 18 18 18 18 18 20 20 20 20 20 20 20 20 20 20 20 20 20 20 20 20 20 20 20 20 20 20 20 20 20 20 20  7  7  7  7  7  7  7  7  7  7  7  7  7  7  7  7  7  7  7  7  7  7  7  7  7  7  7  7  7 21 21 21 21 21 21 21 21 21 21 21 21 21 21 21 21 21 21 21 21 21 21 21 21 21 21 21 21 33 33 33 21 33 33 21 21 21 21 21 21 21 21 21 21 21 21 21 21 21 21 21 21 21 21 21 21 21 21 21 21 21 21 21 
38 38 38 38 38 38 38 38 38 38 38 38 38 38 38 38 38 38 38 38 38 38 38 38 18 18 18 18 18 18 18 18 18 18 18 18 18 20 20 20 20 20 20 20 20 20 20 20 20 20 20 20 20 20 20 20 20 20 20 20 20 20 20 20 20  7  7  7  7  7  7  7  7  7  7  7  7  7  7  7  7  7  7  7  7  7 21  7 21 21 21  7  7 21 21 21 21 21 21 21 21 21 21 21 21 21 21 21 21 21 21 21 21 21 21 21 21 21 21 21 21 33 33 21 21 21 33 21 21 21 21 21 21 21 21 21 21 21 21 21 21 21 21 21 21 21 21 21 21 21 21 21 21 21 21 21 
38 38 38 38 38 38 38 38 38 38 38 38 38 38 38 38 38 38 38 38 38 38 38 38 18 18 18 18 18 18 18 18 18 18 18 18 20 20 20 20 20 20 20 20 20 20 20 20 20 20 20 20 20 20 20 20 20 20 20 20 20 20 20 20  7  7  7  7  7  7  7  7  7  7  7  7  7  7  7  7  7  7  7  7  7  7 21 21 21 21 21 21 21 21 21 21 21 21 21 21 21 21 21 21 21 21 21 21 21 21 21 21 21 21 21 21 21 21 21 21 21 21 21 21 21 21 21 21 21 21 21 21 21 21 21 21 21 21 21 21 21 21 21 21 21 21 21 21 21 21 21 21 21 21 21 21 
38 38 38 38 38 38 38 38 38 38 38 38 38 38 38 38 38 38 38 38 38 38 38 38 18 18 18 18 18 18 18 18 18 18 18 18 20 20 20 20 20 20 20 20 20 20 20 20 20 20 20 20 20 20 20 20 20 20  7  7 20  7  7  7  7  7  7  7  7  7  7  7  7  7  7  7  7  7  7  7  7  7  7  7 21 21 21 21 21 21 21 21 21 21 21 21 21 21 21 21 21 21 21 21 21 21 21 21 21 21 21 21 21 21 21 21 21 21 21 21 21 21 21 21 21 21 21 21 21 21 21 21 21 21 21 21 21 21 21 21 21 21 21 21 21 21 21 21 21 21 21 21 21 21 21 21 
38 38 38 38 38 38 38 38 38 38 38 38 38 38 38 38 38 38 38 38 38 38 38 38 18 18 18 18 18 18 18 18 18 18 18 18 20 20 20 20 20 20 20 20 20 20 20 20 20 20 20 20 20 20 20 20 20 20  7  7  7  7  7  7  7  7  7  7  7  7  7  7  7  7  7  7  7  7  7  7  7  7  7  7 21 21 21 21 21 21 21 21 21 21 21 21 21 21 21 21 21 21 21 21 21 21 21 21 21 21 21 21 21 21 21 21 21 21 21 21 21 21 21 21 21 21 21 21 21 21 21 21 21 21 21 21 21 21 21 21 21 21 21 21 21 21 21 21 21 21 21 21 21 21 21 21 
38 38 38 38 38 38 38 38 38 38 38 38 38 38 38 38 38 38 38 38 38 38 38 38 18 18 18 18 18 18 18 18 18 18 18 18 20 20 20 20 20 20 20 20 20 20 20 20 20 20 20 20 20 20 20 20 20 20 20 20  7  7  7  7  7  7  7  7  7  7  7  7  7  7  7  7  7  7  7  7  7  7 21 21 21 21 21 21 21 21 21 21 21 21 21 21 21 21 21 21 21 21 21 21 21 21 21 21 21 21 21 21 21 21 21 21 21 21 21 21 21 21 21 21 21 21 21 21 21 21 21 21 21 21 21 21 21 21 21 21 21 21 21 21 21 21 21 21 21 21 21 21 21 21 21 21 
