49
1 4 0 1 2 3
2 4 0 1 2 3
3 4 0 1 2 3
4 4 0 1 2 3
5 4 0 1 2 3
6 4 0 1 2 3
7 4 0 1 2 3
8 4 0 1 2 3
9 4 0 1 2 3
10 4 0 1 2 3
11 4 0 1 2 3
12 4 0 1 2 3
13 4 0 1 2 3
14 4 0 1 2 3
15 4 0 1 2 3
16 4 0 1 2 3
17 4 0 1 2 3
18 4 0 1 2 3
19 4 0 1 2 3
20 4 0 1 2 3
21 4 0 1 2 3
22 4 0 1 2 3
23 4 0 1 2 3
24 4 0 1 2 3
25 4 0 1 2 3
26 4 0 1 2 3
27 4 0 1 2 3
28 4 0 1 2 3
29 4 0 1 2 3
30 4 0 1 2 3
31 4 0 1 2 3
32 4 0 1 2 3
33 4 0 1 2 3
34 4 0 1 2 3
35 4 0 1 2 3
36 4 0 1 2 3
37 4 0 1 2 3
38 4 0 1 2 3
39 4 0 1 2 3
40 4 0 1 2 3
41 4 0 1 2 3
42 4 0 1 2 3
43 4 0 1 2 3
44 4 0 1 2 3
45 4 0 1 2 3
46 4 0 1 2 3
47 4 0 1 2 3
48 4 0 1 2 3
49 4 0 1 2 3
123
1 33 4   0 0   1 1   2 2   3 3
1 3 4   0 0   1 1   2 2   3 3
1 4 4   0 0   1 1   2 2   3 3
1 20 4   0 0   1 1   2 2   3 3
1 37 4   0 0   1 1   2 2   3 3
1 38 4   0 0   1 1   2 2   3 3
2 27 4   0 0   1 1   2 2   3 3
2 12 4   0 0   1 1   2 2   3 3
2 31 4   0 0   1 1   2 2   3 3
3 33 4   0 0   1 1   2 2   3 3
3 4 4   0 0   1 1   2 2   3 3
3 23 4   0 0   1 1   2 2   3 3
3 9 4   0 0   1 1   2 2   3 3
3 46 4   0 0   1 1   2 2   3 3
4 37 4   0 0   1 1   2 2   3 3
4 9 4   0 0   1 1   2 2   3 3
5 16 4   0 0   1 1   2 2   3 3
5 24 4   0 0   1 1   2 2   3 3
5 40 4   0 0   1 1   2 2   3 3
5 9 4   0 0   1 1   2 2   3 3
5 25 4   0 0   1 1   2 2   3 3
5 26 4   0 0   1 1   2 2   3 3
5 11 4   0 0   1 1   2 2   3 3
6 17 4   0 0   1 1   2 2   3 3
6 35 4   0 0   1 1   2 2   3 3
6 8 4   0 0   1 1   2 2   3 3
6 10 4   0 0   1 1   2 2   3 3
6 13 4   0 0   1 1   2 2   3 3
7 39 4   0 0   1 1   2 2   3 3
7 41 4   0 0   1 1   2 2   3 3
7 12 4   0 0   1 1   2 2   3 3
7 44 4   0 0   1 1   2 2   3 3
7 45 4   0 0   1 1   2 2   3 3
7 30 4   0 0   1 1   2 2   3 3
8 35 4   0 0   1 1   2 2   3 3
8 28 4   0 0   1 1   2 2   3 3
8 13 4   0 0   1 1   2 2   3 3
8 29 4   0 0   1 1   2 2   3 3
8 14 4   0 0   1 1   2 2   3 3
9 23 4   0 0   1 1   2 2   3 3
9 25 4   0 0   1 1   2 2   3 3
9 43 4   0 0   1 1   2 2   3 3
10 40 4   0 0   1 1   2 2   3 3
10 13 4   0 0   1 1   2 2   3 3
11 16 4   0 0   1 1   2 2   3 3
11 24 4   0 0   1 1   2 2   3 3
12 27 4   0 0   1 1   2 2   3 3
12 45 4   0 0   1 1   2 2   3 3
12 31 4   0 0   1 1   2 2   3 3
13 21 4   0 0   1 1   2 2   3 3
13 40 4   0 0   1 1   2 2   3 3
13 28 4   0 0   1 1   2 2   3 3
13 47 4   0 0   1 1   2 2   3 3
14 35 4   0 0   1 1   2 2   3 3
14 22 4   0 0   1 1   2 2   3 3
14 42 4   0 0   1 1   2 2   3 3
14 29 4   0 0   1 1   2 2   3 3
15 32 4   0 0   1 1   2 2   3 3
15 49 4   0 0   1 1   2 2   3 3
15 21 4   0 0   1 1   2 2   3 3
15 22 4   0 0   1 1   2 2   3 3
15 41 4   0 0   1 1   2 2   3 3
15 28 4   0 0   1 1   2 2   3 3
15 29 4   0 0   1 1   2 2   3 3
15 45 4   0 0   1 1   2 2   3 3
15 31 4   0 0   1 1   2 2   3 3
16 24 4   0 0   1 1   2 2   3 3
17 35 4   0 0   1 1   2 2   3 3
17 36 4   0 0   1 1   2 2   3 3
17 42 4   0 0   1 1   2 2   3 3
18 19 4   0 0   1 1   2 2   3 3
18 40 4   0 0   1 1   2 2   3 3
18 26 4   0 0   1 1   2 2   3 3
18 47 4   0 0   1 1   2 2   3 3
19 32 4   0 0   1 1   2 2   3 3
19 21 4   0 0   1 1   2 2   3 3
19 25 4   0 0   1 1   2 2   3 3
19 26 4   0 0   1 1   2 2   3 3
19 43 4   0 0   1 1   2 2   3 3
19 47 4   0 0   1 1   2 2   3 3
20 38 4   0 0   1 1   2 2   3 3
20 30 4   0 0   1 1   2 2   3 3
21 32 4   0 0   1 1   2 2   3 3
21 28 4   0 0   1 1   2 2   3 3
21 47 4   0 0   1 1   2 2   3 3
22 49 4   0 0   1 1   2 2   3 3
22 34 4   0 0   1 1   2 2   3 3
22 42 4   0 0   1 1   2 2   3 3
22 29 4   0 0   1 1   2 2   3 3
23 32 4   0 0   1 1   2 2   3 3
23 43 4   0 0   1 1   2 2   3 3
23 46 4   0 0   1 1   2 2   3 3
24 40 4   0 0   1 1   2 2   3 3
25 26 4   0 0   1 1   2 2   3 3
25 43 4   0 0   1 1   2 2   3 3
26 40 4   0 0   1 1   2 2   3 3
27 31 4   0 0   1 1   2 2   3 3
28 29 4   0 0   1 1   2 2   3 3
30 38 4   0 0   1 1   2 2   3 3
30 39 4   0 0   1 1   2 2   3 3
31 49 4   0 0   1 1   2 2   3 3
31 34 4   0 0   1 1   2 2   3 3
31 45 4   0 0   1 1   2 2   3 3
32 48 4   0 0   1 1   2 2   3 3
32 41 4   0 0   1 1   2 2   3 3
32 43 4   0 0   1 1   2 2   3 3
32 46 4   0 0   1 1   2 2   3 3
33 38 4   0 0   1 1   2 2   3 3
33 39 4   0 0   1 1   2 2   3 3
33 44 4   0 0   1 1   2 2   3 3
33 46 4   0 0   1 1   2 2   3 3
34 49 4   0 0   1 1   2 2   3 3
35 42 4   0 0   1 1   2 2   3 3
36 42 4   0 0   1 1   2 2   3 3
38 39 4   0 0   1 1   2 2   3 3
39 44 4   0 0   1 1   2 2   3 3
40 47 4   0 0   1 1   2 2   3 3
41 48 4   0 0   1 1   2 2   3 3
41 44 4   0 0   1 1   2 2   3 3
41 45 4   0 0   1 1   2 2   3 3
44 48 4   0 0   1 1   2 2   3 3
44 46 4   0 0   1 1   2 2   3 3
46 48 4   0 0   1 1   2 2   3 3
