62
1 4 0 1 2 3
2 4 0 1 2 3
3 4 0 1 2 3
4 4 0 1 2 3
5 4 0 1 2 3
6 4 0 1 2 3
7 4 0 1 2 3
8 4 0 1 2 3
9 4 0 1 2 3
10 4 0 1 2 3
11 4 0 1 2 3
12 4 0 1 2 3
13 4 0 1 2 3
14 4 0 1 2 3
15 4 0 1 2 3
16 4 0 1 2 3
17 4 0 1 2 3
18 4 0 1 2 3
19 4 0 1 2 3
20 4 0 1 2 3
21 4 0 1 2 3
22 4 0 1 2 3
23 4 0 1 2 3
24 4 0 1 2 3
25 4 0 1 2 3
26 4 0 1 2 3
27 4 0 1 2 3
28 4 0 1 2 3
29 4 0 1 2 3
30 4 0 1 2 3
31 4 0 1 2 3
32 4 0 1 2 3
33 4 0 1 2 3
34 4 0 1 2 3
35 4 0 1 2 3
36 4 0 1 2 3
37 4 0 1 2 3
38 4 0 1 2 3
39 4 0 1 2 3
40 4 0 1 2 3
41 4 0 1 2 3
42 4 0 1 2 3
43 4 0 1 2 3
44 4 0 1 2 3
45 4 0 1 2 3
46 4 0 1 2 3
47 4 0 1 2 3
48 4 0 1 2 3
49 4 0 1 2 3
50 4 0 1 2 3
51 4 0 1 2 3
52 4 0 1 2 3
53 4 0 1 2 3
54 4 0 1 2 3
55 4 0 1 2 3
56 4 0 1 2 3
57 4 0 1 2 3
58 4 0 1 2 3
59 4 0 1 2 3
60 4 0 1 2 3
61 4 0 1 2 3
62 4 0 1 2 3
159
1 49 4   0 0   1 1   2 2   3 3
1 42 4   0 0   1 1   2 2   3 3
1 27 4   0 0   1 1   2 2   3 3
2 51 4   0 0   1 1   2 2   3 3
2 36 4   0 0   1 1   2 2   3 3
2 39 4   0 0   1 1   2 2   3 3
2 40 4   0 0   1 1   2 2   3 3
2 58 4   0 0   1 1   2 2   3 3
3 21 4   0 0   1 1   2 2   3 3
3 38 4   0 0   1 1   2 2   3 3
3 22 4   0 0   1 1   2 2   3 3
3 55 4   0 0   1 1   2 2   3 3
3 56 4   0 0   1 1   2 2   3 3
4 49 4   0 0   1 1   2 2   3 3
4 20 4   0 0   1 1   2 2   3 3
4 23 4   0 0   1 1   2 2   3 3
4 11 4   0 0   1 1   2 2   3 3
4 28 4   0 0   1 1   2 2   3 3
5 32 4   0 0   1 1   2 2   3 3
5 34 4   0 0   1 1   2 2   3 3
5 51 4   0 0   1 1   2 2   3 3
5 60 4   0 0   1 1   2 2   3 3
5 30 4   0 0   1 1   2 2   3 3
5 47 4   0 0   1 1   2 2   3 3
6 53 4   0 0   1 1   2 2   3 3
6 22 4   0 0   1 1   2 2   3 3
6 56 4   0 0   1 1   2 2   3 3
6 25 4   0 0   1 1   2 2   3 3
6 15 4   0 0   1 1   2 2   3 3
7 53 4   0 0   1 1   2 2   3 3
7 56 4   0 0   1 1   2 2   3 3
7 45 4   0 0   1 1   2 2   3 3
8 52 4   0 0   1 1   2 2   3 3
8 29 4   0 0   1 1   2 2   3 3
9 23 4   0 0   1 1   2 2   3 3
9 42 4   0 0   1 1   2 2   3 3
9 26 4   0 0   1 1   2 2   3 3
9 27 4   0 0   1 1   2 2   3 3
9 59 4   0 0   1 1   2 2   3 3
10 49 4   0 0   1 1   2 2   3 3
10 11 4   0 0   1 1   2 2   3 3
10 46 4   0 0   1 1   2 2   3 3
11 49 4   0 0   1 1   2 2   3 3
11 20 4   0 0   1 1   2 2   3 3
11 46 4   0 0   1 1   2 2   3 3
11 62 4   0 0   1 1   2 2   3 3
12 32 4   0 0   1 1   2 2   3 3
12 33 4   0 0   1 1   2 2   3 3
12 37 4   0 0   1 1   2 2   3 3
12 40 4   0 0   1 1   2 2   3 3
12 31 4   0 0   1 1   2 2   3 3
13 16 4   0 0   1 1   2 2   3 3
13 18 4   0 0   1 1   2 2   3 3
13 51 4   0 0   1 1   2 2   3 3
13 39 4   0 0   1 1   2 2   3 3
13 62 4   0 0   1 1   2 2   3 3
13 46 4   0 0   1 1   2 2   3 3
13 15 4   0 0   1 1   2 2   3 3
14 19 4   0 0   1 1   2 2   3 3
14 54 4   0 0   1 1   2 2   3 3
14 41 4   0 0   1 1   2 2   3 3
14 27 4   0 0   1 1   2 2   3 3
14 59 4   0 0   1 1   2 2   3 3
14 44 4   0 0   1 1   2 2   3 3
14 61 4   0 0   1 1   2 2   3 3
15 18 4   0 0   1 1   2 2   3 3
15 51 4   0 0   1 1   2 2   3 3
15 22 4   0 0   1 1   2 2   3 3
15 25 4   0 0   1 1   2 2   3 3
15 47 4   0 0   1 1   2 2   3 3
16 18 4   0 0   1 1   2 2   3 3
16 46 4   0 0   1 1   2 2   3 3
17 48 4   0 0   1 1   2 2   3 3
17 35 4   0 0   1 1   2 2   3 3
17 54 4   0 0   1 1   2 2   3 3
17 24 4   0 0   1 1   2 2   3 3
17 59 4   0 0   1 1   2 2   3 3
18 25 4   0 0   1 1   2 2   3 3
19 57 4   0 0   1 1   2 2   3 3
19 44 4   0 0   1 1   2 2   3 3
20 39 4   0 0   1 1   2 2   3 3
20 28 4   0 0   1 1   2 2   3 3
20 62 4   0 0   1 1   2 2   3 3
21 56 4   0 0   1 1   2 2   3 3
21 43 4   0 0   1 1   2 2   3 3
21 45 4   0 0   1 1   2 2   3 3
22 38 4   0 0   1 1   2 2   3 3
22 56 4   0 0   1 1   2 2   3 3
22 60 4   0 0   1 1   2 2   3 3
22 47 4   0 0   1 1   2 2   3 3
23 49 4   0 0   1 1   2 2   3 3
23 42 4   0 0   1 1   2 2   3 3
23 26 4   0 0   1 1   2 2   3 3
23 28 4   0 0   1 1   2 2   3 3
24 35 4   0 0   1 1   2 2   3 3
24 36 4   0 0   1 1   2 2   3 3
24 26 4   0 0   1 1   2 2   3 3
24 58 4   0 0   1 1   2 2   3 3
24 59 4   0 0   1 1   2 2   3 3
25 53 4   0 0   1 1   2 2   3 3
26 36 4   0 0   1 1   2 2   3 3
26 39 4   0 0   1 1   2 2   3 3
26 59 4   0 0   1 1   2 2   3 3
26 28 4   0 0   1 1   2 2   3 3
27 41 4   0 0   1 1   2 2   3 3
27 42 4   0 0   1 1   2 2   3 3
27 59 4   0 0   1 1   2 2   3 3
28 39 4   0 0   1 1   2 2   3 3
29 50 4   0 0   1 1   2 2   3 3
29 52 4   0 0   1 1   2 2   3 3
30 32 4   0 0   1 1   2 2   3 3
30 34 4   0 0   1 1   2 2   3 3
30 52 4   0 0   1 1   2 2   3 3
30 31 4   0 0   1 1   2 2   3 3
31 32 4   0 0   1 1   2 2   3 3
31 33 4   0 0   1 1   2 2   3 3
31 50 4   0 0   1 1   2 2   3 3
31 52 4   0 0   1 1   2 2   3 3
32 51 4   0 0   1 1   2 2   3 3
32 40 4   0 0   1 1   2 2   3 3
33 50 4   0 0   1 1   2 2   3 3
33 37 4   0 0   1 1   2 2   3 3
33 57 4   0 0   1 1   2 2   3 3
34 52 4   0 0   1 1   2 2   3 3
34 55 4   0 0   1 1   2 2   3 3
34 60 4   0 0   1 1   2 2   3 3
35 48 4   0 0   1 1   2 2   3 3
35 40 4   0 0   1 1   2 2   3 3
35 58 4   0 0   1 1   2 2   3 3
36 39 4   0 0   1 1   2 2   3 3
36 58 4   0 0   1 1   2 2   3 3
37 48 4   0 0   1 1   2 2   3 3
37 54 4   0 0   1 1   2 2   3 3
37 40 4   0 0   1 1   2 2   3 3
37 57 4   0 0   1 1   2 2   3 3
37 44 4   0 0   1 1   2 2   3 3
38 55 4   0 0   1 1   2 2   3 3
38 60 4   0 0   1 1   2 2   3 3
39 51 4   0 0   1 1   2 2   3 3
39 62 4   0 0   1 1   2 2   3 3
40 48 4   0 0   1 1   2 2   3 3
40 51 4   0 0   1 1   2 2   3 3
40 58 4   0 0   1 1   2 2   3 3
41 61 4   0 0   1 1   2 2   3 3
42 49 4   0 0   1 1   2 2   3 3
43 56 4   0 0   1 1   2 2   3 3
43 45 4   0 0   1 1   2 2   3 3
44 54 4   0 0   1 1   2 2   3 3
44 57 4   0 0   1 1   2 2   3 3
45 53 4   0 0   1 1   2 2   3 3
45 56 4   0 0   1 1   2 2   3 3
46 62 4   0 0   1 1   2 2   3 3
47 51 4   0 0   1 1   2 2   3 3
47 60 4   0 0   1 1   2 2   3 3
48 54 4   0 0   1 1   2 2   3 3
52 55 4   0 0   1 1   2 2   3 3
53 56 4   0 0   1 1   2 2   3 3
54 59 4   0 0   1 1   2 2   3 3
55 60 4   0 0   1 1   2 2   3 3
