64
1 4 0 1 2 3
2 4 0 1 2 3
3 4 0 1 2 3
4 4 0 1 2 3
5 4 0 1 2 3
6 4 0 1 2 3
7 4 0 1 2 3
8 4 0 1 2 3
9 4 0 1 2 3
10 4 0 1 2 3
11 4 0 1 2 3
12 4 0 1 2 3
13 4 0 1 2 3
14 4 0 1 2 3
15 4 0 1 2 3
16 4 0 1 2 3
17 4 0 1 2 3
18 4 0 1 2 3
19 4 0 1 2 3
20 4 0 1 2 3
21 4 0 1 2 3
22 4 0 1 2 3
23 4 0 1 2 3
24 4 0 1 2 3
25 4 0 1 2 3
26 4 0 1 2 3
27 4 0 1 2 3
28 4 0 1 2 3
29 4 0 1 2 3
30 4 0 1 2 3
31 4 0 1 2 3
32 4 0 1 2 3
33 4 0 1 2 3
34 4 0 1 2 3
35 4 0 1 2 3
36 4 0 1 2 3
37 4 0 1 2 3
38 4 0 1 2 3
39 4 0 1 2 3
40 4 0 1 2 3
41 4 0 1 2 3
42 4 0 1 2 3
43 4 0 1 2 3
44 4 0 1 2 3
45 4 0 1 2 3
46 4 0 1 2 3
47 4 0 1 2 3
48 4 0 1 2 3
49 4 0 1 2 3
50 4 0 1 2 3
51 4 0 1 2 3
52 4 0 1 2 3
53 4 0 1 2 3
54 4 0 1 2 3
55 4 0 1 2 3
56 4 0 1 2 3
57 4 0 1 2 3
58 4 0 1 2 3
59 4 0 1 2 3
60 4 0 1 2 3
61 4 0 1 2 3
62 4 0 1 2 3
63 4 0 1 2 3
64 4 0 1 2 3
167
1 32 4   0 0   1 1   2 2   3 3
1 41 4   0 0   1 1   2 2   3 3
1 30 4   0 0   1 1   2 2   3 3
1 15 4   0 0   1 1   2 2   3 3
2 16 4   0 0   1 1   2 2   3 3
2 53 4   0 0   1 1   2 2   3 3
2 54 4   0 0   1 1   2 2   3 3
2 40 4   0 0   1 1   2 2   3 3
3 48 4   0 0   1 1   2 2   3 3
3 7 4   0 0   1 1   2 2   3 3
3 28 4   0 0   1 1   2 2   3 3
3 30 4   0 0   1 1   2 2   3 3
4 55 4   0 0   1 1   2 2   3 3
4 56 4   0 0   1 1   2 2   3 3
4 57 4   0 0   1 1   2 2   3 3
5 20 4   0 0   1 1   2 2   3 3
5 53 4   0 0   1 1   2 2   3 3
5 39 4   0 0   1 1   2 2   3 3
5 55 4   0 0   1 1   2 2   3 3
5 40 4   0 0   1 1   2 2   3 3
5 9 4   0 0   1 1   2 2   3 3
5 57 4   0 0   1 1   2 2   3 3
5 59 4   0 0   1 1   2 2   3 3
6 64 4   0 0   1 1   2 2   3 3
6 17 4   0 0   1 1   2 2   3 3
6 54 4   0 0   1 1   2 2   3 3
6 12 4   0 0   1 1   2 2   3 3
7 50 4   0 0   1 1   2 2   3 3
7 24 4   0 0   1 1   2 2   3 3
7 42 4   0 0   1 1   2 2   3 3
7 28 4   0 0   1 1   2 2   3 3
7 30 4   0 0   1 1   2 2   3 3
8 52 4   0 0   1 1   2 2   3 3
8 21 4   0 0   1 1   2 2   3 3
8 23 4   0 0   1 1   2 2   3 3
8 10 4   0 0   1 1   2 2   3 3
8 59 4   0 0   1 1   2 2   3 3
8 44 4   0 0   1 1   2 2   3 3
8 46 4   0 0   1 1   2 2   3 3
9 18 4   0 0   1 1   2 2   3 3
9 40 4   0 0   1 1   2 2   3 3
9 26 4   0 0   1 1   2 2   3 3
9 59 4   0 0   1 1   2 2   3 3
10 36 4   0 0   1 1   2 2   3 3
10 21 4   0 0   1 1   2 2   3 3
10 39 4   0 0   1 1   2 2   3 3
10 59 4   0 0   1 1   2 2   3 3
10 43 4   0 0   1 1   2 2   3 3
11 64 4   0 0   1 1   2 2   3 3
11 48 4   0 0   1 1   2 2   3 3
11 12 4   0 0   1 1   2 2   3 3
12 64 4   0 0   1 1   2 2   3 3
12 48 4   0 0   1 1   2 2   3 3
12 17 4   0 0   1 1   2 2   3 3
12 28 4   0 0   1 1   2 2   3 3
13 19 4   0 0   1 1   2 2   3 3
13 35 4   0 0   1 1   2 2   3 3
13 51 4   0 0   1 1   2 2   3 3
13 36 4   0 0   1 1   2 2   3 3
13 62 4   0 0   1 1   2 2   3 3
13 47 4   0 0   1 1   2 2   3 3
14 52 4   0 0   1 1   2 2   3 3
14 21 4   0 0   1 1   2 2   3 3
14 38 4   0 0   1 1   2 2   3 3
14 45 4   0 0   1 1   2 2   3 3
15 32 4   0 0   1 1   2 2   3 3
15 51 4   0 0   1 1   2 2   3 3
15 37 4   0 0   1 1   2 2   3 3
15 30 4   0 0   1 1   2 2   3 3
16 53 4   0 0   1 1   2 2   3 3
16 54 4   0 0   1 1   2 2   3 3
16 56 4   0 0   1 1   2 2   3 3
17 54 4   0 0   1 1   2 2   3 3
17 28 4   0 0   1 1   2 2   3 3
18 26 4   0 0   1 1   2 2   3 3
18 59 4   0 0   1 1   2 2   3 3
18 61 4   0 0   1 1   2 2   3 3
18 46 4   0 0   1 1   2 2   3 3
19 49 4   0 0   1 1   2 2   3 3
19 29 4   0 0   1 1   2 2   3 3
19 62 4   0 0   1 1   2 2   3 3
19 47 4   0 0   1 1   2 2   3 3
19 63 4   0 0   1 1   2 2   3 3
20 34 4   0 0   1 1   2 2   3 3
20 39 4   0 0   1 1   2 2   3 3
20 55 4   0 0   1 1   2 2   3 3
20 56 4   0 0   1 1   2 2   3 3
20 29 4   0 0   1 1   2 2   3 3
21 52 4   0 0   1 1   2 2   3 3
21 36 4   0 0   1 1   2 2   3 3
21 45 4   0 0   1 1   2 2   3 3
22 27 4   0 0   1 1   2 2   3 3
22 44 4   0 0   1 1   2 2   3 3
22 61 4   0 0   1 1   2 2   3 3
22 46 4   0 0   1 1   2 2   3 3
23 52 4   0 0   1 1   2 2   3 3
23 44 4   0 0   1 1   2 2   3 3
24 33 4   0 0   1 1   2 2   3 3
24 50 4   0 0   1 1   2 2   3 3
24 34 4   0 0   1 1   2 2   3 3
24 54 4   0 0   1 1   2 2   3 3
24 56 4   0 0   1 1   2 2   3 3
24 42 4   0 0   1 1   2 2   3 3
24 63 4   0 0   1 1   2 2   3 3
25 26 4   0 0   1 1   2 2   3 3
25 58 4   0 0   1 1   2 2   3 3
25 27 4   0 0   1 1   2 2   3 3
25 60 4   0 0   1 1   2 2   3 3
25 61 4   0 0   1 1   2 2   3 3
26 58 4   0 0   1 1   2 2   3 3
26 61 4   0 0   1 1   2 2   3 3
27 60 4   0 0   1 1   2 2   3 3
27 61 4   0 0   1 1   2 2   3 3
28 48 4   0 0   1 1   2 2   3 3
28 50 4   0 0   1 1   2 2   3 3
28 54 4   0 0   1 1   2 2   3 3
29 49 4   0 0   1 1   2 2   3 3
29 34 4   0 0   1 1   2 2   3 3
29 39 4   0 0   1 1   2 2   3 3
29 47 4   0 0   1 1   2 2   3 3
30 37 4   0 0   1 1   2 2   3 3
30 42 4   0 0   1 1   2 2   3 3
30 31 4   0 0   1 1   2 2   3 3
31 37 4   0 0   1 1   2 2   3 3
31 42 4   0 0   1 1   2 2   3 3
31 62 4   0 0   1 1   2 2   3 3
32 51 4   0 0   1 1   2 2   3 3
32 36 4   0 0   1 1   2 2   3 3
32 38 4   0 0   1 1   2 2   3 3
32 41 4   0 0   1 1   2 2   3 3
32 45 4   0 0   1 1   2 2   3 3
33 34 4   0 0   1 1   2 2   3 3
33 56 4   0 0   1 1   2 2   3 3
34 49 4   0 0   1 1   2 2   3 3
34 56 4   0 0   1 1   2 2   3 3
34 63 4   0 0   1 1   2 2   3 3
35 51 4   0 0   1 1   2 2   3 3
35 37 4   0 0   1 1   2 2   3 3
35 62 4   0 0   1 1   2 2   3 3
36 51 4   0 0   1 1   2 2   3 3
36 43 4   0 0   1 1   2 2   3 3
36 45 4   0 0   1 1   2 2   3 3
36 47 4   0 0   1 1   2 2   3 3
37 51 4   0 0   1 1   2 2   3 3
37 62 4   0 0   1 1   2 2   3 3
38 41 4   0 0   1 1   2 2   3 3
38 45 4   0 0   1 1   2 2   3 3
39 59 4   0 0   1 1   2 2   3 3
39 43 4   0 0   1 1   2 2   3 3
39 47 4   0 0   1 1   2 2   3 3
40 53 4   0 0   1 1   2 2   3 3
42 62 4   0 0   1 1   2 2   3 3
42 63 4   0 0   1 1   2 2   3 3
43 47 4   0 0   1 1   2 2   3 3
44 46 4   0 0   1 1   2 2   3 3
46 59 4   0 0   1 1   2 2   3 3
46 61 4   0 0   1 1   2 2   3 3
49 63 4   0 0   1 1   2 2   3 3
50 54 4   0 0   1 1   2 2   3 3
53 56 4   0 0   1 1   2 2   3 3
53 57 4   0 0   1 1   2 2   3 3
54 56 4   0 0   1 1   2 2   3 3
55 56 4   0 0   1 1   2 2   3 3
55 57 4   0 0   1 1   2 2   3 3
56 57 4   0 0   1 1   2 2   3 3
58 61 4   0 0   1 1   2 2   3 3
62 63 4   0 0   1 1   2 2   3 3
