68
1 4 0 1 2 3
2 4 0 1 2 3
3 4 0 1 2 3
4 4 0 1 2 3
5 4 0 1 2 3
6 4 0 1 2 3
7 4 0 1 2 3
8 4 0 1 2 3
9 4 0 1 2 3
10 4 0 1 2 3
11 4 0 1 2 3
12 4 0 1 2 3
13 4 0 1 2 3
14 4 0 1 2 3
15 4 0 1 2 3
16 4 0 1 2 3
17 4 0 1 2 3
18 4 0 1 2 3
19 4 0 1 2 3
20 4 0 1 2 3
21 4 0 1 2 3
22 4 0 1 2 3
23 4 0 1 2 3
24 4 0 1 2 3
25 4 0 1 2 3
26 4 0 1 2 3
27 4 0 1 2 3
28 4 0 1 2 3
29 4 0 1 2 3
30 4 0 1 2 3
31 4 0 1 2 3
32 4 0 1 2 3
33 4 0 1 2 3
34 4 0 1 2 3
35 4 0 1 2 3
36 4 0 1 2 3
37 4 0 1 2 3
38 4 0 1 2 3
39 4 0 1 2 3
40 4 0 1 2 3
41 4 0 1 2 3
42 4 0 1 2 3
43 4 0 1 2 3
44 4 0 1 2 3
45 4 0 1 2 3
46 4 0 1 2 3
47 4 0 1 2 3
48 4 0 1 2 3
49 4 0 1 2 3
50 4 0 1 2 3
51 4 0 1 2 3
52 4 0 1 2 3
53 4 0 1 2 3
54 4 0 1 2 3
55 4 0 1 2 3
56 4 0 1 2 3
57 4 0 1 2 3
58 4 0 1 2 3
59 4 0 1 2 3
60 4 0 1 2 3
61 4 0 1 2 3
62 4 0 1 2 3
63 4 0 1 2 3
64 4 0 1 2 3
65 4 0 1 2 3
66 4 0 1 2 3
67 4 0 1 2 3
68 4 0 1 2 3
179
1 34 4   0 0   1 1   2 2   3 3
1 68 4   0 0   1 1   2 2   3 3
1 7 4   0 0   1 1   2 2   3 3
1 12 4   0 0   1 1   2 2   3 3
1 45 4   0 0   1 1   2 2   3 3
2 5 4   0 0   1 1   2 2   3 3
2 54 4   0 0   1 1   2 2   3 3
2 56 4   0 0   1 1   2 2   3 3
2 25 4   0 0   1 1   2 2   3 3
3 36 4   0 0   1 1   2 2   3 3
3 21 4   0 0   1 1   2 2   3 3
3 44 4   0 0   1 1   2 2   3 3
3 13 4   0 0   1 1   2 2   3 3
3 47 4   0 0   1 1   2 2   3 3
4 16 4   0 0   1 1   2 2   3 3
4 18 4   0 0   1 1   2 2   3 3
4 19 4   0 0   1 1   2 2   3 3
4 53 4   0 0   1 1   2 2   3 3
4 23 4   0 0   1 1   2 2   3 3
5 25 4   0 0   1 1   2 2   3 3
6 49 4   0 0   1 1   2 2   3 3
6 36 4   0 0   1 1   2 2   3 3
6 52 4   0 0   1 1   2 2   3 3
6 27 4   0 0   1 1   2 2   3 3
6 60 4   0 0   1 1   2 2   3 3
6 13 4   0 0   1 1   2 2   3 3
6 15 4   0 0   1 1   2 2   3 3
7 34 4   0 0   1 1   2 2   3 3
7 50 4   0 0   1 1   2 2   3 3
7 44 4   0 0   1 1   2 2   3 3
7 45 4   0 0   1 1   2 2   3 3
7 15 4   0 0   1 1   2 2   3 3
8 64 4   0 0   1 1   2 2   3 3
8 65 4   0 0   1 1   2 2   3 3
8 17 4   0 0   1 1   2 2   3 3
8 67 4   0 0   1 1   2 2   3 3
8 20 4   0 0   1 1   2 2   3 3
8 22 4   0 0   1 1   2 2   3 3
8 58 4   0 0   1 1   2 2   3 3
9 18 4   0 0   1 1   2 2   3 3
9 51 4   0 0   1 1   2 2   3 3
9 67 4   0 0   1 1   2 2   3 3
9 20 4   0 0   1 1   2 2   3 3
9 38 4   0 0   1 1   2 2   3 3
9 24 4   0 0   1 1   2 2   3 3
10 66 4   0 0   1 1   2 2   3 3
10 67 4   0 0   1 1   2 2   3 3
10 22 4   0 0   1 1   2 2   3 3
10 41 4   0 0   1 1   2 2   3 3
10 62 4   0 0   1 1   2 2   3 3
11 66 4   0 0   1 1   2 2   3 3
11 37 4   0 0   1 1   2 2   3 3
11 40 4   0 0   1 1   2 2   3 3
11 46 4   0 0   1 1   2 2   3 3
12 34 4   0 0   1 1   2 2   3 3
12 68 4   0 0   1 1   2 2   3 3
12 61 4   0 0   1 1   2 2   3 3
13 36 4   0 0   1 1   2 2   3 3
13 21 4   0 0   1 1   2 2   3 3
13 59 4   0 0   1 1   2 2   3 3
13 60 4   0 0   1 1   2 2   3 3
13 14 4   0 0   1 1   2 2   3 3
13 31 4   0 0   1 1   2 2   3 3
14 48 4   0 0   1 1   2 2   3 3
14 53 4   0 0   1 1   2 2   3 3
14 21 4   0 0   1 1   2 2   3 3
14 41 4   0 0   1 1   2 2   3 3
14 42 4   0 0   1 1   2 2   3 3
14 31 4   0 0   1 1   2 2   3 3
15 50 4   0 0   1 1   2 2   3 3
15 36 4   0 0   1 1   2 2   3 3
15 52 4   0 0   1 1   2 2   3 3
15 44 4   0 0   1 1   2 2   3 3
16 18 4   0 0   1 1   2 2   3 3
16 67 4   0 0   1 1   2 2   3 3
16 53 4   0 0   1 1   2 2   3 3
16 24 4   0 0   1 1   2 2   3 3
16 41 4   0 0   1 1   2 2   3 3
17 65 4   0 0   1 1   2 2   3 3
17 22 4   0 0   1 1   2 2   3 3
18 51 4   0 0   1 1   2 2   3 3
18 19 4   0 0   1 1   2 2   3 3
18 24 4   0 0   1 1   2 2   3 3
19 51 4   0 0   1 1   2 2   3 3
19 23 4   0 0   1 1   2 2   3 3
20 64 4   0 0   1 1   2 2   3 3
20 51 4   0 0   1 1   2 2   3 3
20 67 4   0 0   1 1   2 2   3 3
20 38 4   0 0   1 1   2 2   3 3
21 41 4   0 0   1 1   2 2   3 3
21 62 4   0 0   1 1   2 2   3 3
21 47 4   0 0   1 1   2 2   3 3
22 65 4   0 0   1 1   2 2   3 3
22 66 4   0 0   1 1   2 2   3 3
22 67 4   0 0   1 1   2 2   3 3
23 48 4   0 0   1 1   2 2   3 3
23 53 4   0 0   1 1   2 2   3 3
23 42 4   0 0   1 1   2 2   3 3
24 67 4   0 0   1 1   2 2   3 3
25 56 4   0 0   1 1   2 2   3 3
25 26 4   0 0   1 1   2 2   3 3
25 30 4   0 0   1 1   2 2   3 3
26 33 4   0 0   1 1   2 2   3 3
26 45 4   0 0   1 1   2 2   3 3
26 30 4   0 0   1 1   2 2   3 3
27 49 4   0 0   1 1   2 2   3 3
27 52 4   0 0   1 1   2 2   3 3
27 55 4   0 0   1 1   2 2   3 3
28 65 4   0 0   1 1   2 2   3 3
28 66 4   0 0   1 1   2 2   3 3
28 46 4   0 0   1 1   2 2   3 3
29 66 4   0 0   1 1   2 2   3 3
29 40 4   0 0   1 1   2 2   3 3
29 44 4   0 0   1 1   2 2   3 3
29 62 4   0 0   1 1   2 2   3 3
29 47 4   0 0   1 1   2 2   3 3
30 33 4   0 0   1 1   2 2   3 3
30 50 4   0 0   1 1   2 2   3 3
30 56 4   0 0   1 1   2 2   3 3
31 48 4   0 0   1 1   2 2   3 3
31 32 4   0 0   1 1   2 2   3 3
31 39 4   0 0   1 1   2 2   3 3
31 59 4   0 0   1 1   2 2   3 3
32 35 4   0 0   1 1   2 2   3 3
32 39 4   0 0   1 1   2 2   3 3
32 57 4   0 0   1 1   2 2   3 3
32 43 4   0 0   1 1   2 2   3 3
32 59 4   0 0   1 1   2 2   3 3
33 50 4   0 0   1 1   2 2   3 3
33 45 4   0 0   1 1   2 2   3 3
34 37 4   0 0   1 1   2 2   3 3
34 44 4   0 0   1 1   2 2   3 3
34 61 4   0 0   1 1   2 2   3 3
35 48 4   0 0   1 1   2 2   3 3
35 43 4   0 0   1 1   2 2   3 3
36 44 4   0 0   1 1   2 2   3 3
37 40 4   0 0   1 1   2 2   3 3
37 44 4   0 0   1 1   2 2   3 3
37 61 4   0 0   1 1   2 2   3 3
37 46 4   0 0   1 1   2 2   3 3
38 51 4   0 0   1 1   2 2   3 3
39 48 4   0 0   1 1   2 2   3 3
39 43 4   0 0   1 1   2 2   3 3
40 66 4   0 0   1 1   2 2   3 3
40 44 4   0 0   1 1   2 2   3 3
41 67 4   0 0   1 1   2 2   3 3
41 53 4   0 0   1 1   2 2   3 3
41 62 4   0 0   1 1   2 2   3 3
42 48 4   0 0   1 1   2 2   3 3
42 53 4   0 0   1 1   2 2   3 3
43 48 4   0 0   1 1   2 2   3 3
44 47 4   0 0   1 1   2 2   3 3
45 50 4   0 0   1 1   2 2   3 3
45 68 4   0 0   1 1   2 2   3 3
46 66 4   0 0   1 1   2 2   3 3
46 61 4   0 0   1 1   2 2   3 3
47 62 4   0 0   1 1   2 2   3 3
49 55 4   0 0   1 1   2 2   3 3
49 57 4   0 0   1 1   2 2   3 3
49 60 4   0 0   1 1   2 2   3 3
49 63 4   0 0   1 1   2 2   3 3
50 52 4   0 0   1 1   2 2   3 3
50 55 4   0 0   1 1   2 2   3 3
50 56 4   0 0   1 1   2 2   3 3
51 64 4   0 0   1 1   2 2   3 3
52 55 4   0 0   1 1   2 2   3 3
54 55 4   0 0   1 1   2 2   3 3
54 56 4   0 0   1 1   2 2   3 3
54 63 4   0 0   1 1   2 2   3 3
55 56 4   0 0   1 1   2 2   3 3
55 63 4   0 0   1 1   2 2   3 3
57 59 4   0 0   1 1   2 2   3 3
57 60 4   0 0   1 1   2 2   3 3
57 63 4   0 0   1 1   2 2   3 3
58 64 4   0 0   1 1   2 2   3 3
58 65 4   0 0   1 1   2 2   3 3
59 60 4   0 0   1 1   2 2   3 3
62 66 4   0 0   1 1   2 2   3 3
65 66 4   0 0   1 1   2 2   3 3
