73
1 4 0 1 2 3
2 4 0 1 2 3
3 4 0 1 2 3
4 4 0 1 2 3
5 4 0 1 2 3
6 4 0 1 2 3
7 4 0 1 2 3
8 4 0 1 2 3
9 4 0 1 2 3
10 4 0 1 2 3
11 4 0 1 2 3
12 4 0 1 2 3
13 4 0 1 2 3
14 4 0 1 2 3
15 4 0 1 2 3
16 4 0 1 2 3
17 4 0 1 2 3
18 4 0 1 2 3
19 4 0 1 2 3
20 4 0 1 2 3
21 4 0 1 2 3
22 4 0 1 2 3
23 4 0 1 2 3
24 4 0 1 2 3
25 4 0 1 2 3
26 4 0 1 2 3
27 4 0 1 2 3
28 4 0 1 2 3
29 4 0 1 2 3
30 4 0 1 2 3
31 4 0 1 2 3
32 4 0 1 2 3
33 4 0 1 2 3
34 4 0 1 2 3
35 4 0 1 2 3
36 4 0 1 2 3
37 4 0 1 2 3
38 4 0 1 2 3
39 4 0 1 2 3
40 4 0 1 2 3
41 4 0 1 2 3
42 4 0 1 2 3
43 4 0 1 2 3
44 4 0 1 2 3
45 4 0 1 2 3
46 4 0 1 2 3
47 4 0 1 2 3
48 4 0 1 2 3
49 4 0 1 2 3
50 4 0 1 2 3
51 4 0 1 2 3
52 4 0 1 2 3
53 4 0 1 2 3
54 4 0 1 2 3
55 4 0 1 2 3
56 4 0 1 2 3
57 4 0 1 2 3
58 4 0 1 2 3
59 4 0 1 2 3
60 4 0 1 2 3
61 4 0 1 2 3
62 4 0 1 2 3
63 4 0 1 2 3
64 4 0 1 2 3
65 4 0 1 2 3
66 4 0 1 2 3
67 4 0 1 2 3
68 4 0 1 2 3
69 4 0 1 2 3
70 4 0 1 2 3
71 4 0 1 2 3
72 4 0 1 2 3
73 4 0 1 2 3
191
1 3 4   0 0   1 1   2 2   3 3
1 8 4   0 0   1 1   2 2   3 3
1 41 4   0 0   1 1   2 2   3 3
1 58 4   0 0   1 1   2 2   3 3
1 43 4   0 0   1 1   2 2   3 3
2 50 4   0 0   1 1   2 2   3 3
2 18 4   0 0   1 1   2 2   3 3
2 59 4   0 0   1 1   2 2   3 3
3 22 4   0 0   1 1   2 2   3 3
3 8 4   0 0   1 1   2 2   3 3
3 58 4   0 0   1 1   2 2   3 3
3 45 4   0 0   1 1   2 2   3 3
3 62 4   0 0   1 1   2 2   3 3
4 48 4   0 0   1 1   2 2   3 3
4 45 4   0 0   1 1   2 2   3 3
4 62 4   0 0   1 1   2 2   3 3
5 16 4   0 0   1 1   2 2   3 3
5 23 4   0 0   1 1   2 2   3 3
5 57 4   0 0   1 1   2 2   3 3
5 9 4   0 0   1 1   2 2   3 3
5 11 4   0 0   1 1   2 2   3 3
6 33 4   0 0   1 1   2 2   3 3
6 34 4   0 0   1 1   2 2   3 3
6 21 4   0 0   1 1   2 2   3 3
6 55 4   0 0   1 1   2 2   3 3
6 40 4   0 0   1 1   2 2   3 3
7 51 4   0 0   1 1   2 2   3 3
7 20 4   0 0   1 1   2 2   3 3
7 46 4   0 0   1 1   2 2   3 3
7 63 4   0 0   1 1   2 2   3 3
8 53 4   0 0   1 1   2 2   3 3
8 42 4   0 0   1 1   2 2   3 3
8 43 4   0 0   1 1   2 2   3 3
8 62 4   0 0   1 1   2 2   3 3
9 16 4   0 0   1 1   2 2   3 3
9 19 4   0 0   1 1   2 2   3 3
9 68 4   0 0   1 1   2 2   3 3
9 23 4   0 0   1 1   2 2   3 3
10 49 4   0 0   1 1   2 2   3 3
10 52 4   0 0   1 1   2 2   3 3
10 53 4   0 0   1 1   2 2   3 3
10 71 4   0 0   1 1   2 2   3 3
10 42 4   0 0   1 1   2 2   3 3
10 43 4   0 0   1 1   2 2   3 3
10 28 4   0 0   1 1   2 2   3 3
11 23 4   0 0   1 1   2 2   3 3
11 73 4   0 0   1 1   2 2   3 3
11 57 4   0 0   1 1   2 2   3 3
11 29 4   0 0   1 1   2 2   3 3
11 14 4   0 0   1 1   2 2   3 3
12 67 4   0 0   1 1   2 2   3 3
12 73 4   0 0   1 1   2 2   3 3
12 14 4   0 0   1 1   2 2   3 3
13 35 4   0 0   1 1   2 2   3 3
13 67 4   0 0   1 1   2 2   3 3
13 52 4   0 0   1 1   2 2   3 3
13 70 4   0 0   1 1   2 2   3 3
13 54 4   0 0   1 1   2 2   3 3
13 56 4   0 0   1 1   2 2   3 3
14 23 4   0 0   1 1   2 2   3 3
14 73 4   0 0   1 1   2 2   3 3
14 29 4   0 0   1 1   2 2   3 3
15 32 4   0 0   1 1   2 2   3 3
15 59 4   0 0   1 1   2 2   3 3
16 68 4   0 0   1 1   2 2   3 3
16 57 4   0 0   1 1   2 2   3 3
16 25 4   0 0   1 1   2 2   3 3
16 47 4   0 0   1 1   2 2   3 3
17 69 4   0 0   1 1   2 2   3 3
17 37 4   0 0   1 1   2 2   3 3
17 25 4   0 0   1 1   2 2   3 3
17 27 4   0 0   1 1   2 2   3 3
17 28 4   0 0   1 1   2 2   3 3
17 46 4   0 0   1 1   2 2   3 3
17 47 4   0 0   1 1   2 2   3 3
18 32 4   0 0   1 1   2 2   3 3
18 50 4   0 0   1 1   2 2   3 3
18 24 4   0 0   1 1   2 2   3 3
18 59 4   0 0   1 1   2 2   3 3
19 66 4   0 0   1 1   2 2   3 3
19 68 4   0 0   1 1   2 2   3 3
19 23 4   0 0   1 1   2 2   3 3
20 64 4   0 0   1 1   2 2   3 3
20 65 4   0 0   1 1   2 2   3 3
20 51 4   0 0   1 1   2 2   3 3
20 61 4   0 0   1 1   2 2   3 3
20 46 4   0 0   1 1   2 2   3 3
21 55 4   0 0   1 1   2 2   3 3
21 40 4   0 0   1 1   2 2   3 3
21 26 4   0 0   1 1   2 2   3 3
21 44 4   0 0   1 1   2 2   3 3
22 64 4   0 0   1 1   2 2   3 3
22 58 4   0 0   1 1   2 2   3 3
22 45 4   0 0   1 1   2 2   3 3
23 29 4   0 0   1 1   2 2   3 3
24 32 4   0 0   1 1   2 2   3 3
24 50 4   0 0   1 1   2 2   3 3
24 70 4   0 0   1 1   2 2   3 3
24 54 4   0 0   1 1   2 2   3 3
24 71 4   0 0   1 1   2 2   3 3
24 31 4   0 0   1 1   2 2   3 3
25 52 4   0 0   1 1   2 2   3 3
25 69 4   0 0   1 1   2 2   3 3
25 56 4   0 0   1 1   2 2   3 3
25 57 4   0 0   1 1   2 2   3 3
25 73 4   0 0   1 1   2 2   3 3
25 47 4   0 0   1 1   2 2   3 3
26 38 4   0 0   1 1   2 2   3 3
26 55 4   0 0   1 1   2 2   3 3
26 72 4   0 0   1 1   2 2   3 3
26 44 4   0 0   1 1   2 2   3 3
27 37 4   0 0   1 1   2 2   3 3
27 46 4   0 0   1 1   2 2   3 3
27 30 4   0 0   1 1   2 2   3 3
28 49 4   0 0   1 1   2 2   3 3
28 69 4   0 0   1 1   2 2   3 3
28 41 4   0 0   1 1   2 2   3 3
28 43 4   0 0   1 1   2 2   3 3
28 60 4   0 0   1 1   2 2   3 3
28 46 4   0 0   1 1   2 2   3 3
30 33 4   0 0   1 1   2 2   3 3
30 37 4   0 0   1 1   2 2   3 3
30 55 4   0 0   1 1   2 2   3 3
30 46 4   0 0   1 1   2 2   3 3
30 63 4   0 0   1 1   2 2   3 3
31 50 4   0 0   1 1   2 2   3 3
31 35 4   0 0   1 1   2 2   3 3
31 70 4   0 0   1 1   2 2   3 3
32 53 4   0 0   1 1   2 2   3 3
32 71 4   0 0   1 1   2 2   3 3
32 59 4   0 0   1 1   2 2   3 3
33 34 4   0 0   1 1   2 2   3 3
33 37 4   0 0   1 1   2 2   3 3
33 55 4   0 0   1 1   2 2   3 3
34 66 4   0 0   1 1   2 2   3 3
34 37 4   0 0   1 1   2 2   3 3
34 40 4   0 0   1 1   2 2   3 3
34 47 4   0 0   1 1   2 2   3 3
35 67 4   0 0   1 1   2 2   3 3
35 70 4   0 0   1 1   2 2   3 3
36 51 4   0 0   1 1   2 2   3 3
36 38 4   0 0   1 1   2 2   3 3
36 72 4   0 0   1 1   2 2   3 3
36 63 4   0 0   1 1   2 2   3 3
37 47 4   0 0   1 1   2 2   3 3
38 55 4   0 0   1 1   2 2   3 3
38 72 4   0 0   1 1   2 2   3 3
38 63 4   0 0   1 1   2 2   3 3
39 64 4   0 0   1 1   2 2   3 3
39 48 4   0 0   1 1   2 2   3 3
39 51 4   0 0   1 1   2 2   3 3
39 45 4   0 0   1 1   2 2   3 3
39 61 4   0 0   1 1   2 2   3 3
41 65 4   0 0   1 1   2 2   3 3
41 58 4   0 0   1 1   2 2   3 3
41 43 4   0 0   1 1   2 2   3 3
41 60 4   0 0   1 1   2 2   3 3
42 53 4   0 0   1 1   2 2   3 3
42 43 4   0 0   1 1   2 2   3 3
44 72 4   0 0   1 1   2 2   3 3
45 64 4   0 0   1 1   2 2   3 3
45 48 4   0 0   1 1   2 2   3 3
45 62 4   0 0   1 1   2 2   3 3
46 65 4   0 0   1 1   2 2   3 3
46 60 4   0 0   1 1   2 2   3 3
46 63 4   0 0   1 1   2 2   3 3
47 66 4   0 0   1 1   2 2   3 3
47 68 4   0 0   1 1   2 2   3 3
49 52 4   0 0   1 1   2 2   3 3
49 69 4   0 0   1 1   2 2   3 3
51 61 4   0 0   1 1   2 2   3 3
51 63 4   0 0   1 1   2 2   3 3
52 69 4   0 0   1 1   2 2   3 3
52 54 4   0 0   1 1   2 2   3 3
52 71 4   0 0   1 1   2 2   3 3
52 56 4   0 0   1 1   2 2   3 3
53 71 4   0 0   1 1   2 2   3 3
53 62 4   0 0   1 1   2 2   3 3
54 70 4   0 0   1 1   2 2   3 3
54 71 4   0 0   1 1   2 2   3 3
55 63 4   0 0   1 1   2 2   3 3
56 67 4   0 0   1 1   2 2   3 3
56 73 4   0 0   1 1   2 2   3 3
57 73 4   0 0   1 1   2 2   3 3
58 64 4   0 0   1 1   2 2   3 3
58 65 4   0 0   1 1   2 2   3 3
60 65 4   0 0   1 1   2 2   3 3
61 64 4   0 0   1 1   2 2   3 3
64 65 4   0 0   1 1   2 2   3 3
66 68 4   0 0   1 1   2 2   3 3
67 73 4   0 0   1 1   2 2   3 3
