75
1 4 0 1 2 3
2 4 0 1 2 3
3 4 0 1 2 3
4 4 0 1 2 3
5 4 0 1 2 3
6 4 0 1 2 3
7 4 0 1 2 3
8 4 0 1 2 3
9 4 0 1 2 3
10 4 0 1 2 3
11 4 0 1 2 3
12 4 0 1 2 3
13 4 0 1 2 3
14 4 0 1 2 3
15 4 0 1 2 3
16 4 0 1 2 3
17 4 0 1 2 3
18 4 0 1 2 3
19 4 0 1 2 3
20 4 0 1 2 3
21 4 0 1 2 3
22 4 0 1 2 3
23 4 0 1 2 3
24 4 0 1 2 3
25 4 0 1 2 3
26 4 0 1 2 3
27 4 0 1 2 3
28 4 0 1 2 3
29 4 0 1 2 3
30 4 0 1 2 3
31 4 0 1 2 3
32 4 0 1 2 3
33 4 0 1 2 3
34 4 0 1 2 3
35 4 0 1 2 3
36 4 0 1 2 3
37 4 0 1 2 3
38 4 0 1 2 3
39 4 0 1 2 3
40 4 0 1 2 3
41 4 0 1 2 3
42 4 0 1 2 3
43 4 0 1 2 3
44 4 0 1 2 3
45 4 0 1 2 3
46 4 0 1 2 3
47 4 0 1 2 3
48 4 0 1 2 3
49 4 0 1 2 3
50 4 0 1 2 3
51 4 0 1 2 3
52 4 0 1 2 3
53 4 0 1 2 3
54 4 0 1 2 3
55 4 0 1 2 3
56 4 0 1 2 3
57 4 0 1 2 3
58 4 0 1 2 3
59 4 0 1 2 3
60 4 0 1 2 3
61 4 0 1 2 3
62 4 0 1 2 3
63 4 0 1 2 3
64 4 0 1 2 3
65 4 0 1 2 3
66 4 0 1 2 3
67 4 0 1 2 3
68 4 0 1 2 3
69 4 0 1 2 3
70 4 0 1 2 3
71 4 0 1 2 3
72 4 0 1 2 3
73 4 0 1 2 3
74 4 0 1 2 3
75 4 0 1 2 3
195
1 70 4   0 0   1 1   2 2   3 3
1 41 4   0 0   1 1   2 2   3 3
1 29 4   0 0   1 1   2 2   3 3
1 30 4   0 0   1 1   2 2   3 3
1 63 4   0 0   1 1   2 2   3 3
2 64 4   0 0   1 1   2 2   3 3
2 3 4   0 0   1 1   2 2   3 3
2 23 4   0 0   1 1   2 2   3 3
2 27 4   0 0   1 1   2 2   3 3
3 64 4   0 0   1 1   2 2   3 3
3 36 4   0 0   1 1   2 2   3 3
3 11 4   0 0   1 1   2 2   3 3
4 9 4   0 0   1 1   2 2   3 3
4 60 4   0 0   1 1   2 2   3 3
4 28 4   0 0   1 1   2 2   3 3
4 13 4   0 0   1 1   2 2   3 3
4 31 4   0 0   1 1   2 2   3 3
5 48 4   0 0   1 1   2 2   3 3
5 36 4   0 0   1 1   2 2   3 3
5 71 4   0 0   1 1   2 2   3 3
5 8 4   0 0   1 1   2 2   3 3
5 11 4   0 0   1 1   2 2   3 3
6 52 4   0 0   1 1   2 2   3 3
6 68 4   0 0   1 1   2 2   3 3
6 58 4   0 0   1 1   2 2   3 3
6 75 4   0 0   1 1   2 2   3 3
6 59 4   0 0   1 1   2 2   3 3
6 61 4   0 0   1 1   2 2   3 3
7 70 4   0 0   1 1   2 2   3 3
7 9 4   0 0   1 1   2 2   3 3
7 60 4   0 0   1 1   2 2   3 3
7 63 4   0 0   1 1   2 2   3 3
8 48 4   0 0   1 1   2 2   3 3
8 19 4   0 0   1 1   2 2   3 3
8 74 4   0 0   1 1   2 2   3 3
8 11 4   0 0   1 1   2 2   3 3
8 12 4   0 0   1 1   2 2   3 3
9 60 4   0 0   1 1   2 2   3 3
9 31 4   0 0   1 1   2 2   3 3
10 16 4   0 0   1 1   2 2   3 3
10 35 4   0 0   1 1   2 2   3 3
10 38 4   0 0   1 1   2 2   3 3
10 57 4   0 0   1 1   2 2   3 3
10 27 4   0 0   1 1   2 2   3 3
11 64 4   0 0   1 1   2 2   3 3
11 33 4   0 0   1 1   2 2   3 3
11 19 4   0 0   1 1   2 2   3 3
11 36 4   0 0   1 1   2 2   3 3
11 53 4   0 0   1 1   2 2   3 3
12 19 4   0 0   1 1   2 2   3 3
12 74 4   0 0   1 1   2 2   3 3
12 47 4   0 0   1 1   2 2   3 3
13 37 4   0 0   1 1   2 2   3 3
13 55 4   0 0   1 1   2 2   3 3
13 60 4   0 0   1 1   2 2   3 3
13 28 4   0 0   1 1   2 2   3 3
13 14 4   0 0   1 1   2 2   3 3
14 66 4   0 0   1 1   2 2   3 3
14 37 4   0 0   1 1   2 2   3 3
14 39 4   0 0   1 1   2 2   3 3
14 24 4   0 0   1 1   2 2   3 3
14 61 4   0 0   1 1   2 2   3 3
14 46 4   0 0   1 1   2 2   3 3
15 32 4   0 0   1 1   2 2   3 3
15 20 4   0 0   1 1   2 2   3 3
15 22 4   0 0   1 1   2 2   3 3
15 40 4   0 0   1 1   2 2   3 3
15 26 4   0 0   1 1   2 2   3 3
15 43 4   0 0   1 1   2 2   3 3
16 64 4   0 0   1 1   2 2   3 3
16 50 4   0 0   1 1   2 2   3 3
16 57 4   0 0   1 1   2 2   3 3
16 27 4   0 0   1 1   2 2   3 3
17 18 4   0 0   1 1   2 2   3 3
17 34 4   0 0   1 1   2 2   3 3
17 20 4   0 0   1 1   2 2   3 3
17 59 4   0 0   1 1   2 2   3 3
17 62 4   0 0   1 1   2 2   3 3
18 34 4   0 0   1 1   2 2   3 3
18 54 4   0 0   1 1   2 2   3 3
18 73 4   0 0   1 1   2 2   3 3
19 33 4   0 0   1 1   2 2   3 3
19 72 4   0 0   1 1   2 2   3 3
19 26 4   0 0   1 1   2 2   3 3
19 47 4   0 0   1 1   2 2   3 3
20 32 4   0 0   1 1   2 2   3 3
20 67 4   0 0   1 1   2 2   3 3
20 40 4   0 0   1 1   2 2   3 3
20 59 4   0 0   1 1   2 2   3 3
20 62 4   0 0   1 1   2 2   3 3
21 52 4   0 0   1 1   2 2   3 3
21 69 4   0 0   1 1   2 2   3 3
21 54 4   0 0   1 1   2 2   3 3
21 73 4   0 0   1 1   2 2   3 3
21 75 4   0 0   1 1   2 2   3 3
21 28 4   0 0   1 1   2 2   3 3
22 32 4   0 0   1 1   2 2   3 3
22 65 4   0 0   1 1   2 2   3 3
22 68 4   0 0   1 1   2 2   3 3
22 72 4   0 0   1 1   2 2   3 3
22 26 4   0 0   1 1   2 2   3 3
23 51 4   0 0   1 1   2 2   3 3
23 27 4   0 0   1 1   2 2   3 3
24 49 4   0 0   1 1   2 2   3 3
24 33 4   0 0   1 1   2 2   3 3
24 39 4   0 0   1 1   2 2   3 3
24 44 4   0 0   1 1   2 2   3 3
24 61 4   0 0   1 1   2 2   3 3
25 67 4   0 0   1 1   2 2   3 3
25 40 4   0 0   1 1   2 2   3 3
25 62 4   0 0   1 1   2 2   3 3
26 72 4   0 0   1 1   2 2   3 3
26 43 4   0 0   1 1   2 2   3 3
27 64 4   0 0   1 1   2 2   3 3
27 51 4   0 0   1 1   2 2   3 3
27 35 4   0 0   1 1   2 2   3 3
28 52 4   0 0   1 1   2 2   3 3
28 69 4   0 0   1 1   2 2   3 3
28 58 4   0 0   1 1   2 2   3 3
28 61 4   0 0   1 1   2 2   3 3
28 31 4   0 0   1 1   2 2   3 3
29 70 4   0 0   1 1   2 2   3 3
29 55 4   0 0   1 1   2 2   3 3
29 42 4   0 0   1 1   2 2   3 3
29 60 4   0 0   1 1   2 2   3 3
29 45 4   0 0   1 1   2 2   3 3
29 30 4   0 0   1 1   2 2   3 3
30 41 4   0 0   1 1   2 2   3 3
30 42 4   0 0   1 1   2 2   3 3
31 69 4   0 0   1 1   2 2   3 3
32 65 4   0 0   1 1   2 2   3 3
32 59 4   0 0   1 1   2 2   3 3
33 49 4   0 0   1 1   2 2   3 3
33 53 4   0 0   1 1   2 2   3 3
33 72 4   0 0   1 1   2 2   3 3
33 61 4   0 0   1 1   2 2   3 3
34 73 4   0 0   1 1   2 2   3 3
34 75 4   0 0   1 1   2 2   3 3
34 59 4   0 0   1 1   2 2   3 3
35 51 4   0 0   1 1   2 2   3 3
35 38 4   0 0   1 1   2 2   3 3
35 41 4   0 0   1 1   2 2   3 3
37 66 4   0 0   1 1   2 2   3 3
37 55 4   0 0   1 1   2 2   3 3
37 56 4   0 0   1 1   2 2   3 3
38 66 4   0 0   1 1   2 2   3 3
38 56 4   0 0   1 1   2 2   3 3
38 41 4   0 0   1 1   2 2   3 3
38 57 4   0 0   1 1   2 2   3 3
39 44 4   0 0   1 1   2 2   3 3
39 46 4   0 0   1 1   2 2   3 3
40 67 4   0 0   1 1   2 2   3 3
40 43 4   0 0   1 1   2 2   3 3
41 51 4   0 0   1 1   2 2   3 3
41 56 4   0 0   1 1   2 2   3 3
41 42 4   0 0   1 1   2 2   3 3
42 55 4   0 0   1 1   2 2   3 3
42 56 4   0 0   1 1   2 2   3 3
44 64 4   0 0   1 1   2 2   3 3
44 49 4   0 0   1 1   2 2   3 3
44 46 4   0 0   1 1   2 2   3 3
45 55 4   0 0   1 1   2 2   3 3
45 60 4   0 0   1 1   2 2   3 3
46 64 4   0 0   1 1   2 2   3 3
46 50 4   0 0   1 1   2 2   3 3
46 66 4   0 0   1 1   2 2   3 3
47 48 4   0 0   1 1   2 2   3 3
47 74 4   0 0   1 1   2 2   3 3
48 71 4   0 0   1 1   2 2   3 3
48 74 4   0 0   1 1   2 2   3 3
49 64 4   0 0   1 1   2 2   3 3
49 53 4   0 0   1 1   2 2   3 3
50 64 4   0 0   1 1   2 2   3 3
50 66 4   0 0   1 1   2 2   3 3
50 57 4   0 0   1 1   2 2   3 3
52 58 4   0 0   1 1   2 2   3 3
52 75 4   0 0   1 1   2 2   3 3
53 64 4   0 0   1 1   2 2   3 3
54 69 4   0 0   1 1   2 2   3 3
54 73 4   0 0   1 1   2 2   3 3
55 56 4   0 0   1 1   2 2   3 3
55 60 4   0 0   1 1   2 2   3 3
56 66 4   0 0   1 1   2 2   3 3
57 66 4   0 0   1 1   2 2   3 3
58 61 4   0 0   1 1   2 2   3 3
59 65 4   0 0   1 1   2 2   3 3
59 68 4   0 0   1 1   2 2   3 3
59 75 4   0 0   1 1   2 2   3 3
60 70 4   0 0   1 1   2 2   3 3
61 68 4   0 0   1 1   2 2   3 3
61 72 4   0 0   1 1   2 2   3 3
62 67 4   0 0   1 1   2 2   3 3
63 70 4   0 0   1 1   2 2   3 3
65 68 4   0 0   1 1   2 2   3 3
68 72 4   0 0   1 1   2 2   3 3
