76
1 4 0 1 2 3
2 4 0 1 2 3
3 4 0 1 2 3
4 4 0 1 2 3
5 4 0 1 2 3
6 4 0 1 2 3
7 4 0 1 2 3
8 4 0 1 2 3
9 4 0 1 2 3
10 4 0 1 2 3
11 4 0 1 2 3
12 4 0 1 2 3
13 4 0 1 2 3
14 4 0 1 2 3
15 4 0 1 2 3
16 4 0 1 2 3
17 4 0 1 2 3
18 4 0 1 2 3
19 4 0 1 2 3
20 4 0 1 2 3
21 4 0 1 2 3
22 4 0 1 2 3
23 4 0 1 2 3
24 4 0 1 2 3
25 4 0 1 2 3
26 4 0 1 2 3
27 4 0 1 2 3
28 4 0 1 2 3
29 4 0 1 2 3
30 4 0 1 2 3
31 4 0 1 2 3
32 4 0 1 2 3
33 4 0 1 2 3
34 4 0 1 2 3
35 4 0 1 2 3
36 4 0 1 2 3
37 4 0 1 2 3
38 4 0 1 2 3
39 4 0 1 2 3
40 4 0 1 2 3
41 4 0 1 2 3
42 4 0 1 2 3
43 4 0 1 2 3
44 4 0 1 2 3
45 4 0 1 2 3
46 4 0 1 2 3
47 4 0 1 2 3
48 4 0 1 2 3
49 4 0 1 2 3
50 4 0 1 2 3
51 4 0 1 2 3
52 4 0 1 2 3
53 4 0 1 2 3
54 4 0 1 2 3
55 4 0 1 2 3
56 4 0 1 2 3
57 4 0 1 2 3
58 4 0 1 2 3
59 4 0 1 2 3
60 4 0 1 2 3
61 4 0 1 2 3
62 4 0 1 2 3
63 4 0 1 2 3
64 4 0 1 2 3
65 4 0 1 2 3
66 4 0 1 2 3
67 4 0 1 2 3
68 4 0 1 2 3
69 4 0 1 2 3
70 4 0 1 2 3
71 4 0 1 2 3
72 4 0 1 2 3
73 4 0 1 2 3
74 4 0 1 2 3
75 4 0 1 2 3
76 4 0 1 2 3
197
1 32 4   0 0   1 1   2 2   3 3
1 51 4   0 0   1 1   2 2   3 3
1 53 4   0 0   1 1   2 2   3 3
1 10 4   0 0   1 1   2 2   3 3
1 61 4   0 0   1 1   2 2   3 3
1 47 4   0 0   1 1   2 2   3 3
2 17 4   0 0   1 1   2 2   3 3
2 19 4   0 0   1 1   2 2   3 3
2 37 4   0 0   1 1   2 2   3 3
2 57 4   0 0   1 1   2 2   3 3
2 76 4   0 0   1 1   2 2   3 3
3 48 4   0 0   1 1   2 2   3 3
3 52 4   0 0   1 1   2 2   3 3
3 6 4   0 0   1 1   2 2   3 3
3 22 4   0 0   1 1   2 2   3 3
3 40 4   0 0   1 1   2 2   3 3
3 25 4   0 0   1 1   2 2   3 3
3 42 4   0 0   1 1   2 2   3 3
3 27 4   0 0   1 1   2 2   3 3
3 15 4   0 0   1 1   2 2   3 3
4 18 4   0 0   1 1   2 2   3 3
4 20 4   0 0   1 1   2 2   3 3
4 38 4   0 0   1 1   2 2   3 3
4 54 4   0 0   1 1   2 2   3 3
5 16 4   0 0   1 1   2 2   3 3
5 69 4   0 0   1 1   2 2   3 3
5 8 4   0 0   1 1   2 2   3 3
5 24 4   0 0   1 1   2 2   3 3
5 12 4   0 0   1 1   2 2   3 3
6 52 4   0 0   1 1   2 2   3 3
6 25 4   0 0   1 1   2 2   3 3
6 42 4   0 0   1 1   2 2   3 3
7 19 4   0 0   1 1   2 2   3 3
7 23 4   0 0   1 1   2 2   3 3
7 11 4   0 0   1 1   2 2   3 3
7 76 4   0 0   1 1   2 2   3 3
7 47 4   0 0   1 1   2 2   3 3
8 64 4   0 0   1 1   2 2   3 3
8 12 4   0 0   1 1   2 2   3 3
8 13 4   0 0   1 1   2 2   3 3
9 49 4   0 0   1 1   2 2   3 3
9 50 4   0 0   1 1   2 2   3 3
9 68 4   0 0   1 1   2 2   3 3
9 36 4   0 0   1 1   2 2   3 3
9 26 4   0 0   1 1   2 2   3 3
9 14 4   0 0   1 1   2 2   3 3
10 53 4   0 0   1 1   2 2   3 3
10 55 4   0 0   1 1   2 2   3 3
10 61 4   0 0   1 1   2 2   3 3
11 23 4   0 0   1 1   2 2   3 3
11 59 4   0 0   1 1   2 2   3 3
11 76 4   0 0   1 1   2 2   3 3
11 31 4   0 0   1 1   2 2   3 3
12 16 4   0 0   1 1   2 2   3 3
12 56 4   0 0   1 1   2 2   3 3
12 13 4   0 0   1 1   2 2   3 3
13 64 4   0 0   1 1   2 2   3 3
13 21 4   0 0   1 1   2 2   3 3
13 56 4   0 0   1 1   2 2   3 3
13 63 4   0 0   1 1   2 2   3 3
14 49 4   0 0   1 1   2 2   3 3
14 34 4   0 0   1 1   2 2   3 3
14 50 4   0 0   1 1   2 2   3 3
14 70 4   0 0   1 1   2 2   3 3
14 71 4   0 0   1 1   2 2   3 3
15 48 4   0 0   1 1   2 2   3 3
15 66 4   0 0   1 1   2 2   3 3
15 43 4   0 0   1 1   2 2   3 3
15 27 4   0 0   1 1   2 2   3 3
16 34 4   0 0   1 1   2 2   3 3
16 69 4   0 0   1 1   2 2   3 3
16 56 4   0 0   1 1   2 2   3 3
16 29 4   0 0   1 1   2 2   3 3
17 19 4   0 0   1 1   2 2   3 3
17 73 4   0 0   1 1   2 2   3 3
17 58 4   0 0   1 1   2 2   3 3
18 20 4   0 0   1 1   2 2   3 3
18 54 4   0 0   1 1   2 2   3 3
18 58 4   0 0   1 1   2 2   3 3
19 53 4   0 0   1 1   2 2   3 3
19 54 4   0 0   1 1   2 2   3 3
19 58 4   0 0   1 1   2 2   3 3
19 76 4   0 0   1 1   2 2   3 3
20 38 4   0 0   1 1   2 2   3 3
20 73 4   0 0   1 1   2 2   3 3
20 58 4   0 0   1 1   2 2   3 3
21 32 4   0 0   1 1   2 2   3 3
21 51 4   0 0   1 1   2 2   3 3
21 56 4   0 0   1 1   2 2   3 3
21 63 4   0 0   1 1   2 2   3 3
22 36 4   0 0   1 1   2 2   3 3
22 40 4   0 0   1 1   2 2   3 3
22 25 4   0 0   1 1   2 2   3 3
23 60 4   0 0   1 1   2 2   3 3
23 47 4   0 0   1 1   2 2   3 3
23 31 4   0 0   1 1   2 2   3 3
24 69 4   0 0   1 1   2 2   3 3
24 75 4   0 0   1 1   2 2   3 3
25 42 4   0 0   1 1   2 2   3 3
26 66 4   0 0   1 1   2 2   3 3
26 68 4   0 0   1 1   2 2   3 3
26 72 4   0 0   1 1   2 2   3 3
26 43 4   0 0   1 1   2 2   3 3
27 66 4   0 0   1 1   2 2   3 3
27 36 4   0 0   1 1   2 2   3 3
27 40 4   0 0   1 1   2 2   3 3
27 46 4   0 0   1 1   2 2   3 3
28 48 4   0 0   1 1   2 2   3 3
28 65 4   0 0   1 1   2 2   3 3
28 52 4   0 0   1 1   2 2   3 3
28 37 4   0 0   1 1   2 2   3 3
28 43 4   0 0   1 1   2 2   3 3
28 45 4   0 0   1 1   2 2   3 3
29 34 4   0 0   1 1   2 2   3 3
29 67 4   0 0   1 1   2 2   3 3
29 56 4   0 0   1 1   2 2   3 3
29 30 4   0 0   1 1   2 2   3 3
29 47 4   0 0   1 1   2 2   3 3
30 33 4   0 0   1 1   2 2   3 3
30 67 4   0 0   1 1   2 2   3 3
30 41 4   0 0   1 1   2 2   3 3
30 60 4   0 0   1 1   2 2   3 3
30 47 4   0 0   1 1   2 2   3 3
31 59 4   0 0   1 1   2 2   3 3
31 60 4   0 0   1 1   2 2   3 3
32 35 4   0 0   1 1   2 2   3 3
32 51 4   0 0   1 1   2 2   3 3
32 61 4   0 0   1 1   2 2   3 3
32 63 4   0 0   1 1   2 2   3 3
33 49 4   0 0   1 1   2 2   3 3
33 67 4   0 0   1 1   2 2   3 3
33 68 4   0 0   1 1   2 2   3 3
33 41 4   0 0   1 1   2 2   3 3
34 49 4   0 0   1 1   2 2   3 3
34 67 4   0 0   1 1   2 2   3 3
34 69 4   0 0   1 1   2 2   3 3
34 70 4   0 0   1 1   2 2   3 3
35 61 4   0 0   1 1   2 2   3 3
35 63 4   0 0   1 1   2 2   3 3
36 66 4   0 0   1 1   2 2   3 3
36 40 4   0 0   1 1   2 2   3 3
36 46 4   0 0   1 1   2 2   3 3
37 65 4   0 0   1 1   2 2   3 3
37 57 4   0 0   1 1   2 2   3 3
37 45 4   0 0   1 1   2 2   3 3
38 54 4   0 0   1 1   2 2   3 3
38 55 4   0 0   1 1   2 2   3 3
38 73 4   0 0   1 1   2 2   3 3
39 69 4   0 0   1 1   2 2   3 3
39 70 4   0 0   1 1   2 2   3 3
39 44 4   0 0   1 1   2 2   3 3
39 62 4   0 0   1 1   2 2   3 3
41 68 4   0 0   1 1   2 2   3 3
41 72 4   0 0   1 1   2 2   3 3
41 60 4   0 0   1 1   2 2   3 3
43 48 4   0 0   1 1   2 2   3 3
43 66 4   0 0   1 1   2 2   3 3
43 72 4   0 0   1 1   2 2   3 3
43 45 4   0 0   1 1   2 2   3 3
44 69 4   0 0   1 1   2 2   3 3
44 75 4   0 0   1 1   2 2   3 3
44 62 4   0 0   1 1   2 2   3 3
45 72 4   0 0   1 1   2 2   3 3
45 57 4   0 0   1 1   2 2   3 3
45 74 4   0 0   1 1   2 2   3 3
45 59 4   0 0   1 1   2 2   3 3
46 66 4   0 0   1 1   2 2   3 3
47 51 4   0 0   1 1   2 2   3 3
47 53 4   0 0   1 1   2 2   3 3
47 56 4   0 0   1 1   2 2   3 3
47 60 4   0 0   1 1   2 2   3 3
48 52 4   0 0   1 1   2 2   3 3
49 67 4   0 0   1 1   2 2   3 3
49 68 4   0 0   1 1   2 2   3 3
50 71 4   0 0   1 1   2 2   3 3
51 56 4   0 0   1 1   2 2   3 3
52 65 4   0 0   1 1   2 2   3 3
53 54 4   0 0   1 1   2 2   3 3
53 55 4   0 0   1 1   2 2   3 3
54 55 4   0 0   1 1   2 2   3 3
54 58 4   0 0   1 1   2 2   3 3
57 74 4   0 0   1 1   2 2   3 3
57 76 4   0 0   1 1   2 2   3 3
58 73 4   0 0   1 1   2 2   3 3
59 72 4   0 0   1 1   2 2   3 3
59 74 4   0 0   1 1   2 2   3 3
59 76 4   0 0   1 1   2 2   3 3
59 60 4   0 0   1 1   2 2   3 3
60 72 4   0 0   1 1   2 2   3 3
62 70 4   0 0   1 1   2 2   3 3
62 71 4   0 0   1 1   2 2   3 3
63 64 4   0 0   1 1   2 2   3 3
68 72 4   0 0   1 1   2 2   3 3
69 70 4   0 0   1 1   2 2   3 3
69 75 4   0 0   1 1   2 2   3 3
70 71 4   0 0   1 1   2 2   3 3
74 76 4   0 0   1 1   2 2   3 3
