77
1 4 0 1 2 3
2 4 0 1 2 3
3 4 0 1 2 3
4 4 0 1 2 3
5 4 0 1 2 3
6 4 0 1 2 3
7 4 0 1 2 3
8 4 0 1 2 3
9 4 0 1 2 3
10 4 0 1 2 3
11 4 0 1 2 3
12 4 0 1 2 3
13 4 0 1 2 3
14 4 0 1 2 3
15 4 0 1 2 3
16 4 0 1 2 3
17 4 0 1 2 3
18 4 0 1 2 3
19 4 0 1 2 3
20 4 0 1 2 3
21 4 0 1 2 3
22 4 0 1 2 3
23 4 0 1 2 3
24 4 0 1 2 3
25 4 0 1 2 3
26 4 0 1 2 3
27 4 0 1 2 3
28 4 0 1 2 3
29 4 0 1 2 3
30 4 0 1 2 3
31 4 0 1 2 3
32 4 0 1 2 3
33 4 0 1 2 3
34 4 0 1 2 3
35 4 0 1 2 3
36 4 0 1 2 3
37 4 0 1 2 3
38 4 0 1 2 3
39 4 0 1 2 3
40 4 0 1 2 3
41 4 0 1 2 3
42 4 0 1 2 3
43 4 0 1 2 3
44 4 0 1 2 3
45 4 0 1 2 3
46 4 0 1 2 3
47 4 0 1 2 3
48 4 0 1 2 3
49 4 0 1 2 3
50 4 0 1 2 3
51 4 0 1 2 3
52 4 0 1 2 3
53 4 0 1 2 3
54 4 0 1 2 3
55 4 0 1 2 3
56 4 0 1 2 3
57 4 0 1 2 3
58 4 0 1 2 3
59 4 0 1 2 3
60 4 0 1 2 3
61 4 0 1 2 3
62 4 0 1 2 3
63 4 0 1 2 3
64 4 0 1 2 3
65 4 0 1 2 3
66 4 0 1 2 3
67 4 0 1 2 3
68 4 0 1 2 3
69 4 0 1 2 3
70 4 0 1 2 3
71 4 0 1 2 3
72 4 0 1 2 3
73 4 0 1 2 3
74 4 0 1 2 3
75 4 0 1 2 3
76 4 0 1 2 3
77 4 0 1 2 3
205
1 54 4   0 0   1 1   2 2   3 3
1 71 4   0 0   1 1   2 2   3 3
1 76 4   0 0   1 1   2 2   3 3
1 77 4   0 0   1 1   2 2   3 3
2 49 4   0 0   1 1   2 2   3 3
2 35 4   0 0   1 1   2 2   3 3
2 4 4   0 0   1 1   2 2   3 3
2 26 4   0 0   1 1   2 2   3 3
2 28 4   0 0   1 1   2 2   3 3
3 67 4   0 0   1 1   2 2   3 3
3 38 4   0 0   1 1   2 2   3 3
3 40 4   0 0   1 1   2 2   3 3
3 26 4   0 0   1 1   2 2   3 3
3 28 4   0 0   1 1   2 2   3 3
4 34 4   0 0   1 1   2 2   3 3
4 35 4   0 0   1 1   2 2   3 3
4 28 4   0 0   1 1   2 2   3 3
4 47 4   0 0   1 1   2 2   3 3
5 53 4   0 0   1 1   2 2   3 3
5 6 4   0 0   1 1   2 2   3 3
5 45 4   0 0   1 1   2 2   3 3
6 53 4   0 0   1 1   2 2   3 3
6 55 4   0 0   1 1   2 2   3 3
6 24 4   0 0   1 1   2 2   3 3
7 16 4   0 0   1 1   2 2   3 3
7 18 4   0 0   1 1   2 2   3 3
7 41 4   0 0   1 1   2 2   3 3
7 31 4   0 0   1 1   2 2   3 3
8 72 4   0 0   1 1   2 2   3 3
8 58 4   0 0   1 1   2 2   3 3
8 11 4   0 0   1 1   2 2   3 3
8 61 4   0 0   1 1   2 2   3 3
8 29 4   0 0   1 1   2 2   3 3
9 64 4   0 0   1 1   2 2   3 3
9 21 4   0 0   1 1   2 2   3 3
9 38 4   0 0   1 1   2 2   3 3
9 72 4   0 0   1 1   2 2   3 3
9 58 4   0 0   1 1   2 2   3 3
9 12 4   0 0   1 1   2 2   3 3
10 20 4   0 0   1 1   2 2   3 3
10 25 4   0 0   1 1   2 2   3 3
10 57 4   0 0   1 1   2 2   3 3
10 13 4   0 0   1 1   2 2   3 3
11 18 4   0 0   1 1   2 2   3 3
11 51 4   0 0   1 1   2 2   3 3
11 52 4   0 0   1 1   2 2   3 3
11 72 4   0 0   1 1   2 2   3 3
11 73 4   0 0   1 1   2 2   3 3
11 61 4   0 0   1 1   2 2   3 3
12 17 4   0 0   1 1   2 2   3 3
12 38 4   0 0   1 1   2 2   3 3
12 72 4   0 0   1 1   2 2   3 3
12 40 4   0 0   1 1   2 2   3 3
13 25 4   0 0   1 1   2 2   3 3
13 57 4   0 0   1 1   2 2   3 3
13 75 4   0 0   1 1   2 2   3 3
13 29 4   0 0   1 1   2 2   3 3
13 30 4   0 0   1 1   2 2   3 3
14 48 4   0 0   1 1   2 2   3 3
14 34 4   0 0   1 1   2 2   3 3
14 68 4   0 0   1 1   2 2   3 3
14 37 4   0 0   1 1   2 2   3 3
14 63 4   0 0   1 1   2 2   3 3
15 16 4   0 0   1 1   2 2   3 3
15 20 4   0 0   1 1   2 2   3 3
15 22 4   0 0   1 1   2 2   3 3
15 31 4   0 0   1 1   2 2   3 3
16 18 4   0 0   1 1   2 2   3 3
16 52 4   0 0   1 1   2 2   3 3
16 20 4   0 0   1 1   2 2   3 3
16 25 4   0 0   1 1   2 2   3 3
16 61 4   0 0   1 1   2 2   3 3
16 31 4   0 0   1 1   2 2   3 3
17 48 4   0 0   1 1   2 2   3 3
17 68 4   0 0   1 1   2 2   3 3
17 72 4   0 0   1 1   2 2   3 3
17 40 4   0 0   1 1   2 2   3 3
17 59 4   0 0   1 1   2 2   3 3
18 52 4   0 0   1 1   2 2   3 3
18 69 4   0 0   1 1   2 2   3 3
18 41 4   0 0   1 1   2 2   3 3
18 73 4   0 0   1 1   2 2   3 3
19 22 4   0 0   1 1   2 2   3 3
19 55 4   0 0   1 1   2 2   3 3
20 25 4   0 0   1 1   2 2   3 3
21 64 4   0 0   1 1   2 2   3 3
21 36 4   0 0   1 1   2 2   3 3
21 70 4   0 0   1 1   2 2   3 3
21 23 4   0 0   1 1   2 2   3 3
21 58 4   0 0   1 1   2 2   3 3
21 42 4   0 0   1 1   2 2   3 3
21 74 4   0 0   1 1   2 2   3 3
21 75 4   0 0   1 1   2 2   3 3
21 29 4   0 0   1 1   2 2   3 3
22 33 4   0 0   1 1   2 2   3 3
22 55 4   0 0   1 1   2 2   3 3
22 56 4   0 0   1 1   2 2   3 3
22 31 4   0 0   1 1   2 2   3 3
23 42 4   0 0   1 1   2 2   3 3
23 74 4   0 0   1 1   2 2   3 3
23 27 4   0 0   1 1   2 2   3 3
24 50 4   0 0   1 1   2 2   3 3
24 53 4   0 0   1 1   2 2   3 3
24 55 4   0 0   1 1   2 2   3 3
25 61 4   0 0   1 1   2 2   3 3
25 29 4   0 0   1 1   2 2   3 3
26 49 4   0 0   1 1   2 2   3 3
26 67 4   0 0   1 1   2 2   3 3
26 28 4   0 0   1 1   2 2   3 3
27 42 4   0 0   1 1   2 2   3 3
27 74 4   0 0   1 1   2 2   3 3
27 62 4   0 0   1 1   2 2   3 3
28 34 4   0 0   1 1   2 2   3 3
28 40 4   0 0   1 1   2 2   3 3
29 70 4   0 0   1 1   2 2   3 3
29 58 4   0 0   1 1   2 2   3 3
29 75 4   0 0   1 1   2 2   3 3
29 61 4   0 0   1 1   2 2   3 3
30 57 4   0 0   1 1   2 2   3 3
30 74 4   0 0   1 1   2 2   3 3
30 75 4   0 0   1 1   2 2   3 3
31 56 4   0 0   1 1   2 2   3 3
31 41 4   0 0   1 1   2 2   3 3
32 66 4   0 0   1 1   2 2   3 3
32 39 4   0 0   1 1   2 2   3 3
32 44 4   0 0   1 1   2 2   3 3
32 63 4   0 0   1 1   2 2   3 3
32 47 4   0 0   1 1   2 2   3 3
33 50 4   0 0   1 1   2 2   3 3
33 55 4   0 0   1 1   2 2   3 3
33 56 4   0 0   1 1   2 2   3 3
33 43 4   0 0   1 1   2 2   3 3
34 68 4   0 0   1 1   2 2   3 3
34 40 4   0 0   1 1   2 2   3 3
34 63 4   0 0   1 1   2 2   3 3
34 47 4   0 0   1 1   2 2   3 3
35 49 4   0 0   1 1   2 2   3 3
35 39 4   0 0   1 1   2 2   3 3
35 47 4   0 0   1 1   2 2   3 3
36 74 4   0 0   1 1   2 2   3 3
36 75 4   0 0   1 1   2 2   3 3
37 48 4   0 0   1 1   2 2   3 3
37 65 4   0 0   1 1   2 2   3 3
37 66 4   0 0   1 1   2 2   3 3
37 45 4   0 0   1 1   2 2   3 3
37 63 4   0 0   1 1   2 2   3 3
38 64 4   0 0   1 1   2 2   3 3
38 67 4   0 0   1 1   2 2   3 3
38 54 4   0 0   1 1   2 2   3 3
38 40 4   0 0   1 1   2 2   3 3
38 76 4   0 0   1 1   2 2   3 3
38 46 4   0 0   1 1   2 2   3 3
39 44 4   0 0   1 1   2 2   3 3
39 47 4   0 0   1 1   2 2   3 3
40 68 4   0 0   1 1   2 2   3 3
41 65 4   0 0   1 1   2 2   3 3
41 50 4   0 0   1 1   2 2   3 3
41 69 4   0 0   1 1   2 2   3 3
41 56 4   0 0   1 1   2 2   3 3
41 43 4   0 0   1 1   2 2   3 3
41 45 4   0 0   1 1   2 2   3 3
42 64 4   0 0   1 1   2 2   3 3
42 62 4   0 0   1 1   2 2   3 3
43 50 4   0 0   1 1   2 2   3 3
43 56 4   0 0   1 1   2 2   3 3
45 65 4   0 0   1 1   2 2   3 3
45 66 4   0 0   1 1   2 2   3 3
45 50 4   0 0   1 1   2 2   3 3
45 53 4   0 0   1 1   2 2   3 3
46 64 4   0 0   1 1   2 2   3 3
46 71 4   0 0   1 1   2 2   3 3
46 76 4   0 0   1 1   2 2   3 3
46 60 4   0 0   1 1   2 2   3 3
47 63 4   0 0   1 1   2 2   3 3
48 65 4   0 0   1 1   2 2   3 3
48 68 4   0 0   1 1   2 2   3 3
48 59 4   0 0   1 1   2 2   3 3
49 77 4   0 0   1 1   2 2   3 3
50 53 4   0 0   1 1   2 2   3 3
50 55 4   0 0   1 1   2 2   3 3
51 69 4   0 0   1 1   2 2   3 3
51 72 4   0 0   1 1   2 2   3 3
51 73 4   0 0   1 1   2 2   3 3
51 59 4   0 0   1 1   2 2   3 3
52 61 4   0 0   1 1   2 2   3 3
54 67 4   0 0   1 1   2 2   3 3
54 76 4   0 0   1 1   2 2   3 3
54 77 4   0 0   1 1   2 2   3 3
57 74 4   0 0   1 1   2 2   3 3
58 70 4   0 0   1 1   2 2   3 3
58 72 4   0 0   1 1   2 2   3 3
59 65 4   0 0   1 1   2 2   3 3
59 69 4   0 0   1 1   2 2   3 3
59 72 4   0 0   1 1   2 2   3 3
60 64 4   0 0   1 1   2 2   3 3
60 71 4   0 0   1 1   2 2   3 3
60 62 4   0 0   1 1   2 2   3 3
62 64 4   0 0   1 1   2 2   3 3
63 66 4   0 0   1 1   2 2   3 3
65 69 4   0 0   1 1   2 2   3 3
67 77 4   0 0   1 1   2 2   3 3
69 73 4   0 0   1 1   2 2   3 3
71 76 4   0 0   1 1   2 2   3 3
71 77 4   0 0   1 1   2 2   3 3
74 75 4   0 0   1 1   2 2   3 3
