28 28
3 3 3 3 3 3 3 3 3 3 3 3 3 3 3 3 3 3 7 7 7 7 7 7 7 7 7 7 
3 3 3 3 3 3 3 3 3 3 3 3 3 3 3 3 3 3 3 7 7 7 7 7 7 7 7 7 
1 1 1 3 5 5 5 5 5 5 5 5 5 5 5 3 3 3 3 7 7 7 7 7 7 7 7 7 
1 1 1 1 5 5 5 5 5 5 5 5 5 5 5 3 3 3 3 7 7 7 7 7 7 7 7 7 
2 2 2 1 1 1 1 5 5 5 5 5 5 5 3 3 3 3 3 3 7 7 7 7 7 7 7 7 
2 2 2 2 1 1 6 5 5 5 5 5 5 5 5 5 3 3 3 7 7 7 7 7 7 7 7 7 
2 2 2 2 2 1 6 6 6 6 5 5 5 5 5 5 5 3 3 7 7 7 7 7 7 7 7 7 
2 2 2 2 1 1 1 6 6 6 6 5 5 5 5 5 3 3 3 3 7 7 7 7 7 7 7 7 
2 2 2 2 1 1 6 6 6 6 6 6 5 5 5 5 3 3 3 7 7 7 7 7 7 7 7 7 
2 2 2 2 1 1 6 6 6 6 6 6 5 5 5 5 3 3 7 7 7 7 7 7 7 7 7 7 
2 2 2 2 1 1 1 6 6 6 6 6 6 6 5 5 3 3 3 3 7 7 7 7 7 7 3 3 
2 2 2 2 2 1 1 6 6 6 6 6 6 6 5 5 5 3 3 7 7 7 7 7 3 3 3 3 
2 2 2 1 2 1 1 6 6 6 6 6 6 6 6 5 5 5 3 7 3 3 3 3 3 3 3 3 
2 2 2 1 1 1 1 6 6 6 6 6 6 6 6 5 5 5 3 3 3 3 3 3 3 3 3 3 
2 1 1 1 6 6 6 6 6 6 6 6 6 6 6 6 6 5 3 3 3 3 3 3 3 3 3 3 
2 1 1 1 1 6 6 6 6 6 6 6 6 6 6 6 6 5 5 3 3 3 3 3 3 3 3 3 
2 1 1 1 1 6 6 6 6 6 6 6 6 6 6 6 6 5 5 5 5 3 3 3 3 3 3 3 
2 1 1 1 1 6 6 6 6 6 6 6 6 6 6 6 6 5 5 5 5 5 5 5 3 3 3 3 
2 1 1 1 6 6 6 6 6 6 6 6 6 6 6 6 5 5 5 5 5 5 5 5 5 3 3 4 
2 1 1 1 1 1 1 1 6 1 1 6 6 6 6 6 5 5 5 5 5 5 5 5 5 3 4 4 
2 2 2 1 1 1 1 1 1 1 1 1 6 5 5 5 5 5 5 5 5 5 5 5 5 5 4 4 
2 2 2 2 2 2 2 2 1 1 1 1 1 1 5 1 5 5 5 5 5 5 4 4 4 4 4 4 
2 2 2 2 2 2 2 2 2 2 1 1 1 1 1 1 1 5 1 1 1 5 4 4 4 4 4 4 
2 2 2 2 2 2 2 2 2 2 2 1 1 1 1 1 1 1 1 1 1 1 4 4 4 4 4 4 
2 2 2 2 2 2 2 2 2 2 2 1 1 1 1 1 1 1 1 1 4 4 4 4 4 4 4 4 
2 2 2 2 2 2 2 2 2 2 2 2 2 1 1 1 1 1 1 1 1 4 4 4 4 4 4 4 
2 2 2 2 2 2 2 2 2 2 2 2 2 2 1 1 1 1 1 1 4 4 4 4 4 4 4 4 
2 2 2 2 2 2 2 2 2 2 2 1 1 1 1 1 1 1 1 1 1 4 4 4 4 4 4 4 
