87
1 4 0 1 2 3
2 4 0 1 2 3
3 4 0 1 2 3
4 4 0 1 2 3
5 4 0 1 2 3
6 4 0 1 2 3
7 4 0 1 2 3
8 4 0 1 2 3
9 4 0 1 2 3
10 4 0 1 2 3
11 4 0 1 2 3
12 4 0 1 2 3
13 4 0 1 2 3
14 4 0 1 2 3
15 4 0 1 2 3
16 4 0 1 2 3
17 4 0 1 2 3
18 4 0 1 2 3
19 4 0 1 2 3
20 4 0 1 2 3
21 4 0 1 2 3
22 4 0 1 2 3
23 4 0 1 2 3
24 4 0 1 2 3
25 4 0 1 2 3
26 4 0 1 2 3
27 4 0 1 2 3
28 4 0 1 2 3
29 4 0 1 2 3
30 4 0 1 2 3
31 4 0 1 2 3
32 4 0 1 2 3
33 4 0 1 2 3
34 4 0 1 2 3
35 4 0 1 2 3
36 4 0 1 2 3
37 4 0 1 2 3
38 4 0 1 2 3
39 4 0 1 2 3
40 4 0 1 2 3
41 4 0 1 2 3
42 4 0 1 2 3
43 4 0 1 2 3
44 4 0 1 2 3
45 4 0 1 2 3
46 4 0 1 2 3
47 4 0 1 2 3
48 4 0 1 2 3
49 4 0 1 2 3
50 4 0 1 2 3
51 4 0 1 2 3
52 4 0 1 2 3
53 4 0 1 2 3
54 4 0 1 2 3
55 4 0 1 2 3
56 4 0 1 2 3
57 4 0 1 2 3
58 4 0 1 2 3
59 4 0 1 2 3
60 4 0 1 2 3
61 4 0 1 2 3
62 4 0 1 2 3
63 4 0 1 2 3
64 4 0 1 2 3
65 4 0 1 2 3
66 4 0 1 2 3
67 4 0 1 2 3
68 4 0 1 2 3
69 4 0 1 2 3
70 4 0 1 2 3
71 4 0 1 2 3
72 4 0 1 2 3
73 4 0 1 2 3
74 4 0 1 2 3
75 4 0 1 2 3
76 4 0 1 2 3
77 4 0 1 2 3
78 4 0 1 2 3
79 4 0 1 2 3
80 4 0 1 2 3
81 4 0 1 2 3
82 4 0 1 2 3
83 4 0 1 2 3
84 4 0 1 2 3
85 4 0 1 2 3
86 4 0 1 2 3
87 4 0 1 2 3
227
1 48 4   0 0   1 1   2 2   3 3
1 65 4   0 0   1 1   2 2   3 3
1 41 4   0 0   1 1   2 2   3 3
2 48 4   0 0   1 1   2 2   3 3
2 65 4   0 0   1 1   2 2   3 3
2 3 4   0 0   1 1   2 2   3 3
2 85 4   0 0   1 1   2 2   3 3
2 24 4   0 0   1 1   2 2   3 3
2 8 4   0 0   1 1   2 2   3 3
2 61 4   0 0   1 1   2 2   3 3
2 46 4   0 0   1 1   2 2   3 3
3 85 4   0 0   1 1   2 2   3 3
3 27 4   0 0   1 1   2 2   3 3
3 61 4   0 0   1 1   2 2   3 3
3 15 4   0 0   1 1   2 2   3 3
4 50 4   0 0   1 1   2 2   3 3
4 51 4   0 0   1 1   2 2   3 3
4 19 4   0 0   1 1   2 2   3 3
4 55 4   0 0   1 1   2 2   3 3
4 59 4   0 0   1 1   2 2   3 3
4 43 4   0 0   1 1   2 2   3 3
5 25 4   0 0   1 1   2 2   3 3
5 75 4   0 0   1 1   2 2   3 3
5 60 4   0 0   1 1   2 2   3 3
5 77 4   0 0   1 1   2 2   3 3
5 31 4   0 0   1 1   2 2   3 3
6 49 4   0 0   1 1   2 2   3 3
6 17 4   0 0   1 1   2 2   3 3
6 53 4   0 0   1 1   2 2   3 3
6 25 4   0 0   1 1   2 2   3 3
6 75 4   0 0   1 1   2 2   3 3
7 54 4   0 0   1 1   2 2   3 3
7 87 4   0 0   1 1   2 2   3 3
7 41 4   0 0   1 1   2 2   3 3
7 28 4   0 0   1 1   2 2   3 3
7 12 4   0 0   1 1   2 2   3 3
8 65 4   0 0   1 1   2 2   3 3
8 38 4   0 0   1 1   2 2   3 3
8 24 4   0 0   1 1   2 2   3 3
8 11 4   0 0   1 1   2 2   3 3
9 54 4   0 0   1 1   2 2   3 3
9 87 4   0 0   1 1   2 2   3 3
9 25 4   0 0   1 1   2 2   3 3
9 26 4   0 0   1 1   2 2   3 3
9 77 4   0 0   1 1   2 2   3 3
9 62 4   0 0   1 1   2 2   3 3
10 80 4   0 0   1 1   2 2   3 3
10 56 4   0 0   1 1   2 2   3 3
10 26 4   0 0   1 1   2 2   3 3
10 30 4   0 0   1 1   2 2   3 3
11 20 4   0 0   1 1   2 2   3 3
11 38 4   0 0   1 1   2 2   3 3
11 24 4   0 0   1 1   2 2   3 3
11 42 4   0 0   1 1   2 2   3 3
12 36 4   0 0   1 1   2 2   3 3
12 87 4   0 0   1 1   2 2   3 3
12 41 4   0 0   1 1   2 2   3 3
13 26 4   0 0   1 1   2 2   3 3
13 60 4   0 0   1 1   2 2   3 3
13 77 4   0 0   1 1   2 2   3 3
13 30 4   0 0   1 1   2 2   3 3
13 79 4   0 0   1 1   2 2   3 3
14 26 4   0 0   1 1   2 2   3 3
14 58 4   0 0   1 1   2 2   3 3
15 16 4   0 0   1 1   2 2   3 3
15 66 4   0 0   1 1   2 2   3 3
15 22 4   0 0   1 1   2 2   3 3
15 27 4   0 0   1 1   2 2   3 3
15 46 4   0 0   1 1   2 2   3 3
16 20 4   0 0   1 1   2 2   3 3
16 24 4   0 0   1 1   2 2   3 3
16 29 4   0 0   1 1   2 2   3 3
16 46 4   0 0   1 1   2 2   3 3
17 18 4   0 0   1 1   2 2   3 3
17 50 4   0 0   1 1   2 2   3 3
17 53 4   0 0   1 1   2 2   3 3
17 75 4   0 0   1 1   2 2   3 3
18 50 4   0 0   1 1   2 2   3 3
18 69 4   0 0   1 1   2 2   3 3
18 53 4   0 0   1 1   2 2   3 3
18 43 4   0 0   1 1   2 2   3 3
19 50 4   0 0   1 1   2 2   3 3
19 59 4   0 0   1 1   2 2   3 3
20 49 4   0 0   1 1   2 2   3 3
20 82 4   0 0   1 1   2 2   3 3
20 24 4   0 0   1 1   2 2   3 3
20 42 4   0 0   1 1   2 2   3 3
20 29 4   0 0   1 1   2 2   3 3
21 82 4   0 0   1 1   2 2   3 3
21 51 4   0 0   1 1   2 2   3 3
21 69 4   0 0   1 1   2 2   3 3
21 40 4   0 0   1 1   2 2   3 3
21 44 4   0 0   1 1   2 2   3 3
22 66 4   0 0   1 1   2 2   3 3
22 57 4   0 0   1 1   2 2   3 3
23 86 4   0 0   1 1   2 2   3 3
23 55 4   0 0   1 1   2 2   3 3
23 44 4   0 0   1 1   2 2   3 3
23 76 4   0 0   1 1   2 2   3 3
24 46 4   0 0   1 1   2 2   3 3
25 49 4   0 0   1 1   2 2   3 3
25 54 4   0 0   1 1   2 2   3 3
25 75 4   0 0   1 1   2 2   3 3
25 77 4   0 0   1 1   2 2   3 3
26 58 4   0 0   1 1   2 2   3 3
26 77 4   0 0   1 1   2 2   3 3
26 62 4   0 0   1 1   2 2   3 3
26 30 4   0 0   1 1   2 2   3 3
27 61 4   0 0   1 1   2 2   3 3
27 46 4   0 0   1 1   2 2   3 3
28 65 4   0 0   1 1   2 2   3 3
28 49 4   0 0   1 1   2 2   3 3
28 38 4   0 0   1 1   2 2   3 3
28 54 4   0 0   1 1   2 2   3 3
28 41 4   0 0   1 1   2 2   3 3
29 66 4   0 0   1 1   2 2   3 3
29 82 4   0 0   1 1   2 2   3 3
29 40 4   0 0   1 1   2 2   3 3
30 80 4   0 0   1 1   2 2   3 3
30 79 4   0 0   1 1   2 2   3 3
31 81 4   0 0   1 1   2 2   3 3
31 50 4   0 0   1 1   2 2   3 3
31 35 4   0 0   1 1   2 2   3 3
31 75 4   0 0   1 1   2 2   3 3
31 60 4   0 0   1 1   2 2   3 3
31 79 4   0 0   1 1   2 2   3 3
32 40 4   0 0   1 1   2 2   3 3
32 57 4   0 0   1 1   2 2   3 3
32 44 4   0 0   1 1   2 2   3 3
33 83 4   0 0   1 1   2 2   3 3
33 52 4   0 0   1 1   2 2   3 3
33 86 4   0 0   1 1   2 2   3 3
33 73 4   0 0   1 1   2 2   3 3
33 59 4   0 0   1 1   2 2   3 3
34 64 4   0 0   1 1   2 2   3 3
34 37 4   0 0   1 1   2 2   3 3
34 74 4   0 0   1 1   2 2   3 3
34 45 4   0 0   1 1   2 2   3 3
35 80 4   0 0   1 1   2 2   3 3
35 81 4   0 0   1 1   2 2   3 3
35 37 4   0 0   1 1   2 2   3 3
35 56 4   0 0   1 1   2 2   3 3
35 79 4   0 0   1 1   2 2   3 3
36 68 4   0 0   1 1   2 2   3 3
36 84 4   0 0   1 1   2 2   3 3
36 87 4   0 0   1 1   2 2   3 3
37 64 4   0 0   1 1   2 2   3 3
37 81 4   0 0   1 1   2 2   3 3
37 56 4   0 0   1 1   2 2   3 3
37 45 4   0 0   1 1   2 2   3 3
37 78 4   0 0   1 1   2 2   3 3
38 65 4   0 0   1 1   2 2   3 3
38 49 4   0 0   1 1   2 2   3 3
38 42 4   0 0   1 1   2 2   3 3
39 64 4   0 0   1 1   2 2   3 3
39 81 4   0 0   1 1   2 2   3 3
39 70 4   0 0   1 1   2 2   3 3
39 74 4   0 0   1 1   2 2   3 3
39 78 4   0 0   1 1   2 2   3 3
39 63 4   0 0   1 1   2 2   3 3
40 66 4   0 0   1 1   2 2   3 3
40 82 4   0 0   1 1   2 2   3 3
40 57 4   0 0   1 1   2 2   3 3
40 44 4   0 0   1 1   2 2   3 3
41 65 4   0 0   1 1   2 2   3 3
42 49 4   0 0   1 1   2 2   3 3
43 50 4   0 0   1 1   2 2   3 3
43 51 4   0 0   1 1   2 2   3 3
43 69 4   0 0   1 1   2 2   3 3
44 51 4   0 0   1 1   2 2   3 3
44 55 4   0 0   1 1   2 2   3 3
45 56 4   0 0   1 1   2 2   3 3
46 61 4   0 0   1 1   2 2   3 3
47 83 4   0 0   1 1   2 2   3 3
47 67 4   0 0   1 1   2 2   3 3
47 71 4   0 0   1 1   2 2   3 3
47 72 4   0 0   1 1   2 2   3 3
48 65 4   0 0   1 1   2 2   3 3
48 85 4   0 0   1 1   2 2   3 3
49 82 4   0 0   1 1   2 2   3 3
49 53 4   0 0   1 1   2 2   3 3
49 54 4   0 0   1 1   2 2   3 3
50 81 4   0 0   1 1   2 2   3 3
50 59 4   0 0   1 1   2 2   3 3
50 75 4   0 0   1 1   2 2   3 3
51 69 4   0 0   1 1   2 2   3 3
51 55 4   0 0   1 1   2 2   3 3
52 86 4   0 0   1 1   2 2   3 3
52 73 4   0 0   1 1   2 2   3 3
52 76 4   0 0   1 1   2 2   3 3
53 82 4   0 0   1 1   2 2   3 3
53 69 4   0 0   1 1   2 2   3 3
54 87 4   0 0   1 1   2 2   3 3
55 86 4   0 0   1 1   2 2   3 3
55 59 4   0 0   1 1   2 2   3 3
56 80 4   0 0   1 1   2 2   3 3
57 66 4   0 0   1 1   2 2   3 3
58 68 4   0 0   1 1   2 2   3 3
58 62 4   0 0   1 1   2 2   3 3
59 83 4   0 0   1 1   2 2   3 3
59 86 4   0 0   1 1   2 2   3 3
59 72 4   0 0   1 1   2 2   3 3
60 77 4   0 0   1 1   2 2   3 3
60 79 4   0 0   1 1   2 2   3 3
62 68 4   0 0   1 1   2 2   3 3
62 87 4   0 0   1 1   2 2   3 3
63 81 4   0 0   1 1   2 2   3 3
63 67 4   0 0   1 1   2 2   3 3
63 70 4   0 0   1 1   2 2   3 3
63 72 4   0 0   1 1   2 2   3 3
64 74 4   0 0   1 1   2 2   3 3
64 78 4   0 0   1 1   2 2   3 3
67 70 4   0 0   1 1   2 2   3 3
67 71 4   0 0   1 1   2 2   3 3
67 72 4   0 0   1 1   2 2   3 3
68 84 4   0 0   1 1   2 2   3 3
68 87 4   0 0   1 1   2 2   3 3
69 82 4   0 0   1 1   2 2   3 3
70 74 4   0 0   1 1   2 2   3 3
71 83 4   0 0   1 1   2 2   3 3
72 81 4   0 0   1 1   2 2   3 3
72 83 4   0 0   1 1   2 2   3 3
73 83 4   0 0   1 1   2 2   3 3
73 76 4   0 0   1 1   2 2   3 3
76 86 4   0 0   1 1   2 2   3 3
78 81 4   0 0   1 1   2 2   3 3
79 80 4   0 0   1 1   2 2   3 3
