32 32
4 4 4 4 4 4 4 3 3 3 3 3 3 3 3 3 3 3 3 3 3 3 3 7 7 7 7 7 7 7 7 7 
4 4 4 4 4 4 4 3 3 3 3 3 3 3 3 3 3 3 3 3 3 3 3 7 7 7 7 7 7 7 7 7 
4 4 4 4 4 4 4 4 3 3 3 3 3 3 3 3 3 3 3 3 3 3 7 7 7 7 7 7 7 7 7 7 
4 4 4 4 4 4 4 4 3 3 3 3 3 3 3 3 3 3 3 3 3 3 7 7 7 7 7 7 7 7 7 7 
4 4 4 4 4 4 4 4 4 4 4 4 3 3 3 3 3 3 3 3 3 7 7 7 7 7 7 7 7 7 7 7 
4 4 4 4 4 4 4 4 4 4 4 4 4 4 4 3 3 3 3 3 3 3 7 7 7 7 7 7 7 7 7 7 
4 4 4 4 4 4 4 4 4 4 4 2 2 2 2 2 3 3 3 3 3 7 7 7 7 7 7 7 7 7 7 7 
4 4 4 4 4 4 4 4 4 2 2 2 2 2 2 2 2 2 3 3 3 7 7 7 7 7 7 7 7 7 7 7 
4 4 4 4 4 4 4 2 2 2 2 2 2 2 2 2 2 2 3 3 7 7 7 7 7 7 7 7 7 7 7 7 
4 4 4 4 4 4 4 2 2 2 2 2 2 2 2 2 2 3 3 3 7 7 7 7 7 7 7 7 7 7 7 7 
4 4 4 4 4 4 2 2 2 2 2 2 2 2 2 2 3 3 3 3 3 7 7 7 3 7 7 3 7 7 7 7 
1 1 4 1 4 1 2 2 2 2 2 2 2 2 2 2 2 3 3 3 3 3 3 3 3 3 3 3 7 7 7 7 
1 1 1 1 1 1 1 2 2 2 2 2 2 2 2 2 2 2 3 3 2 2 3 3 3 3 3 3 3 7 7 7 
1 1 1 1 1 1 1 2 2 2 2 2 2 2 2 2 2 2 2 2 2 2 3 3 3 6 3 3 7 7 7 7 
1 1 1 1 1 1 1 1 2 2 2 2 2 2 2 2 2 6 2 6 6 6 6 6 6 6 6 6 6 7 7 7 
1 1 1 1 1 1 1 1 2 2 1 1 2 2 2 2 2 6 2 6 6 6 6 6 6 6 6 6 7 7 7 7 
1 1 1 1 1 1 1 1 1 1 1 1 2 2 2 2 2 6 6 6 6 6 6 6 6 6 6 6 6 6 7 7 
1 1 1 1 1 1 1 1 1 1 1 1 2 2 2 6 6 6 6 6 6 6 6 6 6 6 6 6 6 6 7 7 
1 1 1 1 1 1 1 1 1 5 5 5 5 5 5 6 6 6 6 6 6 6 6 6 6 6 6 6 6 6 7 7 
1 1 1 1 1 1 1 1 1 5 5 5 5 5 5 6 6 6 6 6 6 6 6 6 6 6 6 6 6 6 6 7 
1 1 1 1 1 1 1 1 5 5 5 5 5 5 6 6 6 6 6 6 6 6 6 6 6 6 6 6 6 6 6 6 
1 1 1 1 1 5 5 5 5 5 5 5 5 5 5 5 6 6 6 6 6 6 6 6 6 6 6 6 6 6 6 6 
1 1 1 1 1 5 5 5 5 5 5 5 5 5 5 5 5 6 6 6 6 6 6 6 6 5 6 6 6 6 6 6 
8 1 1 1 1 5 5 5 5 5 5 5 5 5 5 5 5 5 6 5 6 6 6 5 5 5 5 5 6 6 6 6 
8 8 8 8 5 5 5 5 5 5 5 5 5 5 5 5 5 5 5 5 6 6 6 5 5 5 5 5 5 6 6 6 
8 8 8 5 5 5 5 5 5 5 5 5 5 5 5 5 8 8 5 5 5 6 6 5 5 5 5 8 5 5 5 6 
8 8 8 8 8 8 5 5 5 5 5 5 5 5 5 5 8 8 8 5 5 6 5 5 5 8 8 8 8 8 5 6 
8 8 8 8 8 8 5 5 8 8 5 5 5 5 8 8 8 8 8 8 5 5 5 5 8 8 8 8 8 5 5 6 
8 8 8 8 8 8 8 8 8 8 5 5 8 5 8 8 8 8 8 8 5 5 5 5 8 8 8 8 8 5 5 5 
8 8 8 8 8 8 8 8 8 8 8 8 8 8 8 8 8 8 8 8 8 5 5 5 8 8 8 8 8 8 8 5 
8 8 8 8 8 8 8 8 8 8 8 8 8 8 8 8 8 8 8 8 8 5 5 5 8 8 8 8 8 8 8 5 
8 8 8 8 8 8 8 8 8 8 8 8 8 8 8 8 8 8 8 8 8 8 8 8 8 8 8 8 8 8 8 5 
