91
1 4 0 1 2 3
2 4 0 1 2 3
3 4 0 1 2 3
4 4 0 1 2 3
5 4 0 1 2 3
6 4 0 1 2 3
7 4 0 1 2 3
8 4 0 1 2 3
9 4 0 1 2 3
10 4 0 1 2 3
11 4 0 1 2 3
12 4 0 1 2 3
13 4 0 1 2 3
14 4 0 1 2 3
15 4 0 1 2 3
16 4 0 1 2 3
17 4 0 1 2 3
18 4 0 1 2 3
19 4 0 1 2 3
20 4 0 1 2 3
21 4 0 1 2 3
22 4 0 1 2 3
23 4 0 1 2 3
24 4 0 1 2 3
25 4 0 1 2 3
26 4 0 1 2 3
27 4 0 1 2 3
28 4 0 1 2 3
29 4 0 1 2 3
30 4 0 1 2 3
31 4 0 1 2 3
32 4 0 1 2 3
33 4 0 1 2 3
34 4 0 1 2 3
35 4 0 1 2 3
36 4 0 1 2 3
37 4 0 1 2 3
38 4 0 1 2 3
39 4 0 1 2 3
40 4 0 1 2 3
41 4 0 1 2 3
42 4 0 1 2 3
43 4 0 1 2 3
44 4 0 1 2 3
45 4 0 1 2 3
46 4 0 1 2 3
47 4 0 1 2 3
48 4 0 1 2 3
49 4 0 1 2 3
50 4 0 1 2 3
51 4 0 1 2 3
52 4 0 1 2 3
53 4 0 1 2 3
54 4 0 1 2 3
55 4 0 1 2 3
56 4 0 1 2 3
57 4 0 1 2 3
58 4 0 1 2 3
59 4 0 1 2 3
60 4 0 1 2 3
61 4 0 1 2 3
62 4 0 1 2 3
63 4 0 1 2 3
64 4 0 1 2 3
65 4 0 1 2 3
66 4 0 1 2 3
67 4 0 1 2 3
68 4 0 1 2 3
69 4 0 1 2 3
70 4 0 1 2 3
71 4 0 1 2 3
72 4 0 1 2 3
73 4 0 1 2 3
74 4 0 1 2 3
75 4 0 1 2 3
76 4 0 1 2 3
77 4 0 1 2 3
78 4 0 1 2 3
79 4 0 1 2 3
80 4 0 1 2 3
81 4 0 1 2 3
82 4 0 1 2 3
83 4 0 1 2 3
84 4 0 1 2 3
85 4 0 1 2 3
86 4 0 1 2 3
87 4 0 1 2 3
88 4 0 1 2 3
89 4 0 1 2 3
90 4 0 1 2 3
91 4 0 1 2 3
235
1 87 4   0 0   1 1   2 2   3 3
1 55 4   0 0   1 1   2 2   3 3
1 13 4   0 0   1 1   2 2   3 3
1 61 4   0 0   1 1   2 2   3 3
1 47 4   0 0   1 1   2 2   3 3
1 15 4   0 0   1 1   2 2   3 3
2 68 4   0 0   1 1   2 2   3 3
2 69 4   0 0   1 1   2 2   3 3
2 86 4   0 0   1 1   2 2   3 3
2 57 4   0 0   1 1   2 2   3 3
2 44 4   0 0   1 1   2 2   3 3
3 49 4   0 0   1 1   2 2   3 3
3 65 4   0 0   1 1   2 2   3 3
3 71 4   0 0   1 1   2 2   3 3
3 10 4   0 0   1 1   2 2   3 3
3 58 4   0 0   1 1   2 2   3 3
4 66 4   0 0   1 1   2 2   3 3
4 51 4   0 0   1 1   2 2   3 3
4 84 4   0 0   1 1   2 2   3 3
4 40 4   0 0   1 1   2 2   3 3
5 81 4   0 0   1 1   2 2   3 3
5 52 4   0 0   1 1   2 2   3 3
5 76 4   0 0   1 1   2 2   3 3
5 63 4   0 0   1 1   2 2   3 3
6 48 4   0 0   1 1   2 2   3 3
6 32 4   0 0   1 1   2 2   3 3
6 19 4   0 0   1 1   2 2   3 3
6 88 4   0 0   1 1   2 2   3 3
6 28 4   0 0   1 1   2 2   3 3
6 29 4   0 0   1 1   2 2   3 3
7 82 4   0 0   1 1   2 2   3 3
7 51 4   0 0   1 1   2 2   3 3
7 35 4   0 0   1 1   2 2   3 3
7 84 4   0 0   1 1   2 2   3 3
7 24 4   0 0   1 1   2 2   3 3
7 72 4   0 0   1 1   2 2   3 3
7 79 4   0 0   1 1   2 2   3 3
8 72 4   0 0   1 1   2 2   3 3
8 89 4   0 0   1 1   2 2   3 3
8 14 4   0 0   1 1   2 2   3 3
8 46 4   0 0   1 1   2 2   3 3
8 78 4   0 0   1 1   2 2   3 3
9 49 4   0 0   1 1   2 2   3 3
9 83 4   0 0   1 1   2 2   3 3
9 69 4   0 0   1 1   2 2   3 3
9 22 4   0 0   1 1   2 2   3 3
9 86 4   0 0   1 1   2 2   3 3
9 41 4   0 0   1 1   2 2   3 3
9 14 4   0 0   1 1   2 2   3 3
10 49 4   0 0   1 1   2 2   3 3
10 65 4   0 0   1 1   2 2   3 3
10 36 4   0 0   1 1   2 2   3 3
11 49 4   0 0   1 1   2 2   3 3
11 42 4   0 0   1 1   2 2   3 3
11 91 4   0 0   1 1   2 2   3 3
11 14 4   0 0   1 1   2 2   3 3
11 78 4   0 0   1 1   2 2   3 3
12 32 4   0 0   1 1   2 2   3 3
12 55 4   0 0   1 1   2 2   3 3
12 59 4   0 0   1 1   2 2   3 3
12 76 4   0 0   1 1   2 2   3 3
12 61 4   0 0   1 1   2 2   3 3
13 48 4   0 0   1 1   2 2   3 3
13 84 4   0 0   1 1   2 2   3 3
13 75 4   0 0   1 1   2 2   3 3
13 28 4   0 0   1 1   2 2   3 3
13 47 4   0 0   1 1   2 2   3 3
13 15 4   0 0   1 1   2 2   3 3
14 49 4   0 0   1 1   2 2   3 3
14 86 4   0 0   1 1   2 2   3 3
14 89 4   0 0   1 1   2 2   3 3
14 78 4   0 0   1 1   2 2   3 3
15 48 4   0 0   1 1   2 2   3 3
15 32 4   0 0   1 1   2 2   3 3
15 55 4   0 0   1 1   2 2   3 3
16 34 4   0 0   1 1   2 2   3 3
16 21 4   0 0   1 1   2 2   3 3
16 56 4   0 0   1 1   2 2   3 3
17 64 4   0 0   1 1   2 2   3 3
17 40 4   0 0   1 1   2 2   3 3
18 65 4   0 0   1 1   2 2   3 3
18 33 4   0 0   1 1   2 2   3 3
18 58 4   0 0   1 1   2 2   3 3
18 43 4   0 0   1 1   2 2   3 3
19 32 4   0 0   1 1   2 2   3 3
19 81 4   0 0   1 1   2 2   3 3
19 52 4   0 0   1 1   2 2   3 3
19 59 4   0 0   1 1   2 2   3 3
19 29 4   0 0   1 1   2 2   3 3
19 45 4   0 0   1 1   2 2   3 3
20 37 4   0 0   1 1   2 2   3 3
20 39 4   0 0   1 1   2 2   3 3
20 71 4   0 0   1 1   2 2   3 3
21 54 4   0 0   1 1   2 2   3 3
21 56 4   0 0   1 1   2 2   3 3
21 73 4   0 0   1 1   2 2   3 3
21 31 4   0 0   1 1   2 2   3 3
22 83 4   0 0   1 1   2 2   3 3
22 70 4   0 0   1 1   2 2   3 3
22 41 4   0 0   1 1   2 2   3 3
23 67 4   0 0   1 1   2 2   3 3
23 39 4   0 0   1 1   2 2   3 3
23 73 4   0 0   1 1   2 2   3 3
23 30 4   0 0   1 1   2 2   3 3
23 31 4   0 0   1 1   2 2   3 3
24 51 4   0 0   1 1   2 2   3 3
25 50 4   0 0   1 1   2 2   3 3
25 27 4   0 0   1 1   2 2   3 3
25 45 4   0 0   1 1   2 2   3 3
25 46 4   0 0   1 1   2 2   3 3
26 81 4   0 0   1 1   2 2   3 3
26 38 4   0 0   1 1   2 2   3 3
26 27 4   0 0   1 1   2 2   3 3
26 45 4   0 0   1 1   2 2   3 3
27 50 4   0 0   1 1   2 2   3 3
27 67 4   0 0   1 1   2 2   3 3
27 38 4   0 0   1 1   2 2   3 3
27 60 4   0 0   1 1   2 2   3 3
27 45 4   0 0   1 1   2 2   3 3
27 30 4   0 0   1 1   2 2   3 3
28 48 4   0 0   1 1   2 2   3 3
28 35 4   0 0   1 1   2 2   3 3
28 84 4   0 0   1 1   2 2   3 3
28 88 4   0 0   1 1   2 2   3 3
29 82 4   0 0   1 1   2 2   3 3
29 88 4   0 0   1 1   2 2   3 3
29 45 4   0 0   1 1   2 2   3 3
29 46 4   0 0   1 1   2 2   3 3
30 67 4   0 0   1 1   2 2   3 3
30 85 4   0 0   1 1   2 2   3 3
30 39 4   0 0   1 1   2 2   3 3
30 60 4   0 0   1 1   2 2   3 3
30 77 4   0 0   1 1   2 2   3 3
31 37 4   0 0   1 1   2 2   3 3
31 54 4   0 0   1 1   2 2   3 3
31 39 4   0 0   1 1   2 2   3 3
31 73 4   0 0   1 1   2 2   3 3
31 74 4   0 0   1 1   2 2   3 3
32 48 4   0 0   1 1   2 2   3 3
32 55 4   0 0   1 1   2 2   3 3
32 59 4   0 0   1 1   2 2   3 3
33 71 4   0 0   1 1   2 2   3 3
33 58 4   0 0   1 1   2 2   3 3
33 43 4   0 0   1 1   2 2   3 3
34 81 4   0 0   1 1   2 2   3 3
34 38 4   0 0   1 1   2 2   3 3
34 56 4   0 0   1 1   2 2   3 3
35 82 4   0 0   1 1   2 2   3 3
35 84 4   0 0   1 1   2 2   3 3
35 88 4   0 0   1 1   2 2   3 3
36 65 4   0 0   1 1   2 2   3 3
37 54 4   0 0   1 1   2 2   3 3
37 39 4   0 0   1 1   2 2   3 3
37 74 4   0 0   1 1   2 2   3 3
38 81 4   0 0   1 1   2 2   3 3
38 67 4   0 0   1 1   2 2   3 3
38 56 4   0 0   1 1   2 2   3 3
39 85 4   0 0   1 1   2 2   3 3
39 71 4   0 0   1 1   2 2   3 3
40 64 4   0 0   1 1   2 2   3 3
40 80 4   0 0   1 1   2 2   3 3
40 66 4   0 0   1 1   2 2   3 3
40 51 4   0 0   1 1   2 2   3 3
41 69 4   0 0   1 1   2 2   3 3
41 70 4   0 0   1 1   2 2   3 3
42 91 4   0 0   1 1   2 2   3 3
42 60 4   0 0   1 1   2 2   3 3
42 77 4   0 0   1 1   2 2   3 3
42 78 4   0 0   1 1   2 2   3 3
44 64 4   0 0   1 1   2 2   3 3
44 80 4   0 0   1 1   2 2   3 3
44 68 4   0 0   1 1   2 2   3 3
44 86 4   0 0   1 1   2 2   3 3
44 89 4   0 0   1 1   2 2   3 3
45 81 4   0 0   1 1   2 2   3 3
45 46 4   0 0   1 1   2 2   3 3
46 50 4   0 0   1 1   2 2   3 3
46 82 4   0 0   1 1   2 2   3 3
46 72 4   0 0   1 1   2 2   3 3
46 78 4   0 0   1 1   2 2   3 3
47 87 4   0 0   1 1   2 2   3 3
47 75 4   0 0   1 1   2 2   3 3
49 83 4   0 0   1 1   2 2   3 3
49 71 4   0 0   1 1   2 2   3 3
49 91 4   0 0   1 1   2 2   3 3
50 60 4   0 0   1 1   2 2   3 3
50 78 4   0 0   1 1   2 2   3 3
51 80 4   0 0   1 1   2 2   3 3
51 84 4   0 0   1 1   2 2   3 3
51 72 4   0 0   1 1   2 2   3 3
51 89 4   0 0   1 1   2 2   3 3
52 81 4   0 0   1 1   2 2   3 3
52 59 4   0 0   1 1   2 2   3 3
52 76 4   0 0   1 1   2 2   3 3
53 67 4   0 0   1 1   2 2   3 3
53 56 4   0 0   1 1   2 2   3 3
53 73 4   0 0   1 1   2 2   3 3
54 74 4   0 0   1 1   2 2   3 3
55 61 4   0 0   1 1   2 2   3 3
56 67 4   0 0   1 1   2 2   3 3
56 73 4   0 0   1 1   2 2   3 3
57 69 4   0 0   1 1   2 2   3 3
57 86 4   0 0   1 1   2 2   3 3
58 65 4   0 0   1 1   2 2   3 3
58 71 4   0 0   1 1   2 2   3 3
59 76 4   0 0   1 1   2 2   3 3
60 77 4   0 0   1 1   2 2   3 3
60 78 4   0 0   1 1   2 2   3 3
61 87 4   0 0   1 1   2 2   3 3
61 76 4   0 0   1 1   2 2   3 3
62 66 4   0 0   1 1   2 2   3 3
62 84 4   0 0   1 1   2 2   3 3
62 75 4   0 0   1 1   2 2   3 3
63 76 4   0 0   1 1   2 2   3 3
64 80 4   0 0   1 1   2 2   3 3
64 66 4   0 0   1 1   2 2   3 3
66 84 4   0 0   1 1   2 2   3 3
67 73 4   0 0   1 1   2 2   3 3
69 86 4   0 0   1 1   2 2   3 3
71 85 4   0 0   1 1   2 2   3 3
71 90 4   0 0   1 1   2 2   3 3
71 91 4   0 0   1 1   2 2   3 3
72 82 4   0 0   1 1   2 2   3 3
72 89 4   0 0   1 1   2 2   3 3
72 79 4   0 0   1 1   2 2   3 3
75 84 4   0 0   1 1   2 2   3 3
77 85 4   0 0   1 1   2 2   3 3
77 90 4   0 0   1 1   2 2   3 3
77 91 4   0 0   1 1   2 2   3 3
79 82 4   0 0   1 1   2 2   3 3
80 89 4   0 0   1 1   2 2   3 3
82 88 4   0 0   1 1   2 2   3 3
85 90 4   0 0   1 1   2 2   3 3
86 89 4   0 0   1 1   2 2   3 3
90 91 4   0 0   1 1   2 2   3 3
