93
1 4 0 1 2 3
2 4 0 1 2 3
3 4 0 1 2 3
4 4 0 1 2 3
5 4 0 1 2 3
6 4 0 1 2 3
7 4 0 1 2 3
8 4 0 1 2 3
9 4 0 1 2 3
10 4 0 1 2 3
11 4 0 1 2 3
12 4 0 1 2 3
13 4 0 1 2 3
14 4 0 1 2 3
15 4 0 1 2 3
16 4 0 1 2 3
17 4 0 1 2 3
18 4 0 1 2 3
19 4 0 1 2 3
20 4 0 1 2 3
21 4 0 1 2 3
22 4 0 1 2 3
23 4 0 1 2 3
24 4 0 1 2 3
25 4 0 1 2 3
26 4 0 1 2 3
27 4 0 1 2 3
28 4 0 1 2 3
29 4 0 1 2 3
30 4 0 1 2 3
31 4 0 1 2 3
32 4 0 1 2 3
33 4 0 1 2 3
34 4 0 1 2 3
35 4 0 1 2 3
36 4 0 1 2 3
37 4 0 1 2 3
38 4 0 1 2 3
39 4 0 1 2 3
40 4 0 1 2 3
41 4 0 1 2 3
42 4 0 1 2 3
43 4 0 1 2 3
44 4 0 1 2 3
45 4 0 1 2 3
46 4 0 1 2 3
47 4 0 1 2 3
48 4 0 1 2 3
49 4 0 1 2 3
50 4 0 1 2 3
51 4 0 1 2 3
52 4 0 1 2 3
53 4 0 1 2 3
54 4 0 1 2 3
55 4 0 1 2 3
56 4 0 1 2 3
57 4 0 1 2 3
58 4 0 1 2 3
59 4 0 1 2 3
60 4 0 1 2 3
61 4 0 1 2 3
62 4 0 1 2 3
63 4 0 1 2 3
64 4 0 1 2 3
65 4 0 1 2 3
66 4 0 1 2 3
67 4 0 1 2 3
68 4 0 1 2 3
69 4 0 1 2 3
70 4 0 1 2 3
71 4 0 1 2 3
72 4 0 1 2 3
73 4 0 1 2 3
74 4 0 1 2 3
75 4 0 1 2 3
76 4 0 1 2 3
77 4 0 1 2 3
78 4 0 1 2 3
79 4 0 1 2 3
80 4 0 1 2 3
81 4 0 1 2 3
82 4 0 1 2 3
83 4 0 1 2 3
84 4 0 1 2 3
85 4 0 1 2 3
86 4 0 1 2 3
87 4 0 1 2 3
88 4 0 1 2 3
89 4 0 1 2 3
90 4 0 1 2 3
91 4 0 1 2 3
92 4 0 1 2 3
93 4 0 1 2 3
245
1 48 4   0 0   1 1   2 2   3 3
1 16 4   0 0   1 1   2 2   3 3
1 20 4   0 0   1 1   2 2   3 3
1 52 4   0 0   1 1   2 2   3 3
1 53 4   0 0   1 1   2 2   3 3
1 71 4   0 0   1 1   2 2   3 3
1 24 4   0 0   1 1   2 2   3 3
1 11 4   0 0   1 1   2 2   3 3
2 83 4   0 0   1 1   2 2   3 3
2 87 4   0 0   1 1   2 2   3 3
2 88 4   0 0   1 1   2 2   3 3
2 91 4   0 0   1 1   2 2   3 3
2 27 4   0 0   1 1   2 2   3 3
3 33 4   0 0   1 1   2 2   3 3
3 22 4   0 0   1 1   2 2   3 3
3 6 4   0 0   1 1   2 2   3 3
3 25 4   0 0   1 1   2 2   3 3
3 42 4   0 0   1 1   2 2   3 3
3 14 4   0 0   1 1   2 2   3 3
4 64 4   0 0   1 1   2 2   3 3
4 53 4   0 0   1 1   2 2   3 3
4 39 4   0 0   1 1   2 2   3 3
4 43 4   0 0   1 1   2 2   3 3
4 62 4   0 0   1 1   2 2   3 3
5 18 4   0 0   1 1   2 2   3 3
5 35 4   0 0   1 1   2 2   3 3
5 70 4   0 0   1 1   2 2   3 3
5 74 4   0 0   1 1   2 2   3 3
5 28 4   0 0   1 1   2 2   3 3
5 45 4   0 0   1 1   2 2   3 3
6 10 4   0 0   1 1   2 2   3 3
6 42 4   0 0   1 1   2 2   3 3
6 14 4   0 0   1 1   2 2   3 3
7 58 4   0 0   1 1   2 2   3 3
7 12 4   0 0   1 1   2 2   3 3
7 13 4   0 0   1 1   2 2   3 3
7 79 4   0 0   1 1   2 2   3 3
8 49 4   0 0   1 1   2 2   3 3
8 50 4   0 0   1 1   2 2   3 3
8 86 4   0 0   1 1   2 2   3 3
8 56 4   0 0   1 1   2 2   3 3
8 44 4   0 0   1 1   2 2   3 3
8 76 4   0 0   1 1   2 2   3 3
9 81 4   0 0   1 1   2 2   3 3
9 66 4   0 0   1 1   2 2   3 3
9 57 4   0 0   1 1   2 2   3 3
9 91 4   0 0   1 1   2 2   3 3
9 30 4   0 0   1 1   2 2   3 3
9 63 4   0 0   1 1   2 2   3 3
10 54 4   0 0   1 1   2 2   3 3
10 14 4   0 0   1 1   2 2   3 3
11 48 4   0 0   1 1   2 2   3 3
11 52 4   0 0   1 1   2 2   3 3
11 90 4   0 0   1 1   2 2   3 3
11 92 4   0 0   1 1   2 2   3 3
11 29 4   0 0   1 1   2 2   3 3
11 15 4   0 0   1 1   2 2   3 3
12 84 4   0 0   1 1   2 2   3 3
12 70 4   0 0   1 1   2 2   3 3
12 13 4   0 0   1 1   2 2   3 3
12 45 4   0 0   1 1   2 2   3 3
13 84 4   0 0   1 1   2 2   3 3
13 26 4   0 0   1 1   2 2   3 3
13 93 4   0 0   1 1   2 2   3 3
13 79 4   0 0   1 1   2 2   3 3
14 54 4   0 0   1 1   2 2   3 3
14 22 4   0 0   1 1   2 2   3 3
14 23 4   0 0   1 1   2 2   3 3
15 48 4   0 0   1 1   2 2   3 3
15 41 4   0 0   1 1   2 2   3 3
15 59 4   0 0   1 1   2 2   3 3
15 92 4   0 0   1 1   2 2   3 3
16 35 4   0 0   1 1   2 2   3 3
16 52 4   0 0   1 1   2 2   3 3
16 71 4   0 0   1 1   2 2   3 3
16 74 4   0 0   1 1   2 2   3 3
17 34 4   0 0   1 1   2 2   3 3
17 53 4   0 0   1 1   2 2   3 3
17 71 4   0 0   1 1   2 2   3 3
17 24 4   0 0   1 1   2 2   3 3
17 89 4   0 0   1 1   2 2   3 3
17 26 4   0 0   1 1   2 2   3 3
17 43 4   0 0   1 1   2 2   3 3
17 93 4   0 0   1 1   2 2   3 3
17 63 4   0 0   1 1   2 2   3 3
18 35 4   0 0   1 1   2 2   3 3
18 70 4   0 0   1 1   2 2   3 3
18 90 4   0 0   1 1   2 2   3 3
18 29 4   0 0   1 1   2 2   3 3
19 48 4   0 0   1 1   2 2   3 3
19 20 4   0 0   1 1   2 2   3 3
19 72 4   0 0   1 1   2 2   3 3
19 41 4   0 0   1 1   2 2   3 3
19 59 4   0 0   1 1   2 2   3 3
19 61 4   0 0   1 1   2 2   3 3
20 48 4   0 0   1 1   2 2   3 3
20 53 4   0 0   1 1   2 2   3 3
20 86 4   0 0   1 1   2 2   3 3
20 72 4   0 0   1 1   2 2   3 3
20 76 4   0 0   1 1   2 2   3 3
20 61 4   0 0   1 1   2 2   3 3
20 62 4   0 0   1 1   2 2   3 3
21 51 4   0 0   1 1   2 2   3 3
21 67 4   0 0   1 1   2 2   3 3
21 46 4   0 0   1 1   2 2   3 3
21 47 4   0 0   1 1   2 2   3 3
22 33 4   0 0   1 1   2 2   3 3
22 82 4   0 0   1 1   2 2   3 3
22 51 4   0 0   1 1   2 2   3 3
22 36 4   0 0   1 1   2 2   3 3
22 23 4   0 0   1 1   2 2   3 3
23 82 4   0 0   1 1   2 2   3 3
23 54 4   0 0   1 1   2 2   3 3
24 53 4   0 0   1 1   2 2   3 3
24 71 4   0 0   1 1   2 2   3 3
25 33 4   0 0   1 1   2 2   3 3
25 81 4   0 0   1 1   2 2   3 3
25 57 4   0 0   1 1   2 2   3 3
25 42 4   0 0   1 1   2 2   3 3
26 34 4   0 0   1 1   2 2   3 3
26 87 4   0 0   1 1   2 2   3 3
26 93 4   0 0   1 1   2 2   3 3
26 30 4   0 0   1 1   2 2   3 3
26 79 4   0 0   1 1   2 2   3 3
27 87 4   0 0   1 1   2 2   3 3
27 91 4   0 0   1 1   2 2   3 3
27 30 4   0 0   1 1   2 2   3 3
28 70 4   0 0   1 1   2 2   3 3
29 70 4   0 0   1 1   2 2   3 3
29 90 4   0 0   1 1   2 2   3 3
29 92 4   0 0   1 1   2 2   3 3
29 77 4   0 0   1 1   2 2   3 3
29 78 4   0 0   1 1   2 2   3 3
30 34 4   0 0   1 1   2 2   3 3
30 87 4   0 0   1 1   2 2   3 3
30 91 4   0 0   1 1   2 2   3 3
30 63 4   0 0   1 1   2 2   3 3
31 82 4   0 0   1 1   2 2   3 3
31 51 4   0 0   1 1   2 2   3 3
31 69 4   0 0   1 1   2 2   3 3
32 49 4   0 0   1 1   2 2   3 3
32 37 4   0 0   1 1   2 2   3 3
32 75 4   0 0   1 1   2 2   3 3
33 36 4   0 0   1 1   2 2   3 3
33 57 4   0 0   1 1   2 2   3 3
34 63 4   0 0   1 1   2 2   3 3
35 52 4   0 0   1 1   2 2   3 3
35 90 4   0 0   1 1   2 2   3 3
35 74 4   0 0   1 1   2 2   3 3
36 51 4   0 0   1 1   2 2   3 3
36 67 4   0 0   1 1   2 2   3 3
36 57 4   0 0   1 1   2 2   3 3
37 40 4   0 0   1 1   2 2   3 3
37 75 4   0 0   1 1   2 2   3 3
37 60 4   0 0   1 1   2 2   3 3
38 83 4   0 0   1 1   2 2   3 3
38 68 4   0 0   1 1   2 2   3 3
38 85 4   0 0   1 1   2 2   3 3
39 64 4   0 0   1 1   2 2   3 3
39 73 4   0 0   1 1   2 2   3 3
39 89 4   0 0   1 1   2 2   3 3
39 43 4   0 0   1 1   2 2   3 3
39 47 4   0 0   1 1   2 2   3 3
40 69 4   0 0   1 1   2 2   3 3
40 55 4   0 0   1 1   2 2   3 3
40 75 4   0 0   1 1   2 2   3 3
40 60 4   0 0   1 1   2 2   3 3
41 72 4   0 0   1 1   2 2   3 3
41 59 4   0 0   1 1   2 2   3 3
42 81 4   0 0   1 1   2 2   3 3
42 88 4   0 0   1 1   2 2   3 3
43 53 4   0 0   1 1   2 2   3 3
43 89 4   0 0   1 1   2 2   3 3
44 49 4   0 0   1 1   2 2   3 3
44 51 4   0 0   1 1   2 2   3 3
44 69 4   0 0   1 1   2 2   3 3
44 55 4   0 0   1 1   2 2   3 3
44 56 4   0 0   1 1   2 2   3 3
44 75 4   0 0   1 1   2 2   3 3
44 46 4   0 0   1 1   2 2   3 3
45 84 4   0 0   1 1   2 2   3 3
45 70 4   0 0   1 1   2 2   3 3
45 74 4   0 0   1 1   2 2   3 3
46 51 4   0 0   1 1   2 2   3 3
46 56 4   0 0   1 1   2 2   3 3
46 73 4   0 0   1 1   2 2   3 3
46 47 4   0 0   1 1   2 2   3 3
47 66 4   0 0   1 1   2 2   3 3
47 67 4   0 0   1 1   2 2   3 3
47 73 4   0 0   1 1   2 2   3 3
47 89 4   0 0   1 1   2 2   3 3
48 59 4   0 0   1 1   2 2   3 3
48 61 4   0 0   1 1   2 2   3 3
49 50 4   0 0   1 1   2 2   3 3
49 75 4   0 0   1 1   2 2   3 3
51 82 4   0 0   1 1   2 2   3 3
51 67 4   0 0   1 1   2 2   3 3
51 69 4   0 0   1 1   2 2   3 3
52 90 4   0 0   1 1   2 2   3 3
53 62 4   0 0   1 1   2 2   3 3
54 82 4   0 0   1 1   2 2   3 3
55 69 4   0 0   1 1   2 2   3 3
55 75 4   0 0   1 1   2 2   3 3
56 64 4   0 0   1 1   2 2   3 3
56 73 4   0 0   1 1   2 2   3 3
56 76 4   0 0   1 1   2 2   3 3
57 81 4   0 0   1 1   2 2   3 3
57 66 4   0 0   1 1   2 2   3 3
57 67 4   0 0   1 1   2 2   3 3
58 65 4   0 0   1 1   2 2   3 3
58 79 4   0 0   1 1   2 2   3 3
60 80 4   0 0   1 1   2 2   3 3
60 82 4   0 0   1 1   2 2   3 3
60 69 4   0 0   1 1   2 2   3 3
62 64 4   0 0   1 1   2 2   3 3
62 76 4   0 0   1 1   2 2   3 3
63 66 4   0 0   1 1   2 2   3 3
63 89 4   0 0   1 1   2 2   3 3
64 73 4   0 0   1 1   2 2   3 3
64 76 4   0 0   1 1   2 2   3 3
65 68 4   0 0   1 1   2 2   3 3
65 85 4   0 0   1 1   2 2   3 3
65 87 4   0 0   1 1   2 2   3 3
65 79 4   0 0   1 1   2 2   3 3
66 67 4   0 0   1 1   2 2   3 3
66 89 4   0 0   1 1   2 2   3 3
68 85 4   0 0   1 1   2 2   3 3
69 80 4   0 0   1 1   2 2   3 3
69 82 4   0 0   1 1   2 2   3 3
71 84 4   0 0   1 1   2 2   3 3
71 74 4   0 0   1 1   2 2   3 3
71 93 4   0 0   1 1   2 2   3 3
74 84 4   0 0   1 1   2 2   3 3
76 86 4   0 0   1 1   2 2   3 3
77 92 4   0 0   1 1   2 2   3 3
77 78 4   0 0   1 1   2 2   3 3
79 87 4   0 0   1 1   2 2   3 3
80 82 4   0 0   1 1   2 2   3 3
81 88 4   0 0   1 1   2 2   3 3
81 91 4   0 0   1 1   2 2   3 3
83 85 4   0 0   1 1   2 2   3 3
83 87 4   0 0   1 1   2 2   3 3
84 93 4   0 0   1 1   2 2   3 3
85 87 4   0 0   1 1   2 2   3 3
88 91 4   0 0   1 1   2 2   3 3
