96
1 4 0 1 2 3
2 4 0 1 2 3
3 4 0 1 2 3
4 4 0 1 2 3
5 4 0 1 2 3
6 4 0 1 2 3
7 4 0 1 2 3
8 4 0 1 2 3
9 4 0 1 2 3
10 4 0 1 2 3
11 4 0 1 2 3
12 4 0 1 2 3
13 4 0 1 2 3
14 4 0 1 2 3
15 4 0 1 2 3
16 4 0 1 2 3
17 4 0 1 2 3
18 4 0 1 2 3
19 4 0 1 2 3
20 4 0 1 2 3
21 4 0 1 2 3
22 4 0 1 2 3
23 4 0 1 2 3
24 4 0 1 2 3
25 4 0 1 2 3
26 4 0 1 2 3
27 4 0 1 2 3
28 4 0 1 2 3
29 4 0 1 2 3
30 4 0 1 2 3
31 4 0 1 2 3
32 4 0 1 2 3
33 4 0 1 2 3
34 4 0 1 2 3
35 4 0 1 2 3
36 4 0 1 2 3
37 4 0 1 2 3
38 4 0 1 2 3
39 4 0 1 2 3
40 4 0 1 2 3
41 4 0 1 2 3
42 4 0 1 2 3
43 4 0 1 2 3
44 4 0 1 2 3
45 4 0 1 2 3
46 4 0 1 2 3
47 4 0 1 2 3
48 4 0 1 2 3
49 4 0 1 2 3
50 4 0 1 2 3
51 4 0 1 2 3
52 4 0 1 2 3
53 4 0 1 2 3
54 4 0 1 2 3
55 4 0 1 2 3
56 4 0 1 2 3
57 4 0 1 2 3
58 4 0 1 2 3
59 4 0 1 2 3
60 4 0 1 2 3
61 4 0 1 2 3
62 4 0 1 2 3
63 4 0 1 2 3
64 4 0 1 2 3
65 4 0 1 2 3
66 4 0 1 2 3
67 4 0 1 2 3
68 4 0 1 2 3
69 4 0 1 2 3
70 4 0 1 2 3
71 4 0 1 2 3
72 4 0 1 2 3
73 4 0 1 2 3
74 4 0 1 2 3
75 4 0 1 2 3
76 4 0 1 2 3
77 4 0 1 2 3
78 4 0 1 2 3
79 4 0 1 2 3
80 4 0 1 2 3
81 4 0 1 2 3
82 4 0 1 2 3
83 4 0 1 2 3
84 4 0 1 2 3
85 4 0 1 2 3
86 4 0 1 2 3
87 4 0 1 2 3
88 4 0 1 2 3
89 4 0 1 2 3
90 4 0 1 2 3
91 4 0 1 2 3
92 4 0 1 2 3
93 4 0 1 2 3
94 4 0 1 2 3
95 4 0 1 2 3
96 4 0 1 2 3
253
1 86 4   0 0   1 1   2 2   3 3
1 55 4   0 0   1 1   2 2   3 3
1 14 4   0 0   1 1   2 2   3 3
1 31 4   0 0   1 1   2 2   3 3
1 47 4   0 0   1 1   2 2   3 3
2 82 4   0 0   1 1   2 2   3 3
2 34 4   0 0   1 1   2 2   3 3
2 58 4   0 0   1 1   2 2   3 3
2 94 4   0 0   1 1   2 2   3 3
2 95 4   0 0   1 1   2 2   3 3
3 39 4   0 0   1 1   2 2   3 3
3 25 4   0 0   1 1   2 2   3 3
3 89 4   0 0   1 1   2 2   3 3
3 92 4   0 0   1 1   2 2   3 3
3 29 4   0 0   1 1   2 2   3 3
3 63 4   0 0   1 1   2 2   3 3
4 70 4   0 0   1 1   2 2   3 3
4 75 4   0 0   1 1   2 2   3 3
4 62 4   0 0   1 1   2 2   3 3
4 78 4   0 0   1 1   2 2   3 3
5 96 4   0 0   1 1   2 2   3 3
5 81 4   0 0   1 1   2 2   3 3
5 50 4   0 0   1 1   2 2   3 3
5 8 4   0 0   1 1   2 2   3 3
5 90 4   0 0   1 1   2 2   3 3
5 79 4   0 0   1 1   2 2   3 3
6 64 4   0 0   1 1   2 2   3 3
6 34 4   0 0   1 1   2 2   3 3
6 37 4   0 0   1 1   2 2   3 3
6 42 4   0 0   1 1   2 2   3 3
7 49 4   0 0   1 1   2 2   3 3
7 17 4   0 0   1 1   2 2   3 3
7 21 4   0 0   1 1   2 2   3 3
7 70 4   0 0   1 1   2 2   3 3
7 88 4   0 0   1 1   2 2   3 3
7 60 4   0 0   1 1   2 2   3 3
8 81 4   0 0   1 1   2 2   3 3
8 67 4   0 0   1 1   2 2   3 3
8 83 4   0 0   1 1   2 2   3 3
8 38 4   0 0   1 1   2 2   3 3
8 79 4   0 0   1 1   2 2   3 3
9 80 4   0 0   1 1   2 2   3 3
9 68 4   0 0   1 1   2 2   3 3
9 26 4   0 0   1 1   2 2   3 3
9 29 4   0 0   1 1   2 2   3 3
10 64 4   0 0   1 1   2 2   3 3
10 49 4   0 0   1 1   2 2   3 3
10 30 4   0 0   1 1   2 2   3 3
11 66 4   0 0   1 1   2 2   3 3
11 19 4   0 0   1 1   2 2   3 3
11 67 4   0 0   1 1   2 2   3 3
11 84 4   0 0   1 1   2 2   3 3
11 56 4   0 0   1 1   2 2   3 3
11 93 4   0 0   1 1   2 2   3 3
11 13 4   0 0   1 1   2 2   3 3
12 48 4   0 0   1 1   2 2   3 3
12 51 4   0 0   1 1   2 2   3 3
12 68 4   0 0   1 1   2 2   3 3
12 54 4   0 0   1 1   2 2   3 3
12 73 4   0 0   1 1   2 2   3 3
12 43 4   0 0   1 1   2 2   3 3
12 44 4   0 0   1 1   2 2   3 3
12 45 4   0 0   1 1   2 2   3 3
13 66 4   0 0   1 1   2 2   3 3
13 87 4   0 0   1 1   2 2   3 3
13 24 4   0 0   1 1   2 2   3 3
13 93 4   0 0   1 1   2 2   3 3
14 80 4   0 0   1 1   2 2   3 3
14 18 4   0 0   1 1   2 2   3 3
14 71 4   0 0   1 1   2 2   3 3
14 28 4   0 0   1 1   2 2   3 3
14 29 4   0 0   1 1   2 2   3 3
14 31 4   0 0   1 1   2 2   3 3
14 47 4   0 0   1 1   2 2   3 3
15 51 4   0 0   1 1   2 2   3 3
15 25 4   0 0   1 1   2 2   3 3
15 26 4   0 0   1 1   2 2   3 3
15 61 4   0 0   1 1   2 2   3 3
15 93 4   0 0   1 1   2 2   3 3
16 85 4   0 0   1 1   2 2   3 3
16 39 4   0 0   1 1   2 2   3 3
16 89 4   0 0   1 1   2 2   3 3
16 74 4   0 0   1 1   2 2   3 3
16 59 4   0 0   1 1   2 2   3 3
16 77 4   0 0   1 1   2 2   3 3
16 61 4   0 0   1 1   2 2   3 3
16 63 4   0 0   1 1   2 2   3 3
17 66 4   0 0   1 1   2 2   3 3
17 70 4   0 0   1 1   2 2   3 3
17 60 4   0 0   1 1   2 2   3 3
18 80 4   0 0   1 1   2 2   3 3
18 40 4   0 0   1 1   2 2   3 3
18 27 4   0 0   1 1   2 2   3 3
18 76 4   0 0   1 1   2 2   3 3
18 46 4   0 0   1 1   2 2   3 3
19 81 4   0 0   1 1   2 2   3 3
19 67 4   0 0   1 1   2 2   3 3
19 53 4   0 0   1 1   2 2   3 3
19 59 4   0 0   1 1   2 2   3 3
19 93 4   0 0   1 1   2 2   3 3
19 61 4   0 0   1 1   2 2   3 3
20 64 4   0 0   1 1   2 2   3 3
20 49 4   0 0   1 1   2 2   3 3
20 37 4   0 0   1 1   2 2   3 3
20 41 4   0 0   1 1   2 2   3 3
21 49 4   0 0   1 1   2 2   3 3
21 69 4   0 0   1 1   2 2   3 3
21 23 4   0 0   1 1   2 2   3 3
21 88 4   0 0   1 1   2 2   3 3
21 57 4   0 0   1 1   2 2   3 3
21 30 4   0 0   1 1   2 2   3 3
22 32 4   0 0   1 1   2 2   3 3
22 36 4   0 0   1 1   2 2   3 3
22 55 4   0 0   1 1   2 2   3 3
22 71 4   0 0   1 1   2 2   3 3
22 28 4   0 0   1 1   2 2   3 3
22 92 4   0 0   1 1   2 2   3 3
22 47 4   0 0   1 1   2 2   3 3
23 69 4   0 0   1 1   2 2   3 3
23 57 4   0 0   1 1   2 2   3 3
23 62 4   0 0   1 1   2 2   3 3
24 49 4   0 0   1 1   2 2   3 3
24 66 4   0 0   1 1   2 2   3 3
24 87 4   0 0   1 1   2 2   3 3
24 41 4   0 0   1 1   2 2   3 3
24 60 4   0 0   1 1   2 2   3 3
25 89 4   0 0   1 1   2 2   3 3
25 26 4   0 0   1 1   2 2   3 3
25 29 4   0 0   1 1   2 2   3 3
25 61 4   0 0   1 1   2 2   3 3
26 51 4   0 0   1 1   2 2   3 3
26 68 4   0 0   1 1   2 2   3 3
26 54 4   0 0   1 1   2 2   3 3
26 29 4   0 0   1 1   2 2   3 3
26 45 4   0 0   1 1   2 2   3 3
27 80 4   0 0   1 1   2 2   3 3
27 33 4   0 0   1 1   2 2   3 3
27 52 4   0 0   1 1   2 2   3 3
27 46 4   0 0   1 1   2 2   3 3
28 71 4   0 0   1 1   2 2   3 3
28 47 4   0 0   1 1   2 2   3 3
29 80 4   0 0   1 1   2 2   3 3
29 71 4   0 0   1 1   2 2   3 3
29 92 4   0 0   1 1   2 2   3 3
30 49 4   0 0   1 1   2 2   3 3
30 69 4   0 0   1 1   2 2   3 3
31 86 4   0 0   1 1   2 2   3 3
32 36 4   0 0   1 1   2 2   3 3
32 86 4   0 0   1 1   2 2   3 3
32 55 4   0 0   1 1   2 2   3 3
32 74 4   0 0   1 1   2 2   3 3
33 80 4   0 0   1 1   2 2   3 3
33 48 4   0 0   1 1   2 2   3 3
33 52 4   0 0   1 1   2 2   3 3
33 68 4   0 0   1 1   2 2   3 3
34 82 4   0 0   1 1   2 2   3 3
34 35 4   0 0   1 1   2 2   3 3
34 42 4   0 0   1 1   2 2   3 3
34 94 4   0 0   1 1   2 2   3 3
35 82 4   0 0   1 1   2 2   3 3
35 73 4   0 0   1 1   2 2   3 3
35 41 4   0 0   1 1   2 2   3 3
35 42 4   0 0   1 1   2 2   3 3
36 74 4   0 0   1 1   2 2   3 3
36 92 4   0 0   1 1   2 2   3 3
37 64 4   0 0   1 1   2 2   3 3
37 41 4   0 0   1 1   2 2   3 3
37 42 4   0 0   1 1   2 2   3 3
38 83 4   0 0   1 1   2 2   3 3
38 79 4   0 0   1 1   2 2   3 3
39 89 4   0 0   1 1   2 2   3 3
39 63 4   0 0   1 1   2 2   3 3
40 65 4   0 0   1 1   2 2   3 3
40 52 4   0 0   1 1   2 2   3 3
40 91 4   0 0   1 1   2 2   3 3
40 76 4   0 0   1 1   2 2   3 3
40 46 4   0 0   1 1   2 2   3 3
40 95 4   0 0   1 1   2 2   3 3
41 49 4   0 0   1 1   2 2   3 3
41 51 4   0 0   1 1   2 2   3 3
41 87 4   0 0   1 1   2 2   3 3
41 73 4   0 0   1 1   2 2   3 3
41 42 4   0 0   1 1   2 2   3 3
43 48 4   0 0   1 1   2 2   3 3
43 52 4   0 0   1 1   2 2   3 3
43 44 4   0 0   1 1   2 2   3 3
44 82 4   0 0   1 1   2 2   3 3
44 52 4   0 0   1 1   2 2   3 3
44 73 4   0 0   1 1   2 2   3 3
45 51 4   0 0   1 1   2 2   3 3
45 54 4   0 0   1 1   2 2   3 3
46 52 4   0 0   1 1   2 2   3 3
47 55 4   0 0   1 1   2 2   3 3
48 52 4   0 0   1 1   2 2   3 3
48 68 4   0 0   1 1   2 2   3 3
49 64 4   0 0   1 1   2 2   3 3
49 60 4   0 0   1 1   2 2   3 3
50 96 4   0 0   1 1   2 2   3 3
50 81 4   0 0   1 1   2 2   3 3
50 77 4   0 0   1 1   2 2   3 3
51 87 4   0 0   1 1   2 2   3 3
51 73 4   0 0   1 1   2 2   3 3
51 93 4   0 0   1 1   2 2   3 3
52 82 4   0 0   1 1   2 2   3 3
52 58 4   0 0   1 1   2 2   3 3
52 95 4   0 0   1 1   2 2   3 3
53 81 4   0 0   1 1   2 2   3 3
53 85 4   0 0   1 1   2 2   3 3
53 59 4   0 0   1 1   2 2   3 3
53 77 4   0 0   1 1   2 2   3 3
54 68 4   0 0   1 1   2 2   3 3
55 86 4   0 0   1 1   2 2   3 3
56 66 4   0 0   1 1   2 2   3 3
56 84 4   0 0   1 1   2 2   3 3
56 75 4   0 0   1 1   2 2   3 3
56 78 4   0 0   1 1   2 2   3 3
57 88 4   0 0   1 1   2 2   3 3
57 62 4   0 0   1 1   2 2   3 3
58 82 4   0 0   1 1   2 2   3 3
58 95 4   0 0   1 1   2 2   3 3
59 85 4   0 0   1 1   2 2   3 3
59 61 4   0 0   1 1   2 2   3 3
60 66 4   0 0   1 1   2 2   3 3
61 89 4   0 0   1 1   2 2   3 3
61 93 4   0 0   1 1   2 2   3 3
62 69 4   0 0   1 1   2 2   3 3
62 70 4   0 0   1 1   2 2   3 3
62 88 4   0 0   1 1   2 2   3 3
63 74 4   0 0   1 1   2 2   3 3
63 92 4   0 0   1 1   2 2   3 3
65 72 4   0 0   1 1   2 2   3 3
65 91 4   0 0   1 1   2 2   3 3
65 76 4   0 0   1 1   2 2   3 3
66 70 4   0 0   1 1   2 2   3 3
66 75 4   0 0   1 1   2 2   3 3
67 81 4   0 0   1 1   2 2   3 3
67 83 4   0 0   1 1   2 2   3 3
67 84 4   0 0   1 1   2 2   3 3
68 80 4   0 0   1 1   2 2   3 3
70 88 4   0 0   1 1   2 2   3 3
70 75 4   0 0   1 1   2 2   3 3
71 92 4   0 0   1 1   2 2   3 3
72 91 4   0 0   1 1   2 2   3 3
73 82 4   0 0   1 1   2 2   3 3
74 92 4   0 0   1 1   2 2   3 3
75 78 4   0 0   1 1   2 2   3 3
77 96 4   0 0   1 1   2 2   3 3
77 81 4   0 0   1 1   2 2   3 3
77 85 4   0 0   1 1   2 2   3 3
79 90 4   0 0   1 1   2 2   3 3
87 93 4   0 0   1 1   2 2   3 3
90 96 4   0 0   1 1   2 2   3 3
91 95 4   0 0   1 1   2 2   3 3
