97
1 4 0 1 2 3
2 4 0 1 2 3
3 4 0 1 2 3
4 4 0 1 2 3
5 4 0 1 2 3
6 4 0 1 2 3
7 4 0 1 2 3
8 4 0 1 2 3
9 4 0 1 2 3
10 4 0 1 2 3
11 4 0 1 2 3
12 4 0 1 2 3
13 4 0 1 2 3
14 4 0 1 2 3
15 4 0 1 2 3
16 4 0 1 2 3
17 4 0 1 2 3
18 4 0 1 2 3
19 4 0 1 2 3
20 4 0 1 2 3
21 4 0 1 2 3
22 4 0 1 2 3
23 4 0 1 2 3
24 4 0 1 2 3
25 4 0 1 2 3
26 4 0 1 2 3
27 4 0 1 2 3
28 4 0 1 2 3
29 4 0 1 2 3
30 4 0 1 2 3
31 4 0 1 2 3
32 4 0 1 2 3
33 4 0 1 2 3
34 4 0 1 2 3
35 4 0 1 2 3
36 4 0 1 2 3
37 4 0 1 2 3
38 4 0 1 2 3
39 4 0 1 2 3
40 4 0 1 2 3
41 4 0 1 2 3
42 4 0 1 2 3
43 4 0 1 2 3
44 4 0 1 2 3
45 4 0 1 2 3
46 4 0 1 2 3
47 4 0 1 2 3
48 4 0 1 2 3
49 4 0 1 2 3
50 4 0 1 2 3
51 4 0 1 2 3
52 4 0 1 2 3
53 4 0 1 2 3
54 4 0 1 2 3
55 4 0 1 2 3
56 4 0 1 2 3
57 4 0 1 2 3
58 4 0 1 2 3
59 4 0 1 2 3
60 4 0 1 2 3
61 4 0 1 2 3
62 4 0 1 2 3
63 4 0 1 2 3
64 4 0 1 2 3
65 4 0 1 2 3
66 4 0 1 2 3
67 4 0 1 2 3
68 4 0 1 2 3
69 4 0 1 2 3
70 4 0 1 2 3
71 4 0 1 2 3
72 4 0 1 2 3
73 4 0 1 2 3
74 4 0 1 2 3
75 4 0 1 2 3
76 4 0 1 2 3
77 4 0 1 2 3
78 4 0 1 2 3
79 4 0 1 2 3
80 4 0 1 2 3
81 4 0 1 2 3
82 4 0 1 2 3
83 4 0 1 2 3
84 4 0 1 2 3
85 4 0 1 2 3
86 4 0 1 2 3
87 4 0 1 2 3
88 4 0 1 2 3
89 4 0 1 2 3
90 4 0 1 2 3
91 4 0 1 2 3
92 4 0 1 2 3
93 4 0 1 2 3
94 4 0 1 2 3
95 4 0 1 2 3
96 4 0 1 2 3
97 4 0 1 2 3
257
1 48 4   0 0   1 1   2 2   3 3
1 52 4   0 0   1 1   2 2   3 3
1 5 4   0 0   1 1   2 2   3 3
1 37 4   0 0   1 1   2 2   3 3
1 56 4   0 0   1 1   2 2   3 3
1 10 4   0 0   1 1   2 2   3 3
1 92 4   0 0   1 1   2 2   3 3
2 64 4   0 0   1 1   2 2   3 3
2 33 4   0 0   1 1   2 2   3 3
2 85 4   0 0   1 1   2 2   3 3
2 86 4   0 0   1 1   2 2   3 3
2 75 4   0 0   1 1   2 2   3 3
2 59 4   0 0   1 1   2 2   3 3
2 29 4   0 0   1 1   2 2   3 3
3 35 4   0 0   1 1   2 2   3 3
3 22 4   0 0   1 1   2 2   3 3
3 55 4   0 0   1 1   2 2   3 3
3 91 4   0 0   1 1   2 2   3 3
4 17 4   0 0   1 1   2 2   3 3
4 82 4   0 0   1 1   2 2   3 3
4 41 4   0 0   1 1   2 2   3 3
4 90 4   0 0   1 1   2 2   3 3
4 43 4   0 0   1 1   2 2   3 3
5 20 4   0 0   1 1   2 2   3 3
5 84 4   0 0   1 1   2 2   3 3
5 56 4   0 0   1 1   2 2   3 3
5 73 4   0 0   1 1   2 2   3 3
5 92 4   0 0   1 1   2 2   3 3
6 33 4   0 0   1 1   2 2   3 3
6 93 4   0 0   1 1   2 2   3 3
6 29 4   0 0   1 1   2 2   3 3
7 16 4   0 0   1 1   2 2   3 3
7 51 4   0 0   1 1   2 2   3 3
7 21 4   0 0   1 1   2 2   3 3
7 86 4   0 0   1 1   2 2   3 3
7 26 4   0 0   1 1   2 2   3 3
8 52 4   0 0   1 1   2 2   3 3
8 37 4   0 0   1 1   2 2   3 3
8 38 4   0 0   1 1   2 2   3 3
8 39 4   0 0   1 1   2 2   3 3
8 89 4   0 0   1 1   2 2   3 3
8 74 4   0 0   1 1   2 2   3 3
9 49 4   0 0   1 1   2 2   3 3
9 18 4   0 0   1 1   2 2   3 3
9 70 4   0 0   1 1   2 2   3 3
10 81 4   0 0   1 1   2 2   3 3
10 67 4   0 0   1 1   2 2   3 3
10 37 4   0 0   1 1   2 2   3 3
10 38 4   0 0   1 1   2 2   3 3
10 92 4   0 0   1 1   2 2   3 3
10 14 4   0 0   1 1   2 2   3 3
11 72 4   0 0   1 1   2 2   3 3
11 24 4   0 0   1 1   2 2   3 3
11 76 4   0 0   1 1   2 2   3 3
11 77 4   0 0   1 1   2 2   3 3
12 80 4   0 0   1 1   2 2   3 3
12 25 4   0 0   1 1   2 2   3 3
12 42 4   0 0   1 1   2 2   3 3
12 27 4   0 0   1 1   2 2   3 3
12 13 4   0 0   1 1   2 2   3 3
12 14 4   0 0   1 1   2 2   3 3
13 16 4   0 0   1 1   2 2   3 3
13 80 4   0 0   1 1   2 2   3 3
13 67 4   0 0   1 1   2 2   3 3
13 86 4   0 0   1 1   2 2   3 3
13 42 4   0 0   1 1   2 2   3 3
14 80 4   0 0   1 1   2 2   3 3
14 81 4   0 0   1 1   2 2   3 3
14 67 4   0 0   1 1   2 2   3 3
14 87 4   0 0   1 1   2 2   3 3
14 27 4   0 0   1 1   2 2   3 3
14 46 4   0 0   1 1   2 2   3 3
15 96 4   0 0   1 1   2 2   3 3
15 18 4   0 0   1 1   2 2   3 3
15 24 4   0 0   1 1   2 2   3 3
15 40 4   0 0   1 1   2 2   3 3
15 77 4   0 0   1 1   2 2   3 3
16 86 4   0 0   1 1   2 2   3 3
16 42 4   0 0   1 1   2 2   3 3
16 26 4   0 0   1 1   2 2   3 3
17 82 4   0 0   1 1   2 2   3 3
17 41 4   0 0   1 1   2 2   3 3
18 70 4   0 0   1 1   2 2   3 3
18 72 4   0 0   1 1   2 2   3 3
18 40 4   0 0   1 1   2 2   3 3
18 76 4   0 0   1 1   2 2   3 3
18 77 4   0 0   1 1   2 2   3 3
19 82 4   0 0   1 1   2 2   3 3
19 87 4   0 0   1 1   2 2   3 3
19 88 4   0 0   1 1   2 2   3 3
19 43 4   0 0   1 1   2 2   3 3
20 56 4   0 0   1 1   2 2   3 3
20 73 4   0 0   1 1   2 2   3 3
20 93 4   0 0   1 1   2 2   3 3
21 51 4   0 0   1 1   2 2   3 3
21 53 4   0 0   1 1   2 2   3 3
21 26 4   0 0   1 1   2 2   3 3
21 28 4   0 0   1 1   2 2   3 3
21 45 4   0 0   1 1   2 2   3 3
21 31 4   0 0   1 1   2 2   3 3
22 57 4   0 0   1 1   2 2   3 3
22 91 4   0 0   1 1   2 2   3 3
22 79 4   0 0   1 1   2 2   3 3
23 85 4   0 0   1 1   2 2   3 3
23 86 4   0 0   1 1   2 2   3 3
23 73 4   0 0   1 1   2 2   3 3
24 96 4   0 0   1 1   2 2   3 3
24 77 4   0 0   1 1   2 2   3 3
25 97 4   0 0   1 1   2 2   3 3
25 68 4   0 0   1 1   2 2   3 3
25 69 4   0 0   1 1   2 2   3 3
25 88 4   0 0   1 1   2 2   3 3
25 42 4   0 0   1 1   2 2   3 3
25 27 4   0 0   1 1   2 2   3 3
26 97 4   0 0   1 1   2 2   3 3
26 69 4   0 0   1 1   2 2   3 3
26 42 4   0 0   1 1   2 2   3 3
26 31 4   0 0   1 1   2 2   3 3
27 87 4   0 0   1 1   2 2   3 3
27 88 4   0 0   1 1   2 2   3 3
28 53 4   0 0   1 1   2 2   3 3
28 54 4   0 0   1 1   2 2   3 3
28 45 4   0 0   1 1   2 2   3 3
28 31 4   0 0   1 1   2 2   3 3
29 64 4   0 0   1 1   2 2   3 3
29 33 4   0 0   1 1   2 2   3 3
29 44 4   0 0   1 1   2 2   3 3
29 93 4   0 0   1 1   2 2   3 3
30 36 4   0 0   1 1   2 2   3 3
30 78 4   0 0   1 1   2 2   3 3
31 69 4   0 0   1 1   2 2   3 3
31 71 4   0 0   1 1   2 2   3 3
32 48 4   0 0   1 1   2 2   3 3
32 52 4   0 0   1 1   2 2   3 3
32 74 4   0 0   1 1   2 2   3 3
33 85 4   0 0   1 1   2 2   3 3
33 93 4   0 0   1 1   2 2   3 3
34 68 4   0 0   1 1   2 2   3 3
34 88 4   0 0   1 1   2 2   3 3
34 78 4   0 0   1 1   2 2   3 3
35 48 4   0 0   1 1   2 2   3 3
35 55 4   0 0   1 1   2 2   3 3
35 91 4   0 0   1 1   2 2   3 3
36 69 4   0 0   1 1   2 2   3 3
36 71 4   0 0   1 1   2 2   3 3
36 78 4   0 0   1 1   2 2   3 3
37 52 4   0 0   1 1   2 2   3 3
37 38 4   0 0   1 1   2 2   3 3
38 49 4   0 0   1 1   2 2   3 3
38 81 4   0 0   1 1   2 2   3 3
38 89 4   0 0   1 1   2 2   3 3
38 46 4   0 0   1 1   2 2   3 3
39 48 4   0 0   1 1   2 2   3 3
39 65 4   0 0   1 1   2 2   3 3
39 55 4   0 0   1 1   2 2   3 3
39 89 4   0 0   1 1   2 2   3 3
39 74 4   0 0   1 1   2 2   3 3
39 63 4   0 0   1 1   2 2   3 3
40 96 4   0 0   1 1   2 2   3 3
40 70 4   0 0   1 1   2 2   3 3
40 41 4   0 0   1 1   2 2   3 3
40 94 4   0 0   1 1   2 2   3 3
40 62 4   0 0   1 1   2 2   3 3
41 96 4   0 0   1 1   2 2   3 3
41 82 4   0 0   1 1   2 2   3 3
41 90 4   0 0   1 1   2 2   3 3
41 62 4   0 0   1 1   2 2   3 3
42 97 4   0 0   1 1   2 2   3 3
43 82 4   0 0   1 1   2 2   3 3
43 88 4   0 0   1 1   2 2   3 3
43 90 4   0 0   1 1   2 2   3 3
44 64 4   0 0   1 1   2 2   3 3
44 66 4   0 0   1 1   2 2   3 3
44 93 4   0 0   1 1   2 2   3 3
44 61 4   0 0   1 1   2 2   3 3
45 53 4   0 0   1 1   2 2   3 3
46 49 4   0 0   1 1   2 2   3 3
46 81 4   0 0   1 1   2 2   3 3
46 82 4   0 0   1 1   2 2   3 3
46 87 4   0 0   1 1   2 2   3 3
46 94 4   0 0   1 1   2 2   3 3
47 56 4   0 0   1 1   2 2   3 3
47 57 4   0 0   1 1   2 2   3 3
47 91 4   0 0   1 1   2 2   3 3
47 79 4   0 0   1 1   2 2   3 3
48 52 4   0 0   1 1   2 2   3 3
48 55 4   0 0   1 1   2 2   3 3
48 56 4   0 0   1 1   2 2   3 3
48 74 4   0 0   1 1   2 2   3 3
48 91 4   0 0   1 1   2 2   3 3
49 70 4   0 0   1 1   2 2   3 3
49 89 4   0 0   1 1   2 2   3 3
49 94 4   0 0   1 1   2 2   3 3
49 95 4   0 0   1 1   2 2   3 3
50 83 4   0 0   1 1   2 2   3 3
50 54 4   0 0   1 1   2 2   3 3
50 61 4   0 0   1 1   2 2   3 3
51 53 4   0 0   1 1   2 2   3 3
51 86 4   0 0   1 1   2 2   3 3
51 75 4   0 0   1 1   2 2   3 3
51 60 4   0 0   1 1   2 2   3 3
52 74 4   0 0   1 1   2 2   3 3
53 54 4   0 0   1 1   2 2   3 3
53 60 4   0 0   1 1   2 2   3 3
54 83 4   0 0   1 1   2 2   3 3
54 60 4   0 0   1 1   2 2   3 3
55 65 4   0 0   1 1   2 2   3 3
56 57 4   0 0   1 1   2 2   3 3
56 91 4   0 0   1 1   2 2   3 3
57 79 4   0 0   1 1   2 2   3 3
58 65 4   0 0   1 1   2 2   3 3
58 95 4   0 0   1 1   2 2   3 3
58 63 4   0 0   1 1   2 2   3 3
59 64 4   0 0   1 1   2 2   3 3
59 66 4   0 0   1 1   2 2   3 3
59 83 4   0 0   1 1   2 2   3 3
59 75 4   0 0   1 1   2 2   3 3
59 60 4   0 0   1 1   2 2   3 3
60 83 4   0 0   1 1   2 2   3 3
60 75 4   0 0   1 1   2 2   3 3
61 66 4   0 0   1 1   2 2   3 3
61 83 4   0 0   1 1   2 2   3 3
62 82 4   0 0   1 1   2 2   3 3
62 94 4   0 0   1 1   2 2   3 3
63 65 4   0 0   1 1   2 2   3 3
63 89 4   0 0   1 1   2 2   3 3
63 95 4   0 0   1 1   2 2   3 3
64 66 4   0 0   1 1   2 2   3 3
66 83 4   0 0   1 1   2 2   3 3
67 80 4   0 0   1 1   2 2   3 3
67 86 4   0 0   1 1   2 2   3 3
67 92 4   0 0   1 1   2 2   3 3
68 69 4   0 0   1 1   2 2   3 3
68 88 4   0 0   1 1   2 2   3 3
68 78 4   0 0   1 1   2 2   3 3
69 97 4   0 0   1 1   2 2   3 3
69 71 4   0 0   1 1   2 2   3 3
69 78 4   0 0   1 1   2 2   3 3
70 94 4   0 0   1 1   2 2   3 3
72 76 4   0 0   1 1   2 2   3 3
73 84 4   0 0   1 1   2 2   3 3
73 85 4   0 0   1 1   2 2   3 3
73 86 4   0 0   1 1   2 2   3 3
73 93 4   0 0   1 1   2 2   3 3
75 86 4   0 0   1 1   2 2   3 3
76 77 4   0 0   1 1   2 2   3 3
79 91 4   0 0   1 1   2 2   3 3
82 87 4   0 0   1 1   2 2   3 3
82 94 4   0 0   1 1   2 2   3 3
84 86 4   0 0   1 1   2 2   3 3
84 92 4   0 0   1 1   2 2   3 3
85 86 4   0 0   1 1   2 2   3 3
85 93 4   0 0   1 1   2 2   3 3
86 92 4   0 0   1 1   2 2   3 3
87 88 4   0 0   1 1   2 2   3 3
89 95 4   0 0   1 1   2 2   3 3
90 96 4   0 0   1 1   2 2   3 3
