99
1 4 0 1 2 3
2 4 0 1 2 3
3 4 0 1 2 3
4 4 0 1 2 3
5 4 0 1 2 3
6 4 0 1 2 3
7 4 0 1 2 3
8 4 0 1 2 3
9 4 0 1 2 3
10 4 0 1 2 3
11 4 0 1 2 3
12 4 0 1 2 3
13 4 0 1 2 3
14 4 0 1 2 3
15 4 0 1 2 3
16 4 0 1 2 3
17 4 0 1 2 3
18 4 0 1 2 3
19 4 0 1 2 3
20 4 0 1 2 3
21 4 0 1 2 3
22 4 0 1 2 3
23 4 0 1 2 3
24 4 0 1 2 3
25 4 0 1 2 3
26 4 0 1 2 3
27 4 0 1 2 3
28 4 0 1 2 3
29 4 0 1 2 3
30 4 0 1 2 3
31 4 0 1 2 3
32 4 0 1 2 3
33 4 0 1 2 3
34 4 0 1 2 3
35 4 0 1 2 3
36 4 0 1 2 3
37 4 0 1 2 3
38 4 0 1 2 3
39 4 0 1 2 3
40 4 0 1 2 3
41 4 0 1 2 3
42 4 0 1 2 3
43 4 0 1 2 3
44 4 0 1 2 3
45 4 0 1 2 3
46 4 0 1 2 3
47 4 0 1 2 3
48 4 0 1 2 3
49 4 0 1 2 3
50 4 0 1 2 3
51 4 0 1 2 3
52 4 0 1 2 3
53 4 0 1 2 3
54 4 0 1 2 3
55 4 0 1 2 3
56 4 0 1 2 3
57 4 0 1 2 3
58 4 0 1 2 3
59 4 0 1 2 3
60 4 0 1 2 3
61 4 0 1 2 3
62 4 0 1 2 3
63 4 0 1 2 3
64 4 0 1 2 3
65 4 0 1 2 3
66 4 0 1 2 3
67 4 0 1 2 3
68 4 0 1 2 3
69 4 0 1 2 3
70 4 0 1 2 3
71 4 0 1 2 3
72 4 0 1 2 3
73 4 0 1 2 3
74 4 0 1 2 3
75 4 0 1 2 3
76 4 0 1 2 3
77 4 0 1 2 3
78 4 0 1 2 3
79 4 0 1 2 3
80 4 0 1 2 3
81 4 0 1 2 3
82 4 0 1 2 3
83 4 0 1 2 3
84 4 0 1 2 3
85 4 0 1 2 3
86 4 0 1 2 3
87 4 0 1 2 3
88 4 0 1 2 3
89 4 0 1 2 3
90 4 0 1 2 3
91 4 0 1 2 3
92 4 0 1 2 3
93 4 0 1 2 3
94 4 0 1 2 3
95 4 0 1 2 3
96 4 0 1 2 3
97 4 0 1 2 3
98 4 0 1 2 3
99 4 0 1 2 3
256
1 97 4   0 0   1 1   2 2   3 3
1 18 4   0 0   1 1   2 2   3 3
1 34 4   0 0   1 1   2 2   3 3
1 19 4   0 0   1 1   2 2   3 3
1 83 4   0 0   1 1   2 2   3 3
1 37 4   0 0   1 1   2 2   3 3
1 24 4   0 0   1 1   2 2   3 3
1 94 4   0 0   1 1   2 2   3 3
1 47 4   0 0   1 1   2 2   3 3
2 16 4   0 0   1 1   2 2   3 3
2 98 4   0 0   1 1   2 2   3 3
2 51 4   0 0   1 1   2 2   3 3
2 28 4   0 0   1 1   2 2   3 3
2 14 4   0 0   1 1   2 2   3 3
2 31 4   0 0   1 1   2 2   3 3
3 48 4   0 0   1 1   2 2   3 3
3 96 4   0 0   1 1   2 2   3 3
3 52 4   0 0   1 1   2 2   3 3
3 31 4   0 0   1 1   2 2   3 3
4 7 4   0 0   1 1   2 2   3 3
4 72 4   0 0   1 1   2 2   3 3
4 40 4   0 0   1 1   2 2   3 3
4 8 4   0 0   1 1   2 2   3 3
4 25 4   0 0   1 1   2 2   3 3
4 41 4   0 0   1 1   2 2   3 3
4 77 4   0 0   1 1   2 2   3 3
5 37 4   0 0   1 1   2 2   3 3
5 7 4   0 0   1 1   2 2   3 3
5 77 4   0 0   1 1   2 2   3 3
5 15 4   0 0   1 1   2 2   3 3
6 64 4   0 0   1 1   2 2   3 3
6 81 4   0 0   1 1   2 2   3 3
6 37 4   0 0   1 1   2 2   3 3
6 90 4   0 0   1 1   2 2   3 3
6 93 4   0 0   1 1   2 2   3 3
6 78 4   0 0   1 1   2 2   3 3
7 37 4   0 0   1 1   2 2   3 3
7 86 4   0 0   1 1   2 2   3 3
7 72 4   0 0   1 1   2 2   3 3
7 43 4   0 0   1 1   2 2   3 3
7 93 4   0 0   1 1   2 2   3 3
7 77 4   0 0   1 1   2 2   3 3
8 25 4   0 0   1 1   2 2   3 3
8 77 4   0 0   1 1   2 2   3 3
9 52 4   0 0   1 1   2 2   3 3
9 21 4   0 0   1 1   2 2   3 3
9 28 4   0 0   1 1   2 2   3 3
9 61 4   0 0   1 1   2 2   3 3
9 30 4   0 0   1 1   2 2   3 3
10 53 4   0 0   1 1   2 2   3 3
10 40 4   0 0   1 1   2 2   3 3
10 58 4   0 0   1 1   2 2   3 3
11 82 4   0 0   1 1   2 2   3 3
11 23 4   0 0   1 1   2 2   3 3
12 66 4   0 0   1 1   2 2   3 3
12 23 4   0 0   1 1   2 2   3 3
12 74 4   0 0   1 1   2 2   3 3
12 63 4   0 0   1 1   2 2   3 3
13 64 4   0 0   1 1   2 2   3 3
13 17 4   0 0   1 1   2 2   3 3
13 46 4   0 0   1 1   2 2   3 3
14 48 4   0 0   1 1   2 2   3 3
14 51 4   0 0   1 1   2 2   3 3
14 36 4   0 0   1 1   2 2   3 3
14 70 4   0 0   1 1   2 2   3 3
14 55 4   0 0   1 1   2 2   3 3
14 31 4   0 0   1 1   2 2   3 3
15 80 4   0 0   1 1   2 2   3 3
15 82 4   0 0   1 1   2 2   3 3
15 37 4   0 0   1 1   2 2   3 3
15 54 4   0 0   1 1   2 2   3 3
15 24 4   0 0   1 1   2 2   3 3
15 44 4   0 0   1 1   2 2   3 3
15 77 4   0 0   1 1   2 2   3 3
16 51 4   0 0   1 1   2 2   3 3
16 21 4   0 0   1 1   2 2   3 3
16 28 4   0 0   1 1   2 2   3 3
17 64 4   0 0   1 1   2 2   3 3
17 81 4   0 0   1 1   2 2   3 3
17 39 4   0 0   1 1   2 2   3 3
17 73 4   0 0   1 1   2 2   3 3
17 46 4   0 0   1 1   2 2   3 3
17 62 4   0 0   1 1   2 2   3 3
18 35 4   0 0   1 1   2 2   3 3
18 19 4   0 0   1 1   2 2   3 3
18 89 4   0 0   1 1   2 2   3 3
18 76 4   0 0   1 1   2 2   3 3
18 94 4   0 0   1 1   2 2   3 3
19 65 4   0 0   1 1   2 2   3 3
19 35 4   0 0   1 1   2 2   3 3
19 24 4   0 0   1 1   2 2   3 3
20 82 4   0 0   1 1   2 2   3 3
20 36 4   0 0   1 1   2 2   3 3
20 71 4   0 0   1 1   2 2   3 3
20 56 4   0 0   1 1   2 2   3 3
20 60 4   0 0   1 1   2 2   3 3
20 95 4   0 0   1 1   2 2   3 3
21 51 4   0 0   1 1   2 2   3 3
21 36 4   0 0   1 1   2 2   3 3
21 69 4   0 0   1 1   2 2   3 3
21 71 4   0 0   1 1   2 2   3 3
21 75 4   0 0   1 1   2 2   3 3
21 28 4   0 0   1 1   2 2   3 3
21 61 4   0 0   1 1   2 2   3 3
22 67 4   0 0   1 1   2 2   3 3
22 88 4   0 0   1 1   2 2   3 3
22 74 4   0 0   1 1   2 2   3 3
22 95 4   0 0   1 1   2 2   3 3
23 82 4   0 0   1 1   2 2   3 3
23 74 4   0 0   1 1   2 2   3 3
23 95 4   0 0   1 1   2 2   3 3
23 63 4   0 0   1 1   2 2   3 3
24 65 4   0 0   1 1   2 2   3 3
24 97 4   0 0   1 1   2 2   3 3
24 82 4   0 0   1 1   2 2   3 3
24 68 4   0 0   1 1   2 2   3 3
24 85 4   0 0   1 1   2 2   3 3
24 37 4   0 0   1 1   2 2   3 3
24 56 4   0 0   1 1   2 2   3 3
25 41 4   0 0   1 1   2 2   3 3
25 77 4   0 0   1 1   2 2   3 3
26 33 4   0 0   1 1   2 2   3 3
26 40 4   0 0   1 1   2 2   3 3
26 72 4   0 0   1 1   2 2   3 3
26 45 4   0 0   1 1   2 2   3 3
27 87 4   0 0   1 1   2 2   3 3
27 89 4   0 0   1 1   2 2   3 3
27 42 4   0 0   1 1   2 2   3 3
27 46 4   0 0   1 1   2 2   3 3
28 98 4   0 0   1 1   2 2   3 3
28 52 4   0 0   1 1   2 2   3 3
29 49 4   0 0   1 1   2 2   3 3
29 33 4   0 0   1 1   2 2   3 3
29 53 4   0 0   1 1   2 2   3 3
29 90 4   0 0   1 1   2 2   3 3
29 43 4   0 0   1 1   2 2   3 3
29 93 4   0 0   1 1   2 2   3 3
31 96 4   0 0   1 1   2 2   3 3
31 48 4   0 0   1 1   2 2   3 3
31 98 4   0 0   1 1   2 2   3 3
32 99 4   0 0   1 1   2 2   3 3
32 35 4   0 0   1 1   2 2   3 3
32 87 4   0 0   1 1   2 2   3 3
32 89 4   0 0   1 1   2 2   3 3
32 92 4   0 0   1 1   2 2   3 3
33 49 4   0 0   1 1   2 2   3 3
33 53 4   0 0   1 1   2 2   3 3
33 40 4   0 0   1 1   2 2   3 3
33 45 4   0 0   1 1   2 2   3 3
34 50 4   0 0   1 1   2 2   3 3
34 83 4   0 0   1 1   2 2   3 3
34 47 4   0 0   1 1   2 2   3 3
35 65 4   0 0   1 1   2 2   3 3
35 99 4   0 0   1 1   2 2   3 3
35 89 4   0 0   1 1   2 2   3 3
36 51 4   0 0   1 1   2 2   3 3
36 68 4   0 0   1 1   2 2   3 3
36 85 4   0 0   1 1   2 2   3 3
36 55 4   0 0   1 1   2 2   3 3
36 71 4   0 0   1 1   2 2   3 3
36 56 4   0 0   1 1   2 2   3 3
37 97 4   0 0   1 1   2 2   3 3
37 78 4   0 0   1 1   2 2   3 3
37 47 4   0 0   1 1   2 2   3 3
37 83 4   0 0   1 1   2 2   3 3
37 57 4   0 0   1 1   2 2   3 3
37 93 4   0 0   1 1   2 2   3 3
37 94 4   0 0   1 1   2 2   3 3
38 80 4   0 0   1 1   2 2   3 3
38 66 4   0 0   1 1   2 2   3 3
38 44 4   0 0   1 1   2 2   3 3
38 79 4   0 0   1 1   2 2   3 3
38 63 4   0 0   1 1   2 2   3 3
39 73 4   0 0   1 1   2 2   3 3
39 62 4   0 0   1 1   2 2   3 3
40 53 4   0 0   1 1   2 2   3 3
40 72 4   0 0   1 1   2 2   3 3
42 87 4   0 0   1 1   2 2   3 3
43 49 4   0 0   1 1   2 2   3 3
43 86 4   0 0   1 1   2 2   3 3
43 93 4   0 0   1 1   2 2   3 3
44 80 4   0 0   1 1   2 2   3 3
44 54 4   0 0   1 1   2 2   3 3
44 79 4   0 0   1 1   2 2   3 3
45 49 4   0 0   1 1   2 2   3 3
45 86 4   0 0   1 1   2 2   3 3
45 72 4   0 0   1 1   2 2   3 3
46 64 4   0 0   1 1   2 2   3 3
46 73 4   0 0   1 1   2 2   3 3
46 89 4   0 0   1 1   2 2   3 3
46 76 4   0 0   1 1   2 2   3 3
46 78 4   0 0   1 1   2 2   3 3
47 97 4   0 0   1 1   2 2   3 3
47 50 4   0 0   1 1   2 2   3 3
47 83 4   0 0   1 1   2 2   3 3
47 57 4   0 0   1 1   2 2   3 3
48 99 4   0 0   1 1   2 2   3 3
48 55 4   0 0   1 1   2 2   3 3
49 86 4   0 0   1 1   2 2   3 3
52 96 4   0 0   1 1   2 2   3 3
52 98 4   0 0   1 1   2 2   3 3
53 81 4   0 0   1 1   2 2   3 3
53 90 4   0 0   1 1   2 2   3 3
53 58 4   0 0   1 1   2 2   3 3
54 82 4   0 0   1 1   2 2   3 3
54 63 4   0 0   1 1   2 2   3 3
54 79 4   0 0   1 1   2 2   3 3
55 65 4   0 0   1 1   2 2   3 3
55 99 4   0 0   1 1   2 2   3 3
55 85 4   0 0   1 1   2 2   3 3
55 70 4   0 0   1 1   2 2   3 3
56 82 4   0 0   1 1   2 2   3 3
56 68 4   0 0   1 1   2 2   3 3
57 83 4   0 0   1 1   2 2   3 3
58 81 4   0 0   1 1   2 2   3 3
58 59 4   0 0   1 1   2 2   3 3
58 62 4   0 0   1 1   2 2   3 3
59 62 4   0 0   1 1   2 2   3 3
60 71 4   0 0   1 1   2 2   3 3
60 75 4   0 0   1 1   2 2   3 3
60 95 4   0 0   1 1   2 2   3 3
61 69 4   0 0   1 1   2 2   3 3
62 81 4   0 0   1 1   2 2   3 3
63 82 4   0 0   1 1   2 2   3 3
63 66 4   0 0   1 1   2 2   3 3
63 79 4   0 0   1 1   2 2   3 3
64 81 4   0 0   1 1   2 2   3 3
64 78 4   0 0   1 1   2 2   3 3
65 99 4   0 0   1 1   2 2   3 3
65 85 4   0 0   1 1   2 2   3 3
66 84 4   0 0   1 1   2 2   3 3
66 74 4   0 0   1 1   2 2   3 3
66 91 4   0 0   1 1   2 2   3 3
67 88 4   0 0   1 1   2 2   3 3
67 95 4   0 0   1 1   2 2   3 3
68 85 4   0 0   1 1   2 2   3 3
69 75 4   0 0   1 1   2 2   3 3
71 75 4   0 0   1 1   2 2   3 3
72 86 4   0 0   1 1   2 2   3 3
74 84 4   0 0   1 1   2 2   3 3
74 88 4   0 0   1 1   2 2   3 3
74 95 4   0 0   1 1   2 2   3 3
76 89 4   0 0   1 1   2 2   3 3
76 78 4   0 0   1 1   2 2   3 3
76 94 4   0 0   1 1   2 2   3 3
77 80 4   0 0   1 1   2 2   3 3
78 94 4   0 0   1 1   2 2   3 3
81 90 4   0 0   1 1   2 2   3 3
82 95 4   0 0   1 1   2 2   3 3
84 88 4   0 0   1 1   2 2   3 3
84 91 4   0 0   1 1   2 2   3 3
87 89 4   0 0   1 1   2 2   3 3
87 92 4   0 0   1 1   2 2   3 3
90 93 4   0 0   1 1   2 2   3 3
92 99 4   0 0   1 1   2 2   3 3
96 98 4   0 0   1 1   2 2   3 3
