36 36
5 5 5 5 5 5 5 5 5 5 5 5 1 1 1 1 1 1 1 1 1 1 1 1 1 1 1 1 1 1 1 1 1 1 1 1 
5 5 5 5 5 5 5 5 5 5 1 1 1 1 1 1 1 1 1 1 1 1 1 1 1 1 1 1 1 1 1 1 1 1 1 1 
5 5 5 5 5 5 5 5 5 5 1 1 1 1 1 1 1 1 1 1 1 1 1 1 1 1 1 1 1 1 1 1 1 1 1 1 
5 5 5 5 5 5 5 5 5 5 1 1 1 1 1 1 1 1 1 1 1 1 1 1 1 1 1 1 1 1 1 1 1 6 1 6 
5 5 5 5 5 5 5 5 5 5 5 1 1 1 1 1 1 1 1 1 1 1 1 1 1 1 1 6 1 6 6 6 6 6 6 6 
5 5 5 5 5 5 5 5 5 5 5 1 1 1 1 1 1 1 1 1 1 1 1 1 1 1 6 6 6 6 6 6 6 6 6 8 
5 5 5 5 5 5 5 5 5 5 5 3 1 1 1 1 1 1 1 1 1 1 1 1 1 6 6 6 6 6 6 7 6 6 8 8 
5 5 5 5 5 5 5 5 3 3 3 3 3 1 1 1 1 1 1 1 1 1 1 6 6 6 6 6 7 7 7 7 8 8 8 8 
5 5 5 5 5 5 5 5 3 3 3 3 3 3 3 1 1 1 1 1 6 1 6 6 6 7 7 7 7 7 7 7 7 8 8 8 
5 5 5 5 5 5 5 3 3 3 3 3 3 3 3 3 1 1 1 6 6 6 6 6 7 7 7 7 7 7 7 7 7 8 8 8 
5 5 5 5 5 5 5 3 3 3 3 3 3 3 3 3 1 1 6 6 6 6 6 6 7 7 7 7 7 7 7 7 8 8 8 8 
5 5 5 5 5 5 5 3 3 3 3 3 3 3 3 3 3 6 6 6 6 6 6 6 7 7 7 7 7 7 7 7 8 8 8 8 
5 5 5 5 3 3 3 3 3 3 3 3 3 3 3 3 3 6 6 6 6 6 6 7 7 7 7 7 7 7 7 7 7 7 8 8 
5 5 5 5 3 3 3 3 3 3 3 3 3 3 3 3 3 6 6 6 6 6 6 6 7 7 7 7 7 7 7 7 7 7 8 8 
5 5 3 3 3 3 3 3 3 3 3 3 3 3 3 3 2 2 6 6 6 6 6 6 6 7 7 7 7 7 7 7 7 8 8 8 
5 3 3 3 3 3 3 3 3 3 3 3 3 3 3 3 2 2 2 2 2 6 6 6 7 7 7 7 7 7 7 7 7 8 8 8 
5 3 9 9 9 9 3 3 3 3 3 3 3 3 3 3 3 2 2 2 2 6 6 7 7 7 7 7 7 7 7 7 7 8 8 8 
5 3 9 9 9 9 9 3 3 3 3 3 3 3 3 3 3 2 2 2 6 6 6 7 7 7 7 7 7 7 7 7 7 8 8 8 
5 9 9 9 9 9 9 9 9 9 3 3 3 3 3 3 3 2 6 6 6 6 7 7 7 7 7 7 7 7 7 7 7 8 8 8 
5 5 5 9 9 9 9 9 9 9 9 9 9 9 9 9 2 2 2 6 6 7 7 7 7 7 7 7 7 7 7 7 7 8 8 8 
5 5 9 9 9 9 9 9 9 9 9 9 9 9 9 9 2 2 2 6 6 7 7 7 7 7 7 7 7 7 7 7 7 8 8 8 
5 9 9 9 9 9 9 9 9 9 9 9 9 9 9 2 2 2 6 6 6 7 7 7 7 7 7 7 7 7 7 7 7 8 8 8 
5 9 9 9 9 9 9 9 9 9 9 9 9 9 9 2 2 2 6 6 7 7 7 7 7 7 7 7 8 7 7 7 7 8 8 8 
5 9 9 9 9 9 9 9 9 9 9 9 9 9 9 2 6 6 6 6 6 4 4 4 4 4 7 7 8 8 8 8 8 8 8 8 
5 5 9 9 9 9 9 9 9 9 9 9 9 9 2 2 6 6 6 6 6 4 4 4 4 4 4 8 8 8 8 8 8 8 8 8 
5 5 9 9 9 9 9 9 9 9 9 9 9 9 2 2 6 6 6 6 6 4 4 4 4 4 4 8 8 8 8 8 8 8 8 8 
5 5 9 9 9 9 9 9 9 9 9 9 9 9 2 2 6 2 6 6 6 6 4 4 4 4 8 8 8 8 8 8 8 8 8 8 
5 5 9 2 9 9 9 9 9 9 9 9 9 9 9 2 2 2 6 6 6 6 4 4 4 4 8 8 8 8 8 8 8 8 8 8 
5 2 2 2 9 9 9 2 2 9 2 2 2 2 2 2 2 6 6 6 6 6 4 4 4 4 8 8 8 8 8 8 8 8 8 8 
5 2 2 2 2 2 2 2 2 2 2 2 2 2 2 2 2 6 6 6 6 6 4 4 4 4 4 4 8 8 8 8 8 8 8 8 
5 2 2 2 2 2 2 2 2 2 2 2 2 2 2 2 2 2 6 6 6 6 4 4 4 4 4 4 8 8 8 8 8 8 8 8 
5 2 2 2 2 2 2 2 2 2 2 2 2 2 2 2 2 2 6 6 6 6 4 4 4 4 4 4 8 8 8 8 8 8 8 8 
5 5 2 2 2 2 2 2 2 2 2 2 2 2 2 6 6 6 6 6 6 6 4 4 4 4 4 4 4 8 8 8 8 8 8 8 
5 5 2 2 2 2 2 2 2 2 2 2 2 2 2 6 6 6 6 6 6 4 4 4 4 4 4 4 4 8 8 8 8 8 8 8 
5 5 2 2 2 2 2 2 2 2 2 2 2 2 2 2 2 6 6 6 6 4 4 4 4 4 4 4 4 8 8 8 8 8 8 8 
5 5 2 2 2 2 2 2 2 2 2 2 2 2 6 6 6 6 6 6 6 4 4 4 4 4 4 4 4 4 8 8 8 8 8 8 
