140
1 4 0 1 2 3
2 4 0 1 2 3
3 4 0 1 2 3
4 4 0 1 2 3
5 4 0 1 2 3
6 4 0 1 2 3
7 4 0 1 2 3
8 4 0 1 2 3
9 4 0 1 2 3
10 4 0 1 2 3
11 4 0 1 2 3
12 4 0 1 2 3
13 4 0 1 2 3
14 4 0 1 2 3
15 4 0 1 2 3
16 4 0 1 2 3
17 4 0 1 2 3
18 4 0 1 2 3
19 4 0 1 2 3
20 4 0 1 2 3
21 4 0 1 2 3
22 4 0 1 2 3
23 4 0 1 2 3
24 4 0 1 2 3
25 4 0 1 2 3
26 4 0 1 2 3
27 4 0 1 2 3
28 4 0 1 2 3
29 4 0 1 2 3
30 4 0 1 2 3
31 4 0 1 2 3
32 4 0 1 2 3
33 4 0 1 2 3
34 4 0 1 2 3
35 4 0 1 2 3
36 4 0 1 2 3
37 4 0 1 2 3
38 4 0 1 2 3
39 4 0 1 2 3
40 4 0 1 2 3
41 4 0 1 2 3
42 4 0 1 2 3
43 4 0 1 2 3
44 4 0 1 2 3
45 4 0 1 2 3
46 4 0 1 2 3
47 4 0 1 2 3
48 4 0 1 2 3
49 4 0 1 2 3
50 4 0 1 2 3
51 4 0 1 2 3
52 4 0 1 2 3
53 4 0 1 2 3
54 4 0 1 2 3
55 4 0 1 2 3
56 4 0 1 2 3
57 4 0 1 2 3
58 4 0 1 2 3
59 4 0 1 2 3
60 4 0 1 2 3
61 4 0 1 2 3
62 4 0 1 2 3
63 4 0 1 2 3
64 4 0 1 2 3
65 4 0 1 2 3
66 4 0 1 2 3
67 4 0 1 2 3
68 4 0 1 2 3
69 4 0 1 2 3
70 4 0 1 2 3
71 4 0 1 2 3
72 4 0 1 2 3
73 4 0 1 2 3
74 4 0 1 2 3
75 4 0 1 2 3
76 4 0 1 2 3
77 4 0 1 2 3
78 4 0 1 2 3
79 4 0 1 2 3
80 4 0 1 2 3
81 4 0 1 2 3
82 4 0 1 2 3
83 4 0 1 2 3
84 4 0 1 2 3
85 4 0 1 2 3
86 4 0 1 2 3
87 4 0 1 2 3
88 4 0 1 2 3
89 4 0 1 2 3
90 4 0 1 2 3
91 4 0 1 2 3
92 4 0 1 2 3
93 4 0 1 2 3
94 4 0 1 2 3
95 4 0 1 2 3
96 4 0 1 2 3
97 4 0 1 2 3
98 4 0 1 2 3
99 4 0 1 2 3
100 4 0 1 2 3
101 4 0 1 2 3
102 4 0 1 2 3
103 4 0 1 2 3
104 4 0 1 2 3
105 4 0 1 2 3
106 4 0 1 2 3
107 4 0 1 2 3
108 4 0 1 2 3
109 4 0 1 2 3
110 4 0 1 2 3
111 4 0 1 2 3
112 4 0 1 2 3
113 4 0 1 2 3
114 4 0 1 2 3
115 4 0 1 2 3
116 4 0 1 2 3
117 4 0 1 2 3
118 4 0 1 2 3
119 4 0 1 2 3
120 4 0 1 2 3
121 4 0 1 2 3
122 4 0 1 2 3
123 4 0 1 2 3
124 4 0 1 2 3
125 4 0 1 2 3
126 4 0 1 2 3
127 4 0 1 2 3
128 4 0 1 2 3
129 4 0 1 2 3
130 4 0 1 2 3
131 4 0 1 2 3
132 4 0 1 2 3
133 4 0 1 2 3
134 4 0 1 2 3
135 4 0 1 2 3
136 4 0 1 2 3
137 4 0 1 2 3
138 4 0 1 2 3
139 4 0 1 2 3
140 4 0 1 2 3
378
1 99 4   0 0   1 1   2 2   3 3
1 36 4   0 0   1 1   2 2   3 3
1 86 4   0 0   1 1   2 2   3 3
1 7 4   0 0   1 1   2 2   3 3
1 104 4   0 0   1 1   2 2   3 3
1 14 4   0 0   1 1   2 2   3 3
2 80 4   0 0   1 1   2 2   3 3
2 116 4   0 0   1 1   2 2   3 3
2 105 4   0 0   1 1   2 2   3 3
2 138 4   0 0   1 1   2 2   3 3
2 27 4   0 0   1 1   2 2   3 3
2 93 4   0 0   1 1   2 2   3 3
3 4 4   0 0   1 1   2 2   3 3
3 101 4   0 0   1 1   2 2   3 3
3 117 4   0 0   1 1   2 2   3 3
3 118 4   0 0   1 1   2 2   3 3
3 93 4   0 0   1 1   2 2   3 3
4 118 4   0 0   1 1   2 2   3 3
4 27 4   0 0   1 1   2 2   3 3
4 93 4   0 0   1 1   2 2   3 3
5 32 4   0 0   1 1   2 2   3 3
5 96 4   0 0   1 1   2 2   3 3
5 104 4   0 0   1 1   2 2   3 3
5 26 4   0 0   1 1   2 2   3 3
5 108 4   0 0   1 1   2 2   3 3
5 47 4   0 0   1 1   2 2   3 3
5 95 4   0 0   1 1   2 2   3 3
6 50 4   0 0   1 1   2 2   3 3
6 69 4   0 0   1 1   2 2   3 3
6 133 4   0 0   1 1   2 2   3 3
6 22 4   0 0   1 1   2 2   3 3
6 24 4   0 0   1 1   2 2   3 3
6 41 4   0 0   1 1   2 2   3 3
7 51 4   0 0   1 1   2 2   3 3
7 99 4   0 0   1 1   2 2   3 3
7 36 4   0 0   1 1   2 2   3 3
7 25 4   0 0   1 1   2 2   3 3
7 107 4   0 0   1 1   2 2   3 3
8 17 4   0 0   1 1   2 2   3 3
8 115 4   0 0   1 1   2 2   3 3
8 102 4   0 0   1 1   2 2   3 3
8 103 4   0 0   1 1   2 2   3 3
8 108 4   0 0   1 1   2 2   3 3
8 29 4   0 0   1 1   2 2   3 3
8 127 4   0 0   1 1   2 2   3 3
9 33 4   0 0   1 1   2 2   3 3
9 82 4   0 0   1 1   2 2   3 3
9 70 4   0 0   1 1   2 2   3 3
9 134 4   0 0   1 1   2 2   3 3
9 15 4   0 0   1 1   2 2   3 3
10 16 4   0 0   1 1   2 2   3 3
10 130 4   0 0   1 1   2 2   3 3
10 23 4   0 0   1 1   2 2   3 3
10 87 4   0 0   1 1   2 2   3 3
10 57 4   0 0   1 1   2 2   3 3
11 66 4   0 0   1 1   2 2   3 3
11 68 4   0 0   1 1   2 2   3 3
11 71 4   0 0   1 1   2 2   3 3
11 72 4   0 0   1 1   2 2   3 3
11 44 4   0 0   1 1   2 2   3 3
11 13 4   0 0   1 1   2 2   3 3
12 26 4   0 0   1 1   2 2   3 3
12 30 4   0 0   1 1   2 2   3 3
12 15 4   0 0   1 1   2 2   3 3
12 111 4   0 0   1 1   2 2   3 3
13 21 4   0 0   1 1   2 2   3 3
13 120 4   0 0   1 1   2 2   3 3
13 72 4   0 0   1 1   2 2   3 3
13 44 4   0 0   1 1   2 2   3 3
13 79 4   0 0   1 1   2 2   3 3
14 86 4   0 0   1 1   2 2   3 3
14 56 4   0 0   1 1   2 2   3 3
14 104 4   0 0   1 1   2 2   3 3
14 90 4   0 0   1 1   2 2   3 3
14 62 4   0 0   1 1   2 2   3 3
15 82 4   0 0   1 1   2 2   3 3
15 70 4   0 0   1 1   2 2   3 3
15 74 4   0 0   1 1   2 2   3 3
15 30 4   0 0   1 1   2 2   3 3
15 111 4   0 0   1 1   2 2   3 3
16 81 4   0 0   1 1   2 2   3 3
16 98 4   0 0   1 1   2 2   3 3
16 23 4   0 0   1 1   2 2   3 3
16 87 4   0 0   1 1   2 2   3 3
16 63 4   0 0   1 1   2 2   3 3
17 98 4   0 0   1 1   2 2   3 3
17 119 4   0 0   1 1   2 2   3 3
17 29 4   0 0   1 1   2 2   3 3
17 46 4   0 0   1 1   2 2   3 3
17 127 4   0 0   1 1   2 2   3 3
17 63 4   0 0   1 1   2 2   3 3
18 48 4   0 0   1 1   2 2   3 3
18 19 4   0 0   1 1   2 2   3 3
18 52 4   0 0   1 1   2 2   3 3
18 137 4   0 0   1 1   2 2   3 3
18 90 4   0 0   1 1   2 2   3 3
18 47 4   0 0   1 1   2 2   3 3
19 103 4   0 0   1 1   2 2   3 3
19 137 4   0 0   1 1   2 2   3 3
19 47 4   0 0   1 1   2 2   3 3
19 127 4   0 0   1 1   2 2   3 3
20 114 4   0 0   1 1   2 2   3 3
20 35 4   0 0   1 1   2 2   3 3
20 106 4   0 0   1 1   2 2   3 3
21 120 4   0 0   1 1   2 2   3 3
21 124 4   0 0   1 1   2 2   3 3
21 79 4   0 0   1 1   2 2   3 3
22 50 4   0 0   1 1   2 2   3 3
22 100 4   0 0   1 1   2 2   3 3
22 133 4   0 0   1 1   2 2   3 3
22 85 4   0 0   1 1   2 2   3 3
22 73 4   0 0   1 1   2 2   3 3
22 110 4   0 0   1 1   2 2   3 3
22 31 4   0 0   1 1   2 2   3 3
23 130 4   0 0   1 1   2 2   3 3
23 119 4   0 0   1 1   2 2   3 3
23 140 4   0 0   1 1   2 2   3 3
23 76 4   0 0   1 1   2 2   3 3
23 63 4   0 0   1 1   2 2   3 3
24 133 4   0 0   1 1   2 2   3 3
24 135 4   0 0   1 1   2 2   3 3
24 41 4   0 0   1 1   2 2   3 3
24 43 4   0 0   1 1   2 2   3 3
25 97 4   0 0   1 1   2 2   3 3
25 131 4   0 0   1 1   2 2   3 3
25 36 4   0 0   1 1   2 2   3 3
25 86 4   0 0   1 1   2 2   3 3
25 71 4   0 0   1 1   2 2   3 3
25 123 4   0 0   1 1   2 2   3 3
25 75 4   0 0   1 1   2 2   3 3
25 107 4   0 0   1 1   2 2   3 3
26 104 4   0 0   1 1   2 2   3 3
26 30 4   0 0   1 1   2 2   3 3
26 95 4   0 0   1 1   2 2   3 3
26 111 4   0 0   1 1   2 2   3 3
27 93 4   0 0   1 1   2 2   3 3
28 97 4   0 0   1 1   2 2   3 3
28 66 4   0 0   1 1   2 2   3 3
28 68 4   0 0   1 1   2 2   3 3
28 53 4   0 0   1 1   2 2   3 3
28 40 4   0 0   1 1   2 2   3 3
28 56 4   0 0   1 1   2 2   3 3
28 77 4   0 0   1 1   2 2   3 3
29 98 4   0 0   1 1   2 2   3 3
29 115 4   0 0   1 1   2 2   3 3
29 92 4   0 0   1 1   2 2   3 3
30 80 4   0 0   1 1   2 2   3 3
30 82 4   0 0   1 1   2 2   3 3
30 51 4   0 0   1 1   2 2   3 3
30 126 4   0 0   1 1   2 2   3 3
31 83 4   0 0   1 1   2 2   3 3
31 85 4   0 0   1 1   2 2   3 3
31 55 4   0 0   1 1   2 2   3 3
31 110 4   0 0   1 1   2 2   3 3
32 48 4   0 0   1 1   2 2   3 3
32 96 4   0 0   1 1   2 2   3 3
32 104 4   0 0   1 1   2 2   3 3
32 62 4   0 0   1 1   2 2   3 3
32 47 4   0 0   1 1   2 2   3 3
33 49 4   0 0   1 1   2 2   3 3
33 113 4   0 0   1 1   2 2   3 3
33 70 4   0 0   1 1   2 2   3 3
33 60 4   0 0   1 1   2 2   3 3
34 84 4   0 0   1 1   2 2   3 3
34 132 4   0 0   1 1   2 2   3 3
34 139 4   0 0   1 1   2 2   3 3
34 45 4   0 0   1 1   2 2   3 3
34 78 4   0 0   1 1   2 2   3 3
35 129 4   0 0   1 1   2 2   3 3
35 114 4   0 0   1 1   2 2   3 3
35 135 4   0 0   1 1   2 2   3 3
35 43 4   0 0   1 1   2 2   3 3
36 86 4   0 0   1 1   2 2   3 3
37 113 4   0 0   1 1   2 2   3 3
37 115 4   0 0   1 1   2 2   3 3
37 54 4   0 0   1 1   2 2   3 3
37 88 4   0 0   1 1   2 2   3 3
37 122 4   0 0   1 1   2 2   3 3
37 92 4   0 0   1 1   2 2   3 3
38 112 4   0 0   1 1   2 2   3 3
38 131 4   0 0   1 1   2 2   3 3
38 116 4   0 0   1 1   2 2   3 3
38 89 4   0 0   1 1   2 2   3 3
39 65 4   0 0   1 1   2 2   3 3
39 50 4   0 0   1 1   2 2   3 3
39 52 4   0 0   1 1   2 2   3 3
39 40 4   0 0   1 1   2 2   3 3
39 90 4   0 0   1 1   2 2   3 3
39 45 4   0 0   1 1   2 2   3 3
39 61 4   0 0   1 1   2 2   3 3
39 125 4   0 0   1 1   2 2   3 3
40 56 4   0 0   1 1   2 2   3 3
40 90 4   0 0   1 1   2 2   3 3
40 77 4   0 0   1 1   2 2   3 3
40 45 4   0 0   1 1   2 2   3 3
41 65 4   0 0   1 1   2 2   3 3
41 69 4   0 0   1 1   2 2   3 3
41 43 4   0 0   1 1   2 2   3 3
42 112 4   0 0   1 1   2 2   3 3
42 80 4   0 0   1 1   2 2   3 3
42 131 4   0 0   1 1   2 2   3 3
42 67 4   0 0   1 1   2 2   3 3
42 107 4   0 0   1 1   2 2   3 3
42 126 4   0 0   1 1   2 2   3 3
43 129 4   0 0   1 1   2 2   3 3
43 65 4   0 0   1 1   2 2   3 3
43 135 4   0 0   1 1   2 2   3 3
44 68 4   0 0   1 1   2 2   3 3
44 120 4   0 0   1 1   2 2   3 3
44 121 4   0 0   1 1   2 2   3 3
45 65 4   0 0   1 1   2 2   3 3
45 139 4   0 0   1 1   2 2   3 3
45 77 4   0 0   1 1   2 2   3 3
45 78 4   0 0   1 1   2 2   3 3
46 85 4   0 0   1 1   2 2   3 3
46 119 4   0 0   1 1   2 2   3 3
46 137 4   0 0   1 1   2 2   3 3
46 76 4   0 0   1 1   2 2   3 3
46 127 4   0 0   1 1   2 2   3 3
47 48 4   0 0   1 1   2 2   3 3
47 103 4   0 0   1 1   2 2   3 3
47 108 4   0 0   1 1   2 2   3 3
48 90 4   0 0   1 1   2 2   3 3
48 62 4   0 0   1 1   2 2   3 3
49 113 4   0 0   1 1   2 2   3 3
49 70 4   0 0   1 1   2 2   3 3
49 122 4   0 0   1 1   2 2   3 3
49 74 4   0 0   1 1   2 2   3 3
49 59 4   0 0   1 1   2 2   3 3
50 65 4   0 0   1 1   2 2   3 3
50 52 4   0 0   1 1   2 2   3 3
50 100 4   0 0   1 1   2 2   3 3
50 69 4   0 0   1 1   2 2   3 3
51 67 4   0 0   1 1   2 2   3 3
51 99 4   0 0   1 1   2 2   3 3
51 104 4   0 0   1 1   2 2   3 3
51 107 4   0 0   1 1   2 2   3 3
51 126 4   0 0   1 1   2 2   3 3
52 100 4   0 0   1 1   2 2   3 3
52 137 4   0 0   1 1   2 2   3 3
52 90 4   0 0   1 1   2 2   3 3
52 61 4   0 0   1 1   2 2   3 3
52 125 4   0 0   1 1   2 2   3 3
53 68 4   0 0   1 1   2 2   3 3
53 136 4   0 0   1 1   2 2   3 3
53 77 4   0 0   1 1   2 2   3 3
53 78 4   0 0   1 1   2 2   3 3
54 113 4   0 0   1 1   2 2   3 3
54 88 4   0 0   1 1   2 2   3 3
54 57 4   0 0   1 1   2 2   3 3
54 60 4   0 0   1 1   2 2   3 3
55 83 4   0 0   1 1   2 2   3 3
55 140 4   0 0   1 1   2 2   3 3
55 110 4   0 0   1 1   2 2   3 3
56 97 4   0 0   1 1   2 2   3 3
56 86 4   0 0   1 1   2 2   3 3
56 90 4   0 0   1 1   2 2   3 3
57 81 4   0 0   1 1   2 2   3 3
57 87 4   0 0   1 1   2 2   3 3
57 88 4   0 0   1 1   2 2   3 3
58 131 4   0 0   1 1   2 2   3 3
58 89 4   0 0   1 1   2 2   3 3
58 123 4   0 0   1 1   2 2   3 3
58 124 4   0 0   1 1   2 2   3 3
59 115 4   0 0   1 1   2 2   3 3
59 102 4   0 0   1 1   2 2   3 3
59 74 4   0 0   1 1   2 2   3 3
59 122 4   0 0   1 1   2 2   3 3
59 95 4   0 0   1 1   2 2   3 3
60 113 4   0 0   1 1   2 2   3 3
61 125 4   0 0   1 1   2 2   3 3
62 90 4   0 0   1 1   2 2   3 3
63 98 4   0 0   1 1   2 2   3 3
63 119 4   0 0   1 1   2 2   3 3
64 68 4   0 0   1 1   2 2   3 3
64 136 4   0 0   1 1   2 2   3 3
64 121 4   0 0   1 1   2 2   3 3
65 129 4   0 0   1 1   2 2   3 3
65 69 4   0 0   1 1   2 2   3 3
65 139 4   0 0   1 1   2 2   3 3
65 109 4   0 0   1 1   2 2   3 3
66 97 4   0 0   1 1   2 2   3 3
66 68 4   0 0   1 1   2 2   3 3
66 71 4   0 0   1 1   2 2   3 3
67 107 4   0 0   1 1   2 2   3 3
67 126 4   0 0   1 1   2 2   3 3
68 136 4   0 0   1 1   2 2   3 3
68 121 4   0 0   1 1   2 2   3 3
70 74 4   0 0   1 1   2 2   3 3
71 97 4   0 0   1 1   2 2   3 3
71 72 4   0 0   1 1   2 2   3 3
71 123 4   0 0   1 1   2 2   3 3
72 123 4   0 0   1 1   2 2   3 3
72 79 4   0 0   1 1   2 2   3 3
73 133 4   0 0   1 1   2 2   3 3
73 135 4   0 0   1 1   2 2   3 3
73 110 4   0 0   1 1   2 2   3 3
74 95 4   0 0   1 1   2 2   3 3
74 111 4   0 0   1 1   2 2   3 3
75 131 4   0 0   1 1   2 2   3 3
75 107 4   0 0   1 1   2 2   3 3
76 83 4   0 0   1 1   2 2   3 3
76 85 4   0 0   1 1   2 2   3 3
76 119 4   0 0   1 1   2 2   3 3
76 140 4   0 0   1 1   2 2   3 3
77 78 4   0 0   1 1   2 2   3 3
78 132 4   0 0   1 1   2 2   3 3
78 136 4   0 0   1 1   2 2   3 3
79 123 4   0 0   1 1   2 2   3 3
79 124 4   0 0   1 1   2 2   3 3
80 112 4   0 0   1 1   2 2   3 3
80 82 4   0 0   1 1   2 2   3 3
80 105 4   0 0   1 1   2 2   3 3
80 138 4   0 0   1 1   2 2   3 3
80 91 4   0 0   1 1   2 2   3 3
80 126 4   0 0   1 1   2 2   3 3
81 98 4   0 0   1 1   2 2   3 3
81 87 4   0 0   1 1   2 2   3 3
81 88 4   0 0   1 1   2 2   3 3
81 92 4   0 0   1 1   2 2   3 3
82 128 4   0 0   1 1   2 2   3 3
82 117 4   0 0   1 1   2 2   3 3
82 134 4   0 0   1 1   2 2   3 3
82 138 4   0 0   1 1   2 2   3 3
83 85 4   0 0   1 1   2 2   3 3
83 140 4   0 0   1 1   2 2   3 3
84 132 4   0 0   1 1   2 2   3 3
84 139 4   0 0   1 1   2 2   3 3
84 109 4   0 0   1 1   2 2   3 3
85 100 4   0 0   1 1   2 2   3 3
85 137 4   0 0   1 1   2 2   3 3
86 97 4   0 0   1 1   2 2   3 3
89 131 4   0 0   1 1   2 2   3 3
90 125 4   0 0   1 1   2 2   3 3
91 112 4   0 0   1 1   2 2   3 3
91 105 4   0 0   1 1   2 2   3 3
92 98 4   0 0   1 1   2 2   3 3
92 115 4   0 0   1 1   2 2   3 3
93 101 4   0 0   1 1   2 2   3 3
93 138 4   0 0   1 1   2 2   3 3
94 117 4   0 0   1 1   2 2   3 3
94 118 4   0 0   1 1   2 2   3 3
94 134 4   0 0   1 1   2 2   3 3
95 102 4   0 0   1 1   2 2   3 3
95 108 4   0 0   1 1   2 2   3 3
95 111 4   0 0   1 1   2 2   3 3
96 104 4   0 0   1 1   2 2   3 3
99 104 4   0 0   1 1   2 2   3 3
100 137 4   0 0   1 1   2 2   3 3
101 128 4   0 0   1 1   2 2   3 3
101 117 4   0 0   1 1   2 2   3 3
101 138 4   0 0   1 1   2 2   3 3
102 115 4   0 0   1 1   2 2   3 3
102 108 4   0 0   1 1   2 2   3 3
103 108 4   0 0   1 1   2 2   3 3
103 127 4   0 0   1 1   2 2   3 3
105 112 4   0 0   1 1   2 2   3 3
105 116 4   0 0   1 1   2 2   3 3
106 129 4   0 0   1 1   2 2   3 3
106 114 4   0 0   1 1   2 2   3 3
107 131 4   0 0   1 1   2 2   3 3
109 129 4   0 0   1 1   2 2   3 3
109 139 4   0 0   1 1   2 2   3 3
112 131 4   0 0   1 1   2 2   3 3
112 116 4   0 0   1 1   2 2   3 3
113 122 4   0 0   1 1   2 2   3 3
114 129 4   0 0   1 1   2 2   3 3
115 122 4   0 0   1 1   2 2   3 3
117 128 4   0 0   1 1   2 2   3 3
117 134 4   0 0   1 1   2 2   3 3
117 118 4   0 0   1 1   2 2   3 3
123 131 4   0 0   1 1   2 2   3 3
123 124 4   0 0   1 1   2 2   3 3
127 137 4   0 0   1 1   2 2   3 3
128 138 4   0 0   1 1   2 2   3 3
130 140 4   0 0   1 1   2 2   3 3
132 136 4   0 0   1 1   2 2   3 3
133 135 4   0 0   1 1   2 2   3 3
