164
1 4 0 1 2 3
2 4 0 1 2 3
3 4 0 1 2 3
4 4 0 1 2 3
5 4 0 1 2 3
6 4 0 1 2 3
7 4 0 1 2 3
8 4 0 1 2 3
9 4 0 1 2 3
10 4 0 1 2 3
11 4 0 1 2 3
12 4 0 1 2 3
13 4 0 1 2 3
14 4 0 1 2 3
15 4 0 1 2 3
16 4 0 1 2 3
17 4 0 1 2 3
18 4 0 1 2 3
19 4 0 1 2 3
20 4 0 1 2 3
21 4 0 1 2 3
22 4 0 1 2 3
23 4 0 1 2 3
24 4 0 1 2 3
25 4 0 1 2 3
26 4 0 1 2 3
27 4 0 1 2 3
28 4 0 1 2 3
29 4 0 1 2 3
30 4 0 1 2 3
31 4 0 1 2 3
32 4 0 1 2 3
33 4 0 1 2 3
34 4 0 1 2 3
35 4 0 1 2 3
36 4 0 1 2 3
37 4 0 1 2 3
38 4 0 1 2 3
39 4 0 1 2 3
40 4 0 1 2 3
41 4 0 1 2 3
42 4 0 1 2 3
43 4 0 1 2 3
44 4 0 1 2 3
45 4 0 1 2 3
46 4 0 1 2 3
47 4 0 1 2 3
48 4 0 1 2 3
49 4 0 1 2 3
50 4 0 1 2 3
51 4 0 1 2 3
52 4 0 1 2 3
53 4 0 1 2 3
54 4 0 1 2 3
55 4 0 1 2 3
56 4 0 1 2 3
57 4 0 1 2 3
58 4 0 1 2 3
59 4 0 1 2 3
60 4 0 1 2 3
61 4 0 1 2 3
62 4 0 1 2 3
63 4 0 1 2 3
64 4 0 1 2 3
65 4 0 1 2 3
66 4 0 1 2 3
67 4 0 1 2 3
68 4 0 1 2 3
69 4 0 1 2 3
70 4 0 1 2 3
71 4 0 1 2 3
72 4 0 1 2 3
73 4 0 1 2 3
74 4 0 1 2 3
75 4 0 1 2 3
76 4 0 1 2 3
77 4 0 1 2 3
78 4 0 1 2 3
79 4 0 1 2 3
80 4 0 1 2 3
81 4 0 1 2 3
82 4 0 1 2 3
83 4 0 1 2 3
84 4 0 1 2 3
85 4 0 1 2 3
86 4 0 1 2 3
87 4 0 1 2 3
88 4 0 1 2 3
89 4 0 1 2 3
90 4 0 1 2 3
91 4 0 1 2 3
92 4 0 1 2 3
93 4 0 1 2 3
94 4 0 1 2 3
95 4 0 1 2 3
96 4 0 1 2 3
97 4 0 1 2 3
98 4 0 1 2 3
99 4 0 1 2 3
100 4 0 1 2 3
101 4 0 1 2 3
102 4 0 1 2 3
103 4 0 1 2 3
104 4 0 1 2 3
105 4 0 1 2 3
106 4 0 1 2 3
107 4 0 1 2 3
108 4 0 1 2 3
109 4 0 1 2 3
110 4 0 1 2 3
111 4 0 1 2 3
112 4 0 1 2 3
113 4 0 1 2 3
114 4 0 1 2 3
115 4 0 1 2 3
116 4 0 1 2 3
117 4 0 1 2 3
118 4 0 1 2 3
119 4 0 1 2 3
120 4 0 1 2 3
121 4 0 1 2 3
122 4 0 1 2 3
123 4 0 1 2 3
124 4 0 1 2 3
125 4 0 1 2 3
126 4 0 1 2 3
127 4 0 1 2 3
128 4 0 1 2 3
129 4 0 1 2 3
130 4 0 1 2 3
131 4 0 1 2 3
132 4 0 1 2 3
133 4 0 1 2 3
134 4 0 1 2 3
135 4 0 1 2 3
136 4 0 1 2 3
137 4 0 1 2 3
138 4 0 1 2 3
139 4 0 1 2 3
140 4 0 1 2 3
141 4 0 1 2 3
142 4 0 1 2 3
143 4 0 1 2 3
144 4 0 1 2 3
145 4 0 1 2 3
146 4 0 1 2 3
147 4 0 1 2 3
148 4 0 1 2 3
149 4 0 1 2 3
150 4 0 1 2 3
151 4 0 1 2 3
152 4 0 1 2 3
153 4 0 1 2 3
154 4 0 1 2 3
155 4 0 1 2 3
156 4 0 1 2 3
157 4 0 1 2 3
158 4 0 1 2 3
159 4 0 1 2 3
160 4 0 1 2 3
161 4 0 1 2 3
162 4 0 1 2 3
163 4 0 1 2 3
164 4 0 1 2 3
451
1 117 4   0 0   1 1   2 2   3 3
1 7 4   0 0   1 1   2 2   3 3
1 88 4   0 0   1 1   2 2   3 3
1 122 4   0 0   1 1   2 2   3 3
1 156 4   0 0   1 1   2 2   3 3
1 47 4   0 0   1 1   2 2   3 3
2 148 4   0 0   1 1   2 2   3 3
2 25 4   0 0   1 1   2 2   3 3
2 139 4   0 0   1 1   2 2   3 3
2 60 4   0 0   1 1   2 2   3 3
3 19 4   0 0   1 1   2 2   3 3
3 100 4   0 0   1 1   2 2   3 3
3 149 4   0 0   1 1   2 2   3 3
3 8 4   0 0   1 1   2 2   3 3
3 73 4   0 0   1 1   2 2   3 3
4 129 4   0 0   1 1   2 2   3 3
4 98 4   0 0   1 1   2 2   3 3
4 35 4   0 0   1 1   2 2   3 3
4 85 4   0 0   1 1   2 2   3 3
4 140 4   0 0   1 1   2 2   3 3
4 92 4   0 0   1 1   2 2   3 3
4 95 4   0 0   1 1   2 2   3 3
4 31 4   0 0   1 1   2 2   3 3
5 98 4   0 0   1 1   2 2   3 3
5 130 4   0 0   1 1   2 2   3 3
5 83 4   0 0   1 1   2 2   3 3
5 101 4   0 0   1 1   2 2   3 3
5 70 4   0 0   1 1   2 2   3 3
5 137 4   0 0   1 1   2 2   3 3
5 92 4   0 0   1 1   2 2   3 3
6 80 4   0 0   1 1   2 2   3 3
6 146 4   0 0   1 1   2 2   3 3
6 12 4   0 0   1 1   2 2   3 3
6 77 4   0 0   1 1   2 2   3 3
7 134 4   0 0   1 1   2 2   3 3
7 38 4   0 0   1 1   2 2   3 3
7 156 4   0 0   1 1   2 2   3 3
7 60 4   0 0   1 1   2 2   3 3
7 79 4   0 0   1 1   2 2   3 3
7 47 4   0 0   1 1   2 2   3 3
8 97 4   0 0   1 1   2 2   3 3
8 100 4   0 0   1 1   2 2   3 3
8 149 4   0 0   1 1   2 2   3 3
8 24 4   0 0   1 1   2 2   3 3
8 9 4   0 0   1 1   2 2   3 3
9 97 4   0 0   1 1   2 2   3 3
9 24 4   0 0   1 1   2 2   3 3
9 77 4   0 0   1 1   2 2   3 3
10 48 4   0 0   1 1   2 2   3 3
10 33 4   0 0   1 1   2 2   3 3
10 162 4   0 0   1 1   2 2   3 3
10 86 4   0 0   1 1   2 2   3 3
10 29 4   0 0   1 1   2 2   3 3
11 112 4   0 0   1 1   2 2   3 3
11 20 4   0 0   1 1   2 2   3 3
11 58 4   0 0   1 1   2 2   3 3
11 157 4   0 0   1 1   2 2   3 3
11 159 4   0 0   1 1   2 2   3 3
12 80 4   0 0   1 1   2 2   3 3
12 17 4   0 0   1 1   2 2   3 3
12 58 4   0 0   1 1   2 2   3 3
12 77 4   0 0   1 1   2 2   3 3
13 65 4   0 0   1 1   2 2   3 3
13 132 4   0 0   1 1   2 2   3 3
13 87 4   0 0   1 1   2 2   3 3
13 120 4   0 0   1 1   2 2   3 3
13 154 4   0 0   1 1   2 2   3 3
13 91 4   0 0   1 1   2 2   3 3
14 34 4   0 0   1 1   2 2   3 3
14 29 4   0 0   1 1   2 2   3 3
14 63 4   0 0   1 1   2 2   3 3
15 116 4   0 0   1 1   2 2   3 3
15 133 4   0 0   1 1   2 2   3 3
15 150 4   0 0   1 1   2 2   3 3
15 152 4   0 0   1 1   2 2   3 3
15 74 4   0 0   1 1   2 2   3 3
15 75 4   0 0   1 1   2 2   3 3
15 46 4   0 0   1 1   2 2   3 3
16 84 4   0 0   1 1   2 2   3 3
16 41 4   0 0   1 1   2 2   3 3
16 125 4   0 0   1 1   2 2   3 3
16 93 4   0 0   1 1   2 2   3 3
17 96 4   0 0   1 1   2 2   3 3
17 163 4   0 0   1 1   2 2   3 3
17 58 4   0 0   1 1   2 2   3 3
17 107 4   0 0   1 1   2 2   3 3
17 77 4   0 0   1 1   2 2   3 3
17 61 4   0 0   1 1   2 2   3 3
18 64 4   0 0   1 1   2 2   3 3
18 145 4   0 0   1 1   2 2   3 3
18 50 4   0 0   1 1   2 2   3 3
18 164 4   0 0   1 1   2 2   3 3
18 53 4   0 0   1 1   2 2   3 3
18 74 4   0 0   1 1   2 2   3 3
18 46 4   0 0   1 1   2 2   3 3
18 111 4   0 0   1 1   2 2   3 3
19 149 4   0 0   1 1   2 2   3 3
19 73 4   0 0   1 1   2 2   3 3
19 76 4   0 0   1 1   2 2   3 3
19 158 4   0 0   1 1   2 2   3 3
20 112 4   0 0   1 1   2 2   3 3
20 48 4   0 0   1 1   2 2   3 3
20 138 4   0 0   1 1   2 2   3 3
20 157 4   0 0   1 1   2 2   3 3
21 116 4   0 0   1 1   2 2   3 3
21 22 4   0 0   1 1   2 2   3 3
21 153 4   0 0   1 1   2 2   3 3
21 90 4   0 0   1 1   2 2   3 3
22 116 4   0 0   1 1   2 2   3 3
22 102 4   0 0   1 1   2 2   3 3
22 118 4   0 0   1 1   2 2   3 3
22 153 4   0 0   1 1   2 2   3 3
22 46 4   0 0   1 1   2 2   3 3
23 49 4   0 0   1 1   2 2   3 3
23 25 4   0 0   1 1   2 2   3 3
23 139 4   0 0   1 1   2 2   3 3
23 44 4   0 0   1 1   2 2   3 3
23 108 4   0 0   1 1   2 2   3 3
23 31 4   0 0   1 1   2 2   3 3
24 100 4   0 0   1 1   2 2   3 3
24 155 4   0 0   1 1   2 2   3 3
24 28 4   0 0   1 1   2 2   3 3
24 77 4   0 0   1 1   2 2   3 3
24 61 4   0 0   1 1   2 2   3 3
25 49 4   0 0   1 1   2 2   3 3
25 139 4   0 0   1 1   2 2   3 3
26 51 4   0 0   1 1   2 2   3 3
26 69 4   0 0   1 1   2 2   3 3
26 88 4   0 0   1 1   2 2   3 3
26 105 4   0 0   1 1   2 2   3 3
26 76 4   0 0   1 1   2 2   3 3
26 156 4   0 0   1 1   2 2   3 3
27 32 4   0 0   1 1   2 2   3 3
27 148 4   0 0   1 1   2 2   3 3
27 134 4   0 0   1 1   2 2   3 3
27 39 4   0 0   1 1   2 2   3 3
27 136 4   0 0   1 1   2 2   3 3
27 139 4   0 0   1 1   2 2   3 3
27 108 4   0 0   1 1   2 2   3 3
28 96 4   0 0   1 1   2 2   3 3
28 56 4   0 0   1 1   2 2   3 3
28 155 4   0 0   1 1   2 2   3 3
28 61 4   0 0   1 1   2 2   3 3
29 33 4   0 0   1 1   2 2   3 3
29 162 4   0 0   1 1   2 2   3 3
29 34 4   0 0   1 1   2 2   3 3
29 63 4   0 0   1 1   2 2   3 3
30 162 4   0 0   1 1   2 2   3 3
30 41 4   0 0   1 1   2 2   3 3
30 78 4   0 0   1 1   2 2   3 3
30 63 4   0 0   1 1   2 2   3 3
31 160 4   0 0   1 1   2 2   3 3
31 35 4   0 0   1 1   2 2   3 3
31 85 4   0 0   1 1   2 2   3 3
31 44 4   0 0   1 1   2 2   3 3
31 108 4   0 0   1 1   2 2   3 3
32 160 4   0 0   1 1   2 2   3 3
32 68 4   0 0   1 1   2 2   3 3
32 70 4   0 0   1 1   2 2   3 3
32 136 4   0 0   1 1   2 2   3 3
32 108 4   0 0   1 1   2 2   3 3
33 34 4   0 0   1 1   2 2   3 3
33 115 4   0 0   1 1   2 2   3 3
33 86 4   0 0   1 1   2 2   3 3
33 42 4   0 0   1 1   2 2   3 3
33 107 4   0 0   1 1   2 2   3 3
34 115 4   0 0   1 1   2 2   3 3
35 129 4   0 0   1 1   2 2   3 3
35 147 4   0 0   1 1   2 2   3 3
35 43 4   0 0   1 1   2 2   3 3
35 44 4   0 0   1 1   2 2   3 3
36 144 4   0 0   1 1   2 2   3 3
36 132 4   0 0   1 1   2 2   3 3
36 151 4   0 0   1 1   2 2   3 3
36 127 4   0 0   1 1   2 2   3 3
37 103 4   0 0   1 1   2 2   3 3
37 40 4   0 0   1 1   2 2   3 3
37 123 4   0 0   1 1   2 2   3 3
37 141 4   0 0   1 1   2 2   3 3
37 127 4   0 0   1 1   2 2   3 3
38 114 4   0 0   1 1   2 2   3 3
38 134 4   0 0   1 1   2 2   3 3
38 135 4   0 0   1 1   2 2   3 3
38 136 4   0 0   1 1   2 2   3 3
38 156 4   0 0   1 1   2 2   3 3
39 148 4   0 0   1 1   2 2   3 3
39 134 4   0 0   1 1   2 2   3 3
39 60 4   0 0   1 1   2 2   3 3
39 79 4   0 0   1 1   2 2   3 3
40 151 4   0 0   1 1   2 2   3 3
40 103 4   0 0   1 1   2 2   3 3
40 120 4   0 0   1 1   2 2   3 3
40 59 4   0 0   1 1   2 2   3 3
40 43 4   0 0   1 1   2 2   3 3
40 127 4   0 0   1 1   2 2   3 3
41 112 4   0 0   1 1   2 2   3 3
41 50 4   0 0   1 1   2 2   3 3
41 164 4   0 0   1 1   2 2   3 3
41 138 4   0 0   1 1   2 2   3 3
41 93 4   0 0   1 1   2 2   3 3
41 78 4   0 0   1 1   2 2   3 3
42 115 4   0 0   1 1   2 2   3 3
42 107 4   0 0   1 1   2 2   3 3
42 143 4   0 0   1 1   2 2   3 3
43 65 4   0 0   1 1   2 2   3 3
43 113 4   0 0   1 1   2 2   3 3
43 49 4   0 0   1 1   2 2   3 3
43 147 4   0 0   1 1   2 2   3 3
43 103 4   0 0   1 1   2 2   3 3
43 59 4   0 0   1 1   2 2   3 3
43 44 4   0 0   1 1   2 2   3 3
44 49 4   0 0   1 1   2 2   3 3
45 131 4   0 0   1 1   2 2   3 3
45 84 4   0 0   1 1   2 2   3 3
45 126 4   0 0   1 1   2 2   3 3
45 94 4   0 0   1 1   2 2   3 3
46 116 4   0 0   1 1   2 2   3 3
46 53 4   0 0   1 1   2 2   3 3
46 118 4   0 0   1 1   2 2   3 3
46 54 4   0 0   1 1   2 2   3 3
46 119 4   0 0   1 1   2 2   3 3
46 74 4   0 0   1 1   2 2   3 3
46 75 4   0 0   1 1   2 2   3 3
47 117 4   0 0   1 1   2 2   3 3
47 60 4   0 0   1 1   2 2   3 3
48 162 4   0 0   1 1   2 2   3 3
48 86 4   0 0   1 1   2 2   3 3
48 138 4   0 0   1 1   2 2   3 3
48 157 4   0 0   1 1   2 2   3 3
48 78 4   0 0   1 1   2 2   3 3
49 113 4   0 0   1 1   2 2   3 3
50 64 4   0 0   1 1   2 2   3 3
50 112 4   0 0   1 1   2 2   3 3
50 164 4   0 0   1 1   2 2   3 3
51 69 4   0 0   1 1   2 2   3 3
51 135 4   0 0   1 1   2 2   3 3
51 76 4   0 0   1 1   2 2   3 3
52 71 4   0 0   1 1   2 2   3 3
52 88 4   0 0   1 1   2 2   3 3
52 104 4   0 0   1 1   2 2   3 3
52 105 4   0 0   1 1   2 2   3 3
52 122 4   0 0   1 1   2 2   3 3
52 158 4   0 0   1 1   2 2   3 3
53 64 4   0 0   1 1   2 2   3 3
53 129 4   0 0   1 1   2 2   3 3
53 119 4   0 0   1 1   2 2   3 3
53 89 4   0 0   1 1   2 2   3 3
53 140 4   0 0   1 1   2 2   3 3
54 118 4   0 0   1 1   2 2   3 3
54 119 4   0 0   1 1   2 2   3 3
54 121 4   0 0   1 1   2 2   3 3
54 89 4   0 0   1 1   2 2   3 3
55 128 4   0 0   1 1   2 2   3 3
55 81 4   0 0   1 1   2 2   3 3
55 131 4   0 0   1 1   2 2   3 3
55 126 4   0 0   1 1   2 2   3 3
56 96 4   0 0   1 1   2 2   3 3
56 143 4   0 0   1 1   2 2   3 3
57 81 4   0 0   1 1   2 2   3 3
57 116 4   0 0   1 1   2 2   3 3
57 150 4   0 0   1 1   2 2   3 3
57 153 4   0 0   1 1   2 2   3 3
57 90 4   0 0   1 1   2 2   3 3
58 80 4   0 0   1 1   2 2   3 3
58 163 4   0 0   1 1   2 2   3 3
58 124 4   0 0   1 1   2 2   3 3
58 157 4   0 0   1 1   2 2   3 3
58 159 4   0 0   1 1   2 2   3 3
59 65 4   0 0   1 1   2 2   3 3
59 120 4   0 0   1 1   2 2   3 3
59 91 4   0 0   1 1   2 2   3 3
60 148 4   0 0   1 1   2 2   3 3
60 79 4   0 0   1 1   2 2   3 3
61 96 4   0 0   1 1   2 2   3 3
61 77 4   0 0   1 1   2 2   3 3
62 84 4   0 0   1 1   2 2   3 3
62 125 4   0 0   1 1   2 2   3 3
62 94 4   0 0   1 1   2 2   3 3
63 162 4   0 0   1 1   2 2   3 3
64 112 4   0 0   1 1   2 2   3 3
64 106 4   0 0   1 1   2 2   3 3
64 140 4   0 0   1 1   2 2   3 3
65 129 4   0 0   1 1   2 2   3 3
65 147 4   0 0   1 1   2 2   3 3
65 87 4   0 0   1 1   2 2   3 3
65 89 4   0 0   1 1   2 2   3 3
65 91 4   0 0   1 1   2 2   3 3
66 161 4   0 0   1 1   2 2   3 3
66 104 4   0 0   1 1   2 2   3 3
67 161 4   0 0   1 1   2 2   3 3
67 117 4   0 0   1 1   2 2   3 3
68 114 4   0 0   1 1   2 2   3 3
68 70 4   0 0   1 1   2 2   3 3
68 136 4   0 0   1 1   2 2   3 3
68 110 4   0 0   1 1   2 2   3 3
69 135 4   0 0   1 1   2 2   3 3
69 156 4   0 0   1 1   2 2   3 3
70 160 4   0 0   1 1   2 2   3 3
70 85 4   0 0   1 1   2 2   3 3
70 137 4   0 0   1 1   2 2   3 3
70 92 4   0 0   1 1   2 2   3 3
70 110 4   0 0   1 1   2 2   3 3
71 104 4   0 0   1 1   2 2   3 3
71 73 4   0 0   1 1   2 2   3 3
71 158 4   0 0   1 1   2 2   3 3
72 99 4   0 0   1 1   2 2   3 3
72 102 4   0 0   1 1   2 2   3 3
72 118 4   0 0   1 1   2 2   3 3
72 109 4   0 0   1 1   2 2   3 3
73 158 4   0 0   1 1   2 2   3 3
74 133 4   0 0   1 1   2 2   3 3
74 111 4   0 0   1 1   2 2   3 3
75 116 4   0 0   1 1   2 2   3 3
76 149 4   0 0   1 1   2 2   3 3
76 135 4   0 0   1 1   2 2   3 3
76 105 4   0 0   1 1   2 2   3 3
76 158 4   0 0   1 1   2 2   3 3
77 97 4   0 0   1 1   2 2   3 3
77 146 4   0 0   1 1   2 2   3 3
78 162 4   0 0   1 1   2 2   3 3
78 138 4   0 0   1 1   2 2   3 3
79 134 4   0 0   1 1   2 2   3 3
80 130 4   0 0   1 1   2 2   3 3
80 146 4   0 0   1 1   2 2   3 3
80 101 4   0 0   1 1   2 2   3 3
80 159 4   0 0   1 1   2 2   3 3
81 128 4   0 0   1 1   2 2   3 3
81 150 4   0 0   1 1   2 2   3 3
81 153 4   0 0   1 1   2 2   3 3
81 126 4   0 0   1 1   2 2   3 3
82 98 4   0 0   1 1   2 2   3 3
82 83 4   0 0   1 1   2 2   3 3
82 106 4   0 0   1 1   2 2   3 3
82 95 4   0 0   1 1   2 2   3 3
82 159 4   0 0   1 1   2 2   3 3
83 98 4   0 0   1 1   2 2   3 3
83 130 4   0 0   1 1   2 2   3 3
83 159 4   0 0   1 1   2 2   3 3
84 125 4   0 0   1 1   2 2   3 3
84 94 4   0 0   1 1   2 2   3 3
85 160 4   0 0   1 1   2 2   3 3
85 92 4   0 0   1 1   2 2   3 3
86 107 4   0 0   1 1   2 2   3 3
86 124 4   0 0   1 1   2 2   3 3
86 157 4   0 0   1 1   2 2   3 3
87 118 4   0 0   1 1   2 2   3 3
87 121 4   0 0   1 1   2 2   3 3
87 89 4   0 0   1 1   2 2   3 3
87 154 4   0 0   1 1   2 2   3 3
87 142 4   0 0   1 1   2 2   3 3
88 105 4   0 0   1 1   2 2   3 3
88 122 4   0 0   1 1   2 2   3 3
88 156 4   0 0   1 1   2 2   3 3
89 129 4   0 0   1 1   2 2   3 3
89 119 4   0 0   1 1   2 2   3 3
89 121 4   0 0   1 1   2 2   3 3
90 116 4   0 0   1 1   2 2   3 3
90 153 4   0 0   1 1   2 2   3 3
91 120 4   0 0   1 1   2 2   3 3
92 98 4   0 0   1 1   2 2   3 3
93 145 4   0 0   1 1   2 2   3 3
93 164 4   0 0   1 1   2 2   3 3
93 125 4   0 0   1 1   2 2   3 3
94 152 4   0 0   1 1   2 2   3 3
94 125 4   0 0   1 1   2 2   3 3
94 126 4   0 0   1 1   2 2   3 3
95 98 4   0 0   1 1   2 2   3 3
95 106 4   0 0   1 1   2 2   3 3
95 140 4   0 0   1 1   2 2   3 3
96 107 4   0 0   1 1   2 2   3 3
96 143 4   0 0   1 1   2 2   3 3
97 114 4   0 0   1 1   2 2   3 3
97 146 4   0 0   1 1   2 2   3 3
97 149 4   0 0   1 1   2 2   3 3
99 118 4   0 0   1 1   2 2   3 3
99 109 4   0 0   1 1   2 2   3 3
99 142 4   0 0   1 1   2 2   3 3
100 155 4   0 0   1 1   2 2   3 3
101 130 4   0 0   1 1   2 2   3 3
101 146 4   0 0   1 1   2 2   3 3
101 137 4   0 0   1 1   2 2   3 3
101 110 4   0 0   1 1   2 2   3 3
102 118 4   0 0   1 1   2 2   3 3
102 153 4   0 0   1 1   2 2   3 3
102 109 4   0 0   1 1   2 2   3 3
103 113 4   0 0   1 1   2 2   3 3
103 123 4   0 0   1 1   2 2   3 3
104 161 4   0 0   1 1   2 2   3 3
104 122 4   0 0   1 1   2 2   3 3
105 158 4   0 0   1 1   2 2   3 3
106 112 4   0 0   1 1   2 2   3 3
106 140 4   0 0   1 1   2 2   3 3
106 159 4   0 0   1 1   2 2   3 3
107 163 4   0 0   1 1   2 2   3 3
107 124 4   0 0   1 1   2 2   3 3
107 143 4   0 0   1 1   2 2   3 3
108 160 4   0 0   1 1   2 2   3 3
108 139 4   0 0   1 1   2 2   3 3
109 144 4   0 0   1 1   2 2   3 3
109 142 4   0 0   1 1   2 2   3 3
110 114 4   0 0   1 1   2 2   3 3
110 146 4   0 0   1 1   2 2   3 3
110 137 4   0 0   1 1   2 2   3 3
111 145 4   0 0   1 1   2 2   3 3
111 133 4   0 0   1 1   2 2   3 3
112 138 4   0 0   1 1   2 2   3 3
112 159 4   0 0   1 1   2 2   3 3
113 123 4   0 0   1 1   2 2   3 3
114 146 4   0 0   1 1   2 2   3 3
114 149 4   0 0   1 1   2 2   3 3
114 135 4   0 0   1 1   2 2   3 3
114 136 4   0 0   1 1   2 2   3 3
115 143 4   0 0   1 1   2 2   3 3
116 150 4   0 0   1 1   2 2   3 3
117 161 4   0 0   1 1   2 2   3 3
117 122 4   0 0   1 1   2 2   3 3
118 121 4   0 0   1 1   2 2   3 3
118 142 4   0 0   1 1   2 2   3 3
120 132 4   0 0   1 1   2 2   3 3
120 151 4   0 0   1 1   2 2   3 3
122 161 4   0 0   1 1   2 2   3 3
123 141 4   0 0   1 1   2 2   3 3
124 163 4   0 0   1 1   2 2   3 3
124 157 4   0 0   1 1   2 2   3 3
125 145 4   0 0   1 1   2 2   3 3
125 133 4   0 0   1 1   2 2   3 3
125 152 4   0 0   1 1   2 2   3 3
126 131 4   0 0   1 1   2 2   3 3
126 150 4   0 0   1 1   2 2   3 3
126 152 4   0 0   1 1   2 2   3 3
127 151 4   0 0   1 1   2 2   3 3
127 141 4   0 0   1 1   2 2   3 3
128 131 4   0 0   1 1   2 2   3 3
128 153 4   0 0   1 1   2 2   3 3
129 147 4   0 0   1 1   2 2   3 3
129 140 4   0 0   1 1   2 2   3 3
130 159 4   0 0   1 1   2 2   3 3
132 144 4   0 0   1 1   2 2   3 3
132 151 4   0 0   1 1   2 2   3 3
132 154 4   0 0   1 1   2 2   3 3
133 145 4   0 0   1 1   2 2   3 3
133 152 4   0 0   1 1   2 2   3 3
134 136 4   0 0   1 1   2 2   3 3
135 149 4   0 0   1 1   2 2   3 3
135 156 4   0 0   1 1   2 2   3 3
139 148 4   0 0   1 1   2 2   3 3
142 144 4   0 0   1 1   2 2   3 3
142 154 4   0 0   1 1   2 2   3 3
144 154 4   0 0   1 1   2 2   3 3
145 164 4   0 0   1 1   2 2   3 3
150 152 4   0 0   1 1   2 2   3 3
