157
1 4 0 1 2 3
2 4 0 1 2 3
3 4 0 1 2 3
4 4 0 1 2 3
5 4 0 1 2 3
6 4 0 1 2 3
7 4 0 1 2 3
8 4 0 1 2 3
9 4 0 1 2 3
10 4 0 1 2 3
11 4 0 1 2 3
12 4 0 1 2 3
13 4 0 1 2 3
14 4 0 1 2 3
15 4 0 1 2 3
16 4 0 1 2 3
17 4 0 1 2 3
18 4 0 1 2 3
19 4 0 1 2 3
20 4 0 1 2 3
21 4 0 1 2 3
22 4 0 1 2 3
23 4 0 1 2 3
24 4 0 1 2 3
25 4 0 1 2 3
26 4 0 1 2 3
27 4 0 1 2 3
28 4 0 1 2 3
29 4 0 1 2 3
30 4 0 1 2 3
31 4 0 1 2 3
32 4 0 1 2 3
33 4 0 1 2 3
34 4 0 1 2 3
35 4 0 1 2 3
36 4 0 1 2 3
37 4 0 1 2 3
38 4 0 1 2 3
39 4 0 1 2 3
40 4 0 1 2 3
41 4 0 1 2 3
42 4 0 1 2 3
43 4 0 1 2 3
44 4 0 1 2 3
45 4 0 1 2 3
46 4 0 1 2 3
47 4 0 1 2 3
48 4 0 1 2 3
49 4 0 1 2 3
50 4 0 1 2 3
51 4 0 1 2 3
52 4 0 1 2 3
53 4 0 1 2 3
54 4 0 1 2 3
55 4 0 1 2 3
56 4 0 1 2 3
57 4 0 1 2 3
58 4 0 1 2 3
59 4 0 1 2 3
60 4 0 1 2 3
61 4 0 1 2 3
62 4 0 1 2 3
63 4 0 1 2 3
64 4 0 1 2 3
65 4 0 1 2 3
66 4 0 1 2 3
67 4 0 1 2 3
68 4 0 1 2 3
69 4 0 1 2 3
70 4 0 1 2 3
71 4 0 1 2 3
72 4 0 1 2 3
73 4 0 1 2 3
74 4 0 1 2 3
75 4 0 1 2 3
76 4 0 1 2 3
77 4 0 1 2 3
78 4 0 1 2 3
79 4 0 1 2 3
80 4 0 1 2 3
81 4 0 1 2 3
82 4 0 1 2 3
83 4 0 1 2 3
84 4 0 1 2 3
85 4 0 1 2 3
86 4 0 1 2 3
87 4 0 1 2 3
88 4 0 1 2 3
89 4 0 1 2 3
90 4 0 1 2 3
91 4 0 1 2 3
92 4 0 1 2 3
93 4 0 1 2 3
94 4 0 1 2 3
95 4 0 1 2 3
96 4 0 1 2 3
97 4 0 1 2 3
98 4 0 1 2 3
99 4 0 1 2 3
100 4 0 1 2 3
101 4 0 1 2 3
102 4 0 1 2 3
103 4 0 1 2 3
104 4 0 1 2 3
105 4 0 1 2 3
106 4 0 1 2 3
107 4 0 1 2 3
108 4 0 1 2 3
109 4 0 1 2 3
110 4 0 1 2 3
111 4 0 1 2 3
112 4 0 1 2 3
113 4 0 1 2 3
114 4 0 1 2 3
115 4 0 1 2 3
116 4 0 1 2 3
117 4 0 1 2 3
118 4 0 1 2 3
119 4 0 1 2 3
120 4 0 1 2 3
121 4 0 1 2 3
122 4 0 1 2 3
123 4 0 1 2 3
124 4 0 1 2 3
125 4 0 1 2 3
126 4 0 1 2 3
127 4 0 1 2 3
128 4 0 1 2 3
129 4 0 1 2 3
130 4 0 1 2 3
131 4 0 1 2 3
132 4 0 1 2 3
133 4 0 1 2 3
134 4 0 1 2 3
135 4 0 1 2 3
136 4 0 1 2 3
137 4 0 1 2 3
138 4 0 1 2 3
139 4 0 1 2 3
140 4 0 1 2 3
141 4 0 1 2 3
142 4 0 1 2 3
143 4 0 1 2 3
144 4 0 1 2 3
145 4 0 1 2 3
146 4 0 1 2 3
147 4 0 1 2 3
148 4 0 1 2 3
149 4 0 1 2 3
150 4 0 1 2 3
151 4 0 1 2 3
152 4 0 1 2 3
153 4 0 1 2 3
154 4 0 1 2 3
155 4 0 1 2 3
156 4 0 1 2 3
157 4 0 1 2 3
429
1 17 4   0 0   1 1   2 2   3 3
1 85 4   0 0   1 1   2 2   3 3
1 69 4   0 0   1 1   2 2   3 3
1 38 4   0 0   1 1   2 2   3 3
1 41 4   0 0   1 1   2 2   3 3
1 25 4   0 0   1 1   2 2   3 3
2 145 4   0 0   1 1   2 2   3 3
2 68 4   0 0   1 1   2 2   3 3
2 71 4   0 0   1 1   2 2   3 3
2 90 4   0 0   1 1   2 2   3 3
2 157 4   0 0   1 1   2 2   3 3
2 93 4   0 0   1 1   2 2   3 3
3 33 4   0 0   1 1   2 2   3 3
3 150 4   0 0   1 1   2 2   3 3
3 58 4   0 0   1 1   2 2   3 3
3 11 4   0 0   1 1   2 2   3 3
3 108 4   0 0   1 1   2 2   3 3
3 95 4   0 0   1 1   2 2   3 3
4 68 4   0 0   1 1   2 2   3 3
4 22 4   0 0   1 1   2 2   3 3
4 9 4   0 0   1 1   2 2   3 3
4 90 4   0 0   1 1   2 2   3 3
4 74 4   0 0   1 1   2 2   3 3
4 27 4   0 0   1 1   2 2   3 3
4 155 4   0 0   1 1   2 2   3 3
4 62 4   0 0   1 1   2 2   3 3
4 126 4   0 0   1 1   2 2   3 3
4 94 4   0 0   1 1   2 2   3 3
5 100 4   0 0   1 1   2 2   3 3
5 6 4   0 0   1 1   2 2   3 3
5 56 4   0 0   1 1   2 2   3 3
5 42 4   0 0   1 1   2 2   3 3
5 46 4   0 0   1 1   2 2   3 3
5 111 4   0 0   1 1   2 2   3 3
6 64 4   0 0   1 1   2 2   3 3
6 145 4   0 0   1 1   2 2   3 3
6 100 4   0 0   1 1   2 2   3 3
6 70 4   0 0   1 1   2 2   3 3
6 72 4   0 0   1 1   2 2   3 3
6 157 4   0 0   1 1   2 2   3 3
6 111 4   0 0   1 1   2 2   3 3
7 66 4   0 0   1 1   2 2   3 3
7 147 4   0 0   1 1   2 2   3 3
7 119 4   0 0   1 1   2 2   3 3
7 152 4   0 0   1 1   2 2   3 3
7 72 4   0 0   1 1   2 2   3 3
7 75 4   0 0   1 1   2 2   3 3
7 76 4   0 0   1 1   2 2   3 3
8 48 4   0 0   1 1   2 2   3 3
8 114 4   0 0   1 1   2 2   3 3
8 55 4   0 0   1 1   2 2   3 3
8 90 4   0 0   1 1   2 2   3 3
8 27 4   0 0   1 1   2 2   3 3
9 22 4   0 0   1 1   2 2   3 3
9 94 4   0 0   1 1   2 2   3 3
10 16 4   0 0   1 1   2 2   3 3
10 99 4   0 0   1 1   2 2   3 3
10 37 4   0 0   1 1   2 2   3 3
10 86 4   0 0   1 1   2 2   3 3
10 60 4   0 0   1 1   2 2   3 3
11 33 4   0 0   1 1   2 2   3 3
11 130 4   0 0   1 1   2 2   3 3
11 137 4   0 0   1 1   2 2   3 3
11 58 4   0 0   1 1   2 2   3 3
11 28 4   0 0   1 1   2 2   3 3
11 95 4   0 0   1 1   2 2   3 3
12 148 4   0 0   1 1   2 2   3 3
12 105 4   0 0   1 1   2 2   3 3
12 138 4   0 0   1 1   2 2   3 3
12 14 4   0 0   1 1   2 2   3 3
13 50 4   0 0   1 1   2 2   3 3
13 34 4   0 0   1 1   2 2   3 3
13 67 4   0 0   1 1   2 2   3 3
14 80 4   0 0   1 1   2 2   3 3
14 148 4   0 0   1 1   2 2   3 3
14 151 4   0 0   1 1   2 2   3 3
14 124 4   0 0   1 1   2 2   3 3
15 32 4   0 0   1 1   2 2   3 3
15 84 4   0 0   1 1   2 2   3 3
15 103 4   0 0   1 1   2 2   3 3
15 135 4   0 0   1 1   2 2   3 3
15 29 4   0 0   1 1   2 2   3 3
15 141 4   0 0   1 1   2 2   3 3
15 110 4   0 0   1 1   2 2   3 3
16 115 4   0 0   1 1   2 2   3 3
16 37 4   0 0   1 1   2 2   3 3
16 117 4   0 0   1 1   2 2   3 3
16 118 4   0 0   1 1   2 2   3 3
17 18 4   0 0   1 1   2 2   3 3
17 101 4   0 0   1 1   2 2   3 3
17 85 4   0 0   1 1   2 2   3 3
17 38 4   0 0   1 1   2 2   3 3
17 136 4   0 0   1 1   2 2   3 3
18 65 4   0 0   1 1   2 2   3 3
18 21 4   0 0   1 1   2 2   3 3
18 101 4   0 0   1 1   2 2   3 3
18 150 4   0 0   1 1   2 2   3 3
18 58 4   0 0   1 1   2 2   3 3
19 98 4   0 0   1 1   2 2   3 3
19 118 4   0 0   1 1   2 2   3 3
19 140 4   0 0   1 1   2 2   3 3
19 109 4   0 0   1 1   2 2   3 3
20 32 4   0 0   1 1   2 2   3 3
20 33 4   0 0   1 1   2 2   3 3
20 35 4   0 0   1 1   2 2   3 3
20 137 4   0 0   1 1   2 2   3 3
20 28 4   0 0   1 1   2 2   3 3
20 110 4   0 0   1 1   2 2   3 3
21 128 4   0 0   1 1   2 2   3 3
21 150 4   0 0   1 1   2 2   3 3
21 89 4   0 0   1 1   2 2   3 3
21 108 4   0 0   1 1   2 2   3 3
21 47 4   0 0   1 1   2 2   3 3
22 62 4   0 0   1 1   2 2   3 3
23 132 4   0 0   1 1   2 2   3 3
23 133 4   0 0   1 1   2 2   3 3
23 26 4   0 0   1 1   2 2   3 3
23 107 4   0 0   1 1   2 2   3 3
24 97 4   0 0   1 1   2 2   3 3
24 98 4   0 0   1 1   2 2   3 3
24 116 4   0 0   1 1   2 2   3 3
24 39 4   0 0   1 1   2 2   3 3
24 73 4   0 0   1 1   2 2   3 3
24 92 4   0 0   1 1   2 2   3 3
24 93 4   0 0   1 1   2 2   3 3
25 69 4   0 0   1 1   2 2   3 3
25 41 4   0 0   1 1   2 2   3 3
25 153 4   0 0   1 1   2 2   3 3
25 106 4   0 0   1 1   2 2   3 3
25 46 4   0 0   1 1   2 2   3 3
26 132 4   0 0   1 1   2 2   3 3
26 53 4   0 0   1 1   2 2   3 3
26 149 4   0 0   1 1   2 2   3 3
26 107 4   0 0   1 1   2 2   3 3
27 114 4   0 0   1 1   2 2   3 3
27 90 4   0 0   1 1   2 2   3 3
27 62 4   0 0   1 1   2 2   3 3
28 33 4   0 0   1 1   2 2   3 3
28 137 4   0 0   1 1   2 2   3 3
29 84 4   0 0   1 1   2 2   3 3
29 103 4   0 0   1 1   2 2   3 3
29 124 4   0 0   1 1   2 2   3 3
30 116 4   0 0   1 1   2 2   3 3
30 86 4   0 0   1 1   2 2   3 3
30 75 4   0 0   1 1   2 2   3 3
30 76 4   0 0   1 1   2 2   3 3
30 143 4   0 0   1 1   2 2   3 3
31 98 4   0 0   1 1   2 2   3 3
31 102 4   0 0   1 1   2 2   3 3
31 140 4   0 0   1 1   2 2   3 3
31 125 4   0 0   1 1   2 2   3 3
32 82 4   0 0   1 1   2 2   3 3
32 35 4   0 0   1 1   2 2   3 3
32 141 4   0 0   1 1   2 2   3 3
32 110 4   0 0   1 1   2 2   3 3
33 35 4   0 0   1 1   2 2   3 3
33 108 4   0 0   1 1   2 2   3 3
34 129 4   0 0   1 1   2 2   3 3
34 50 4   0 0   1 1   2 2   3 3
34 67 4   0 0   1 1   2 2   3 3
34 87 4   0 0   1 1   2 2   3 3
34 40 4   0 0   1 1   2 2   3 3
35 96 4   0 0   1 1   2 2   3 3
35 82 4   0 0   1 1   2 2   3 3
35 89 4   0 0   1 1   2 2   3 3
35 108 4   0 0   1 1   2 2   3 3
36 102 4   0 0   1 1   2 2   3 3
36 140 4   0 0   1 1   2 2   3 3
36 109 4   0 0   1 1   2 2   3 3
36 142 4   0 0   1 1   2 2   3 3
37 115 4   0 0   1 1   2 2   3 3
37 57 4   0 0   1 1   2 2   3 3
37 60 4   0 0   1 1   2 2   3 3
38 136 4   0 0   1 1   2 2   3 3
38 41 4   0 0   1 1   2 2   3 3
38 106 4   0 0   1 1   2 2   3 3
39 97 4   0 0   1 1   2 2   3 3
39 134 4   0 0   1 1   2 2   3 3
39 93 4   0 0   1 1   2 2   3 3
40 67 4   0 0   1 1   2 2   3 3
40 87 4   0 0   1 1   2 2   3 3
41 106 4   0 0   1 1   2 2   3 3
42 48 4   0 0   1 1   2 2   3 3
42 129 4   0 0   1 1   2 2   3 3
42 51 4   0 0   1 1   2 2   3 3
42 100 4   0 0   1 1   2 2   3 3
42 56 4   0 0   1 1   2 2   3 3
42 90 4   0 0   1 1   2 2   3 3
43 148 4   0 0   1 1   2 2   3 3
43 84 4   0 0   1 1   2 2   3 3
43 151 4   0 0   1 1   2 2   3 3
43 122 4   0 0   1 1   2 2   3 3
43 124 4   0 0   1 1   2 2   3 3
44 83 4   0 0   1 1   2 2   3 3
44 115 4   0 0   1 1   2 2   3 3
44 139 4   0 0   1 1   2 2   3 3
44 63 4   0 0   1 1   2 2   3 3
45 113 4   0 0   1 1   2 2   3 3
45 147 4   0 0   1 1   2 2   3 3
45 75 4   0 0   1 1   2 2   3 3
45 78 4   0 0   1 1   2 2   3 3
46 129 4   0 0   1 1   2 2   3 3
46 66 4   0 0   1 1   2 2   3 3
46 69 4   0 0   1 1   2 2   3 3
46 56 4   0 0   1 1   2 2   3 3
46 153 4   0 0   1 1   2 2   3 3
46 111 4   0 0   1 1   2 2   3 3
47 112 4   0 0   1 1   2 2   3 3
47 128 4   0 0   1 1   2 2   3 3
47 65 4   0 0   1 1   2 2   3 3
47 104 4   0 0   1 1   2 2   3 3
48 51 4   0 0   1 1   2 2   3 3
48 55 4   0 0   1 1   2 2   3 3
48 90 4   0 0   1 1   2 2   3 3
49 146 4   0 0   1 1   2 2   3 3
49 99 4   0 0   1 1   2 2   3 3
49 52 4   0 0   1 1   2 2   3 3
49 122 4   0 0   1 1   2 2   3 3
49 107 4   0 0   1 1   2 2   3 3
49 156 4   0 0   1 1   2 2   3 3
50 129 4   0 0   1 1   2 2   3 3
50 136 4   0 0   1 1   2 2   3 3
50 153 4   0 0   1 1   2 2   3 3
51 129 4   0 0   1 1   2 2   3 3
51 87 4   0 0   1 1   2 2   3 3
51 55 4   0 0   1 1   2 2   3 3
52 53 4   0 0   1 1   2 2   3 3
52 149 4   0 0   1 1   2 2   3 3
52 122 4   0 0   1 1   2 2   3 3
52 107 4   0 0   1 1   2 2   3 3
53 131 4   0 0   1 1   2 2   3 3
53 132 4   0 0   1 1   2 2   3 3
53 148 4   0 0   1 1   2 2   3 3
53 149 4   0 0   1 1   2 2   3 3
53 138 4   0 0   1 1   2 2   3 3
53 122 4   0 0   1 1   2 2   3 3
54 59 4   0 0   1 1   2 2   3 3
55 114 4   0 0   1 1   2 2   3 3
55 61 4   0 0   1 1   2 2   3 3
56 129 4   0 0   1 1   2 2   3 3
57 83 4   0 0   1 1   2 2   3 3
57 115 4   0 0   1 1   2 2   3 3
57 133 4   0 0   1 1   2 2   3 3
57 60 4   0 0   1 1   2 2   3 3
57 63 4   0 0   1 1   2 2   3 3
58 150 4   0 0   1 1   2 2   3 3
58 95 4   0 0   1 1   2 2   3 3
59 123 4   0 0   1 1   2 2   3 3
59 142 4   0 0   1 1   2 2   3 3
59 127 4   0 0   1 1   2 2   3 3
60 99 4   0 0   1 1   2 2   3 3
60 133 4   0 0   1 1   2 2   3 3
61 114 4   0 0   1 1   2 2   3 3
62 114 4   0 0   1 1   2 2   3 3
63 83 4   0 0   1 1   2 2   3 3
63 115 4   0 0   1 1   2 2   3 3
64 145 4   0 0   1 1   2 2   3 3
64 71 4   0 0   1 1   2 2   3 3
64 72 4   0 0   1 1   2 2   3 3
64 76 4   0 0   1 1   2 2   3 3
64 93 4   0 0   1 1   2 2   3 3
65 101 4   0 0   1 1   2 2   3 3
65 85 4   0 0   1 1   2 2   3 3
65 104 4   0 0   1 1   2 2   3 3
65 152 4   0 0   1 1   2 2   3 3
66 69 4   0 0   1 1   2 2   3 3
66 70 4   0 0   1 1   2 2   3 3
66 119 4   0 0   1 1   2 2   3 3
66 152 4   0 0   1 1   2 2   3 3
66 111 4   0 0   1 1   2 2   3 3
68 134 4   0 0   1 1   2 2   3 3
68 90 4   0 0   1 1   2 2   3 3
68 74 4   0 0   1 1   2 2   3 3
68 93 4   0 0   1 1   2 2   3 3
69 85 4   0 0   1 1   2 2   3 3
69 152 4   0 0   1 1   2 2   3 3
70 119 4   0 0   1 1   2 2   3 3
70 72 4   0 0   1 1   2 2   3 3
70 111 4   0 0   1 1   2 2   3 3
71 145 4   0 0   1 1   2 2   3 3
71 93 4   0 0   1 1   2 2   3 3
72 119 4   0 0   1 1   2 2   3 3
72 76 4   0 0   1 1   2 2   3 3
73 98 4   0 0   1 1   2 2   3 3
73 117 4   0 0   1 1   2 2   3 3
73 118 4   0 0   1 1   2 2   3 3
73 92 4   0 0   1 1   2 2   3 3
74 134 4   0 0   1 1   2 2   3 3
74 126 4   0 0   1 1   2 2   3 3
75 113 4   0 0   1 1   2 2   3 3
75 147 4   0 0   1 1   2 2   3 3
75 76 4   0 0   1 1   2 2   3 3
75 143 4   0 0   1 1   2 2   3 3
76 116 4   0 0   1 1   2 2   3 3
76 93 4   0 0   1 1   2 2   3 3
77 83 4   0 0   1 1   2 2   3 3
77 132 4   0 0   1 1   2 2   3 3
77 133 4   0 0   1 1   2 2   3 3
77 91 4   0 0   1 1   2 2   3 3
78 128 4   0 0   1 1   2 2   3 3
78 112 4   0 0   1 1   2 2   3 3
78 81 4   0 0   1 1   2 2   3 3
78 113 4   0 0   1 1   2 2   3 3
78 147 4   0 0   1 1   2 2   3 3
78 154 4   0 0   1 1   2 2   3 3
79 144 4   0 0   1 1   2 2   3 3
79 81 4   0 0   1 1   2 2   3 3
79 154 4   0 0   1 1   2 2   3 3
79 156 4   0 0   1 1   2 2   3 3
79 141 4   0 0   1 1   2 2   3 3
80 130 4   0 0   1 1   2 2   3 3
80 103 4   0 0   1 1   2 2   3 3
80 124 4   0 0   1 1   2 2   3 3
81 113 4   0 0   1 1   2 2   3 3
81 154 4   0 0   1 1   2 2   3 3
81 156 4   0 0   1 1   2 2   3 3
81 143 4   0 0   1 1   2 2   3 3
82 96 4   0 0   1 1   2 2   3 3
82 141 4   0 0   1 1   2 2   3 3
83 133 4   0 0   1 1   2 2   3 3
84 144 4   0 0   1 1   2 2   3 3
84 122 4   0 0   1 1   2 2   3 3
84 124 4   0 0   1 1   2 2   3 3
84 141 4   0 0   1 1   2 2   3 3
85 101 4   0 0   1 1   2 2   3 3
85 152 4   0 0   1 1   2 2   3 3
86 146 4   0 0   1 1   2 2   3 3
86 99 4   0 0   1 1   2 2   3 3
86 116 4   0 0   1 1   2 2   3 3
86 117 4   0 0   1 1   2 2   3 3
86 143 4   0 0   1 1   2 2   3 3
87 129 4   0 0   1 1   2 2   3 3
88 102 4   0 0   1 1   2 2   3 3
88 121 4   0 0   1 1   2 2   3 3
88 125 4   0 0   1 1   2 2   3 3
88 142 4   0 0   1 1   2 2   3 3
88 94 4   0 0   1 1   2 2   3 3
88 127 4   0 0   1 1   2 2   3 3
89 96 4   0 0   1 1   2 2   3 3
89 128 4   0 0   1 1   2 2   3 3
89 108 4   0 0   1 1   2 2   3 3
90 100 4   0 0   1 1   2 2   3 3
90 157 4   0 0   1 1   2 2   3 3
91 132 4   0 0   1 1   2 2   3 3
91 105 4   0 0   1 1   2 2   3 3
92 116 4   0 0   1 1   2 2   3 3
92 117 4   0 0   1 1   2 2   3 3
93 116 4   0 0   1 1   2 2   3 3
93 134 4   0 0   1 1   2 2   3 3
94 120 4   0 0   1 1   2 2   3 3
94 121 4   0 0   1 1   2 2   3 3
94 155 4   0 0   1 1   2 2   3 3
94 123 4   0 0   1 1   2 2   3 3
94 127 4   0 0   1 1   2 2   3 3
96 128 4   0 0   1 1   2 2   3 3
96 141 4   0 0   1 1   2 2   3 3
97 98 4   0 0   1 1   2 2   3 3
97 134 4   0 0   1 1   2 2   3 3
97 155 4   0 0   1 1   2 2   3 3
97 125 4   0 0   1 1   2 2   3 3
98 118 4   0 0   1 1   2 2   3 3
98 140 4   0 0   1 1   2 2   3 3
98 125 4   0 0   1 1   2 2   3 3
99 146 4   0 0   1 1   2 2   3 3
99 133 4   0 0   1 1   2 2   3 3
99 107 4   0 0   1 1   2 2   3 3
100 157 4   0 0   1 1   2 2   3 3
102 140 4   0 0   1 1   2 2   3 3
102 125 4   0 0   1 1   2 2   3 3
102 142 4   0 0   1 1   2 2   3 3
103 130 4   0 0   1 1   2 2   3 3
103 135 4   0 0   1 1   2 2   3 3
103 124 4   0 0   1 1   2 2   3 3
104 112 4   0 0   1 1   2 2   3 3
104 147 4   0 0   1 1   2 2   3 3
104 152 4   0 0   1 1   2 2   3 3
105 131 4   0 0   1 1   2 2   3 3
105 132 4   0 0   1 1   2 2   3 3
105 138 4   0 0   1 1   2 2   3 3
106 136 4   0 0   1 1   2 2   3 3
106 153 4   0 0   1 1   2 2   3 3
107 149 4   0 0   1 1   2 2   3 3
107 133 4   0 0   1 1   2 2   3 3
108 150 4   0 0   1 1   2 2   3 3
109 118 4   0 0   1 1   2 2   3 3
109 139 4   0 0   1 1   2 2   3 3
109 140 4   0 0   1 1   2 2   3 3
110 130 4   0 0   1 1   2 2   3 3
110 135 4   0 0   1 1   2 2   3 3
110 137 4   0 0   1 1   2 2   3 3
112 128 4   0 0   1 1   2 2   3 3
112 147 4   0 0   1 1   2 2   3 3
113 143 4   0 0   1 1   2 2   3 3
115 118 4   0 0   1 1   2 2   3 3
115 139 4   0 0   1 1   2 2   3 3
116 117 4   0 0   1 1   2 2   3 3
117 118 4   0 0   1 1   2 2   3 3
118 139 4   0 0   1 1   2 2   3 3
120 123 4   0 0   1 1   2 2   3 3
121 155 4   0 0   1 1   2 2   3 3
121 125 4   0 0   1 1   2 2   3 3
122 144 4   0 0   1 1   2 2   3 3
122 148 4   0 0   1 1   2 2   3 3
122 156 4   0 0   1 1   2 2   3 3
123 127 4   0 0   1 1   2 2   3 3
124 151 4   0 0   1 1   2 2   3 3
126 134 4   0 0   1 1   2 2   3 3
126 155 4   0 0   1 1   2 2   3 3
127 142 4   0 0   1 1   2 2   3 3
128 154 4   0 0   1 1   2 2   3 3
128 141 4   0 0   1 1   2 2   3 3
129 153 4   0 0   1 1   2 2   3 3
130 135 4   0 0   1 1   2 2   3 3
130 137 4   0 0   1 1   2 2   3 3
131 132 4   0 0   1 1   2 2   3 3
131 138 4   0 0   1 1   2 2   3 3
132 133 4   0 0   1 1   2 2   3 3
134 155 4   0 0   1 1   2 2   3 3
136 153 4   0 0   1 1   2 2   3 3
138 148 4   0 0   1 1   2 2   3 3
141 144 4   0 0   1 1   2 2   3 3
141 154 4   0 0   1 1   2 2   3 3
143 146 4   0 0   1 1   2 2   3 3
143 156 4   0 0   1 1   2 2   3 3
144 156 4   0 0   1 1   2 2   3 3
145 157 4   0 0   1 1   2 2   3 3
146 156 4   0 0   1 1   2 2   3 3
147 152 4   0 0   1 1   2 2   3 3
148 151 4   0 0   1 1   2 2   3 3
