186
1 4 0 1 2 3
2 4 0 1 2 3
3 4 0 1 2 3
4 4 0 1 2 3
5 4 0 1 2 3
6 4 0 1 2 3
7 4 0 1 2 3
8 4 0 1 2 3
9 4 0 1 2 3
10 4 0 1 2 3
11 4 0 1 2 3
12 4 0 1 2 3
13 4 0 1 2 3
14 4 0 1 2 3
15 4 0 1 2 3
16 4 0 1 2 3
17 4 0 1 2 3
18 4 0 1 2 3
19 4 0 1 2 3
20 4 0 1 2 3
21 4 0 1 2 3
22 4 0 1 2 3
23 4 0 1 2 3
24 4 0 1 2 3
25 4 0 1 2 3
26 4 0 1 2 3
27 4 0 1 2 3
28 4 0 1 2 3
29 4 0 1 2 3
30 4 0 1 2 3
31 4 0 1 2 3
32 4 0 1 2 3
33 4 0 1 2 3
34 4 0 1 2 3
35 4 0 1 2 3
36 4 0 1 2 3
37 4 0 1 2 3
38 4 0 1 2 3
39 4 0 1 2 3
40 4 0 1 2 3
41 4 0 1 2 3
42 4 0 1 2 3
43 4 0 1 2 3
44 4 0 1 2 3
45 4 0 1 2 3
46 4 0 1 2 3
47 4 0 1 2 3
48 4 0 1 2 3
49 4 0 1 2 3
50 4 0 1 2 3
51 4 0 1 2 3
52 4 0 1 2 3
53 4 0 1 2 3
54 4 0 1 2 3
55 4 0 1 2 3
56 4 0 1 2 3
57 4 0 1 2 3
58 4 0 1 2 3
59 4 0 1 2 3
60 4 0 1 2 3
61 4 0 1 2 3
62 4 0 1 2 3
63 4 0 1 2 3
64 4 0 1 2 3
65 4 0 1 2 3
66 4 0 1 2 3
67 4 0 1 2 3
68 4 0 1 2 3
69 4 0 1 2 3
70 4 0 1 2 3
71 4 0 1 2 3
72 4 0 1 2 3
73 4 0 1 2 3
74 4 0 1 2 3
75 4 0 1 2 3
76 4 0 1 2 3
77 4 0 1 2 3
78 4 0 1 2 3
79 4 0 1 2 3
80 4 0 1 2 3
81 4 0 1 2 3
82 4 0 1 2 3
83 4 0 1 2 3
84 4 0 1 2 3
85 4 0 1 2 3
86 4 0 1 2 3
87 4 0 1 2 3
88 4 0 1 2 3
89 4 0 1 2 3
90 4 0 1 2 3
91 4 0 1 2 3
92 4 0 1 2 3
93 4 0 1 2 3
94 4 0 1 2 3
95 4 0 1 2 3
96 4 0 1 2 3
97 4 0 1 2 3
98 4 0 1 2 3
99 4 0 1 2 3
100 4 0 1 2 3
101 4 0 1 2 3
102 4 0 1 2 3
103 4 0 1 2 3
104 4 0 1 2 3
105 4 0 1 2 3
106 4 0 1 2 3
107 4 0 1 2 3
108 4 0 1 2 3
109 4 0 1 2 3
110 4 0 1 2 3
111 4 0 1 2 3
112 4 0 1 2 3
113 4 0 1 2 3
114 4 0 1 2 3
115 4 0 1 2 3
116 4 0 1 2 3
117 4 0 1 2 3
118 4 0 1 2 3
119 4 0 1 2 3
120 4 0 1 2 3
121 4 0 1 2 3
122 4 0 1 2 3
123 4 0 1 2 3
124 4 0 1 2 3
125 4 0 1 2 3
126 4 0 1 2 3
127 4 0 1 2 3
128 4 0 1 2 3
129 4 0 1 2 3
130 4 0 1 2 3
131 4 0 1 2 3
132 4 0 1 2 3
133 4 0 1 2 3
134 4 0 1 2 3
135 4 0 1 2 3
136 4 0 1 2 3
137 4 0 1 2 3
138 4 0 1 2 3
139 4 0 1 2 3
140 4 0 1 2 3
141 4 0 1 2 3
142 4 0 1 2 3
143 4 0 1 2 3
144 4 0 1 2 3
145 4 0 1 2 3
146 4 0 1 2 3
147 4 0 1 2 3
148 4 0 1 2 3
149 4 0 1 2 3
150 4 0 1 2 3
151 4 0 1 2 3
152 4 0 1 2 3
153 4 0 1 2 3
154 4 0 1 2 3
155 4 0 1 2 3
156 4 0 1 2 3
157 4 0 1 2 3
158 4 0 1 2 3
159 4 0 1 2 3
160 4 0 1 2 3
161 4 0 1 2 3
162 4 0 1 2 3
163 4 0 1 2 3
164 4 0 1 2 3
165 4 0 1 2 3
166 4 0 1 2 3
167 4 0 1 2 3
168 4 0 1 2 3
169 4 0 1 2 3
170 4 0 1 2 3
171 4 0 1 2 3
172 4 0 1 2 3
173 4 0 1 2 3
174 4 0 1 2 3
175 4 0 1 2 3
176 4 0 1 2 3
177 4 0 1 2 3
178 4 0 1 2 3
179 4 0 1 2 3
180 4 0 1 2 3
181 4 0 1 2 3
182 4 0 1 2 3
183 4 0 1 2 3
184 4 0 1 2 3
185 4 0 1 2 3
186 4 0 1 2 3
511
1 100 4   0 0   1 1   2 2   3 3
1 135 4   0 0   1 1   2 2   3 3
1 183 4   0 0   1 1   2 2   3 3
1 72 4   0 0   1 1   2 2   3 3
1 157 4   0 0   1 1   2 2   3 3
2 3 4   0 0   1 1   2 2   3 3
2 180 4   0 0   1 1   2 2   3 3
2 4 4   0 0   1 1   2 2   3 3
2 104 4   0 0   1 1   2 2   3 3
2 44 4   0 0   1 1   2 2   3 3
3 64 4   0 0   1 1   2 2   3 3
3 97 4   0 0   1 1   2 2   3 3
3 21 4   0 0   1 1   2 2   3 3
3 166 4   0 0   1 1   2 2   3 3
3 28 4   0 0   1 1   2 2   3 3
3 44 4   0 0   1 1   2 2   3 3
4 64 4   0 0   1 1   2 2   3 3
4 65 4   0 0   1 1   2 2   3 3
4 34 4   0 0   1 1   2 2   3 3
4 180 4   0 0   1 1   2 2   3 3
4 103 4   0 0   1 1   2 2   3 3
4 168 4   0 0   1 1   2 2   3 3
4 28 4   0 0   1 1   2 2   3 3
4 47 4   0 0   1 1   2 2   3 3
5 144 4   0 0   1 1   2 2   3 3
5 102 4   0 0   1 1   2 2   3 3
5 184 4   0 0   1 1   2 2   3 3
5 56 4   0 0   1 1   2 2   3 3
5 75 4   0 0   1 1   2 2   3 3
5 159 4   0 0   1 1   2 2   3 3
6 147 4   0 0   1 1   2 2   3 3
6 132 4   0 0   1 1   2 2   3 3
6 10 4   0 0   1 1   2 2   3 3
6 94 4   0 0   1 1   2 2   3 3
6 15 4   0 0   1 1   2 2   3 3
7 119 4   0 0   1 1   2 2   3 3
7 135 4   0 0   1 1   2 2   3 3
7 184 4   0 0   1 1   2 2   3 3
7 154 4   0 0   1 1   2 2   3 3
7 75 4   0 0   1 1   2 2   3 3
8 33 4   0 0   1 1   2 2   3 3
8 83 4   0 0   1 1   2 2   3 3
8 179 4   0 0   1 1   2 2   3 3
8 85 4   0 0   1 1   2 2   3 3
8 136 4   0 0   1 1   2 2   3 3
8 24 4   0 0   1 1   2 2   3 3
8 29 4   0 0   1 1   2 2   3 3
9 113 4   0 0   1 1   2 2   3 3
9 82 4   0 0   1 1   2 2   3 3
9 36 4   0 0   1 1   2 2   3 3
9 70 4   0 0   1 1   2 2   3 3
9 27 4   0 0   1 1   2 2   3 3
9 157 4   0 0   1 1   2 2   3 3
10 147 4   0 0   1 1   2 2   3 3
10 138 4   0 0   1 1   2 2   3 3
10 94 4   0 0   1 1   2 2   3 3
11 161 4   0 0   1 1   2 2   3 3
11 162 4   0 0   1 1   2 2   3 3
11 101 4   0 0   1 1   2 2   3 3
11 149 4   0 0   1 1   2 2   3 3
11 73 4   0 0   1 1   2 2   3 3
12 32 4   0 0   1 1   2 2   3 3
12 17 4   0 0   1 1   2 2   3 3
12 164 4   0 0   1 1   2 2   3 3
12 118 4   0 0   1 1   2 2   3 3
12 88 4   0 0   1 1   2 2   3 3
12 89 4   0 0   1 1   2 2   3 3
12 105 4   0 0   1 1   2 2   3 3
12 60 4   0 0   1 1   2 2   3 3
12 159 4   0 0   1 1   2 2   3 3
13 99 4   0 0   1 1   2 2   3 3
13 54 4   0 0   1 1   2 2   3 3
13 46 4   0 0   1 1   2 2   3 3
14 130 4   0 0   1 1   2 2   3 3
14 98 4   0 0   1 1   2 2   3 3
14 58 4   0 0   1 1   2 2   3 3
14 186 4   0 0   1 1   2 2   3 3
14 124 4   0 0   1 1   2 2   3 3
15 132 4   0 0   1 1   2 2   3 3
15 134 4   0 0   1 1   2 2   3 3
15 94 4   0 0   1 1   2 2   3 3
16 68 4   0 0   1 1   2 2   3 3
16 85 4   0 0   1 1   2 2   3 3
16 136 4   0 0   1 1   2 2   3 3
16 154 4   0 0   1 1   2 2   3 3
16 43 4   0 0   1 1   2 2   3 3
16 75 4   0 0   1 1   2 2   3 3
16 29 4   0 0   1 1   2 2   3 3
16 158 4   0 0   1 1   2 2   3 3
17 66 4   0 0   1 1   2 2   3 3
17 148 4   0 0   1 1   2 2   3 3
17 164 4   0 0   1 1   2 2   3 3
17 89 4   0 0   1 1   2 2   3 3
17 42 4   0 0   1 1   2 2   3 3
17 62 4   0 0   1 1   2 2   3 3
17 174 4   0 0   1 1   2 2   3 3
17 31 4   0 0   1 1   2 2   3 3
18 49 4   0 0   1 1   2 2   3 3
18 57 4   0 0   1 1   2 2   3 3
18 121 4   0 0   1 1   2 2   3 3
18 138 4   0 0   1 1   2 2   3 3
18 43 4   0 0   1 1   2 2   3 3
19 81 4   0 0   1 1   2 2   3 3
19 163 4   0 0   1 1   2 2   3 3
19 168 4   0 0   1 1   2 2   3 3
20 160 4   0 0   1 1   2 2   3 3
20 152 4   0 0   1 1   2 2   3 3
20 58 4   0 0   1 1   2 2   3 3
20 108 4   0 0   1 1   2 2   3 3
20 141 4   0 0   1 1   2 2   3 3
20 30 4   0 0   1 1   2 2   3 3
21 97 4   0 0   1 1   2 2   3 3
21 51 4   0 0   1 1   2 2   3 3
21 166 4   0 0   1 1   2 2   3 3
22 96 4   0 0   1 1   2 2   3 3
22 80 4   0 0   1 1   2 2   3 3
22 68 4   0 0   1 1   2 2   3 3
22 136 4   0 0   1 1   2 2   3 3
22 60 4   0 0   1 1   2 2   3 3
23 115 4   0 0   1 1   2 2   3 3
23 149 4   0 0   1 1   2 2   3 3
23 37 4   0 0   1 1   2 2   3 3
23 117 4   0 0   1 1   2 2   3 3
23 87 4   0 0   1 1   2 2   3 3
23 25 4   0 0   1 1   2 2   3 3
23 92 4   0 0   1 1   2 2   3 3
23 173 4   0 0   1 1   2 2   3 3
23 143 4   0 0   1 1   2 2   3 3
24 96 4   0 0   1 1   2 2   3 3
24 80 4   0 0   1 1   2 2   3 3
24 33 4   0 0   1 1   2 2   3 3
24 136 4   0 0   1 1   2 2   3 3
25 181 4   0 0   1 1   2 2   3 3
25 92 4   0 0   1 1   2 2   3 3
25 143 4   0 0   1 1   2 2   3 3
26 177 4   0 0   1 1   2 2   3 3
26 129 4   0 0   1 1   2 2   3 3
26 130 4   0 0   1 1   2 2   3 3
26 131 4   0 0   1 1   2 2   3 3
26 167 4   0 0   1 1   2 2   3 3
26 40 4   0 0   1 1   2 2   3 3
27 145 4   0 0   1 1   2 2   3 3
27 113 4   0 0   1 1   2 2   3 3
27 70 4   0 0   1 1   2 2   3 3
27 42 4   0 0   1 1   2 2   3 3
27 62 4   0 0   1 1   2 2   3 3
28 64 4   0 0   1 1   2 2   3 3
29 85 4   0 0   1 1   2 2   3 3
29 136 4   0 0   1 1   2 2   3 3
30 108 4   0 0   1 1   2 2   3 3
30 141 4   0 0   1 1   2 2   3 3
30 125 4   0 0   1 1   2 2   3 3
30 111 4   0 0   1 1   2 2   3 3
31 164 4   0 0   1 1   2 2   3 3
31 56 4   0 0   1 1   2 2   3 3
31 62 4   0 0   1 1   2 2   3 3
32 118 4   0 0   1 1   2 2   3 3
32 105 4   0 0   1 1   2 2   3 3
32 110 4   0 0   1 1   2 2   3 3
33 80 4   0 0   1 1   2 2   3 3
33 50 4   0 0   1 1   2 2   3 3
33 179 4   0 0   1 1   2 2   3 3
33 38 4   0 0   1 1   2 2   3 3
33 71 4   0 0   1 1   2 2   3 3
34 64 4   0 0   1 1   2 2   3 3
34 97 4   0 0   1 1   2 2   3 3
34 163 4   0 0   1 1   2 2   3 3
34 168 4   0 0   1 1   2 2   3 3
34 123 4   0 0   1 1   2 2   3 3
35 65 4   0 0   1 1   2 2   3 3
35 181 4   0 0   1 1   2 2   3 3
35 133 4   0 0   1 1   2 2   3 3
35 42 4   0 0   1 1   2 2   3 3
35 126 4   0 0   1 1   2 2   3 3
35 174 4   0 0   1 1   2 2   3 3
35 47 4   0 0   1 1   2 2   3 3
36 82 4   0 0   1 1   2 2   3 3
36 165 4   0 0   1 1   2 2   3 3
36 72 4   0 0   1 1   2 2   3 3
36 169 4   0 0   1 1   2 2   3 3
36 157 4   0 0   1 1   2 2   3 3
37 162 4   0 0   1 1   2 2   3 3
37 115 4   0 0   1 1   2 2   3 3
37 67 4   0 0   1 1   2 2   3 3
37 116 4   0 0   1 1   2 2   3 3
37 117 4   0 0   1 1   2 2   3 3
37 185 4   0 0   1 1   2 2   3 3
37 93 4   0 0   1 1   2 2   3 3
38 80 4   0 0   1 1   2 2   3 3
38 48 4   0 0   1 1   2 2   3 3
38 50 4   0 0   1 1   2 2   3 3
38 110 4   0 0   1 1   2 2   3 3
39 69 4   0 0   1 1   2 2   3 3
39 170 4   0 0   1 1   2 2   3 3
39 172 4   0 0   1 1   2 2   3 3
39 77 4   0 0   1 1   2 2   3 3
39 78 4   0 0   1 1   2 2   3 3
39 158 4   0 0   1 1   2 2   3 3
40 176 4   0 0   1 1   2 2   3 3
40 177 4   0 0   1 1   2 2   3 3
40 167 4   0 0   1 1   2 2   3 3
40 139 4   0 0   1 1   2 2   3 3
40 140 4   0 0   1 1   2 2   3 3
41 146 4   0 0   1 1   2 2   3 3
41 147 4   0 0   1 1   2 2   3 3
41 57 4   0 0   1 1   2 2   3 3
41 138 4   0 0   1 1   2 2   3 3
41 109 4   0 0   1 1   2 2   3 3
41 79 4   0 0   1 1   2 2   3 3
42 145 4   0 0   1 1   2 2   3 3
42 148 4   0 0   1 1   2 2   3 3
42 133 4   0 0   1 1   2 2   3 3
42 62 4   0 0   1 1   2 2   3 3
42 174 4   0 0   1 1   2 2   3 3
43 49 4   0 0   1 1   2 2   3 3
43 177 4   0 0   1 1   2 2   3 3
43 138 4   0 0   1 1   2 2   3 3
43 154 4   0 0   1 1   2 2   3 3
43 158 4   0 0   1 1   2 2   3 3
44 166 4   0 0   1 1   2 2   3 3
44 104 4   0 0   1 1   2 2   3 3
44 63 4   0 0   1 1   2 2   3 3
45 99 4   0 0   1 1   2 2   3 3
45 151 4   0 0   1 1   2 2   3 3
45 74 4   0 0   1 1   2 2   3 3
45 90 4   0 0   1 1   2 2   3 3
45 140 4   0 0   1 1   2 2   3 3
45 46 4   0 0   1 1   2 2   3 3
46 99 4   0 0   1 1   2 2   3 3
46 74 4   0 0   1 1   2 2   3 3
47 65 4   0 0   1 1   2 2   3 3
47 180 4   0 0   1 1   2 2   3 3
47 174 4   0 0   1 1   2 2   3 3
48 80 4   0 0   1 1   2 2   3 3
48 118 4   0 0   1 1   2 2   3 3
48 110 4   0 0   1 1   2 2   3 3
49 129 4   0 0   1 1   2 2   3 3
49 177 4   0 0   1 1   2 2   3 3
49 121 4   0 0   1 1   2 2   3 3
50 150 4   0 0   1 1   2 2   3 3
50 107 4   0 0   1 1   2 2   3 3
51 97 4   0 0   1 1   2 2   3 3
51 84 4   0 0   1 1   2 2   3 3
51 86 4   0 0   1 1   2 2   3 3
51 166 4   0 0   1 1   2 2   3 3
51 123 4   0 0   1 1   2 2   3 3
51 155 4   0 0   1 1   2 2   3 3
51 63 4   0 0   1 1   2 2   3 3
52 81 4   0 0   1 1   2 2   3 3
52 103 4   0 0   1 1   2 2   3 3
52 92 4   0 0   1 1   2 2   3 3
52 173 4   0 0   1 1   2 2   3 3
52 126 4   0 0   1 1   2 2   3 3
53 161 4   0 0   1 1   2 2   3 3
53 151 4   0 0   1 1   2 2   3 3
53 120 4   0 0   1 1   2 2   3 3
53 137 4   0 0   1 1   2 2   3 3
53 76 4   0 0   1 1   2 2   3 3
54 99 4   0 0   1 1   2 2   3 3
54 182 4   0 0   1 1   2 2   3 3
55 74 4   0 0   1 1   2 2   3 3
55 140 4   0 0   1 1   2 2   3 3
56 113 4   0 0   1 1   2 2   3 3
56 164 4   0 0   1 1   2 2   3 3
56 102 4   0 0   1 1   2 2   3 3
56 62 4   0 0   1 1   2 2   3 3
56 159 4   0 0   1 1   2 2   3 3
57 146 4   0 0   1 1   2 2   3 3
57 121 4   0 0   1 1   2 2   3 3
57 138 4   0 0   1 1   2 2   3 3
58 152 4   0 0   1 1   2 2   3 3
58 186 4   0 0   1 1   2 2   3 3
58 141 4   0 0   1 1   2 2   3 3
59 176 4   0 0   1 1   2 2   3 3
59 161 4   0 0   1 1   2 2   3 3
59 151 4   0 0   1 1   2 2   3 3
59 73 4   0 0   1 1   2 2   3 3
59 90 4   0 0   1 1   2 2   3 3
59 139 4   0 0   1 1   2 2   3 3
59 140 4   0 0   1 1   2 2   3 3
59 156 4   0 0   1 1   2 2   3 3
59 61 4   0 0   1 1   2 2   3 3
60 80 4   0 0   1 1   2 2   3 3
60 68 4   0 0   1 1   2 2   3 3
60 118 4   0 0   1 1   2 2   3 3
60 159 4   0 0   1 1   2 2   3 3
61 82 4   0 0   1 1   2 2   3 3
61 165 4   0 0   1 1   2 2   3 3
61 70 4   0 0   1 1   2 2   3 3
61 139 4   0 0   1 1   2 2   3 3
61 156 4   0 0   1 1   2 2   3 3
62 113 4   0 0   1 1   2 2   3 3
62 148 4   0 0   1 1   2 2   3 3
63 166 4   0 0   1 1   2 2   3 3
63 104 4   0 0   1 1   2 2   3 3
63 155 4   0 0   1 1   2 2   3 3
64 97 4   0 0   1 1   2 2   3 3
65 103 4   0 0   1 1   2 2   3 3
65 126 4   0 0   1 1   2 2   3 3
66 180 4   0 0   1 1   2 2   3 3
66 88 4   0 0   1 1   2 2   3 3
66 89 4   0 0   1 1   2 2   3 3
66 174 4   0 0   1 1   2 2   3 3
67 81 4   0 0   1 1   2 2   3 3
67 116 4   0 0   1 1   2 2   3 3
67 117 4   0 0   1 1   2 2   3 3
67 173 4   0 0   1 1   2 2   3 3
68 144 4   0 0   1 1   2 2   3 3
68 136 4   0 0   1 1   2 2   3 3
68 75 4   0 0   1 1   2 2   3 3
68 159 4   0 0   1 1   2 2   3 3
69 128 4   0 0   1 1   2 2   3 3
69 114 4   0 0   1 1   2 2   3 3
69 171 4   0 0   1 1   2 2   3 3
69 78 4   0 0   1 1   2 2   3 3
69 158 4   0 0   1 1   2 2   3 3
69 175 4   0 0   1 1   2 2   3 3
70 145 4   0 0   1 1   2 2   3 3
70 82 4   0 0   1 1   2 2   3 3
70 87 4   0 0   1 1   2 2   3 3
70 156 4   0 0   1 1   2 2   3 3
71 179 4   0 0   1 1   2 2   3 3
71 150 4   0 0   1 1   2 2   3 3
71 153 4   0 0   1 1   2 2   3 3
71 170 4   0 0   1 1   2 2   3 3
71 77 4   0 0   1 1   2 2   3 3
72 135 4   0 0   1 1   2 2   3 3
72 169 4   0 0   1 1   2 2   3 3
72 157 4   0 0   1 1   2 2   3 3
73 161 4   0 0   1 1   2 2   3 3
73 149 4   0 0   1 1   2 2   3 3
73 87 4   0 0   1 1   2 2   3 3
73 156 4   0 0   1 1   2 2   3 3
74 140 4   0 0   1 1   2 2   3 3
75 144 4   0 0   1 1   2 2   3 3
75 184 4   0 0   1 1   2 2   3 3
75 154 4   0 0   1 1   2 2   3 3
76 112 4   0 0   1 1   2 2   3 3
76 120 4   0 0   1 1   2 2   3 3
76 137 4   0 0   1 1   2 2   3 3
77 153 4   0 0   1 1   2 2   3 3
77 170 4   0 0   1 1   2 2   3 3
77 172 4   0 0   1 1   2 2   3 3
78 128 4   0 0   1 1   2 2   3 3
78 106 4   0 0   1 1   2 2   3 3
78 172 4   0 0   1 1   2 2   3 3
79 147 4   0 0   1 1   2 2   3 3
79 132 4   0 0   1 1   2 2   3 3
79 122 4   0 0   1 1   2 2   3 3
79 109 4   0 0   1 1   2 2   3 3
80 96 4   0 0   1 1   2 2   3 3
80 118 4   0 0   1 1   2 2   3 3
81 103 4   0 0   1 1   2 2   3 3
81 168 4   0 0   1 1   2 2   3 3
81 173 4   0 0   1 1   2 2   3 3
82 165 4   0 0   1 1   2 2   3 3
83 179 4   0 0   1 1   2 2   3 3
83 85 4   0 0   1 1   2 2   3 3
83 170 4   0 0   1 1   2 2   3 3
84 163 4   0 0   1 1   2 2   3 3
84 86 4   0 0   1 1   2 2   3 3
84 123 4   0 0   1 1   2 2   3 3
85 170 4   0 0   1 1   2 2   3 3
85 158 4   0 0   1 1   2 2   3 3
86 155 4   0 0   1 1   2 2   3 3
87 145 4   0 0   1 1   2 2   3 3
87 149 4   0 0   1 1   2 2   3 3
87 156 4   0 0   1 1   2 2   3 3
87 143 4   0 0   1 1   2 2   3 3
88 180 4   0 0   1 1   2 2   3 3
88 104 4   0 0   1 1   2 2   3 3
88 89 4   0 0   1 1   2 2   3 3
88 105 4   0 0   1 1   2 2   3 3
90 151 4   0 0   1 1   2 2   3 3
90 140 4   0 0   1 1   2 2   3 3
91 98 4   0 0   1 1   2 2   3 3
91 178 4   0 0   1 1   2 2   3 3
91 131 4   0 0   1 1   2 2   3 3
91 186 4   0 0   1 1   2 2   3 3
91 124 4   0 0   1 1   2 2   3 3
92 181 4   0 0   1 1   2 2   3 3
92 173 4   0 0   1 1   2 2   3 3
92 126 4   0 0   1 1   2 2   3 3
93 161 4   0 0   1 1   2 2   3 3
93 162 4   0 0   1 1   2 2   3 3
93 185 4   0 0   1 1   2 2   3 3
94 128 4   0 0   1 1   2 2   3 3
94 134 4   0 0   1 1   2 2   3 3
94 138 4   0 0   1 1   2 2   3 3
94 106 4   0 0   1 1   2 2   3 3
94 171 4   0 0   1 1   2 2   3 3
94 175 4   0 0   1 1   2 2   3 3
95 129 4   0 0   1 1   2 2   3 3
95 178 4   0 0   1 1   2 2   3 3
95 146 4   0 0   1 1   2 2   3 3
95 131 4   0 0   1 1   2 2   3 3
95 152 4   0 0   1 1   2 2   3 3
95 121 4   0 0   1 1   2 2   3 3
96 136 4   0 0   1 1   2 2   3 3
97 123 4   0 0   1 1   2 2   3 3
98 130 4   0 0   1 1   2 2   3 3
98 131 4   0 0   1 1   2 2   3 3
98 124 4   0 0   1 1   2 2   3 3
99 182 4   0 0   1 1   2 2   3 3
99 151 4   0 0   1 1   2 2   3 3
99 137 4   0 0   1 1   2 2   3 3
100 113 4   0 0   1 1   2 2   3 3
100 102 4   0 0   1 1   2 2   3 3
100 183 4   0 0   1 1   2 2   3 3
100 184 4   0 0   1 1   2 2   3 3
100 157 4   0 0   1 1   2 2   3 3
101 162 4   0 0   1 1   2 2   3 3
101 115 4   0 0   1 1   2 2   3 3
101 149 4   0 0   1 1   2 2   3 3
102 113 4   0 0   1 1   2 2   3 3
102 184 4   0 0   1 1   2 2   3 3
103 168 4   0 0   1 1   2 2   3 3
103 126 4   0 0   1 1   2 2   3 3
104 180 4   0 0   1 1   2 2   3 3
105 110 4   0 0   1 1   2 2   3 3
106 128 4   0 0   1 1   2 2   3 3
106 134 4   0 0   1 1   2 2   3 3
107 150 4   0 0   1 1   2 2   3 3
108 160 4   0 0   1 1   2 2   3 3
108 111 4   0 0   1 1   2 2   3 3
109 146 4   0 0   1 1   2 2   3 3
109 122 4   0 0   1 1   2 2   3 3
109 125 4   0 0   1 1   2 2   3 3
109 111 4   0 0   1 1   2 2   3 3
110 118 4   0 0   1 1   2 2   3 3
111 160 4   0 0   1 1   2 2   3 3
111 146 4   0 0   1 1   2 2   3 3
111 125 4   0 0   1 1   2 2   3 3
112 182 4   0 0   1 1   2 2   3 3
112 137 4   0 0   1 1   2 2   3 3
113 157 4   0 0   1 1   2 2   3 3
114 158 4   0 0   1 1   2 2   3 3
114 175 4   0 0   1 1   2 2   3 3
114 127 4   0 0   1 1   2 2   3 3
115 162 4   0 0   1 1   2 2   3 3
115 149 4   0 0   1 1   2 2   3 3
116 120 4   0 0   1 1   2 2   3 3
116 185 4   0 0   1 1   2 2   3 3
117 173 4   0 0   1 1   2 2   3 3
119 177 4   0 0   1 1   2 2   3 3
119 135 4   0 0   1 1   2 2   3 3
119 154 4   0 0   1 1   2 2   3 3
120 161 4   0 0   1 1   2 2   3 3
120 185 4   0 0   1 1   2 2   3 3
121 129 4   0 0   1 1   2 2   3 3
121 146 4   0 0   1 1   2 2   3 3
122 132 4   0 0   1 1   2 2   3 3
122 125 4   0 0   1 1   2 2   3 3
122 142 4   0 0   1 1   2 2   3 3
123 163 4   0 0   1 1   2 2   3 3
124 186 4   0 0   1 1   2 2   3 3
125 141 4   0 0   1 1   2 2   3 3
125 142 4   0 0   1 1   2 2   3 3
126 181 4   0 0   1 1   2 2   3 3
127 138 4   0 0   1 1   2 2   3 3
127 158 4   0 0   1 1   2 2   3 3
127 175 4   0 0   1 1   2 2   3 3
128 171 4   0 0   1 1   2 2   3 3
129 177 4   0 0   1 1   2 2   3 3
129 131 4   0 0   1 1   2 2   3 3
130 131 4   0 0   1 1   2 2   3 3
130 167 4   0 0   1 1   2 2   3 3
131 178 4   0 0   1 1   2 2   3 3
132 147 4   0 0   1 1   2 2   3 3
133 145 4   0 0   1 1   2 2   3 3
133 181 4   0 0   1 1   2 2   3 3
133 143 4   0 0   1 1   2 2   3 3
135 177 4   0 0   1 1   2 2   3 3
135 183 4   0 0   1 1   2 2   3 3
135 184 4   0 0   1 1   2 2   3 3
135 169 4   0 0   1 1   2 2   3 3
137 182 4   0 0   1 1   2 2   3 3
137 151 4   0 0   1 1   2 2   3 3
138 147 4   0 0   1 1   2 2   3 3
138 158 4   0 0   1 1   2 2   3 3
138 175 4   0 0   1 1   2 2   3 3
139 176 4   0 0   1 1   2 2   3 3
139 177 4   0 0   1 1   2 2   3 3
139 165 4   0 0   1 1   2 2   3 3
140 176 4   0 0   1 1   2 2   3 3
140 167 4   0 0   1 1   2 2   3 3
143 145 4   0 0   1 1   2 2   3 3
143 181 4   0 0   1 1   2 2   3 3
144 159 4   0 0   1 1   2 2   3 3
146 160 4   0 0   1 1   2 2   3 3
146 152 4   0 0   1 1   2 2   3 3
150 153 4   0 0   1 1   2 2   3 3
151 161 4   0 0   1 1   2 2   3 3
152 160 4   0 0   1 1   2 2   3 3
152 178 4   0 0   1 1   2 2   3 3
152 186 4   0 0   1 1   2 2   3 3
153 172 4   0 0   1 1   2 2   3 3
154 177 4   0 0   1 1   2 2   3 3
158 170 4   0 0   1 1   2 2   3 3
159 164 4   0 0   1 1   2 2   3 3
161 162 4   0 0   1 1   2 2   3 3
161 185 4   0 0   1 1   2 2   3 3
163 168 4   0 0   1 1   2 2   3 3
165 177 4   0 0   1 1   2 2   3 3
165 169 4   0 0   1 1   2 2   3 3
169 177 4   0 0   1 1   2 2   3 3
170 179 4   0 0   1 1   2 2   3 3
171 175 4   0 0   1 1   2 2   3 3
174 180 4   0 0   1 1   2 2   3 3
178 186 4   0 0   1 1   2 2   3 3
183 184 4   0 0   1 1   2 2   3 3
