108
1 4 0 1 2 3
2 4 0 1 2 3
3 4 0 1 2 3
4 4 0 1 2 3
5 4 0 1 2 3
6 4 0 1 2 3
7 4 0 1 2 3
8 4 0 1 2 3
9 4 0 1 2 3
10 4 0 1 2 3
11 4 0 1 2 3
12 4 0 1 2 3
13 4 0 1 2 3
14 4 0 1 2 3
15 4 0 1 2 3
16 4 0 1 2 3
17 4 0 1 2 3
18 4 0 1 2 3
19 4 0 1 2 3
20 4 0 1 2 3
21 4 0 1 2 3
22 4 0 1 2 3
23 4 0 1 2 3
24 4 0 1 2 3
25 4 0 1 2 3
26 4 0 1 2 3
27 4 0 1 2 3
28 4 0 1 2 3
29 4 0 1 2 3
30 4 0 1 2 3
31 4 0 1 2 3
32 4 0 1 2 3
33 4 0 1 2 3
34 4 0 1 2 3
35 4 0 1 2 3
36 4 0 1 2 3
37 4 0 1 2 3
38 4 0 1 2 3
39 4 0 1 2 3
40 4 0 1 2 3
41 4 0 1 2 3
42 4 0 1 2 3
43 4 0 1 2 3
44 4 0 1 2 3
45 4 0 1 2 3
46 4 0 1 2 3
47 4 0 1 2 3
48 4 0 1 2 3
49 4 0 1 2 3
50 4 0 1 2 3
51 4 0 1 2 3
52 4 0 1 2 3
53 4 0 1 2 3
54 4 0 1 2 3
55 4 0 1 2 3
56 4 0 1 2 3
57 4 0 1 2 3
58 4 0 1 2 3
59 4 0 1 2 3
60 4 0 1 2 3
61 4 0 1 2 3
62 4 0 1 2 3
63 4 0 1 2 3
64 4 0 1 2 3
65 4 0 1 2 3
66 4 0 1 2 3
67 4 0 1 2 3
68 4 0 1 2 3
69 4 0 1 2 3
70 4 0 1 2 3
71 4 0 1 2 3
72 4 0 1 2 3
73 4 0 1 2 3
74 4 0 1 2 3
75 4 0 1 2 3
76 4 0 1 2 3
77 4 0 1 2 3
78 4 0 1 2 3
79 4 0 1 2 3
80 4 0 1 2 3
81 4 0 1 2 3
82 4 0 1 2 3
83 4 0 1 2 3
84 4 0 1 2 3
85 4 0 1 2 3
86 4 0 1 2 3
87 4 0 1 2 3
88 4 0 1 2 3
89 4 0 1 2 3
90 4 0 1 2 3
91 4 0 1 2 3
92 4 0 1 2 3
93 4 0 1 2 3
94 4 0 1 2 3
95 4 0 1 2 3
96 4 0 1 2 3
97 4 0 1 2 3
98 4 0 1 2 3
99 4 0 1 2 3
100 4 0 1 2 3
101 4 0 1 2 3
102 4 0 1 2 3
103 4 0 1 2 3
104 4 0 1 2 3
105 4 0 1 2 3
106 4 0 1 2 3
107 4 0 1 2 3
108 4 0 1 2 3
288
1 16 4   0 0   1 1   2 2   3 3
1 64 4   0 0   1 1   2 2   3 3
1 65 4   0 0   1 1   2 2   3 3
1 68 4   0 0   1 1   2 2   3 3
1 57 4   0 0   1 1   2 2   3 3
1 61 4   0 0   1 1   2 2   3 3
1 30 4   0 0   1 1   2 2   3 3
1 78 4   0 0   1 1   2 2   3 3
2 48 4   0 0   1 1   2 2   3 3
2 99 4   0 0   1 1   2 2   3 3
2 70 4   0 0   1 1   2 2   3 3
2 107 4   0 0   1 1   2 2   3 3
2 59 4   0 0   1 1   2 2   3 3
2 11 4   0 0   1 1   2 2   3 3
2 63 4   0 0   1 1   2 2   3 3
3 19 4   0 0   1 1   2 2   3 3
3 41 4   0 0   1 1   2 2   3 3
3 43 4   0 0   1 1   2 2   3 3
3 91 4   0 0   1 1   2 2   3 3
4 36 4   0 0   1 1   2 2   3 3
4 21 4   0 0   1 1   2 2   3 3
4 71 4   0 0   1 1   2 2   3 3
4 89 4   0 0   1 1   2 2   3 3
4 106 4   0 0   1 1   2 2   3 3
4 26 4   0 0   1 1   2 2   3 3
4 44 4   0 0   1 1   2 2   3 3
4 60 4   0 0   1 1   2 2   3 3
5 64 4   0 0   1 1   2 2   3 3
5 98 4   0 0   1 1   2 2   3 3
5 100 4   0 0   1 1   2 2   3 3
5 93 4   0 0   1 1   2 2   3 3
5 30 4   0 0   1 1   2 2   3 3
6 20 4   0 0   1 1   2 2   3 3
6 56 4   0 0   1 1   2 2   3 3
6 42 4   0 0   1 1   2 2   3 3
6 75 4   0 0   1 1   2 2   3 3
6 79 4   0 0   1 1   2 2   3 3
7 32 4   0 0   1 1   2 2   3 3
7 36 4   0 0   1 1   2 2   3 3
7 69 4   0 0   1 1   2 2   3 3
7 58 4   0 0   1 1   2 2   3 3
7 95 4   0 0   1 1   2 2   3 3
8 97 4   0 0   1 1   2 2   3 3
8 49 4   0 0   1 1   2 2   3 3
8 25 4   0 0   1 1   2 2   3 3
8 13 4   0 0   1 1   2 2   3 3
8 77 4   0 0   1 1   2 2   3 3
9 100 4   0 0   1 1   2 2   3 3
9 86 4   0 0   1 1   2 2   3 3
9 55 4   0 0   1 1   2 2   3 3
9 12 4   0 0   1 1   2 2   3 3
9 45 4   0 0   1 1   2 2   3 3
10 97 4   0 0   1 1   2 2   3 3
10 37 4   0 0   1 1   2 2   3 3
10 41 4   0 0   1 1   2 2   3 3
10 105 4   0 0   1 1   2 2   3 3
10 91 4   0 0   1 1   2 2   3 3
10 59 4   0 0   1 1   2 2   3 3
10 62 4   0 0   1 1   2 2   3 3
11 37 4   0 0   1 1   2 2   3 3
11 59 4   0 0   1 1   2 2   3 3
11 63 4   0 0   1 1   2 2   3 3
12 80 4   0 0   1 1   2 2   3 3
12 48 4   0 0   1 1   2 2   3 3
12 17 4   0 0   1 1   2 2   3 3
12 86 4   0 0   1 1   2 2   3 3
12 107 4   0 0   1 1   2 2   3 3
12 45 4   0 0   1 1   2 2   3 3
12 94 4   0 0   1 1   2 2   3 3
13 35 4   0 0   1 1   2 2   3 3
13 25 4   0 0   1 1   2 2   3 3
13 58 4   0 0   1 1   2 2   3 3
13 77 4   0 0   1 1   2 2   3 3
14 50 4   0 0   1 1   2 2   3 3
14 74 4   0 0   1 1   2 2   3 3
14 76 4   0 0   1 1   2 2   3 3
14 92 4   0 0   1 1   2 2   3 3
15 32 4   0 0   1 1   2 2   3 3
15 18 4   0 0   1 1   2 2   3 3
15 35 4   0 0   1 1   2 2   3 3
15 31 4   0 0   1 1   2 2   3 3
15 95 4   0 0   1 1   2 2   3 3
16 78 4   0 0   1 1   2 2   3 3
16 47 4   0 0   1 1   2 2   3 3
17 80 4   0 0   1 1   2 2   3 3
17 22 4   0 0   1 1   2 2   3 3
17 86 4   0 0   1 1   2 2   3 3
17 55 4   0 0   1 1   2 2   3 3
17 27 4   0 0   1 1   2 2   3 3
18 36 4   0 0   1 1   2 2   3 3
18 23 4   0 0   1 1   2 2   3 3
18 42 4   0 0   1 1   2 2   3 3
18 31 4   0 0   1 1   2 2   3 3
18 95 4   0 0   1 1   2 2   3 3
19 34 4   0 0   1 1   2 2   3 3
19 99 4   0 0   1 1   2 2   3 3
19 38 4   0 0   1 1   2 2   3 3
19 70 4   0 0   1 1   2 2   3 3
19 71 4   0 0   1 1   2 2   3 3
19 43 4   0 0   1 1   2 2   3 3
19 91 4   0 0   1 1   2 2   3 3
20 42 4   0 0   1 1   2 2   3 3
20 79 4   0 0   1 1   2 2   3 3
20 31 4   0 0   1 1   2 2   3 3
21 34 4   0 0   1 1   2 2   3 3
21 67 4   0 0   1 1   2 2   3 3
21 71 4   0 0   1 1   2 2   3 3
21 89 4   0 0   1 1   2 2   3 3
22 64 4   0 0   1 1   2 2   3 3
22 55 4   0 0   1 1   2 2   3 3
22 27 4   0 0   1 1   2 2   3 3
22 78 4   0 0   1 1   2 2   3 3
23 36 4   0 0   1 1   2 2   3 3
23 42 4   0 0   1 1   2 2   3 3
23 106 4   0 0   1 1   2 2   3 3
23 26 4   0 0   1 1   2 2   3 3
23 75 4   0 0   1 1   2 2   3 3
24 52 4   0 0   1 1   2 2   3 3
24 54 4   0 0   1 1   2 2   3 3
24 57 4   0 0   1 1   2 2   3 3
24 44 4   0 0   1 1   2 2   3 3
24 60 4   0 0   1 1   2 2   3 3
25 96 4   0 0   1 1   2 2   3 3
25 49 4   0 0   1 1   2 2   3 3
25 104 4   0 0   1 1   2 2   3 3
26 36 4   0 0   1 1   2 2   3 3
26 106 4   0 0   1 1   2 2   3 3
27 80 4   0 0   1 1   2 2   3 3
27 38 4   0 0   1 1   2 2   3 3
27 70 4   0 0   1 1   2 2   3 3
27 88 4   0 0   1 1   2 2   3 3
27 78 4   0 0   1 1   2 2   3 3
27 47 4   0 0   1 1   2 2   3 3
28 51 4   0 0   1 1   2 2   3 3
28 71 4   0 0   1 1   2 2   3 3
28 60 4   0 0   1 1   2 2   3 3
28 29 4   0 0   1 1   2 2   3 3
28 47 4   0 0   1 1   2 2   3 3
29 60 4   0 0   1 1   2 2   3 3
29 47 4   0 0   1 1   2 2   3 3
30 64 4   0 0   1 1   2 2   3 3
30 68 4   0 0   1 1   2 2   3 3
30 93 4   0 0   1 1   2 2   3 3
31 42 4   0 0   1 1   2 2   3 3
32 35 4   0 0   1 1   2 2   3 3
32 69 4   0 0   1 1   2 2   3 3
32 95 4   0 0   1 1   2 2   3 3
33 101 4   0 0   1 1   2 2   3 3
33 85 4   0 0   1 1   2 2   3 3
33 108 4   0 0   1 1   2 2   3 3
33 45 4   0 0   1 1   2 2   3 3
33 46 4   0 0   1 1   2 2   3 3
33 94 4   0 0   1 1   2 2   3 3
34 67 4   0 0   1 1   2 2   3 3
34 71 4   0 0   1 1   2 2   3 3
34 43 4   0 0   1 1   2 2   3 3
35 69 4   0 0   1 1   2 2   3 3
35 58 4   0 0   1 1   2 2   3 3
36 89 4   0 0   1 1   2 2   3 3
36 58 4   0 0   1 1   2 2   3 3
36 95 4   0 0   1 1   2 2   3 3
37 105 4   0 0   1 1   2 2   3 3
37 59 4   0 0   1 1   2 2   3 3
37 63 4   0 0   1 1   2 2   3 3
38 51 4   0 0   1 1   2 2   3 3
38 70 4   0 0   1 1   2 2   3 3
38 71 4   0 0   1 1   2 2   3 3
38 47 4   0 0   1 1   2 2   3 3
39 54 4   0 0   1 1   2 2   3 3
39 73 4   0 0   1 1   2 2   3 3
39 76 4   0 0   1 1   2 2   3 3
39 92 4   0 0   1 1   2 2   3 3
40 66 4   0 0   1 1   2 2   3 3
40 50 4   0 0   1 1   2 2   3 3
40 83 4   0 0   1 1   2 2   3 3
40 84 4   0 0   1 1   2 2   3 3
40 74 4   0 0   1 1   2 2   3 3
41 97 4   0 0   1 1   2 2   3 3
41 43 4   0 0   1 1   2 2   3 3
41 91 4   0 0   1 1   2 2   3 3
42 75 4   0 0   1 1   2 2   3 3
43 97 4   0 0   1 1   2 2   3 3
43 67 4   0 0   1 1   2 2   3 3
43 53 4   0 0   1 1   2 2   3 3
43 77 4   0 0   1 1   2 2   3 3
44 54 4   0 0   1 1   2 2   3 3
44 106 4   0 0   1 1   2 2   3 3
44 60 4   0 0   1 1   2 2   3 3
45 100 4   0 0   1 1   2 2   3 3
45 101 4   0 0   1 1   2 2   3 3
45 94 4   0 0   1 1   2 2   3 3
46 101 4   0 0   1 1   2 2   3 3
46 85 4   0 0   1 1   2 2   3 3
46 102 4   0 0   1 1   2 2   3 3
47 51 4   0 0   1 1   2 2   3 3
47 57 4   0 0   1 1   2 2   3 3
47 60 4   0 0   1 1   2 2   3 3
47 78 4   0 0   1 1   2 2   3 3
48 81 4   0 0   1 1   2 2   3 3
48 107 4   0 0   1 1   2 2   3 3
48 94 4   0 0   1 1   2 2   3 3
49 96 4   0 0   1 1   2 2   3 3
49 97 4   0 0   1 1   2 2   3 3
49 62 4   0 0   1 1   2 2   3 3
50 66 4   0 0   1 1   2 2   3 3
50 90 4   0 0   1 1   2 2   3 3
50 74 4   0 0   1 1   2 2   3 3
51 71 4   0 0   1 1   2 2   3 3
52 84 4   0 0   1 1   2 2   3 3
52 54 4   0 0   1 1   2 2   3 3
52 87 4   0 0   1 1   2 2   3 3
52 57 4   0 0   1 1   2 2   3 3
52 92 4   0 0   1 1   2 2   3 3
52 61 4   0 0   1 1   2 2   3 3
53 67 4   0 0   1 1   2 2   3 3
53 58 4   0 0   1 1   2 2   3 3
53 77 4   0 0   1 1   2 2   3 3
54 56 4   0 0   1 1   2 2   3 3
54 73 4   0 0   1 1   2 2   3 3
54 106 4   0 0   1 1   2 2   3 3
54 75 4   0 0   1 1   2 2   3 3
54 92 4   0 0   1 1   2 2   3 3
55 64 4   0 0   1 1   2 2   3 3
55 100 4   0 0   1 1   2 2   3 3
55 86 4   0 0   1 1   2 2   3 3
56 73 4   0 0   1 1   2 2   3 3
56 75 4   0 0   1 1   2 2   3 3
57 60 4   0 0   1 1   2 2   3 3
57 61 4   0 0   1 1   2 2   3 3
58 67 4   0 0   1 1   2 2   3 3
58 69 4   0 0   1 1   2 2   3 3
58 89 4   0 0   1 1   2 2   3 3
58 77 4   0 0   1 1   2 2   3 3
59 99 4   0 0   1 1   2 2   3 3
59 91 4   0 0   1 1   2 2   3 3
60 71 4   0 0   1 1   2 2   3 3
61 65 4   0 0   1 1   2 2   3 3
61 87 4   0 0   1 1   2 2   3 3
62 96 4   0 0   1 1   2 2   3 3
62 97 4   0 0   1 1   2 2   3 3
62 82 4   0 0   1 1   2 2   3 3
62 105 4   0 0   1 1   2 2   3 3
63 105 4   0 0   1 1   2 2   3 3
64 100 4   0 0   1 1   2 2   3 3
64 78 4   0 0   1 1   2 2   3 3
65 68 4   0 0   1 1   2 2   3 3
65 87 4   0 0   1 1   2 2   3 3
66 83 4   0 0   1 1   2 2   3 3
66 90 4   0 0   1 1   2 2   3 3
67 89 4   0 0   1 1   2 2   3 3
68 87 4   0 0   1 1   2 2   3 3
68 103 4   0 0   1 1   2 2   3 3
68 93 4   0 0   1 1   2 2   3 3
70 80 4   0 0   1 1   2 2   3 3
70 99 4   0 0   1 1   2 2   3 3
70 88 4   0 0   1 1   2 2   3 3
70 107 4   0 0   1 1   2 2   3 3
72 83 4   0 0   1 1   2 2   3 3
72 84 4   0 0   1 1   2 2   3 3
72 87 4   0 0   1 1   2 2   3 3
72 103 4   0 0   1 1   2 2   3 3
73 76 4   0 0   1 1   2 2   3 3
74 84 4   0 0   1 1   2 2   3 3
74 92 4   0 0   1 1   2 2   3 3
75 106 4   0 0   1 1   2 2   3 3
76 92 4   0 0   1 1   2 2   3 3
77 97 4   0 0   1 1   2 2   3 3
80 88 4   0 0   1 1   2 2   3 3
80 107 4   0 0   1 1   2 2   3 3
81 85 4   0 0   1 1   2 2   3 3
81 108 4   0 0   1 1   2 2   3 3
81 94 4   0 0   1 1   2 2   3 3
82 96 4   0 0   1 1   2 2   3 3
82 104 4   0 0   1 1   2 2   3 3
83 84 4   0 0   1 1   2 2   3 3
84 87 4   0 0   1 1   2 2   3 3
84 92 4   0 0   1 1   2 2   3 3
85 108 4   0 0   1 1   2 2   3 3
87 103 4   0 0   1 1   2 2   3 3
91 99 4   0 0   1 1   2 2   3 3
93 103 4   0 0   1 1   2 2   3 3
94 108 4   0 0   1 1   2 2   3 3
96 104 4   0 0   1 1   2 2   3 3
98 100 4   0 0   1 1   2 2   3 3
98 102 4   0 0   1 1   2 2   3 3
100 101 4   0 0   1 1   2 2   3 3
100 102 4   0 0   1 1   2 2   3 3
101 102 4   0 0   1 1   2 2   3 3
