131
1 4 0 1 2 3
2 4 0 1 2 3
3 4 0 1 2 3
4 4 0 1 2 3
5 4 0 1 2 3
6 4 0 1 2 3
7 4 0 1 2 3
8 4 0 1 2 3
9 4 0 1 2 3
10 4 0 1 2 3
11 4 0 1 2 3
12 4 0 1 2 3
13 4 0 1 2 3
14 4 0 1 2 3
15 4 0 1 2 3
16 4 0 1 2 3
17 4 0 1 2 3
18 4 0 1 2 3
19 4 0 1 2 3
20 4 0 1 2 3
21 4 0 1 2 3
22 4 0 1 2 3
23 4 0 1 2 3
24 4 0 1 2 3
25 4 0 1 2 3
26 4 0 1 2 3
27 4 0 1 2 3
28 4 0 1 2 3
29 4 0 1 2 3
30 4 0 1 2 3
31 4 0 1 2 3
32 4 0 1 2 3
33 4 0 1 2 3
34 4 0 1 2 3
35 4 0 1 2 3
36 4 0 1 2 3
37 4 0 1 2 3
38 4 0 1 2 3
39 4 0 1 2 3
40 4 0 1 2 3
41 4 0 1 2 3
42 4 0 1 2 3
43 4 0 1 2 3
44 4 0 1 2 3
45 4 0 1 2 3
46 4 0 1 2 3
47 4 0 1 2 3
48 4 0 1 2 3
49 4 0 1 2 3
50 4 0 1 2 3
51 4 0 1 2 3
52 4 0 1 2 3
53 4 0 1 2 3
54 4 0 1 2 3
55 4 0 1 2 3
56 4 0 1 2 3
57 4 0 1 2 3
58 4 0 1 2 3
59 4 0 1 2 3
60 4 0 1 2 3
61 4 0 1 2 3
62 4 0 1 2 3
63 4 0 1 2 3
64 4 0 1 2 3
65 4 0 1 2 3
66 4 0 1 2 3
67 4 0 1 2 3
68 4 0 1 2 3
69 4 0 1 2 3
70 4 0 1 2 3
71 4 0 1 2 3
72 4 0 1 2 3
73 4 0 1 2 3
74 4 0 1 2 3
75 4 0 1 2 3
76 4 0 1 2 3
77 4 0 1 2 3
78 4 0 1 2 3
79 4 0 1 2 3
80 4 0 1 2 3
81 4 0 1 2 3
82 4 0 1 2 3
83 4 0 1 2 3
84 4 0 1 2 3
85 4 0 1 2 3
86 4 0 1 2 3
87 4 0 1 2 3
88 4 0 1 2 3
89 4 0 1 2 3
90 4 0 1 2 3
91 4 0 1 2 3
92 4 0 1 2 3
93 4 0 1 2 3
94 4 0 1 2 3
95 4 0 1 2 3
96 4 0 1 2 3
97 4 0 1 2 3
98 4 0 1 2 3
99 4 0 1 2 3
100 4 0 1 2 3
101 4 0 1 2 3
102 4 0 1 2 3
103 4 0 1 2 3
104 4 0 1 2 3
105 4 0 1 2 3
106 4 0 1 2 3
107 4 0 1 2 3
108 4 0 1 2 3
109 4 0 1 2 3
110 4 0 1 2 3
111 4 0 1 2 3
112 4 0 1 2 3
113 4 0 1 2 3
114 4 0 1 2 3
115 4 0 1 2 3
116 4 0 1 2 3
117 4 0 1 2 3
118 4 0 1 2 3
119 4 0 1 2 3
120 4 0 1 2 3
121 4 0 1 2 3
122 4 0 1 2 3
123 4 0 1 2 3
124 4 0 1 2 3
125 4 0 1 2 3
126 4 0 1 2 3
127 4 0 1 2 3
128 4 0 1 2 3
129 4 0 1 2 3
130 4 0 1 2 3
131 4 0 1 2 3
354
1 92 4   0 0   1 1   2 2   3 3
1 76 4   0 0   1 1   2 2   3 3
1 111 4   0 0   1 1   2 2   3 3
1 79 4   0 0   1 1   2 2   3 3
2 16 4   0 0   1 1   2 2   3 3
2 58 4   0 0   1 1   2 2   3 3
2 12 4   0 0   1 1   2 2   3 3
2 30 4   0 0   1 1   2 2   3 3
3 33 4   0 0   1 1   2 2   3 3
3 34 4   0 0   1 1   2 2   3 3
3 67 4   0 0   1 1   2 2   3 3
3 20 4   0 0   1 1   2 2   3 3
3 9 4   0 0   1 1   2 2   3 3
4 129 4   0 0   1 1   2 2   3 3
4 85 4   0 0   1 1   2 2   3 3
4 37 4   0 0   1 1   2 2   3 3
4 23 4   0 0   1 1   2 2   3 3
4 106 4   0 0   1 1   2 2   3 3
4 74 4   0 0   1 1   2 2   3 3
4 123 4   0 0   1 1   2 2   3 3
4 76 4   0 0   1 1   2 2   3 3
4 79 4   0 0   1 1   2 2   3 3
4 111 4   0 0   1 1   2 2   3 3
5 64 4   0 0   1 1   2 2   3 3
5 19 4   0 0   1 1   2 2   3 3
5 36 4   0 0   1 1   2 2   3 3
5 27 4   0 0   1 1   2 2   3 3
5 30 4   0 0   1 1   2 2   3 3
5 126 4   0 0   1 1   2 2   3 3
6 50 4   0 0   1 1   2 2   3 3
6 99 4   0 0   1 1   2 2   3 3
6 105 4   0 0   1 1   2 2   3 3
6 107 4   0 0   1 1   2 2   3 3
6 63 4   0 0   1 1   2 2   3 3
7 130 4   0 0   1 1   2 2   3 3
7 86 4   0 0   1 1   2 2   3 3
7 62 4   0 0   1 1   2 2   3 3
7 94 4   0 0   1 1   2 2   3 3
8 99 4   0 0   1 1   2 2   3 3
8 21 4   0 0   1 1   2 2   3 3
8 101 4   0 0   1 1   2 2   3 3
8 102 4   0 0   1 1   2 2   3 3
8 72 4   0 0   1 1   2 2   3 3
8 73 4   0 0   1 1   2 2   3 3
8 107 4   0 0   1 1   2 2   3 3
8 13 4   0 0   1 1   2 2   3 3
8 95 4   0 0   1 1   2 2   3 3
9 34 4   0 0   1 1   2 2   3 3
9 67 4   0 0   1 1   2 2   3 3
9 131 4   0 0   1 1   2 2   3 3
9 41 4   0 0   1 1   2 2   3 3
10 128 4   0 0   1 1   2 2   3 3
10 66 4   0 0   1 1   2 2   3 3
10 83 4   0 0   1 1   2 2   3 3
10 53 4   0 0   1 1   2 2   3 3
10 39 4   0 0   1 1   2 2   3 3
11 103 4   0 0   1 1   2 2   3 3
11 90 4   0 0   1 1   2 2   3 3
11 124 4   0 0   1 1   2 2   3 3
11 110 4   0 0   1 1   2 2   3 3
12 16 4   0 0   1 1   2 2   3 3
12 67 4   0 0   1 1   2 2   3 3
12 85 4   0 0   1 1   2 2   3 3
12 40 4   0 0   1 1   2 2   3 3
12 58 4   0 0   1 1   2 2   3 3
12 108 4   0 0   1 1   2 2   3 3
13 73 4   0 0   1 1   2 2   3 3
13 95 4   0 0   1 1   2 2   3 3
14 130 4   0 0   1 1   2 2   3 3
14 18 4   0 0   1 1   2 2   3 3
14 53 4   0 0   1 1   2 2   3 3
14 71 4   0 0   1 1   2 2   3 3
15 48 4   0 0   1 1   2 2   3 3
15 80 4   0 0   1 1   2 2   3 3
15 20 4   0 0   1 1   2 2   3 3
15 37 4   0 0   1 1   2 2   3 3
15 38 4   0 0   1 1   2 2   3 3
16 40 4   0 0   1 1   2 2   3 3
17 82 4   0 0   1 1   2 2   3 3
17 115 4   0 0   1 1   2 2   3 3
17 22 4   0 0   1 1   2 2   3 3
17 119 4   0 0   1 1   2 2   3 3
17 87 4   0 0   1 1   2 2   3 3
17 90 4   0 0   1 1   2 2   3 3
17 124 4   0 0   1 1   2 2   3 3
18 80 4   0 0   1 1   2 2   3 3
18 130 4   0 0   1 1   2 2   3 3
18 70 4   0 0   1 1   2 2   3 3
18 71 4   0 0   1 1   2 2   3 3
18 109 4   0 0   1 1   2 2   3 3
18 61 4   0 0   1 1   2 2   3 3
18 78 4   0 0   1 1   2 2   3 3
19 64 4   0 0   1 1   2 2   3 3
19 27 4   0 0   1 1   2 2   3 3
19 44 4   0 0   1 1   2 2   3 3
19 47 4   0 0   1 1   2 2   3 3
20 80 4   0 0   1 1   2 2   3 3
20 33 4   0 0   1 1   2 2   3 3
20 34 4   0 0   1 1   2 2   3 3
20 38 4   0 0   1 1   2 2   3 3
20 88 4   0 0   1 1   2 2   3 3
21 122 4   0 0   1 1   2 2   3 3
21 59 4   0 0   1 1   2 2   3 3
21 107 4   0 0   1 1   2 2   3 3
21 95 4   0 0   1 1   2 2   3 3
22 115 4   0 0   1 1   2 2   3 3
22 103 4   0 0   1 1   2 2   3 3
22 124 4   0 0   1 1   2 2   3 3
23 85 4   0 0   1 1   2 2   3 3
23 40 4   0 0   1 1   2 2   3 3
23 46 4   0 0   1 1   2 2   3 3
23 79 4   0 0   1 1   2 2   3 3
23 127 4   0 0   1 1   2 2   3 3
24 51 4   0 0   1 1   2 2   3 3
24 25 4   0 0   1 1   2 2   3 3
24 45 4   0 0   1 1   2 2   3 3
24 93 4   0 0   1 1   2 2   3 3
25 96 4   0 0   1 1   2 2   3 3
25 49 4   0 0   1 1   2 2   3 3
25 84 4   0 0   1 1   2 2   3 3
25 42 4   0 0   1 1   2 2   3 3
25 93 4   0 0   1 1   2 2   3 3
26 35 4   0 0   1 1   2 2   3 3
26 54 4   0 0   1 1   2 2   3 3
26 56 4   0 0   1 1   2 2   3 3
26 41 4   0 0   1 1   2 2   3 3
26 121 4   0 0   1 1   2 2   3 3
26 77 4   0 0   1 1   2 2   3 3
26 31 4   0 0   1 1   2 2   3 3
27 36 4   0 0   1 1   2 2   3 3
27 57 4   0 0   1 1   2 2   3 3
27 44 4   0 0   1 1   2 2   3 3
28 48 4   0 0   1 1   2 2   3 3
28 113 4   0 0   1 1   2 2   3 3
28 52 4   0 0   1 1   2 2   3 3
28 109 4   0 0   1 1   2 2   3 3
28 94 4   0 0   1 1   2 2   3 3
29 83 4   0 0   1 1   2 2   3 3
29 100 4   0 0   1 1   2 2   3 3
29 86 4   0 0   1 1   2 2   3 3
29 105 4   0 0   1 1   2 2   3 3
29 125 4   0 0   1 1   2 2   3 3
30 64 4   0 0   1 1   2 2   3 3
30 58 4   0 0   1 1   2 2   3 3
30 126 4   0 0   1 1   2 2   3 3
31 115 4   0 0   1 1   2 2   3 3
31 56 4   0 0   1 1   2 2   3 3
31 120 4   0 0   1 1   2 2   3 3
31 77 4   0 0   1 1   2 2   3 3
32 49 4   0 0   1 1   2 2   3 3
32 84 4   0 0   1 1   2 2   3 3
32 118 4   0 0   1 1   2 2   3 3
32 110 4   0 0   1 1   2 2   3 3
33 67 4   0 0   1 1   2 2   3 3
33 38 4   0 0   1 1   2 2   3 3
33 123 4   0 0   1 1   2 2   3 3
33 91 4   0 0   1 1   2 2   3 3
34 88 4   0 0   1 1   2 2   3 3
34 41 4   0 0   1 1   2 2   3 3
35 56 4   0 0   1 1   2 2   3 3
35 121 4   0 0   1 1   2 2   3 3
35 89 4   0 0   1 1   2 2   3 3
35 44 4   0 0   1 1   2 2   3 3
35 47 4   0 0   1 1   2 2   3 3
36 57 4   0 0   1 1   2 2   3 3
36 126 4   0 0   1 1   2 2   3 3
37 48 4   0 0   1 1   2 2   3 3
37 113 4   0 0   1 1   2 2   3 3
37 129 4   0 0   1 1   2 2   3 3
37 38 4   0 0   1 1   2 2   3 3
37 74 4   0 0   1 1   2 2   3 3
38 129 4   0 0   1 1   2 2   3 3
38 123 4   0 0   1 1   2 2   3 3
39 66 4   0 0   1 1   2 2   3 3
39 53 4   0 0   1 1   2 2   3 3
39 71 4   0 0   1 1   2 2   3 3
40 85 4   0 0   1 1   2 2   3 3
41 131 4   0 0   1 1   2 2   3 3
41 68 4   0 0   1 1   2 2   3 3
41 54 4   0 0   1 1   2 2   3 3
41 88 4   0 0   1 1   2 2   3 3
41 121 4   0 0   1 1   2 2   3 3
42 81 4   0 0   1 1   2 2   3 3
42 84 4   0 0   1 1   2 2   3 3
42 93 4   0 0   1 1   2 2   3 3
43 128 4   0 0   1 1   2 2   3 3
43 97 4   0 0   1 1   2 2   3 3
43 60 4   0 0   1 1   2 2   3 3
43 125 4   0 0   1 1   2 2   3 3
44 57 4   0 0   1 1   2 2   3 3
44 89 4   0 0   1 1   2 2   3 3
44 47 4   0 0   1 1   2 2   3 3
45 98 4   0 0   1 1   2 2   3 3
45 51 4   0 0   1 1   2 2   3 3
45 55 4   0 0   1 1   2 2   3 3
45 93 4   0 0   1 1   2 2   3 3
46 127 4   0 0   1 1   2 2   3 3
47 112 4   0 0   1 1   2 2   3 3
47 64 4   0 0   1 1   2 2   3 3
47 121 4   0 0   1 1   2 2   3 3
48 80 4   0 0   1 1   2 2   3 3
48 113 4   0 0   1 1   2 2   3 3
48 109 4   0 0   1 1   2 2   3 3
49 96 4   0 0   1 1   2 2   3 3
49 84 4   0 0   1 1   2 2   3 3
50 117 4   0 0   1 1   2 2   3 3
50 59 4   0 0   1 1   2 2   3 3
50 107 4   0 0   1 1   2 2   3 3
50 63 4   0 0   1 1   2 2   3 3
51 128 4   0 0   1 1   2 2   3 3
51 65 4   0 0   1 1   2 2   3 3
51 98 4   0 0   1 1   2 2   3 3
52 113 4   0 0   1 1   2 2   3 3
52 117 4   0 0   1 1   2 2   3 3
52 62 4   0 0   1 1   2 2   3 3
52 94 4   0 0   1 1   2 2   3 3
53 130 4   0 0   1 1   2 2   3 3
53 83 4   0 0   1 1   2 2   3 3
53 86 4   0 0   1 1   2 2   3 3
53 71 4   0 0   1 1   2 2   3 3
54 82 4   0 0   1 1   2 2   3 3
54 68 4   0 0   1 1   2 2   3 3
54 61 4   0 0   1 1   2 2   3 3
54 77 4   0 0   1 1   2 2   3 3
55 81 4   0 0   1 1   2 2   3 3
55 98 4   0 0   1 1   2 2   3 3
55 66 4   0 0   1 1   2 2   3 3
55 71 4   0 0   1 1   2 2   3 3
55 93 4   0 0   1 1   2 2   3 3
55 78 4   0 0   1 1   2 2   3 3
56 120 4   0 0   1 1   2 2   3 3
56 89 4   0 0   1 1   2 2   3 3
57 89 4   0 0   1 1   2 2   3 3
58 64 4   0 0   1 1   2 2   3 3
58 67 4   0 0   1 1   2 2   3 3
58 69 4   0 0   1 1   2 2   3 3
59 117 4   0 0   1 1   2 2   3 3
59 122 4   0 0   1 1   2 2   3 3
59 107 4   0 0   1 1   2 2   3 3
60 97 4   0 0   1 1   2 2   3 3
60 100 4   0 0   1 1   2 2   3 3
60 101 4   0 0   1 1   2 2   3 3
60 102 4   0 0   1 1   2 2   3 3
61 82 4   0 0   1 1   2 2   3 3
61 114 4   0 0   1 1   2 2   3 3
61 68 4   0 0   1 1   2 2   3 3
61 70 4   0 0   1 1   2 2   3 3
61 78 4   0 0   1 1   2 2   3 3
62 117 4   0 0   1 1   2 2   3 3
62 86 4   0 0   1 1   2 2   3 3
62 94 4   0 0   1 1   2 2   3 3
62 63 4   0 0   1 1   2 2   3 3
63 117 4   0 0   1 1   2 2   3 3
63 86 4   0 0   1 1   2 2   3 3
63 105 4   0 0   1 1   2 2   3 3
64 112 4   0 0   1 1   2 2   3 3
64 69 4   0 0   1 1   2 2   3 3
65 128 4   0 0   1 1   2 2   3 3
65 66 4   0 0   1 1   2 2   3 3
65 98 4   0 0   1 1   2 2   3 3
66 128 4   0 0   1 1   2 2   3 3
66 98 4   0 0   1 1   2 2   3 3
66 71 4   0 0   1 1   2 2   3 3
67 131 4   0 0   1 1   2 2   3 3
67 69 4   0 0   1 1   2 2   3 3
67 91 4   0 0   1 1   2 2   3 3
67 108 4   0 0   1 1   2 2   3 3
68 70 4   0 0   1 1   2 2   3 3
68 88 4   0 0   1 1   2 2   3 3
69 112 4   0 0   1 1   2 2   3 3
69 131 4   0 0   1 1   2 2   3 3
70 80 4   0 0   1 1   2 2   3 3
70 88 4   0 0   1 1   2 2   3 3
71 78 4   0 0   1 1   2 2   3 3
72 102 4   0 0   1 1   2 2   3 3
72 73 4   0 0   1 1   2 2   3 3
74 113 4   0 0   1 1   2 2   3 3
74 116 4   0 0   1 1   2 2   3 3
74 106 4   0 0   1 1   2 2   3 3
75 116 4   0 0   1 1   2 2   3 3
75 117 4   0 0   1 1   2 2   3 3
75 106 4   0 0   1 1   2 2   3 3
76 106 4   0 0   1 1   2 2   3 3
76 111 4   0 0   1 1   2 2   3 3
77 82 4   0 0   1 1   2 2   3 3
77 115 4   0 0   1 1   2 2   3 3
78 81 4   0 0   1 1   2 2   3 3
78 114 4   0 0   1 1   2 2   3 3
79 92 4   0 0   1 1   2 2   3 3
79 111 4   0 0   1 1   2 2   3 3
79 127 4   0 0   1 1   2 2   3 3
80 88 4   0 0   1 1   2 2   3 3
80 109 4   0 0   1 1   2 2   3 3
81 114 4   0 0   1 1   2 2   3 3
81 84 4   0 0   1 1   2 2   3 3
81 118 4   0 0   1 1   2 2   3 3
81 93 4   0 0   1 1   2 2   3 3
82 114 4   0 0   1 1   2 2   3 3
82 115 4   0 0   1 1   2 2   3 3
82 119 4   0 0   1 1   2 2   3 3
83 128 4   0 0   1 1   2 2   3 3
83 86 4   0 0   1 1   2 2   3 3
83 125 4   0 0   1 1   2 2   3 3
84 96 4   0 0   1 1   2 2   3 3
84 118 4   0 0   1 1   2 2   3 3
85 123 4   0 0   1 1   2 2   3 3
85 108 4   0 0   1 1   2 2   3 3
86 130 4   0 0   1 1   2 2   3 3
86 105 4   0 0   1 1   2 2   3 3
87 114 4   0 0   1 1   2 2   3 3
87 118 4   0 0   1 1   2 2   3 3
87 119 4   0 0   1 1   2 2   3 3
87 90 4   0 0   1 1   2 2   3 3
87 110 4   0 0   1 1   2 2   3 3
89 120 4   0 0   1 1   2 2   3 3
90 124 4   0 0   1 1   2 2   3 3
90 110 4   0 0   1 1   2 2   3 3
91 123 4   0 0   1 1   2 2   3 3
91 108 4   0 0   1 1   2 2   3 3
92 127 4   0 0   1 1   2 2   3 3
94 130 4   0 0   1 1   2 2   3 3
94 109 4   0 0   1 1   2 2   3 3
95 122 4   0 0   1 1   2 2   3 3
97 100 4   0 0   1 1   2 2   3 3
97 125 4   0 0   1 1   2 2   3 3
99 100 4   0 0   1 1   2 2   3 3
99 101 4   0 0   1 1   2 2   3 3
99 104 4   0 0   1 1   2 2   3 3
99 105 4   0 0   1 1   2 2   3 3
99 107 4   0 0   1 1   2 2   3 3
100 101 4   0 0   1 1   2 2   3 3
100 104 4   0 0   1 1   2 2   3 3
100 105 4   0 0   1 1   2 2   3 3
100 125 4   0 0   1 1   2 2   3 3
101 102 4   0 0   1 1   2 2   3 3
101 104 4   0 0   1 1   2 2   3 3
103 115 4   0 0   1 1   2 2   3 3
103 120 4   0 0   1 1   2 2   3 3
103 124 4   0 0   1 1   2 2   3 3
106 116 4   0 0   1 1   2 2   3 3
108 123 4   0 0   1 1   2 2   3 3
109 130 4   0 0   1 1   2 2   3 3
110 118 4   0 0   1 1   2 2   3 3
112 131 4   0 0   1 1   2 2   3 3
112 121 4   0 0   1 1   2 2   3 3
113 116 4   0 0   1 1   2 2   3 3
113 117 4   0 0   1 1   2 2   3 3
114 118 4   0 0   1 1   2 2   3 3
114 119 4   0 0   1 1   2 2   3 3
115 120 4   0 0   1 1   2 2   3 3
116 117 4   0 0   1 1   2 2   3 3
121 131 4   0 0   1 1   2 2   3 3
123 129 4   0 0   1 1   2 2   3 3
125 128 4   0 0   1 1   2 2   3 3
