128
1 4 0 1 2 3
2 4 0 1 2 3
3 4 0 1 2 3
4 4 0 1 2 3
5 4 0 1 2 3
6 4 0 1 2 3
7 4 0 1 2 3
8 4 0 1 2 3
9 4 0 1 2 3
10 4 0 1 2 3
11 4 0 1 2 3
12 4 0 1 2 3
13 4 0 1 2 3
14 4 0 1 2 3
15 4 0 1 2 3
16 4 0 1 2 3
17 4 0 1 2 3
18 4 0 1 2 3
19 4 0 1 2 3
20 4 0 1 2 3
21 4 0 1 2 3
22 4 0 1 2 3
23 4 0 1 2 3
24 4 0 1 2 3
25 4 0 1 2 3
26 4 0 1 2 3
27 4 0 1 2 3
28 4 0 1 2 3
29 4 0 1 2 3
30 4 0 1 2 3
31 4 0 1 2 3
32 4 0 1 2 3
33 4 0 1 2 3
34 4 0 1 2 3
35 4 0 1 2 3
36 4 0 1 2 3
37 4 0 1 2 3
38 4 0 1 2 3
39 4 0 1 2 3
40 4 0 1 2 3
41 4 0 1 2 3
42 4 0 1 2 3
43 4 0 1 2 3
44 4 0 1 2 3
45 4 0 1 2 3
46 4 0 1 2 3
47 4 0 1 2 3
48 4 0 1 2 3
49 4 0 1 2 3
50 4 0 1 2 3
51 4 0 1 2 3
52 4 0 1 2 3
53 4 0 1 2 3
54 4 0 1 2 3
55 4 0 1 2 3
56 4 0 1 2 3
57 4 0 1 2 3
58 4 0 1 2 3
59 4 0 1 2 3
60 4 0 1 2 3
61 4 0 1 2 3
62 4 0 1 2 3
63 4 0 1 2 3
64 4 0 1 2 3
65 4 0 1 2 3
66 4 0 1 2 3
67 4 0 1 2 3
68 4 0 1 2 3
69 4 0 1 2 3
70 4 0 1 2 3
71 4 0 1 2 3
72 4 0 1 2 3
73 4 0 1 2 3
74 4 0 1 2 3
75 4 0 1 2 3
76 4 0 1 2 3
77 4 0 1 2 3
78 4 0 1 2 3
79 4 0 1 2 3
80 4 0 1 2 3
81 4 0 1 2 3
82 4 0 1 2 3
83 4 0 1 2 3
84 4 0 1 2 3
85 4 0 1 2 3
86 4 0 1 2 3
87 4 0 1 2 3
88 4 0 1 2 3
89 4 0 1 2 3
90 4 0 1 2 3
91 4 0 1 2 3
92 4 0 1 2 3
93 4 0 1 2 3
94 4 0 1 2 3
95 4 0 1 2 3
96 4 0 1 2 3
97 4 0 1 2 3
98 4 0 1 2 3
99 4 0 1 2 3
100 4 0 1 2 3
101 4 0 1 2 3
102 4 0 1 2 3
103 4 0 1 2 3
104 4 0 1 2 3
105 4 0 1 2 3
106 4 0 1 2 3
107 4 0 1 2 3
108 4 0 1 2 3
109 4 0 1 2 3
110 4 0 1 2 3
111 4 0 1 2 3
112 4 0 1 2 3
113 4 0 1 2 3
114 4 0 1 2 3
115 4 0 1 2 3
116 4 0 1 2 3
117 4 0 1 2 3
118 4 0 1 2 3
119 4 0 1 2 3
120 4 0 1 2 3
121 4 0 1 2 3
122 4 0 1 2 3
123 4 0 1 2 3
124 4 0 1 2 3
125 4 0 1 2 3
126 4 0 1 2 3
127 4 0 1 2 3
128 4 0 1 2 3
348
1 53 4   0 0   1 1   2 2   3 3
1 23 4   0 0   1 1   2 2   3 3
1 39 4   0 0   1 1   2 2   3 3
1 60 4   0 0   1 1   2 2   3 3
1 110 4   0 0   1 1   2 2   3 3
2 105 4   0 0   1 1   2 2   3 3
2 9 4   0 0   1 1   2 2   3 3
2 59 4   0 0   1 1   2 2   3 3
3 64 4   0 0   1 1   2 2   3 3
3 96 4   0 0   1 1   2 2   3 3
3 70 4   0 0   1 1   2 2   3 3
3 103 4   0 0   1 1   2 2   3 3
3 42 4   0 0   1 1   2 2   3 3
4 116 4   0 0   1 1   2 2   3 3
4 85 4   0 0   1 1   2 2   3 3
4 102 4   0 0   1 1   2 2   3 3
4 118 4   0 0   1 1   2 2   3 3
4 104 4   0 0   1 1   2 2   3 3
4 126 4   0 0   1 1   2 2   3 3
5 80 4   0 0   1 1   2 2   3 3
5 20 4   0 0   1 1   2 2   3 3
5 85 4   0 0   1 1   2 2   3 3
5 22 4   0 0   1 1   2 2   3 3
5 56 4   0 0   1 1   2 2   3 3
5 73 4   0 0   1 1   2 2   3 3
5 111 4   0 0   1 1   2 2   3 3
6 48 4   0 0   1 1   2 2   3 3
6 18 4   0 0   1 1   2 2   3 3
6 34 4   0 0   1 1   2 2   3 3
6 38 4   0 0   1 1   2 2   3 3
6 44 4   0 0   1 1   2 2   3 3
6 125 4   0 0   1 1   2 2   3 3
7 112 4   0 0   1 1   2 2   3 3
7 113 4   0 0   1 1   2 2   3 3
7 49 4   0 0   1 1   2 2   3 3
7 20 4   0 0   1 1   2 2   3 3
7 72 4   0 0   1 1   2 2   3 3
7 62 4   0 0   1 1   2 2   3 3
7 31 4   0 0   1 1   2 2   3 3
8 121 4   0 0   1 1   2 2   3 3
8 123 4   0 0   1 1   2 2   3 3
8 92 4   0 0   1 1   2 2   3 3
8 45 4   0 0   1 1   2 2   3 3
9 36 4   0 0   1 1   2 2   3 3
9 105 4   0 0   1 1   2 2   3 3
9 92 4   0 0   1 1   2 2   3 3
10 98 4   0 0   1 1   2 2   3 3
10 58 4   0 0   1 1   2 2   3 3
10 109 4   0 0   1 1   2 2   3 3
10 46 4   0 0   1 1   2 2   3 3
11 97 4   0 0   1 1   2 2   3 3
11 35 4   0 0   1 1   2 2   3 3
11 21 4   0 0   1 1   2 2   3 3
11 70 4   0 0   1 1   2 2   3 3
11 122 4   0 0   1 1   2 2   3 3
11 12 4   0 0   1 1   2 2   3 3
11 76 4   0 0   1 1   2 2   3 3
12 32 4   0 0   1 1   2 2   3 3
12 52 4   0 0   1 1   2 2   3 3
12 36 4   0 0   1 1   2 2   3 3
12 21 4   0 0   1 1   2 2   3 3
12 75 4   0 0   1 1   2 2   3 3
12 59 4   0 0   1 1   2 2   3 3
12 76 4   0 0   1 1   2 2   3 3
13 118 4   0 0   1 1   2 2   3 3
13 25 4   0 0   1 1   2 2   3 3
13 126 4   0 0   1 1   2 2   3 3
13 94 4   0 0   1 1   2 2   3 3
13 47 4   0 0   1 1   2 2   3 3
14 66 4   0 0   1 1   2 2   3 3
14 71 4   0 0   1 1   2 2   3 3
14 77 4   0 0   1 1   2 2   3 3
15 50 4   0 0   1 1   2 2   3 3
15 52 4   0 0   1 1   2 2   3 3
15 36 4   0 0   1 1   2 2   3 3
15 120 4   0 0   1 1   2 2   3 3
15 121 4   0 0   1 1   2 2   3 3
15 92 4   0 0   1 1   2 2   3 3
15 45 4   0 0   1 1   2 2   3 3
16 70 4   0 0   1 1   2 2   3 3
16 42 4   0 0   1 1   2 2   3 3
16 44 4   0 0   1 1   2 2   3 3
16 29 4   0 0   1 1   2 2   3 3
16 125 4   0 0   1 1   2 2   3 3
17 100 4   0 0   1 1   2 2   3 3
17 101 4   0 0   1 1   2 2   3 3
17 26 4   0 0   1 1   2 2   3 3
17 61 4   0 0   1 1   2 2   3 3
17 78 4   0 0   1 1   2 2   3 3
18 48 4   0 0   1 1   2 2   3 3
18 34 4   0 0   1 1   2 2   3 3
18 108 4   0 0   1 1   2 2   3 3
19 69 4   0 0   1 1   2 2   3 3
19 54 4   0 0   1 1   2 2   3 3
19 71 4   0 0   1 1   2 2   3 3
19 90 4   0 0   1 1   2 2   3 3
19 43 4   0 0   1 1   2 2   3 3
19 108 4   0 0   1 1   2 2   3 3
19 77 4   0 0   1 1   2 2   3 3
20 80 4   0 0   1 1   2 2   3 3
20 49 4   0 0   1 1   2 2   3 3
20 68 4   0 0   1 1   2 2   3 3
20 56 4   0 0   1 1   2 2   3 3
20 62 4   0 0   1 1   2 2   3 3
20 79 4   0 0   1 1   2 2   3 3
21 97 4   0 0   1 1   2 2   3 3
21 117 4   0 0   1 1   2 2   3 3
21 75 4   0 0   1 1   2 2   3 3
21 127 4   0 0   1 1   2 2   3 3
22 80 4   0 0   1 1   2 2   3 3
22 100 4   0 0   1 1   2 2   3 3
22 85 4   0 0   1 1   2 2   3 3
22 61 4   0 0   1 1   2 2   3 3
23 68 4   0 0   1 1   2 2   3 3
23 39 4   0 0   1 1   2 2   3 3
23 60 4   0 0   1 1   2 2   3 3
23 62 4   0 0   1 1   2 2   3 3
24 89 4   0 0   1 1   2 2   3 3
24 124 4   0 0   1 1   2 2   3 3
25 118 4   0 0   1 1   2 2   3 3
25 28 4   0 0   1 1   2 2   3 3
25 93 4   0 0   1 1   2 2   3 3
25 94 4   0 0   1 1   2 2   3 3
25 63 4   0 0   1 1   2 2   3 3
26 35 4   0 0   1 1   2 2   3 3
26 99 4   0 0   1 1   2 2   3 3
26 101 4   0 0   1 1   2 2   3 3
26 57 4   0 0   1 1   2 2   3 3
26 74 4   0 0   1 1   2 2   3 3
26 78 4   0 0   1 1   2 2   3 3
27 80 4   0 0   1 1   2 2   3 3
27 67 4   0 0   1 1   2 2   3 3
27 117 4   0 0   1 1   2 2   3 3
27 39 4   0 0   1 1   2 2   3 3
27 119 4   0 0   1 1   2 2   3 3
27 75 4   0 0   1 1   2 2   3 3
27 79 4   0 0   1 1   2 2   3 3
28 66 4   0 0   1 1   2 2   3 3
28 98 4   0 0   1 1   2 2   3 3
28 71 4   0 0   1 1   2 2   3 3
28 124 4   0 0   1 1   2 2   3 3
28 93 4   0 0   1 1   2 2   3 3
28 94 4   0 0   1 1   2 2   3 3
29 81 4   0 0   1 1   2 2   3 3
29 37 4   0 0   1 1   2 2   3 3
29 70 4   0 0   1 1   2 2   3 3
29 38 4   0 0   1 1   2 2   3 3
29 125 4   0 0   1 1   2 2   3 3
30 33 4   0 0   1 1   2 2   3 3
30 91 4   0 0   1 1   2 2   3 3
30 107 4   0 0   1 1   2 2   3 3
31 112 4   0 0   1 1   2 2   3 3
31 53 4   0 0   1 1   2 2   3 3
31 41 4   0 0   1 1   2 2   3 3
31 60 4   0 0   1 1   2 2   3 3
31 62 4   0 0   1 1   2 2   3 3
32 67 4   0 0   1 1   2 2   3 3
32 39 4   0 0   1 1   2 2   3 3
32 59 4   0 0   1 1   2 2   3 3
32 75 4   0 0   1 1   2 2   3 3
33 112 4   0 0   1 1   2 2   3 3
33 82 4   0 0   1 1   2 2   3 3
33 83 4   0 0   1 1   2 2   3 3
33 41 4   0 0   1 1   2 2   3 3
33 91 4   0 0   1 1   2 2   3 3
33 107 4   0 0   1 1   2 2   3 3
34 108 4   0 0   1 1   2 2   3 3
35 97 4   0 0   1 1   2 2   3 3
35 101 4   0 0   1 1   2 2   3 3
35 70 4   0 0   1 1   2 2   3 3
35 74 4   0 0   1 1   2 2   3 3
36 52 4   0 0   1 1   2 2   3 3
36 59 4   0 0   1 1   2 2   3 3
36 92 4   0 0   1 1   2 2   3 3
37 81 4   0 0   1 1   2 2   3 3
37 115 4   0 0   1 1   2 2   3 3
37 86 4   0 0   1 1   2 2   3 3
37 38 4   0 0   1 1   2 2   3 3
37 106 4   0 0   1 1   2 2   3 3
38 48 4   0 0   1 1   2 2   3 3
38 86 4   0 0   1 1   2 2   3 3
38 43 4   0 0   1 1   2 2   3 3
38 125 4   0 0   1 1   2 2   3 3
39 67 4   0 0   1 1   2 2   3 3
39 68 4   0 0   1 1   2 2   3 3
39 59 4   0 0   1 1   2 2   3 3
39 110 4   0 0   1 1   2 2   3 3
39 79 4   0 0   1 1   2 2   3 3
40 114 4   0 0   1 1   2 2   3 3
40 83 4   0 0   1 1   2 2   3 3
40 88 4   0 0   1 1   2 2   3 3
41 112 4   0 0   1 1   2 2   3 3
41 53 4   0 0   1 1   2 2   3 3
41 87 4   0 0   1 1   2 2   3 3
41 107 4   0 0   1 1   2 2   3 3
42 96 4   0 0   1 1   2 2   3 3
42 70 4   0 0   1 1   2 2   3 3
42 44 4   0 0   1 1   2 2   3 3
43 48 4   0 0   1 1   2 2   3 3
43 69 4   0 0   1 1   2 2   3 3
43 86 4   0 0   1 1   2 2   3 3
43 108 4   0 0   1 1   2 2   3 3
44 96 4   0 0   1 1   2 2   3 3
44 125 4   0 0   1 1   2 2   3 3
45 50 4   0 0   1 1   2 2   3 3
45 121 4   0 0   1 1   2 2   3 3
45 95 4   0 0   1 1   2 2   3 3
46 98 4   0 0   1 1   2 2   3 3
46 66 4   0 0   1 1   2 2   3 3
46 115 4   0 0   1 1   2 2   3 3
46 90 4   0 0   1 1   2 2   3 3
46 58 4   0 0   1 1   2 2   3 3
47 102 4   0 0   1 1   2 2   3 3
47 88 4   0 0   1 1   2 2   3 3
47 89 4   0 0   1 1   2 2   3 3
47 126 4   0 0   1 1   2 2   3 3
47 94 4   0 0   1 1   2 2   3 3
48 108 4   0 0   1 1   2 2   3 3
49 113 4   0 0   1 1   2 2   3 3
49 114 4   0 0   1 1   2 2   3 3
49 56 4   0 0   1 1   2 2   3 3
49 73 4   0 0   1 1   2 2   3 3
50 64 4   0 0   1 1   2 2   3 3
50 103 4   0 0   1 1   2 2   3 3
50 120 4   0 0   1 1   2 2   3 3
50 76 4   0 0   1 1   2 2   3 3
50 95 4   0 0   1 1   2 2   3 3
51 116 4   0 0   1 1   2 2   3 3
51 102 4   0 0   1 1   2 2   3 3
51 111 4   0 0   1 1   2 2   3 3
52 120 4   0 0   1 1   2 2   3 3
52 76 4   0 0   1 1   2 2   3 3
53 87 4   0 0   1 1   2 2   3 3
53 60 4   0 0   1 1   2 2   3 3
54 115 4   0 0   1 1   2 2   3 3
54 69 4   0 0   1 1   2 2   3 3
54 90 4   0 0   1 1   2 2   3 3
55 98 4   0 0   1 1   2 2   3 3
55 118 4   0 0   1 1   2 2   3 3
55 104 4   0 0   1 1   2 2   3 3
55 109 4   0 0   1 1   2 2   3 3
55 93 4   0 0   1 1   2 2   3 3
55 78 4   0 0   1 1   2 2   3 3
55 63 4   0 0   1 1   2 2   3 3
56 73 4   0 0   1 1   2 2   3 3
57 99 4   0 0   1 1   2 2   3 3
57 58 4   0 0   1 1   2 2   3 3
57 109 4   0 0   1 1   2 2   3 3
57 78 4   0 0   1 1   2 2   3 3
58 99 4   0 0   1 1   2 2   3 3
58 115 4   0 0   1 1   2 2   3 3
58 106 4   0 0   1 1   2 2   3 3
58 109 4   0 0   1 1   2 2   3 3
59 110 4   0 0   1 1   2 2   3 3
60 62 4   0 0   1 1   2 2   3 3
61 80 4   0 0   1 1   2 2   3 3
61 65 4   0 0   1 1   2 2   3 3
61 100 4   0 0   1 1   2 2   3 3
61 101 4   0 0   1 1   2 2   3 3
61 119 4   0 0   1 1   2 2   3 3
62 68 4   0 0   1 1   2 2   3 3
63 118 4   0 0   1 1   2 2   3 3
63 93 4   0 0   1 1   2 2   3 3
64 70 4   0 0   1 1   2 2   3 3
64 103 4   0 0   1 1   2 2   3 3
64 122 4   0 0   1 1   2 2   3 3
64 76 4   0 0   1 1   2 2   3 3
65 97 4   0 0   1 1   2 2   3 3
65 101 4   0 0   1 1   2 2   3 3
65 117 4   0 0   1 1   2 2   3 3
65 119 4   0 0   1 1   2 2   3 3
66 98 4   0 0   1 1   2 2   3 3
66 71 4   0 0   1 1   2 2   3 3
66 90 4   0 0   1 1   2 2   3 3
66 77 4   0 0   1 1   2 2   3 3
67 75 4   0 0   1 1   2 2   3 3
68 79 4   0 0   1 1   2 2   3 3
69 115 4   0 0   1 1   2 2   3 3
69 86 4   0 0   1 1   2 2   3 3
70 81 4   0 0   1 1   2 2   3 3
70 74 4   0 0   1 1   2 2   3 3
70 106 4   0 0   1 1   2 2   3 3
70 122 4   0 0   1 1   2 2   3 3
71 77 4   0 0   1 1   2 2   3 3
72 112 4   0 0   1 1   2 2   3 3
72 113 4   0 0   1 1   2 2   3 3
72 82 4   0 0   1 1   2 2   3 3
72 83 4   0 0   1 1   2 2   3 3
73 114 4   0 0   1 1   2 2   3 3
73 111 4   0 0   1 1   2 2   3 3
74 99 4   0 0   1 1   2 2   3 3
74 106 4   0 0   1 1   2 2   3 3
75 117 4   0 0   1 1   2 2   3 3
75 127 4   0 0   1 1   2 2   3 3
76 120 4   0 0   1 1   2 2   3 3
76 122 4   0 0   1 1   2 2   3 3
77 90 4   0 0   1 1   2 2   3 3
78 100 4   0 0   1 1   2 2   3 3
78 104 4   0 0   1 1   2 2   3 3
78 109 4   0 0   1 1   2 2   3 3
79 80 4   0 0   1 1   2 2   3 3
80 119 4   0 0   1 1   2 2   3 3
81 106 4   0 0   1 1   2 2   3 3
82 112 4   0 0   1 1   2 2   3 3
82 83 4   0 0   1 1   2 2   3 3
83 113 4   0 0   1 1   2 2   3 3
84 114 4   0 0   1 1   2 2   3 3
84 102 4   0 0   1 1   2 2   3 3
84 88 4   0 0   1 1   2 2   3 3
84 111 4   0 0   1 1   2 2   3 3
85 116 4   0 0   1 1   2 2   3 3
85 100 4   0 0   1 1   2 2   3 3
85 104 4   0 0   1 1   2 2   3 3
85 111 4   0 0   1 1   2 2   3 3
86 115 4   0 0   1 1   2 2   3 3
87 128 4   0 0   1 1   2 2   3 3
87 107 4   0 0   1 1   2 2   3 3
88 114 4   0 0   1 1   2 2   3 3
88 102 4   0 0   1 1   2 2   3 3
88 89 4   0 0   1 1   2 2   3 3
89 124 4   0 0   1 1   2 2   3 3
89 94 4   0 0   1 1   2 2   3 3
90 115 4   0 0   1 1   2 2   3 3
91 128 4   0 0   1 1   2 2   3 3
91 107 4   0 0   1 1   2 2   3 3
92 121 4   0 0   1 1   2 2   3 3
92 123 4   0 0   1 1   2 2   3 3
93 98 4   0 0   1 1   2 2   3 3
94 124 4   0 0   1 1   2 2   3 3
95 96 4   0 0   1 1   2 2   3 3
95 103 4   0 0   1 1   2 2   3 3
96 103 4   0 0   1 1   2 2   3 3
97 117 4   0 0   1 1   2 2   3 3
97 101 4   0 0   1 1   2 2   3 3
98 109 4   0 0   1 1   2 2   3 3
99 106 4   0 0   1 1   2 2   3 3
100 104 4   0 0   1 1   2 2   3 3
102 116 4   0 0   1 1   2 2   3 3
102 126 4   0 0   1 1   2 2   3 3
104 118 4   0 0   1 1   2 2   3 3
106 115 4   0 0   1 1   2 2   3 3
107 128 4   0 0   1 1   2 2   3 3
111 114 4   0 0   1 1   2 2   3 3
111 116 4   0 0   1 1   2 2   3 3
113 114 4   0 0   1 1   2 2   3 3
117 119 4   0 0   1 1   2 2   3 3
117 127 4   0 0   1 1   2 2   3 3
118 126 4   0 0   1 1   2 2   3 3
