138
1 4 0 1 2 3
2 4 0 1 2 3
3 4 0 1 2 3
4 4 0 1 2 3
5 4 0 1 2 3
6 4 0 1 2 3
7 4 0 1 2 3
8 4 0 1 2 3
9 4 0 1 2 3
10 4 0 1 2 3
11 4 0 1 2 3
12 4 0 1 2 3
13 4 0 1 2 3
14 4 0 1 2 3
15 4 0 1 2 3
16 4 0 1 2 3
17 4 0 1 2 3
18 4 0 1 2 3
19 4 0 1 2 3
20 4 0 1 2 3
21 4 0 1 2 3
22 4 0 1 2 3
23 4 0 1 2 3
24 4 0 1 2 3
25 4 0 1 2 3
26 4 0 1 2 3
27 4 0 1 2 3
28 4 0 1 2 3
29 4 0 1 2 3
30 4 0 1 2 3
31 4 0 1 2 3
32 4 0 1 2 3
33 4 0 1 2 3
34 4 0 1 2 3
35 4 0 1 2 3
36 4 0 1 2 3
37 4 0 1 2 3
38 4 0 1 2 3
39 4 0 1 2 3
40 4 0 1 2 3
41 4 0 1 2 3
42 4 0 1 2 3
43 4 0 1 2 3
44 4 0 1 2 3
45 4 0 1 2 3
46 4 0 1 2 3
47 4 0 1 2 3
48 4 0 1 2 3
49 4 0 1 2 3
50 4 0 1 2 3
51 4 0 1 2 3
52 4 0 1 2 3
53 4 0 1 2 3
54 4 0 1 2 3
55 4 0 1 2 3
56 4 0 1 2 3
57 4 0 1 2 3
58 4 0 1 2 3
59 4 0 1 2 3
60 4 0 1 2 3
61 4 0 1 2 3
62 4 0 1 2 3
63 4 0 1 2 3
64 4 0 1 2 3
65 4 0 1 2 3
66 4 0 1 2 3
67 4 0 1 2 3
68 4 0 1 2 3
69 4 0 1 2 3
70 4 0 1 2 3
71 4 0 1 2 3
72 4 0 1 2 3
73 4 0 1 2 3
74 4 0 1 2 3
75 4 0 1 2 3
76 4 0 1 2 3
77 4 0 1 2 3
78 4 0 1 2 3
79 4 0 1 2 3
80 4 0 1 2 3
81 4 0 1 2 3
82 4 0 1 2 3
83 4 0 1 2 3
84 4 0 1 2 3
85 4 0 1 2 3
86 4 0 1 2 3
87 4 0 1 2 3
88 4 0 1 2 3
89 4 0 1 2 3
90 4 0 1 2 3
91 4 0 1 2 3
92 4 0 1 2 3
93 4 0 1 2 3
94 4 0 1 2 3
95 4 0 1 2 3
96 4 0 1 2 3
97 4 0 1 2 3
98 4 0 1 2 3
99 4 0 1 2 3
100 4 0 1 2 3
101 4 0 1 2 3
102 4 0 1 2 3
103 4 0 1 2 3
104 4 0 1 2 3
105 4 0 1 2 3
106 4 0 1 2 3
107 4 0 1 2 3
108 4 0 1 2 3
109 4 0 1 2 3
110 4 0 1 2 3
111 4 0 1 2 3
112 4 0 1 2 3
113 4 0 1 2 3
114 4 0 1 2 3
115 4 0 1 2 3
116 4 0 1 2 3
117 4 0 1 2 3
118 4 0 1 2 3
119 4 0 1 2 3
120 4 0 1 2 3
121 4 0 1 2 3
122 4 0 1 2 3
123 4 0 1 2 3
124 4 0 1 2 3
125 4 0 1 2 3
126 4 0 1 2 3
127 4 0 1 2 3
128 4 0 1 2 3
129 4 0 1 2 3
130 4 0 1 2 3
131 4 0 1 2 3
132 4 0 1 2 3
133 4 0 1 2 3
134 4 0 1 2 3
135 4 0 1 2 3
136 4 0 1 2 3
137 4 0 1 2 3
138 4 0 1 2 3
373
1 129 4   0 0   1 1   2 2   3 3
1 18 4   0 0   1 1   2 2   3 3
1 73 4   0 0   1 1   2 2   3 3
1 90 4   0 0   1 1   2 2   3 3
1 110 4   0 0   1 1   2 2   3 3
2 53 4   0 0   1 1   2 2   3 3
2 91 4   0 0   1 1   2 2   3 3
2 127 4   0 0   1 1   2 2   3 3
3 33 4   0 0   1 1   2 2   3 3
3 52 4   0 0   1 1   2 2   3 3
3 36 4   0 0   1 1   2 2   3 3
3 73 4   0 0   1 1   2 2   3 3
3 42 4   0 0   1 1   2 2   3 3
4 67 4   0 0   1 1   2 2   3 3
4 69 4   0 0   1 1   2 2   3 3
4 22 4   0 0   1 1   2 2   3 3
4 42 4   0 0   1 1   2 2   3 3
4 91 4   0 0   1 1   2 2   3 3
4 63 4   0 0   1 1   2 2   3 3
5 81 4   0 0   1 1   2 2   3 3
5 66 4   0 0   1 1   2 2   3 3
5 41 4   0 0   1 1   2 2   3 3
5 61 4   0 0   1 1   2 2   3 3
6 129 4   0 0   1 1   2 2   3 3
6 115 4   0 0   1 1   2 2   3 3
6 131 4   0 0   1 1   2 2   3 3
6 120 4   0 0   1 1   2 2   3 3
6 110 4   0 0   1 1   2 2   3 3
7 128 4   0 0   1 1   2 2   3 3
7 35 4   0 0   1 1   2 2   3 3
7 37 4   0 0   1 1   2 2   3 3
7 86 4   0 0   1 1   2 2   3 3
7 119 4   0 0   1 1   2 2   3 3
7 111 4   0 0   1 1   2 2   3 3
8 83 4   0 0   1 1   2 2   3 3
8 100 4   0 0   1 1   2 2   3 3
8 37 4   0 0   1 1   2 2   3 3
8 70 4   0 0   1 1   2 2   3 3
8 38 4   0 0   1 1   2 2   3 3
8 57 4   0 0   1 1   2 2   3 3
8 123 4   0 0   1 1   2 2   3 3
8 13 4   0 0   1 1   2 2   3 3
9 103 4   0 0   1 1   2 2   3 3
9 136 4   0 0   1 1   2 2   3 3
9 138 4   0 0   1 1   2 2   3 3
9 107 4   0 0   1 1   2 2   3 3
10 16 4   0 0   1 1   2 2   3 3
10 97 4   0 0   1 1   2 2   3 3
10 106 4   0 0   1 1   2 2   3 3
11 32 4   0 0   1 1   2 2   3 3
11 26 4   0 0   1 1   2 2   3 3
11 78 4   0 0   1 1   2 2   3 3
11 14 4   0 0   1 1   2 2   3 3
12 65 4   0 0   1 1   2 2   3 3
12 18 4   0 0   1 1   2 2   3 3
12 123 4   0 0   1 1   2 2   3 3
12 125 4   0 0   1 1   2 2   3 3
12 30 4   0 0   1 1   2 2   3 3
13 114 4   0 0   1 1   2 2   3 3
13 70 4   0 0   1 1   2 2   3 3
13 123 4   0 0   1 1   2 2   3 3
13 79 4   0 0   1 1   2 2   3 3
14 32 4   0 0   1 1   2 2   3 3
14 130 4   0 0   1 1   2 2   3 3
14 85 4   0 0   1 1   2 2   3 3
14 121 4   0 0   1 1   2 2   3 3
14 28 4   0 0   1 1   2 2   3 3
14 78 4   0 0   1 1   2 2   3 3
15 98 4   0 0   1 1   2 2   3 3
15 54 4   0 0   1 1   2 2   3 3
15 72 4   0 0   1 1   2 2   3 3
15 74 4   0 0   1 1   2 2   3 3
15 45 4   0 0   1 1   2 2   3 3
15 126 4   0 0   1 1   2 2   3 3
16 64 4   0 0   1 1   2 2   3 3
16 97 4   0 0   1 1   2 2   3 3
16 87 4   0 0   1 1   2 2   3 3
16 24 4   0 0   1 1   2 2   3 3
16 106 4   0 0   1 1   2 2   3 3
16 92 4   0 0   1 1   2 2   3 3
17 33 4   0 0   1 1   2 2   3 3
17 51 4   0 0   1 1   2 2   3 3
17 19 4   0 0   1 1   2 2   3 3
17 36 4   0 0   1 1   2 2   3 3
17 76 4   0 0   1 1   2 2   3 3
17 93 4   0 0   1 1   2 2   3 3
18 73 4   0 0   1 1   2 2   3 3
18 123 4   0 0   1 1   2 2   3 3
18 110 4   0 0   1 1   2 2   3 3
18 30 4   0 0   1 1   2 2   3 3
18 79 4   0 0   1 1   2 2   3 3
19 33 4   0 0   1 1   2 2   3 3
19 65 4   0 0   1 1   2 2   3 3
19 101 4   0 0   1 1   2 2   3 3
19 39 4   0 0   1 1   2 2   3 3
19 76 4   0 0   1 1   2 2   3 3
20 130 4   0 0   1 1   2 2   3 3
20 68 4   0 0   1 1   2 2   3 3
20 21 4   0 0   1 1   2 2   3 3
20 26 4   0 0   1 1   2 2   3 3
20 28 4   0 0   1 1   2 2   3 3
21 99 4   0 0   1 1   2 2   3 3
21 35 4   0 0   1 1   2 2   3 3
21 86 4   0 0   1 1   2 2   3 3
21 28 4   0 0   1 1   2 2   3 3
22 53 4   0 0   1 1   2 2   3 3
22 69 4   0 0   1 1   2 2   3 3
22 25 4   0 0   1 1   2 2   3 3
22 91 4   0 0   1 1   2 2   3 3
23 128 4   0 0   1 1   2 2   3 3
23 132 4   0 0   1 1   2 2   3 3
23 118 4   0 0   1 1   2 2   3 3
23 137 4   0 0   1 1   2 2   3 3
23 77 4   0 0   1 1   2 2   3 3
23 111 4   0 0   1 1   2 2   3 3
24 64 4   0 0   1 1   2 2   3 3
24 128 4   0 0   1 1   2 2   3 3
24 118 4   0 0   1 1   2 2   3 3
24 137 4   0 0   1 1   2 2   3 3
24 106 4   0 0   1 1   2 2   3 3
25 131 4   0 0   1 1   2 2   3 3
25 53 4   0 0   1 1   2 2   3 3
25 69 4   0 0   1 1   2 2   3 3
25 102 4   0 0   1 1   2 2   3 3
25 45 4   0 0   1 1   2 2   3 3
25 62 4   0 0   1 1   2 2   3 3
26 130 4   0 0   1 1   2 2   3 3
26 68 4   0 0   1 1   2 2   3 3
27 105 4   0 0   1 1   2 2   3 3
27 44 4   0 0   1 1   2 2   3 3
27 61 4   0 0   1 1   2 2   3 3
27 46 4   0 0   1 1   2 2   3 3
28 130 4   0 0   1 1   2 2   3 3
28 99 4   0 0   1 1   2 2   3 3
28 121 4   0 0   1 1   2 2   3 3
28 89 4   0 0   1 1   2 2   3 3
28 59 4   0 0   1 1   2 2   3 3
29 48 4   0 0   1 1   2 2   3 3
29 96 4   0 0   1 1   2 2   3 3
29 103 4   0 0   1 1   2 2   3 3
29 40 4   0 0   1 1   2 2   3 3
29 138 4   0 0   1 1   2 2   3 3
29 126 4   0 0   1 1   2 2   3 3
30 33 4   0 0   1 1   2 2   3 3
30 65 4   0 0   1 1   2 2   3 3
30 73 4   0 0   1 1   2 2   3 3
31 67 4   0 0   1 1   2 2   3 3
31 116 4   0 0   1 1   2 2   3 3
31 36 4   0 0   1 1   2 2   3 3
31 42 4   0 0   1 1   2 2   3 3
31 47 4   0 0   1 1   2 2   3 3
32 78 4   0 0   1 1   2 2   3 3
33 65 4   0 0   1 1   2 2   3 3
33 36 4   0 0   1 1   2 2   3 3
33 73 4   0 0   1 1   2 2   3 3
34 115 4   0 0   1 1   2 2   3 3
34 131 4   0 0   1 1   2 2   3 3
34 102 4   0 0   1 1   2 2   3 3
34 120 4   0 0   1 1   2 2   3 3
34 74 4   0 0   1 1   2 2   3 3
35 99 4   0 0   1 1   2 2   3 3
35 37 4   0 0   1 1   2 2   3 3
35 86 4   0 0   1 1   2 2   3 3
35 57 4   0 0   1 1   2 2   3 3
35 58 4   0 0   1 1   2 2   3 3
35 75 4   0 0   1 1   2 2   3 3
35 95 4   0 0   1 1   2 2   3 3
36 116 4   0 0   1 1   2 2   3 3
36 42 4   0 0   1 1   2 2   3 3
36 93 4   0 0   1 1   2 2   3 3
37 38 4   0 0   1 1   2 2   3 3
37 119 4   0 0   1 1   2 2   3 3
37 57 4   0 0   1 1   2 2   3 3
38 64 4   0 0   1 1   2 2   3 3
38 128 4   0 0   1 1   2 2   3 3
38 83 4   0 0   1 1   2 2   3 3
38 119 4   0 0   1 1   2 2   3 3
39 65 4   0 0   1 1   2 2   3 3
39 100 4   0 0   1 1   2 2   3 3
39 101 4   0 0   1 1   2 2   3 3
39 117 4   0 0   1 1   2 2   3 3
39 135 4   0 0   1 1   2 2   3 3
39 125 4   0 0   1 1   2 2   3 3
40 96 4   0 0   1 1   2 2   3 3
40 113 4   0 0   1 1   2 2   3 3
40 120 4   0 0   1 1   2 2   3 3
40 104 4   0 0   1 1   2 2   3 3
40 126 4   0 0   1 1   2 2   3 3
41 81 4   0 0   1 1   2 2   3 3
41 66 4   0 0   1 1   2 2   3 3
41 133 4   0 0   1 1   2 2   3 3
41 88 4   0 0   1 1   2 2   3 3
41 60 4   0 0   1 1   2 2   3 3
42 67 4   0 0   1 1   2 2   3 3
42 52 4   0 0   1 1   2 2   3 3
42 69 4   0 0   1 1   2 2   3 3
43 85 4   0 0   1 1   2 2   3 3
43 135 4   0 0   1 1   2 2   3 3
43 121 4   0 0   1 1   2 2   3 3
43 122 4   0 0   1 1   2 2   3 3
44 84 4   0 0   1 1   2 2   3 3
44 124 4   0 0   1 1   2 2   3 3
44 61 4   0 0   1 1   2 2   3 3
44 46 4   0 0   1 1   2 2   3 3
45 102 4   0 0   1 1   2 2   3 3
45 74 4   0 0   1 1   2 2   3 3
46 80 4   0 0   1 1   2 2   3 3
46 50 4   0 0   1 1   2 2   3 3
46 101 4   0 0   1 1   2 2   3 3
46 117 4   0 0   1 1   2 2   3 3
46 85 4   0 0   1 1   2 2   3 3
46 55 4   0 0   1 1   2 2   3 3
46 105 4   0 0   1 1   2 2   3 3
46 124 4   0 0   1 1   2 2   3 3
46 78 4   0 0   1 1   2 2   3 3
47 116 4   0 0   1 1   2 2   3 3
47 133 4   0 0   1 1   2 2   3 3
47 60 4   0 0   1 1   2 2   3 3
48 98 4   0 0   1 1   2 2   3 3
48 103 4   0 0   1 1   2 2   3 3
48 126 4   0 0   1 1   2 2   3 3
49 112 4   0 0   1 1   2 2   3 3
50 80 4   0 0   1 1   2 2   3 3
50 78 4   0 0   1 1   2 2   3 3
51 116 4   0 0   1 1   2 2   3 3
51 84 4   0 0   1 1   2 2   3 3
51 133 4   0 0   1 1   2 2   3 3
51 124 4   0 0   1 1   2 2   3 3
51 76 4   0 0   1 1   2 2   3 3
51 93 4   0 0   1 1   2 2   3 3
52 82 4   0 0   1 1   2 2   3 3
52 69 4   0 0   1 1   2 2   3 3
52 73 4   0 0   1 1   2 2   3 3
53 91 4   0 0   1 1   2 2   3 3
54 120 4   0 0   1 1   2 2   3 3
54 74 4   0 0   1 1   2 2   3 3
54 126 4   0 0   1 1   2 2   3 3
55 101 4   0 0   1 1   2 2   3 3
55 124 4   0 0   1 1   2 2   3 3
55 76 4   0 0   1 1   2 2   3 3
56 96 4   0 0   1 1   2 2   3 3
56 114 4   0 0   1 1   2 2   3 3
56 70 4   0 0   1 1   2 2   3 3
56 136 4   0 0   1 1   2 2   3 3
56 138 4   0 0   1 1   2 2   3 3
56 108 4   0 0   1 1   2 2   3 3
57 100 4   0 0   1 1   2 2   3 3
57 122 4   0 0   1 1   2 2   3 3
57 58 4   0 0   1 1   2 2   3 3
58 122 4   0 0   1 1   2 2   3 3
58 59 4   0 0   1 1   2 2   3 3
58 75 4   0 0   1 1   2 2   3 3
58 95 4   0 0   1 1   2 2   3 3
59 121 4   0 0   1 1   2 2   3 3
59 89 4   0 0   1 1   2 2   3 3
59 122 4   0 0   1 1   2 2   3 3
59 75 4   0 0   1 1   2 2   3 3
60 112 4   0 0   1 1   2 2   3 3
60 81 4   0 0   1 1   2 2   3 3
60 67 4   0 0   1 1   2 2   3 3
60 133 4   0 0   1 1   2 2   3 3
60 71 4   0 0   1 1   2 2   3 3
60 63 4   0 0   1 1   2 2   3 3
61 66 4   0 0   1 1   2 2   3 3
61 84 4   0 0   1 1   2 2   3 3
62 129 4   0 0   1 1   2 2   3 3
62 82 4   0 0   1 1   2 2   3 3
62 131 4   0 0   1 1   2 2   3 3
62 69 4   0 0   1 1   2 2   3 3
62 90 4   0 0   1 1   2 2   3 3
63 67 4   0 0   1 1   2 2   3 3
63 71 4   0 0   1 1   2 2   3 3
63 91 4   0 0   1 1   2 2   3 3
63 127 4   0 0   1 1   2 2   3 3
64 128 4   0 0   1 1   2 2   3 3
64 83 4   0 0   1 1   2 2   3 3
64 92 4   0 0   1 1   2 2   3 3
65 125 4   0 0   1 1   2 2   3 3
66 84 4   0 0   1 1   2 2   3 3
66 88 4   0 0   1 1   2 2   3 3
68 130 4   0 0   1 1   2 2   3 3
69 82 4   0 0   1 1   2 2   3 3
70 114 4   0 0   1 1   2 2   3 3
70 83 4   0 0   1 1   2 2   3 3
70 108 4   0 0   1 1   2 2   3 3
71 112 4   0 0   1 1   2 2   3 3
71 127 4   0 0   1 1   2 2   3 3
72 98 4   0 0   1 1   2 2   3 3
73 82 4   0 0   1 1   2 2   3 3
73 90 4   0 0   1 1   2 2   3 3
74 102 4   0 0   1 1   2 2   3 3
74 120 4   0 0   1 1   2 2   3 3
75 99 4   0 0   1 1   2 2   3 3
75 89 4   0 0   1 1   2 2   3 3
75 95 4   0 0   1 1   2 2   3 3
76 101 4   0 0   1 1   2 2   3 3
76 124 4   0 0   1 1   2 2   3 3
77 132 4   0 0   1 1   2 2   3 3
77 111 4   0 0   1 1   2 2   3 3
78 80 4   0 0   1 1   2 2   3 3
78 85 4   0 0   1 1   2 2   3 3
78 94 4   0 0   1 1   2 2   3 3
79 114 4   0 0   1 1   2 2   3 3
79 104 4   0 0   1 1   2 2   3 3
79 123 4   0 0   1 1   2 2   3 3
80 105 4   0 0   1 1   2 2   3 3
80 109 4   0 0   1 1   2 2   3 3
80 94 4   0 0   1 1   2 2   3 3
81 112 4   0 0   1 1   2 2   3 3
82 90 4   0 0   1 1   2 2   3 3
83 108 4   0 0   1 1   2 2   3 3
83 92 4   0 0   1 1   2 2   3 3
84 133 4   0 0   1 1   2 2   3 3
84 88 4   0 0   1 1   2 2   3 3
84 124 4   0 0   1 1   2 2   3 3
85 117 4   0 0   1 1   2 2   3 3
85 135 4   0 0   1 1   2 2   3 3
85 121 4   0 0   1 1   2 2   3 3
86 111 4   0 0   1 1   2 2   3 3
87 97 4   0 0   1 1   2 2   3 3
87 134 4   0 0   1 1   2 2   3 3
87 92 4   0 0   1 1   2 2   3 3
88 133 4   0 0   1 1   2 2   3 3
89 99 4   0 0   1 1   2 2   3 3
90 129 4   0 0   1 1   2 2   3 3
91 127 4   0 0   1 1   2 2   3 3
92 134 4   0 0   1 1   2 2   3 3
92 108 4   0 0   1 1   2 2   3 3
93 116 4   0 0   1 1   2 2   3 3
94 109 4   0 0   1 1   2 2   3 3
96 113 4   0 0   1 1   2 2   3 3
96 114 4   0 0   1 1   2 2   3 3
96 138 4   0 0   1 1   2 2   3 3
97 134 4   0 0   1 1   2 2   3 3
97 107 4   0 0   1 1   2 2   3 3
98 126 4   0 0   1 1   2 2   3 3
100 135 4   0 0   1 1   2 2   3 3
100 122 4   0 0   1 1   2 2   3 3
100 123 4   0 0   1 1   2 2   3 3
100 125 4   0 0   1 1   2 2   3 3
101 117 4   0 0   1 1   2 2   3 3
102 131 4   0 0   1 1   2 2   3 3
103 138 4   0 0   1 1   2 2   3 3
104 113 4   0 0   1 1   2 2   3 3
104 114 4   0 0   1 1   2 2   3 3
104 120 4   0 0   1 1   2 2   3 3
104 110 4   0 0   1 1   2 2   3 3
105 109 4   0 0   1 1   2 2   3 3
106 118 4   0 0   1 1   2 2   3 3
107 134 4   0 0   1 1   2 2   3 3
107 136 4   0 0   1 1   2 2   3 3
108 134 4   0 0   1 1   2 2   3 3
108 136 4   0 0   1 1   2 2   3 3
110 129 4   0 0   1 1   2 2   3 3
110 120 4   0 0   1 1   2 2   3 3
111 128 4   0 0   1 1   2 2   3 3
112 127 4   0 0   1 1   2 2   3 3
113 114 4   0 0   1 1   2 2   3 3
115 131 4   0 0   1 1   2 2   3 3
115 120 4   0 0   1 1   2 2   3 3
116 133 4   0 0   1 1   2 2   3 3
117 135 4   0 0   1 1   2 2   3 3
118 132 4   0 0   1 1   2 2   3 3
118 137 4   0 0   1 1   2 2   3 3
119 128 4   0 0   1 1   2 2   3 3
120 126 4   0 0   1 1   2 2   3 3
121 122 4   0 0   1 1   2 2   3 3
122 135 4   0 0   1 1   2 2   3 3
123 125 4   0 0   1 1   2 2   3 3
128 137 4   0 0   1 1   2 2   3 3
129 131 4   0 0   1 1   2 2   3 3
134 136 4   0 0   1 1   2 2   3 3
136 138 4   0 0   1 1   2 2   3 3
