189
1 4 0 1 2 3
2 4 0 1 2 3
3 4 0 1 2 3
4 4 0 1 2 3
5 4 0 1 2 3
6 4 0 1 2 3
7 4 0 1 2 3
8 4 0 1 2 3
9 4 0 1 2 3
10 4 0 1 2 3
11 4 0 1 2 3
12 4 0 1 2 3
13 4 0 1 2 3
14 4 0 1 2 3
15 4 0 1 2 3
16 4 0 1 2 3
17 4 0 1 2 3
18 4 0 1 2 3
19 4 0 1 2 3
20 4 0 1 2 3
21 4 0 1 2 3
22 4 0 1 2 3
23 4 0 1 2 3
24 4 0 1 2 3
25 4 0 1 2 3
26 4 0 1 2 3
27 4 0 1 2 3
28 4 0 1 2 3
29 4 0 1 2 3
30 4 0 1 2 3
31 4 0 1 2 3
32 4 0 1 2 3
33 4 0 1 2 3
34 4 0 1 2 3
35 4 0 1 2 3
36 4 0 1 2 3
37 4 0 1 2 3
38 4 0 1 2 3
39 4 0 1 2 3
40 4 0 1 2 3
41 4 0 1 2 3
42 4 0 1 2 3
43 4 0 1 2 3
44 4 0 1 2 3
45 4 0 1 2 3
46 4 0 1 2 3
47 4 0 1 2 3
48 4 0 1 2 3
49 4 0 1 2 3
50 4 0 1 2 3
51 4 0 1 2 3
52 4 0 1 2 3
53 4 0 1 2 3
54 4 0 1 2 3
55 4 0 1 2 3
56 4 0 1 2 3
57 4 0 1 2 3
58 4 0 1 2 3
59 4 0 1 2 3
60 4 0 1 2 3
61 4 0 1 2 3
62 4 0 1 2 3
63 4 0 1 2 3
64 4 0 1 2 3
65 4 0 1 2 3
66 4 0 1 2 3
67 4 0 1 2 3
68 4 0 1 2 3
69 4 0 1 2 3
70 4 0 1 2 3
71 4 0 1 2 3
72 4 0 1 2 3
73 4 0 1 2 3
74 4 0 1 2 3
75 4 0 1 2 3
76 4 0 1 2 3
77 4 0 1 2 3
78 4 0 1 2 3
79 4 0 1 2 3
80 4 0 1 2 3
81 4 0 1 2 3
82 4 0 1 2 3
83 4 0 1 2 3
84 4 0 1 2 3
85 4 0 1 2 3
86 4 0 1 2 3
87 4 0 1 2 3
88 4 0 1 2 3
89 4 0 1 2 3
90 4 0 1 2 3
91 4 0 1 2 3
92 4 0 1 2 3
93 4 0 1 2 3
94 4 0 1 2 3
95 4 0 1 2 3
96 4 0 1 2 3
97 4 0 1 2 3
98 4 0 1 2 3
99 4 0 1 2 3
100 4 0 1 2 3
101 4 0 1 2 3
102 4 0 1 2 3
103 4 0 1 2 3
104 4 0 1 2 3
105 4 0 1 2 3
106 4 0 1 2 3
107 4 0 1 2 3
108 4 0 1 2 3
109 4 0 1 2 3
110 4 0 1 2 3
111 4 0 1 2 3
112 4 0 1 2 3
113 4 0 1 2 3
114 4 0 1 2 3
115 4 0 1 2 3
116 4 0 1 2 3
117 4 0 1 2 3
118 4 0 1 2 3
119 4 0 1 2 3
120 4 0 1 2 3
121 4 0 1 2 3
122 4 0 1 2 3
123 4 0 1 2 3
124 4 0 1 2 3
125 4 0 1 2 3
126 4 0 1 2 3
127 4 0 1 2 3
128 4 0 1 2 3
129 4 0 1 2 3
130 4 0 1 2 3
131 4 0 1 2 3
132 4 0 1 2 3
133 4 0 1 2 3
134 4 0 1 2 3
135 4 0 1 2 3
136 4 0 1 2 3
137 4 0 1 2 3
138 4 0 1 2 3
139 4 0 1 2 3
140 4 0 1 2 3
141 4 0 1 2 3
142 4 0 1 2 3
143 4 0 1 2 3
144 4 0 1 2 3
145 4 0 1 2 3
146 4 0 1 2 3
147 4 0 1 2 3
148 4 0 1 2 3
149 4 0 1 2 3
150 4 0 1 2 3
151 4 0 1 2 3
152 4 0 1 2 3
153 4 0 1 2 3
154 4 0 1 2 3
155 4 0 1 2 3
156 4 0 1 2 3
157 4 0 1 2 3
158 4 0 1 2 3
159 4 0 1 2 3
160 4 0 1 2 3
161 4 0 1 2 3
162 4 0 1 2 3
163 4 0 1 2 3
164 4 0 1 2 3
165 4 0 1 2 3
166 4 0 1 2 3
167 4 0 1 2 3
168 4 0 1 2 3
169 4 0 1 2 3
170 4 0 1 2 3
171 4 0 1 2 3
172 4 0 1 2 3
173 4 0 1 2 3
174 4 0 1 2 3
175 4 0 1 2 3
176 4 0 1 2 3
177 4 0 1 2 3
178 4 0 1 2 3
179 4 0 1 2 3
180 4 0 1 2 3
181 4 0 1 2 3
182 4 0 1 2 3
183 4 0 1 2 3
184 4 0 1 2 3
185 4 0 1 2 3
186 4 0 1 2 3
187 4 0 1 2 3
188 4 0 1 2 3
189 4 0 1 2 3
517
1 84 4   0 0   1 1   2 2   3 3
1 38 4   0 0   1 1   2 2   3 3
1 182 4   0 0   1 1   2 2   3 3
1 170 4   0 0   1 1   2 2   3 3
1 28 4   0 0   1 1   2 2   3 3
2 153 4   0 0   1 1   2 2   3 3
2 26 4   0 0   1 1   2 2   3 3
2 156 4   0 0   1 1   2 2   3 3
2 174 4   0 0   1 1   2 2   3 3
3 97 4   0 0   1 1   2 2   3 3
3 9 4   0 0   1 1   2 2   3 3
3 186 4   0 0   1 1   2 2   3 3
3 76 4   0 0   1 1   2 2   3 3
3 93 4   0 0   1 1   2 2   3 3
4 148 4   0 0   1 1   2 2   3 3
4 105 4   0 0   1 1   2 2   3 3
4 187 4   0 0   1 1   2 2   3 3
4 141 4   0 0   1 1   2 2   3 3
4 173 4   0 0   1 1   2 2   3 3
5 145 4   0 0   1 1   2 2   3 3
5 52 4   0 0   1 1   2 2   3 3
5 102 4   0 0   1 1   2 2   3 3
5 90 4   0 0   1 1   2 2   3 3
5 122 4   0 0   1 1   2 2   3 3
5 78 4   0 0   1 1   2 2   3 3
6 65 4   0 0   1 1   2 2   3 3
6 68 4   0 0   1 1   2 2   3 3
6 71 4   0 0   1 1   2 2   3 3
6 151 4   0 0   1 1   2 2   3 3
6 189 4   0 0   1 1   2 2   3 3
6 157 4   0 0   1 1   2 2   3 3
7 25 4   0 0   1 1   2 2   3 3
7 172 4   0 0   1 1   2 2   3 3
8 36 4   0 0   1 1   2 2   3 3
8 56 4   0 0   1 1   2 2   3 3
8 42 4   0 0   1 1   2 2   3 3
8 75 4   0 0   1 1   2 2   3 3
8 30 4   0 0   1 1   2 2   3 3
9 74 4   0 0   1 1   2 2   3 3
9 186 4   0 0   1 1   2 2   3 3
9 93 4   0 0   1 1   2 2   3 3
10 114 4   0 0   1 1   2 2   3 3
10 131 4   0 0   1 1   2 2   3 3
10 136 4   0 0   1 1   2 2   3 3
10 41 4   0 0   1 1   2 2   3 3
10 45 4   0 0   1 1   2 2   3 3
10 63 4   0 0   1 1   2 2   3 3
11 130 4   0 0   1 1   2 2   3 3
11 184 4   0 0   1 1   2 2   3 3
11 125 4   0 0   1 1   2 2   3 3
12 51 4   0 0   1 1   2 2   3 3
12 150 4   0 0   1 1   2 2   3 3
12 39 4   0 0   1 1   2 2   3 3
12 171 4   0 0   1 1   2 2   3 3
12 61 4   0 0   1 1   2 2   3 3
12 127 4   0 0   1 1   2 2   3 3
12 31 4   0 0   1 1   2 2   3 3
13 179 4   0 0   1 1   2 2   3 3
13 24 4   0 0   1 1   2 2   3 3
13 41 4   0 0   1 1   2 2   3 3
13 107 4   0 0   1 1   2 2   3 3
13 175 4   0 0   1 1   2 2   3 3
14 129 4   0 0   1 1   2 2   3 3
14 114 4   0 0   1 1   2 2   3 3
14 180 4   0 0   1 1   2 2   3 3
14 183 4   0 0   1 1   2 2   3 3
14 88 4   0 0   1 1   2 2   3 3
15 182 4   0 0   1 1   2 2   3 3
15 38 4   0 0   1 1   2 2   3 3
15 22 4   0 0   1 1   2 2   3 3
15 143 4   0 0   1 1   2 2   3 3
16 64 4   0 0   1 1   2 2   3 3
16 148 4   0 0   1 1   2 2   3 3
16 102 4   0 0   1 1   2 2   3 3
16 118 4   0 0   1 1   2 2   3 3
16 89 4   0 0   1 1   2 2   3 3
16 90 4   0 0   1 1   2 2   3 3
17 80 4   0 0   1 1   2 2   3 3
17 178 4   0 0   1 1   2 2   3 3
17 117 4   0 0   1 1   2 2   3 3
17 158 4   0 0   1 1   2 2   3 3
17 159 4   0 0   1 1   2 2   3 3
18 176 4   0 0   1 1   2 2   3 3
18 129 4   0 0   1 1   2 2   3 3
18 183 4   0 0   1 1   2 2   3 3
18 88 4   0 0   1 1   2 2   3 3
18 126 4   0 0   1 1   2 2   3 3
19 101 4   0 0   1 1   2 2   3 3
19 85 4   0 0   1 1   2 2   3 3
19 22 4   0 0   1 1   2 2   3 3
20 164 4   0 0   1 1   2 2   3 3
20 121 4   0 0   1 1   2 2   3 3
20 106 4   0 0   1 1   2 2   3 3
20 42 4   0 0   1 1   2 2   3 3
20 75 4   0 0   1 1   2 2   3 3
21 162 4   0 0   1 1   2 2   3 3
21 34 4   0 0   1 1   2 2   3 3
21 68 4   0 0   1 1   2 2   3 3
21 149 4   0 0   1 1   2 2   3 3
21 136 4   0 0   1 1   2 2   3 3
21 137 4   0 0   1 1   2 2   3 3
21 63 4   0 0   1 1   2 2   3 3
22 101 4   0 0   1 1   2 2   3 3
22 85 4   0 0   1 1   2 2   3 3
22 182 4   0 0   1 1   2 2   3 3
23 177 4   0 0   1 1   2 2   3 3
23 134 4   0 0   1 1   2 2   3 3
23 24 4   0 0   1 1   2 2   3 3
23 152 4   0 0   1 1   2 2   3 3
23 185 4   0 0   1 1   2 2   3 3
23 29 4   0 0   1 1   2 2   3 3
23 62 4   0 0   1 1   2 2   3 3
23 94 4   0 0   1 1   2 2   3 3
23 47 4   0 0   1 1   2 2   3 3
23 175 4   0 0   1 1   2 2   3 3
24 177 4   0 0   1 1   2 2   3 3
24 136 4   0 0   1 1   2 2   3 3
24 41 4   0 0   1 1   2 2   3 3
24 175 4   0 0   1 1   2 2   3 3
25 51 4   0 0   1 1   2 2   3 3
25 172 4   0 0   1 1   2 2   3 3
25 61 4   0 0   1 1   2 2   3 3
26 48 4   0 0   1 1   2 2   3 3
26 153 4   0 0   1 1   2 2   3 3
26 174 4   0 0   1 1   2 2   3 3
27 86 4   0 0   1 1   2 2   3 3
27 40 4   0 0   1 1   2 2   3 3
27 43 4   0 0   1 1   2 2   3 3
28 84 4   0 0   1 1   2 2   3 3
28 117 4   0 0   1 1   2 2   3 3
28 133 4   0 0   1 1   2 2   3 3
28 170 4   0 0   1 1   2 2   3 3
28 30 4   0 0   1 1   2 2   3 3
29 62 4   0 0   1 1   2 2   3 3
29 94 4   0 0   1 1   2 2   3 3
30 36 4   0 0   1 1   2 2   3 3
30 84 4   0 0   1 1   2 2   3 3
30 117 4   0 0   1 1   2 2   3 3
30 55 4   0 0   1 1   2 2   3 3
30 56 4   0 0   1 1   2 2   3 3
31 176 4   0 0   1 1   2 2   3 3
31 104 4   0 0   1 1   2 2   3 3
31 73 4   0 0   1 1   2 2   3 3
31 171 4   0 0   1 1   2 2   3 3
31 127 4   0 0   1 1   2 2   3 3
32 64 4   0 0   1 1   2 2   3 3
32 113 4   0 0   1 1   2 2   3 3
32 132 4   0 0   1 1   2 2   3 3
32 164 4   0 0   1 1   2 2   3 3
32 89 4   0 0   1 1   2 2   3 3
32 122 4   0 0   1 1   2 2   3 3
33 176 4   0 0   1 1   2 2   3 3
33 81 4   0 0   1 1   2 2   3 3
33 163 4   0 0   1 1   2 2   3 3
33 73 4   0 0   1 1   2 2   3 3
33 153 4   0 0   1 1   2 2   3 3
33 156 4   0 0   1 1   2 2   3 3
33 111 4   0 0   1 1   2 2   3 3
34 128 4   0 0   1 1   2 2   3 3
34 160 4   0 0   1 1   2 2   3 3
34 162 4   0 0   1 1   2 2   3 3
34 63 4   0 0   1 1   2 2   3 3
35 147 4   0 0   1 1   2 2   3 3
35 183 4   0 0   1 1   2 2   3 3
35 74 4   0 0   1 1   2 2   3 3
35 186 4   0 0   1 1   2 2   3 3
35 155 4   0 0   1 1   2 2   3 3
36 117 4   0 0   1 1   2 2   3 3
36 42 4   0 0   1 1   2 2   3 3
36 159 4   0 0   1 1   2 2   3 3
37 97 4   0 0   1 1   2 2   3 3
37 86 4   0 0   1 1   2 2   3 3
37 40 4   0 0   1 1   2 2   3 3
37 186 4   0 0   1 1   2 2   3 3
37 46 4   0 0   1 1   2 2   3 3
38 112 4   0 0   1 1   2 2   3 3
38 182 4   0 0   1 1   2 2   3 3
38 170 4   0 0   1 1   2 2   3 3
38 143 4   0 0   1 1   2 2   3 3
39 51 4   0 0   1 1   2 2   3 3
39 150 4   0 0   1 1   2 2   3 3
39 135 4   0 0   1 1   2 2   3 3
39 57 4   0 0   1 1   2 2   3 3
39 172 4   0 0   1 1   2 2   3 3
40 86 4   0 0   1 1   2 2   3 3
40 43 4   0 0   1 1   2 2   3 3
40 46 4   0 0   1 1   2 2   3 3
41 114 4   0 0   1 1   2 2   3 3
41 136 4   0 0   1 1   2 2   3 3
41 107 4   0 0   1 1   2 2   3 3
42 106 4   0 0   1 1   2 2   3 3
42 75 4   0 0   1 1   2 2   3 3
42 158 4   0 0   1 1   2 2   3 3
42 159 4   0 0   1 1   2 2   3 3
43 161 4   0 0   1 1   2 2   3 3
43 70 4   0 0   1 1   2 2   3 3
43 86 4   0 0   1 1   2 2   3 3
43 185 4   0 0   1 1   2 2   3 3
43 46 4   0 0   1 1   2 2   3 3
44 178 4   0 0   1 1   2 2   3 3
44 134 4   0 0   1 1   2 2   3 3
44 87 4   0 0   1 1   2 2   3 3
44 59 4   0 0   1 1   2 2   3 3
44 141 4   0 0   1 1   2 2   3 3
44 173 4   0 0   1 1   2 2   3 3
44 142 4   0 0   1 1   2 2   3 3
45 50 4   0 0   1 1   2 2   3 3
45 114 4   0 0   1 1   2 2   3 3
45 165 4   0 0   1 1   2 2   3 3
45 63 4   0 0   1 1   2 2   3 3
46 161 4   0 0   1 1   2 2   3 3
46 116 4   0 0   1 1   2 2   3 3
46 186 4   0 0   1 1   2 2   3 3
46 79 4   0 0   1 1   2 2   3 3
47 49 4   0 0   1 1   2 2   3 3
47 134 4   0 0   1 1   2 2   3 3
47 142 4   0 0   1 1   2 2   3 3
47 62 4   0 0   1 1   2 2   3 3
48 54 4   0 0   1 1   2 2   3 3
48 153 4   0 0   1 1   2 2   3 3
48 111 4   0 0   1 1   2 2   3 3
49 80 4   0 0   1 1   2 2   3 3
49 178 4   0 0   1 1   2 2   3 3
49 142 4   0 0   1 1   2 2   3 3
49 62 4   0 0   1 1   2 2   3 3
50 129 4   0 0   1 1   2 2   3 3
50 114 4   0 0   1 1   2 2   3 3
50 99 4   0 0   1 1   2 2   3 3
50 165 4   0 0   1 1   2 2   3 3
50 126 4   0 0   1 1   2 2   3 3
51 172 4   0 0   1 1   2 2   3 3
51 61 4   0 0   1 1   2 2   3 3
52 145 4   0 0   1 1   2 2   3 3
52 72 4   0 0   1 1   2 2   3 3
52 78 4   0 0   1 1   2 2   3 3
53 144 4   0 0   1 1   2 2   3 3
53 96 4   0 0   1 1   2 2   3 3
53 98 4   0 0   1 1   2 2   3 3
53 147 4   0 0   1 1   2 2   3 3
53 69 4   0 0   1 1   2 2   3 3
53 76 4   0 0   1 1   2 2   3 3
53 93 4   0 0   1 1   2 2   3 3
54 100 4   0 0   1 1   2 2   3 3
54 171 4   0 0   1 1   2 2   3 3
54 111 4   0 0   1 1   2 2   3 3
55 84 4   0 0   1 1   2 2   3 3
55 101 4   0 0   1 1   2 2   3 3
55 56 4   0 0   1 1   2 2   3 3
56 101 4   0 0   1 1   2 2   3 3
57 181 4   0 0   1 1   2 2   3 3
57 167 4   0 0   1 1   2 2   3 3
57 135 4   0 0   1 1   2 2   3 3
57 120 4   0 0   1 1   2 2   3 3
57 172 4   0 0   1 1   2 2   3 3
58 177 4   0 0   1 1   2 2   3 3
58 136 4   0 0   1 1   2 2   3 3
58 60 4   0 0   1 1   2 2   3 3
58 110 4   0 0   1 1   2 2   3 3
59 178 4   0 0   1 1   2 2   3 3
59 106 4   0 0   1 1   2 2   3 3
59 173 4   0 0   1 1   2 2   3 3
59 158 4   0 0   1 1   2 2   3 3
60 177 4   0 0   1 1   2 2   3 3
60 134 4   0 0   1 1   2 2   3 3
60 87 4   0 0   1 1   2 2   3 3
60 110 4   0 0   1 1   2 2   3 3
60 95 4   0 0   1 1   2 2   3 3
61 100 4   0 0   1 1   2 2   3 3
61 171 4   0 0   1 1   2 2   3 3
62 80 4   0 0   1 1   2 2   3 3
62 133 4   0 0   1 1   2 2   3 3
62 94 4   0 0   1 1   2 2   3 3
63 160 4   0 0   1 1   2 2   3 3
63 131 4   0 0   1 1   2 2   3 3
63 165 4   0 0   1 1   2 2   3 3
63 136 4   0 0   1 1   2 2   3 3
63 169 4   0 0   1 1   2 2   3 3
64 118 4   0 0   1 1   2 2   3 3
64 89 4   0 0   1 1   2 2   3 3
64 90 4   0 0   1 1   2 2   3 3
64 122 4   0 0   1 1   2 2   3 3
65 82 4   0 0   1 1   2 2   3 3
65 71 4   0 0   1 1   2 2   3 3
65 151 4   0 0   1 1   2 2   3 3
65 77 4   0 0   1 1   2 2   3 3
66 148 4   0 0   1 1   2 2   3 3
66 103 4   0 0   1 1   2 2   3 3
66 124 4   0 0   1 1   2 2   3 3
66 157 4   0 0   1 1   2 2   3 3
66 141 4   0 0   1 1   2 2   3 3
66 95 4   0 0   1 1   2 2   3 3
67 82 4   0 0   1 1   2 2   3 3
67 151 4   0 0   1 1   2 2   3 3
67 138 4   0 0   1 1   2 2   3 3
67 108 4   0 0   1 1   2 2   3 3
68 162 4   0 0   1 1   2 2   3 3
68 149 4   0 0   1 1   2 2   3 3
68 151 4   0 0   1 1   2 2   3 3
68 157 4   0 0   1 1   2 2   3 3
69 144 4   0 0   1 1   2 2   3 3
69 96 4   0 0   1 1   2 2   3 3
69 115 4   0 0   1 1   2 2   3 3
69 76 4   0 0   1 1   2 2   3 3
70 86 4   0 0   1 1   2 2   3 3
70 185 4   0 0   1 1   2 2   3 3
70 140 4   0 0   1 1   2 2   3 3
71 83 4   0 0   1 1   2 2   3 3
71 154 4   0 0   1 1   2 2   3 3
71 77 4   0 0   1 1   2 2   3 3
71 189 4   0 0   1 1   2 2   3 3
72 78 4   0 0   1 1   2 2   3 3
73 176 4   0 0   1 1   2 2   3 3
73 171 4   0 0   1 1   2 2   3 3
73 111 4   0 0   1 1   2 2   3 3
74 147 4   0 0   1 1   2 2   3 3
74 93 4   0 0   1 1   2 2   3 3
75 121 4   0 0   1 1   2 2   3 3
76 97 4   0 0   1 1   2 2   3 3
76 115 4   0 0   1 1   2 2   3 3
76 123 4   0 0   1 1   2 2   3 3
76 93 4   0 0   1 1   2 2   3 3
77 154 4   0 0   1 1   2 2   3 3
78 148 4   0 0   1 1   2 2   3 3
78 102 4   0 0   1 1   2 2   3 3
78 154 4   0 0   1 1   2 2   3 3
79 180 4   0 0   1 1   2 2   3 3
79 116 4   0 0   1 1   2 2   3 3
79 186 4   0 0   1 1   2 2   3 3
79 155 4   0 0   1 1   2 2   3 3
80 178 4   0 0   1 1   2 2   3 3
80 133 4   0 0   1 1   2 2   3 3
80 117 4   0 0   1 1   2 2   3 3
81 176 4   0 0   1 1   2 2   3 3
81 163 4   0 0   1 1   2 2   3 3
81 183 4   0 0   1 1   2 2   3 3
81 91 4   0 0   1 1   2 2   3 3
82 151 4   0 0   1 1   2 2   3 3
83 148 4   0 0   1 1   2 2   3 3
83 154 4   0 0   1 1   2 2   3 3
83 189 4   0 0   1 1   2 2   3 3
83 157 4   0 0   1 1   2 2   3 3
84 101 4   0 0   1 1   2 2   3 3
84 182 4   0 0   1 1   2 2   3 3
86 97 4   0 0   1 1   2 2   3 3
86 123 4   0 0   1 1   2 2   3 3
86 140 4   0 0   1 1   2 2   3 3
86 143 4   0 0   1 1   2 2   3 3
87 134 4   0 0   1 1   2 2   3 3
87 124 4   0 0   1 1   2 2   3 3
87 141 4   0 0   1 1   2 2   3 3
87 95 4   0 0   1 1   2 2   3 3
88 129 4   0 0   1 1   2 2   3 3
88 183 4   0 0   1 1   2 2   3 3
89 148 4   0 0   1 1   2 2   3 3
89 132 4   0 0   1 1   2 2   3 3
89 105 4   0 0   1 1   2 2   3 3
89 187 4   0 0   1 1   2 2   3 3
90 102 4   0 0   1 1   2 2   3 3
90 118 4   0 0   1 1   2 2   3 3
90 122 4   0 0   1 1   2 2   3 3
91 163 4   0 0   1 1   2 2   3 3
91 147 4   0 0   1 1   2 2   3 3
91 183 4   0 0   1 1   2 2   3 3
92 160 4   0 0   1 1   2 2   3 3
92 99 4   0 0   1 1   2 2   3 3
92 166 4   0 0   1 1   2 2   3 3
92 119 4   0 0   1 1   2 2   3 3
92 139 4   0 0   1 1   2 2   3 3
92 188 4   0 0   1 1   2 2   3 3
92 127 4   0 0   1 1   2 2   3 3
93 147 4   0 0   1 1   2 2   3 3
94 112 4   0 0   1 1   2 2   3 3
94 133 4   0 0   1 1   2 2   3 3
94 152 4   0 0   1 1   2 2   3 3
94 170 4   0 0   1 1   2 2   3 3
95 149 4   0 0   1 1   2 2   3 3
95 103 4   0 0   1 1   2 2   3 3
95 137 4   0 0   1 1   2 2   3 3
95 124 4   0 0   1 1   2 2   3 3
95 110 4   0 0   1 1   2 2   3 3
96 144 4   0 0   1 1   2 2   3 3
97 186 4   0 0   1 1   2 2   3 3
97 123 4   0 0   1 1   2 2   3 3
98 144 4   0 0   1 1   2 2   3 3
98 147 4   0 0   1 1   2 2   3 3
98 174 4   0 0   1 1   2 2   3 3
99 160 4   0 0   1 1   2 2   3 3
99 165 4   0 0   1 1   2 2   3 3
99 104 4   0 0   1 1   2 2   3 3
99 169 4   0 0   1 1   2 2   3 3
99 126 4   0 0   1 1   2 2   3 3
99 127 4   0 0   1 1   2 2   3 3
100 171 4   0 0   1 1   2 2   3 3
101 182 4   0 0   1 1   2 2   3 3
102 148 4   0 0   1 1   2 2   3 3
103 149 4   0 0   1 1   2 2   3 3
103 157 4   0 0   1 1   2 2   3 3
104 176 4   0 0   1 1   2 2   3 3
104 126 4   0 0   1 1   2 2   3 3
104 127 4   0 0   1 1   2 2   3 3
105 148 4   0 0   1 1   2 2   3 3
105 187 4   0 0   1 1   2 2   3 3
106 164 4   0 0   1 1   2 2   3 3
106 173 4   0 0   1 1   2 2   3 3
106 158 4   0 0   1 1   2 2   3 3
107 114 4   0 0   1 1   2 2   3 3
107 179 4   0 0   1 1   2 2   3 3
107 180 4   0 0   1 1   2 2   3 3
107 116 4   0 0   1 1   2 2   3 3
108 128 4   0 0   1 1   2 2   3 3
108 146 4   0 0   1 1   2 2   3 3
108 162 4   0 0   1 1   2 2   3 3
108 151 4   0 0   1 1   2 2   3 3
108 138 4   0 0   1 1   2 2   3 3
109 130 4   0 0   1 1   2 2   3 3
109 135 4   0 0   1 1   2 2   3 3
109 120 4   0 0   1 1   2 2   3 3
109 125 4   0 0   1 1   2 2   3 3
110 136 4   0 0   1 1   2 2   3 3
110 137 4   0 0   1 1   2 2   3 3
111 153 4   0 0   1 1   2 2   3 3
111 171 4   0 0   1 1   2 2   3 3
112 152 4   0 0   1 1   2 2   3 3
112 170 4   0 0   1 1   2 2   3 3
112 143 4   0 0   1 1   2 2   3 3
113 122 4   0 0   1 1   2 2   3 3
114 129 4   0 0   1 1   2 2   3 3
114 180 4   0 0   1 1   2 2   3 3
115 123 4   0 0   1 1   2 2   3 3
116 161 4   0 0   1 1   2 2   3 3
116 179 4   0 0   1 1   2 2   3 3
116 180 4   0 0   1 1   2 2   3 3
117 133 4   0 0   1 1   2 2   3 3
117 159 4   0 0   1 1   2 2   3 3
119 130 4   0 0   1 1   2 2   3 3
119 166 4   0 0   1 1   2 2   3 3
119 135 4   0 0   1 1   2 2   3 3
119 188 4   0 0   1 1   2 2   3 3
120 181 4   0 0   1 1   2 2   3 3
120 135 4   0 0   1 1   2 2   3 3
120 167 4   0 0   1 1   2 2   3 3
120 125 4   0 0   1 1   2 2   3 3
121 164 4   0 0   1 1   2 2   3 3
122 145 4   0 0   1 1   2 2   3 3
124 141 4   0 0   1 1   2 2   3 3
125 130 4   0 0   1 1   2 2   3 3
126 176 4   0 0   1 1   2 2   3 3
126 129 4   0 0   1 1   2 2   3 3
127 166 4   0 0   1 1   2 2   3 3
127 150 4   0 0   1 1   2 2   3 3
128 160 4   0 0   1 1   2 2   3 3
128 146 4   0 0   1 1   2 2   3 3
128 162 4   0 0   1 1   2 2   3 3
128 139 4   0 0   1 1   2 2   3 3
130 135 4   0 0   1 1   2 2   3 3
130 184 4   0 0   1 1   2 2   3 3
130 188 4   0 0   1 1   2 2   3 3
131 136 4   0 0   1 1   2 2   3 3
132 164 4   0 0   1 1   2 2   3 3
132 187 4   0 0   1 1   2 2   3 3
133 170 4   0 0   1 1   2 2   3 3
134 177 4   0 0   1 1   2 2   3 3
134 142 4   0 0   1 1   2 2   3 3
135 166 4   0 0   1 1   2 2   3 3
135 150 4   0 0   1 1   2 2   3 3
135 167 4   0 0   1 1   2 2   3 3
136 177 4   0 0   1 1   2 2   3 3
136 137 4   0 0   1 1   2 2   3 3
137 149 4   0 0   1 1   2 2   3 3
138 146 4   0 0   1 1   2 2   3 3
138 139 4   0 0   1 1   2 2   3 3
139 160 4   0 0   1 1   2 2   3 3
139 146 4   0 0   1 1   2 2   3 3
139 184 4   0 0   1 1   2 2   3 3
139 168 4   0 0   1 1   2 2   3 3
139 188 4   0 0   1 1   2 2   3 3
140 152 4   0 0   1 1   2 2   3 3
140 185 4   0 0   1 1   2 2   3 3
140 143 4   0 0   1 1   2 2   3 3
141 148 4   0 0   1 1   2 2   3 3
141 173 4   0 0   1 1   2 2   3 3
142 178 4   0 0   1 1   2 2   3 3
143 152 4   0 0   1 1   2 2   3 3
147 163 4   0 0   1 1   2 2   3 3
147 183 4   0 0   1 1   2 2   3 3
147 156 4   0 0   1 1   2 2   3 3
147 174 4   0 0   1 1   2 2   3 3
148 154 4   0 0   1 1   2 2   3 3
148 157 4   0 0   1 1   2 2   3 3
149 157 4   0 0   1 1   2 2   3 3
150 166 4   0 0   1 1   2 2   3 3
151 162 4   0 0   1 1   2 2   3 3
152 185 4   0 0   1 1   2 2   3 3
153 156 4   0 0   1 1   2 2   3 3
155 180 4   0 0   1 1   2 2   3 3
155 183 4   0 0   1 1   2 2   3 3
155 186 4   0 0   1 1   2 2   3 3
156 163 4   0 0   1 1   2 2   3 3
156 174 4   0 0   1 1   2 2   3 3
157 189 4   0 0   1 1   2 2   3 3
158 178 4   0 0   1 1   2 2   3 3
158 159 4   0 0   1 1   2 2   3 3
160 169 4   0 0   1 1   2 2   3 3
161 179 4   0 0   1 1   2 2   3 3
161 185 4   0 0   1 1   2 2   3 3
161 175 4   0 0   1 1   2 2   3 3
164 187 4   0 0   1 1   2 2   3 3
164 173 4   0 0   1 1   2 2   3 3
165 169 4   0 0   1 1   2 2   3 3
168 184 4   0 0   1 1   2 2   3 3
168 188 4   0 0   1 1   2 2   3 3
172 181 4   0 0   1 1   2 2   3 3
173 187 4   0 0   1 1   2 2   3 3
175 179 4   0 0   1 1   2 2   3 3
175 185 4   0 0   1 1   2 2   3 3
180 183 4   0 0   1 1   2 2   3 3
184 188 4   0 0   1 1   2 2   3 3
