19
1 4 0 1 2 3
2 4 0 1 2 3
3 4 0 1 2 3
4 4 0 1 2 3
5 4 0 1 2 3
6 4 0 1 2 3
7 4 0 1 2 3
8 4 0 1 2 3
9 4 0 1 2 3
10 4 0 1 2 3
11 4 0 1 2 3
12 4 0 1 2 3
13 4 0 1 2 3
14 4 0 1 2 3
15 4 0 1 2 3
16 4 0 1 2 3
17 4 0 1 2 3
18 4 0 1 2 3
19 4 0 1 2 3
40
1 16 4   0 0   1 1   2 2   3 3
1 3 4   0 0   1 1   2 2   3 3
1 6 4   0 0   1 1   2 2   3 3
1 10 4   0 0   1 1   2 2   3 3
1 11 4   0 0   1 1   2 2   3 3
1 13 4   0 0   1 1   2 2   3 3
2 4 4   0 0   1 1   2 2   3 3
2 9 4   0 0   1 1   2 2   3 3
3 5 4   0 0   1 1   2 2   3 3
3 6 4   0 0   1 1   2 2   3 3
3 11 4   0 0   1 1   2 2   3 3
4 19 4   0 0   1 1   2 2   3 3
4 7 4   0 0   1 1   2 2   3 3
4 9 4   0 0   1 1   2 2   3 3
4 12 4   0 0   1 1   2 2   3 3
4 14 4   0 0   1 1   2 2   3 3
5 8 4   0 0   1 1   2 2   3 3
5 11 4   0 0   1 1   2 2   3 3
5 15 4   0 0   1 1   2 2   3 3
6 16 4   0 0   1 1   2 2   3 3
6 8 4   0 0   1 1   2 2   3 3
7 17 4   0 0   1 1   2 2   3 3
7 18 4   0 0   1 1   2 2   3 3
7 12 4   0 0   1 1   2 2   3 3
7 14 4   0 0   1 1   2 2   3 3
8 16 4   0 0   1 1   2 2   3 3
8 17 4   0 0   1 1   2 2   3 3
8 14 4   0 0   1 1   2 2   3 3
8 15 4   0 0   1 1   2 2   3 3
9 14 4   0 0   1 1   2 2   3 3
10 16 4   0 0   1 1   2 2   3 3
10 18 4   0 0   1 1   2 2   3 3
10 13 4   0 0   1 1   2 2   3 3
12 18 4   0 0   1 1   2 2   3 3
12 19 4   0 0   1 1   2 2   3 3
14 17 4   0 0   1 1   2 2   3 3
14 15 4   0 0   1 1   2 2   3 3
16 17 4   0 0   1 1   2 2   3 3
16 18 4   0 0   1 1   2 2   3 3
18 19 4   0 0   1 1   2 2   3 3
