191
1 4 0 1 2 3
2 4 0 1 2 3
3 4 0 1 2 3
4 4 0 1 2 3
5 4 0 1 2 3
6 4 0 1 2 3
7 4 0 1 2 3
8 4 0 1 2 3
9 4 0 1 2 3
10 4 0 1 2 3
11 4 0 1 2 3
12 4 0 1 2 3
13 4 0 1 2 3
14 4 0 1 2 3
15 4 0 1 2 3
16 4 0 1 2 3
17 4 0 1 2 3
18 4 0 1 2 3
19 4 0 1 2 3
20 4 0 1 2 3
21 4 0 1 2 3
22 4 0 1 2 3
23 4 0 1 2 3
24 4 0 1 2 3
25 4 0 1 2 3
26 4 0 1 2 3
27 4 0 1 2 3
28 4 0 1 2 3
29 4 0 1 2 3
30 4 0 1 2 3
31 4 0 1 2 3
32 4 0 1 2 3
33 4 0 1 2 3
34 4 0 1 2 3
35 4 0 1 2 3
36 4 0 1 2 3
37 4 0 1 2 3
38 4 0 1 2 3
39 4 0 1 2 3
40 4 0 1 2 3
41 4 0 1 2 3
42 4 0 1 2 3
43 4 0 1 2 3
44 4 0 1 2 3
45 4 0 1 2 3
46 4 0 1 2 3
47 4 0 1 2 3
48 4 0 1 2 3
49 4 0 1 2 3
50 4 0 1 2 3
51 4 0 1 2 3
52 4 0 1 2 3
53 4 0 1 2 3
54 4 0 1 2 3
55 4 0 1 2 3
56 4 0 1 2 3
57 4 0 1 2 3
58 4 0 1 2 3
59 4 0 1 2 3
60 4 0 1 2 3
61 4 0 1 2 3
62 4 0 1 2 3
63 4 0 1 2 3
64 4 0 1 2 3
65 4 0 1 2 3
66 4 0 1 2 3
67 4 0 1 2 3
68 4 0 1 2 3
69 4 0 1 2 3
70 4 0 1 2 3
71 4 0 1 2 3
72 4 0 1 2 3
73 4 0 1 2 3
74 4 0 1 2 3
75 4 0 1 2 3
76 4 0 1 2 3
77 4 0 1 2 3
78 4 0 1 2 3
79 4 0 1 2 3
80 4 0 1 2 3
81 4 0 1 2 3
82 4 0 1 2 3
83 4 0 1 2 3
84 4 0 1 2 3
85 4 0 1 2 3
86 4 0 1 2 3
87 4 0 1 2 3
88 4 0 1 2 3
89 4 0 1 2 3
90 4 0 1 2 3
91 4 0 1 2 3
92 4 0 1 2 3
93 4 0 1 2 3
94 4 0 1 2 3
95 4 0 1 2 3
96 4 0 1 2 3
97 4 0 1 2 3
98 4 0 1 2 3
99 4 0 1 2 3
100 4 0 1 2 3
101 4 0 1 2 3
102 4 0 1 2 3
103 4 0 1 2 3
104 4 0 1 2 3
105 4 0 1 2 3
106 4 0 1 2 3
107 4 0 1 2 3
108 4 0 1 2 3
109 4 0 1 2 3
110 4 0 1 2 3
111 4 0 1 2 3
112 4 0 1 2 3
113 4 0 1 2 3
114 4 0 1 2 3
115 4 0 1 2 3
116 4 0 1 2 3
117 4 0 1 2 3
118 4 0 1 2 3
119 4 0 1 2 3
120 4 0 1 2 3
121 4 0 1 2 3
122 4 0 1 2 3
123 4 0 1 2 3
124 4 0 1 2 3
125 4 0 1 2 3
126 4 0 1 2 3
127 4 0 1 2 3
128 4 0 1 2 3
129 4 0 1 2 3
130 4 0 1 2 3
131 4 0 1 2 3
132 4 0 1 2 3
133 4 0 1 2 3
134 4 0 1 2 3
135 4 0 1 2 3
136 4 0 1 2 3
137 4 0 1 2 3
138 4 0 1 2 3
139 4 0 1 2 3
140 4 0 1 2 3
141 4 0 1 2 3
142 4 0 1 2 3
143 4 0 1 2 3
144 4 0 1 2 3
145 4 0 1 2 3
146 4 0 1 2 3
147 4 0 1 2 3
148 4 0 1 2 3
149 4 0 1 2 3
150 4 0 1 2 3
151 4 0 1 2 3
152 4 0 1 2 3
153 4 0 1 2 3
154 4 0 1 2 3
155 4 0 1 2 3
156 4 0 1 2 3
157 4 0 1 2 3
158 4 0 1 2 3
159 4 0 1 2 3
160 4 0 1 2 3
161 4 0 1 2 3
162 4 0 1 2 3
163 4 0 1 2 3
164 4 0 1 2 3
165 4 0 1 2 3
166 4 0 1 2 3
167 4 0 1 2 3
168 4 0 1 2 3
169 4 0 1 2 3
170 4 0 1 2 3
171 4 0 1 2 3
172 4 0 1 2 3
173 4 0 1 2 3
174 4 0 1 2 3
175 4 0 1 2 3
176 4 0 1 2 3
177 4 0 1 2 3
178 4 0 1 2 3
179 4 0 1 2 3
180 4 0 1 2 3
181 4 0 1 2 3
182 4 0 1 2 3
183 4 0 1 2 3
184 4 0 1 2 3
185 4 0 1 2 3
186 4 0 1 2 3
187 4 0 1 2 3
188 4 0 1 2 3
189 4 0 1 2 3
190 4 0 1 2 3
191 4 0 1 2 3
527
1 148 4   0 0   1 1   2 2   3 3
1 116 4   0 0   1 1   2 2   3 3
1 36 4   0 0   1 1   2 2   3 3
1 165 4   0 0   1 1   2 2   3 3
1 39 4   0 0   1 1   2 2   3 3
1 10 4   0 0   1 1   2 2   3 3
2 84 4   0 0   1 1   2 2   3 3
2 87 4   0 0   1 1   2 2   3 3
2 72 4   0 0   1 1   2 2   3 3
2 41 4   0 0   1 1   2 2   3 3
2 11 4   0 0   1 1   2 2   3 3
2 60 4   0 0   1 1   2 2   3 3
2 62 4   0 0   1 1   2 2   3 3
2 47 4   0 0   1 1   2 2   3 3
3 16 4   0 0   1 1   2 2   3 3
3 34 4   0 0   1 1   2 2   3 3
3 182 4   0 0   1 1   2 2   3 3
3 93 4   0 0   1 1   2 2   3 3
4 68 4   0 0   1 1   2 2   3 3
4 6 4   0 0   1 1   2 2   3 3
4 151 4   0 0   1 1   2 2   3 3
4 89 4   0 0   1 1   2 2   3 3
4 28 4   0 0   1 1   2 2   3 3
4 31 4   0 0   1 1   2 2   3 3
5 130 4   0 0   1 1   2 2   3 3
5 147 4   0 0   1 1   2 2   3 3
5 179 4   0 0   1 1   2 2   3 3
5 124 4   0 0   1 1   2 2   3 3
5 175 4   0 0   1 1   2 2   3 3
6 68 4   0 0   1 1   2 2   3 3
6 37 4   0 0   1 1   2 2   3 3
6 151 4   0 0   1 1   2 2   3 3
6 110 4   0 0   1 1   2 2   3 3
7 66 4   0 0   1 1   2 2   3 3
7 163 4   0 0   1 1   2 2   3 3
7 119 4   0 0   1 1   2 2   3 3
7 137 4   0 0   1 1   2 2   3 3
7 186 4   0 0   1 1   2 2   3 3
7 43 4   0 0   1 1   2 2   3 3
8 49 4   0 0   1 1   2 2   3 3
8 164 4   0 0   1 1   2 2   3 3
8 90 4   0 0   1 1   2 2   3 3
8 75 4   0 0   1 1   2 2   3 3
9 33 4   0 0   1 1   2 2   3 3
9 146 4   0 0   1 1   2 2   3 3
9 101 4   0 0   1 1   2 2   3 3
9 184 4   0 0   1 1   2 2   3 3
9 125 4   0 0   1 1   2 2   3 3
10 116 4   0 0   1 1   2 2   3 3
10 164 4   0 0   1 1   2 2   3 3
10 36 4   0 0   1 1   2 2   3 3
10 149 4   0 0   1 1   2 2   3 3
10 56 4   0 0   1 1   2 2   3 3
10 26 4   0 0   1 1   2 2   3 3
10 27 4   0 0   1 1   2 2   3 3
10 13 4   0 0   1 1   2 2   3 3
11 115 4   0 0   1 1   2 2   3 3
11 132 4   0 0   1 1   2 2   3 3
11 72 4   0 0   1 1   2 2   3 3
11 41 4   0 0   1 1   2 2   3 3
11 185 4   0 0   1 1   2 2   3 3
11 155 4   0 0   1 1   2 2   3 3
11 92 4   0 0   1 1   2 2   3 3
12 98 4   0 0   1 1   2 2   3 3
12 132 4   0 0   1 1   2 2   3 3
12 57 4   0 0   1 1   2 2   3 3
12 89 4   0 0   1 1   2 2   3 3
12 31 4   0 0   1 1   2 2   3 3
13 64 4   0 0   1 1   2 2   3 3
13 164 4   0 0   1 1   2 2   3 3
13 21 4   0 0   1 1   2 2   3 3
13 26 4   0 0   1 1   2 2   3 3
14 48 4   0 0   1 1   2 2   3 3
14 19 4   0 0   1 1   2 2   3 3
14 134 4   0 0   1 1   2 2   3 3
14 42 4   0 0   1 1   2 2   3 3
14 188 4   0 0   1 1   2 2   3 3
14 77 4   0 0   1 1   2 2   3 3
15 161 4   0 0   1 1   2 2   3 3
15 181 4   0 0   1 1   2 2   3 3
15 74 4   0 0   1 1   2 2   3 3
15 188 4   0 0   1 1   2 2   3 3
15 77 4   0 0   1 1   2 2   3 3
16 34 4   0 0   1 1   2 2   3 3
16 102 4   0 0   1 1   2 2   3 3
16 183 4   0 0   1 1   2 2   3 3
16 93 4   0 0   1 1   2 2   3 3
16 29 4   0 0   1 1   2 2   3 3
16 126 4   0 0   1 1   2 2   3 3
17 96 4   0 0   1 1   2 2   3 3
17 189 4   0 0   1 1   2 2   3 3
17 159 4   0 0   1 1   2 2   3 3
18 176 4   0 0   1 1   2 2   3 3
18 81 4   0 0   1 1   2 2   3 3
18 129 4   0 0   1 1   2 2   3 3
18 166 4   0 0   1 1   2 2   3 3
18 86 4   0 0   1 1   2 2   3 3
18 22 4   0 0   1 1   2 2   3 3
18 63 4   0 0   1 1   2 2   3 3
19 134 4   0 0   1 1   2 2   3 3
19 186 4   0 0   1 1   2 2   3 3
19 42 4   0 0   1 1   2 2   3 3
19 91 4   0 0   1 1   2 2   3 3
20 129 4   0 0   1 1   2 2   3 3
20 52 4   0 0   1 1   2 2   3 3
20 136 4   0 0   1 1   2 2   3 3
20 124 4   0 0   1 1   2 2   3 3
20 108 4   0 0   1 1   2 2   3 3
21 64 4   0 0   1 1   2 2   3 3
21 99 4   0 0   1 1   2 2   3 3
21 180 4   0 0   1 1   2 2   3 3
21 164 4   0 0   1 1   2 2   3 3
21 78 4   0 0   1 1   2 2   3 3
22 176 4   0 0   1 1   2 2   3 3
22 53 4   0 0   1 1   2 2   3 3
22 44 4   0 0   1 1   2 2   3 3
22 63 4   0 0   1 1   2 2   3 3
23 97 4   0 0   1 1   2 2   3 3
23 180 4   0 0   1 1   2 2   3 3
23 164 4   0 0   1 1   2 2   3 3
23 40 4   0 0   1 1   2 2   3 3
23 90 4   0 0   1 1   2 2   3 3
23 61 4   0 0   1 1   2 2   3 3
24 81 4   0 0   1 1   2 2   3 3
24 114 4   0 0   1 1   2 2   3 3
24 83 4   0 0   1 1   2 2   3 3
24 121 4   0 0   1 1   2 2   3 3
25 48 4   0 0   1 1   2 2   3 3
25 163 4   0 0   1 1   2 2   3 3
25 143 4   0 0   1 1   2 2   3 3
26 112 4   0 0   1 1   2 2   3 3
26 128 4   0 0   1 1   2 2   3 3
26 64 4   0 0   1 1   2 2   3 3
26 56 4   0 0   1 1   2 2   3 3
26 172 4   0 0   1 1   2 2   3 3
26 157 4   0 0   1 1   2 2   3 3
27 33 4   0 0   1 1   2 2   3 3
27 36 4   0 0   1 1   2 2   3 3
27 149 4   0 0   1 1   2 2   3 3
27 104 4   0 0   1 1   2 2   3 3
27 125 4   0 0   1 1   2 2   3 3
28 98 4   0 0   1 1   2 2   3 3
28 109 4   0 0   1 1   2 2   3 3
28 31 4   0 0   1 1   2 2   3 3
29 102 4   0 0   1 1   2 2   3 3
29 183 4   0 0   1 1   2 2   3 3
29 108 4   0 0   1 1   2 2   3 3
29 61 4   0 0   1 1   2 2   3 3
29 175 4   0 0   1 1   2 2   3 3
30 71 4   0 0   1 1   2 2   3 3
30 135 4   0 0   1 1   2 2   3 3
30 123 4   0 0   1 1   2 2   3 3
30 157 4   0 0   1 1   2 2   3 3
30 158 4   0 0   1 1   2 2   3 3
31 98 4   0 0   1 1   2 2   3 3
31 89 4   0 0   1 1   2 2   3 3
32 144 4   0 0   1 1   2 2   3 3
32 66 4   0 0   1 1   2 2   3 3
32 103 4   0 0   1 1   2 2   3 3
32 168 4   0 0   1 1   2 2   3 3
32 185 4   0 0   1 1   2 2   3 3
32 89 4   0 0   1 1   2 2   3 3
33 177 4   0 0   1 1   2 2   3 3
33 36 4   0 0   1 1   2 2   3 3
33 165 4   0 0   1 1   2 2   3 3
33 101 4   0 0   1 1   2 2   3 3
33 125 4   0 0   1 1   2 2   3 3
34 118 4   0 0   1 1   2 2   3 3
34 183 4   0 0   1 1   2 2   3 3
35 145 4   0 0   1 1   2 2   3 3
35 155 4   0 0   1 1   2 2   3 3
35 92 4   0 0   1 1   2 2   3 3
35 142 4   0 0   1 1   2 2   3 3
36 165 4   0 0   1 1   2 2   3 3
37 151 4   0 0   1 1   2 2   3 3
37 153 4   0 0   1 1   2 2   3 3
37 110 4   0 0   1 1   2 2   3 3
37 127 4   0 0   1 1   2 2   3 3
38 83 4   0 0   1 1   2 2   3 3
38 121 4   0 0   1 1   2 2   3 3
38 156 4   0 0   1 1   2 2   3 3
39 177 4   0 0   1 1   2 2   3 3
39 148 4   0 0   1 1   2 2   3 3
39 165 4   0 0   1 1   2 2   3 3
39 174 4   0 0   1 1   2 2   3 3
40 180 4   0 0   1 1   2 2   3 3
40 102 4   0 0   1 1   2 2   3 3
40 59 4   0 0   1 1   2 2   3 3
40 61 4   0 0   1 1   2 2   3 3
40 126 4   0 0   1 1   2 2   3 3
40 78 4   0 0   1 1   2 2   3 3
41 132 4   0 0   1 1   2 2   3 3
41 57 4   0 0   1 1   2 2   3 3
41 47 4   0 0   1 1   2 2   3 3
42 48 4   0 0   1 1   2 2   3 3
42 119 4   0 0   1 1   2 2   3 3
42 186 4   0 0   1 1   2 2   3 3
43 119 4   0 0   1 1   2 2   3 3
43 186 4   0 0   1 1   2 2   3 3
44 53 4   0 0   1 1   2 2   3 3
44 85 4   0 0   1 1   2 2   3 3
44 62 4   0 0   1 1   2 2   3 3
44 46 4   0 0   1 1   2 2   3 3
44 63 4   0 0   1 1   2 2   3 3
44 47 4   0 0   1 1   2 2   3 3
45 67 4   0 0   1 1   2 2   3 3
45 150 4   0 0   1 1   2 2   3 3
45 134 4   0 0   1 1   2 2   3 3
45 173 4   0 0   1 1   2 2   3 3
45 77 4   0 0   1 1   2 2   3 3
46 53 4   0 0   1 1   2 2   3 3
46 85 4   0 0   1 1   2 2   3 3
46 109 4   0 0   1 1   2 2   3 3
47 51 4   0 0   1 1   2 2   3 3
47 85 4   0 0   1 1   2 2   3 3
47 57 4   0 0   1 1   2 2   3 3
47 62 4   0 0   1 1   2 2   3 3
48 163 4   0 0   1 1   2 2   3 3
48 119 4   0 0   1 1   2 2   3 3
48 188 4   0 0   1 1   2 2   3 3
49 117 4   0 0   1 1   2 2   3 3
49 72 4   0 0   1 1   2 2   3 3
49 90 4   0 0   1 1   2 2   3 3
49 75 4   0 0   1 1   2 2   3 3
49 60 4   0 0   1 1   2 2   3 3
50 128 4   0 0   1 1   2 2   3 3
50 64 4   0 0   1 1   2 2   3 3
50 99 4   0 0   1 1   2 2   3 3
50 54 4   0 0   1 1   2 2   3 3
51 98 4   0 0   1 1   2 2   3 3
51 85 4   0 0   1 1   2 2   3 3
51 57 4   0 0   1 1   2 2   3 3
51 109 4   0 0   1 1   2 2   3 3
52 129 4   0 0   1 1   2 2   3 3
52 86 4   0 0   1 1   2 2   3 3
52 136 4   0 0   1 1   2 2   3 3
52 140 4   0 0   1 1   2 2   3 3
52 63 4   0 0   1 1   2 2   3 3
53 176 4   0 0   1 1   2 2   3 3
54 128 4   0 0   1 1   2 2   3 3
54 82 4   0 0   1 1   2 2   3 3
54 99 4   0 0   1 1   2 2   3 3
54 58 4   0 0   1 1   2 2   3 3
54 187 4   0 0   1 1   2 2   3 3
55 162 4   0 0   1 1   2 2   3 3
55 73 4   0 0   1 1   2 2   3 3
55 123 4   0 0   1 1   2 2   3 3
56 65 4   0 0   1 1   2 2   3 3
56 148 4   0 0   1 1   2 2   3 3
56 116 4   0 0   1 1   2 2   3 3
56 135 4   0 0   1 1   2 2   3 3
56 172 4   0 0   1 1   2 2   3 3
56 94 4   0 0   1 1   2 2   3 3
56 174 4   0 0   1 1   2 2   3 3
57 98 4   0 0   1 1   2 2   3 3
57 132 4   0 0   1 1   2 2   3 3
58 128 4   0 0   1 1   2 2   3 3
58 162 4   0 0   1 1   2 2   3 3
58 82 4   0 0   1 1   2 2   3 3
58 120 4   0 0   1 1   2 2   3 3
58 138 4   0 0   1 1   2 2   3 3
58 107 4   0 0   1 1   2 2   3 3
59 99 4   0 0   1 1   2 2   3 3
59 187 4   0 0   1 1   2 2   3 3
59 126 4   0 0   1 1   2 2   3 3
59 78 4   0 0   1 1   2 2   3 3
60 97 4   0 0   1 1   2 2   3 3
60 87 4   0 0   1 1   2 2   3 3
60 136 4   0 0   1 1   2 2   3 3
60 72 4   0 0   1 1   2 2   3 3
60 90 4   0 0   1 1   2 2   3 3
60 140 4   0 0   1 1   2 2   3 3
61 97 4   0 0   1 1   2 2   3 3
61 102 4   0 0   1 1   2 2   3 3
61 106 4   0 0   1 1   2 2   3 3
61 108 4   0 0   1 1   2 2   3 3
62 84 4   0 0   1 1   2 2   3 3
62 87 4   0 0   1 1   2 2   3 3
62 63 4   0 0   1 1   2 2   3 3
63 86 4   0 0   1 1   2 2   3 3
63 87 4   0 0   1 1   2 2   3 3
63 140 4   0 0   1 1   2 2   3 3
64 128 4   0 0   1 1   2 2   3 3
64 99 4   0 0   1 1   2 2   3 3
65 135 4   0 0   1 1   2 2   3 3
65 172 4   0 0   1 1   2 2   3 3
65 157 4   0 0   1 1   2 2   3 3
66 144 4   0 0   1 1   2 2   3 3
66 163 4   0 0   1 1   2 2   3 3
66 168 4   0 0   1 1   2 2   3 3
66 137 4   0 0   1 1   2 2   3 3
66 127 4   0 0   1 1   2 2   3 3
67 181 4   0 0   1 1   2 2   3 3
67 150 4   0 0   1 1   2 2   3 3
67 77 4   0 0   1 1   2 2   3 3
69 71 4   0 0   1 1   2 2   3 3
69 73 4   0 0   1 1   2 2   3 3
70 178 4   0 0   1 1   2 2   3 3
70 150 4   0 0   1 1   2 2   3 3
70 169 4   0 0   1 1   2 2   3 3
70 173 4   0 0   1 1   2 2   3 3
70 79 4   0 0   1 1   2 2   3 3
71 131 4   0 0   1 1   2 2   3 3
71 135 4   0 0   1 1   2 2   3 3
71 73 4   0 0   1 1   2 2   3 3
71 123 4   0 0   1 1   2 2   3 3
72 117 4   0 0   1 1   2 2   3 3
72 92 4   0 0   1 1   2 2   3 3
73 123 4   0 0   1 1   2 2   3 3
74 161 4   0 0   1 1   2 2   3 3
74 133 4   0 0   1 1   2 2   3 3
74 181 4   0 0   1 1   2 2   3 3
74 139 4   0 0   1 1   2 2   3 3
74 189 4   0 0   1 1   2 2   3 3
74 159 4   0 0   1 1   2 2   3 3
75 145 4   0 0   1 1   2 2   3 3
75 164 4   0 0   1 1   2 2   3 3
75 117 4   0 0   1 1   2 2   3 3
75 170 4   0 0   1 1   2 2   3 3
75 122 4   0 0   1 1   2 2   3 3
76 149 4   0 0   1 1   2 2   3 3
76 104 4   0 0   1 1   2 2   3 3
76 105 4   0 0   1 1   2 2   3 3
76 171 4   0 0   1 1   2 2   3 3
76 141 4   0 0   1 1   2 2   3 3
76 79 4   0 0   1 1   2 2   3 3
77 181 4   0 0   1 1   2 2   3 3
77 134 4   0 0   1 1   2 2   3 3
77 188 4   0 0   1 1   2 2   3 3
78 99 4   0 0   1 1   2 2   3 3
78 180 4   0 0   1 1   2 2   3 3
79 178 4   0 0   1 1   2 2   3 3
79 169 4   0 0   1 1   2 2   3 3
79 154 4   0 0   1 1   2 2   3 3
79 171 4   0 0   1 1   2 2   3 3
79 141 4   0 0   1 1   2 2   3 3
79 190 4   0 0   1 1   2 2   3 3
80 115 4   0 0   1 1   2 2   3 3
80 100 4   0 0   1 1   2 2   3 3
80 103 4   0 0   1 1   2 2   3 3
80 155 4   0 0   1 1   2 2   3 3
80 142 4   0 0   1 1   2 2   3 3
81 129 4   0 0   1 1   2 2   3 3
81 114 4   0 0   1 1   2 2   3 3
81 166 4   0 0   1 1   2 2   3 3
81 121 4   0 0   1 1   2 2   3 3
82 160 4   0 0   1 1   2 2   3 3
82 138 4   0 0   1 1   2 2   3 3
82 187 4   0 0   1 1   2 2   3 3
83 121 4   0 0   1 1   2 2   3 3
84 87 4   0 0   1 1   2 2   3 3
85 109 4   0 0   1 1   2 2   3 3
86 129 4   0 0   1 1   2 2   3 3
87 140 4   0 0   1 1   2 2   3 3
88 96 4   0 0   1 1   2 2   3 3
88 113 4   0 0   1 1   2 2   3 3
88 101 4   0 0   1 1   2 2   3 3
88 184 4   0 0   1 1   2 2   3 3
88 139 4   0 0   1 1   2 2   3 3
89 132 4   0 0   1 1   2 2   3 3
89 151 4   0 0   1 1   2 2   3 3
89 168 4   0 0   1 1   2 2   3 3
89 185 4   0 0   1 1   2 2   3 3
90 97 4   0 0   1 1   2 2   3 3
90 164 4   0 0   1 1   2 2   3 3
91 100 4   0 0   1 1   2 2   3 3
91 134 4   0 0   1 1   2 2   3 3
91 167 4   0 0   1 1   2 2   3 3
91 186 4   0 0   1 1   2 2   3 3
91 173 4   0 0   1 1   2 2   3 3
92 145 4   0 0   1 1   2 2   3 3
92 117 4   0 0   1 1   2 2   3 3
92 155 4   0 0   1 1   2 2   3 3
93 160 4   0 0   1 1   2 2   3 3
93 182 4   0 0   1 1   2 2   3 3
93 126 4   0 0   1 1   2 2   3 3
94 131 4   0 0   1 1   2 2   3 3
94 135 4   0 0   1 1   2 2   3 3
94 174 4   0 0   1 1   2 2   3 3
95 145 4   0 0   1 1   2 2   3 3
95 122 4   0 0   1 1   2 2   3 3
95 171 4   0 0   1 1   2 2   3 3
95 142 4   0 0   1 1   2 2   3 3
95 111 4   0 0   1 1   2 2   3 3
96 113 4   0 0   1 1   2 2   3 3
96 152 4   0 0   1 1   2 2   3 3
96 159 4   0 0   1 1   2 2   3 3
97 136 4   0 0   1 1   2 2   3 3
97 106 4   0 0   1 1   2 2   3 3
98 109 4   0 0   1 1   2 2   3 3
99 187 4   0 0   1 1   2 2   3 3
100 167 4   0 0   1 1   2 2   3 3
100 103 4   0 0   1 1   2 2   3 3
100 137 4   0 0   1 1   2 2   3 3
100 186 4   0 0   1 1   2 2   3 3
100 190 4   0 0   1 1   2 2   3 3
100 142 4   0 0   1 1   2 2   3 3
101 177 4   0 0   1 1   2 2   3 3
101 184 4   0 0   1 1   2 2   3 3
102 126 4   0 0   1 1   2 2   3 3
103 144 4   0 0   1 1   2 2   3 3
103 115 4   0 0   1 1   2 2   3 3
103 185 4   0 0   1 1   2 2   3 3
103 137 4   0 0   1 1   2 2   3 3
104 149 4   0 0   1 1   2 2   3 3
104 141 4   0 0   1 1   2 2   3 3
104 125 4   0 0   1 1   2 2   3 3
105 149 4   0 0   1 1   2 2   3 3
105 171 4   0 0   1 1   2 2   3 3
105 111 4   0 0   1 1   2 2   3 3
106 136 4   0 0   1 1   2 2   3 3
106 108 4   0 0   1 1   2 2   3 3
107 162 4   0 0   1 1   2 2   3 3
107 182 4   0 0   1 1   2 2   3 3
107 138 4   0 0   1 1   2 2   3 3
108 136 4   0 0   1 1   2 2   3 3
108 124 4   0 0   1 1   2 2   3 3
108 175 4   0 0   1 1   2 2   3 3
111 149 4   0 0   1 1   2 2   3 3
111 170 4   0 0   1 1   2 2   3 3
111 122 4   0 0   1 1   2 2   3 3
111 171 4   0 0   1 1   2 2   3 3
112 128 4   0 0   1 1   2 2   3 3
112 120 4   0 0   1 1   2 2   3 3
112 157 4   0 0   1 1   2 2   3 3
112 158 4   0 0   1 1   2 2   3 3
112 191 4   0 0   1 1   2 2   3 3
113 152 4   0 0   1 1   2 2   3 3
113 139 4   0 0   1 1   2 2   3 3
115 185 4   0 0   1 1   2 2   3 3
115 155 4   0 0   1 1   2 2   3 3
116 148 4   0 0   1 1   2 2   3 3
117 145 4   0 0   1 1   2 2   3 3
118 179 4   0 0   1 1   2 2   3 3
118 147 4   0 0   1 1   2 2   3 3
118 183 4   0 0   1 1   2 2   3 3
118 156 4   0 0   1 1   2 2   3 3
119 163 4   0 0   1 1   2 2   3 3
119 186 4   0 0   1 1   2 2   3 3
120 128 4   0 0   1 1   2 2   3 3
120 162 4   0 0   1 1   2 2   3 3
120 123 4   0 0   1 1   2 2   3 3
120 191 4   0 0   1 1   2 2   3 3
121 129 4   0 0   1 1   2 2   3 3
121 130 4   0 0   1 1   2 2   3 3
121 156 4   0 0   1 1   2 2   3 3
122 145 4   0 0   1 1   2 2   3 3
122 170 4   0 0   1 1   2 2   3 3
123 162 4   0 0   1 1   2 2   3 3
123 158 4   0 0   1 1   2 2   3 3
123 191 4   0 0   1 1   2 2   3 3
124 129 4   0 0   1 1   2 2   3 3
124 130 4   0 0   1 1   2 2   3 3
124 175 4   0 0   1 1   2 2   3 3
125 146 4   0 0   1 1   2 2   3 3
125 184 4   0 0   1 1   2 2   3 3
125 141 4   0 0   1 1   2 2   3 3
126 160 4   0 0   1 1   2 2   3 3
126 187 4   0 0   1 1   2 2   3 3
127 163 4   0 0   1 1   2 2   3 3
127 168 4   0 0   1 1   2 2   3 3
127 153 4   0 0   1 1   2 2   3 3
127 143 4   0 0   1 1   2 2   3 3
129 130 4   0 0   1 1   2 2   3 3
129 166 4   0 0   1 1   2 2   3 3
130 179 4   0 0   1 1   2 2   3 3
130 156 4   0 0   1 1   2 2   3 3
131 135 4   0 0   1 1   2 2   3 3
132 185 4   0 0   1 1   2 2   3 3
133 181 4   0 0   1 1   2 2   3 3
133 184 4   0 0   1 1   2 2   3 3
133 154 4   0 0   1 1   2 2   3 3
133 139 4   0 0   1 1   2 2   3 3
134 173 4   0 0   1 1   2 2   3 3
135 157 4   0 0   1 1   2 2   3 3
136 140 4   0 0   1 1   2 2   3 3
137 144 4   0 0   1 1   2 2   3 3
137 186 4   0 0   1 1   2 2   3 3
138 160 4   0 0   1 1   2 2   3 3
139 184 4   0 0   1 1   2 2   3 3
139 152 4   0 0   1 1   2 2   3 3
139 159 4   0 0   1 1   2 2   3 3
141 184 4   0 0   1 1   2 2   3 3
141 154 4   0 0   1 1   2 2   3 3
142 145 4   0 0   1 1   2 2   3 3
142 171 4   0 0   1 1   2 2   3 3
142 155 4   0 0   1 1   2 2   3 3
142 190 4   0 0   1 1   2 2   3 3
143 163 4   0 0   1 1   2 2   3 3
146 184 4   0 0   1 1   2 2   3 3
147 179 4   0 0   1 1   2 2   3 3
147 183 4   0 0   1 1   2 2   3 3
147 175 4   0 0   1 1   2 2   3 3
148 174 4   0 0   1 1   2 2   3 3
149 164 4   0 0   1 1   2 2   3 3
149 170 4   0 0   1 1   2 2   3 3
150 178 4   0 0   1 1   2 2   3 3
150 181 4   0 0   1 1   2 2   3 3
150 154 4   0 0   1 1   2 2   3 3
151 168 4   0 0   1 1   2 2   3 3
151 153 4   0 0   1 1   2 2   3 3
152 159 4   0 0   1 1   2 2   3 3
153 168 4   0 0   1 1   2 2   3 3
154 178 4   0 0   1 1   2 2   3 3
154 181 4   0 0   1 1   2 2   3 3
154 184 4   0 0   1 1   2 2   3 3
156 179 4   0 0   1 1   2 2   3 3
157 172 4   0 0   1 1   2 2   3 3
157 158 4   0 0   1 1   2 2   3 3
158 191 4   0 0   1 1   2 2   3 3
159 189 4   0 0   1 1   2 2   3 3
160 182 4   0 0   1 1   2 2   3 3
160 187 4   0 0   1 1   2 2   3 3
161 188 4   0 0   1 1   2 2   3 3
161 189 4   0 0   1 1   2 2   3 3
164 180 4   0 0   1 1   2 2   3 3
164 170 4   0 0   1 1   2 2   3 3
165 177 4   0 0   1 1   2 2   3 3
167 169 4   0 0   1 1   2 2   3 3
167 173 4   0 0   1 1   2 2   3 3
167 190 4   0 0   1 1   2 2   3 3
169 173 4   0 0   1 1   2 2   3 3
169 190 4   0 0   1 1   2 2   3 3
171 190 4   0 0   1 1   2 2   3 3
174 177 4   0 0   1 1   2 2   3 3
175 183 4   0 0   1 1   2 2   3 3
188 189 4   0 0   1 1   2 2   3 3
