106
1 4 0 1 2 3
2 4 0 1 2 3
3 4 0 1 2 3
4 4 0 1 2 3
5 4 0 1 2 3
6 4 0 1 2 3
7 4 0 1 2 3
8 4 0 1 2 3
9 4 0 1 2 3
10 4 0 1 2 3
11 4 0 1 2 3
12 4 0 1 2 3
13 4 0 1 2 3
14 4 0 1 2 3
15 4 0 1 2 3
16 4 0 1 2 3
17 4 0 1 2 3
18 4 0 1 2 3
19 4 0 1 2 3
20 4 0 1 2 3
21 4 0 1 2 3
22 4 0 1 2 3
23 4 0 1 2 3
24 4 0 1 2 3
25 4 0 1 2 3
26 4 0 1 2 3
27 4 0 1 2 3
28 4 0 1 2 3
29 4 0 1 2 3
30 4 0 1 2 3
31 4 0 1 2 3
32 4 0 1 2 3
33 4 0 1 2 3
34 4 0 1 2 3
35 4 0 1 2 3
36 4 0 1 2 3
37 4 0 1 2 3
38 4 0 1 2 3
39 4 0 1 2 3
40 4 0 1 2 3
41 4 0 1 2 3
42 4 0 1 2 3
43 4 0 1 2 3
44 4 0 1 2 3
45 4 0 1 2 3
46 4 0 1 2 3
47 4 0 1 2 3
48 4 0 1 2 3
49 4 0 1 2 3
50 4 0 1 2 3
51 4 0 1 2 3
52 4 0 1 2 3
53 4 0 1 2 3
54 4 0 1 2 3
55 4 0 1 2 3
56 4 0 1 2 3
57 4 0 1 2 3
58 4 0 1 2 3
59 4 0 1 2 3
60 4 0 1 2 3
61 4 0 1 2 3
62 4 0 1 2 3
63 4 0 1 2 3
64 4 0 1 2 3
65 4 0 1 2 3
66 4 0 1 2 3
67 4 0 1 2 3
68 4 0 1 2 3
69 4 0 1 2 3
70 4 0 1 2 3
71 4 0 1 2 3
72 4 0 1 2 3
73 4 0 1 2 3
74 4 0 1 2 3
75 4 0 1 2 3
76 4 0 1 2 3
77 4 0 1 2 3
78 4 0 1 2 3
79 4 0 1 2 3
80 4 0 1 2 3
81 4 0 1 2 3
82 4 0 1 2 3
83 4 0 1 2 3
84 4 0 1 2 3
85 4 0 1 2 3
86 4 0 1 2 3
87 4 0 1 2 3
88 4 0 1 2 3
89 4 0 1 2 3
90 4 0 1 2 3
91 4 0 1 2 3
92 4 0 1 2 3
93 4 0 1 2 3
94 4 0 1 2 3
95 4 0 1 2 3
96 4 0 1 2 3
97 4 0 1 2 3
98 4 0 1 2 3
99 4 0 1 2 3
100 4 0 1 2 3
101 4 0 1 2 3
102 4 0 1 2 3
103 4 0 1 2 3
104 4 0 1 2 3
105 4 0 1 2 3
106 4 0 1 2 3
278
1 22 4   0 0   1 1   2 2   3 3
1 88 4   0 0   1 1   2 2   3 3
1 26 4   0 0   1 1   2 2   3 3
1 60 4   0 0   1 1   2 2   3 3
1 15 4   0 0   1 1   2 2   3 3
1 47 4   0 0   1 1   2 2   3 3
2 97 4   0 0   1 1   2 2   3 3
2 7 4   0 0   1 1   2 2   3 3
2 43 4   0 0   1 1   2 2   3 3
3 96 4   0 0   1 1   2 2   3 3
3 99 4   0 0   1 1   2 2   3 3
3 26 4   0 0   1 1   2 2   3 3
3 60 4   0 0   1 1   2 2   3 3
3 13 4   0 0   1 1   2 2   3 3
4 36 4   0 0   1 1   2 2   3 3
4 53 4   0 0   1 1   2 2   3 3
4 9 4   0 0   1 1   2 2   3 3
4 42 4   0 0   1 1   2 2   3 3
4 78 4   0 0   1 1   2 2   3 3
5 49 4   0 0   1 1   2 2   3 3
5 100 4   0 0   1 1   2 2   3 3
5 24 4   0 0   1 1   2 2   3 3
5 106 4   0 0   1 1   2 2   3 3
5 90 4   0 0   1 1   2 2   3 3
6 85 4   0 0   1 1   2 2   3 3
6 106 4   0 0   1 1   2 2   3 3
6 11 4   0 0   1 1   2 2   3 3
6 47 4   0 0   1 1   2 2   3 3
6 63 4   0 0   1 1   2 2   3 3
7 97 4   0 0   1 1   2 2   3 3
7 27 4   0 0   1 1   2 2   3 3
7 75 4   0 0   1 1   2 2   3 3
7 46 4   0 0   1 1   2 2   3 3
8 82 4   0 0   1 1   2 2   3 3
8 98 4   0 0   1 1   2 2   3 3
8 20 4   0 0   1 1   2 2   3 3
8 101 4   0 0   1 1   2 2   3 3
8 21 4   0 0   1 1   2 2   3 3
9 36 4   0 0   1 1   2 2   3 3
9 21 4   0 0   1 1   2 2   3 3
9 23 4   0 0   1 1   2 2   3 3
9 62 4   0 0   1 1   2 2   3 3
9 78 4   0 0   1 1   2 2   3 3
10 48 4   0 0   1 1   2 2   3 3
10 19 4   0 0   1 1   2 2   3 3
10 22 4   0 0   1 1   2 2   3 3
10 72 4   0 0   1 1   2 2   3 3
11 34 4   0 0   1 1   2 2   3 3
11 19 4   0 0   1 1   2 2   3 3
11 25 4   0 0   1 1   2 2   3 3
11 106 4   0 0   1 1   2 2   3 3
11 47 4   0 0   1 1   2 2   3 3
12 51 4   0 0   1 1   2 2   3 3
12 56 4   0 0   1 1   2 2   3 3
12 40 4   0 0   1 1   2 2   3 3
12 57 4   0 0   1 1   2 2   3 3
12 44 4   0 0   1 1   2 2   3 3
13 96 4   0 0   1 1   2 2   3 3
13 16 4   0 0   1 1   2 2   3 3
13 26 4   0 0   1 1   2 2   3 3
13 29 4   0 0   1 1   2 2   3 3
14 18 4   0 0   1 1   2 2   3 3
14 35 4   0 0   1 1   2 2   3 3
14 37 4   0 0   1 1   2 2   3 3
14 72 4   0 0   1 1   2 2   3 3
14 61 4   0 0   1 1   2 2   3 3
15 32 4   0 0   1 1   2 2   3 3
15 48 4   0 0   1 1   2 2   3 3
15 99 4   0 0   1 1   2 2   3 3
15 22 4   0 0   1 1   2 2   3 3
15 60 4   0 0   1 1   2 2   3 3
16 65 4   0 0   1 1   2 2   3 3
16 66 4   0 0   1 1   2 2   3 3
16 68 4   0 0   1 1   2 2   3 3
16 86 4   0 0   1 1   2 2   3 3
16 71 4   0 0   1 1   2 2   3 3
16 88 4   0 0   1 1   2 2   3 3
16 26 4   0 0   1 1   2 2   3 3
16 29 4   0 0   1 1   2 2   3 3
17 21 4   0 0   1 1   2 2   3 3
17 38 4   0 0   1 1   2 2   3 3
17 23 4   0 0   1 1   2 2   3 3
17 104 4   0 0   1 1   2 2   3 3
18 19 4   0 0   1 1   2 2   3 3
18 72 4   0 0   1 1   2 2   3 3
18 61 4   0 0   1 1   2 2   3 3
19 34 4   0 0   1 1   2 2   3 3
19 22 4   0 0   1 1   2 2   3 3
19 72 4   0 0   1 1   2 2   3 3
19 61 4   0 0   1 1   2 2   3 3
19 47 4   0 0   1 1   2 2   3 3
20 33 4   0 0   1 1   2 2   3 3
20 82 4   0 0   1 1   2 2   3 3
20 21 4   0 0   1 1   2 2   3 3
21 98 4   0 0   1 1   2 2   3 3
21 38 4   0 0   1 1   2 2   3 3
21 23 4   0 0   1 1   2 2   3 3
21 58 4   0 0   1 1   2 2   3 3
21 76 4   0 0   1 1   2 2   3 3
22 48 4   0 0   1 1   2 2   3 3
22 47 4   0 0   1 1   2 2   3 3
23 104 4   0 0   1 1   2 2   3 3
23 62 4   0 0   1 1   2 2   3 3
24 100 4   0 0   1 1   2 2   3 3
24 54 4   0 0   1 1   2 2   3 3
24 39 4   0 0   1 1   2 2   3 3
24 25 4   0 0   1 1   2 2   3 3
24 106 4   0 0   1 1   2 2   3 3
24 92 4   0 0   1 1   2 2   3 3
24 28 4   0 0   1 1   2 2   3 3
25 34 4   0 0   1 1   2 2   3 3
25 35 4   0 0   1 1   2 2   3 3
25 74 4   0 0   1 1   2 2   3 3
25 106 4   0 0   1 1   2 2   3 3
25 92 4   0 0   1 1   2 2   3 3
26 88 4   0 0   1 1   2 2   3 3
26 60 4   0 0   1 1   2 2   3 3
27 50 4   0 0   1 1   2 2   3 3
27 46 4   0 0   1 1   2 2   3 3
28 84 4   0 0   1 1   2 2   3 3
28 54 4   0 0   1 1   2 2   3 3
28 39 4   0 0   1 1   2 2   3 3
28 57 4   0 0   1 1   2 2   3 3
29 96 4   0 0   1 1   2 2   3 3
29 65 4   0 0   1 1   2 2   3 3
29 59 4   0 0   1 1   2 2   3 3
29 79 4   0 0   1 1   2 2   3 3
29 95 4   0 0   1 1   2 2   3 3
30 41 4   0 0   1 1   2 2   3 3
30 58 4   0 0   1 1   2 2   3 3
30 76 4   0 0   1 1   2 2   3 3
31 65 4   0 0   1 1   2 2   3 3
31 52 4   0 0   1 1   2 2   3 3
31 87 4   0 0   1 1   2 2   3 3
31 105 4   0 0   1 1   2 2   3 3
31 75 4   0 0   1 1   2 2   3 3
31 95 4   0 0   1 1   2 2   3 3
32 48 4   0 0   1 1   2 2   3 3
32 99 4   0 0   1 1   2 2   3 3
33 82 4   0 0   1 1   2 2   3 3
33 44 4   0 0   1 1   2 2   3 3
33 45 4   0 0   1 1   2 2   3 3
34 35 4   0 0   1 1   2 2   3 3
34 61 4   0 0   1 1   2 2   3 3
35 37 4   0 0   1 1   2 2   3 3
35 55 4   0 0   1 1   2 2   3 3
35 74 4   0 0   1 1   2 2   3 3
35 61 4   0 0   1 1   2 2   3 3
35 93 4   0 0   1 1   2 2   3 3
36 50 4   0 0   1 1   2 2   3 3
36 67 4   0 0   1 1   2 2   3 3
36 42 4   0 0   1 1   2 2   3 3
36 62 4   0 0   1 1   2 2   3 3
37 55 4   0 0   1 1   2 2   3 3
38 58 4   0 0   1 1   2 2   3 3
39 100 4   0 0   1 1   2 2   3 3
39 57 4   0 0   1 1   2 2   3 3
39 90 4   0 0   1 1   2 2   3 3
40 57 4   0 0   1 1   2 2   3 3
40 44 4   0 0   1 1   2 2   3 3
40 45 4   0 0   1 1   2 2   3 3
41 58 4   0 0   1 1   2 2   3 3
41 76 4   0 0   1 1   2 2   3 3
42 50 4   0 0   1 1   2 2   3 3
42 53 4   0 0   1 1   2 2   3 3
42 87 4   0 0   1 1   2 2   3 3
42 73 4   0 0   1 1   2 2   3 3
42 77 4   0 0   1 1   2 2   3 3
43 97 4   0 0   1 1   2 2   3 3
43 52 4   0 0   1 1   2 2   3 3
43 103 4   0 0   1 1   2 2   3 3
44 82 4   0 0   1 1   2 2   3 3
44 51 4   0 0   1 1   2 2   3 3
44 45 4   0 0   1 1   2 2   3 3
46 50 4   0 0   1 1   2 2   3 3
46 87 4   0 0   1 1   2 2   3 3
46 75 4   0 0   1 1   2 2   3 3
47 80 4   0 0   1 1   2 2   3 3
47 69 4   0 0   1 1   2 2   3 3
47 85 4   0 0   1 1   2 2   3 3
47 88 4   0 0   1 1   2 2   3 3
49 51 4   0 0   1 1   2 2   3 3
49 106 4   0 0   1 1   2 2   3 3
49 90 4   0 0   1 1   2 2   3 3
49 78 4   0 0   1 1   2 2   3 3
49 63 4   0 0   1 1   2 2   3 3
50 67 4   0 0   1 1   2 2   3 3
50 87 4   0 0   1 1   2 2   3 3
51 98 4   0 0   1 1   2 2   3 3
51 82 4   0 0   1 1   2 2   3 3
51 101 4   0 0   1 1   2 2   3 3
51 56 4   0 0   1 1   2 2   3 3
51 90 4   0 0   1 1   2 2   3 3
51 78 4   0 0   1 1   2 2   3 3
52 97 4   0 0   1 1   2 2   3 3
52 103 4   0 0   1 1   2 2   3 3
52 75 4   0 0   1 1   2 2   3 3
52 95 4   0 0   1 1   2 2   3 3
53 73 4   0 0   1 1   2 2   3 3
53 78 4   0 0   1 1   2 2   3 3
54 64 4   0 0   1 1   2 2   3 3
54 81 4   0 0   1 1   2 2   3 3
54 84 4   0 0   1 1   2 2   3 3
54 91 4   0 0   1 1   2 2   3 3
54 92 4   0 0   1 1   2 2   3 3
55 93 4   0 0   1 1   2 2   3 3
56 57 4   0 0   1 1   2 2   3 3
56 90 4   0 0   1 1   2 2   3 3
57 84 4   0 0   1 1   2 2   3 3
57 90 4   0 0   1 1   2 2   3 3
58 76 4   0 0   1 1   2 2   3 3
59 96 4   0 0   1 1   2 2   3 3
59 79 4   0 0   1 1   2 2   3 3
60 99 4   0 0   1 1   2 2   3 3
62 67 4   0 0   1 1   2 2   3 3
62 104 4   0 0   1 1   2 2   3 3
63 85 4   0 0   1 1   2 2   3 3
63 73 4   0 0   1 1   2 2   3 3
63 106 4   0 0   1 1   2 2   3 3
63 94 4   0 0   1 1   2 2   3 3
63 78 4   0 0   1 1   2 2   3 3
64 81 4   0 0   1 1   2 2   3 3
64 89 4   0 0   1 1   2 2   3 3
64 91 4   0 0   1 1   2 2   3 3
65 86 4   0 0   1 1   2 2   3 3
65 105 4   0 0   1 1   2 2   3 3
65 95 4   0 0   1 1   2 2   3 3
66 80 4   0 0   1 1   2 2   3 3
66 68 4   0 0   1 1   2 2   3 3
66 70 4   0 0   1 1   2 2   3 3
66 88 4   0 0   1 1   2 2   3 3
67 104 4   0 0   1 1   2 2   3 3
68 70 4   0 0   1 1   2 2   3 3
68 102 4   0 0   1 1   2 2   3 3
68 71 4   0 0   1 1   2 2   3 3
68 94 4   0 0   1 1   2 2   3 3
69 80 4   0 0   1 1   2 2   3 3
69 88 4   0 0   1 1   2 2   3 3
70 80 4   0 0   1 1   2 2   3 3
70 85 4   0 0   1 1   2 2   3 3
70 94 4   0 0   1 1   2 2   3 3
71 86 4   0 0   1 1   2 2   3 3
71 102 4   0 0   1 1   2 2   3 3
71 105 4   0 0   1 1   2 2   3 3
71 73 4   0 0   1 1   2 2   3 3
73 102 4   0 0   1 1   2 2   3 3
73 105 4   0 0   1 1   2 2   3 3
73 77 4   0 0   1 1   2 2   3 3
73 94 4   0 0   1 1   2 2   3 3
73 78 4   0 0   1 1   2 2   3 3
74 83 4   0 0   1 1   2 2   3 3
74 92 4   0 0   1 1   2 2   3 3
74 93 4   0 0   1 1   2 2   3 3
75 97 4   0 0   1 1   2 2   3 3
75 87 4   0 0   1 1   2 2   3 3
77 87 4   0 0   1 1   2 2   3 3
77 105 4   0 0   1 1   2 2   3 3
78 98 4   0 0   1 1   2 2   3 3
79 103 4   0 0   1 1   2 2   3 3
79 95 4   0 0   1 1   2 2   3 3
80 85 4   0 0   1 1   2 2   3 3
80 88 4   0 0   1 1   2 2   3 3
81 84 4   0 0   1 1   2 2   3 3
81 89 4   0 0   1 1   2 2   3 3
82 101 4   0 0   1 1   2 2   3 3
83 89 4   0 0   1 1   2 2   3 3
83 91 4   0 0   1 1   2 2   3 3
83 92 4   0 0   1 1   2 2   3 3
83 93 4   0 0   1 1   2 2   3 3
85 94 4   0 0   1 1   2 2   3 3
86 105 4   0 0   1 1   2 2   3 3
87 105 4   0 0   1 1   2 2   3 3
89 91 4   0 0   1 1   2 2   3 3
89 93 4   0 0   1 1   2 2   3 3
90 100 4   0 0   1 1   2 2   3 3
94 102 4   0 0   1 1   2 2   3 3
95 103 4   0 0   1 1   2 2   3 3
98 101 4   0 0   1 1   2 2   3 3
