151
1 4 0 1 2 3
2 4 0 1 2 3
3 4 0 1 2 3
4 4 0 1 2 3
5 4 0 1 2 3
6 4 0 1 2 3
7 4 0 1 2 3
8 4 0 1 2 3
9 4 0 1 2 3
10 4 0 1 2 3
11 4 0 1 2 3
12 4 0 1 2 3
13 4 0 1 2 3
14 4 0 1 2 3
15 4 0 1 2 3
16 4 0 1 2 3
17 4 0 1 2 3
18 4 0 1 2 3
19 4 0 1 2 3
20 4 0 1 2 3
21 4 0 1 2 3
22 4 0 1 2 3
23 4 0 1 2 3
24 4 0 1 2 3
25 4 0 1 2 3
26 4 0 1 2 3
27 4 0 1 2 3
28 4 0 1 2 3
29 4 0 1 2 3
30 4 0 1 2 3
31 4 0 1 2 3
32 4 0 1 2 3
33 4 0 1 2 3
34 4 0 1 2 3
35 4 0 1 2 3
36 4 0 1 2 3
37 4 0 1 2 3
38 4 0 1 2 3
39 4 0 1 2 3
40 4 0 1 2 3
41 4 0 1 2 3
42 4 0 1 2 3
43 4 0 1 2 3
44 4 0 1 2 3
45 4 0 1 2 3
46 4 0 1 2 3
47 4 0 1 2 3
48 4 0 1 2 3
49 4 0 1 2 3
50 4 0 1 2 3
51 4 0 1 2 3
52 4 0 1 2 3
53 4 0 1 2 3
54 4 0 1 2 3
55 4 0 1 2 3
56 4 0 1 2 3
57 4 0 1 2 3
58 4 0 1 2 3
59 4 0 1 2 3
60 4 0 1 2 3
61 4 0 1 2 3
62 4 0 1 2 3
63 4 0 1 2 3
64 4 0 1 2 3
65 4 0 1 2 3
66 4 0 1 2 3
67 4 0 1 2 3
68 4 0 1 2 3
69 4 0 1 2 3
70 4 0 1 2 3
71 4 0 1 2 3
72 4 0 1 2 3
73 4 0 1 2 3
74 4 0 1 2 3
75 4 0 1 2 3
76 4 0 1 2 3
77 4 0 1 2 3
78 4 0 1 2 3
79 4 0 1 2 3
80 4 0 1 2 3
81 4 0 1 2 3
82 4 0 1 2 3
83 4 0 1 2 3
84 4 0 1 2 3
85 4 0 1 2 3
86 4 0 1 2 3
87 4 0 1 2 3
88 4 0 1 2 3
89 4 0 1 2 3
90 4 0 1 2 3
91 4 0 1 2 3
92 4 0 1 2 3
93 4 0 1 2 3
94 4 0 1 2 3
95 4 0 1 2 3
96 4 0 1 2 3
97 4 0 1 2 3
98 4 0 1 2 3
99 4 0 1 2 3
100 4 0 1 2 3
101 4 0 1 2 3
102 4 0 1 2 3
103 4 0 1 2 3
104 4 0 1 2 3
105 4 0 1 2 3
106 4 0 1 2 3
107 4 0 1 2 3
108 4 0 1 2 3
109 4 0 1 2 3
110 4 0 1 2 3
111 4 0 1 2 3
112 4 0 1 2 3
113 4 0 1 2 3
114 4 0 1 2 3
115 4 0 1 2 3
116 4 0 1 2 3
117 4 0 1 2 3
118 4 0 1 2 3
119 4 0 1 2 3
120 4 0 1 2 3
121 4 0 1 2 3
122 4 0 1 2 3
123 4 0 1 2 3
124 4 0 1 2 3
125 4 0 1 2 3
126 4 0 1 2 3
127 4 0 1 2 3
128 4 0 1 2 3
129 4 0 1 2 3
130 4 0 1 2 3
131 4 0 1 2 3
132 4 0 1 2 3
133 4 0 1 2 3
134 4 0 1 2 3
135 4 0 1 2 3
136 4 0 1 2 3
137 4 0 1 2 3
138 4 0 1 2 3
139 4 0 1 2 3
140 4 0 1 2 3
141 4 0 1 2 3
142 4 0 1 2 3
143 4 0 1 2 3
144 4 0 1 2 3
145 4 0 1 2 3
146 4 0 1 2 3
147 4 0 1 2 3
148 4 0 1 2 3
149 4 0 1 2 3
150 4 0 1 2 3
151 4 0 1 2 3
409
1 52 4   0 0   1 1   2 2   3 3
1 5 4   0 0   1 1   2 2   3 3
1 139 4   0 0   1 1   2 2   3 3
1 30 4   0 0   1 1   2 2   3 3
2 145 4   0 0   1 1   2 2   3 3
2 81 4   0 0   1 1   2 2   3 3
2 38 4   0 0   1 1   2 2   3 3
2 151 4   0 0   1 1   2 2   3 3
2 89 4   0 0   1 1   2 2   3 3
2 94 4   0 0   1 1   2 2   3 3
2 14 4   0 0   1 1   2 2   3 3
3 144 4   0 0   1 1   2 2   3 3
3 4 4   0 0   1 1   2 2   3 3
3 22 4   0 0   1 1   2 2   3 3
3 55 4   0 0   1 1   2 2   3 3
3 24 4   0 0   1 1   2 2   3 3
3 41 4   0 0   1 1   2 2   3 3
3 110 4   0 0   1 1   2 2   3 3
4 144 4   0 0   1 1   2 2   3 3
4 99 4   0 0   1 1   2 2   3 3
4 22 4   0 0   1 1   2 2   3 3
5 52 4   0 0   1 1   2 2   3 3
5 25 4   0 0   1 1   2 2   3 3
5 142 4   0 0   1 1   2 2   3 3
6 134 4   0 0   1 1   2 2   3 3
6 44 4   0 0   1 1   2 2   3 3
6 45 4   0 0   1 1   2 2   3 3
6 46 4   0 0   1 1   2 2   3 3
7 102 4   0 0   1 1   2 2   3 3
7 103 4   0 0   1 1   2 2   3 3
7 10 4   0 0   1 1   2 2   3 3
8 21 4   0 0   1 1   2 2   3 3
8 54 4   0 0   1 1   2 2   3 3
8 91 4   0 0   1 1   2 2   3 3
8 13 4   0 0   1 1   2 2   3 3
9 64 4   0 0   1 1   2 2   3 3
9 112 4   0 0   1 1   2 2   3 3
9 84 4   0 0   1 1   2 2   3 3
9 72 4   0 0   1 1   2 2   3 3
10 133 4   0 0   1 1   2 2   3 3
10 86 4   0 0   1 1   2 2   3 3
10 102 4   0 0   1 1   2 2   3 3
10 136 4   0 0   1 1   2 2   3 3
11 48 4   0 0   1 1   2 2   3 3
11 67 4   0 0   1 1   2 2   3 3
11 53 4   0 0   1 1   2 2   3 3
11 71 4   0 0   1 1   2 2   3 3
11 87 4   0 0   1 1   2 2   3 3
11 121 4   0 0   1 1   2 2   3 3
11 125 4   0 0   1 1   2 2   3 3
12 84 4   0 0   1 1   2 2   3 3
12 132 4   0 0   1 1   2 2   3 3
12 141 4   0 0   1 1   2 2   3 3
12 110 4   0 0   1 1   2 2   3 3
12 143 4   0 0   1 1   2 2   3 3
13 33 4   0 0   1 1   2 2   3 3
13 19 4   0 0   1 1   2 2   3 3
13 147 4   0 0   1 1   2 2   3 3
13 36 4   0 0   1 1   2 2   3 3
13 21 4   0 0   1 1   2 2   3 3
13 91 4   0 0   1 1   2 2   3 3
13 123 4   0 0   1 1   2 2   3 3
14 145 4   0 0   1 1   2 2   3 3
14 87 4   0 0   1 1   2 2   3 3
14 42 4   0 0   1 1   2 2   3 3
14 94 4   0 0   1 1   2 2   3 3
14 127 4   0 0   1 1   2 2   3 3
14 111 4   0 0   1 1   2 2   3 3
15 132 4   0 0   1 1   2 2   3 3
15 55 4   0 0   1 1   2 2   3 3
15 23 4   0 0   1 1   2 2   3 3
15 29 4   0 0   1 1   2 2   3 3
16 96 4   0 0   1 1   2 2   3 3
16 32 4   0 0   1 1   2 2   3 3
16 84 4   0 0   1 1   2 2   3 3
16 132 4   0 0   1 1   2 2   3 3
16 72 4   0 0   1 1   2 2   3 3
16 29 4   0 0   1 1   2 2   3 3
17 38 4   0 0   1 1   2 2   3 3
17 151 4   0 0   1 1   2 2   3 3
17 56 4   0 0   1 1   2 2   3 3
17 124 4   0 0   1 1   2 2   3 3
18 65 4   0 0   1 1   2 2   3 3
18 146 4   0 0   1 1   2 2   3 3
18 131 4   0 0   1 1   2 2   3 3
18 35 4   0 0   1 1   2 2   3 3
18 126 4   0 0   1 1   2 2   3 3
18 31 4   0 0   1 1   2 2   3 3
19 33 4   0 0   1 1   2 2   3 3
19 115 4   0 0   1 1   2 2   3 3
19 150 4   0 0   1 1   2 2   3 3
19 137 4   0 0   1 1   2 2   3 3
19 123 4   0 0   1 1   2 2   3 3
20 50 4   0 0   1 1   2 2   3 3
20 66 4   0 0   1 1   2 2   3 3
20 68 4   0 0   1 1   2 2   3 3
20 70 4   0 0   1 1   2 2   3 3
20 22 4   0 0   1 1   2 2   3 3
20 41 4   0 0   1 1   2 2   3 3
21 147 4   0 0   1 1   2 2   3 3
21 107 4   0 0   1 1   2 2   3 3
22 99 4   0 0   1 1   2 2   3 3
22 68 4   0 0   1 1   2 2   3 3
22 41 4   0 0   1 1   2 2   3 3
23 144 4   0 0   1 1   2 2   3 3
23 55 4   0 0   1 1   2 2   3 3
23 24 4   0 0   1 1   2 2   3 3
23 29 4   0 0   1 1   2 2   3 3
23 47 4   0 0   1 1   2 2   3 3
23 79 4   0 0   1 1   2 2   3 3
24 144 4   0 0   1 1   2 2   3 3
24 55 4   0 0   1 1   2 2   3 3
25 130 4   0 0   1 1   2 2   3 3
25 83 4   0 0   1 1   2 2   3 3
25 52 4   0 0   1 1   2 2   3 3
25 149 4   0 0   1 1   2 2   3 3
25 85 4   0 0   1 1   2 2   3 3
25 142 4   0 0   1 1   2 2   3 3
26 64 4   0 0   1 1   2 2   3 3
26 129 4   0 0   1 1   2 2   3 3
26 101 4   0 0   1 1   2 2   3 3
26 90 4   0 0   1 1   2 2   3 3
27 51 4   0 0   1 1   2 2   3 3
27 121 4   0 0   1 1   2 2   3 3
27 74 4   0 0   1 1   2 2   3 3
27 108 4   0 0   1 1   2 2   3 3
28 145 4   0 0   1 1   2 2   3 3
28 129 4   0 0   1 1   2 2   3 3
28 117 4   0 0   1 1   2 2   3 3
28 42 4   0 0   1 1   2 2   3 3
29 32 4   0 0   1 1   2 2   3 3
29 132 4   0 0   1 1   2 2   3 3
29 47 4   0 0   1 1   2 2   3 3
30 128 4   0 0   1 1   2 2   3 3
30 139 4   0 0   1 1   2 2   3 3
31 65 4   0 0   1 1   2 2   3 3
31 98 4   0 0   1 1   2 2   3 3
31 139 4   0 0   1 1   2 2   3 3
31 126 4   0 0   1 1   2 2   3 3
32 96 4   0 0   1 1   2 2   3 3
32 148 4   0 0   1 1   2 2   3 3
32 69 4   0 0   1 1   2 2   3 3
32 126 4   0 0   1 1   2 2   3 3
32 47 4   0 0   1 1   2 2   3 3
33 36 4   0 0   1 1   2 2   3 3
33 119 4   0 0   1 1   2 2   3 3
33 137 4   0 0   1 1   2 2   3 3
33 57 4   0 0   1 1   2 2   3 3
34 48 4   0 0   1 1   2 2   3 3
34 82 4   0 0   1 1   2 2   3 3
34 92 4   0 0   1 1   2 2   3 3
34 76 4   0 0   1 1   2 2   3 3
34 125 4   0 0   1 1   2 2   3 3
35 96 4   0 0   1 1   2 2   3 3
35 131 4   0 0   1 1   2 2   3 3
35 116 4   0 0   1 1   2 2   3 3
35 117 4   0 0   1 1   2 2   3 3
35 69 4   0 0   1 1   2 2   3 3
35 72 4   0 0   1 1   2 2   3 3
35 126 4   0 0   1 1   2 2   3 3
36 147 4   0 0   1 1   2 2   3 3
36 134 4   0 0   1 1   2 2   3 3
36 119 4   0 0   1 1   2 2   3 3
36 95 4   0 0   1 1   2 2   3 3
37 113 4   0 0   1 1   2 2   3 3
37 88 4   0 0   1 1   2 2   3 3
37 90 4   0 0   1 1   2 2   3 3
37 95 4   0 0   1 1   2 2   3 3
38 151 4   0 0   1 1   2 2   3 3
38 89 4   0 0   1 1   2 2   3 3
38 124 4   0 0   1 1   2 2   3 3
39 113 4   0 0   1 1   2 2   3 3
39 118 4   0 0   1 1   2 2   3 3
39 88 4   0 0   1 1   2 2   3 3
39 120 4   0 0   1 1   2 2   3 3
39 73 4   0 0   1 1   2 2   3 3
39 58 4   0 0   1 1   2 2   3 3
39 77 4   0 0   1 1   2 2   3 3
40 97 4   0 0   1 1   2 2   3 3
40 59 4   0 0   1 1   2 2   3 3
41 50 4   0 0   1 1   2 2   3 3
41 106 4   0 0   1 1   2 2   3 3
41 110 4   0 0   1 1   2 2   3 3
41 143 4   0 0   1 1   2 2   3 3
42 129 4   0 0   1 1   2 2   3 3
42 145 4   0 0   1 1   2 2   3 3
42 67 4   0 0   1 1   2 2   3 3
42 111 4   0 0   1 1   2 2   3 3
43 114 4   0 0   1 1   2 2   3 3
43 103 4   0 0   1 1   2 2   3 3
43 105 4   0 0   1 1   2 2   3 3
44 134 4   0 0   1 1   2 2   3 3
44 136 4   0 0   1 1   2 2   3 3
44 107 4   0 0   1 1   2 2   3 3
44 75 4   0 0   1 1   2 2   3 3
44 45 4   0 0   1 1   2 2   3 3
45 80 4   0 0   1 1   2 2   3 3
45 75 4   0 0   1 1   2 2   3 3
45 46 4   0 0   1 1   2 2   3 3
46 80 4   0 0   1 1   2 2   3 3
46 113 4   0 0   1 1   2 2   3 3
46 134 4   0 0   1 1   2 2   3 3
46 73 4   0 0   1 1   2 2   3 3
46 95 4   0 0   1 1   2 2   3 3
47 148 4   0 0   1 1   2 2   3 3
47 61 4   0 0   1 1   2 2   3 3
47 79 4   0 0   1 1   2 2   3 3
48 82 4   0 0   1 1   2 2   3 3
48 67 4   0 0   1 1   2 2   3 3
48 125 4   0 0   1 1   2 2   3 3
49 52 4   0 0   1 1   2 2   3 3
49 149 4   0 0   1 1   2 2   3 3
49 61 4   0 0   1 1   2 2   3 3
49 79 4   0 0   1 1   2 2   3 3
50 70 4   0 0   1 1   2 2   3 3
50 104 4   0 0   1 1   2 2   3 3
50 106 4   0 0   1 1   2 2   3 3
50 122 4   0 0   1 1   2 2   3 3
50 141 4   0 0   1 1   2 2   3 3
51 151 4   0 0   1 1   2 2   3 3
51 56 4   0 0   1 1   2 2   3 3
51 108 4   0 0   1 1   2 2   3 3
51 60 4   0 0   1 1   2 2   3 3
52 98 4   0 0   1 1   2 2   3 3
52 149 4   0 0   1 1   2 2   3 3
52 139 4   0 0   1 1   2 2   3 3
52 61 4   0 0   1 1   2 2   3 3
53 87 4   0 0   1 1   2 2   3 3
53 121 4   0 0   1 1   2 2   3 3
53 60 4   0 0   1 1   2 2   3 3
53 127 4   0 0   1 1   2 2   3 3
54 138 4   0 0   1 1   2 2   3 3
54 91 4   0 0   1 1   2 2   3 3
54 63 4   0 0   1 1   2 2   3 3
55 132 4   0 0   1 1   2 2   3 3
55 110 4   0 0   1 1   2 2   3 3
56 151 4   0 0   1 1   2 2   3 3
57 100 4   0 0   1 1   2 2   3 3
57 119 4   0 0   1 1   2 2   3 3
57 137 4   0 0   1 1   2 2   3 3
57 90 4   0 0   1 1   2 2   3 3
57 109 4   0 0   1 1   2 2   3 3
57 95 4   0 0   1 1   2 2   3 3
58 118 4   0 0   1 1   2 2   3 3
58 73 4   0 0   1 1   2 2   3 3
59 97 4   0 0   1 1   2 2   3 3
59 138 4   0 0   1 1   2 2   3 3
59 123 4   0 0   1 1   2 2   3 3
59 63 4   0 0   1 1   2 2   3 3
60 151 4   0 0   1 1   2 2   3 3
60 121 4   0 0   1 1   2 2   3 3
60 94 4   0 0   1 1   2 2   3 3
60 127 4   0 0   1 1   2 2   3 3
61 98 4   0 0   1 1   2 2   3 3
61 148 4   0 0   1 1   2 2   3 3
61 79 4   0 0   1 1   2 2   3 3
62 144 4   0 0   1 1   2 2   3 3
62 130 4   0 0   1 1   2 2   3 3
62 83 4   0 0   1 1   2 2   3 3
62 99 4   0 0   1 1   2 2   3 3
63 138 4   0 0   1 1   2 2   3 3
64 112 4   0 0   1 1   2 2   3 3
64 129 4   0 0   1 1   2 2   3 3
64 101 4   0 0   1 1   2 2   3 3
64 72 4   0 0   1 1   2 2   3 3
65 128 4   0 0   1 1   2 2   3 3
65 81 4   0 0   1 1   2 2   3 3
65 146 4   0 0   1 1   2 2   3 3
65 89 4   0 0   1 1   2 2   3 3
65 139 4   0 0   1 1   2 2   3 3
65 93 4   0 0   1 1   2 2   3 3
66 114 4   0 0   1 1   2 2   3 3
66 68 4   0 0   1 1   2 2   3 3
66 70 4   0 0   1 1   2 2   3 3
67 129 4   0 0   1 1   2 2   3 3
67 82 4   0 0   1 1   2 2   3 3
67 87 4   0 0   1 1   2 2   3 3
67 109 4   0 0   1 1   2 2   3 3
67 111 4   0 0   1 1   2 2   3 3
69 96 4   0 0   1 1   2 2   3 3
69 126 4   0 0   1 1   2 2   3 3
70 114 4   0 0   1 1   2 2   3 3
70 105 4   0 0   1 1   2 2   3 3
70 122 4   0 0   1 1   2 2   3 3
71 121 4   0 0   1 1   2 2   3 3
71 74 4   0 0   1 1   2 2   3 3
71 125 4   0 0   1 1   2 2   3 3
72 96 4   0 0   1 1   2 2   3 3
72 129 4   0 0   1 1   2 2   3 3
72 116 4   0 0   1 1   2 2   3 3
72 84 4   0 0   1 1   2 2   3 3
73 80 4   0 0   1 1   2 2   3 3
73 113 4   0 0   1 1   2 2   3 3
73 118 4   0 0   1 1   2 2   3 3
73 104 4   0 0   1 1   2 2   3 3
74 121 4   0 0   1 1   2 2   3 3
75 80 4   0 0   1 1   2 2   3 3
75 86 4   0 0   1 1   2 2   3 3
75 136 4   0 0   1 1   2 2   3 3
75 140 4   0 0   1 1   2 2   3 3
76 82 4   0 0   1 1   2 2   3 3
76 100 4   0 0   1 1   2 2   3 3
76 135 4   0 0   1 1   2 2   3 3
76 92 4   0 0   1 1   2 2   3 3
76 109 4   0 0   1 1   2 2   3 3
77 101 4   0 0   1 1   2 2   3 3
77 88 4   0 0   1 1   2 2   3 3
77 120 4   0 0   1 1   2 2   3 3
77 90 4   0 0   1 1   2 2   3 3
78 133 4   0 0   1 1   2 2   3 3
78 102 4   0 0   1 1   2 2   3 3
78 105 4   0 0   1 1   2 2   3 3
78 140 4   0 0   1 1   2 2   3 3
79 144 4   0 0   1 1   2 2   3 3
79 149 4   0 0   1 1   2 2   3 3
80 104 4   0 0   1 1   2 2   3 3
80 140 4   0 0   1 1   2 2   3 3
81 145 4   0 0   1 1   2 2   3 3
81 146 4   0 0   1 1   2 2   3 3
81 131 4   0 0   1 1   2 2   3 3
81 117 4   0 0   1 1   2 2   3 3
81 89 4   0 0   1 1   2 2   3 3
82 109 4   0 0   1 1   2 2   3 3
83 144 4   0 0   1 1   2 2   3 3
83 130 4   0 0   1 1   2 2   3 3
83 149 4   0 0   1 1   2 2   3 3
84 112 4   0 0   1 1   2 2   3 3
84 132 4   0 0   1 1   2 2   3 3
84 118 4   0 0   1 1   2 2   3 3
84 141 4   0 0   1 1   2 2   3 3
85 130 4   0 0   1 1   2 2   3 3
85 142 4   0 0   1 1   2 2   3 3
86 133 4   0 0   1 1   2 2   3 3
86 136 4   0 0   1 1   2 2   3 3
86 140 4   0 0   1 1   2 2   3 3
87 127 4   0 0   1 1   2 2   3 3
87 111 4   0 0   1 1   2 2   3 3
88 113 4   0 0   1 1   2 2   3 3
88 90 4   0 0   1 1   2 2   3 3
89 124 4   0 0   1 1   2 2   3 3
89 93 4   0 0   1 1   2 2   3 3
90 129 4   0 0   1 1   2 2   3 3
90 101 4   0 0   1 1   2 2   3 3
90 109 4   0 0   1 1   2 2   3 3
91 138 4   0 0   1 1   2 2   3 3
91 123 4   0 0   1 1   2 2   3 3
92 135 4   0 0   1 1   2 2   3 3
93 128 4   0 0   1 1   2 2   3 3
93 124 4   0 0   1 1   2 2   3 3
94 151 4   0 0   1 1   2 2   3 3
94 127 4   0 0   1 1   2 2   3 3
95 113 4   0 0   1 1   2 2   3 3
95 134 4   0 0   1 1   2 2   3 3
95 119 4   0 0   1 1   2 2   3 3
97 115 4   0 0   1 1   2 2   3 3
97 135 4   0 0   1 1   2 2   3 3
97 123 4   0 0   1 1   2 2   3 3
98 148 4   0 0   1 1   2 2   3 3
98 139 4   0 0   1 1   2 2   3 3
98 126 4   0 0   1 1   2 2   3 3
99 144 4   0 0   1 1   2 2   3 3
100 115 4   0 0   1 1   2 2   3 3
100 150 4   0 0   1 1   2 2   3 3
100 135 4   0 0   1 1   2 2   3 3
100 137 4   0 0   1 1   2 2   3 3
100 109 4   0 0   1 1   2 2   3 3
101 112 4   0 0   1 1   2 2   3 3
101 120 4   0 0   1 1   2 2   3 3
102 133 4   0 0   1 1   2 2   3 3
102 103 4   0 0   1 1   2 2   3 3
102 105 4   0 0   1 1   2 2   3 3
103 105 4   0 0   1 1   2 2   3 3
104 118 4   0 0   1 1   2 2   3 3
104 122 4   0 0   1 1   2 2   3 3
104 140 4   0 0   1 1   2 2   3 3
104 141 4   0 0   1 1   2 2   3 3
105 114 4   0 0   1 1   2 2   3 3
105 122 4   0 0   1 1   2 2   3 3
105 140 4   0 0   1 1   2 2   3 3
106 141 4   0 0   1 1   2 2   3 3
106 143 4   0 0   1 1   2 2   3 3
107 147 4   0 0   1 1   2 2   3 3
107 134 4   0 0   1 1   2 2   3 3
107 136 4   0 0   1 1   2 2   3 3
109 129 4   0 0   1 1   2 2   3 3
110 132 4   0 0   1 1   2 2   3 3
110 143 4   0 0   1 1   2 2   3 3
112 118 4   0 0   1 1   2 2   3 3
112 120 4   0 0   1 1   2 2   3 3
115 150 4   0 0   1 1   2 2   3 3
115 135 4   0 0   1 1   2 2   3 3
115 123 4   0 0   1 1   2 2   3 3
116 129 4   0 0   1 1   2 2   3 3
116 117 4   0 0   1 1   2 2   3 3
117 129 4   0 0   1 1   2 2   3 3
117 145 4   0 0   1 1   2 2   3 3
117 131 4   0 0   1 1   2 2   3 3
118 120 4   0 0   1 1   2 2   3 3
118 141 4   0 0   1 1   2 2   3 3
122 140 4   0 0   1 1   2 2   3 3
123 138 4   0 0   1 1   2 2   3 3
126 148 4   0 0   1 1   2 2   3 3
128 139 4   0 0   1 1   2 2   3 3
131 146 4   0 0   1 1   2 2   3 3
133 140 4   0 0   1 1   2 2   3 3
134 147 4   0 0   1 1   2 2   3 3
137 150 4   0 0   1 1   2 2   3 3
141 143 4   0 0   1 1   2 2   3 3
144 149 4   0 0   1 1   2 2   3 3
