16
1 4 0 1 2 3
2 4 0 1 2 3
3 4 0 1 2 3
4 4 0 1 2 3
5 4 0 1 2 3
6 4 0 1 2 3
7 4 0 1 2 3
8 4 0 1 2 3
9 4 0 1 2 3
10 4 0 1 2 3
11 4 0 1 2 3
12 4 0 1 2 3
13 4 0 1 2 3
14 4 0 1 2 3
15 4 0 1 2 3
16 4 0 1 2 3
33
1 2 4   0 0   1 1   2 2   3 3
1 3 4   0 0   1 1   2 2   3 3
1 5 4   0 0   1 1   2 2   3 3
1 8 4   0 0   1 1   2 2   3 3
1 10 4   0 0   1 1   2 2   3 3
1 12 4   0 0   1 1   2 2   3 3
2 3 4   0 0   1 1   2 2   3 3
3 10 4   0 0   1 1   2 2   3 3
3 14 4   0 0   1 1   2 2   3 3
4 7 4   0 0   1 1   2 2   3 3
4 9 4   0 0   1 1   2 2   3 3
4 10 4   0 0   1 1   2 2   3 3
5 6 4   0 0   1 1   2 2   3 3
5 12 4   0 0   1 1   2 2   3 3
6 16 4   0 0   1 1   2 2   3 3
6 9 4   0 0   1 1   2 2   3 3
6 12 4   0 0   1 1   2 2   3 3
6 13 4   0 0   1 1   2 2   3 3
6 15 4   0 0   1 1   2 2   3 3
7 10 4   0 0   1 1   2 2   3 3
7 14 4   0 0   1 1   2 2   3 3
8 10 4   0 0   1 1   2 2   3 3
8 11 4   0 0   1 1   2 2   3 3
8 12 4   0 0   1 1   2 2   3 3
8 13 4   0 0   1 1   2 2   3 3
9 16 4   0 0   1 1   2 2   3 3
9 10 4   0 0   1 1   2 2   3 3
9 11 4   0 0   1 1   2 2   3 3
10 11 4   0 0   1 1   2 2   3 3
10 14 4   0 0   1 1   2 2   3 3
11 13 4   0 0   1 1   2 2   3 3
12 13 4   0 0   1 1   2 2   3 3
15 16 4   0 0   1 1   2 2   3 3
