141
1 4 0 1 2 3
2 4 0 1 2 3
3 4 0 1 2 3
4 4 0 1 2 3
5 4 0 1 2 3
6 4 0 1 2 3
7 4 0 1 2 3
8 4 0 1 2 3
9 4 0 1 2 3
10 4 0 1 2 3
11 4 0 1 2 3
12 4 0 1 2 3
13 4 0 1 2 3
14 4 0 1 2 3
15 4 0 1 2 3
16 4 0 1 2 3
17 4 0 1 2 3
18 4 0 1 2 3
19 4 0 1 2 3
20 4 0 1 2 3
21 4 0 1 2 3
22 4 0 1 2 3
23 4 0 1 2 3
24 4 0 1 2 3
25 4 0 1 2 3
26 4 0 1 2 3
27 4 0 1 2 3
28 4 0 1 2 3
29 4 0 1 2 3
30 4 0 1 2 3
31 4 0 1 2 3
32 4 0 1 2 3
33 4 0 1 2 3
34 4 0 1 2 3
35 4 0 1 2 3
36 4 0 1 2 3
37 4 0 1 2 3
38 4 0 1 2 3
39 4 0 1 2 3
40 4 0 1 2 3
41 4 0 1 2 3
42 4 0 1 2 3
43 4 0 1 2 3
44 4 0 1 2 3
45 4 0 1 2 3
46 4 0 1 2 3
47 4 0 1 2 3
48 4 0 1 2 3
49 4 0 1 2 3
50 4 0 1 2 3
51 4 0 1 2 3
52 4 0 1 2 3
53 4 0 1 2 3
54 4 0 1 2 3
55 4 0 1 2 3
56 4 0 1 2 3
57 4 0 1 2 3
58 4 0 1 2 3
59 4 0 1 2 3
60 4 0 1 2 3
61 4 0 1 2 3
62 4 0 1 2 3
63 4 0 1 2 3
64 4 0 1 2 3
65 4 0 1 2 3
66 4 0 1 2 3
67 4 0 1 2 3
68 4 0 1 2 3
69 4 0 1 2 3
70 4 0 1 2 3
71 4 0 1 2 3
72 4 0 1 2 3
73 4 0 1 2 3
74 4 0 1 2 3
75 4 0 1 2 3
76 4 0 1 2 3
77 4 0 1 2 3
78 4 0 1 2 3
79 4 0 1 2 3
80 4 0 1 2 3
81 4 0 1 2 3
82 4 0 1 2 3
83 4 0 1 2 3
84 4 0 1 2 3
85 4 0 1 2 3
86 4 0 1 2 3
87 4 0 1 2 3
88 4 0 1 2 3
89 4 0 1 2 3
90 4 0 1 2 3
91 4 0 1 2 3
92 4 0 1 2 3
93 4 0 1 2 3
94 4 0 1 2 3
95 4 0 1 2 3
96 4 0 1 2 3
97 4 0 1 2 3
98 4 0 1 2 3
99 4 0 1 2 3
100 4 0 1 2 3
101 4 0 1 2 3
102 4 0 1 2 3
103 4 0 1 2 3
104 4 0 1 2 3
105 4 0 1 2 3
106 4 0 1 2 3
107 4 0 1 2 3
108 4 0 1 2 3
109 4 0 1 2 3
110 4 0 1 2 3
111 4 0 1 2 3
112 4 0 1 2 3
113 4 0 1 2 3
114 4 0 1 2 3
115 4 0 1 2 3
116 4 0 1 2 3
117 4 0 1 2 3
118 4 0 1 2 3
119 4 0 1 2 3
120 4 0 1 2 3
121 4 0 1 2 3
122 4 0 1 2 3
123 4 0 1 2 3
124 4 0 1 2 3
125 4 0 1 2 3
126 4 0 1 2 3
127 4 0 1 2 3
128 4 0 1 2 3
129 4 0 1 2 3
130 4 0 1 2 3
131 4 0 1 2 3
132 4 0 1 2 3
133 4 0 1 2 3
134 4 0 1 2 3
135 4 0 1 2 3
136 4 0 1 2 3
137 4 0 1 2 3
138 4 0 1 2 3
139 4 0 1 2 3
140 4 0 1 2 3
141 4 0 1 2 3
383
1 113 4   0 0   1 1   2 2   3 3
1 82 4   0 0   1 1   2 2   3 3
1 67 4   0 0   1 1   2 2   3 3
1 73 4   0 0   1 1   2 2   3 3
1 15 4   0 0   1 1   2 2   3 3
2 33 4   0 0   1 1   2 2   3 3
2 52 4   0 0   1 1   2 2   3 3
2 118 4   0 0   1 1   2 2   3 3
2 70 4   0 0   1 1   2 2   3 3
2 123 4   0 0   1 1   2 2   3 3
2 95 4   0 0   1 1   2 2   3 3
2 79 4   0 0   1 1   2 2   3 3
3 81 4   0 0   1 1   2 2   3 3
3 114 4   0 0   1 1   2 2   3 3
3 108 4   0 0   1 1   2 2   3 3
3 126 4   0 0   1 1   2 2   3 3
4 32 4   0 0   1 1   2 2   3 3
4 80 4   0 0   1 1   2 2   3 3
4 99 4   0 0   1 1   2 2   3 3
4 141 4   0 0   1 1   2 2   3 3
4 111 4   0 0   1 1   2 2   3 3
5 114 4   0 0   1 1   2 2   3 3
5 92 4   0 0   1 1   2 2   3 3
5 108 4   0 0   1 1   2 2   3 3
6 66 4   0 0   1 1   2 2   3 3
6 42 4   0 0   1 1   2 2   3 3
6 10 4   0 0   1 1   2 2   3 3
6 46 4   0 0   1 1   2 2   3 3
6 78 4   0 0   1 1   2 2   3 3
7 66 4   0 0   1 1   2 2   3 3
7 138 4   0 0   1 1   2 2   3 3
7 42 4   0 0   1 1   2 2   3 3
7 140 4   0 0   1 1   2 2   3 3
7 47 4   0 0   1 1   2 2   3 3
8 33 4   0 0   1 1   2 2   3 3
8 18 4   0 0   1 1   2 2   3 3
8 118 4   0 0   1 1   2 2   3 3
8 88 4   0 0   1 1   2 2   3 3
8 137 4   0 0   1 1   2 2   3 3
9 64 4   0 0   1 1   2 2   3 3
9 103 4   0 0   1 1   2 2   3 3
9 90 4   0 0   1 1   2 2   3 3
9 42 4   0 0   1 1   2 2   3 3
9 122 4   0 0   1 1   2 2   3 3
9 46 4   0 0   1 1   2 2   3 3
10 66 4   0 0   1 1   2 2   3 3
10 134 4   0 0   1 1   2 2   3 3
10 86 4   0 0   1 1   2 2   3 3
10 26 4   0 0   1 1   2 2   3 3
10 74 4   0 0   1 1   2 2   3 3
10 28 4   0 0   1 1   2 2   3 3
10 78 4   0 0   1 1   2 2   3 3
11 51 4   0 0   1 1   2 2   3 3
11 76 4   0 0   1 1   2 2   3 3
11 77 4   0 0   1 1   2 2   3 3
11 109 4   0 0   1 1   2 2   3 3
11 13 4   0 0   1 1   2 2   3 3
12 99 4   0 0   1 1   2 2   3 3
12 131 4   0 0   1 1   2 2   3 3
12 36 4   0 0   1 1   2 2   3 3
12 116 4   0 0   1 1   2 2   3 3
12 20 4   0 0   1 1   2 2   3 3
12 89 4   0 0   1 1   2 2   3 3
12 121 4   0 0   1 1   2 2   3 3
12 107 4   0 0   1 1   2 2   3 3
13 104 4   0 0   1 1   2 2   3 3
13 58 4   0 0   1 1   2 2   3 3
13 76 4   0 0   1 1   2 2   3 3
13 60 4   0 0   1 1   2 2   3 3
14 37 4   0 0   1 1   2 2   3 3
14 22 4   0 0   1 1   2 2   3 3
14 24 4   0 0   1 1   2 2   3 3
14 105 4   0 0   1 1   2 2   3 3
15 113 4   0 0   1 1   2 2   3 3
15 67 4   0 0   1 1   2 2   3 3
15 119 4   0 0   1 1   2 2   3 3
15 56 4   0 0   1 1   2 2   3 3
15 125 4   0 0   1 1   2 2   3 3
15 111 4   0 0   1 1   2 2   3 3
16 98 4   0 0   1 1   2 2   3 3
16 83 4   0 0   1 1   2 2   3 3
16 21 4   0 0   1 1   2 2   3 3
16 38 4   0 0   1 1   2 2   3 3
16 72 4   0 0   1 1   2 2   3 3
16 62 4   0 0   1 1   2 2   3 3
17 66 4   0 0   1 1   2 2   3 3
17 58 4   0 0   1 1   2 2   3 3
17 138 4   0 0   1 1   2 2   3 3
17 140 4   0 0   1 1   2 2   3 3
17 28 4   0 0   1 1   2 2   3 3
18 69 4   0 0   1 1   2 2   3 3
18 57 4   0 0   1 1   2 2   3 3
18 137 4   0 0   1 1   2 2   3 3
19 34 4   0 0   1 1   2 2   3 3
19 115 4   0 0   1 1   2 2   3 3
19 102 4   0 0   1 1   2 2   3 3
19 40 4   0 0   1 1   2 2   3 3
20 132 4   0 0   1 1   2 2   3 3
20 37 4   0 0   1 1   2 2   3 3
20 55 4   0 0   1 1   2 2   3 3
20 40 4   0 0   1 1   2 2   3 3
20 121 4   0 0   1 1   2 2   3 3
20 107 4   0 0   1 1   2 2   3 3
20 124 4   0 0   1 1   2 2   3 3
21 65 4   0 0   1 1   2 2   3 3
21 34 4   0 0   1 1   2 2   3 3
21 83 4   0 0   1 1   2 2   3 3
21 53 4   0 0   1 1   2 2   3 3
21 38 4   0 0   1 1   2 2   3 3
21 39 4   0 0   1 1   2 2   3 3
21 106 4   0 0   1 1   2 2   3 3
21 62 4   0 0   1 1   2 2   3 3
22 82 4   0 0   1 1   2 2   3 3
22 24 4   0 0   1 1   2 2   3 3
22 73 4   0 0   1 1   2 2   3 3
22 105 4   0 0   1 1   2 2   3 3
23 68 4   0 0   1 1   2 2   3 3
23 84 4   0 0   1 1   2 2   3 3
23 119 4   0 0   1 1   2 2   3 3
23 120 4   0 0   1 1   2 2   3 3
23 104 4   0 0   1 1   2 2   3 3
23 27 4   0 0   1 1   2 2   3 3
23 30 4   0 0   1 1   2 2   3 3
24 82 4   0 0   1 1   2 2   3 3
24 67 4   0 0   1 1   2 2   3 3
24 37 4   0 0   1 1   2 2   3 3
24 141 4   0 0   1 1   2 2   3 3
25 85 4   0 0   1 1   2 2   3 3
25 87 4   0 0   1 1   2 2   3 3
25 75 4   0 0   1 1   2 2   3 3
25 92 4   0 0   1 1   2 2   3 3
25 108 4   0 0   1 1   2 2   3 3
25 127 4   0 0   1 1   2 2   3 3
26 134 4   0 0   1 1   2 2   3 3
26 74 4   0 0   1 1   2 2   3 3
27 84 4   0 0   1 1   2 2   3 3
27 116 4   0 0   1 1   2 2   3 3
27 71 4   0 0   1 1   2 2   3 3
27 104 4   0 0   1 1   2 2   3 3
27 60 4   0 0   1 1   2 2   3 3
28 66 4   0 0   1 1   2 2   3 3
28 134 4   0 0   1 1   2 2   3 3
29 101 4   0 0   1 1   2 2   3 3
29 54 4   0 0   1 1   2 2   3 3
29 122 4   0 0   1 1   2 2   3 3
29 91 4   0 0   1 1   2 2   3 3
29 46 4   0 0   1 1   2 2   3 3
29 78 4   0 0   1 1   2 2   3 3
30 68 4   0 0   1 1   2 2   3 3
30 119 4   0 0   1 1   2 2   3 3
30 56 4   0 0   1 1   2 2   3 3
30 111 4   0 0   1 1   2 2   3 3
31 64 4   0 0   1 1   2 2   3 3
31 50 4   0 0   1 1   2 2   3 3
31 98 4   0 0   1 1   2 2   3 3
31 83 4   0 0   1 1   2 2   3 3
31 122 4   0 0   1 1   2 2   3 3
31 91 4   0 0   1 1   2 2   3 3
32 67 4   0 0   1 1   2 2   3 3
32 125 4   0 0   1 1   2 2   3 3
32 111 4   0 0   1 1   2 2   3 3
33 35 4   0 0   1 1   2 2   3 3
33 118 4   0 0   1 1   2 2   3 3
33 88 4   0 0   1 1   2 2   3 3
34 96 4   0 0   1 1   2 2   3 3
34 115 4   0 0   1 1   2 2   3 3
34 83 4   0 0   1 1   2 2   3 3
34 39 4   0 0   1 1   2 2   3 3
34 40 4   0 0   1 1   2 2   3 3
35 88 4   0 0   1 1   2 2   3 3
36 99 4   0 0   1 1   2 2   3 3
36 68 4   0 0   1 1   2 2   3 3
36 84 4   0 0   1 1   2 2   3 3
36 116 4   0 0   1 1   2 2   3 3
37 80 4   0 0   1 1   2 2   3 3
37 55 4   0 0   1 1   2 2   3 3
37 105 4   0 0   1 1   2 2   3 3
37 107 4   0 0   1 1   2 2   3 3
37 141 4   0 0   1 1   2 2   3 3
38 81 4   0 0   1 1   2 2   3 3
38 72 4   0 0   1 1   2 2   3 3
38 106 4   0 0   1 1   2 2   3 3
38 93 4   0 0   1 1   2 2   3 3
39 48 4   0 0   1 1   2 2   3 3
39 115 4   0 0   1 1   2 2   3 3
39 53 4   0 0   1 1   2 2   3 3
39 127 4   0 0   1 1   2 2   3 3
40 96 4   0 0   1 1   2 2   3 3
40 132 4   0 0   1 1   2 2   3 3
40 102 4   0 0   1 1   2 2   3 3
40 124 4   0 0   1 1   2 2   3 3
41 112 4   0 0   1 1   2 2   3 3
41 48 4   0 0   1 1   2 2   3 3
41 117 4   0 0   1 1   2 2   3 3
41 85 4   0 0   1 1   2 2   3 3
41 63 4   0 0   1 1   2 2   3 3
41 127 4   0 0   1 1   2 2   3 3
42 66 4   0 0   1 1   2 2   3 3
42 103 4   0 0   1 1   2 2   3 3
42 46 4   0 0   1 1   2 2   3 3
42 47 4   0 0   1 1   2 2   3 3
43 133 4   0 0   1 1   2 2   3 3
43 44 4   0 0   1 1   2 2   3 3
43 45 4   0 0   1 1   2 2   3 3
44 131 4   0 0   1 1   2 2   3 3
44 132 4   0 0   1 1   2 2   3 3
44 133 4   0 0   1 1   2 2   3 3
44 121 4   0 0   1 1   2 2   3 3
44 45 4   0 0   1 1   2 2   3 3
44 110 4   0 0   1 1   2 2   3 3
45 132 4   0 0   1 1   2 2   3 3
45 133 4   0 0   1 1   2 2   3 3
45 90 4   0 0   1 1   2 2   3 3
45 139 4   0 0   1 1   2 2   3 3
46 122 4   0 0   1 1   2 2   3 3
46 78 4   0 0   1 1   2 2   3 3
47 71 4   0 0   1 1   2 2   3 3
47 60 4   0 0   1 1   2 2   3 3
47 140 4   0 0   1 1   2 2   3 3
48 112 4   0 0   1 1   2 2   3 3
48 115 4   0 0   1 1   2 2   3 3
48 127 4   0 0   1 1   2 2   3 3
49 117 4   0 0   1 1   2 2   3 3
49 102 4   0 0   1 1   2 2   3 3
49 70 4   0 0   1 1   2 2   3 3
49 79 4   0 0   1 1   2 2   3 3
49 63 4   0 0   1 1   2 2   3 3
50 64 4   0 0   1 1   2 2   3 3
50 83 4   0 0   1 1   2 2   3 3
50 90 4   0 0   1 1   2 2   3 3
50 139 4   0 0   1 1   2 2   3 3
51 130 4   0 0   1 1   2 2   3 3
51 120 4   0 0   1 1   2 2   3 3
51 77 4   0 0   1 1   2 2   3 3
51 109 4   0 0   1 1   2 2   3 3
51 94 4   0 0   1 1   2 2   3 3
52 129 4   0 0   1 1   2 2   3 3
52 123 4   0 0   1 1   2 2   3 3
52 95 4   0 0   1 1   2 2   3 3
53 65 4   0 0   1 1   2 2   3 3
53 127 4   0 0   1 1   2 2   3 3
54 101 4   0 0   1 1   2 2   3 3
54 72 4   0 0   1 1   2 2   3 3
54 78 4   0 0   1 1   2 2   3 3
55 135 4   0 0   1 1   2 2   3 3
55 105 4   0 0   1 1   2 2   3 3
55 124 4   0 0   1 1   2 2   3 3
56 119 4   0 0   1 1   2 2   3 3
56 111 4   0 0   1 1   2 2   3 3
57 69 4   0 0   1 1   2 2   3 3
57 73 4   0 0   1 1   2 2   3 3
58 60 4   0 0   1 1   2 2   3 3
58 140 4   0 0   1 1   2 2   3 3
59 113 4   0 0   1 1   2 2   3 3
59 130 4   0 0   1 1   2 2   3 3
59 119 4   0 0   1 1   2 2   3 3
59 61 4   0 0   1 1   2 2   3 3
60 71 4   0 0   1 1   2 2   3 3
60 104 4   0 0   1 1   2 2   3 3
60 140 4   0 0   1 1   2 2   3 3
61 113 4   0 0   1 1   2 2   3 3
61 130 4   0 0   1 1   2 2   3 3
61 77 4   0 0   1 1   2 2   3 3
62 83 4   0 0   1 1   2 2   3 3
63 112 4   0 0   1 1   2 2   3 3
63 117 4   0 0   1 1   2 2   3 3
63 102 4   0 0   1 1   2 2   3 3
64 90 4   0 0   1 1   2 2   3 3
65 106 4   0 0   1 1   2 2   3 3
65 75 4   0 0   1 1   2 2   3 3
65 127 4   0 0   1 1   2 2   3 3
66 138 4   0 0   1 1   2 2   3 3
67 82 4   0 0   1 1   2 2   3 3
67 125 4   0 0   1 1   2 2   3 3
67 141 4   0 0   1 1   2 2   3 3
68 99 4   0 0   1 1   2 2   3 3
68 84 4   0 0   1 1   2 2   3 3
68 111 4   0 0   1 1   2 2   3 3
69 73 4   0 0   1 1   2 2   3 3
69 137 4   0 0   1 1   2 2   3 3
70 117 4   0 0   1 1   2 2   3 3
70 87 4   0 0   1 1   2 2   3 3
70 79 4   0 0   1 1   2 2   3 3
71 131 4   0 0   1 1   2 2   3 3
71 116 4   0 0   1 1   2 2   3 3
71 103 4   0 0   1 1   2 2   3 3
71 110 4   0 0   1 1   2 2   3 3
72 98 4   0 0   1 1   2 2   3 3
72 101 4   0 0   1 1   2 2   3 3
72 93 4   0 0   1 1   2 2   3 3
73 82 4   0 0   1 1   2 2   3 3
73 100 4   0 0   1 1   2 2   3 3
73 105 4   0 0   1 1   2 2   3 3
73 137 4   0 0   1 1   2 2   3 3
74 128 4   0 0   1 1   2 2   3 3
74 86 4   0 0   1 1   2 2   3 3
75 106 4   0 0   1 1   2 2   3 3
75 108 4   0 0   1 1   2 2   3 3
75 127 4   0 0   1 1   2 2   3 3
76 120 4   0 0   1 1   2 2   3 3
76 104 4   0 0   1 1   2 2   3 3
76 109 4   0 0   1 1   2 2   3 3
77 130 4   0 0   1 1   2 2   3 3
78 128 4   0 0   1 1   2 2   3 3
78 86 4   0 0   1 1   2 2   3 3
79 102 4   0 0   1 1   2 2   3 3
79 136 4   0 0   1 1   2 2   3 3
79 123 4   0 0   1 1   2 2   3 3
80 99 4   0 0   1 1   2 2   3 3
80 89 4   0 0   1 1   2 2   3 3
80 107 4   0 0   1 1   2 2   3 3
80 141 4   0 0   1 1   2 2   3 3
81 106 4   0 0   1 1   2 2   3 3
81 108 4   0 0   1 1   2 2   3 3
81 93 4   0 0   1 1   2 2   3 3
81 126 4   0 0   1 1   2 2   3 3
83 96 4   0 0   1 1   2 2   3 3
83 98 4   0 0   1 1   2 2   3 3
83 139 4   0 0   1 1   2 2   3 3
84 116 4   0 0   1 1   2 2   3 3
85 117 4   0 0   1 1   2 2   3 3
85 87 4   0 0   1 1   2 2   3 3
85 127 4   0 0   1 1   2 2   3 3
86 128 4   0 0   1 1   2 2   3 3
87 97 4   0 0   1 1   2 2   3 3
87 117 4   0 0   1 1   2 2   3 3
87 92 4   0 0   1 1   2 2   3 3
89 99 4   0 0   1 1   2 2   3 3
89 107 4   0 0   1 1   2 2   3 3
90 133 4   0 0   1 1   2 2   3 3
90 103 4   0 0   1 1   2 2   3 3
90 139 4   0 0   1 1   2 2   3 3
91 98 4   0 0   1 1   2 2   3 3
91 101 4   0 0   1 1   2 2   3 3
91 122 4   0 0   1 1   2 2   3 3
92 97 4   0 0   1 1   2 2   3 3
93 126 4   0 0   1 1   2 2   3 3
94 130 4   0 0   1 1   2 2   3 3
94 119 4   0 0   1 1   2 2   3 3
94 120 4   0 0   1 1   2 2   3 3
95 129 4   0 0   1 1   2 2   3 3
95 100 4   0 0   1 1   2 2   3 3
95 118 4   0 0   1 1   2 2   3 3
96 132 4   0 0   1 1   2 2   3 3
96 139 4   0 0   1 1   2 2   3 3
98 101 4   0 0   1 1   2 2   3 3
99 111 4   0 0   1 1   2 2   3 3
100 129 4   0 0   1 1   2 2   3 3
100 118 4   0 0   1 1   2 2   3 3
100 135 4   0 0   1 1   2 2   3 3
100 137 4   0 0   1 1   2 2   3 3
100 105 4   0 0   1 1   2 2   3 3
102 112 4   0 0   1 1   2 2   3 3
102 115 4   0 0   1 1   2 2   3 3
102 136 4   0 0   1 1   2 2   3 3
102 124 4   0 0   1 1   2 2   3 3
103 133 4   0 0   1 1   2 2   3 3
103 110 4   0 0   1 1   2 2   3 3
104 120 4   0 0   1 1   2 2   3 3
105 135 4   0 0   1 1   2 2   3 3
106 108 4   0 0   1 1   2 2   3 3
108 114 4   0 0   1 1   2 2   3 3
109 120 4   0 0   1 1   2 2   3 3
110 131 4   0 0   1 1   2 2   3 3
110 133 4   0 0   1 1   2 2   3 3
111 125 4   0 0   1 1   2 2   3 3
112 115 4   0 0   1 1   2 2   3 3
113 119 4   0 0   1 1   2 2   3 3
114 126 4   0 0   1 1   2 2   3 3
116 131 4   0 0   1 1   2 2   3 3
118 137 4   0 0   1 1   2 2   3 3
119 120 4   0 0   1 1   2 2   3 3
121 131 4   0 0   1 1   2 2   3 3
121 132 4   0 0   1 1   2 2   3 3
123 129 4   0 0   1 1   2 2   3 3
123 136 4   0 0   1 1   2 2   3 3
124 135 4   0 0   1 1   2 2   3 3
124 136 4   0 0   1 1   2 2   3 3
129 135 4   0 0   1 1   2 2   3 3
129 136 4   0 0   1 1   2 2   3 3
132 139 4   0 0   1 1   2 2   3 3
135 136 4   0 0   1 1   2 2   3 3
138 140 4   0 0   1 1   2 2   3 3
