113
1 4 0 1 2 3
2 4 0 1 2 3
3 4 0 1 2 3
4 4 0 1 2 3
5 4 0 1 2 3
6 4 0 1 2 3
7 4 0 1 2 3
8 4 0 1 2 3
9 4 0 1 2 3
10 4 0 1 2 3
11 4 0 1 2 3
12 4 0 1 2 3
13 4 0 1 2 3
14 4 0 1 2 3
15 4 0 1 2 3
16 4 0 1 2 3
17 4 0 1 2 3
18 4 0 1 2 3
19 4 0 1 2 3
20 4 0 1 2 3
21 4 0 1 2 3
22 4 0 1 2 3
23 4 0 1 2 3
24 4 0 1 2 3
25 4 0 1 2 3
26 4 0 1 2 3
27 4 0 1 2 3
28 4 0 1 2 3
29 4 0 1 2 3
30 4 0 1 2 3
31 4 0 1 2 3
32 4 0 1 2 3
33 4 0 1 2 3
34 4 0 1 2 3
35 4 0 1 2 3
36 4 0 1 2 3
37 4 0 1 2 3
38 4 0 1 2 3
39 4 0 1 2 3
40 4 0 1 2 3
41 4 0 1 2 3
42 4 0 1 2 3
43 4 0 1 2 3
44 4 0 1 2 3
45 4 0 1 2 3
46 4 0 1 2 3
47 4 0 1 2 3
48 4 0 1 2 3
49 4 0 1 2 3
50 4 0 1 2 3
51 4 0 1 2 3
52 4 0 1 2 3
53 4 0 1 2 3
54 4 0 1 2 3
55 4 0 1 2 3
56 4 0 1 2 3
57 4 0 1 2 3
58 4 0 1 2 3
59 4 0 1 2 3
60 4 0 1 2 3
61 4 0 1 2 3
62 4 0 1 2 3
63 4 0 1 2 3
64 4 0 1 2 3
65 4 0 1 2 3
66 4 0 1 2 3
67 4 0 1 2 3
68 4 0 1 2 3
69 4 0 1 2 3
70 4 0 1 2 3
71 4 0 1 2 3
72 4 0 1 2 3
73 4 0 1 2 3
74 4 0 1 2 3
75 4 0 1 2 3
76 4 0 1 2 3
77 4 0 1 2 3
78 4 0 1 2 3
79 4 0 1 2 3
80 4 0 1 2 3
81 4 0 1 2 3
82 4 0 1 2 3
83 4 0 1 2 3
84 4 0 1 2 3
85 4 0 1 2 3
86 4 0 1 2 3
87 4 0 1 2 3
88 4 0 1 2 3
89 4 0 1 2 3
90 4 0 1 2 3
91 4 0 1 2 3
92 4 0 1 2 3
93 4 0 1 2 3
94 4 0 1 2 3
95 4 0 1 2 3
96 4 0 1 2 3
97 4 0 1 2 3
98 4 0 1 2 3
99 4 0 1 2 3
100 4 0 1 2 3
101 4 0 1 2 3
102 4 0 1 2 3
103 4 0 1 2 3
104 4 0 1 2 3
105 4 0 1 2 3
106 4 0 1 2 3
107 4 0 1 2 3
108 4 0 1 2 3
109 4 0 1 2 3
110 4 0 1 2 3
111 4 0 1 2 3
112 4 0 1 2 3
113 4 0 1 2 3
302
1 49 4   0 0   1 1   2 2   3 3
1 33 4   0 0   1 1   2 2   3 3
1 8 4   0 0   1 1   2 2   3 3
1 43 4   0 0   1 1   2 2   3 3
1 59 4   0 0   1 1   2 2   3 3
1 110 4   0 0   1 1   2 2   3 3
2 83 4   0 0   1 1   2 2   3 3
2 14 4   0 0   1 1   2 2   3 3
2 15 4   0 0   1 1   2 2   3 3
3 83 4   0 0   1 1   2 2   3 3
3 44 4   0 0   1 1   2 2   3 3
3 78 4   0 0   1 1   2 2   3 3
3 15 4   0 0   1 1   2 2   3 3
4 38 4   0 0   1 1   2 2   3 3
4 12 4   0 0   1 1   2 2   3 3
5 112 4   0 0   1 1   2 2   3 3
5 51 4   0 0   1 1   2 2   3 3
5 70 4   0 0   1 1   2 2   3 3
5 95 4   0 0   1 1   2 2   3 3
6 64 4   0 0   1 1   2 2   3 3
6 82 4   0 0   1 1   2 2   3 3
6 51 4   0 0   1 1   2 2   3 3
6 52 4   0 0   1 1   2 2   3 3
6 103 4   0 0   1 1   2 2   3 3
6 95 4   0 0   1 1   2 2   3 3
7 67 4   0 0   1 1   2 2   3 3
7 36 4   0 0   1 1   2 2   3 3
7 85 4   0 0   1 1   2 2   3 3
7 57 4   0 0   1 1   2 2   3 3
8 49 4   0 0   1 1   2 2   3 3
8 110 4   0 0   1 1   2 2   3 3
9 18 4   0 0   1 1   2 2   3 3
9 101 4   0 0   1 1   2 2   3 3
9 86 4   0 0   1 1   2 2   3 3
9 73 4   0 0   1 1   2 2   3 3
9 105 4   0 0   1 1   2 2   3 3
9 10 4   0 0   1 1   2 2   3 3
9 111 4   0 0   1 1   2 2   3 3
9 79 4   0 0   1 1   2 2   3 3
10 102 4   0 0   1 1   2 2   3 3
10 73 4   0 0   1 1   2 2   3 3
10 60 4   0 0   1 1   2 2   3 3
10 79 4   0 0   1 1   2 2   3 3
11 17 4   0 0   1 1   2 2   3 3
11 19 4   0 0   1 1   2 2   3 3
11 26 4   0 0   1 1   2 2   3 3
11 42 4   0 0   1 1   2 2   3 3
11 62 4   0 0   1 1   2 2   3 3
11 78 4   0 0   1 1   2 2   3 3
12 64 4   0 0   1 1   2 2   3 3
12 37 4   0 0   1 1   2 2   3 3
12 38 4   0 0   1 1   2 2   3 3
12 103 4   0 0   1 1   2 2   3 3
13 48 4   0 0   1 1   2 2   3 3
13 82 4   0 0   1 1   2 2   3 3
13 99 4   0 0   1 1   2 2   3 3
13 69 4   0 0   1 1   2 2   3 3
13 53 4   0 0   1 1   2 2   3 3
13 39 4   0 0   1 1   2 2   3 3
13 108 4   0 0   1 1   2 2   3 3
14 65 4   0 0   1 1   2 2   3 3
14 66 4   0 0   1 1   2 2   3 3
14 83 4   0 0   1 1   2 2   3 3
14 88 4   0 0   1 1   2 2   3 3
14 109 4   0 0   1 1   2 2   3 3
14 46 4   0 0   1 1   2 2   3 3
15 112 4   0 0   1 1   2 2   3 3
15 83 4   0 0   1 1   2 2   3 3
15 88 4   0 0   1 1   2 2   3 3
15 109 4   0 0   1 1   2 2   3 3
16 18 4   0 0   1 1   2 2   3 3
16 71 4   0 0   1 1   2 2   3 3
16 104 4   0 0   1 1   2 2   3 3
16 106 4   0 0   1 1   2 2   3 3
16 74 4   0 0   1 1   2 2   3 3
16 107 4   0 0   1 1   2 2   3 3
16 111 4   0 0   1 1   2 2   3 3
17 80 4   0 0   1 1   2 2   3 3
17 65 4   0 0   1 1   2 2   3 3
17 19 4   0 0   1 1   2 2   3 3
17 24 4   0 0   1 1   2 2   3 3
17 58 4   0 0   1 1   2 2   3 3
17 26 4   0 0   1 1   2 2   3 3
17 46 4   0 0   1 1   2 2   3 3
18 101 4   0 0   1 1   2 2   3 3
18 104 4   0 0   1 1   2 2   3 3
18 111 4   0 0   1 1   2 2   3 3
19 65 4   0 0   1 1   2 2   3 3
19 83 4   0 0   1 1   2 2   3 3
19 78 4   0 0   1 1   2 2   3 3
20 98 4   0 0   1 1   2 2   3 3
20 102 4   0 0   1 1   2 2   3 3
20 105 4   0 0   1 1   2 2   3 3
20 25 4   0 0   1 1   2 2   3 3
20 89 4   0 0   1 1   2 2   3 3
20 79 4   0 0   1 1   2 2   3 3
21 100 4   0 0   1 1   2 2   3 3
21 56 4   0 0   1 1   2 2   3 3
21 90 4   0 0   1 1   2 2   3 3
21 107 4   0 0   1 1   2 2   3 3
21 77 4   0 0   1 1   2 2   3 3
22 50 4   0 0   1 1   2 2   3 3
22 101 4   0 0   1 1   2 2   3 3
22 69 4   0 0   1 1   2 2   3 3
22 86 4   0 0   1 1   2 2   3 3
22 47 4   0 0   1 1   2 2   3 3
23 34 4   0 0   1 1   2 2   3 3
23 71 4   0 0   1 1   2 2   3 3
23 106 4   0 0   1 1   2 2   3 3
24 80 4   0 0   1 1   2 2   3 3
24 36 4   0 0   1 1   2 2   3 3
24 87 4   0 0   1 1   2 2   3 3
24 58 4   0 0   1 1   2 2   3 3
25 102 4   0 0   1 1   2 2   3 3
25 40 4   0 0   1 1   2 2   3 3
25 41 4   0 0   1 1   2 2   3 3
25 89 4   0 0   1 1   2 2   3 3
26 80 4   0 0   1 1   2 2   3 3
26 61 4   0 0   1 1   2 2   3 3
26 62 4   0 0   1 1   2 2   3 3
27 97 4   0 0   1 1   2 2   3 3
27 54 4   0 0   1 1   2 2   3 3
27 92 4   0 0   1 1   2 2   3 3
27 62 4   0 0   1 1   2 2   3 3
28 99 4   0 0   1 1   2 2   3 3
28 38 4   0 0   1 1   2 2   3 3
28 91 4   0 0   1 1   2 2   3 3
28 93 4   0 0   1 1   2 2   3 3
29 66 4   0 0   1 1   2 2   3 3
29 52 4   0 0   1 1   2 2   3 3
29 88 4   0 0   1 1   2 2   3 3
29 47 4   0 0   1 1   2 2   3 3
29 31 4   0 0   1 1   2 2   3 3
29 95 4   0 0   1 1   2 2   3 3
30 81 4   0 0   1 1   2 2   3 3
30 50 4   0 0   1 1   2 2   3 3
30 101 4   0 0   1 1   2 2   3 3
30 104 4   0 0   1 1   2 2   3 3
30 57 4   0 0   1 1   2 2   3 3
31 66 4   0 0   1 1   2 2   3 3
31 58 4   0 0   1 1   2 2   3 3
31 46 4   0 0   1 1   2 2   3 3
31 47 4   0 0   1 1   2 2   3 3
32 33 4   0 0   1 1   2 2   3 3
32 100 4   0 0   1 1   2 2   3 3
32 106 4   0 0   1 1   2 2   3 3
32 110 4   0 0   1 1   2 2   3 3
33 100 4   0 0   1 1   2 2   3 3
33 43 4   0 0   1 1   2 2   3 3
33 110 4   0 0   1 1   2 2   3 3
34 113 4   0 0   1 1   2 2   3 3
34 71 4   0 0   1 1   2 2   3 3
34 73 4   0 0   1 1   2 2   3 3
34 106 4   0 0   1 1   2 2   3 3
34 111 4   0 0   1 1   2 2   3 3
35 96 4   0 0   1 1   2 2   3 3
35 113 4   0 0   1 1   2 2   3 3
35 102 4   0 0   1 1   2 2   3 3
35 55 4   0 0   1 1   2 2   3 3
35 73 4   0 0   1 1   2 2   3 3
35 60 4   0 0   1 1   2 2   3 3
35 63 4   0 0   1 1   2 2   3 3
36 67 4   0 0   1 1   2 2   3 3
36 85 4   0 0   1 1   2 2   3 3
36 87 4   0 0   1 1   2 2   3 3
36 58 4   0 0   1 1   2 2   3 3
37 64 4   0 0   1 1   2 2   3 3
37 99 4   0 0   1 1   2 2   3 3
37 53 4   0 0   1 1   2 2   3 3
37 38 4   0 0   1 1   2 2   3 3
38 99 4   0 0   1 1   2 2   3 3
38 93 4   0 0   1 1   2 2   3 3
39 48 4   0 0   1 1   2 2   3 3
39 98 4   0 0   1 1   2 2   3 3
39 69 4   0 0   1 1   2 2   3 3
39 40 4   0 0   1 1   2 2   3 3
39 89 4   0 0   1 1   2 2   3 3
40 48 4   0 0   1 1   2 2   3 3
40 68 4   0 0   1 1   2 2   3 3
40 41 4   0 0   1 1   2 2   3 3
40 89 4   0 0   1 1   2 2   3 3
41 84 4   0 0   1 1   2 2   3 3
41 68 4   0 0   1 1   2 2   3 3
41 102 4   0 0   1 1   2 2   3 3
42 44 4   0 0   1 1   2 2   3 3
42 62 4   0 0   1 1   2 2   3 3
42 78 4   0 0   1 1   2 2   3 3
43 100 4   0 0   1 1   2 2   3 3
43 56 4   0 0   1 1   2 2   3 3
43 59 4   0 0   1 1   2 2   3 3
44 78 4   0 0   1 1   2 2   3 3
45 80 4   0 0   1 1   2 2   3 3
45 85 4   0 0   1 1   2 2   3 3
45 57 4   0 0   1 1   2 2   3 3
45 90 4   0 0   1 1   2 2   3 3
45 107 4   0 0   1 1   2 2   3 3
45 75 4   0 0   1 1   2 2   3 3
45 61 4   0 0   1 1   2 2   3 3
46 65 4   0 0   1 1   2 2   3 3
46 66 4   0 0   1 1   2 2   3 3
46 58 4   0 0   1 1   2 2   3 3
47 50 4   0 0   1 1   2 2   3 3
47 52 4   0 0   1 1   2 2   3 3
47 69 4   0 0   1 1   2 2   3 3
47 58 4   0 0   1 1   2 2   3 3
47 108 4   0 0   1 1   2 2   3 3
48 99 4   0 0   1 1   2 2   3 3
48 91 4   0 0   1 1   2 2   3 3
49 59 4   0 0   1 1   2 2   3 3
50 67 4   0 0   1 1   2 2   3 3
50 101 4   0 0   1 1   2 2   3 3
50 57 4   0 0   1 1   2 2   3 3
50 58 4   0 0   1 1   2 2   3 3
51 103 4   0 0   1 1   2 2   3 3
51 76 4   0 0   1 1   2 2   3 3
51 95 4   0 0   1 1   2 2   3 3
52 82 4   0 0   1 1   2 2   3 3
52 108 4   0 0   1 1   2 2   3 3
52 95 4   0 0   1 1   2 2   3 3
53 64 4   0 0   1 1   2 2   3 3
53 82 4   0 0   1 1   2 2   3 3
53 99 4   0 0   1 1   2 2   3 3
54 97 4   0 0   1 1   2 2   3 3
54 75 4   0 0   1 1   2 2   3 3
54 92 4   0 0   1 1   2 2   3 3
54 94 4   0 0   1 1   2 2   3 3
55 96 4   0 0   1 1   2 2   3 3
55 113 4   0 0   1 1   2 2   3 3
56 100 4   0 0   1 1   2 2   3 3
56 72 4   0 0   1 1   2 2   3 3
56 59 4   0 0   1 1   2 2   3 3
56 77 4   0 0   1 1   2 2   3 3
57 81 4   0 0   1 1   2 2   3 3
57 85 4   0 0   1 1   2 2   3 3
57 74 4   0 0   1 1   2 2   3 3
57 107 4   0 0   1 1   2 2   3 3
58 67 4   0 0   1 1   2 2   3 3
59 72 4   0 0   1 1   2 2   3 3
60 102 4   0 0   1 1   2 2   3 3
60 73 4   0 0   1 1   2 2   3 3
61 80 4   0 0   1 1   2 2   3 3
61 75 4   0 0   1 1   2 2   3 3
61 92 4   0 0   1 1   2 2   3 3
61 62 4   0 0   1 1   2 2   3 3
62 92 4   0 0   1 1   2 2   3 3
63 96 4   0 0   1 1   2 2   3 3
63 68 4   0 0   1 1   2 2   3 3
63 84 4   0 0   1 1   2 2   3 3
63 102 4   0 0   1 1   2 2   3 3
64 82 4   0 0   1 1   2 2   3 3
64 103 4   0 0   1 1   2 2   3 3
65 83 4   0 0   1 1   2 2   3 3
66 88 4   0 0   1 1   2 2   3 3
68 96 4   0 0   1 1   2 2   3 3
68 84 4   0 0   1 1   2 2   3 3
69 98 4   0 0   1 1   2 2   3 3
69 86 4   0 0   1 1   2 2   3 3
69 108 4   0 0   1 1   2 2   3 3
70 112 4   0 0   1 1   2 2   3 3
71 106 4   0 0   1 1   2 2   3 3
71 111 4   0 0   1 1   2 2   3 3
72 97 4   0 0   1 1   2 2   3 3
72 77 4   0 0   1 1   2 2   3 3
73 113 4   0 0   1 1   2 2   3 3
73 111 4   0 0   1 1   2 2   3 3
74 81 4   0 0   1 1   2 2   3 3
74 104 4   0 0   1 1   2 2   3 3
74 107 4   0 0   1 1   2 2   3 3
75 90 4   0 0   1 1   2 2   3 3
75 92 4   0 0   1 1   2 2   3 3
75 77 4   0 0   1 1   2 2   3 3
75 94 4   0 0   1 1   2 2   3 3
76 103 4   0 0   1 1   2 2   3 3
77 97 4   0 0   1 1   2 2   3 3
77 90 4   0 0   1 1   2 2   3 3
77 94 4   0 0   1 1   2 2   3 3
78 83 4   0 0   1 1   2 2   3 3
79 102 4   0 0   1 1   2 2   3 3
79 105 4   0 0   1 1   2 2   3 3
80 85 4   0 0   1 1   2 2   3 3
80 87 4   0 0   1 1   2 2   3 3
81 104 4   0 0   1 1   2 2   3 3
82 108 4   0 0   1 1   2 2   3 3
84 102 4   0 0   1 1   2 2   3 3
85 87 4   0 0   1 1   2 2   3 3
86 98 4   0 0   1 1   2 2   3 3
86 101 4   0 0   1 1   2 2   3 3
86 105 4   0 0   1 1   2 2   3 3
88 112 4   0 0   1 1   2 2   3 3
88 109 4   0 0   1 1   2 2   3 3
88 95 4   0 0   1 1   2 2   3 3
89 98 4   0 0   1 1   2 2   3 3
90 107 4   0 0   1 1   2 2   3 3
91 99 4   0 0   1 1   2 2   3 3
94 97 4   0 0   1 1   2 2   3 3
95 112 4   0 0   1 1   2 2   3 3
98 105 4   0 0   1 1   2 2   3 3
100 106 4   0 0   1 1   2 2   3 3
100 107 4   0 0   1 1   2 2   3 3
101 104 4   0 0   1 1   2 2   3 3
106 107 4   0 0   1 1   2 2   3 3
106 110 4   0 0   1 1   2 2   3 3
