127
1 4 0 1 2 3
2 4 0 1 2 3
3 4 0 1 2 3
4 4 0 1 2 3
5 4 0 1 2 3
6 4 0 1 2 3
7 4 0 1 2 3
8 4 0 1 2 3
9 4 0 1 2 3
10 4 0 1 2 3
11 4 0 1 2 3
12 4 0 1 2 3
13 4 0 1 2 3
14 4 0 1 2 3
15 4 0 1 2 3
16 4 0 1 2 3
17 4 0 1 2 3
18 4 0 1 2 3
19 4 0 1 2 3
20 4 0 1 2 3
21 4 0 1 2 3
22 4 0 1 2 3
23 4 0 1 2 3
24 4 0 1 2 3
25 4 0 1 2 3
26 4 0 1 2 3
27 4 0 1 2 3
28 4 0 1 2 3
29 4 0 1 2 3
30 4 0 1 2 3
31 4 0 1 2 3
32 4 0 1 2 3
33 4 0 1 2 3
34 4 0 1 2 3
35 4 0 1 2 3
36 4 0 1 2 3
37 4 0 1 2 3
38 4 0 1 2 3
39 4 0 1 2 3
40 4 0 1 2 3
41 4 0 1 2 3
42 4 0 1 2 3
43 4 0 1 2 3
44 4 0 1 2 3
45 4 0 1 2 3
46 4 0 1 2 3
47 4 0 1 2 3
48 4 0 1 2 3
49 4 0 1 2 3
50 4 0 1 2 3
51 4 0 1 2 3
52 4 0 1 2 3
53 4 0 1 2 3
54 4 0 1 2 3
55 4 0 1 2 3
56 4 0 1 2 3
57 4 0 1 2 3
58 4 0 1 2 3
59 4 0 1 2 3
60 4 0 1 2 3
61 4 0 1 2 3
62 4 0 1 2 3
63 4 0 1 2 3
64 4 0 1 2 3
65 4 0 1 2 3
66 4 0 1 2 3
67 4 0 1 2 3
68 4 0 1 2 3
69 4 0 1 2 3
70 4 0 1 2 3
71 4 0 1 2 3
72 4 0 1 2 3
73 4 0 1 2 3
74 4 0 1 2 3
75 4 0 1 2 3
76 4 0 1 2 3
77 4 0 1 2 3
78 4 0 1 2 3
79 4 0 1 2 3
80 4 0 1 2 3
81 4 0 1 2 3
82 4 0 1 2 3
83 4 0 1 2 3
84 4 0 1 2 3
85 4 0 1 2 3
86 4 0 1 2 3
87 4 0 1 2 3
88 4 0 1 2 3
89 4 0 1 2 3
90 4 0 1 2 3
91 4 0 1 2 3
92 4 0 1 2 3
93 4 0 1 2 3
94 4 0 1 2 3
95 4 0 1 2 3
96 4 0 1 2 3
97 4 0 1 2 3
98 4 0 1 2 3
99 4 0 1 2 3
100 4 0 1 2 3
101 4 0 1 2 3
102 4 0 1 2 3
103 4 0 1 2 3
104 4 0 1 2 3
105 4 0 1 2 3
106 4 0 1 2 3
107 4 0 1 2 3
108 4 0 1 2 3
109 4 0 1 2 3
110 4 0 1 2 3
111 4 0 1 2 3
112 4 0 1 2 3
113 4 0 1 2 3
114 4 0 1 2 3
115 4 0 1 2 3
116 4 0 1 2 3
117 4 0 1 2 3
118 4 0 1 2 3
119 4 0 1 2 3
120 4 0 1 2 3
121 4 0 1 2 3
122 4 0 1 2 3
123 4 0 1 2 3
124 4 0 1 2 3
125 4 0 1 2 3
126 4 0 1 2 3
127 4 0 1 2 3
342
1 52 4   0 0   1 1   2 2   3 3
1 85 4   0 0   1 1   2 2   3 3
1 105 4   0 0   1 1   2 2   3 3
1 106 4   0 0   1 1   2 2   3 3
1 93 4   0 0   1 1   2 2   3 3
2 49 4   0 0   1 1   2 2   3 3
2 114 4   0 0   1 1   2 2   3 3
2 68 4   0 0   1 1   2 2   3 3
2 69 4   0 0   1 1   2 2   3 3
2 118 4   0 0   1 1   2 2   3 3
2 126 4   0 0   1 1   2 2   3 3
2 14 4   0 0   1 1   2 2   3 3
3 16 4   0 0   1 1   2 2   3 3
3 55 4   0 0   1 1   2 2   3 3
3 87 4   0 0   1 1   2 2   3 3
3 123 4   0 0   1 1   2 2   3 3
3 30 4   0 0   1 1   2 2   3 3
4 81 4   0 0   1 1   2 2   3 3
4 34 4   0 0   1 1   2 2   3 3
4 36 4   0 0   1 1   2 2   3 3
4 54 4   0 0   1 1   2 2   3 3
4 120 4   0 0   1 1   2 2   3 3
4 74 4   0 0   1 1   2 2   3 3
4 122 4   0 0   1 1   2 2   3 3
5 16 4   0 0   1 1   2 2   3 3
5 33 4   0 0   1 1   2 2   3 3
5 83 4   0 0   1 1   2 2   3 3
5 87 4   0 0   1 1   2 2   3 3
5 41 4   0 0   1 1   2 2   3 3
5 106 4   0 0   1 1   2 2   3 3
5 123 4   0 0   1 1   2 2   3 3
5 108 4   0 0   1 1   2 2   3 3
6 64 4   0 0   1 1   2 2   3 3
6 104 4   0 0   1 1   2 2   3 3
6 25 4   0 0   1 1   2 2   3 3
6 75 4   0 0   1 1   2 2   3 3
7 51 4   0 0   1 1   2 2   3 3
7 54 4   0 0   1 1   2 2   3 3
7 103 4   0 0   1 1   2 2   3 3
7 74 4   0 0   1 1   2 2   3 3
7 30 4   0 0   1 1   2 2   3 3
7 47 4   0 0   1 1   2 2   3 3
8 99 4   0 0   1 1   2 2   3 3
8 84 4   0 0   1 1   2 2   3 3
8 102 4   0 0   1 1   2 2   3 3
8 91 4   0 0   1 1   2 2   3 3
8 60 4   0 0   1 1   2 2   3 3
9 48 4   0 0   1 1   2 2   3 3
9 98 4   0 0   1 1   2 2   3 3
9 24 4   0 0   1 1   2 2   3 3
9 88 4   0 0   1 1   2 2   3 3
9 43 4   0 0   1 1   2 2   3 3
9 60 4   0 0   1 1   2 2   3 3
9 45 4   0 0   1 1   2 2   3 3
9 127 4   0 0   1 1   2 2   3 3
10 32 4   0 0   1 1   2 2   3 3
10 66 4   0 0   1 1   2 2   3 3
10 38 4   0 0   1 1   2 2   3 3
10 121 4   0 0   1 1   2 2   3 3
10 127 4   0 0   1 1   2 2   3 3
11 22 4   0 0   1 1   2 2   3 3
11 71 4   0 0   1 1   2 2   3 3
11 57 4   0 0   1 1   2 2   3 3
11 94 4   0 0   1 1   2 2   3 3
12 20 4   0 0   1 1   2 2   3 3
12 122 4   0 0   1 1   2 2   3 3
12 74 4   0 0   1 1   2 2   3 3
12 90 4   0 0   1 1   2 2   3 3
12 44 4   0 0   1 1   2 2   3 3
13 64 4   0 0   1 1   2 2   3 3
13 48 4   0 0   1 1   2 2   3 3
13 35 4   0 0   1 1   2 2   3 3
13 119 4   0 0   1 1   2 2   3 3
13 121 4   0 0   1 1   2 2   3 3
14 80 4   0 0   1 1   2 2   3 3
14 18 4   0 0   1 1   2 2   3 3
14 116 4   0 0   1 1   2 2   3 3
14 68 4   0 0   1 1   2 2   3 3
14 118 4   0 0   1 1   2 2   3 3
14 78 4   0 0   1 1   2 2   3 3
14 46 4   0 0   1 1   2 2   3 3
15 70 4   0 0   1 1   2 2   3 3
15 38 4   0 0   1 1   2 2   3 3
15 119 4   0 0   1 1   2 2   3 3
15 121 4   0 0   1 1   2 2   3 3
16 87 4   0 0   1 1   2 2   3 3
16 123 4   0 0   1 1   2 2   3 3
17 37 4   0 0   1 1   2 2   3 3
17 87 4   0 0   1 1   2 2   3 3
17 25 4   0 0   1 1   2 2   3 3
17 75 4   0 0   1 1   2 2   3 3
18 118 4   0 0   1 1   2 2   3 3
18 78 4   0 0   1 1   2 2   3 3
18 79 4   0 0   1 1   2 2   3 3
19 96 4   0 0   1 1   2 2   3 3
19 117 4   0 0   1 1   2 2   3 3
19 86 4   0 0   1 1   2 2   3 3
19 72 4   0 0   1 1   2 2   3 3
19 62 4   0 0   1 1   2 2   3 3
20 97 4   0 0   1 1   2 2   3 3
20 23 4   0 0   1 1   2 2   3 3
20 122 4   0 0   1 1   2 2   3 3
20 90 4   0 0   1 1   2 2   3 3
20 107 4   0 0   1 1   2 2   3 3
20 124 4   0 0   1 1   2 2   3 3
20 79 4   0 0   1 1   2 2   3 3
21 64 4   0 0   1 1   2 2   3 3
21 25 4   0 0   1 1   2 2   3 3
21 92 4   0 0   1 1   2 2   3 3
21 77 4   0 0   1 1   2 2   3 3
22 71 4   0 0   1 1   2 2   3 3
22 46 4   0 0   1 1   2 2   3 3
23 96 4   0 0   1 1   2 2   3 3
23 97 4   0 0   1 1   2 2   3 3
23 101 4   0 0   1 1   2 2   3 3
23 86 4   0 0   1 1   2 2   3 3
23 120 4   0 0   1 1   2 2   3 3
23 122 4   0 0   1 1   2 2   3 3
23 62 4   0 0   1 1   2 2   3 3
24 48 4   0 0   1 1   2 2   3 3
24 39 4   0 0   1 1   2 2   3 3
24 104 4   0 0   1 1   2 2   3 3
24 45 4   0 0   1 1   2 2   3 3
25 64 4   0 0   1 1   2 2   3 3
25 37 4   0 0   1 1   2 2   3 3
25 75 4   0 0   1 1   2 2   3 3
25 77 4   0 0   1 1   2 2   3 3
26 55 4   0 0   1 1   2 2   3 3
26 74 4   0 0   1 1   2 2   3 3
26 58 4   0 0   1 1   2 2   3 3
26 44 4   0 0   1 1   2 2   3 3
26 30 4   0 0   1 1   2 2   3 3
27 66 4   0 0   1 1   2 2   3 3
27 70 4   0 0   1 1   2 2   3 3
28 67 4   0 0   1 1   2 2   3 3
28 109 4   0 0   1 1   2 2   3 3
28 110 4   0 0   1 1   2 2   3 3
28 63 4   0 0   1 1   2 2   3 3
28 31 4   0 0   1 1   2 2   3 3
29 96 4   0 0   1 1   2 2   3 3
29 115 4   0 0   1 1   2 2   3 3
29 101 4   0 0   1 1   2 2   3 3
29 111 4   0 0   1 1   2 2   3 3
30 51 4   0 0   1 1   2 2   3 3
30 55 4   0 0   1 1   2 2   3 3
30 74 4   0 0   1 1   2 2   3 3
30 123 4   0 0   1 1   2 2   3 3
31 112 4   0 0   1 1   2 2   3 3
31 124 4   0 0   1 1   2 2   3 3
31 110 4   0 0   1 1   2 2   3 3
31 63 4   0 0   1 1   2 2   3 3
32 53 4   0 0   1 1   2 2   3 3
32 127 4   0 0   1 1   2 2   3 3
33 50 4   0 0   1 1   2 2   3 3
33 85 4   0 0   1 1   2 2   3 3
33 106 4   0 0   1 1   2 2   3 3
33 123 4   0 0   1 1   2 2   3 3
34 81 4   0 0   1 1   2 2   3 3
34 65 4   0 0   1 1   2 2   3 3
34 36 4   0 0   1 1   2 2   3 3
34 61 4   0 0   1 1   2 2   3 3
35 64 4   0 0   1 1   2 2   3 3
35 48 4   0 0   1 1   2 2   3 3
35 39 4   0 0   1 1   2 2   3 3
36 65 4   0 0   1 1   2 2   3 3
36 115 4   0 0   1 1   2 2   3 3
36 101 4   0 0   1 1   2 2   3 3
36 120 4   0 0   1 1   2 2   3 3
37 83 4   0 0   1 1   2 2   3 3
37 87 4   0 0   1 1   2 2   3 3
37 41 4   0 0   1 1   2 2   3 3
37 77 4   0 0   1 1   2 2   3 3
38 66 4   0 0   1 1   2 2   3 3
38 70 4   0 0   1 1   2 2   3 3
38 121 4   0 0   1 1   2 2   3 3
39 64 4   0 0   1 1   2 2   3 3
39 48 4   0 0   1 1   2 2   3 3
39 104 4   0 0   1 1   2 2   3 3
40 67 4   0 0   1 1   2 2   3 3
40 104 4   0 0   1 1   2 2   3 3
40 42 4   0 0   1 1   2 2   3 3
40 75 4   0 0   1 1   2 2   3 3
40 109 4   0 0   1 1   2 2   3 3
40 45 4   0 0   1 1   2 2   3 3
41 83 4   0 0   1 1   2 2   3 3
41 87 4   0 0   1 1   2 2   3 3
42 49 4   0 0   1 1   2 2   3 3
42 113 4   0 0   1 1   2 2   3 3
42 67 4   0 0   1 1   2 2   3 3
42 73 4   0 0   1 1   2 2   3 3
42 45 4   0 0   1 1   2 2   3 3
43 98 4   0 0   1 1   2 2   3 3
43 53 4   0 0   1 1   2 2   3 3
43 127 4   0 0   1 1   2 2   3 3
44 74 4   0 0   1 1   2 2   3 3
44 58 4   0 0   1 1   2 2   3 3
44 90 4   0 0   1 1   2 2   3 3
45 113 4   0 0   1 1   2 2   3 3
45 104 4   0 0   1 1   2 2   3 3
45 88 4   0 0   1 1   2 2   3 3
46 80 4   0 0   1 1   2 2   3 3
46 116 4   0 0   1 1   2 2   3 3
46 117 4   0 0   1 1   2 2   3 3
46 71 4   0 0   1 1   2 2   3 3
47 81 4   0 0   1 1   2 2   3 3
47 54 4   0 0   1 1   2 2   3 3
47 103 4   0 0   1 1   2 2   3 3
48 121 4   0 0   1 1   2 2   3 3
48 127 4   0 0   1 1   2 2   3 3
49 67 4   0 0   1 1   2 2   3 3
49 73 4   0 0   1 1   2 2   3 3
49 110 4   0 0   1 1   2 2   3 3
49 126 4   0 0   1 1   2 2   3 3
50 51 4   0 0   1 1   2 2   3 3
50 123 4   0 0   1 1   2 2   3 3
51 103 4   0 0   1 1   2 2   3 3
51 123 4   0 0   1 1   2 2   3 3
52 83 4   0 0   1 1   2 2   3 3
52 106 4   0 0   1 1   2 2   3 3
52 76 4   0 0   1 1   2 2   3 3
52 93 4   0 0   1 1   2 2   3 3
53 98 4   0 0   1 1   2 2   3 3
53 127 4   0 0   1 1   2 2   3 3
54 81 4   0 0   1 1   2 2   3 3
54 74 4   0 0   1 1   2 2   3 3
55 87 4   0 0   1 1   2 2   3 3
55 58 4   0 0   1 1   2 2   3 3
55 63 4   0 0   1 1   2 2   3 3
56 99 4   0 0   1 1   2 2   3 3
56 68 4   0 0   1 1   2 2   3 3
56 57 4   0 0   1 1   2 2   3 3
56 59 4   0 0   1 1   2 2   3 3
57 68 4   0 0   1 1   2 2   3 3
57 71 4   0 0   1 1   2 2   3 3
57 94 4   0 0   1 1   2 2   3 3
57 95 4   0 0   1 1   2 2   3 3
58 90 4   0 0   1 1   2 2   3 3
58 124 4   0 0   1 1   2 2   3 3
58 63 4   0 0   1 1   2 2   3 3
59 114 4   0 0   1 1   2 2   3 3
59 99 4   0 0   1 1   2 2   3 3
59 68 4   0 0   1 1   2 2   3 3
59 73 4   0 0   1 1   2 2   3 3
59 91 4   0 0   1 1   2 2   3 3
60 113 4   0 0   1 1   2 2   3 3
60 98 4   0 0   1 1   2 2   3 3
60 102 4   0 0   1 1   2 2   3 3
60 88 4   0 0   1 1   2 2   3 3
60 73 4   0 0   1 1   2 2   3 3
60 91 4   0 0   1 1   2 2   3 3
61 81 4   0 0   1 1   2 2   3 3
61 65 4   0 0   1 1   2 2   3 3
61 111 4   0 0   1 1   2 2   3 3
62 97 4   0 0   1 1   2 2   3 3
62 86 4   0 0   1 1   2 2   3 3
62 72 4   0 0   1 1   2 2   3 3
62 78 4   0 0   1 1   2 2   3 3
63 87 4   0 0   1 1   2 2   3 3
63 75 4   0 0   1 1   2 2   3 3
63 124 4   0 0   1 1   2 2   3 3
63 109 4   0 0   1 1   2 2   3 3
64 82 4   0 0   1 1   2 2   3 3
64 119 4   0 0   1 1   2 2   3 3
64 104 4   0 0   1 1   2 2   3 3
64 92 4   0 0   1 1   2 2   3 3
65 115 4   0 0   1 1   2 2   3 3
65 111 4   0 0   1 1   2 2   3 3
66 70 4   0 0   1 1   2 2   3 3
67 109 4   0 0   1 1   2 2   3 3
67 110 4   0 0   1 1   2 2   3 3
68 114 4   0 0   1 1   2 2   3 3
68 116 4   0 0   1 1   2 2   3 3
68 95 4   0 0   1 1   2 2   3 3
69 118 4   0 0   1 1   2 2   3 3
69 107 4   0 0   1 1   2 2   3 3
69 126 4   0 0   1 1   2 2   3 3
71 116 4   0 0   1 1   2 2   3 3
71 95 4   0 0   1 1   2 2   3 3
72 80 4   0 0   1 1   2 2   3 3
72 117 4   0 0   1 1   2 2   3 3
72 78 4   0 0   1 1   2 2   3 3
73 113 4   0 0   1 1   2 2   3 3
73 114 4   0 0   1 1   2 2   3 3
73 91 4   0 0   1 1   2 2   3 3
74 122 4   0 0   1 1   2 2   3 3
75 87 4   0 0   1 1   2 2   3 3
75 104 4   0 0   1 1   2 2   3 3
75 109 4   0 0   1 1   2 2   3 3
76 83 4   0 0   1 1   2 2   3 3
76 100 4   0 0   1 1   2 2   3 3
76 89 4   0 0   1 1   2 2   3 3
76 93 4   0 0   1 1   2 2   3 3
77 83 4   0 0   1 1   2 2   3 3
77 89 4   0 0   1 1   2 2   3 3
77 92 4   0 0   1 1   2 2   3 3
77 125 4   0 0   1 1   2 2   3 3
78 80 4   0 0   1 1   2 2   3 3
78 97 4   0 0   1 1   2 2   3 3
78 79 4   0 0   1 1   2 2   3 3
79 97 4   0 0   1 1   2 2   3 3
79 118 4   0 0   1 1   2 2   3 3
79 107 4   0 0   1 1   2 2   3 3
80 117 4   0 0   1 1   2 2   3 3
81 103 4   0 0   1 1   2 2   3 3
82 119 4   0 0   1 1   2 2   3 3
82 89 4   0 0   1 1   2 2   3 3
82 92 4   0 0   1 1   2 2   3 3
82 125 4   0 0   1 1   2 2   3 3
83 89 4   0 0   1 1   2 2   3 3
83 106 4   0 0   1 1   2 2   3 3
83 108 4   0 0   1 1   2 2   3 3
84 98 4   0 0   1 1   2 2   3 3
84 102 4   0 0   1 1   2 2   3 3
85 105 4   0 0   1 1   2 2   3 3
85 106 4   0 0   1 1   2 2   3 3
86 96 4   0 0   1 1   2 2   3 3
88 113 4   0 0   1 1   2 2   3 3
89 100 4   0 0   1 1   2 2   3 3
89 125 4   0 0   1 1   2 2   3 3
90 124 4   0 0   1 1   2 2   3 3
91 99 4   0 0   1 1   2 2   3 3
92 125 4   0 0   1 1   2 2   3 3
93 100 4   0 0   1 1   2 2   3 3
93 105 4   0 0   1 1   2 2   3 3
95 116 4   0 0   1 1   2 2   3 3
96 101 4   0 0   1 1   2 2   3 3
98 102 4   0 0   1 1   2 2   3 3
101 115 4   0 0   1 1   2 2   3 3
101 120 4   0 0   1 1   2 2   3 3
106 108 4   0 0   1 1   2 2   3 3
107 112 4   0 0   1 1   2 2   3 3
107 118 4   0 0   1 1   2 2   3 3
107 124 4   0 0   1 1   2 2   3 3
107 126 4   0 0   1 1   2 2   3 3
110 112 4   0 0   1 1   2 2   3 3
110 126 4   0 0   1 1   2 2   3 3
111 115 4   0 0   1 1   2 2   3 3
112 124 4   0 0   1 1   2 2   3 3
112 126 4   0 0   1 1   2 2   3 3
119 121 4   0 0   1 1   2 2   3 3
120 122 4   0 0   1 1   2 2   3 3
121 127 4   0 0   1 1   2 2   3 3
