112
1 4 0 1 2 3
2 4 0 1 2 3
3 4 0 1 2 3
4 4 0 1 2 3
5 4 0 1 2 3
6 4 0 1 2 3
7 4 0 1 2 3
8 4 0 1 2 3
9 4 0 1 2 3
10 4 0 1 2 3
11 4 0 1 2 3
12 4 0 1 2 3
13 4 0 1 2 3
14 4 0 1 2 3
15 4 0 1 2 3
16 4 0 1 2 3
17 4 0 1 2 3
18 4 0 1 2 3
19 4 0 1 2 3
20 4 0 1 2 3
21 4 0 1 2 3
22 4 0 1 2 3
23 4 0 1 2 3
24 4 0 1 2 3
25 4 0 1 2 3
26 4 0 1 2 3
27 4 0 1 2 3
28 4 0 1 2 3
29 4 0 1 2 3
30 4 0 1 2 3
31 4 0 1 2 3
32 4 0 1 2 3
33 4 0 1 2 3
34 4 0 1 2 3
35 4 0 1 2 3
36 4 0 1 2 3
37 4 0 1 2 3
38 4 0 1 2 3
39 4 0 1 2 3
40 4 0 1 2 3
41 4 0 1 2 3
42 4 0 1 2 3
43 4 0 1 2 3
44 4 0 1 2 3
45 4 0 1 2 3
46 4 0 1 2 3
47 4 0 1 2 3
48 4 0 1 2 3
49 4 0 1 2 3
50 4 0 1 2 3
51 4 0 1 2 3
52 4 0 1 2 3
53 4 0 1 2 3
54 4 0 1 2 3
55 4 0 1 2 3
56 4 0 1 2 3
57 4 0 1 2 3
58 4 0 1 2 3
59 4 0 1 2 3
60 4 0 1 2 3
61 4 0 1 2 3
62 4 0 1 2 3
63 4 0 1 2 3
64 4 0 1 2 3
65 4 0 1 2 3
66 4 0 1 2 3
67 4 0 1 2 3
68 4 0 1 2 3
69 4 0 1 2 3
70 4 0 1 2 3
71 4 0 1 2 3
72 4 0 1 2 3
73 4 0 1 2 3
74 4 0 1 2 3
75 4 0 1 2 3
76 4 0 1 2 3
77 4 0 1 2 3
78 4 0 1 2 3
79 4 0 1 2 3
80 4 0 1 2 3
81 4 0 1 2 3
82 4 0 1 2 3
83 4 0 1 2 3
84 4 0 1 2 3
85 4 0 1 2 3
86 4 0 1 2 3
87 4 0 1 2 3
88 4 0 1 2 3
89 4 0 1 2 3
90 4 0 1 2 3
91 4 0 1 2 3
92 4 0 1 2 3
93 4 0 1 2 3
94 4 0 1 2 3
95 4 0 1 2 3
96 4 0 1 2 3
97 4 0 1 2 3
98 4 0 1 2 3
99 4 0 1 2 3
100 4 0 1 2 3
101 4 0 1 2 3
102 4 0 1 2 3
103 4 0 1 2 3
104 4 0 1 2 3
105 4 0 1 2 3
106 4 0 1 2 3
107 4 0 1 2 3
108 4 0 1 2 3
109 4 0 1 2 3
110 4 0 1 2 3
111 4 0 1 2 3
112 4 0 1 2 3
300
1 33 4   0 0   1 1   2 2   3 3
1 100 4   0 0   1 1   2 2   3 3
1 6 4   0 0   1 1   2 2   3 3
1 109 4   0 0   1 1   2 2   3 3
2 70 4   0 0   1 1   2 2   3 3
2 40 4   0 0   1 1   2 2   3 3
2 73 4   0 0   1 1   2 2   3 3
2 79 4   0 0   1 1   2 2   3 3
3 32 4   0 0   1 1   2 2   3 3
3 50 4   0 0   1 1   2 2   3 3
3 4 4   0 0   1 1   2 2   3 3
3 53 4   0 0   1 1   2 2   3 3
3 86 4   0 0   1 1   2 2   3 3
3 54 4   0 0   1 1   2 2   3 3
3 77 4   0 0   1 1   2 2   3 3
3 110 4   0 0   1 1   2 2   3 3
4 83 4   0 0   1 1   2 2   3 3
4 54 4   0 0   1 1   2 2   3 3
4 23 4   0 0   1 1   2 2   3 3
4 91 4   0 0   1 1   2 2   3 3
4 110 4   0 0   1 1   2 2   3 3
5 80 4   0 0   1 1   2 2   3 3
5 96 4   0 0   1 1   2 2   3 3
5 21 4   0 0   1 1   2 2   3 3
5 102 4   0 0   1 1   2 2   3 3
5 39 4   0 0   1 1   2 2   3 3
5 75 4   0 0   1 1   2 2   3 3
5 44 4   0 0   1 1   2 2   3 3
5 30 4   0 0   1 1   2 2   3 3
6 112 4   0 0   1 1   2 2   3 3
6 100 4   0 0   1 1   2 2   3 3
6 104 4   0 0   1 1   2 2   3 3
6 61 4   0 0   1 1   2 2   3 3
6 111 4   0 0   1 1   2 2   3 3
7 55 4   0 0   1 1   2 2   3 3
7 88 4   0 0   1 1   2 2   3 3
7 90 4   0 0   1 1   2 2   3 3
7 12 4   0 0   1 1   2 2   3 3
7 45 4   0 0   1 1   2 2   3 3
7 78 4   0 0   1 1   2 2   3 3
8 73 4   0 0   1 1   2 2   3 3
8 29 4   0 0   1 1   2 2   3 3
8 46 4   0 0   1 1   2 2   3 3
8 79 4   0 0   1 1   2 2   3 3
8 63 4   0 0   1 1   2 2   3 3
9 20 4   0 0   1 1   2 2   3 3
9 52 4   0 0   1 1   2 2   3 3
9 24 4   0 0   1 1   2 2   3 3
10 49 4   0 0   1 1   2 2   3 3
10 81 4   0 0   1 1   2 2   3 3
10 71 4   0 0   1 1   2 2   3 3
10 72 4   0 0   1 1   2 2   3 3
10 74 4   0 0   1 1   2 2   3 3
10 13 4   0 0   1 1   2 2   3 3
11 48 4   0 0   1 1   2 2   3 3
11 67 4   0 0   1 1   2 2   3 3
11 20 4   0 0   1 1   2 2   3 3
11 52 4   0 0   1 1   2 2   3 3
11 27 4   0 0   1 1   2 2   3 3
11 108 4   0 0   1 1   2 2   3 3
11 13 4   0 0   1 1   2 2   3 3
12 67 4   0 0   1 1   2 2   3 3
12 57 4   0 0   1 1   2 2   3 3
12 89 4   0 0   1 1   2 2   3 3
12 90 4   0 0   1 1   2 2   3 3
12 27 4   0 0   1 1   2 2   3 3
12 45 4   0 0   1 1   2 2   3 3
13 48 4   0 0   1 1   2 2   3 3
13 81 4   0 0   1 1   2 2   3 3
13 52 4   0 0   1 1   2 2   3 3
13 72 4   0 0   1 1   2 2   3 3
13 106 4   0 0   1 1   2 2   3 3
14 64 4   0 0   1 1   2 2   3 3
14 80 4   0 0   1 1   2 2   3 3
14 39 4   0 0   1 1   2 2   3 3
14 41 4   0 0   1 1   2 2   3 3
14 76 4   0 0   1 1   2 2   3 3
14 44 4   0 0   1 1   2 2   3 3
15 68 4   0 0   1 1   2 2   3 3
15 25 4   0 0   1 1   2 2   3 3
15 28 4   0 0   1 1   2 2   3 3
15 95 4   0 0   1 1   2 2   3 3
16 97 4   0 0   1 1   2 2   3 3
16 17 4   0 0   1 1   2 2   3 3
16 36 4   0 0   1 1   2 2   3 3
16 46 4   0 0   1 1   2 2   3 3
17 97 4   0 0   1 1   2 2   3 3
17 105 4   0 0   1 1   2 2   3 3
17 46 4   0 0   1 1   2 2   3 3
18 48 4   0 0   1 1   2 2   3 3
18 106 4   0 0   1 1   2 2   3 3
18 44 4   0 0   1 1   2 2   3 3
18 30 4   0 0   1 1   2 2   3 3
19 64 4   0 0   1 1   2 2   3 3
19 49 4   0 0   1 1   2 2   3 3
19 85 4   0 0   1 1   2 2   3 3
19 71 4   0 0   1 1   2 2   3 3
19 76 4   0 0   1 1   2 2   3 3
20 27 4   0 0   1 1   2 2   3 3
21 102 4   0 0   1 1   2 2   3 3
21 87 4   0 0   1 1   2 2   3 3
21 75 4   0 0   1 1   2 2   3 3
21 92 4   0 0   1 1   2 2   3 3
22 55 4   0 0   1 1   2 2   3 3
22 88 4   0 0   1 1   2 2   3 3
22 58 4   0 0   1 1   2 2   3 3
22 26 4   0 0   1 1   2 2   3 3
22 107 4   0 0   1 1   2 2   3 3
22 78 4   0 0   1 1   2 2   3 3
23 56 4   0 0   1 1   2 2   3 3
23 40 4   0 0   1 1   2 2   3 3
23 91 4   0 0   1 1   2 2   3 3
23 110 4   0 0   1 1   2 2   3 3
23 94 4   0 0   1 1   2 2   3 3
23 62 4   0 0   1 1   2 2   3 3
24 51 4   0 0   1 1   2 2   3 3
24 52 4   0 0   1 1   2 2   3 3
24 72 4   0 0   1 1   2 2   3 3
24 74 4   0 0   1 1   2 2   3 3
25 68 4   0 0   1 1   2 2   3 3
25 56 4   0 0   1 1   2 2   3 3
25 91 4   0 0   1 1   2 2   3 3
25 28 4   0 0   1 1   2 2   3 3
26 82 4   0 0   1 1   2 2   3 3
26 55 4   0 0   1 1   2 2   3 3
26 107 4   0 0   1 1   2 2   3 3
27 67 4   0 0   1 1   2 2   3 3
27 45 4   0 0   1 1   2 2   3 3
28 101 4   0 0   1 1   2 2   3 3
28 38 4   0 0   1 1   2 2   3 3
28 91 4   0 0   1 1   2 2   3 3
29 65 4   0 0   1 1   2 2   3 3
29 66 4   0 0   1 1   2 2   3 3
29 68 4   0 0   1 1   2 2   3 3
29 36 4   0 0   1 1   2 2   3 3
29 40 4   0 0   1 1   2 2   3 3
29 79 4   0 0   1 1   2 2   3 3
30 48 4   0 0   1 1   2 2   3 3
30 35 4   0 0   1 1   2 2   3 3
30 102 4   0 0   1 1   2 2   3 3
30 44 4   0 0   1 1   2 2   3 3
31 104 4   0 0   1 1   2 2   3 3
31 42 4   0 0   1 1   2 2   3 3
31 59 4   0 0   1 1   2 2   3 3
31 93 4   0 0   1 1   2 2   3 3
31 61 4   0 0   1 1   2 2   3 3
32 50 4   0 0   1 1   2 2   3 3
32 86 4   0 0   1 1   2 2   3 3
32 57 4   0 0   1 1   2 2   3 3
32 90 4   0 0   1 1   2 2   3 3
32 77 4   0 0   1 1   2 2   3 3
32 47 4   0 0   1 1   2 2   3 3
33 105 4   0 0   1 1   2 2   3 3
33 109 4   0 0   1 1   2 2   3 3
33 63 4   0 0   1 1   2 2   3 3
34 99 4   0 0   1 1   2 2   3 3
34 100 4   0 0   1 1   2 2   3 3
34 92 4   0 0   1 1   2 2   3 3
34 61 4   0 0   1 1   2 2   3 3
35 48 4   0 0   1 1   2 2   3 3
35 69 4   0 0   1 1   2 2   3 3
35 102 4   0 0   1 1   2 2   3 3
35 43 4   0 0   1 1   2 2   3 3
35 47 4   0 0   1 1   2 2   3 3
36 65 4   0 0   1 1   2 2   3 3
36 97 4   0 0   1 1   2 2   3 3
36 46 4   0 0   1 1   2 2   3 3
37 86 4   0 0   1 1   2 2   3 3
37 103 4   0 0   1 1   2 2   3 3
37 58 4   0 0   1 1   2 2   3 3
37 107 4   0 0   1 1   2 2   3 3
37 60 4   0 0   1 1   2 2   3 3
38 82 4   0 0   1 1   2 2   3 3
38 101 4   0 0   1 1   2 2   3 3
38 54 4   0 0   1 1   2 2   3 3
38 103 4   0 0   1 1   2 2   3 3
39 80 4   0 0   1 1   2 2   3 3
39 96 4   0 0   1 1   2 2   3 3
39 41 4   0 0   1 1   2 2   3 3
39 42 4   0 0   1 1   2 2   3 3
40 98 4   0 0   1 1   2 2   3 3
40 66 4   0 0   1 1   2 2   3 3
40 70 4   0 0   1 1   2 2   3 3
40 92 4   0 0   1 1   2 2   3 3
40 94 4   0 0   1 1   2 2   3 3
40 62 4   0 0   1 1   2 2   3 3
40 79 4   0 0   1 1   2 2   3 3
41 64 4   0 0   1 1   2 2   3 3
42 96 4   0 0   1 1   2 2   3 3
42 75 4   0 0   1 1   2 2   3 3
42 93 4   0 0   1 1   2 2   3 3
42 61 4   0 0   1 1   2 2   3 3
43 48 4   0 0   1 1   2 2   3 3
43 108 4   0 0   1 1   2 2   3 3
43 47 4   0 0   1 1   2 2   3 3
44 80 4   0 0   1 1   2 2   3 3
44 106 4   0 0   1 1   2 2   3 3
44 76 4   0 0   1 1   2 2   3 3
46 105 4   0 0   1 1   2 2   3 3
46 63 4   0 0   1 1   2 2   3 3
47 50 4   0 0   1 1   2 2   3 3
47 69 4   0 0   1 1   2 2   3 3
47 89 4   0 0   1 1   2 2   3 3
47 57 4   0 0   1 1   2 2   3 3
47 108 4   0 0   1 1   2 2   3 3
48 106 4   0 0   1 1   2 2   3 3
48 108 4   0 0   1 1   2 2   3 3
49 51 4   0 0   1 1   2 2   3 3
49 85 4   0 0   1 1   2 2   3 3
49 71 4   0 0   1 1   2 2   3 3
49 74 4   0 0   1 1   2 2   3 3
50 69 4   0 0   1 1   2 2   3 3
50 53 4   0 0   1 1   2 2   3 3
51 85 4   0 0   1 1   2 2   3 3
51 74 4   0 0   1 1   2 2   3 3
52 72 4   0 0   1 1   2 2   3 3
53 98 4   0 0   1 1   2 2   3 3
53 69 4   0 0   1 1   2 2   3 3
53 110 4   0 0   1 1   2 2   3 3
53 94 4   0 0   1 1   2 2   3 3
54 83 4   0 0   1 1   2 2   3 3
54 101 4   0 0   1 1   2 2   3 3
54 86 4   0 0   1 1   2 2   3 3
54 103 4   0 0   1 1   2 2   3 3
54 60 4   0 0   1 1   2 2   3 3
55 84 4   0 0   1 1   2 2   3 3
55 78 4   0 0   1 1   2 2   3 3
56 66 4   0 0   1 1   2 2   3 3
56 68 4   0 0   1 1   2 2   3 3
56 91 4   0 0   1 1   2 2   3 3
56 62 4   0 0   1 1   2 2   3 3
57 89 4   0 0   1 1   2 2   3 3
57 90 4   0 0   1 1   2 2   3 3
58 86 4   0 0   1 1   2 2   3 3
58 88 4   0 0   1 1   2 2   3 3
58 90 4   0 0   1 1   2 2   3 3
58 107 4   0 0   1 1   2 2   3 3
59 112 4   0 0   1 1   2 2   3 3
59 104 4   0 0   1 1   2 2   3 3
59 93 4   0 0   1 1   2 2   3 3
59 111 4   0 0   1 1   2 2   3 3
60 86 4   0 0   1 1   2 2   3 3
60 103 4   0 0   1 1   2 2   3 3
61 100 4   0 0   1 1   2 2   3 3
61 104 4   0 0   1 1   2 2   3 3
61 75 4   0 0   1 1   2 2   3 3
61 92 4   0 0   1 1   2 2   3 3
62 66 4   0 0   1 1   2 2   3 3
63 99 4   0 0   1 1   2 2   3 3
63 70 4   0 0   1 1   2 2   3 3
63 73 4   0 0   1 1   2 2   3 3
63 105 4   0 0   1 1   2 2   3 3
63 109 4   0 0   1 1   2 2   3 3
64 76 4   0 0   1 1   2 2   3 3
65 97 4   0 0   1 1   2 2   3 3
65 68 4   0 0   1 1   2 2   3 3
65 95 4   0 0   1 1   2 2   3 3
66 68 4   0 0   1 1   2 2   3 3
67 89 4   0 0   1 1   2 2   3 3
67 108 4   0 0   1 1   2 2   3 3
68 95 4   0 0   1 1   2 2   3 3
69 98 4   0 0   1 1   2 2   3 3
69 102 4   0 0   1 1   2 2   3 3
70 99 4   0 0   1 1   2 2   3 3
70 73 4   0 0   1 1   2 2   3 3
70 92 4   0 0   1 1   2 2   3 3
71 81 4   0 0   1 1   2 2   3 3
71 76 4   0 0   1 1   2 2   3 3
72 74 4   0 0   1 1   2 2   3 3
73 79 4   0 0   1 1   2 2   3 3
75 96 4   0 0   1 1   2 2   3 3
75 92 4   0 0   1 1   2 2   3 3
76 81 4   0 0   1 1   2 2   3 3
76 106 4   0 0   1 1   2 2   3 3
77 86 4   0 0   1 1   2 2   3 3
78 88 4   0 0   1 1   2 2   3 3
81 106 4   0 0   1 1   2 2   3 3
82 103 4   0 0   1 1   2 2   3 3
82 107 4   0 0   1 1   2 2   3 3
83 101 4   0 0   1 1   2 2   3 3
83 91 4   0 0   1 1   2 2   3 3
86 90 4   0 0   1 1   2 2   3 3
87 98 4   0 0   1 1   2 2   3 3
87 102 4   0 0   1 1   2 2   3 3
87 92 4   0 0   1 1   2 2   3 3
88 90 4   0 0   1 1   2 2   3 3
89 108 4   0 0   1 1   2 2   3 3
91 101 4   0 0   1 1   2 2   3 3
92 98 4   0 0   1 1   2 2   3 3
92 99 4   0 0   1 1   2 2   3 3
94 98 4   0 0   1 1   2 2   3 3
94 110 4   0 0   1 1   2 2   3 3
95 97 4   0 0   1 1   2 2   3 3
98 102 4   0 0   1 1   2 2   3 3
99 100 4   0 0   1 1   2 2   3 3
99 109 4   0 0   1 1   2 2   3 3
100 109 4   0 0   1 1   2 2   3 3
103 107 4   0 0   1 1   2 2   3 3
104 111 4   0 0   1 1   2 2   3 3
111 112 4   0 0   1 1   2 2   3 3
