167
1 4 0 1 2 3
2 4 0 1 2 3
3 4 0 1 2 3
4 4 0 1 2 3
5 4 0 1 2 3
6 4 0 1 2 3
7 4 0 1 2 3
8 4 0 1 2 3
9 4 0 1 2 3
10 4 0 1 2 3
11 4 0 1 2 3
12 4 0 1 2 3
13 4 0 1 2 3
14 4 0 1 2 3
15 4 0 1 2 3
16 4 0 1 2 3
17 4 0 1 2 3
18 4 0 1 2 3
19 4 0 1 2 3
20 4 0 1 2 3
21 4 0 1 2 3
22 4 0 1 2 3
23 4 0 1 2 3
24 4 0 1 2 3
25 4 0 1 2 3
26 4 0 1 2 3
27 4 0 1 2 3
28 4 0 1 2 3
29 4 0 1 2 3
30 4 0 1 2 3
31 4 0 1 2 3
32 4 0 1 2 3
33 4 0 1 2 3
34 4 0 1 2 3
35 4 0 1 2 3
36 4 0 1 2 3
37 4 0 1 2 3
38 4 0 1 2 3
39 4 0 1 2 3
40 4 0 1 2 3
41 4 0 1 2 3
42 4 0 1 2 3
43 4 0 1 2 3
44 4 0 1 2 3
45 4 0 1 2 3
46 4 0 1 2 3
47 4 0 1 2 3
48 4 0 1 2 3
49 4 0 1 2 3
50 4 0 1 2 3
51 4 0 1 2 3
52 4 0 1 2 3
53 4 0 1 2 3
54 4 0 1 2 3
55 4 0 1 2 3
56 4 0 1 2 3
57 4 0 1 2 3
58 4 0 1 2 3
59 4 0 1 2 3
60 4 0 1 2 3
61 4 0 1 2 3
62 4 0 1 2 3
63 4 0 1 2 3
64 4 0 1 2 3
65 4 0 1 2 3
66 4 0 1 2 3
67 4 0 1 2 3
68 4 0 1 2 3
69 4 0 1 2 3
70 4 0 1 2 3
71 4 0 1 2 3
72 4 0 1 2 3
73 4 0 1 2 3
74 4 0 1 2 3
75 4 0 1 2 3
76 4 0 1 2 3
77 4 0 1 2 3
78 4 0 1 2 3
79 4 0 1 2 3
80 4 0 1 2 3
81 4 0 1 2 3
82 4 0 1 2 3
83 4 0 1 2 3
84 4 0 1 2 3
85 4 0 1 2 3
86 4 0 1 2 3
87 4 0 1 2 3
88 4 0 1 2 3
89 4 0 1 2 3
90 4 0 1 2 3
91 4 0 1 2 3
92 4 0 1 2 3
93 4 0 1 2 3
94 4 0 1 2 3
95 4 0 1 2 3
96 4 0 1 2 3
97 4 0 1 2 3
98 4 0 1 2 3
99 4 0 1 2 3
100 4 0 1 2 3
101 4 0 1 2 3
102 4 0 1 2 3
103 4 0 1 2 3
104 4 0 1 2 3
105 4 0 1 2 3
106 4 0 1 2 3
107 4 0 1 2 3
108 4 0 1 2 3
109 4 0 1 2 3
110 4 0 1 2 3
111 4 0 1 2 3
112 4 0 1 2 3
113 4 0 1 2 3
114 4 0 1 2 3
115 4 0 1 2 3
116 4 0 1 2 3
117 4 0 1 2 3
118 4 0 1 2 3
119 4 0 1 2 3
120 4 0 1 2 3
121 4 0 1 2 3
122 4 0 1 2 3
123 4 0 1 2 3
124 4 0 1 2 3
125 4 0 1 2 3
126 4 0 1 2 3
127 4 0 1 2 3
128 4 0 1 2 3
129 4 0 1 2 3
130 4 0 1 2 3
131 4 0 1 2 3
132 4 0 1 2 3
133 4 0 1 2 3
134 4 0 1 2 3
135 4 0 1 2 3
136 4 0 1 2 3
137 4 0 1 2 3
138 4 0 1 2 3
139 4 0 1 2 3
140 4 0 1 2 3
141 4 0 1 2 3
142 4 0 1 2 3
143 4 0 1 2 3
144 4 0 1 2 3
145 4 0 1 2 3
146 4 0 1 2 3
147 4 0 1 2 3
148 4 0 1 2 3
149 4 0 1 2 3
150 4 0 1 2 3
151 4 0 1 2 3
152 4 0 1 2 3
153 4 0 1 2 3
154 4 0 1 2 3
155 4 0 1 2 3
156 4 0 1 2 3
157 4 0 1 2 3
158 4 0 1 2 3
159 4 0 1 2 3
160 4 0 1 2 3
161 4 0 1 2 3
162 4 0 1 2 3
163 4 0 1 2 3
164 4 0 1 2 3
165 4 0 1 2 3
166 4 0 1 2 3
167 4 0 1 2 3
454
1 68 4   0 0   1 1   2 2   3 3
1 85 4   0 0   1 1   2 2   3 3
1 120 4   0 0   1 1   2 2   3 3
1 59 4   0 0   1 1   2 2   3 3
1 78 4   0 0   1 1   2 2   3 3
2 118 4   0 0   1 1   2 2   3 3
2 39 4   0 0   1 1   2 2   3 3
2 72 4   0 0   1 1   2 2   3 3
2 138 4   0 0   1 1   2 2   3 3
2 43 4   0 0   1 1   2 2   3 3
2 108 4   0 0   1 1   2 2   3 3
2 15 4   0 0   1 1   2 2   3 3
2 143 4   0 0   1 1   2 2   3 3
3 67 4   0 0   1 1   2 2   3 3
3 164 4   0 0   1 1   2 2   3 3
3 104 4   0 0   1 1   2 2   3 3
3 137 4   0 0   1 1   2 2   3 3
4 64 4   0 0   1 1   2 2   3 3
4 165 4   0 0   1 1   2 2   3 3
4 102 4   0 0   1 1   2 2   3 3
4 151 4   0 0   1 1   2 2   3 3
4 27 4   0 0   1 1   2 2   3 3
4 46 4   0 0   1 1   2 2   3 3
5 85 4   0 0   1 1   2 2   3 3
5 22 4   0 0   1 1   2 2   3 3
5 152 4   0 0   1 1   2 2   3 3
5 26 4   0 0   1 1   2 2   3 3
5 140 4   0 0   1 1   2 2   3 3
5 127 4   0 0   1 1   2 2   3 3
6 97 4   0 0   1 1   2 2   3 3
6 49 4   0 0   1 1   2 2   3 3
6 61 4   0 0   1 1   2 2   3 3
7 160 4   0 0   1 1   2 2   3 3
7 166 4   0 0   1 1   2 2   3 3
7 24 4   0 0   1 1   2 2   3 3
7 105 4   0 0   1 1   2 2   3 3
7 10 4   0 0   1 1   2 2   3 3
8 82 4   0 0   1 1   2 2   3 3
8 103 4   0 0   1 1   2 2   3 3
8 152 4   0 0   1 1   2 2   3 3
8 140 4   0 0   1 1   2 2   3 3
8 156 4   0 0   1 1   2 2   3 3
8 60 4   0 0   1 1   2 2   3 3
9 115 4   0 0   1 1   2 2   3 3
9 125 4   0 0   1 1   2 2   3 3
9 159 4   0 0   1 1   2 2   3 3
9 111 4   0 0   1 1   2 2   3 3
10 17 4   0 0   1 1   2 2   3 3
10 98 4   0 0   1 1   2 2   3 3
10 166 4   0 0   1 1   2 2   3 3
10 87 4   0 0   1 1   2 2   3 3
10 24 4   0 0   1 1   2 2   3 3
11 80 4   0 0   1 1   2 2   3 3
11 34 4   0 0   1 1   2 2   3 3
11 100 4   0 0   1 1   2 2   3 3
11 58 4   0 0   1 1   2 2   3 3
11 12 4   0 0   1 1   2 2   3 3
11 94 4   0 0   1 1   2 2   3 3
11 14 4   0 0   1 1   2 2   3 3
11 63 4   0 0   1 1   2 2   3 3
12 80 4   0 0   1 1   2 2   3 3
12 100 4   0 0   1 1   2 2   3 3
12 47 4   0 0   1 1   2 2   3 3
13 86 4   0 0   1 1   2 2   3 3
13 167 4   0 0   1 1   2 2   3 3
13 110 4   0 0   1 1   2 2   3 3
14 166 4   0 0   1 1   2 2   3 3
14 87 4   0 0   1 1   2 2   3 3
14 94 4   0 0   1 1   2 2   3 3
14 63 4   0 0   1 1   2 2   3 3
15 16 4   0 0   1 1   2 2   3 3
15 116 4   0 0   1 1   2 2   3 3
15 138 4   0 0   1 1   2 2   3 3
15 154 4   0 0   1 1   2 2   3 3
15 143 4   0 0   1 1   2 2   3 3
16 116 4   0 0   1 1   2 2   3 3
16 84 4   0 0   1 1   2 2   3 3
16 89 4   0 0   1 1   2 2   3 3
16 154 4   0 0   1 1   2 2   3 3
16 29 4   0 0   1 1   2 2   3 3
17 98 4   0 0   1 1   2 2   3 3
17 24 4   0 0   1 1   2 2   3 3
17 107 4   0 0   1 1   2 2   3 3
18 129 4   0 0   1 1   2 2   3 3
18 21 4   0 0   1 1   2 2   3 3
18 69 4   0 0   1 1   2 2   3 3
18 55 4   0 0   1 1   2 2   3 3
18 153 4   0 0   1 1   2 2   3 3
18 124 4   0 0   1 1   2 2   3 3
18 95 4   0 0   1 1   2 2   3 3
19 97 4   0 0   1 1   2 2   3 3
19 49 4   0 0   1 1   2 2   3 3
19 82 4   0 0   1 1   2 2   3 3
19 133 4   0 0   1 1   2 2   3 3
19 103 4   0 0   1 1   2 2   3 3
20 129 4   0 0   1 1   2 2   3 3
20 83 4   0 0   1 1   2 2   3 3
20 101 4   0 0   1 1   2 2   3 3
20 55 4   0 0   1 1   2 2   3 3
20 90 4   0 0   1 1   2 2   3 3
20 79 4   0 0   1 1   2 2   3 3
21 163 4   0 0   1 1   2 2   3 3
21 55 4   0 0   1 1   2 2   3 3
21 79 4   0 0   1 1   2 2   3 3
21 95 4   0 0   1 1   2 2   3 3
22 112 4   0 0   1 1   2 2   3 3
22 52 4   0 0   1 1   2 2   3 3
22 152 4   0 0   1 1   2 2   3 3
22 26 4   0 0   1 1   2 2   3 3
23 98 4   0 0   1 1   2 2   3 3
23 36 4   0 0   1 1   2 2   3 3
23 87 4   0 0   1 1   2 2   3 3
23 56 4   0 0   1 1   2 2   3 3
23 107 4   0 0   1 1   2 2   3 3
23 157 4   0 0   1 1   2 2   3 3
24 160 4   0 0   1 1   2 2   3 3
24 130 4   0 0   1 1   2 2   3 3
24 41 4   0 0   1 1   2 2   3 3
24 107 4   0 0   1 1   2 2   3 3
25 131 4   0 0   1 1   2 2   3 3
25 117 4   0 0   1 1   2 2   3 3
25 135 4   0 0   1 1   2 2   3 3
25 75 4   0 0   1 1   2 2   3 3
26 146 4   0 0   1 1   2 2   3 3
26 52 4   0 0   1 1   2 2   3 3
26 85 4   0 0   1 1   2 2   3 3
26 134 4   0 0   1 1   2 2   3 3
26 45 4   0 0   1 1   2 2   3 3
27 64 4   0 0   1 1   2 2   3 3
27 123 4   0 0   1 1   2 2   3 3
27 43 4   0 0   1 1   2 2   3 3
27 28 4   0 0   1 1   2 2   3 3
27 109 4   0 0   1 1   2 2   3 3
27 46 4   0 0   1 1   2 2   3 3
28 138 4   0 0   1 1   2 2   3 3
28 43 4   0 0   1 1   2 2   3 3
28 46 4   0 0   1 1   2 2   3 3
29 84 4   0 0   1 1   2 2   3 3
29 89 4   0 0   1 1   2 2   3 3
29 44 4   0 0   1 1   2 2   3 3
29 126 4   0 0   1 1   2 2   3 3
30 128 4   0 0   1 1   2 2   3 3
30 130 4   0 0   1 1   2 2   3 3
30 38 4   0 0   1 1   2 2   3 3
30 41 4   0 0   1 1   2 2   3 3
31 51 4   0 0   1 1   2 2   3 3
31 148 4   0 0   1 1   2 2   3 3
31 104 4   0 0   1 1   2 2   3 3
31 139 4   0 0   1 1   2 2   3 3
31 92 4   0 0   1 1   2 2   3 3
32 81 4   0 0   1 1   2 2   3 3
32 34 4   0 0   1 1   2 2   3 3
32 146 4   0 0   1 1   2 2   3 3
32 134 4   0 0   1 1   2 2   3 3
32 159 4   0 0   1 1   2 2   3 3
32 63 4   0 0   1 1   2 2   3 3
33 163 4   0 0   1 1   2 2   3 3
33 132 4   0 0   1 1   2 2   3 3
33 148 4   0 0   1 1   2 2   3 3
33 119 4   0 0   1 1   2 2   3 3
33 122 4   0 0   1 1   2 2   3 3
33 42 4   0 0   1 1   2 2   3 3
33 92 4   0 0   1 1   2 2   3 3
34 48 4   0 0   1 1   2 2   3 3
34 80 4   0 0   1 1   2 2   3 3
34 81 4   0 0   1 1   2 2   3 3
34 146 4   0 0   1 1   2 2   3 3
34 91 4   0 0   1 1   2 2   3 3
34 45 4   0 0   1 1   2 2   3 3
34 47 4   0 0   1 1   2 2   3 3
34 63 4   0 0   1 1   2 2   3 3
35 129 4   0 0   1 1   2 2   3 3
35 50 4   0 0   1 1   2 2   3 3
35 88 4   0 0   1 1   2 2   3 3
35 124 4   0 0   1 1   2 2   3 3
36 87 4   0 0   1 1   2 2   3 3
36 157 4   0 0   1 1   2 2   3 3
36 94 4   0 0   1 1   2 2   3 3
37 136 4   0 0   1 1   2 2   3 3
37 93 4   0 0   1 1   2 2   3 3
37 158 4   0 0   1 1   2 2   3 3
38 73 4   0 0   1 1   2 2   3 3
38 41 4   0 0   1 1   2 2   3 3
38 107 4   0 0   1 1   2 2   3 3
39 118 4   0 0   1 1   2 2   3 3
39 108 4   0 0   1 1   2 2   3 3
40 129 4   0 0   1 1   2 2   3 3
40 101 4   0 0   1 1   2 2   3 3
40 149 4   0 0   1 1   2 2   3 3
40 76 4   0 0   1 1   2 2   3 3
41 130 4   0 0   1 1   2 2   3 3
41 107 4   0 0   1 1   2 2   3 3
42 163 4   0 0   1 1   2 2   3 3
42 90 4   0 0   1 1   2 2   3 3
42 122 4   0 0   1 1   2 2   3 3
42 79 4   0 0   1 1   2 2   3 3
43 118 4   0 0   1 1   2 2   3 3
43 138 4   0 0   1 1   2 2   3 3
43 109 4   0 0   1 1   2 2   3 3
44 96 4   0 0   1 1   2 2   3 3
44 84 4   0 0   1 1   2 2   3 3
44 53 4   0 0   1 1   2 2   3 3
44 71 4   0 0   1 1   2 2   3 3
44 126 4   0 0   1 1   2 2   3 3
44 47 4   0 0   1 1   2 2   3 3
45 114 4   0 0   1 1   2 2   3 3
45 146 4   0 0   1 1   2 2   3 3
45 147 4   0 0   1 1   2 2   3 3
45 85 4   0 0   1 1   2 2   3 3
45 91 4   0 0   1 1   2 2   3 3
46 151 4   0 0   1 1   2 2   3 3
46 138 4   0 0   1 1   2 2   3 3
46 154 4   0 0   1 1   2 2   3 3
46 142 4   0 0   1 1   2 2   3 3
47 48 4   0 0   1 1   2 2   3 3
47 96 4   0 0   1 1   2 2   3 3
47 80 4   0 0   1 1   2 2   3 3
47 100 4   0 0   1 1   2 2   3 3
47 150 4   0 0   1 1   2 2   3 3
47 71 4   0 0   1 1   2 2   3 3
48 144 4   0 0   1 1   2 2   3 3
48 150 4   0 0   1 1   2 2   3 3
48 72 4   0 0   1 1   2 2   3 3
48 91 4   0 0   1 1   2 2   3 3
49 97 4   0 0   1 1   2 2   3 3
50 129 4   0 0   1 1   2 2   3 3
50 162 4   0 0   1 1   2 2   3 3
50 149 4   0 0   1 1   2 2   3 3
50 88 4   0 0   1 1   2 2   3 3
50 76 4   0 0   1 1   2 2   3 3
51 114 4   0 0   1 1   2 2   3 3
51 148 4   0 0   1 1   2 2   3 3
51 104 4   0 0   1 1   2 2   3 3
51 59 4   0 0   1 1   2 2   3 3
51 78 4   0 0   1 1   2 2   3 3
52 112 4   0 0   1 1   2 2   3 3
52 134 4   0 0   1 1   2 2   3 3
52 74 4   0 0   1 1   2 2   3 3
52 141 4   0 0   1 1   2 2   3 3
53 145 4   0 0   1 1   2 2   3 3
53 54 4   0 0   1 1   2 2   3 3
53 71 4   0 0   1 1   2 2   3 3
53 126 4   0 0   1 1   2 2   3 3
53 158 4   0 0   1 1   2 2   3 3
54 145 4   0 0   1 1   2 2   3 3
54 136 4   0 0   1 1   2 2   3 3
54 157 4   0 0   1 1   2 2   3 3
54 158 4   0 0   1 1   2 2   3 3
54 94 4   0 0   1 1   2 2   3 3
55 129 4   0 0   1 1   2 2   3 3
55 79 4   0 0   1 1   2 2   3 3
56 136 4   0 0   1 1   2 2   3 3
56 73 4   0 0   1 1   2 2   3 3
56 107 4   0 0   1 1   2 2   3 3
56 157 4   0 0   1 1   2 2   3 3
57 60 4   0 0   1 1   2 2   3 3
57 141 4   0 0   1 1   2 2   3 3
57 61 4   0 0   1 1   2 2   3 3
57 125 4   0 0   1 1   2 2   3 3
58 145 4   0 0   1 1   2 2   3 3
58 100 4   0 0   1 1   2 2   3 3
58 71 4   0 0   1 1   2 2   3 3
58 94 4   0 0   1 1   2 2   3 3
59 114 4   0 0   1 1   2 2   3 3
59 85 4   0 0   1 1   2 2   3 3
59 78 4   0 0   1 1   2 2   3 3
60 112 4   0 0   1 1   2 2   3 3
60 152 4   0 0   1 1   2 2   3 3
60 156 4   0 0   1 1   2 2   3 3
60 141 4   0 0   1 1   2 2   3 3
60 61 4   0 0   1 1   2 2   3 3
61 97 4   0 0   1 1   2 2   3 3
61 156 4   0 0   1 1   2 2   3 3
62 65 4   0 0   1 1   2 2   3 3
62 121 4   0 0   1 1   2 2   3 3
63 81 4   0 0   1 1   2 2   3 3
63 66 4   0 0   1 1   2 2   3 3
63 166 4   0 0   1 1   2 2   3 3
63 105 4   0 0   1 1   2 2   3 3
63 159 4   0 0   1 1   2 2   3 3
64 113 4   0 0   1 1   2 2   3 3
64 102 4   0 0   1 1   2 2   3 3
64 121 4   0 0   1 1   2 2   3 3
64 123 4   0 0   1 1   2 2   3 3
65 121 4   0 0   1 1   2 2   3 3
65 123 4   0 0   1 1   2 2   3 3
65 110 4   0 0   1 1   2 2   3 3
66 160 4   0 0   1 1   2 2   3 3
66 128 4   0 0   1 1   2 2   3 3
66 115 4   0 0   1 1   2 2   3 3
66 105 4   0 0   1 1   2 2   3 3
66 159 4   0 0   1 1   2 2   3 3
67 147 4   0 0   1 1   2 2   3 3
67 164 4   0 0   1 1   2 2   3 3
67 70 4   0 0   1 1   2 2   3 3
67 137 4   0 0   1 1   2 2   3 3
67 91 4   0 0   1 1   2 2   3 3
67 139 4   0 0   1 1   2 2   3 3
68 82 4   0 0   1 1   2 2   3 3
68 133 4   0 0   1 1   2 2   3 3
68 120 4   0 0   1 1   2 2   3 3
69 72 4   0 0   1 1   2 2   3 3
69 153 4   0 0   1 1   2 2   3 3
69 124 4   0 0   1 1   2 2   3 3
69 108 4   0 0   1 1   2 2   3 3
69 77 4   0 0   1 1   2 2   3 3
70 119 4   0 0   1 1   2 2   3 3
70 106 4   0 0   1 1   2 2   3 3
70 91 4   0 0   1 1   2 2   3 3
70 139 4   0 0   1 1   2 2   3 3
70 77 4   0 0   1 1   2 2   3 3
71 145 4   0 0   1 1   2 2   3 3
71 100 4   0 0   1 1   2 2   3 3
72 144 4   0 0   1 1   2 2   3 3
72 91 4   0 0   1 1   2 2   3 3
72 108 4   0 0   1 1   2 2   3 3
72 77 4   0 0   1 1   2 2   3 3
72 143 4   0 0   1 1   2 2   3 3
73 107 4   0 0   1 1   2 2   3 3
74 134 4   0 0   1 1   2 2   3 3
74 141 4   0 0   1 1   2 2   3 3
74 159 4   0 0   1 1   2 2   3 3
74 111 4   0 0   1 1   2 2   3 3
75 99 4   0 0   1 1   2 2   3 3
75 131 4   0 0   1 1   2 2   3 3
75 151 4   0 0   1 1   2 2   3 3
76 162 4   0 0   1 1   2 2   3 3
76 149 4   0 0   1 1   2 2   3 3
76 167 4   0 0   1 1   2 2   3 3
77 153 4   0 0   1 1   2 2   3 3
77 106 4   0 0   1 1   2 2   3 3
77 91 4   0 0   1 1   2 2   3 3
78 148 4   0 0   1 1   2 2   3 3
79 163 4   0 0   1 1   2 2   3 3
79 90 4   0 0   1 1   2 2   3 3
82 133 4   0 0   1 1   2 2   3 3
82 103 4   0 0   1 1   2 2   3 3
82 120 4   0 0   1 1   2 2   3 3
82 140 4   0 0   1 1   2 2   3 3
83 101 4   0 0   1 1   2 2   3 3
83 90 4   0 0   1 1   2 2   3 3
84 96 4   0 0   1 1   2 2   3 3
84 116 4   0 0   1 1   2 2   3 3
85 114 4   0 0   1 1   2 2   3 3
85 120 4   0 0   1 1   2 2   3 3
85 127 4   0 0   1 1   2 2   3 3
86 162 4   0 0   1 1   2 2   3 3
86 167 4   0 0   1 1   2 2   3 3
86 123 4   0 0   1 1   2 2   3 3
86 109 4   0 0   1 1   2 2   3 3
86 110 4   0 0   1 1   2 2   3 3
87 98 4   0 0   1 1   2 2   3 3
87 166 4   0 0   1 1   2 2   3 3
87 94 4   0 0   1 1   2 2   3 3
88 162 4   0 0   1 1   2 2   3 3
88 118 4   0 0   1 1   2 2   3 3
88 124 4   0 0   1 1   2 2   3 3
88 108 4   0 0   1 1   2 2   3 3
88 109 4   0 0   1 1   2 2   3 3
89 117 4   0 0   1 1   2 2   3 3
89 135 4   0 0   1 1   2 2   3 3
89 154 4   0 0   1 1   2 2   3 3
89 126 4   0 0   1 1   2 2   3 3
90 122 4   0 0   1 1   2 2   3 3
91 147 4   0 0   1 1   2 2   3 3
92 148 4   0 0   1 1   2 2   3 3
92 119 4   0 0   1 1   2 2   3 3
92 139 4   0 0   1 1   2 2   3 3
93 117 4   0 0   1 1   2 2   3 3
93 158 4   0 0   1 1   2 2   3 3
94 145 4   0 0   1 1   2 2   3 3
94 157 4   0 0   1 1   2 2   3 3
95 163 4   0 0   1 1   2 2   3 3
95 153 4   0 0   1 1   2 2   3 3
95 106 4   0 0   1 1   2 2   3 3
96 116 4   0 0   1 1   2 2   3 3
96 150 4   0 0   1 1   2 2   3 3
97 103 4   0 0   1 1   2 2   3 3
97 156 4   0 0   1 1   2 2   3 3
98 107 4   0 0   1 1   2 2   3 3
99 165 4   0 0   1 1   2 2   3 3
99 151 4   0 0   1 1   2 2   3 3
101 129 4   0 0   1 1   2 2   3 3
102 113 4   0 0   1 1   2 2   3 3
102 161 4   0 0   1 1   2 2   3 3
102 165 4   0 0   1 1   2 2   3 3
103 156 4   0 0   1 1   2 2   3 3
104 114 4   0 0   1 1   2 2   3 3
104 164 4   0 0   1 1   2 2   3 3
104 137 4   0 0   1 1   2 2   3 3
104 139 4   0 0   1 1   2 2   3 3
105 160 4   0 0   1 1   2 2   3 3
105 166 4   0 0   1 1   2 2   3 3
106 163 4   0 0   1 1   2 2   3 3
106 132 4   0 0   1 1   2 2   3 3
106 119 4   0 0   1 1   2 2   3 3
106 153 4   0 0   1 1   2 2   3 3
108 118 4   0 0   1 1   2 2   3 3
108 124 4   0 0   1 1   2 2   3 3
109 162 4   0 0   1 1   2 2   3 3
109 118 4   0 0   1 1   2 2   3 3
109 123 4   0 0   1 1   2 2   3 3
110 167 4   0 0   1 1   2 2   3 3
110 123 4   0 0   1 1   2 2   3 3
111 141 4   0 0   1 1   2 2   3 3
111 125 4   0 0   1 1   2 2   3 3
111 159 4   0 0   1 1   2 2   3 3
112 152 4   0 0   1 1   2 2   3 3
112 141 4   0 0   1 1   2 2   3 3
113 161 4   0 0   1 1   2 2   3 3
113 121 4   0 0   1 1   2 2   3 3
114 147 4   0 0   1 1   2 2   3 3
114 137 4   0 0   1 1   2 2   3 3
115 159 4   0 0   1 1   2 2   3 3
116 144 4   0 0   1 1   2 2   3 3
116 150 4   0 0   1 1   2 2   3 3
116 143 4   0 0   1 1   2 2   3 3
117 135 4   0 0   1 1   2 2   3 3
117 126 4   0 0   1 1   2 2   3 3
117 158 4   0 0   1 1   2 2   3 3
119 132 4   0 0   1 1   2 2   3 3
119 139 4   0 0   1 1   2 2   3 3
120 140 4   0 0   1 1   2 2   3 3
120 127 4   0 0   1 1   2 2   3 3
121 123 4   0 0   1 1   2 2   3 3
124 129 4   0 0   1 1   2 2   3 3
125 141 4   0 0   1 1   2 2   3 3
126 158 4   0 0   1 1   2 2   3 3
127 140 4   0 0   1 1   2 2   3 3
128 160 4   0 0   1 1   2 2   3 3
128 130 4   0 0   1 1   2 2   3 3
129 149 4   0 0   1 1   2 2   3 3
130 160 4   0 0   1 1   2 2   3 3
131 151 4   0 0   1 1   2 2   3 3
131 135 4   0 0   1 1   2 2   3 3
131 142 4   0 0   1 1   2 2   3 3
132 163 4   0 0   1 1   2 2   3 3
134 146 4   0 0   1 1   2 2   3 3
134 159 4   0 0   1 1   2 2   3 3
135 154 4   0 0   1 1   2 2   3 3
135 142 4   0 0   1 1   2 2   3 3
136 157 4   0 0   1 1   2 2   3 3
136 158 4   0 0   1 1   2 2   3 3
137 147 4   0 0   1 1   2 2   3 3
139 164 4   0 0   1 1   2 2   3 3
140 152 4   0 0   1 1   2 2   3 3
142 151 4   0 0   1 1   2 2   3 3
142 154 4   0 0   1 1   2 2   3 3
143 144 4   0 0   1 1   2 2   3 3
144 150 4   0 0   1 1   2 2   3 3
151 165 4   0 0   1 1   2 2   3 3
155 161 4   0 0   1 1   2 2   3 3
161 165 4   0 0   1 1   2 2   3 3
162 167 4   0 0   1 1   2 2   3 3
