123
1 4 0 1 2 3
2 4 0 1 2 3
3 4 0 1 2 3
4 4 0 1 2 3
5 4 0 1 2 3
6 4 0 1 2 3
7 4 0 1 2 3
8 4 0 1 2 3
9 4 0 1 2 3
10 4 0 1 2 3
11 4 0 1 2 3
12 4 0 1 2 3
13 4 0 1 2 3
14 4 0 1 2 3
15 4 0 1 2 3
16 4 0 1 2 3
17 4 0 1 2 3
18 4 0 1 2 3
19 4 0 1 2 3
20 4 0 1 2 3
21 4 0 1 2 3
22 4 0 1 2 3
23 4 0 1 2 3
24 4 0 1 2 3
25 4 0 1 2 3
26 4 0 1 2 3
27 4 0 1 2 3
28 4 0 1 2 3
29 4 0 1 2 3
30 4 0 1 2 3
31 4 0 1 2 3
32 4 0 1 2 3
33 4 0 1 2 3
34 4 0 1 2 3
35 4 0 1 2 3
36 4 0 1 2 3
37 4 0 1 2 3
38 4 0 1 2 3
39 4 0 1 2 3
40 4 0 1 2 3
41 4 0 1 2 3
42 4 0 1 2 3
43 4 0 1 2 3
44 4 0 1 2 3
45 4 0 1 2 3
46 4 0 1 2 3
47 4 0 1 2 3
48 4 0 1 2 3
49 4 0 1 2 3
50 4 0 1 2 3
51 4 0 1 2 3
52 4 0 1 2 3
53 4 0 1 2 3
54 4 0 1 2 3
55 4 0 1 2 3
56 4 0 1 2 3
57 4 0 1 2 3
58 4 0 1 2 3
59 4 0 1 2 3
60 4 0 1 2 3
61 4 0 1 2 3
62 4 0 1 2 3
63 4 0 1 2 3
64 4 0 1 2 3
65 4 0 1 2 3
66 4 0 1 2 3
67 4 0 1 2 3
68 4 0 1 2 3
69 4 0 1 2 3
70 4 0 1 2 3
71 4 0 1 2 3
72 4 0 1 2 3
73 4 0 1 2 3
74 4 0 1 2 3
75 4 0 1 2 3
76 4 0 1 2 3
77 4 0 1 2 3
78 4 0 1 2 3
79 4 0 1 2 3
80 4 0 1 2 3
81 4 0 1 2 3
82 4 0 1 2 3
83 4 0 1 2 3
84 4 0 1 2 3
85 4 0 1 2 3
86 4 0 1 2 3
87 4 0 1 2 3
88 4 0 1 2 3
89 4 0 1 2 3
90 4 0 1 2 3
91 4 0 1 2 3
92 4 0 1 2 3
93 4 0 1 2 3
94 4 0 1 2 3
95 4 0 1 2 3
96 4 0 1 2 3
97 4 0 1 2 3
98 4 0 1 2 3
99 4 0 1 2 3
100 4 0 1 2 3
101 4 0 1 2 3
102 4 0 1 2 3
103 4 0 1 2 3
104 4 0 1 2 3
105 4 0 1 2 3
106 4 0 1 2 3
107 4 0 1 2 3
108 4 0 1 2 3
109 4 0 1 2 3
110 4 0 1 2 3
111 4 0 1 2 3
112 4 0 1 2 3
113 4 0 1 2 3
114 4 0 1 2 3
115 4 0 1 2 3
116 4 0 1 2 3
117 4 0 1 2 3
118 4 0 1 2 3
119 4 0 1 2 3
120 4 0 1 2 3
121 4 0 1 2 3
122 4 0 1 2 3
123 4 0 1 2 3
338
1 114 4   0 0   1 1   2 2   3 3
1 68 4   0 0   1 1   2 2   3 3
1 5 4   0 0   1 1   2 2   3 3
1 104 4   0 0   1 1   2 2   3 3
1 89 4   0 0   1 1   2 2   3 3
1 123 4   0 0   1 1   2 2   3 3
2 16 4   0 0   1 1   2 2   3 3
2 18 4   0 0   1 1   2 2   3 3
2 51 4   0 0   1 1   2 2   3 3
2 86 4   0 0   1 1   2 2   3 3
2 58 4   0 0   1 1   2 2   3 3
3 97 4   0 0   1 1   2 2   3 3
3 66 4   0 0   1 1   2 2   3 3
3 4 4   0 0   1 1   2 2   3 3
3 85 4   0 0   1 1   2 2   3 3
3 59 4   0 0   1 1   2 2   3 3
3 62 4   0 0   1 1   2 2   3 3
4 66 4   0 0   1 1   2 2   3 3
4 83 4   0 0   1 1   2 2   3 3
4 116 4   0 0   1 1   2 2   3 3
4 53 4   0 0   1 1   2 2   3 3
4 59 4   0 0   1 1   2 2   3 3
4 77 4   0 0   1 1   2 2   3 3
5 87 4   0 0   1 1   2 2   3 3
5 104 4   0 0   1 1   2 2   3 3
5 58 4   0 0   1 1   2 2   3 3
5 123 4   0 0   1 1   2 2   3 3
5 76 4   0 0   1 1   2 2   3 3
6 67 4   0 0   1 1   2 2   3 3
6 22 4   0 0   1 1   2 2   3 3
6 57 4   0 0   1 1   2 2   3 3
6 11 4   0 0   1 1   2 2   3 3
6 15 4   0 0   1 1   2 2   3 3
7 118 4   0 0   1 1   2 2   3 3
7 102 4   0 0   1 1   2 2   3 3
7 60 4   0 0   1 1   2 2   3 3
7 28 4   0 0   1 1   2 2   3 3
7 110 4   0 0   1 1   2 2   3 3
7 31 4   0 0   1 1   2 2   3 3
8 81 4   0 0   1 1   2 2   3 3
8 82 4   0 0   1 1   2 2   3 3
8 71 4   0 0   1 1   2 2   3 3
8 27 4   0 0   1 1   2 2   3 3
8 45 4   0 0   1 1   2 2   3 3
8 94 4   0 0   1 1   2 2   3 3
9 17 4   0 0   1 1   2 2   3 3
9 65 4   0 0   1 1   2 2   3 3
9 19 4   0 0   1 1   2 2   3 3
9 42 4   0 0   1 1   2 2   3 3
9 107 4   0 0   1 1   2 2   3 3
9 93 4   0 0   1 1   2 2   3 3
10 48 4   0 0   1 1   2 2   3 3
10 32 4   0 0   1 1   2 2   3 3
10 52 4   0 0   1 1   2 2   3 3
10 121 4   0 0   1 1   2 2   3 3
10 41 4   0 0   1 1   2 2   3 3
10 25 4   0 0   1 1   2 2   3 3
10 79 4   0 0   1 1   2 2   3 3
11 49 4   0 0   1 1   2 2   3 3
11 50 4   0 0   1 1   2 2   3 3
11 22 4   0 0   1 1   2 2   3 3
11 15 4   0 0   1 1   2 2   3 3
12 65 4   0 0   1 1   2 2   3 3
12 18 4   0 0   1 1   2 2   3 3
12 119 4   0 0   1 1   2 2   3 3
12 40 4   0 0   1 1   2 2   3 3
12 104 4   0 0   1 1   2 2   3 3
12 58 4   0 0   1 1   2 2   3 3
13 81 4   0 0   1 1   2 2   3 3
13 67 4   0 0   1 1   2 2   3 3
13 71 4   0 0   1 1   2 2   3 3
13 39 4   0 0   1 1   2 2   3 3
14 32 4   0 0   1 1   2 2   3 3
14 113 4   0 0   1 1   2 2   3 3
14 38 4   0 0   1 1   2 2   3 3
14 25 4   0 0   1 1   2 2   3 3
14 47 4   0 0   1 1   2 2   3 3
14 63 4   0 0   1 1   2 2   3 3
15 50 4   0 0   1 1   2 2   3 3
15 98 4   0 0   1 1   2 2   3 3
15 57 4   0 0   1 1   2 2   3 3
15 74 4   0 0   1 1   2 2   3 3
15 111 4   0 0   1 1   2 2   3 3
16 51 4   0 0   1 1   2 2   3 3
16 101 4   0 0   1 1   2 2   3 3
16 86 4   0 0   1 1   2 2   3 3
17 19 4   0 0   1 1   2 2   3 3
17 85 4   0 0   1 1   2 2   3 3
17 73 4   0 0   1 1   2 2   3 3
17 107 4   0 0   1 1   2 2   3 3
17 62 4   0 0   1 1   2 2   3 3
18 80 4   0 0   1 1   2 2   3 3
18 86 4   0 0   1 1   2 2   3 3
18 40 4   0 0   1 1   2 2   3 3
18 58 4   0 0   1 1   2 2   3 3
19 65 4   0 0   1 1   2 2   3 3
19 119 4   0 0   1 1   2 2   3 3
19 62 4   0 0   1 1   2 2   3 3
20 42 4   0 0   1 1   2 2   3 3
20 90 4   0 0   1 1   2 2   3 3
20 44 4   0 0   1 1   2 2   3 3
21 112 4   0 0   1 1   2 2   3 3
21 72 4   0 0   1 1   2 2   3 3
21 26 4   0 0   1 1   2 2   3 3
21 31 4   0 0   1 1   2 2   3 3
22 81 4   0 0   1 1   2 2   3 3
22 49 4   0 0   1 1   2 2   3 3
22 67 4   0 0   1 1   2 2   3 3
22 69 4   0 0   1 1   2 2   3 3
22 27 4   0 0   1 1   2 2   3 3
23 33 4   0 0   1 1   2 2   3 3
23 24 4   0 0   1 1   2 2   3 3
23 122 4   0 0   1 1   2 2   3 3
23 29 4   0 0   1 1   2 2   3 3
23 61 4   0 0   1 1   2 2   3 3
24 36 4   0 0   1 1   2 2   3 3
24 39 4   0 0   1 1   2 2   3 3
24 106 4   0 0   1 1   2 2   3 3
24 122 4   0 0   1 1   2 2   3 3
24 75 4   0 0   1 1   2 2   3 3
24 29 4   0 0   1 1   2 2   3 3
25 32 4   0 0   1 1   2 2   3 3
25 41 4   0 0   1 1   2 2   3 3
25 109 4   0 0   1 1   2 2   3 3
25 47 4   0 0   1 1   2 2   3 3
26 102 4   0 0   1 1   2 2   3 3
26 88 4   0 0   1 1   2 2   3 3
26 72 4   0 0   1 1   2 2   3 3
26 90 4   0 0   1 1   2 2   3 3
26 28 4   0 0   1 1   2 2   3 3
26 31 4   0 0   1 1   2 2   3 3
27 81 4   0 0   1 1   2 2   3 3
27 37 4   0 0   1 1   2 2   3 3
27 69 4   0 0   1 1   2 2   3 3
27 45 4   0 0   1 1   2 2   3 3
28 102 4   0 0   1 1   2 2   3 3
28 56 4   0 0   1 1   2 2   3 3
28 88 4   0 0   1 1   2 2   3 3
28 60 4   0 0   1 1   2 2   3 3
29 67 4   0 0   1 1   2 2   3 3
29 39 4   0 0   1 1   2 2   3 3
29 61 4   0 0   1 1   2 2   3 3
30 54 4   0 0   1 1   2 2   3 3
30 123 4   0 0   1 1   2 2   3 3
30 46 4   0 0   1 1   2 2   3 3
31 102 4   0 0   1 1   2 2   3 3
32 113 4   0 0   1 1   2 2   3 3
32 79 4   0 0   1 1   2 2   3 3
33 85 4   0 0   1 1   2 2   3 3
33 73 4   0 0   1 1   2 2   3 3
33 122 4   0 0   1 1   2 2   3 3
33 43 4   0 0   1 1   2 2   3 3
33 61 4   0 0   1 1   2 2   3 3
33 78 4   0 0   1 1   2 2   3 3
34 82 4   0 0   1 1   2 2   3 3
34 41 4   0 0   1 1   2 2   3 3
34 109 4   0 0   1 1   2 2   3 3
35 97 4   0 0   1 1   2 2   3 3
35 52 4   0 0   1 1   2 2   3 3
35 85 4   0 0   1 1   2 2   3 3
35 103 4   0 0   1 1   2 2   3 3
35 43 4   0 0   1 1   2 2   3 3
36 48 4   0 0   1 1   2 2   3 3
36 52 4   0 0   1 1   2 2   3 3
36 106 4   0 0   1 1   2 2   3 3
36 122 4   0 0   1 1   2 2   3 3
36 91 4   0 0   1 1   2 2   3 3
36 95 4   0 0   1 1   2 2   3 3
37 69 4   0 0   1 1   2 2   3 3
37 45 4   0 0   1 1   2 2   3 3
38 113 4   0 0   1 1   2 2   3 3
38 99 4   0 0   1 1   2 2   3 3
38 63 4   0 0   1 1   2 2   3 3
39 67 4   0 0   1 1   2 2   3 3
39 71 4   0 0   1 1   2 2   3 3
39 75 4   0 0   1 1   2 2   3 3
40 80 4   0 0   1 1   2 2   3 3
40 96 4   0 0   1 1   2 2   3 3
40 65 4   0 0   1 1   2 2   3 3
40 42 4   0 0   1 1   2 2   3 3
40 90 4   0 0   1 1   2 2   3 3
41 82 4   0 0   1 1   2 2   3 3
41 121 4   0 0   1 1   2 2   3 3
41 109 4   0 0   1 1   2 2   3 3
42 65 4   0 0   1 1   2 2   3 3
42 90 4   0 0   1 1   2 2   3 3
42 44 4   0 0   1 1   2 2   3 3
42 93 4   0 0   1 1   2 2   3 3
43 85 4   0 0   1 1   2 2   3 3
43 103 4   0 0   1 1   2 2   3 3
43 78 4   0 0   1 1   2 2   3 3
44 84 4   0 0   1 1   2 2   3 3
44 90 4   0 0   1 1   2 2   3 3
44 93 4   0 0   1 1   2 2   3 3
46 100 4   0 0   1 1   2 2   3 3
46 53 4   0 0   1 1   2 2   3 3
46 54 4   0 0   1 1   2 2   3 3
47 109 4   0 0   1 1   2 2   3 3
47 63 4   0 0   1 1   2 2   3 3
48 52 4   0 0   1 1   2 2   3 3
48 121 4   0 0   1 1   2 2   3 3
48 95 4   0 0   1 1   2 2   3 3
49 50 4   0 0   1 1   2 2   3 3
49 69 4   0 0   1 1   2 2   3 3
49 110 4   0 0   1 1   2 2   3 3
50 118 4   0 0   1 1   2 2   3 3
50 110 4   0 0   1 1   2 2   3 3
50 111 4   0 0   1 1   2 2   3 3
51 58 4   0 0   1 1   2 2   3 3
52 97 4   0 0   1 1   2 2   3 3
52 103 4   0 0   1 1   2 2   3 3
52 79 4   0 0   1 1   2 2   3 3
53 100 4   0 0   1 1   2 2   3 3
53 116 4   0 0   1 1   2 2   3 3
53 54 4   0 0   1 1   2 2   3 3
53 77 4   0 0   1 1   2 2   3 3
54 83 4   0 0   1 1   2 2   3 3
54 116 4   0 0   1 1   2 2   3 3
54 123 4   0 0   1 1   2 2   3 3
55 64 4   0 0   1 1   2 2   3 3
55 82 4   0 0   1 1   2 2   3 3
55 121 4   0 0   1 1   2 2   3 3
55 95 4   0 0   1 1   2 2   3 3
56 115 4   0 0   1 1   2 2   3 3
56 88 4   0 0   1 1   2 2   3 3
56 74 4   0 0   1 1   2 2   3 3
56 60 4   0 0   1 1   2 2   3 3
56 111 4   0 0   1 1   2 2   3 3
57 98 4   0 0   1 1   2 2   3 3
57 67 4   0 0   1 1   2 2   3 3
57 61 4   0 0   1 1   2 2   3 3
58 87 4   0 0   1 1   2 2   3 3
58 104 4   0 0   1 1   2 2   3 3
59 83 4   0 0   1 1   2 2   3 3
59 68 4   0 0   1 1   2 2   3 3
59 119 4   0 0   1 1   2 2   3 3
59 62 4   0 0   1 1   2 2   3 3
60 118 4   0 0   1 1   2 2   3 3
60 111 4   0 0   1 1   2 2   3 3
61 98 4   0 0   1 1   2 2   3 3
61 67 4   0 0   1 1   2 2   3 3
61 73 4   0 0   1 1   2 2   3 3
61 108 4   0 0   1 1   2 2   3 3
62 85 4   0 0   1 1   2 2   3 3
62 119 4   0 0   1 1   2 2   3 3
63 99 4   0 0   1 1   2 2   3 3
63 109 4   0 0   1 1   2 2   3 3
64 82 4   0 0   1 1   2 2   3 3
64 120 4   0 0   1 1   2 2   3 3
64 106 4   0 0   1 1   2 2   3 3
64 95 4   0 0   1 1   2 2   3 3
65 119 4   0 0   1 1   2 2   3 3
66 97 4   0 0   1 1   2 2   3 3
66 92 4   0 0   1 1   2 2   3 3
66 77 4   0 0   1 1   2 2   3 3
67 81 4   0 0   1 1   2 2   3 3
68 114 4   0 0   1 1   2 2   3 3
68 83 4   0 0   1 1   2 2   3 3
68 119 4   0 0   1 1   2 2   3 3
68 89 4   0 0   1 1   2 2   3 3
70 71 4   0 0   1 1   2 2   3 3
70 120 4   0 0   1 1   2 2   3 3
70 105 4   0 0   1 1   2 2   3 3
70 75 4   0 0   1 1   2 2   3 3
71 81 4   0 0   1 1   2 2   3 3
71 105 4   0 0   1 1   2 2   3 3
71 75 4   0 0   1 1   2 2   3 3
71 94 4   0 0   1 1   2 2   3 3
72 96 4   0 0   1 1   2 2   3 3
72 112 4   0 0   1 1   2 2   3 3
72 90 4   0 0   1 1   2 2   3 3
73 85 4   0 0   1 1   2 2   3 3
73 107 4   0 0   1 1   2 2   3 3
73 108 4   0 0   1 1   2 2   3 3
74 98 4   0 0   1 1   2 2   3 3
74 115 4   0 0   1 1   2 2   3 3
74 117 4   0 0   1 1   2 2   3 3
74 111 4   0 0   1 1   2 2   3 3
75 120 4   0 0   1 1   2 2   3 3
75 106 4   0 0   1 1   2 2   3 3
76 87 4   0 0   1 1   2 2   3 3
77 100 4   0 0   1 1   2 2   3 3
77 92 4   0 0   1 1   2 2   3 3
78 103 4   0 0   1 1   2 2   3 3
78 122 4   0 0   1 1   2 2   3 3
78 91 4   0 0   1 1   2 2   3 3
79 113 4   0 0   1 1   2 2   3 3
79 97 4   0 0   1 1   2 2   3 3
79 92 4   0 0   1 1   2 2   3 3
80 96 4   0 0   1 1   2 2   3 3
80 101 4   0 0   1 1   2 2   3 3
80 86 4   0 0   1 1   2 2   3 3
82 120 4   0 0   1 1   2 2   3 3
82 105 4   0 0   1 1   2 2   3 3
82 121 4   0 0   1 1   2 2   3 3
82 94 4   0 0   1 1   2 2   3 3
83 116 4   0 0   1 1   2 2   3 3
83 89 4   0 0   1 1   2 2   3 3
83 123 4   0 0   1 1   2 2   3 3
84 115 4   0 0   1 1   2 2   3 3
84 117 4   0 0   1 1   2 2   3 3
84 88 4   0 0   1 1   2 2   3 3
84 90 4   0 0   1 1   2 2   3 3
84 108 4   0 0   1 1   2 2   3 3
84 93 4   0 0   1 1   2 2   3 3
85 97 4   0 0   1 1   2 2   3 3
86 101 4   0 0   1 1   2 2   3 3
88 115 4   0 0   1 1   2 2   3 3
88 90 4   0 0   1 1   2 2   3 3
89 123 4   0 0   1 1   2 2   3 3
90 96 4   0 0   1 1   2 2   3 3
91 103 4   0 0   1 1   2 2   3 3
91 122 4   0 0   1 1   2 2   3 3
92 113 4   0 0   1 1   2 2   3 3
92 97 4   0 0   1 1   2 2   3 3
92 100 4   0 0   1 1   2 2   3 3
93 107 4   0 0   1 1   2 2   3 3
93 108 4   0 0   1 1   2 2   3 3
94 105 4   0 0   1 1   2 2   3 3
95 121 4   0 0   1 1   2 2   3 3
95 106 4   0 0   1 1   2 2   3 3
96 112 4   0 0   1 1   2 2   3 3
96 101 4   0 0   1 1   2 2   3 3
98 117 4   0 0   1 1   2 2   3 3
98 108 4   0 0   1 1   2 2   3 3
99 109 4   0 0   1 1   2 2   3 3
100 113 4   0 0   1 1   2 2   3 3
101 112 4   0 0   1 1   2 2   3 3
104 114 4   0 0   1 1   2 2   3 3
104 119 4   0 0   1 1   2 2   3 3
105 120 4   0 0   1 1   2 2   3 3
106 120 4   0 0   1 1   2 2   3 3
107 108 4   0 0   1 1   2 2   3 3
108 117 4   0 0   1 1   2 2   3 3
110 118 4   0 0   1 1   2 2   3 3
111 118 4   0 0   1 1   2 2   3 3
114 119 4   0 0   1 1   2 2   3 3
115 117 4   0 0   1 1   2 2   3 3
