192
1 4 0 1 2 3
2 4 0 1 2 3
3 4 0 1 2 3
4 4 0 1 2 3
5 4 0 1 2 3
6 4 0 1 2 3
7 4 0 1 2 3
8 4 0 1 2 3
9 4 0 1 2 3
10 4 0 1 2 3
11 4 0 1 2 3
12 4 0 1 2 3
13 4 0 1 2 3
14 4 0 1 2 3
15 4 0 1 2 3
16 4 0 1 2 3
17 4 0 1 2 3
18 4 0 1 2 3
19 4 0 1 2 3
20 4 0 1 2 3
21 4 0 1 2 3
22 4 0 1 2 3
23 4 0 1 2 3
24 4 0 1 2 3
25 4 0 1 2 3
26 4 0 1 2 3
27 4 0 1 2 3
28 4 0 1 2 3
29 4 0 1 2 3
30 4 0 1 2 3
31 4 0 1 2 3
32 4 0 1 2 3
33 4 0 1 2 3
34 4 0 1 2 3
35 4 0 1 2 3
36 4 0 1 2 3
37 4 0 1 2 3
38 4 0 1 2 3
39 4 0 1 2 3
40 4 0 1 2 3
41 4 0 1 2 3
42 4 0 1 2 3
43 4 0 1 2 3
44 4 0 1 2 3
45 4 0 1 2 3
46 4 0 1 2 3
47 4 0 1 2 3
48 4 0 1 2 3
49 4 0 1 2 3
50 4 0 1 2 3
51 4 0 1 2 3
52 4 0 1 2 3
53 4 0 1 2 3
54 4 0 1 2 3
55 4 0 1 2 3
56 4 0 1 2 3
57 4 0 1 2 3
58 4 0 1 2 3
59 4 0 1 2 3
60 4 0 1 2 3
61 4 0 1 2 3
62 4 0 1 2 3
63 4 0 1 2 3
64 4 0 1 2 3
65 4 0 1 2 3
66 4 0 1 2 3
67 4 0 1 2 3
68 4 0 1 2 3
69 4 0 1 2 3
70 4 0 1 2 3
71 4 0 1 2 3
72 4 0 1 2 3
73 4 0 1 2 3
74 4 0 1 2 3
75 4 0 1 2 3
76 4 0 1 2 3
77 4 0 1 2 3
78 4 0 1 2 3
79 4 0 1 2 3
80 4 0 1 2 3
81 4 0 1 2 3
82 4 0 1 2 3
83 4 0 1 2 3
84 4 0 1 2 3
85 4 0 1 2 3
86 4 0 1 2 3
87 4 0 1 2 3
88 4 0 1 2 3
89 4 0 1 2 3
90 4 0 1 2 3
91 4 0 1 2 3
92 4 0 1 2 3
93 4 0 1 2 3
94 4 0 1 2 3
95 4 0 1 2 3
96 4 0 1 2 3
97 4 0 1 2 3
98 4 0 1 2 3
99 4 0 1 2 3
100 4 0 1 2 3
101 4 0 1 2 3
102 4 0 1 2 3
103 4 0 1 2 3
104 4 0 1 2 3
105 4 0 1 2 3
106 4 0 1 2 3
107 4 0 1 2 3
108 4 0 1 2 3
109 4 0 1 2 3
110 4 0 1 2 3
111 4 0 1 2 3
112 4 0 1 2 3
113 4 0 1 2 3
114 4 0 1 2 3
115 4 0 1 2 3
116 4 0 1 2 3
117 4 0 1 2 3
118 4 0 1 2 3
119 4 0 1 2 3
120 4 0 1 2 3
121 4 0 1 2 3
122 4 0 1 2 3
123 4 0 1 2 3
124 4 0 1 2 3
125 4 0 1 2 3
126 4 0 1 2 3
127 4 0 1 2 3
128 4 0 1 2 3
129 4 0 1 2 3
130 4 0 1 2 3
131 4 0 1 2 3
132 4 0 1 2 3
133 4 0 1 2 3
134 4 0 1 2 3
135 4 0 1 2 3
136 4 0 1 2 3
137 4 0 1 2 3
138 4 0 1 2 3
139 4 0 1 2 3
140 4 0 1 2 3
141 4 0 1 2 3
142 4 0 1 2 3
143 4 0 1 2 3
144 4 0 1 2 3
145 4 0 1 2 3
146 4 0 1 2 3
147 4 0 1 2 3
148 4 0 1 2 3
149 4 0 1 2 3
150 4 0 1 2 3
151 4 0 1 2 3
152 4 0 1 2 3
153 4 0 1 2 3
154 4 0 1 2 3
155 4 0 1 2 3
156 4 0 1 2 3
157 4 0 1 2 3
158 4 0 1 2 3
159 4 0 1 2 3
160 4 0 1 2 3
161 4 0 1 2 3
162 4 0 1 2 3
163 4 0 1 2 3
164 4 0 1 2 3
165 4 0 1 2 3
166 4 0 1 2 3
167 4 0 1 2 3
168 4 0 1 2 3
169 4 0 1 2 3
170 4 0 1 2 3
171 4 0 1 2 3
172 4 0 1 2 3
173 4 0 1 2 3
174 4 0 1 2 3
175 4 0 1 2 3
176 4 0 1 2 3
177 4 0 1 2 3
178 4 0 1 2 3
179 4 0 1 2 3
180 4 0 1 2 3
181 4 0 1 2 3
182 4 0 1 2 3
183 4 0 1 2 3
184 4 0 1 2 3
185 4 0 1 2 3
186 4 0 1 2 3
187 4 0 1 2 3
188 4 0 1 2 3
189 4 0 1 2 3
190 4 0 1 2 3
191 4 0 1 2 3
192 4 0 1 2 3
535
1 128 4   0 0   1 1   2 2   3 3
1 178 4   0 0   1 1   2 2   3 3
1 100 4   0 0   1 1   2 2   3 3
1 69 4   0 0   1 1   2 2   3 3
1 124 4   0 0   1 1   2 2   3 3
1 173 4   0 0   1 1   2 2   3 3
2 68 4   0 0   1 1   2 2   3 3
2 167 4   0 0   1 1   2 2   3 3
2 169 4   0 0   1 1   2 2   3 3
2 122 4   0 0   1 1   2 2   3 3
3 17 4   0 0   1 1   2 2   3 3
3 86 4   0 0   1 1   2 2   3 3
3 7 4   0 0   1 1   2 2   3 3
3 104 4   0 0   1 1   2 2   3 3
3 10 4   0 0   1 1   2 2   3 3
3 189 4   0 0   1 1   2 2   3 3
3 31 4   0 0   1 1   2 2   3 3
4 32 4   0 0   1 1   2 2   3 3
4 113 4   0 0   1 1   2 2   3 3
4 146 4   0 0   1 1   2 2   3 3
4 83 4   0 0   1 1   2 2   3 3
4 35 4   0 0   1 1   2 2   3 3
4 170 4   0 0   1 1   2 2   3 3
4 175 4   0 0   1 1   2 2   3 3
5 192 4   0 0   1 1   2 2   3 3
5 128 4   0 0   1 1   2 2   3 3
5 130 4   0 0   1 1   2 2   3 3
5 84 4   0 0   1 1   2 2   3 3
5 69 4   0 0   1 1   2 2   3 3
5 173 4   0 0   1 1   2 2   3 3
5 46 4   0 0   1 1   2 2   3 3
6 33 4   0 0   1 1   2 2   3 3
6 178 4   0 0   1 1   2 2   3 3
6 39 4   0 0   1 1   2 2   3 3
6 88 4   0 0   1 1   2 2   3 3
6 73 4   0 0   1 1   2 2   3 3
6 173 4   0 0   1 1   2 2   3 3
6 95 4   0 0   1 1   2 2   3 3
7 192 4   0 0   1 1   2 2   3 3
7 84 4   0 0   1 1   2 2   3 3
7 189 4   0 0   1 1   2 2   3 3
7 31 4   0 0   1 1   2 2   3 3
8 132 4   0 0   1 1   2 2   3 3
8 116 4   0 0   1 1   2 2   3 3
8 134 4   0 0   1 1   2 2   3 3
8 150 4   0 0   1 1   2 2   3 3
8 76 4   0 0   1 1   2 2   3 3
9 16 4   0 0   1 1   2 2   3 3
9 116 4   0 0   1 1   2 2   3 3
9 150 4   0 0   1 1   2 2   3 3
9 72 4   0 0   1 1   2 2   3 3
9 11 4   0 0   1 1   2 2   3 3
9 43 4   0 0   1 1   2 2   3 3
9 140 4   0 0   1 1   2 2   3 3
10 51 4   0 0   1 1   2 2   3 3
10 54 4   0 0   1 1   2 2   3 3
10 86 4   0 0   1 1   2 2   3 3
10 104 4   0 0   1 1   2 2   3 3
11 165 4   0 0   1 1   2 2   3 3
11 150 4   0 0   1 1   2 2   3 3
11 140 4   0 0   1 1   2 2   3 3
12 53 4   0 0   1 1   2 2   3 3
12 117 4   0 0   1 1   2 2   3 3
12 155 4   0 0   1 1   2 2   3 3
12 190 4   0 0   1 1   2 2   3 3
12 14 4   0 0   1 1   2 2   3 3
12 47 4   0 0   1 1   2 2   3 3
13 145 4   0 0   1 1   2 2   3 3
13 114 4   0 0   1 1   2 2   3 3
13 18 4   0 0   1 1   2 2   3 3
13 98 4   0 0   1 1   2 2   3 3
13 137 4   0 0   1 1   2 2   3 3
13 171 4   0 0   1 1   2 2   3 3
13 156 4   0 0   1 1   2 2   3 3
13 31 4   0 0   1 1   2 2   3 3
14 116 4   0 0   1 1   2 2   3 3
14 117 4   0 0   1 1   2 2   3 3
14 134 4   0 0   1 1   2 2   3 3
14 183 4   0 0   1 1   2 2   3 3
14 122 4   0 0   1 1   2 2   3 3
14 155 4   0 0   1 1   2 2   3 3
14 91 4   0 0   1 1   2 2   3 3
14 63 4   0 0   1 1   2 2   3 3
15 105 4   0 0   1 1   2 2   3 3
15 25 4   0 0   1 1   2 2   3 3
15 74 4   0 0   1 1   2 2   3 3
15 111 4   0 0   1 1   2 2   3 3
16 97 4   0 0   1 1   2 2   3 3
16 116 4   0 0   1 1   2 2   3 3
16 72 4   0 0   1 1   2 2   3 3
16 57 4   0 0   1 1   2 2   3 3
17 145 4   0 0   1 1   2 2   3 3
17 104 4   0 0   1 1   2 2   3 3
17 31 4   0 0   1 1   2 2   3 3
18 145 4   0 0   1 1   2 2   3 3
18 104 4   0 0   1 1   2 2   3 3
18 137 4   0 0   1 1   2 2   3 3
19 49 4   0 0   1 1   2 2   3 3
19 65 4   0 0   1 1   2 2   3 3
19 67 4   0 0   1 1   2 2   3 3
19 99 4   0 0   1 1   2 2   3 3
19 40 4   0 0   1 1   2 2   3 3
20 147 4   0 0   1 1   2 2   3 3
20 100 4   0 0   1 1   2 2   3 3
20 151 4   0 0   1 1   2 2   3 3
20 61 4   0 0   1 1   2 2   3 3
20 109 4   0 0   1 1   2 2   3 3
21 192 4   0 0   1 1   2 2   3 3
21 130 4   0 0   1 1   2 2   3 3
21 171 4   0 0   1 1   2 2   3 3
21 31 4   0 0   1 1   2 2   3 3
21 191 4   0 0   1 1   2 2   3 3
22 160 4   0 0   1 1   2 2   3 3
22 99 4   0 0   1 1   2 2   3 3
22 70 4   0 0   1 1   2 2   3 3
22 24 4   0 0   1 1   2 2   3 3
22 185 4   0 0   1 1   2 2   3 3
22 45 4   0 0   1 1   2 2   3 3
22 157 4   0 0   1 1   2 2   3 3
22 126 4   0 0   1 1   2 2   3 3
23 96 4   0 0   1 1   2 2   3 3
23 115 4   0 0   1 1   2 2   3 3
23 118 4   0 0   1 1   2 2   3 3
23 182 4   0 0   1 1   2 2   3 3
23 123 4   0 0   1 1   2 2   3 3
23 29 4   0 0   1 1   2 2   3 3
23 158 4   0 0   1 1   2 2   3 3
23 142 4   0 0   1 1   2 2   3 3
24 64 4   0 0   1 1   2 2   3 3
24 177 4   0 0   1 1   2 2   3 3
24 99 4   0 0   1 1   2 2   3 3
24 119 4   0 0   1 1   2 2   3 3
24 40 4   0 0   1 1   2 2   3 3
24 74 4   0 0   1 1   2 2   3 3
24 126 4   0 0   1 1   2 2   3 3
25 80 4   0 0   1 1   2 2   3 3
25 121 4   0 0   1 1   2 2   3 3
25 105 4   0 0   1 1   2 2   3 3
25 58 4   0 0   1 1   2 2   3 3
25 74 4   0 0   1 1   2 2   3 3
26 67 4   0 0   1 1   2 2   3 3
26 37 4   0 0   1 1   2 2   3 3
26 87 4   0 0   1 1   2 2   3 3
26 136 4   0 0   1 1   2 2   3 3
26 72 4   0 0   1 1   2 2   3 3
26 43 4   0 0   1 1   2 2   3 3
27 179 4   0 0   1 1   2 2   3 3
27 131 4   0 0   1 1   2 2   3 3
27 180 4   0 0   1 1   2 2   3 3
27 38 4   0 0   1 1   2 2   3 3
27 41 4   0 0   1 1   2 2   3 3
28 82 4   0 0   1 1   2 2   3 3
28 51 4   0 0   1 1   2 2   3 3
28 133 4   0 0   1 1   2 2   3 3
28 154 4   0 0   1 1   2 2   3 3
28 92 4   0 0   1 1   2 2   3 3
28 61 4   0 0   1 1   2 2   3 3
28 109 4   0 0   1 1   2 2   3 3
29 102 4   0 0   1 1   2 2   3 3
29 118 4   0 0   1 1   2 2   3 3
29 120 4   0 0   1 1   2 2   3 3
29 158 4   0 0   1 1   2 2   3 3
30 82 4   0 0   1 1   2 2   3 3
30 147 4   0 0   1 1   2 2   3 3
30 84 4   0 0   1 1   2 2   3 3
30 152 4   0 0   1 1   2 2   3 3
30 189 4   0 0   1 1   2 2   3 3
30 61 4   0 0   1 1   2 2   3 3
31 192 4   0 0   1 1   2 2   3 3
31 145 4   0 0   1 1   2 2   3 3
31 171 4   0 0   1 1   2 2   3 3
32 35 4   0 0   1 1   2 2   3 3
32 115 4   0 0   1 1   2 2   3 3
32 170 4   0 0   1 1   2 2   3 3
33 178 4   0 0   1 1   2 2   3 3
33 85 4   0 0   1 1   2 2   3 3
33 38 4   0 0   1 1   2 2   3 3
33 73 4   0 0   1 1   2 2   3 3
33 124 4   0 0   1 1   2 2   3 3
34 64 4   0 0   1 1   2 2   3 3
34 119 4   0 0   1 1   2 2   3 3
34 139 4   0 0   1 1   2 2   3 3
34 59 4   0 0   1 1   2 2   3 3
34 107 4   0 0   1 1   2 2   3 3
34 94 4   0 0   1 1   2 2   3 3
35 115 4   0 0   1 1   2 2   3 3
35 175 4   0 0   1 1   2 2   3 3
36 129 4   0 0   1 1   2 2   3 3
36 135 4   0 0   1 1   2 2   3 3
36 172 4   0 0   1 1   2 2   3 3
36 141 4   0 0   1 1   2 2   3 3
37 67 4   0 0   1 1   2 2   3 3
37 87 4   0 0   1 1   2 2   3 3
38 180 4   0 0   1 1   2 2   3 3
38 181 4   0 0   1 1   2 2   3 3
38 85 4   0 0   1 1   2 2   3 3
38 41 4   0 0   1 1   2 2   3 3
38 73 4   0 0   1 1   2 2   3 3
38 138 4   0 0   1 1   2 2   3 3
39 184 4   0 0   1 1   2 2   3 3
39 88 4   0 0   1 1   2 2   3 3
39 106 4   0 0   1 1   2 2   3 3
39 62 4   0 0   1 1   2 2   3 3
39 174 4   0 0   1 1   2 2   3 3
39 159 4   0 0   1 1   2 2   3 3
40 99 4   0 0   1 1   2 2   3 3
40 74 4   0 0   1 1   2 2   3 3
41 83 4   0 0   1 1   2 2   3 3
41 179 4   0 0   1 1   2 2   3 3
41 138 4   0 0   1 1   2 2   3 3
41 125 4   0 0   1 1   2 2   3 3
42 66 4   0 0   1 1   2 2   3 3
42 101 4   0 0   1 1   2 2   3 3
42 108 4   0 0   1 1   2 2   3 3
42 93 4   0 0   1 1   2 2   3 3
43 87 4   0 0   1 1   2 2   3 3
43 72 4   0 0   1 1   2 2   3 3
43 140 4   0 0   1 1   2 2   3 3
44 161 4   0 0   1 1   2 2   3 3
44 117 4   0 0   1 1   2 2   3 3
44 167 4   0 0   1 1   2 2   3 3
44 88 4   0 0   1 1   2 2   3 3
44 187 4   0 0   1 1   2 2   3 3
44 95 4   0 0   1 1   2 2   3 3
45 160 4   0 0   1 1   2 2   3 3
45 68 4   0 0   1 1   2 2   3 3
45 70 4   0 0   1 1   2 2   3 3
45 103 4   0 0   1 1   2 2   3 3
45 169 4   0 0   1 1   2 2   3 3
45 91 4   0 0   1 1   2 2   3 3
45 63 4   0 0   1 1   2 2   3 3
46 130 4   0 0   1 1   2 2   3 3
46 71 4   0 0   1 1   2 2   3 3
46 173 4   0 0   1 1   2 2   3 3
46 127 4   0 0   1 1   2 2   3 3
46 191 4   0 0   1 1   2 2   3 3
47 53 4   0 0   1 1   2 2   3 3
47 55 4   0 0   1 1   2 2   3 3
47 155 4   0 0   1 1   2 2   3 3
47 172 4   0 0   1 1   2 2   3 3
47 79 4   0 0   1 1   2 2   3 3
48 81 4   0 0   1 1   2 2   3 3
48 51 4   0 0   1 1   2 2   3 3
48 133 4   0 0   1 1   2 2   3 3
48 75 4   0 0   1 1   2 2   3 3
49 65 4   0 0   1 1   2 2   3 3
49 99 4   0 0   1 1   2 2   3 3
49 56 4   0 0   1 1   2 2   3 3
49 60 4   0 0   1 1   2 2   3 3
49 157 4   0 0   1 1   2 2   3 3
50 144 4   0 0   1 1   2 2   3 3
50 112 4   0 0   1 1   2 2   3 3
50 131 4   0 0   1 1   2 2   3 3
50 180 4   0 0   1 1   2 2   3 3
50 139 4   0 0   1 1   2 2   3 3
50 59 4   0 0   1 1   2 2   3 3
51 133 4   0 0   1 1   2 2   3 3
51 54 4   0 0   1 1   2 2   3 3
51 152 4   0 0   1 1   2 2   3 3
51 154 4   0 0   1 1   2 2   3 3
51 75 4   0 0   1 1   2 2   3 3
52 176 4   0 0   1 1   2 2   3 3
52 66 4   0 0   1 1   2 2   3 3
52 163 4   0 0   1 1   2 2   3 3
52 149 4   0 0   1 1   2 2   3 3
52 168 4   0 0   1 1   2 2   3 3
52 186 4   0 0   1 1   2 2   3 3
52 110 4   0 0   1 1   2 2   3 3
53 161 4   0 0   1 1   2 2   3 3
53 162 4   0 0   1 1   2 2   3 3
53 55 4   0 0   1 1   2 2   3 3
53 187 4   0 0   1 1   2 2   3 3
53 190 4   0 0   1 1   2 2   3 3
54 164 4   0 0   1 1   2 2   3 3
54 86 4   0 0   1 1   2 2   3 3
54 152 4   0 0   1 1   2 2   3 3
55 162 4   0 0   1 1   2 2   3 3
55 153 4   0 0   1 1   2 2   3 3
55 171 4   0 0   1 1   2 2   3 3
55 188 4   0 0   1 1   2 2   3 3
55 79 4   0 0   1 1   2 2   3 3
56 160 4   0 0   1 1   2 2   3 3
56 65 4   0 0   1 1   2 2   3 3
56 57 4   0 0   1 1   2 2   3 3
56 91 4   0 0   1 1   2 2   3 3
56 157 4   0 0   1 1   2 2   3 3
57 97 4   0 0   1 1   2 2   3 3
57 65 4   0 0   1 1   2 2   3 3
57 116 4   0 0   1 1   2 2   3 3
57 91 4   0 0   1 1   2 2   3 3
58 80 4   0 0   1 1   2 2   3 3
58 182 4   0 0   1 1   2 2   3 3
58 105 4   0 0   1 1   2 2   3 3
58 90 4   0 0   1 1   2 2   3 3
59 144 4   0 0   1 1   2 2   3 3
59 139 4   0 0   1 1   2 2   3 3
59 174 4   0 0   1 1   2 2   3 3
59 94 4   0 0   1 1   2 2   3 3
60 99 4   0 0   1 1   2 2   3 3
60 185 4   0 0   1 1   2 2   3 3
60 157 4   0 0   1 1   2 2   3 3
61 82 4   0 0   1 1   2 2   3 3
61 147 4   0 0   1 1   2 2   3 3
61 109 4   0 0   1 1   2 2   3 3
62 144 4   0 0   1 1   2 2   3 3
62 180 4   0 0   1 1   2 2   3 3
62 184 4   0 0   1 1   2 2   3 3
62 73 4   0 0   1 1   2 2   3 3
62 174 4   0 0   1 1   2 2   3 3
63 169 4   0 0   1 1   2 2   3 3
63 122 4   0 0   1 1   2 2   3 3
63 91 4   0 0   1 1   2 2   3 3
64 119 4   0 0   1 1   2 2   3 3
64 94 4   0 0   1 1   2 2   3 3
64 126 4   0 0   1 1   2 2   3 3
65 97 4   0 0   1 1   2 2   3 3
65 67 4   0 0   1 1   2 2   3 3
65 166 4   0 0   1 1   2 2   3 3
65 136 4   0 0   1 1   2 2   3 3
66 149 4   0 0   1 1   2 2   3 3
66 101 4   0 0   1 1   2 2   3 3
66 186 4   0 0   1 1   2 2   3 3
66 108 4   0 0   1 1   2 2   3 3
67 136 4   0 0   1 1   2 2   3 3
68 167 4   0 0   1 1   2 2   3 3
68 103 4   0 0   1 1   2 2   3 3
68 88 4   0 0   1 1   2 2   3 3
68 169 4   0 0   1 1   2 2   3 3
68 106 4   0 0   1 1   2 2   3 3
68 159 4   0 0   1 1   2 2   3 3
69 128 4   0 0   1 1   2 2   3 3
69 147 4   0 0   1 1   2 2   3 3
69 84 4   0 0   1 1   2 2   3 3
69 100 4   0 0   1 1   2 2   3 3
70 103 4   0 0   1 1   2 2   3 3
70 94 4   0 0   1 1   2 2   3 3
70 126 4   0 0   1 1   2 2   3 3
71 161 4   0 0   1 1   2 2   3 3
71 173 4   0 0   1 1   2 2   3 3
71 191 4   0 0   1 1   2 2   3 3
71 95 4   0 0   1 1   2 2   3 3
72 97 4   0 0   1 1   2 2   3 3
72 136 4   0 0   1 1   2 2   3 3
72 78 4   0 0   1 1   2 2   3 3
73 180 4   0 0   1 1   2 2   3 3
73 184 4   0 0   1 1   2 2   3 3
74 177 4   0 0   1 1   2 2   3 3
74 121 4   0 0   1 1   2 2   3 3
76 129 4   0 0   1 1   2 2   3 3
76 132 4   0 0   1 1   2 2   3 3
76 150 4   0 0   1 1   2 2   3 3
76 141 4   0 0   1 1   2 2   3 3
77 113 4   0 0   1 1   2 2   3 3
77 146 4   0 0   1 1   2 2   3 3
77 163 4   0 0   1 1   2 2   3 3
77 89 4   0 0   1 1   2 2   3 3
78 97 4   0 0   1 1   2 2   3 3
78 166 4   0 0   1 1   2 2   3 3
78 136 4   0 0   1 1   2 2   3 3
79 135 4   0 0   1 1   2 2   3 3
79 153 4   0 0   1 1   2 2   3 3
79 172 4   0 0   1 1   2 2   3 3
80 119 4   0 0   1 1   2 2   3 3
80 121 4   0 0   1 1   2 2   3 3
80 90 4   0 0   1 1   2 2   3 3
80 107 4   0 0   1 1   2 2   3 3
81 149 4   0 0   1 1   2 2   3 3
81 133 4   0 0   1 1   2 2   3 3
81 168 4   0 0   1 1   2 2   3 3
81 110 4   0 0   1 1   2 2   3 3
82 152 4   0 0   1 1   2 2   3 3
82 154 4   0 0   1 1   2 2   3 3
83 146 4   0 0   1 1   2 2   3 3
83 138 4   0 0   1 1   2 2   3 3
83 125 4   0 0   1 1   2 2   3 3
83 175 4   0 0   1 1   2 2   3 3
84 192 4   0 0   1 1   2 2   3 3
84 147 4   0 0   1 1   2 2   3 3
84 189 4   0 0   1 1   2 2   3 3
85 100 4   0 0   1 1   2 2   3 3
85 181 4   0 0   1 1   2 2   3 3
85 124 4   0 0   1 1   2 2   3 3
86 164 4   0 0   1 1   2 2   3 3
86 189 4   0 0   1 1   2 2   3 3
88 167 4   0 0   1 1   2 2   3 3
88 106 4   0 0   1 1   2 2   3 3
88 95 4   0 0   1 1   2 2   3 3
89 146 4   0 0   1 1   2 2   3 3
89 163 4   0 0   1 1   2 2   3 3
89 181 4   0 0   1 1   2 2   3 3
89 151 4   0 0   1 1   2 2   3 3
89 138 4   0 0   1 1   2 2   3 3
90 118 4   0 0   1 1   2 2   3 3
90 182 4   0 0   1 1   2 2   3 3
90 107 4   0 0   1 1   2 2   3 3
90 142 4   0 0   1 1   2 2   3 3
91 160 4   0 0   1 1   2 2   3 3
91 116 4   0 0   1 1   2 2   3 3
92 176 4   0 0   1 1   2 2   3 3
92 133 4   0 0   1 1   2 2   3 3
92 109 4   0 0   1 1   2 2   3 3
92 110 4   0 0   1 1   2 2   3 3
93 113 4   0 0   1 1   2 2   3 3
93 101 4   0 0   1 1   2 2   3 3
93 170 4   0 0   1 1   2 2   3 3
94 103 4   0 0   1 1   2 2   3 3
94 174 4   0 0   1 1   2 2   3 3
94 126 4   0 0   1 1   2 2   3 3
94 159 4   0 0   1 1   2 2   3 3
95 161 4   0 0   1 1   2 2   3 3
95 173 4   0 0   1 1   2 2   3 3
96 115 4   0 0   1 1   2 2   3 3
96 170 4   0 0   1 1   2 2   3 3
96 123 4   0 0   1 1   2 2   3 3
97 166 4   0 0   1 1   2 2   3 3
98 171 4   0 0   1 1   2 2   3 3
98 156 4   0 0   1 1   2 2   3 3
98 188 4   0 0   1 1   2 2   3 3
99 185 4   0 0   1 1   2 2   3 3
100 181 4   0 0   1 1   2 2   3 3
100 151 4   0 0   1 1   2 2   3 3
100 124 4   0 0   1 1   2 2   3 3
101 113 4   0 0   1 1   2 2   3 3
101 186 4   0 0   1 1   2 2   3 3
102 179 4   0 0   1 1   2 2   3 3
102 120 4   0 0   1 1   2 2   3 3
102 125 4   0 0   1 1   2 2   3 3
102 158 4   0 0   1 1   2 2   3 3
102 175 4   0 0   1 1   2 2   3 3
103 159 4   0 0   1 1   2 2   3 3
104 145 4   0 0   1 1   2 2   3 3
105 182 4   0 0   1 1   2 2   3 3
105 111 4   0 0   1 1   2 2   3 3
106 159 4   0 0   1 1   2 2   3 3
107 112 4   0 0   1 1   2 2   3 3
107 118 4   0 0   1 1   2 2   3 3
107 119 4   0 0   1 1   2 2   3 3
107 139 4   0 0   1 1   2 2   3 3
108 149 4   0 0   1 1   2 2   3 3
109 176 4   0 0   1 1   2 2   3 3
109 163 4   0 0   1 1   2 2   3 3
109 151 4   0 0   1 1   2 2   3 3
110 176 4   0 0   1 1   2 2   3 3
110 133 4   0 0   1 1   2 2   3 3
110 168 4   0 0   1 1   2 2   3 3
111 182 4   0 0   1 1   2 2   3 3
112 131 4   0 0   1 1   2 2   3 3
112 118 4   0 0   1 1   2 2   3 3
112 120 4   0 0   1 1   2 2   3 3
112 139 4   0 0   1 1   2 2   3 3
113 146 4   0 0   1 1   2 2   3 3
113 186 4   0 0   1 1   2 2   3 3
114 145 4   0 0   1 1   2 2   3 3
114 137 4   0 0   1 1   2 2   3 3
115 170 4   0 0   1 1   2 2   3 3
115 158 4   0 0   1 1   2 2   3 3
115 175 4   0 0   1 1   2 2   3 3
116 134 4   0 0   1 1   2 2   3 3
116 150 4   0 0   1 1   2 2   3 3
117 167 4   0 0   1 1   2 2   3 3
117 122 4   0 0   1 1   2 2   3 3
117 187 4   0 0   1 1   2 2   3 3
117 190 4   0 0   1 1   2 2   3 3
118 120 4   0 0   1 1   2 2   3 3
118 142 4   0 0   1 1   2 2   3 3
119 177 4   0 0   1 1   2 2   3 3
119 121 4   0 0   1 1   2 2   3 3
120 179 4   0 0   1 1   2 2   3 3
120 131 4   0 0   1 1   2 2   3 3
121 177 4   0 0   1 1   2 2   3 3
122 167 4   0 0   1 1   2 2   3 3
122 169 4   0 0   1 1   2 2   3 3
123 182 4   0 0   1 1   2 2   3 3
124 178 4   0 0   1 1   2 2   3 3
125 179 4   0 0   1 1   2 2   3 3
125 175 4   0 0   1 1   2 2   3 3
127 130 4   0 0   1 1   2 2   3 3
127 191 4   0 0   1 1   2 2   3 3
128 173 4   0 0   1 1   2 2   3 3
129 132 4   0 0   1 1   2 2   3 3
129 183 4   0 0   1 1   2 2   3 3
129 155 4   0 0   1 1   2 2   3 3
129 172 4   0 0   1 1   2 2   3 3
129 141 4   0 0   1 1   2 2   3 3
130 192 4   0 0   1 1   2 2   3 3
130 191 4   0 0   1 1   2 2   3 3
131 179 4   0 0   1 1   2 2   3 3
131 180 4   0 0   1 1   2 2   3 3
132 134 4   0 0   1 1   2 2   3 3
132 183 4   0 0   1 1   2 2   3 3
134 183 4   0 0   1 1   2 2   3 3
135 153 4   0 0   1 1   2 2   3 3
135 172 4   0 0   1 1   2 2   3 3
135 143 4   0 0   1 1   2 2   3 3
136 166 4   0 0   1 1   2 2   3 3
137 145 4   0 0   1 1   2 2   3 3
138 146 4   0 0   1 1   2 2   3 3
138 181 4   0 0   1 1   2 2   3 3
140 165 4   0 0   1 1   2 2   3 3
141 150 4   0 0   1 1   2 2   3 3
142 182 4   0 0   1 1   2 2   3 3
143 148 4   0 0   1 1   2 2   3 3
143 153 4   0 0   1 1   2 2   3 3
143 188 4   0 0   1 1   2 2   3 3
144 180 4   0 0   1 1   2 2   3 3
144 174 4   0 0   1 1   2 2   3 3
148 156 4   0 0   1 1   2 2   3 3
148 188 4   0 0   1 1   2 2   3 3
149 168 4   0 0   1 1   2 2   3 3
150 165 4   0 0   1 1   2 2   3 3
151 163 4   0 0   1 1   2 2   3 3
151 181 4   0 0   1 1   2 2   3 3
152 164 4   0 0   1 1   2 2   3 3
152 154 4   0 0   1 1   2 2   3 3
152 189 4   0 0   1 1   2 2   3 3
153 188 4   0 0   1 1   2 2   3 3
155 183 4   0 0   1 1   2 2   3 3
155 172 4   0 0   1 1   2 2   3 3
156 188 4   0 0   1 1   2 2   3 3
157 160 4   0 0   1 1   2 2   3 3
157 185 4   0 0   1 1   2 2   3 3
158 175 4   0 0   1 1   2 2   3 3
159 174 4   0 0   1 1   2 2   3 3
161 162 4   0 0   1 1   2 2   3 3
161 187 4   0 0   1 1   2 2   3 3
161 191 4   0 0   1 1   2 2   3 3
162 171 4   0 0   1 1   2 2   3 3
162 191 4   0 0   1 1   2 2   3 3
163 176 4   0 0   1 1   2 2   3 3
163 186 4   0 0   1 1   2 2   3 3
164 189 4   0 0   1 1   2 2   3 3
171 188 4   0 0   1 1   2 2   3 3
171 191 4   0 0   1 1   2 2   3 3
173 178 4   0 0   1 1   2 2   3 3
187 190 4   0 0   1 1   2 2   3 3
