120
1 4 0 1 2 3
2 4 0 1 2 3
3 4 0 1 2 3
4 4 0 1 2 3
5 4 0 1 2 3
6 4 0 1 2 3
7 4 0 1 2 3
8 4 0 1 2 3
9 4 0 1 2 3
10 4 0 1 2 3
11 4 0 1 2 3
12 4 0 1 2 3
13 4 0 1 2 3
14 4 0 1 2 3
15 4 0 1 2 3
16 4 0 1 2 3
17 4 0 1 2 3
18 4 0 1 2 3
19 4 0 1 2 3
20 4 0 1 2 3
21 4 0 1 2 3
22 4 0 1 2 3
23 4 0 1 2 3
24 4 0 1 2 3
25 4 0 1 2 3
26 4 0 1 2 3
27 4 0 1 2 3
28 4 0 1 2 3
29 4 0 1 2 3
30 4 0 1 2 3
31 4 0 1 2 3
32 4 0 1 2 3
33 4 0 1 2 3
34 4 0 1 2 3
35 4 0 1 2 3
36 4 0 1 2 3
37 4 0 1 2 3
38 4 0 1 2 3
39 4 0 1 2 3
40 4 0 1 2 3
41 4 0 1 2 3
42 4 0 1 2 3
43 4 0 1 2 3
44 4 0 1 2 3
45 4 0 1 2 3
46 4 0 1 2 3
47 4 0 1 2 3
48 4 0 1 2 3
49 4 0 1 2 3
50 4 0 1 2 3
51 4 0 1 2 3
52 4 0 1 2 3
53 4 0 1 2 3
54 4 0 1 2 3
55 4 0 1 2 3
56 4 0 1 2 3
57 4 0 1 2 3
58 4 0 1 2 3
59 4 0 1 2 3
60 4 0 1 2 3
61 4 0 1 2 3
62 4 0 1 2 3
63 4 0 1 2 3
64 4 0 1 2 3
65 4 0 1 2 3
66 4 0 1 2 3
67 4 0 1 2 3
68 4 0 1 2 3
69 4 0 1 2 3
70 4 0 1 2 3
71 4 0 1 2 3
72 4 0 1 2 3
73 4 0 1 2 3
74 4 0 1 2 3
75 4 0 1 2 3
76 4 0 1 2 3
77 4 0 1 2 3
78 4 0 1 2 3
79 4 0 1 2 3
80 4 0 1 2 3
81 4 0 1 2 3
82 4 0 1 2 3
83 4 0 1 2 3
84 4 0 1 2 3
85 4 0 1 2 3
86 4 0 1 2 3
87 4 0 1 2 3
88 4 0 1 2 3
89 4 0 1 2 3
90 4 0 1 2 3
91 4 0 1 2 3
92 4 0 1 2 3
93 4 0 1 2 3
94 4 0 1 2 3
95 4 0 1 2 3
96 4 0 1 2 3
97 4 0 1 2 3
98 4 0 1 2 3
99 4 0 1 2 3
100 4 0 1 2 3
101 4 0 1 2 3
102 4 0 1 2 3
103 4 0 1 2 3
104 4 0 1 2 3
105 4 0 1 2 3
106 4 0 1 2 3
107 4 0 1 2 3
108 4 0 1 2 3
109 4 0 1 2 3
110 4 0 1 2 3
111 4 0 1 2 3
112 4 0 1 2 3
113 4 0 1 2 3
114 4 0 1 2 3
115 4 0 1 2 3
116 4 0 1 2 3
117 4 0 1 2 3
118 4 0 1 2 3
119 4 0 1 2 3
120 4 0 1 2 3
329
1 35 4   0 0   1 1   2 2   3 3
1 104 4   0 0   1 1   2 2   3 3
1 11 4   0 0   1 1   2 2   3 3
1 27 4   0 0   1 1   2 2   3 3
1 60 4   0 0   1 1   2 2   3 3
1 44 4   0 0   1 1   2 2   3 3
2 85 4   0 0   1 1   2 2   3 3
2 56 4   0 0   1 1   2 2   3 3
2 24 4   0 0   1 1   2 2   3 3
2 63 4   0 0   1 1   2 2   3 3
3 114 4   0 0   1 1   2 2   3 3
3 52 4   0 0   1 1   2 2   3 3
3 117 4   0 0   1 1   2 2   3 3
3 86 4   0 0   1 1   2 2   3 3
3 118 4   0 0   1 1   2 2   3 3
4 32 4   0 0   1 1   2 2   3 3
4 116 4   0 0   1 1   2 2   3 3
4 101 4   0 0   1 1   2 2   3 3
4 60 4   0 0   1 1   2 2   3 3
5 114 4   0 0   1 1   2 2   3 3
5 70 4   0 0   1 1   2 2   3 3
5 6 4   0 0   1 1   2 2   3 3
5 57 4   0 0   1 1   2 2   3 3
5 62 4   0 0   1 1   2 2   3 3
5 14 4   0 0   1 1   2 2   3 3
6 57 4   0 0   1 1   2 2   3 3
6 105 4   0 0   1 1   2 2   3 3
6 90 4   0 0   1 1   2 2   3 3
6 14 4   0 0   1 1   2 2   3 3
7 80 4   0 0   1 1   2 2   3 3
7 34 4   0 0   1 1   2 2   3 3
7 84 4   0 0   1 1   2 2   3 3
7 72 4   0 0   1 1   2 2   3 3
7 106 4   0 0   1 1   2 2   3 3
7 92 4   0 0   1 1   2 2   3 3
8 119 4   0 0   1 1   2 2   3 3
8 25 4   0 0   1 1   2 2   3 3
8 13 4   0 0   1 1   2 2   3 3
8 15 4   0 0   1 1   2 2   3 3
9 112 4   0 0   1 1   2 2   3 3
9 19 4   0 0   1 1   2 2   3 3
9 28 4   0 0   1 1   2 2   3 3
9 78 4   0 0   1 1   2 2   3 3
10 49 4   0 0   1 1   2 2   3 3
10 99 4   0 0   1 1   2 2   3 3
10 115 4   0 0   1 1   2 2   3 3
10 62 4   0 0   1 1   2 2   3 3
11 68 4   0 0   1 1   2 2   3 3
11 101 4   0 0   1 1   2 2   3 3
11 104 4   0 0   1 1   2 2   3 3
11 44 4   0 0   1 1   2 2   3 3
11 61 4   0 0   1 1   2 2   3 3
12 33 4   0 0   1 1   2 2   3 3
12 82 4   0 0   1 1   2 2   3 3
12 100 4   0 0   1 1   2 2   3 3
12 120 4   0 0   1 1   2 2   3 3
12 76 4   0 0   1 1   2 2   3 3
12 46 4   0 0   1 1   2 2   3 3
12 95 4   0 0   1 1   2 2   3 3
13 18 4   0 0   1 1   2 2   3 3
13 25 4   0 0   1 1   2 2   3 3
13 110 4   0 0   1 1   2 2   3 3
13 15 4   0 0   1 1   2 2   3 3
14 114 4   0 0   1 1   2 2   3 3
14 118 4   0 0   1 1   2 2   3 3
15 119 4   0 0   1 1   2 2   3 3
15 74 4   0 0   1 1   2 2   3 3
15 42 4   0 0   1 1   2 2   3 3
15 76 4   0 0   1 1   2 2   3 3
16 53 4   0 0   1 1   2 2   3 3
16 102 4   0 0   1 1   2 2   3 3
16 38 4   0 0   1 1   2 2   3 3
16 23 4   0 0   1 1   2 2   3 3
16 75 4   0 0   1 1   2 2   3 3
17 48 4   0 0   1 1   2 2   3 3
17 33 4   0 0   1 1   2 2   3 3
17 100 4   0 0   1 1   2 2   3 3
17 73 4   0 0   1 1   2 2   3 3
17 92 4   0 0   1 1   2 2   3 3
18 67 4   0 0   1 1   2 2   3 3
18 25 4   0 0   1 1   2 2   3 3
18 91 4   0 0   1 1   2 2   3 3
18 77 4   0 0   1 1   2 2   3 3
18 110 4   0 0   1 1   2 2   3 3
19 20 4   0 0   1 1   2 2   3 3
19 37 4   0 0   1 1   2 2   3 3
19 54 4   0 0   1 1   2 2   3 3
19 28 4   0 0   1 1   2 2   3 3
19 94 4   0 0   1 1   2 2   3 3
19 78 4   0 0   1 1   2 2   3 3
20 96 4   0 0   1 1   2 2   3 3
20 106 4   0 0   1 1   2 2   3 3
20 107 4   0 0   1 1   2 2   3 3
20 78 4   0 0   1 1   2 2   3 3
20 94 4   0 0   1 1   2 2   3 3
21 112 4   0 0   1 1   2 2   3 3
21 96 4   0 0   1 1   2 2   3 3
21 97 4   0 0   1 1   2 2   3 3
21 50 4   0 0   1 1   2 2   3 3
21 53 4   0 0   1 1   2 2   3 3
21 26 4   0 0   1 1   2 2   3 3
21 107 4   0 0   1 1   2 2   3 3
21 29 4   0 0   1 1   2 2   3 3
21 47 4   0 0   1 1   2 2   3 3
22 68 4   0 0   1 1   2 2   3 3
22 44 4   0 0   1 1   2 2   3 3
22 108 4   0 0   1 1   2 2   3 3
23 50 4   0 0   1 1   2 2   3 3
23 53 4   0 0   1 1   2 2   3 3
23 38 4   0 0   1 1   2 2   3 3
23 40 4   0 0   1 1   2 2   3 3
23 45 4   0 0   1 1   2 2   3 3
24 65 4   0 0   1 1   2 2   3 3
24 85 4   0 0   1 1   2 2   3 3
24 102 4   0 0   1 1   2 2   3 3
24 71 4   0 0   1 1   2 2   3 3
24 56 4   0 0   1 1   2 2   3 3
24 93 4   0 0   1 1   2 2   3 3
25 119 4   0 0   1 1   2 2   3 3
25 42 4   0 0   1 1   2 2   3 3
25 91 4   0 0   1 1   2 2   3 3
26 97 4   0 0   1 1   2 2   3 3
26 81 4   0 0   1 1   2 2   3 3
26 83 4   0 0   1 1   2 2   3 3
26 99 4   0 0   1 1   2 2   3 3
26 55 4   0 0   1 1   2 2   3 3
26 89 4   0 0   1 1   2 2   3 3
26 107 4   0 0   1 1   2 2   3 3
27 35 4   0 0   1 1   2 2   3 3
27 44 4   0 0   1 1   2 2   3 3
27 108 4   0 0   1 1   2 2   3 3
28 32 4   0 0   1 1   2 2   3 3
28 112 4   0 0   1 1   2 2   3 3
28 37 4   0 0   1 1   2 2   3 3
28 103 4   0 0   1 1   2 2   3 3
29 112 4   0 0   1 1   2 2   3 3
29 78 4   0 0   1 1   2 2   3 3
29 47 4   0 0   1 1   2 2   3 3
30 112 4   0 0   1 1   2 2   3 3
30 50 4   0 0   1 1   2 2   3 3
30 35 4   0 0   1 1   2 2   3 3
30 40 4   0 0   1 1   2 2   3 3
30 108 4   0 0   1 1   2 2   3 3
30 45 4   0 0   1 1   2 2   3 3
31 65 4   0 0   1 1   2 2   3 3
31 66 4   0 0   1 1   2 2   3 3
31 102 4   0 0   1 1   2 2   3 3
31 75 4   0 0   1 1   2 2   3 3
32 112 4   0 0   1 1   2 2   3 3
32 35 4   0 0   1 1   2 2   3 3
32 116 4   0 0   1 1   2 2   3 3
32 103 4   0 0   1 1   2 2   3 3
32 60 4   0 0   1 1   2 2   3 3
33 100 4   0 0   1 1   2 2   3 3
33 92 4   0 0   1 1   2 2   3 3
33 95 4   0 0   1 1   2 2   3 3
34 72 4   0 0   1 1   2 2   3 3
34 73 4   0 0   1 1   2 2   3 3
34 92 4   0 0   1 1   2 2   3 3
35 112 4   0 0   1 1   2 2   3 3
35 60 4   0 0   1 1   2 2   3 3
35 108 4   0 0   1 1   2 2   3 3
36 48 4   0 0   1 1   2 2   3 3
36 100 4   0 0   1 1   2 2   3 3
36 103 4   0 0   1 1   2 2   3 3
36 109 4   0 0   1 1   2 2   3 3
36 46 4   0 0   1 1   2 2   3 3
37 54 4   0 0   1 1   2 2   3 3
37 103 4   0 0   1 1   2 2   3 3
37 72 4   0 0   1 1   2 2   3 3
37 106 4   0 0   1 1   2 2   3 3
38 98 4   0 0   1 1   2 2   3 3
38 102 4   0 0   1 1   2 2   3 3
38 40 4   0 0   1 1   2 2   3 3
38 56 4   0 0   1 1   2 2   3 3
39 67 4   0 0   1 1   2 2   3 3
39 87 4   0 0   1 1   2 2   3 3
39 77 4   0 0   1 1   2 2   3 3
39 110 4   0 0   1 1   2 2   3 3
40 98 4   0 0   1 1   2 2   3 3
40 45 4   0 0   1 1   2 2   3 3
41 65 4   0 0   1 1   2 2   3 3
41 66 4   0 0   1 1   2 2   3 3
41 117 4   0 0   1 1   2 2   3 3
41 86 4   0 0   1 1   2 2   3 3
41 88 4   0 0   1 1   2 2   3 3
42 49 4   0 0   1 1   2 2   3 3
42 51 4   0 0   1 1   2 2   3 3
42 99 4   0 0   1 1   2 2   3 3
42 119 4   0 0   1 1   2 2   3 3
42 58 4   0 0   1 1   2 2   3 3
42 74 4   0 0   1 1   2 2   3 3
42 91 4   0 0   1 1   2 2   3 3
43 97 4   0 0   1 1   2 2   3 3
43 81 4   0 0   1 1   2 2   3 3
43 88 4   0 0   1 1   2 2   3 3
43 75 4   0 0   1 1   2 2   3 3
44 68 4   0 0   1 1   2 2   3 3
44 108 4   0 0   1 1   2 2   3 3
45 50 4   0 0   1 1   2 2   3 3
46 100 4   0 0   1 1   2 2   3 3
46 120 4   0 0   1 1   2 2   3 3
46 111 4   0 0   1 1   2 2   3 3
47 96 4   0 0   1 1   2 2   3 3
47 78 4   0 0   1 1   2 2   3 3
48 100 4   0 0   1 1   2 2   3 3
48 73 4   0 0   1 1   2 2   3 3
48 109 4   0 0   1 1   2 2   3 3
49 99 4   0 0   1 1   2 2   3 3
49 67 4   0 0   1 1   2 2   3 3
49 91 4   0 0   1 1   2 2   3 3
49 62 4   0 0   1 1   2 2   3 3
50 112 4   0 0   1 1   2 2   3 3
50 53 4   0 0   1 1   2 2   3 3
51 83 4   0 0   1 1   2 2   3 3
51 99 4   0 0   1 1   2 2   3 3
51 84 4   0 0   1 1   2 2   3 3
51 58 4   0 0   1 1   2 2   3 3
52 114 4   0 0   1 1   2 2   3 3
52 86 4   0 0   1 1   2 2   3 3
52 70 4   0 0   1 1   2 2   3 3
53 97 4   0 0   1 1   2 2   3 3
53 75 4   0 0   1 1   2 2   3 3
54 106 4   0 0   1 1   2 2   3 3
54 94 4   0 0   1 1   2 2   3 3
55 80 4   0 0   1 1   2 2   3 3
55 83 4   0 0   1 1   2 2   3 3
55 106 4   0 0   1 1   2 2   3 3
55 107 4   0 0   1 1   2 2   3 3
56 64 4   0 0   1 1   2 2   3 3
56 98 4   0 0   1 1   2 2   3 3
56 102 4   0 0   1 1   2 2   3 3
56 63 4   0 0   1 1   2 2   3 3
57 67 4   0 0   1 1   2 2   3 3
57 87 4   0 0   1 1   2 2   3 3
57 105 4   0 0   1 1   2 2   3 3
57 62 4   0 0   1 1   2 2   3 3
58 84 4   0 0   1 1   2 2   3 3
58 69 4   0 0   1 1   2 2   3 3
58 74 4   0 0   1 1   2 2   3 3
59 64 4   0 0   1 1   2 2   3 3
59 85 4   0 0   1 1   2 2   3 3
59 63 4   0 0   1 1   2 2   3 3
60 116 4   0 0   1 1   2 2   3 3
60 101 4   0 0   1 1   2 2   3 3
60 104 4   0 0   1 1   2 2   3 3
61 68 4   0 0   1 1   2 2   3 3
61 101 4   0 0   1 1   2 2   3 3
62 115 4   0 0   1 1   2 2   3 3
62 67 4   0 0   1 1   2 2   3 3
62 70 4   0 0   1 1   2 2   3 3
63 64 4   0 0   1 1   2 2   3 3
63 85 4   0 0   1 1   2 2   3 3
64 98 4   0 0   1 1   2 2   3 3
65 66 4   0 0   1 1   2 2   3 3
65 117 4   0 0   1 1   2 2   3 3
65 102 4   0 0   1 1   2 2   3 3
65 71 4   0 0   1 1   2 2   3 3
66 88 4   0 0   1 1   2 2   3 3
66 75 4   0 0   1 1   2 2   3 3
67 87 4   0 0   1 1   2 2   3 3
67 91 4   0 0   1 1   2 2   3 3
67 77 4   0 0   1 1   2 2   3 3
69 82 4   0 0   1 1   2 2   3 3
69 84 4   0 0   1 1   2 2   3 3
69 74 4   0 0   1 1   2 2   3 3
69 92 4   0 0   1 1   2 2   3 3
69 95 4   0 0   1 1   2 2   3 3
70 114 4   0 0   1 1   2 2   3 3
70 115 4   0 0   1 1   2 2   3 3
70 86 4   0 0   1 1   2 2   3 3
70 79 4   0 0   1 1   2 2   3 3
71 117 4   0 0   1 1   2 2   3 3
71 93 4   0 0   1 1   2 2   3 3
72 103 4   0 0   1 1   2 2   3 3
72 73 4   0 0   1 1   2 2   3 3
72 106 4   0 0   1 1   2 2   3 3
72 109 4   0 0   1 1   2 2   3 3
73 92 4   0 0   1 1   2 2   3 3
73 109 4   0 0   1 1   2 2   3 3
74 82 4   0 0   1 1   2 2   3 3
74 76 4   0 0   1 1   2 2   3 3
75 97 4   0 0   1 1   2 2   3 3
75 102 4   0 0   1 1   2 2   3 3
75 88 4   0 0   1 1   2 2   3 3
76 82 4   0 0   1 1   2 2   3 3
76 120 4   0 0   1 1   2 2   3 3
77 110 4   0 0   1 1   2 2   3 3
78 112 4   0 0   1 1   2 2   3 3
78 96 4   0 0   1 1   2 2   3 3
79 81 4   0 0   1 1   2 2   3 3
79 115 4   0 0   1 1   2 2   3 3
79 86 4   0 0   1 1   2 2   3 3
79 88 4   0 0   1 1   2 2   3 3
79 89 4   0 0   1 1   2 2   3 3
80 83 4   0 0   1 1   2 2   3 3
80 84 4   0 0   1 1   2 2   3 3
80 106 4   0 0   1 1   2 2   3 3
81 97 4   0 0   1 1   2 2   3 3
81 88 4   0 0   1 1   2 2   3 3
81 89 4   0 0   1 1   2 2   3 3
82 95 4   0 0   1 1   2 2   3 3
83 99 4   0 0   1 1   2 2   3 3
83 84 4   0 0   1 1   2 2   3 3
84 92 4   0 0   1 1   2 2   3 3
85 93 4   0 0   1 1   2 2   3 3
86 117 4   0 0   1 1   2 2   3 3
86 88 4   0 0   1 1   2 2   3 3
87 113 4   0 0   1 1   2 2   3 3
87 105 4   0 0   1 1   2 2   3 3
87 90 4   0 0   1 1   2 2   3 3
87 110 4   0 0   1 1   2 2   3 3
89 99 4   0 0   1 1   2 2   3 3
89 115 4   0 0   1 1   2 2   3 3
90 113 4   0 0   1 1   2 2   3 3
90 105 4   0 0   1 1   2 2   3 3
92 95 4   0 0   1 1   2 2   3 3
93 117 4   0 0   1 1   2 2   3 3
93 118 4   0 0   1 1   2 2   3 3
94 106 4   0 0   1 1   2 2   3 3
96 107 4   0 0   1 1   2 2   3 3
99 115 4   0 0   1 1   2 2   3 3
101 104 4   0 0   1 1   2 2   3 3
103 109 4   0 0   1 1   2 2   3 3
106 107 4   0 0   1 1   2 2   3 3
110 113 4   0 0   1 1   2 2   3 3
111 120 4   0 0   1 1   2 2   3 3
114 118 4   0 0   1 1   2 2   3 3
117 118 4   0 0   1 1   2 2   3 3
