195
1 4 0 1 2 3
2 4 0 1 2 3
3 4 0 1 2 3
4 4 0 1 2 3
5 4 0 1 2 3
6 4 0 1 2 3
7 4 0 1 2 3
8 4 0 1 2 3
9 4 0 1 2 3
10 4 0 1 2 3
11 4 0 1 2 3
12 4 0 1 2 3
13 4 0 1 2 3
14 4 0 1 2 3
15 4 0 1 2 3
16 4 0 1 2 3
17 4 0 1 2 3
18 4 0 1 2 3
19 4 0 1 2 3
20 4 0 1 2 3
21 4 0 1 2 3
22 4 0 1 2 3
23 4 0 1 2 3
24 4 0 1 2 3
25 4 0 1 2 3
26 4 0 1 2 3
27 4 0 1 2 3
28 4 0 1 2 3
29 4 0 1 2 3
30 4 0 1 2 3
31 4 0 1 2 3
32 4 0 1 2 3
33 4 0 1 2 3
34 4 0 1 2 3
35 4 0 1 2 3
36 4 0 1 2 3
37 4 0 1 2 3
38 4 0 1 2 3
39 4 0 1 2 3
40 4 0 1 2 3
41 4 0 1 2 3
42 4 0 1 2 3
43 4 0 1 2 3
44 4 0 1 2 3
45 4 0 1 2 3
46 4 0 1 2 3
47 4 0 1 2 3
48 4 0 1 2 3
49 4 0 1 2 3
50 4 0 1 2 3
51 4 0 1 2 3
52 4 0 1 2 3
53 4 0 1 2 3
54 4 0 1 2 3
55 4 0 1 2 3
56 4 0 1 2 3
57 4 0 1 2 3
58 4 0 1 2 3
59 4 0 1 2 3
60 4 0 1 2 3
61 4 0 1 2 3
62 4 0 1 2 3
63 4 0 1 2 3
64 4 0 1 2 3
65 4 0 1 2 3
66 4 0 1 2 3
67 4 0 1 2 3
68 4 0 1 2 3
69 4 0 1 2 3
70 4 0 1 2 3
71 4 0 1 2 3
72 4 0 1 2 3
73 4 0 1 2 3
74 4 0 1 2 3
75 4 0 1 2 3
76 4 0 1 2 3
77 4 0 1 2 3
78 4 0 1 2 3
79 4 0 1 2 3
80 4 0 1 2 3
81 4 0 1 2 3
82 4 0 1 2 3
83 4 0 1 2 3
84 4 0 1 2 3
85 4 0 1 2 3
86 4 0 1 2 3
87 4 0 1 2 3
88 4 0 1 2 3
89 4 0 1 2 3
90 4 0 1 2 3
91 4 0 1 2 3
92 4 0 1 2 3
93 4 0 1 2 3
94 4 0 1 2 3
95 4 0 1 2 3
96 4 0 1 2 3
97 4 0 1 2 3
98 4 0 1 2 3
99 4 0 1 2 3
100 4 0 1 2 3
101 4 0 1 2 3
102 4 0 1 2 3
103 4 0 1 2 3
104 4 0 1 2 3
105 4 0 1 2 3
106 4 0 1 2 3
107 4 0 1 2 3
108 4 0 1 2 3
109 4 0 1 2 3
110 4 0 1 2 3
111 4 0 1 2 3
112 4 0 1 2 3
113 4 0 1 2 3
114 4 0 1 2 3
115 4 0 1 2 3
116 4 0 1 2 3
117 4 0 1 2 3
118 4 0 1 2 3
119 4 0 1 2 3
120 4 0 1 2 3
121 4 0 1 2 3
122 4 0 1 2 3
123 4 0 1 2 3
124 4 0 1 2 3
125 4 0 1 2 3
126 4 0 1 2 3
127 4 0 1 2 3
128 4 0 1 2 3
129 4 0 1 2 3
130 4 0 1 2 3
131 4 0 1 2 3
132 4 0 1 2 3
133 4 0 1 2 3
134 4 0 1 2 3
135 4 0 1 2 3
136 4 0 1 2 3
137 4 0 1 2 3
138 4 0 1 2 3
139 4 0 1 2 3
140 4 0 1 2 3
141 4 0 1 2 3
142 4 0 1 2 3
143 4 0 1 2 3
144 4 0 1 2 3
145 4 0 1 2 3
146 4 0 1 2 3
147 4 0 1 2 3
148 4 0 1 2 3
149 4 0 1 2 3
150 4 0 1 2 3
151 4 0 1 2 3
152 4 0 1 2 3
153 4 0 1 2 3
154 4 0 1 2 3
155 4 0 1 2 3
156 4 0 1 2 3
157 4 0 1 2 3
158 4 0 1 2 3
159 4 0 1 2 3
160 4 0 1 2 3
161 4 0 1 2 3
162 4 0 1 2 3
163 4 0 1 2 3
164 4 0 1 2 3
165 4 0 1 2 3
166 4 0 1 2 3
167 4 0 1 2 3
168 4 0 1 2 3
169 4 0 1 2 3
170 4 0 1 2 3
171 4 0 1 2 3
172 4 0 1 2 3
173 4 0 1 2 3
174 4 0 1 2 3
175 4 0 1 2 3
176 4 0 1 2 3
177 4 0 1 2 3
178 4 0 1 2 3
179 4 0 1 2 3
180 4 0 1 2 3
181 4 0 1 2 3
182 4 0 1 2 3
183 4 0 1 2 3
184 4 0 1 2 3
185 4 0 1 2 3
186 4 0 1 2 3
187 4 0 1 2 3
188 4 0 1 2 3
189 4 0 1 2 3
190 4 0 1 2 3
191 4 0 1 2 3
192 4 0 1 2 3
193 4 0 1 2 3
194 4 0 1 2 3
195 4 0 1 2 3
535
1 48 4   0 0   1 1   2 2   3 3
1 2 4   0 0   1 1   2 2   3 3
1 147 4   0 0   1 1   2 2   3 3
1 165 4   0 0   1 1   2 2   3 3
2 113 4   0 0   1 1   2 2   3 3
2 18 4   0 0   1 1   2 2   3 3
2 147 4   0 0   1 1   2 2   3 3
2 165 4   0 0   1 1   2 2   3 3
2 118 4   0 0   1 1   2 2   3 3
2 25 4   0 0   1 1   2 2   3 3
2 62 4   0 0   1 1   2 2   3 3
3 177 4   0 0   1 1   2 2   3 3
3 69 4   0 0   1 1   2 2   3 3
3 22 4   0 0   1 1   2 2   3 3
3 123 4   0 0   1 1   2 2   3 3
3 189 4   0 0   1 1   2 2   3 3
4 150 4   0 0   1 1   2 2   3 3
4 39 4   0 0   1 1   2 2   3 3
4 55 4   0 0   1 1   2 2   3 3
4 120 4   0 0   1 1   2 2   3 3
4 127 4   0 0   1 1   2 2   3 3
5 195 4   0 0   1 1   2 2   3 3
5 100 4   0 0   1 1   2 2   3 3
5 72 4   0 0   1 1   2 2   3 3
6 176 4   0 0   1 1   2 2   3 3
6 49 4   0 0   1 1   2 2   3 3
6 91 4   0 0   1 1   2 2   3 3
6 187 4   0 0   1 1   2 2   3 3
6 174 4   0 0   1 1   2 2   3 3
7 129 4   0 0   1 1   2 2   3 3
7 81 4   0 0   1 1   2 2   3 3
7 182 4   0 0   1 1   2 2   3 3
7 168 4   0 0   1 1   2 2   3 3
8 112 4   0 0   1 1   2 2   3 3
8 161 4   0 0   1 1   2 2   3 3
8 116 4   0 0   1 1   2 2   3 3
8 186 4   0 0   1 1   2 2   3 3
8 90 4   0 0   1 1   2 2   3 3
8 107 4   0 0   1 1   2 2   3 3
8 30 4   0 0   1 1   2 2   3 3
9 96 4   0 0   1 1   2 2   3 3
9 193 4   0 0   1 1   2 2   3 3
9 52 4   0 0   1 1   2 2   3 3
9 148 4   0 0   1 1   2 2   3 3
9 11 4   0 0   1 1   2 2   3 3
9 79 4   0 0   1 1   2 2   3 3
10 112 4   0 0   1 1   2 2   3 3
10 144 4   0 0   1 1   2 2   3 3
10 115 4   0 0   1 1   2 2   3 3
10 117 4   0 0   1 1   2 2   3 3
10 121 4   0 0   1 1   2 2   3 3
10 90 4   0 0   1 1   2 2   3 3
11 96 4   0 0   1 1   2 2   3 3
11 101 4   0 0   1 1   2 2   3 3
11 89 4   0 0   1 1   2 2   3 3
11 188 4   0 0   1 1   2 2   3 3
11 13 4   0 0   1 1   2 2   3 3
11 79 4   0 0   1 1   2 2   3 3
12 144 4   0 0   1 1   2 2   3 3
12 161 4   0 0   1 1   2 2   3 3
12 117 4   0 0   1 1   2 2   3 3
12 26 4   0 0   1 1   2 2   3 3
12 186 4   0 0   1 1   2 2   3 3
12 106 4   0 0   1 1   2 2   3 3
12 90 4   0 0   1 1   2 2   3 3
13 101 4   0 0   1 1   2 2   3 3
13 188 4   0 0   1 1   2 2   3 3
13 29 4   0 0   1 1   2 2   3 3
14 132 4   0 0   1 1   2 2   3 3
14 23 4   0 0   1 1   2 2   3 3
14 74 4   0 0   1 1   2 2   3 3
14 140 4   0 0   1 1   2 2   3 3
14 109 4   0 0   1 1   2 2   3 3
14 173 4   0 0   1 1   2 2   3 3
15 114 4   0 0   1 1   2 2   3 3
15 179 4   0 0   1 1   2 2   3 3
15 118 4   0 0   1 1   2 2   3 3
15 170 4   0 0   1 1   2 2   3 3
16 130 4   0 0   1 1   2 2   3 3
16 180 4   0 0   1 1   2 2   3 3
16 54 4   0 0   1 1   2 2   3 3
16 105 4   0 0   1 1   2 2   3 3
16 185 4   0 0   1 1   2 2   3 3
16 28 4   0 0   1 1   2 2   3 3
17 49 4   0 0   1 1   2 2   3 3
17 163 4   0 0   1 1   2 2   3 3
17 71 4   0 0   1 1   2 2   3 3
17 155 4   0 0   1 1   2 2   3 3
17 187 4   0 0   1 1   2 2   3 3
17 172 4   0 0   1 1   2 2   3 3
17 191 4   0 0   1 1   2 2   3 3
18 64 4   0 0   1 1   2 2   3 3
18 165 4   0 0   1 1   2 2   3 3
18 25 4   0 0   1 1   2 2   3 3
18 44 4   0 0   1 1   2 2   3 3
19 128 4   0 0   1 1   2 2   3 3
19 99 4   0 0   1 1   2 2   3 3
19 36 4   0 0   1 1   2 2   3 3
19 37 4   0 0   1 1   2 2   3 3
19 121 4   0 0   1 1   2 2   3 3
19 106 4   0 0   1 1   2 2   3 3
20 164 4   0 0   1 1   2 2   3 3
20 55 4   0 0   1 1   2 2   3 3
20 56 4   0 0   1 1   2 2   3 3
20 136 4   0 0   1 1   2 2   3 3
20 105 4   0 0   1 1   2 2   3 3
20 28 4   0 0   1 1   2 2   3 3
21 194 4   0 0   1 1   2 2   3 3
21 83 4   0 0   1 1   2 2   3 3
21 53 4   0 0   1 1   2 2   3 3
21 38 4   0 0   1 1   2 2   3 3
21 134 4   0 0   1 1   2 2   3 3
21 88 4   0 0   1 1   2 2   3 3
21 93 4   0 0   1 1   2 2   3 3
22 177 4   0 0   1 1   2 2   3 3
22 52 4   0 0   1 1   2 2   3 3
22 69 4   0 0   1 1   2 2   3 3
22 169 4   0 0   1 1   2 2   3 3
22 138 4   0 0   1 1   2 2   3 3
22 27 4   0 0   1 1   2 2   3 3
23 132 4   0 0   1 1   2 2   3 3
23 149 4   0 0   1 1   2 2   3 3
23 150 4   0 0   1 1   2 2   3 3
23 42 4   0 0   1 1   2 2   3 3
23 140 4   0 0   1 1   2 2   3 3
24 128 4   0 0   1 1   2 2   3 3
24 114 4   0 0   1 1   2 2   3 3
24 66 4   0 0   1 1   2 2   3 3
24 99 4   0 0   1 1   2 2   3 3
24 36 4   0 0   1 1   2 2   3 3
24 170 4   0 0   1 1   2 2   3 3
24 44 4   0 0   1 1   2 2   3 3
25 114 4   0 0   1 1   2 2   3 3
25 118 4   0 0   1 1   2 2   3 3
25 44 4   0 0   1 1   2 2   3 3
26 97 4   0 0   1 1   2 2   3 3
26 37 4   0 0   1 1   2 2   3 3
26 186 4   0 0   1 1   2 2   3 3
26 106 4   0 0   1 1   2 2   3 3
27 179 4   0 0   1 1   2 2   3 3
27 69 4   0 0   1 1   2 2   3 3
27 118 4   0 0   1 1   2 2   3 3
27 169 4   0 0   1 1   2 2   3 3
27 159 4   0 0   1 1   2 2   3 3
28 54 4   0 0   1 1   2 2   3 3
28 55 4   0 0   1 1   2 2   3 3
28 105 4   0 0   1 1   2 2   3 3
28 42 4   0 0   1 1   2 2   3 3
29 50 4   0 0   1 1   2 2   3 3
29 131 4   0 0   1 1   2 2   3 3
29 101 4   0 0   1 1   2 2   3 3
29 171 4   0 0   1 1   2 2   3 3
29 188 4   0 0   1 1   2 2   3 3
29 125 4   0 0   1 1   2 2   3 3
30 192 4   0 0   1 1   2 2   3 3
30 178 4   0 0   1 1   2 2   3 3
30 164 4   0 0   1 1   2 2   3 3
30 180 4   0 0   1 1   2 2   3 3
30 116 4   0 0   1 1   2 2   3 3
30 105 4   0 0   1 1   2 2   3 3
30 107 4   0 0   1 1   2 2   3 3
31 65 4   0 0   1 1   2 2   3 3
31 34 4   0 0   1 1   2 2   3 3
31 68 4   0 0   1 1   2 2   3 3
31 104 4   0 0   1 1   2 2   3 3
31 45 4   0 0   1 1   2 2   3 3
32 81 4   0 0   1 1   2 2   3 3
32 141 4   0 0   1 1   2 2   3 3
32 175 4   0 0   1 1   2 2   3 3
32 95 4   0 0   1 1   2 2   3 3
33 113 4   0 0   1 1   2 2   3 3
33 34 4   0 0   1 1   2 2   3 3
33 118 4   0 0   1 1   2 2   3 3
33 104 4   0 0   1 1   2 2   3 3
33 138 4   0 0   1 1   2 2   3 3
33 158 4   0 0   1 1   2 2   3 3
33 62 4   0 0   1 1   2 2   3 3
34 65 4   0 0   1 1   2 2   3 3
34 104 4   0 0   1 1   2 2   3 3
34 89 4   0 0   1 1   2 2   3 3
34 158 4   0 0   1 1   2 2   3 3
34 79 4   0 0   1 1   2 2   3 3
35 133 4   0 0   1 1   2 2   3 3
35 40 4   0 0   1 1   2 2   3 3
35 75 4   0 0   1 1   2 2   3 3
35 59 4   0 0   1 1   2 2   3 3
35 173 4   0 0   1 1   2 2   3 3
35 46 4   0 0   1 1   2 2   3 3
36 128 4   0 0   1 1   2 2   3 3
36 99 4   0 0   1 1   2 2   3 3
37 97 4   0 0   1 1   2 2   3 3
37 66 4   0 0   1 1   2 2   3 3
37 99 4   0 0   1 1   2 2   3 3
38 134 4   0 0   1 1   2 2   3 3
38 57 4   0 0   1 1   2 2   3 3
38 156 4   0 0   1 1   2 2   3 3
38 108 4   0 0   1 1   2 2   3 3
39 132 4   0 0   1 1   2 2   3 3
39 85 4   0 0   1 1   2 2   3 3
39 150 4   0 0   1 1   2 2   3 3
39 73 4   0 0   1 1   2 2   3 3
39 61 4   0 0   1 1   2 2   3 3
39 127 4   0 0   1 1   2 2   3 3
40 59 4   0 0   1 1   2 2   3 3
40 46 4   0 0   1 1   2 2   3 3
41 160 4   0 0   1 1   2 2   3 3
41 51 4   0 0   1 1   2 2   3 3
41 85 4   0 0   1 1   2 2   3 3
41 122 4   0 0   1 1   2 2   3 3
42 149 4   0 0   1 1   2 2   3 3
42 150 4   0 0   1 1   2 2   3 3
42 54 4   0 0   1 1   2 2   3 3
42 55 4   0 0   1 1   2 2   3 3
42 60 4   0 0   1 1   2 2   3 3
43 98 4   0 0   1 1   2 2   3 3
43 84 4   0 0   1 1   2 2   3 3
43 153 4   0 0   1 1   2 2   3 3
43 58 4   0 0   1 1   2 2   3 3
43 157 4   0 0   1 1   2 2   3 3
43 63 4   0 0   1 1   2 2   3 3
44 64 4   0 0   1 1   2 2   3 3
44 114 4   0 0   1 1   2 2   3 3
44 66 4   0 0   1 1   2 2   3 3
45 65 4   0 0   1 1   2 2   3 3
45 68 4   0 0   1 1   2 2   3 3
45 157 4   0 0   1 1   2 2   3 3
45 111 4   0 0   1 1   2 2   3 3
46 133 4   0 0   1 1   2 2   3 3
47 80 4   0 0   1 1   2 2   3 3
47 151 4   0 0   1 1   2 2   3 3
47 135 4   0 0   1 1   2 2   3 3
47 124 4   0 0   1 1   2 2   3 3
47 61 4   0 0   1 1   2 2   3 3
47 111 4   0 0   1 1   2 2   3 3
48 80 4   0 0   1 1   2 2   3 3
48 147 4   0 0   1 1   2 2   3 3
48 165 4   0 0   1 1   2 2   3 3
48 102 4   0 0   1 1   2 2   3 3
48 124 4   0 0   1 1   2 2   3 3
49 176 4   0 0   1 1   2 2   3 3
49 129 4   0 0   1 1   2 2   3 3
49 71 4   0 0   1 1   2 2   3 3
49 187 4   0 0   1 1   2 2   3 3
50 131 4   0 0   1 1   2 2   3 3
50 101 4   0 0   1 1   2 2   3 3
50 156 4   0 0   1 1   2 2   3 3
50 108 4   0 0   1 1   2 2   3 3
51 67 4   0 0   1 1   2 2   3 3
51 85 4   0 0   1 1   2 2   3 3
51 151 4   0 0   1 1   2 2   3 3
51 135 4   0 0   1 1   2 2   3 3
51 137 4   0 0   1 1   2 2   3 3
51 122 4   0 0   1 1   2 2   3 3
52 193 4   0 0   1 1   2 2   3 3
52 177 4   0 0   1 1   2 2   3 3
52 148 4   0 0   1 1   2 2   3 3
52 53 4   0 0   1 1   2 2   3 3
52 166 4   0 0   1 1   2 2   3 3
52 138 4   0 0   1 1   2 2   3 3
52 93 4   0 0   1 1   2 2   3 3
53 83 4   0 0   1 1   2 2   3 3
53 166 4   0 0   1 1   2 2   3 3
53 123 4   0 0   1 1   2 2   3 3
53 93 4   0 0   1 1   2 2   3 3
54 181 4   0 0   1 1   2 2   3 3
54 185 4   0 0   1 1   2 2   3 3
54 60 4   0 0   1 1   2 2   3 3
55 150 4   0 0   1 1   2 2   3 3
55 120 4   0 0   1 1   2 2   3 3
55 136 4   0 0   1 1   2 2   3 3
56 64 4   0 0   1 1   2 2   3 3
56 97 4   0 0   1 1   2 2   3 3
56 164 4   0 0   1 1   2 2   3 3
56 78 4   0 0   1 1   2 2   3 3
57 131 4   0 0   1 1   2 2   3 3
57 156 4   0 0   1 1   2 2   3 3
58 103 4   0 0   1 1   2 2   3 3
58 153 4   0 0   1 1   2 2   3 3
58 139 4   0 0   1 1   2 2   3 3
58 155 4   0 0   1 1   2 2   3 3
58 188 4   0 0   1 1   2 2   3 3
58 126 4   0 0   1 1   2 2   3 3
58 142 4   0 0   1 1   2 2   3 3
58 63 4   0 0   1 1   2 2   3 3
59 82 4   0 0   1 1   2 2   3 3
59 173 4   0 0   1 1   2 2   3 3
59 143 4   0 0   1 1   2 2   3 3
60 149 4   0 0   1 1   2 2   3 3
60 181 4   0 0   1 1   2 2   3 3
60 183 4   0 0   1 1   2 2   3 3
61 80 4   0 0   1 1   2 2   3 3
61 85 4   0 0   1 1   2 2   3 3
61 135 4   0 0   1 1   2 2   3 3
61 127 4   0 0   1 1   2 2   3 3
62 113 4   0 0   1 1   2 2   3 3
62 147 4   0 0   1 1   2 2   3 3
62 104 4   0 0   1 1   2 2   3 3
63 98 4   0 0   1 1   2 2   3 3
63 103 4   0 0   1 1   2 2   3 3
63 110 4   0 0   1 1   2 2   3 3
64 97 4   0 0   1 1   2 2   3 3
64 66 4   0 0   1 1   2 2   3 3
64 165 4   0 0   1 1   2 2   3 3
64 78 4   0 0   1 1   2 2   3 3
65 84 4   0 0   1 1   2 2   3 3
65 89 4   0 0   1 1   2 2   3 3
65 157 4   0 0   1 1   2 2   3 3
65 94 4   0 0   1 1   2 2   3 3
66 97 4   0 0   1 1   2 2   3 3
66 99 4   0 0   1 1   2 2   3 3
67 162 4   0 0   1 1   2 2   3 3
67 151 4   0 0   1 1   2 2   3 3
67 137 4   0 0   1 1   2 2   3 3
68 147 4   0 0   1 1   2 2   3 3
68 104 4   0 0   1 1   2 2   3 3
68 124 4   0 0   1 1   2 2   3 3
68 111 4   0 0   1 1   2 2   3 3
69 86 4   0 0   1 1   2 2   3 3
69 159 4   0 0   1 1   2 2   3 3
70 146 4   0 0   1 1   2 2   3 3
70 152 4   0 0   1 1   2 2   3 3
70 171 4   0 0   1 1   2 2   3 3
70 139 4   0 0   1 1   2 2   3 3
70 126 4   0 0   1 1   2 2   3 3
70 142 4   0 0   1 1   2 2   3 3
71 129 4   0 0   1 1   2 2   3 3
71 81 4   0 0   1 1   2 2   3 3
71 163 4   0 0   1 1   2 2   3 3
71 119 4   0 0   1 1   2 2   3 3
71 190 4   0 0   1 1   2 2   3 3
72 100 4   0 0   1 1   2 2   3 3
72 91 4   0 0   1 1   2 2   3 3
72 174 4   0 0   1 1   2 2   3 3
73 160 4   0 0   1 1   2 2   3 3
73 132 4   0 0   1 1   2 2   3 3
73 85 4   0 0   1 1   2 2   3 3
73 109 4   0 0   1 1   2 2   3 3
74 140 4   0 0   1 1   2 2   3 3
74 173 4   0 0   1 1   2 2   3 3
74 143 4   0 0   1 1   2 2   3 3
75 145 4   0 0   1 1   2 2   3 3
75 133 4   0 0   1 1   2 2   3 3
75 184 4   0 0   1 1   2 2   3 3
75 173 4   0 0   1 1   2 2   3 3
76 81 4   0 0   1 1   2 2   3 3
76 137 4   0 0   1 1   2 2   3 3
76 122 4   0 0   1 1   2 2   3 3
76 190 4   0 0   1 1   2 2   3 3
77 128 4   0 0   1 1   2 2   3 3
77 86 4   0 0   1 1   2 2   3 3
77 87 4   0 0   1 1   2 2   3 3
78 165 4   0 0   1 1   2 2   3 3
78 102 4   0 0   1 1   2 2   3 3
78 120 4   0 0   1 1   2 2   3 3
78 136 4   0 0   1 1   2 2   3 3
79 148 4   0 0   1 1   2 2   3 3
79 89 4   0 0   1 1   2 2   3 3
79 154 4   0 0   1 1   2 2   3 3
79 158 4   0 0   1 1   2 2   3 3
80 102 4   0 0   1 1   2 2   3 3
80 124 4   0 0   1 1   2 2   3 3
80 127 4   0 0   1 1   2 2   3 3
81 129 4   0 0   1 1   2 2   3 3
81 182 4   0 0   1 1   2 2   3 3
81 122 4   0 0   1 1   2 2   3 3
81 190 4   0 0   1 1   2 2   3 3
81 175 4   0 0   1 1   2 2   3 3
82 183 4   0 0   1 1   2 2   3 3
82 140 4   0 0   1 1   2 2   3 3
82 143 4   0 0   1 1   2 2   3 3
83 88 4   0 0   1 1   2 2   3 3
83 123 4   0 0   1 1   2 2   3 3
83 189 4   0 0   1 1   2 2   3 3
84 153 4   0 0   1 1   2 2   3 3
84 157 4   0 0   1 1   2 2   3 3
84 94 4   0 0   1 1   2 2   3 3
85 160 4   0 0   1 1   2 2   3 3
85 135 4   0 0   1 1   2 2   3 3
86 87 4   0 0   1 1   2 2   3 3
86 159 4   0 0   1 1   2 2   3 3
87 128 4   0 0   1 1   2 2   3 3
87 170 4   0 0   1 1   2 2   3 3
87 159 4   0 0   1 1   2 2   3 3
88 194 4   0 0   1 1   2 2   3 3
89 188 4   0 0   1 1   2 2   3 3
89 94 4   0 0   1 1   2 2   3 3
90 144 4   0 0   1 1   2 2   3 3
90 112 4   0 0   1 1   2 2   3 3
90 161 4   0 0   1 1   2 2   3 3
91 176 4   0 0   1 1   2 2   3 3
91 195 4   0 0   1 1   2 2   3 3
91 100 4   0 0   1 1   2 2   3 3
91 174 4   0 0   1 1   2 2   3 3
92 162 4   0 0   1 1   2 2   3 3
92 98 4   0 0   1 1   2 2   3 3
92 151 4   0 0   1 1   2 2   3 3
92 157 4   0 0   1 1   2 2   3 3
92 110 4   0 0   1 1   2 2   3 3
92 111 4   0 0   1 1   2 2   3 3
93 193 4   0 0   1 1   2 2   3 3
93 134 4   0 0   1 1   2 2   3 3
94 153 4   0 0   1 1   2 2   3 3
94 188 4   0 0   1 1   2 2   3 3
95 145 4   0 0   1 1   2 2   3 3
95 141 4   0 0   1 1   2 2   3 3
95 109 4   0 0   1 1   2 2   3 3
95 175 4   0 0   1 1   2 2   3 3
96 193 4   0 0   1 1   2 2   3 3
96 101 4   0 0   1 1   2 2   3 3
97 164 4   0 0   1 1   2 2   3 3
97 186 4   0 0   1 1   2 2   3 3
98 157 4   0 0   1 1   2 2   3 3
98 110 4   0 0   1 1   2 2   3 3
100 195 4   0 0   1 1   2 2   3 3
101 193 4   0 0   1 1   2 2   3 3
101 108 4   0 0   1 1   2 2   3 3
102 165 4   0 0   1 1   2 2   3 3
102 120 4   0 0   1 1   2 2   3 3
102 127 4   0 0   1 1   2 2   3 3
103 163 4   0 0   1 1   2 2   3 3
103 155 4   0 0   1 1   2 2   3 3
103 172 4   0 0   1 1   2 2   3 3
103 110 4   0 0   1 1   2 2   3 3
104 147 4   0 0   1 1   2 2   3 3
105 164 4   0 0   1 1   2 2   3 3
105 180 4   0 0   1 1   2 2   3 3
106 117 4   0 0   1 1   2 2   3 3
106 121 4   0 0   1 1   2 2   3 3
107 164 4   0 0   1 1   2 2   3 3
107 186 4   0 0   1 1   2 2   3 3
108 193 4   0 0   1 1   2 2   3 3
108 134 4   0 0   1 1   2 2   3 3
108 156 4   0 0   1 1   2 2   3 3
109 160 4   0 0   1 1   2 2   3 3
109 145 4   0 0   1 1   2 2   3 3
109 132 4   0 0   1 1   2 2   3 3
109 173 4   0 0   1 1   2 2   3 3
109 175 4   0 0   1 1   2 2   3 3
110 162 4   0 0   1 1   2 2   3 3
110 163 4   0 0   1 1   2 2   3 3
111 151 4   0 0   1 1   2 2   3 3
111 124 4   0 0   1 1   2 2   3 3
111 157 4   0 0   1 1   2 2   3 3
112 115 4   0 0   1 1   2 2   3 3
113 118 4   0 0   1 1   2 2   3 3
114 118 4   0 0   1 1   2 2   3 3
114 170 4   0 0   1 1   2 2   3 3
115 121 4   0 0   1 1   2 2   3 3
116 192 4   0 0   1 1   2 2   3 3
117 144 4   0 0   1 1   2 2   3 3
117 121 4   0 0   1 1   2 2   3 3
118 179 4   0 0   1 1   2 2   3 3
118 169 4   0 0   1 1   2 2   3 3
118 138 4   0 0   1 1   2 2   3 3
119 162 4   0 0   1 1   2 2   3 3
119 163 4   0 0   1 1   2 2   3 3
119 190 4   0 0   1 1   2 2   3 3
120 136 4   0 0   1 1   2 2   3 3
120 127 4   0 0   1 1   2 2   3 3
121 128 4   0 0   1 1   2 2   3 3
122 160 4   0 0   1 1   2 2   3 3
122 137 4   0 0   1 1   2 2   3 3
122 175 4   0 0   1 1   2 2   3 3
123 177 4   0 0   1 1   2 2   3 3
123 166 4   0 0   1 1   2 2   3 3
123 189 4   0 0   1 1   2 2   3 3
124 147 4   0 0   1 1   2 2   3 3
125 146 4   0 0   1 1   2 2   3 3
125 131 4   0 0   1 1   2 2   3 3
125 171 4   0 0   1 1   2 2   3 3
126 152 4   0 0   1 1   2 2   3 3
126 155 4   0 0   1 1   2 2   3 3
126 142 4   0 0   1 1   2 2   3 3
128 170 4   0 0   1 1   2 2   3 3
129 176 4   0 0   1 1   2 2   3 3
129 168 4   0 0   1 1   2 2   3 3
130 178 4   0 0   1 1   2 2   3 3
130 180 4   0 0   1 1   2 2   3 3
130 185 4   0 0   1 1   2 2   3 3
131 146 4   0 0   1 1   2 2   3 3
131 156 4   0 0   1 1   2 2   3 3
132 150 4   0 0   1 1   2 2   3 3
133 145 4   0 0   1 1   2 2   3 3
134 193 4   0 0   1 1   2 2   3 3
135 151 4   0 0   1 1   2 2   3 3
137 162 4   0 0   1 1   2 2   3 3
137 190 4   0 0   1 1   2 2   3 3
138 148 4   0 0   1 1   2 2   3 3
138 169 4   0 0   1 1   2 2   3 3
138 154 4   0 0   1 1   2 2   3 3
138 158 4   0 0   1 1   2 2   3 3
139 171 4   0 0   1 1   2 2   3 3
139 188 4   0 0   1 1   2 2   3 3
139 142 4   0 0   1 1   2 2   3 3
140 149 4   0 0   1 1   2 2   3 3
140 183 4   0 0   1 1   2 2   3 3
140 143 4   0 0   1 1   2 2   3 3
143 173 4   0 0   1 1   2 2   3 3
145 184 4   0 0   1 1   2 2   3 3
145 173 4   0 0   1 1   2 2   3 3
146 171 4   0 0   1 1   2 2   3 3
148 154 4   0 0   1 1   2 2   3 3
149 183 4   0 0   1 1   2 2   3 3
151 162 4   0 0   1 1   2 2   3 3
152 167 4   0 0   1 1   2 2   3 3
152 155 4   0 0   1 1   2 2   3 3
152 191 4   0 0   1 1   2 2   3 3
153 188 4   0 0   1 1   2 2   3 3
154 158 4   0 0   1 1   2 2   3 3
155 172 4   0 0   1 1   2 2   3 3
155 191 4   0 0   1 1   2 2   3 3
159 179 4   0 0   1 1   2 2   3 3
159 170 4   0 0   1 1   2 2   3 3
160 175 4   0 0   1 1   2 2   3 3
161 186 4   0 0   1 1   2 2   3 3
162 163 4   0 0   1 1   2 2   3 3
162 190 4   0 0   1 1   2 2   3 3
163 172 4   0 0   1 1   2 2   3 3
164 186 4   0 0   1 1   2 2   3 3
166 177 4   0 0   1 1   2 2   3 3
167 174 4   0 0   1 1   2 2   3 3
167 191 4   0 0   1 1   2 2   3 3
168 176 4   0 0   1 1   2 2   3 3
168 195 4   0 0   1 1   2 2   3 3
170 179 4   0 0   1 1   2 2   3 3
171 188 4   0 0   1 1   2 2   3 3
173 184 4   0 0   1 1   2 2   3 3
174 187 4   0 0   1 1   2 2   3 3
174 191 4   0 0   1 1   2 2   3 3
178 192 4   0 0   1 1   2 2   3 3
178 180 4   0 0   1 1   2 2   3 3
178 185 4   0 0   1 1   2 2   3 3
181 183 4   0 0   1 1   2 2   3 3
181 185 4   0 0   1 1   2 2   3 3
187 191 4   0 0   1 1   2 2   3 3
