165
1 4 0 1 2 3
2 4 0 1 2 3
3 4 0 1 2 3
4 4 0 1 2 3
5 4 0 1 2 3
6 4 0 1 2 3
7 4 0 1 2 3
8 4 0 1 2 3
9 4 0 1 2 3
10 4 0 1 2 3
11 4 0 1 2 3
12 4 0 1 2 3
13 4 0 1 2 3
14 4 0 1 2 3
15 4 0 1 2 3
16 4 0 1 2 3
17 4 0 1 2 3
18 4 0 1 2 3
19 4 0 1 2 3
20 4 0 1 2 3
21 4 0 1 2 3
22 4 0 1 2 3
23 4 0 1 2 3
24 4 0 1 2 3
25 4 0 1 2 3
26 4 0 1 2 3
27 4 0 1 2 3
28 4 0 1 2 3
29 4 0 1 2 3
30 4 0 1 2 3
31 4 0 1 2 3
32 4 0 1 2 3
33 4 0 1 2 3
34 4 0 1 2 3
35 4 0 1 2 3
36 4 0 1 2 3
37 4 0 1 2 3
38 4 0 1 2 3
39 4 0 1 2 3
40 4 0 1 2 3
41 4 0 1 2 3
42 4 0 1 2 3
43 4 0 1 2 3
44 4 0 1 2 3
45 4 0 1 2 3
46 4 0 1 2 3
47 4 0 1 2 3
48 4 0 1 2 3
49 4 0 1 2 3
50 4 0 1 2 3
51 4 0 1 2 3
52 4 0 1 2 3
53 4 0 1 2 3
54 4 0 1 2 3
55 4 0 1 2 3
56 4 0 1 2 3
57 4 0 1 2 3
58 4 0 1 2 3
59 4 0 1 2 3
60 4 0 1 2 3
61 4 0 1 2 3
62 4 0 1 2 3
63 4 0 1 2 3
64 4 0 1 2 3
65 4 0 1 2 3
66 4 0 1 2 3
67 4 0 1 2 3
68 4 0 1 2 3
69 4 0 1 2 3
70 4 0 1 2 3
71 4 0 1 2 3
72 4 0 1 2 3
73 4 0 1 2 3
74 4 0 1 2 3
75 4 0 1 2 3
76 4 0 1 2 3
77 4 0 1 2 3
78 4 0 1 2 3
79 4 0 1 2 3
80 4 0 1 2 3
81 4 0 1 2 3
82 4 0 1 2 3
83 4 0 1 2 3
84 4 0 1 2 3
85 4 0 1 2 3
86 4 0 1 2 3
87 4 0 1 2 3
88 4 0 1 2 3
89 4 0 1 2 3
90 4 0 1 2 3
91 4 0 1 2 3
92 4 0 1 2 3
93 4 0 1 2 3
94 4 0 1 2 3
95 4 0 1 2 3
96 4 0 1 2 3
97 4 0 1 2 3
98 4 0 1 2 3
99 4 0 1 2 3
100 4 0 1 2 3
101 4 0 1 2 3
102 4 0 1 2 3
103 4 0 1 2 3
104 4 0 1 2 3
105 4 0 1 2 3
106 4 0 1 2 3
107 4 0 1 2 3
108 4 0 1 2 3
109 4 0 1 2 3
110 4 0 1 2 3
111 4 0 1 2 3
112 4 0 1 2 3
113 4 0 1 2 3
114 4 0 1 2 3
115 4 0 1 2 3
116 4 0 1 2 3
117 4 0 1 2 3
118 4 0 1 2 3
119 4 0 1 2 3
120 4 0 1 2 3
121 4 0 1 2 3
122 4 0 1 2 3
123 4 0 1 2 3
124 4 0 1 2 3
125 4 0 1 2 3
126 4 0 1 2 3
127 4 0 1 2 3
128 4 0 1 2 3
129 4 0 1 2 3
130 4 0 1 2 3
131 4 0 1 2 3
132 4 0 1 2 3
133 4 0 1 2 3
134 4 0 1 2 3
135 4 0 1 2 3
136 4 0 1 2 3
137 4 0 1 2 3
138 4 0 1 2 3
139 4 0 1 2 3
140 4 0 1 2 3
141 4 0 1 2 3
142 4 0 1 2 3
143 4 0 1 2 3
144 4 0 1 2 3
145 4 0 1 2 3
146 4 0 1 2 3
147 4 0 1 2 3
148 4 0 1 2 3
149 4 0 1 2 3
150 4 0 1 2 3
151 4 0 1 2 3
152 4 0 1 2 3
153 4 0 1 2 3
154 4 0 1 2 3
155 4 0 1 2 3
156 4 0 1 2 3
157 4 0 1 2 3
158 4 0 1 2 3
159 4 0 1 2 3
160 4 0 1 2 3
161 4 0 1 2 3
162 4 0 1 2 3
163 4 0 1 2 3
164 4 0 1 2 3
165 4 0 1 2 3
450
1 148 4   0 0   1 1   2 2   3 3
1 21 4   0 0   1 1   2 2   3 3
1 102 4   0 0   1 1   2 2   3 3
1 152 4   0 0   1 1   2 2   3 3
1 88 4   0 0   1 1   2 2   3 3
1 106 4   0 0   1 1   2 2   3 3
1 92 4   0 0   1 1   2 2   3 3
2 145 4   0 0   1 1   2 2   3 3
2 20 4   0 0   1 1   2 2   3 3
2 86 4   0 0   1 1   2 2   3 3
2 39 4   0 0   1 1   2 2   3 3
2 89 4   0 0   1 1   2 2   3 3
2 107 4   0 0   1 1   2 2   3 3
2 29 4   0 0   1 1   2 2   3 3
3 81 4   0 0   1 1   2 2   3 3
3 117 4   0 0   1 1   2 2   3 3
3 150 4   0 0   1 1   2 2   3 3
3 136 4   0 0   1 1   2 2   3 3
3 13 4   0 0   1 1   2 2   3 3
4 49 4   0 0   1 1   2 2   3 3
4 50 4   0 0   1 1   2 2   3 3
4 83 4   0 0   1 1   2 2   3 3
4 70 4   0 0   1 1   2 2   3 3
4 8 4   0 0   1 1   2 2   3 3
4 11 4   0 0   1 1   2 2   3 3
5 44 4   0 0   1 1   2 2   3 3
5 31 4   0 0   1 1   2 2   3 3
6 115 4   0 0   1 1   2 2   3 3
6 19 4   0 0   1 1   2 2   3 3
6 131 4   0 0   1 1   2 2   3 3
6 51 4   0 0   1 1   2 2   3 3
6 36 4   0 0   1 1   2 2   3 3
6 46 4   0 0   1 1   2 2   3 3
6 94 4   0 0   1 1   2 2   3 3
7 113 4   0 0   1 1   2 2   3 3
7 34 4   0 0   1 1   2 2   3 3
7 147 4   0 0   1 1   2 2   3 3
7 40 4   0 0   1 1   2 2   3 3
7 57 4   0 0   1 1   2 2   3 3
7 44 4   0 0   1 1   2 2   3 3
7 93 4   0 0   1 1   2 2   3 3
7 31 4   0 0   1 1   2 2   3 3
8 70 4   0 0   1 1   2 2   3 3
8 11 4   0 0   1 1   2 2   3 3
9 33 4   0 0   1 1   2 2   3 3
9 35 4   0 0   1 1   2 2   3 3
9 151 4   0 0   1 1   2 2   3 3
9 109 4   0 0   1 1   2 2   3 3
10 138 4   0 0   1 1   2 2   3 3
10 43 4   0 0   1 1   2 2   3 3
10 45 4   0 0   1 1   2 2   3 3
11 144 4   0 0   1 1   2 2   3 3
11 69 4   0 0   1 1   2 2   3 3
11 70 4   0 0   1 1   2 2   3 3
11 46 4   0 0   1 1   2 2   3 3
12 144 4   0 0   1 1   2 2   3 3
12 115 4   0 0   1 1   2 2   3 3
12 137 4   0 0   1 1   2 2   3 3
12 46 4   0 0   1 1   2 2   3 3
13 81 4   0 0   1 1   2 2   3 3
13 117 4   0 0   1 1   2 2   3 3
13 56 4   0 0   1 1   2 2   3 3
14 162 4   0 0   1 1   2 2   3 3
14 154 4   0 0   1 1   2 2   3 3
14 27 4   0 0   1 1   2 2   3 3
14 143 4   0 0   1 1   2 2   3 3
14 95 4   0 0   1 1   2 2   3 3
15 96 4   0 0   1 1   2 2   3 3
15 132 4   0 0   1 1   2 2   3 3
15 55 4   0 0   1 1   2 2   3 3
15 138 4   0 0   1 1   2 2   3 3
15 47 4   0 0   1 1   2 2   3 3
16 128 4   0 0   1 1   2 2   3 3
16 80 4   0 0   1 1   2 2   3 3
16 97 4   0 0   1 1   2 2   3 3
16 146 4   0 0   1 1   2 2   3 3
16 78 4   0 0   1 1   2 2   3 3
17 18 4   0 0   1 1   2 2   3 3
17 99 4   0 0   1 1   2 2   3 3
17 58 4   0 0   1 1   2 2   3 3
17 107 4   0 0   1 1   2 2   3 3
17 29 4   0 0   1 1   2 2   3 3
17 61 4   0 0   1 1   2 2   3 3
18 82 4   0 0   1 1   2 2   3 3
18 99 4   0 0   1 1   2 2   3 3
18 37 4   0 0   1 1   2 2   3 3
18 153 4   0 0   1 1   2 2   3 3
18 139 4   0 0   1 1   2 2   3 3
18 29 4   0 0   1 1   2 2   3 3
19 115 4   0 0   1 1   2 2   3 3
19 51 4   0 0   1 1   2 2   3 3
19 87 4   0 0   1 1   2 2   3 3
19 71 4   0 0   1 1   2 2   3 3
19 122 4   0 0   1 1   2 2   3 3
20 162 4   0 0   1 1   2 2   3 3
20 85 4   0 0   1 1   2 2   3 3
20 39 4   0 0   1 1   2 2   3 3
20 89 4   0 0   1 1   2 2   3 3
20 105 4   0 0   1 1   2 2   3 3
20 27 4   0 0   1 1   2 2   3 3
21 50 4   0 0   1 1   2 2   3 3
21 102 4   0 0   1 1   2 2   3 3
21 119 4   0 0   1 1   2 2   3 3
21 41 4   0 0   1 1   2 2   3 3
21 60 4   0 0   1 1   2 2   3 3
21 92 4   0 0   1 1   2 2   3 3
22 118 4   0 0   1 1   2 2   3 3
22 157 4   0 0   1 1   2 2   3 3
22 158 4   0 0   1 1   2 2   3 3
23 118 4   0 0   1 1   2 2   3 3
23 39 4   0 0   1 1   2 2   3 3
23 107 4   0 0   1 1   2 2   3 3
23 158 4   0 0   1 1   2 2   3 3
24 66 4   0 0   1 1   2 2   3 3
24 103 4   0 0   1 1   2 2   3 3
24 141 4   0 0   1 1   2 2   3 3
24 126 4   0 0   1 1   2 2   3 3
25 33 4   0 0   1 1   2 2   3 3
25 98 4   0 0   1 1   2 2   3 3
25 156 4   0 0   1 1   2 2   3 3
25 109 4   0 0   1 1   2 2   3 3
25 31 4   0 0   1 1   2 2   3 3
26 100 4   0 0   1 1   2 2   3 3
26 133 4   0 0   1 1   2 2   3 3
26 134 4   0 0   1 1   2 2   3 3
26 72 4   0 0   1 1   2 2   3 3
26 62 4   0 0   1 1   2 2   3 3
26 111 4   0 0   1 1   2 2   3 3
27 162 4   0 0   1 1   2 2   3 3
27 89 4   0 0   1 1   2 2   3 3
27 154 4   0 0   1 1   2 2   3 3
28 84 4   0 0   1 1   2 2   3 3
28 53 4   0 0   1 1   2 2   3 3
28 117 4   0 0   1 1   2 2   3 3
28 120 4   0 0   1 1   2 2   3 3
29 145 4   0 0   1 1   2 2   3 3
29 153 4   0 0   1 1   2 2   3 3
29 107 4   0 0   1 1   2 2   3 3
30 65 4   0 0   1 1   2 2   3 3
30 43 4   0 0   1 1   2 2   3 3
31 33 4   0 0   1 1   2 2   3 3
31 98 4   0 0   1 1   2 2   3 3
31 34 4   0 0   1 1   2 2   3 3
31 44 4   0 0   1 1   2 2   3 3
31 111 4   0 0   1 1   2 2   3 3
31 127 4   0 0   1 1   2 2   3 3
32 161 4   0 0   1 1   2 2   3 3
32 54 4   0 0   1 1   2 2   3 3
32 42 4   0 0   1 1   2 2   3 3
32 124 4   0 0   1 1   2 2   3 3
32 142 4   0 0   1 1   2 2   3 3
33 151 4   0 0   1 1   2 2   3 3
33 109 4   0 0   1 1   2 2   3 3
34 160 4   0 0   1 1   2 2   3 3
34 81 4   0 0   1 1   2 2   3 3
34 151 4   0 0   1 1   2 2   3 3
34 57 4   0 0   1 1   2 2   3 3
35 116 4   0 0   1 1   2 2   3 3
35 87 4   0 0   1 1   2 2   3 3
35 71 4   0 0   1 1   2 2   3 3
35 151 4   0 0   1 1   2 2   3 3
35 109 4   0 0   1 1   2 2   3 3
35 63 4   0 0   1 1   2 2   3 3
36 131 4   0 0   1 1   2 2   3 3
36 69 4   0 0   1 1   2 2   3 3
36 77 4   0 0   1 1   2 2   3 3
36 46 4   0 0   1 1   2 2   3 3
37 82 4   0 0   1 1   2 2   3 3
37 99 4   0 0   1 1   2 2   3 3
37 163 4   0 0   1 1   2 2   3 3
37 125 4   0 0   1 1   2 2   3 3
38 161 4   0 0   1 1   2 2   3 3
38 145 4   0 0   1 1   2 2   3 3
38 130 4   0 0   1 1   2 2   3 3
38 86 4   0 0   1 1   2 2   3 3
38 153 4   0 0   1 1   2 2   3 3
38 124 4   0 0   1 1   2 2   3 3
39 85 4   0 0   1 1   2 2   3 3
39 105 4   0 0   1 1   2 2   3 3
39 107 4   0 0   1 1   2 2   3 3
40 161 4   0 0   1 1   2 2   3 3
40 42 4   0 0   1 1   2 2   3 3
40 90 4   0 0   1 1   2 2   3 3
40 44 4   0 0   1 1   2 2   3 3
40 93 4   0 0   1 1   2 2   3 3
40 127 4   0 0   1 1   2 2   3 3
41 50 4   0 0   1 1   2 2   3 3
41 164 4   0 0   1 1   2 2   3 3
41 119 4   0 0   1 1   2 2   3 3
41 74 4   0 0   1 1   2 2   3 3
41 140 4   0 0   1 1   2 2   3 3
41 94 4   0 0   1 1   2 2   3 3
42 161 4   0 0   1 1   2 2   3 3
42 54 4   0 0   1 1   2 2   3 3
42 127 4   0 0   1 1   2 2   3 3
43 96 4   0 0   1 1   2 2   3 3
43 65 4   0 0   1 1   2 2   3 3
43 149 4   0 0   1 1   2 2   3 3
43 138 4   0 0   1 1   2 2   3 3
44 127 4   0 0   1 1   2 2   3 3
45 163 4   0 0   1 1   2 2   3 3
45 132 4   0 0   1 1   2 2   3 3
45 138 4   0 0   1 1   2 2   3 3
45 125 4   0 0   1 1   2 2   3 3
45 159 4   0 0   1 1   2 2   3 3
46 144 4   0 0   1 1   2 2   3 3
46 115 4   0 0   1 1   2 2   3 3
46 69 4   0 0   1 1   2 2   3 3
47 80 4   0 0   1 1   2 2   3 3
47 114 4   0 0   1 1   2 2   3 3
47 132 4   0 0   1 1   2 2   3 3
47 101 4   0 0   1 1   2 2   3 3
47 55 4   0 0   1 1   2 2   3 3
48 134 4   0 0   1 1   2 2   3 3
48 54 4   0 0   1 1   2 2   3 3
48 142 4   0 0   1 1   2 2   3 3
48 111 4   0 0   1 1   2 2   3 3
49 83 4   0 0   1 1   2 2   3 3
49 68 4   0 0   1 1   2 2   3 3
50 83 4   0 0   1 1   2 2   3 3
50 70 4   0 0   1 1   2 2   3 3
50 74 4   0 0   1 1   2 2   3 3
50 60 4   0 0   1 1   2 2   3 3
51 71 4   0 0   1 1   2 2   3 3
51 140 4   0 0   1 1   2 2   3 3
51 94 4   0 0   1 1   2 2   3 3
52 129 4   0 0   1 1   2 2   3 3
52 97 4   0 0   1 1   2 2   3 3
52 65 4   0 0   1 1   2 2   3 3
52 149 4   0 0   1 1   2 2   3 3
52 59 4   0 0   1 1   2 2   3 3
53 144 4   0 0   1 1   2 2   3 3
53 120 4   0 0   1 1   2 2   3 3
53 137 4   0 0   1 1   2 2   3 3
54 142 4   0 0   1 1   2 2   3 3
54 127 4   0 0   1 1   2 2   3 3
55 96 4   0 0   1 1   2 2   3 3
55 121 4   0 0   1 1   2 2   3 3
55 78 4   0 0   1 1   2 2   3 3
56 160 4   0 0   1 1   2 2   3 3
56 128 4   0 0   1 1   2 2   3 3
56 81 4   0 0   1 1   2 2   3 3
56 129 4   0 0   1 1   2 2   3 3
56 146 4   0 0   1 1   2 2   3 3
56 59 4   0 0   1 1   2 2   3 3
57 160 4   0 0   1 1   2 2   3 3
57 80 4   0 0   1 1   2 2   3 3
57 146 4   0 0   1 1   2 2   3 3
57 147 4   0 0   1 1   2 2   3 3
58 99 4   0 0   1 1   2 2   3 3
58 61 4   0 0   1 1   2 2   3 3
58 157 4   0 0   1 1   2 2   3 3
59 128 4   0 0   1 1   2 2   3 3
59 129 4   0 0   1 1   2 2   3 3
59 97 4   0 0   1 1   2 2   3 3
60 83 4   0 0   1 1   2 2   3 3
60 67 4   0 0   1 1   2 2   3 3
60 102 4   0 0   1 1   2 2   3 3
61 107 4   0 0   1 1   2 2   3 3
61 157 4   0 0   1 1   2 2   3 3
61 158 4   0 0   1 1   2 2   3 3
62 100 4   0 0   1 1   2 2   3 3
62 134 4   0 0   1 1   2 2   3 3
62 75 4   0 0   1 1   2 2   3 3
62 142 4   0 0   1 1   2 2   3 3
63 81 4   0 0   1 1   2 2   3 3
63 116 4   0 0   1 1   2 2   3 3
63 151 4   0 0   1 1   2 2   3 3
63 136 4   0 0   1 1   2 2   3 3
64 118 4   0 0   1 1   2 2   3 3
65 149 4   0 0   1 1   2 2   3 3
66 91 4   0 0   1 1   2 2   3 3
66 76 4   0 0   1 1   2 2   3 3
66 126 4   0 0   1 1   2 2   3 3
67 83 4   0 0   1 1   2 2   3 3
67 102 4   0 0   1 1   2 2   3 3
67 104 4   0 0   1 1   2 2   3 3
67 152 4   0 0   1 1   2 2   3 3
68 83 4   0 0   1 1   2 2   3 3
69 70 4   0 0   1 1   2 2   3 3
69 77 4   0 0   1 1   2 2   3 3
70 74 4   0 0   1 1   2 2   3 3
70 77 4   0 0   1 1   2 2   3 3
71 87 4   0 0   1 1   2 2   3 3
71 140 4   0 0   1 1   2 2   3 3
71 109 4   0 0   1 1   2 2   3 3
72 100 4   0 0   1 1   2 2   3 3
72 133 4   0 0   1 1   2 2   3 3
72 106 4   0 0   1 1   2 2   3 3
72 92 4   0 0   1 1   2 2   3 3
73 98 4   0 0   1 1   2 2   3 3
73 164 4   0 0   1 1   2 2   3 3
73 133 4   0 0   1 1   2 2   3 3
73 111 4   0 0   1 1   2 2   3 3
74 131 4   0 0   1 1   2 2   3 3
74 77 4   0 0   1 1   2 2   3 3
74 94 4   0 0   1 1   2 2   3 3
75 100 4   0 0   1 1   2 2   3 3
75 154 4   0 0   1 1   2 2   3 3
75 108 4   0 0   1 1   2 2   3 3
75 142 4   0 0   1 1   2 2   3 3
76 100 4   0 0   1 1   2 2   3 3
76 91 4   0 0   1 1   2 2   3 3
76 126 4   0 0   1 1   2 2   3 3
76 95 4   0 0   1 1   2 2   3 3
77 131 4   0 0   1 1   2 2   3 3
78 80 4   0 0   1 1   2 2   3 3
78 97 4   0 0   1 1   2 2   3 3
78 121 4   0 0   1 1   2 2   3 3
79 82 4   0 0   1 1   2 2   3 3
79 165 4   0 0   1 1   2 2   3 3
79 90 4   0 0   1 1   2 2   3 3
79 139 4   0 0   1 1   2 2   3 3
79 93 4   0 0   1 1   2 2   3 3
80 146 4   0 0   1 1   2 2   3 3
80 114 4   0 0   1 1   2 2   3 3
80 147 4   0 0   1 1   2 2   3 3
81 160 4   0 0   1 1   2 2   3 3
81 151 4   0 0   1 1   2 2   3 3
81 136 4   0 0   1 1   2 2   3 3
82 165 4   0 0   1 1   2 2   3 3
82 139 4   0 0   1 1   2 2   3 3
82 125 4   0 0   1 1   2 2   3 3
83 104 4   0 0   1 1   2 2   3 3
83 123 4   0 0   1 1   2 2   3 3
84 117 4   0 0   1 1   2 2   3 3
84 150 4   0 0   1 1   2 2   3 3
84 120 4   0 0   1 1   2 2   3 3
84 122 4   0 0   1 1   2 2   3 3
85 162 4   0 0   1 1   2 2   3 3
85 105 4   0 0   1 1   2 2   3 3
85 155 4   0 0   1 1   2 2   3 3
86 145 4   0 0   1 1   2 2   3 3
86 89 4   0 0   1 1   2 2   3 3
86 108 4   0 0   1 1   2 2   3 3
86 124 4   0 0   1 1   2 2   3 3
87 116 4   0 0   1 1   2 2   3 3
87 135 4   0 0   1 1   2 2   3 3
87 122 4   0 0   1 1   2 2   3 3
88 112 4   0 0   1 1   2 2   3 3
88 148 4   0 0   1 1   2 2   3 3
88 106 4   0 0   1 1   2 2   3 3
88 110 4   0 0   1 1   2 2   3 3
88 126 4   0 0   1 1   2 2   3 3
89 154 4   0 0   1 1   2 2   3 3
89 108 4   0 0   1 1   2 2   3 3
90 161 4   0 0   1 1   2 2   3 3
90 130 4   0 0   1 1   2 2   3 3
90 139 4   0 0   1 1   2 2   3 3
90 93 4   0 0   1 1   2 2   3 3
91 155 4   0 0   1 1   2 2   3 3
91 95 4   0 0   1 1   2 2   3 3
92 133 4   0 0   1 1   2 2   3 3
92 119 4   0 0   1 1   2 2   3 3
92 106 4   0 0   1 1   2 2   3 3
93 113 4   0 0   1 1   2 2   3 3
93 165 4   0 0   1 1   2 2   3 3
94 131 4   0 0   1 1   2 2   3 3
94 140 4   0 0   1 1   2 2   3 3
95 162 4   0 0   1 1   2 2   3 3
95 100 4   0 0   1 1   2 2   3 3
95 155 4   0 0   1 1   2 2   3 3
95 143 4   0 0   1 1   2 2   3 3
96 149 4   0 0   1 1   2 2   3 3
96 121 4   0 0   1 1   2 2   3 3
96 138 4   0 0   1 1   2 2   3 3
97 128 4   0 0   1 1   2 2   3 3
97 149 4   0 0   1 1   2 2   3 3
97 121 4   0 0   1 1   2 2   3 3
98 164 4   0 0   1 1   2 2   3 3
98 156 4   0 0   1 1   2 2   3 3
98 111 4   0 0   1 1   2 2   3 3
100 106 4   0 0   1 1   2 2   3 3
100 154 4   0 0   1 1   2 2   3 3
100 126 4   0 0   1 1   2 2   3 3
100 143 4   0 0   1 1   2 2   3 3
101 113 4   0 0   1 1   2 2   3 3
101 114 4   0 0   1 1   2 2   3 3
101 132 4   0 0   1 1   2 2   3 3
101 165 4   0 0   1 1   2 2   3 3
102 152 4   0 0   1 1   2 2   3 3
103 112 4   0 0   1 1   2 2   3 3
103 123 4   0 0   1 1   2 2   3 3
103 141 4   0 0   1 1   2 2   3 3
104 148 4   0 0   1 1   2 2   3 3
104 152 4   0 0   1 1   2 2   3 3
104 123 4   0 0   1 1   2 2   3 3
107 158 4   0 0   1 1   2 2   3 3
108 154 4   0 0   1 1   2 2   3 3
108 124 4   0 0   1 1   2 2   3 3
108 142 4   0 0   1 1   2 2   3 3
109 140 4   0 0   1 1   2 2   3 3
109 156 4   0 0   1 1   2 2   3 3
110 112 4   0 0   1 1   2 2   3 3
110 141 4   0 0   1 1   2 2   3 3
110 126 4   0 0   1 1   2 2   3 3
111 133 4   0 0   1 1   2 2   3 3
111 134 4   0 0   1 1   2 2   3 3
111 127 4   0 0   1 1   2 2   3 3
112 148 4   0 0   1 1   2 2   3 3
112 123 4   0 0   1 1   2 2   3 3
112 141 4   0 0   1 1   2 2   3 3
113 114 4   0 0   1 1   2 2   3 3
113 147 4   0 0   1 1   2 2   3 3
113 165 4   0 0   1 1   2 2   3 3
114 147 4   0 0   1 1   2 2   3 3
115 120 4   0 0   1 1   2 2   3 3
115 137 4   0 0   1 1   2 2   3 3
115 122 4   0 0   1 1   2 2   3 3
116 135 4   0 0   1 1   2 2   3 3
116 136 4   0 0   1 1   2 2   3 3
117 150 4   0 0   1 1   2 2   3 3
118 158 4   0 0   1 1   2 2   3 3
119 164 4   0 0   1 1   2 2   3 3
119 133 4   0 0   1 1   2 2   3 3
120 137 4   0 0   1 1   2 2   3 3
120 122 4   0 0   1 1   2 2   3 3
121 149 4   0 0   1 1   2 2   3 3
122 135 4   0 0   1 1   2 2   3 3
122 136 4   0 0   1 1   2 2   3 3
123 148 4   0 0   1 1   2 2   3 3
124 161 4   0 0   1 1   2 2   3 3
124 142 4   0 0   1 1   2 2   3 3
125 163 4   0 0   1 1   2 2   3 3
125 165 4   0 0   1 1   2 2   3 3
125 159 4   0 0   1 1   2 2   3 3
126 141 4   0 0   1 1   2 2   3 3
128 146 4   0 0   1 1   2 2   3 3
130 161 4   0 0   1 1   2 2   3 3
130 153 4   0 0   1 1   2 2   3 3
130 139 4   0 0   1 1   2 2   3 3
132 165 4   0 0   1 1   2 2   3 3
132 138 4   0 0   1 1   2 2   3 3
132 159 4   0 0   1 1   2 2   3 3
133 164 4   0 0   1 1   2 2   3 3
134 142 4   0 0   1 1   2 2   3 3
135 136 4   0 0   1 1   2 2   3 3
136 150 4   0 0   1 1   2 2   3 3
137 144 4   0 0   1 1   2 2   3 3
139 153 4   0 0   1 1   2 2   3 3
140 164 4   0 0   1 1   2 2   3 3
140 156 4   0 0   1 1   2 2   3 3
143 154 4   0 0   1 1   2 2   3 3
145 153 4   0 0   1 1   2 2   3 3
146 160 4   0 0   1 1   2 2   3 3
148 152 4   0 0   1 1   2 2   3 3
155 162 4   0 0   1 1   2 2   3 3
156 164 4   0 0   1 1   2 2   3 3
157 158 4   0 0   1 1   2 2   3 3
159 165 4   0 0   1 1   2 2   3 3
