193
1 4 0 1 2 3
2 4 0 1 2 3
3 4 0 1 2 3
4 4 0 1 2 3
5 4 0 1 2 3
6 4 0 1 2 3
7 4 0 1 2 3
8 4 0 1 2 3
9 4 0 1 2 3
10 4 0 1 2 3
11 4 0 1 2 3
12 4 0 1 2 3
13 4 0 1 2 3
14 4 0 1 2 3
15 4 0 1 2 3
16 4 0 1 2 3
17 4 0 1 2 3
18 4 0 1 2 3
19 4 0 1 2 3
20 4 0 1 2 3
21 4 0 1 2 3
22 4 0 1 2 3
23 4 0 1 2 3
24 4 0 1 2 3
25 4 0 1 2 3
26 4 0 1 2 3
27 4 0 1 2 3
28 4 0 1 2 3
29 4 0 1 2 3
30 4 0 1 2 3
31 4 0 1 2 3
32 4 0 1 2 3
33 4 0 1 2 3
34 4 0 1 2 3
35 4 0 1 2 3
36 4 0 1 2 3
37 4 0 1 2 3
38 4 0 1 2 3
39 4 0 1 2 3
40 4 0 1 2 3
41 4 0 1 2 3
42 4 0 1 2 3
43 4 0 1 2 3
44 4 0 1 2 3
45 4 0 1 2 3
46 4 0 1 2 3
47 4 0 1 2 3
48 4 0 1 2 3
49 4 0 1 2 3
50 4 0 1 2 3
51 4 0 1 2 3
52 4 0 1 2 3
53 4 0 1 2 3
54 4 0 1 2 3
55 4 0 1 2 3
56 4 0 1 2 3
57 4 0 1 2 3
58 4 0 1 2 3
59 4 0 1 2 3
60 4 0 1 2 3
61 4 0 1 2 3
62 4 0 1 2 3
63 4 0 1 2 3
64 4 0 1 2 3
65 4 0 1 2 3
66 4 0 1 2 3
67 4 0 1 2 3
68 4 0 1 2 3
69 4 0 1 2 3
70 4 0 1 2 3
71 4 0 1 2 3
72 4 0 1 2 3
73 4 0 1 2 3
74 4 0 1 2 3
75 4 0 1 2 3
76 4 0 1 2 3
77 4 0 1 2 3
78 4 0 1 2 3
79 4 0 1 2 3
80 4 0 1 2 3
81 4 0 1 2 3
82 4 0 1 2 3
83 4 0 1 2 3
84 4 0 1 2 3
85 4 0 1 2 3
86 4 0 1 2 3
87 4 0 1 2 3
88 4 0 1 2 3
89 4 0 1 2 3
90 4 0 1 2 3
91 4 0 1 2 3
92 4 0 1 2 3
93 4 0 1 2 3
94 4 0 1 2 3
95 4 0 1 2 3
96 4 0 1 2 3
97 4 0 1 2 3
98 4 0 1 2 3
99 4 0 1 2 3
100 4 0 1 2 3
101 4 0 1 2 3
102 4 0 1 2 3
103 4 0 1 2 3
104 4 0 1 2 3
105 4 0 1 2 3
106 4 0 1 2 3
107 4 0 1 2 3
108 4 0 1 2 3
109 4 0 1 2 3
110 4 0 1 2 3
111 4 0 1 2 3
112 4 0 1 2 3
113 4 0 1 2 3
114 4 0 1 2 3
115 4 0 1 2 3
116 4 0 1 2 3
117 4 0 1 2 3
118 4 0 1 2 3
119 4 0 1 2 3
120 4 0 1 2 3
121 4 0 1 2 3
122 4 0 1 2 3
123 4 0 1 2 3
124 4 0 1 2 3
125 4 0 1 2 3
126 4 0 1 2 3
127 4 0 1 2 3
128 4 0 1 2 3
129 4 0 1 2 3
130 4 0 1 2 3
131 4 0 1 2 3
132 4 0 1 2 3
133 4 0 1 2 3
134 4 0 1 2 3
135 4 0 1 2 3
136 4 0 1 2 3
137 4 0 1 2 3
138 4 0 1 2 3
139 4 0 1 2 3
140 4 0 1 2 3
141 4 0 1 2 3
142 4 0 1 2 3
143 4 0 1 2 3
144 4 0 1 2 3
145 4 0 1 2 3
146 4 0 1 2 3
147 4 0 1 2 3
148 4 0 1 2 3
149 4 0 1 2 3
150 4 0 1 2 3
151 4 0 1 2 3
152 4 0 1 2 3
153 4 0 1 2 3
154 4 0 1 2 3
155 4 0 1 2 3
156 4 0 1 2 3
157 4 0 1 2 3
158 4 0 1 2 3
159 4 0 1 2 3
160 4 0 1 2 3
161 4 0 1 2 3
162 4 0 1 2 3
163 4 0 1 2 3
164 4 0 1 2 3
165 4 0 1 2 3
166 4 0 1 2 3
167 4 0 1 2 3
168 4 0 1 2 3
169 4 0 1 2 3
170 4 0 1 2 3
171 4 0 1 2 3
172 4 0 1 2 3
173 4 0 1 2 3
174 4 0 1 2 3
175 4 0 1 2 3
176 4 0 1 2 3
177 4 0 1 2 3
178 4 0 1 2 3
179 4 0 1 2 3
180 4 0 1 2 3
181 4 0 1 2 3
182 4 0 1 2 3
183 4 0 1 2 3
184 4 0 1 2 3
185 4 0 1 2 3
186 4 0 1 2 3
187 4 0 1 2 3
188 4 0 1 2 3
189 4 0 1 2 3
190 4 0 1 2 3
191 4 0 1 2 3
192 4 0 1 2 3
193 4 0 1 2 3
528
1 33 4   0 0   1 1   2 2   3 3
1 101 4   0 0   1 1   2 2   3 3
1 22 4   0 0   1 1   2 2   3 3
1 38 4   0 0   1 1   2 2   3 3
1 188 4   0 0   1 1   2 2   3 3
2 81 4   0 0   1 1   2 2   3 3
2 62 4   0 0   1 1   2 2   3 3
2 126 4   0 0   1 1   2 2   3 3
3 66 4   0 0   1 1   2 2   3 3
3 37 4   0 0   1 1   2 2   3 3
3 182 4   0 0   1 1   2 2   3 3
3 167 4   0 0   1 1   2 2   3 3
3 15 4   0 0   1 1   2 2   3 3
4 84 4   0 0   1 1   2 2   3 3
4 153 4   0 0   1 1   2 2   3 3
4 155 4   0 0   1 1   2 2   3 3
4 28 4   0 0   1 1   2 2   3 3
4 143 4   0 0   1 1   2 2   3 3
5 35 4   0 0   1 1   2 2   3 3
5 165 4   0 0   1 1   2 2   3 3
5 153 4   0 0   1 1   2 2   3 3
5 42 4   0 0   1 1   2 2   3 3
5 155 4   0 0   1 1   2 2   3 3
6 65 4   0 0   1 1   2 2   3 3
6 146 4   0 0   1 1   2 2   3 3
6 121 4   0 0   1 1   2 2   3 3
6 27 4   0 0   1 1   2 2   3 3
7 114 4   0 0   1 1   2 2   3 3
7 182 4   0 0   1 1   2 2   3 3
7 45 4   0 0   1 1   2 2   3 3
7 29 4   0 0   1 1   2 2   3 3
7 14 4   0 0   1 1   2 2   3 3
7 15 4   0 0   1 1   2 2   3 3
8 116 4   0 0   1 1   2 2   3 3
8 86 4   0 0   1 1   2 2   3 3
8 60 4   0 0   1 1   2 2   3 3
8 191 4   0 0   1 1   2 2   3 3
9 52 4   0 0   1 1   2 2   3 3
9 73 4   0 0   1 1   2 2   3 3
9 91 4   0 0   1 1   2 2   3 3
10 176 4   0 0   1 1   2 2   3 3
10 35 4   0 0   1 1   2 2   3 3
10 21 4   0 0   1 1   2 2   3 3
10 183 4   0 0   1 1   2 2   3 3
10 187 4   0 0   1 1   2 2   3 3
11 180 4   0 0   1 1   2 2   3 3
11 74 4   0 0   1 1   2 2   3 3
11 59 4   0 0   1 1   2 2   3 3
12 151 4   0 0   1 1   2 2   3 3
12 72 4   0 0   1 1   2 2   3 3
12 88 4   0 0   1 1   2 2   3 3
12 141 4   0 0   1 1   2 2   3 3
12 46 4   0 0   1 1   2 2   3 3
12 127 4   0 0   1 1   2 2   3 3
13 86 4   0 0   1 1   2 2   3 3
13 89 4   0 0   1 1   2 2   3 3
13 75 4   0 0   1 1   2 2   3 3
13 191 4   0 0   1 1   2 2   3 3
14 114 4   0 0   1 1   2 2   3 3
14 147 4   0 0   1 1   2 2   3 3
14 40 4   0 0   1 1   2 2   3 3
14 45 4   0 0   1 1   2 2   3 3
15 66 4   0 0   1 1   2 2   3 3
15 182 4   0 0   1 1   2 2   3 3
15 29 4   0 0   1 1   2 2   3 3
16 162 4   0 0   1 1   2 2   3 3
16 163 4   0 0   1 1   2 2   3 3
16 54 4   0 0   1 1   2 2   3 3
16 140 4   0 0   1 1   2 2   3 3
16 28 4   0 0   1 1   2 2   3 3
17 18 4   0 0   1 1   2 2   3 3
17 136 4   0 0   1 1   2 2   3 3
17 41 4   0 0   1 1   2 2   3 3
17 139 4   0 0   1 1   2 2   3 3
18 34 4   0 0   1 1   2 2   3 3
18 136 4   0 0   1 1   2 2   3 3
18 24 4   0 0   1 1   2 2   3 3
18 139 4   0 0   1 1   2 2   3 3
19 20 4   0 0   1 1   2 2   3 3
19 150 4   0 0   1 1   2 2   3 3
19 71 4   0 0   1 1   2 2   3 3
19 105 4   0 0   1 1   2 2   3 3
19 137 4   0 0   1 1   2 2   3 3
19 93 4   0 0   1 1   2 2   3 3
20 150 4   0 0   1 1   2 2   3 3
20 168 4   0 0   1 1   2 2   3 3
20 125 4   0 0   1 1   2 2   3 3
20 93 4   0 0   1 1   2 2   3 3
21 176 4   0 0   1 1   2 2   3 3
21 161 4   0 0   1 1   2 2   3 3
22 83 4   0 0   1 1   2 2   3 3
22 38 4   0 0   1 1   2 2   3 3
22 188 4   0 0   1 1   2 2   3 3
22 31 4   0 0   1 1   2 2   3 3
23 100 4   0 0   1 1   2 2   3 3
23 132 4   0 0   1 1   2 2   3 3
23 134 4   0 0   1 1   2 2   3 3
23 169 4   0 0   1 1   2 2   3 3
23 26 4   0 0   1 1   2 2   3 3
23 78 4   0 0   1 1   2 2   3 3
23 47 4   0 0   1 1   2 2   3 3
24 34 4   0 0   1 1   2 2   3 3
24 136 4   0 0   1 1   2 2   3 3
24 27 4   0 0   1 1   2 2   3 3
24 172 4   0 0   1 1   2 2   3 3
25 97 4   0 0   1 1   2 2   3 3
25 147 4   0 0   1 1   2 2   3 3
25 51 4   0 0   1 1   2 2   3 3
25 173 4   0 0   1 1   2 2   3 3
25 61 4   0 0   1 1   2 2   3 3
26 65 4   0 0   1 1   2 2   3 3
26 134 4   0 0   1 1   2 2   3 3
26 42 4   0 0   1 1   2 2   3 3
26 47 4   0 0   1 1   2 2   3 3
27 65 4   0 0   1 1   2 2   3 3
27 146 4   0 0   1 1   2 2   3 3
27 136 4   0 0   1 1   2 2   3 3
27 172 4   0 0   1 1   2 2   3 3
28 84 4   0 0   1 1   2 2   3 3
28 54 4   0 0   1 1   2 2   3 3
28 153 4   0 0   1 1   2 2   3 3
28 140 4   0 0   1 1   2 2   3 3
28 92 4   0 0   1 1   2 2   3 3
29 114 4   0 0   1 1   2 2   3 3
29 66 4   0 0   1 1   2 2   3 3
29 36 4   0 0   1 1   2 2   3 3
29 56 4   0 0   1 1   2 2   3 3
30 82 4   0 0   1 1   2 2   3 3
30 184 4   0 0   1 1   2 2   3 3
30 124 4   0 0   1 1   2 2   3 3
30 190 4   0 0   1 1   2 2   3 3
30 63 4   0 0   1 1   2 2   3 3
31 83 4   0 0   1 1   2 2   3 3
31 37 4   0 0   1 1   2 2   3 3
31 167 4   0 0   1 1   2 2   3 3
31 184 4   0 0   1 1   2 2   3 3
31 188 4   0 0   1 1   2 2   3 3
32 129 4   0 0   1 1   2 2   3 3
32 133 4   0 0   1 1   2 2   3 3
32 55 4   0 0   1 1   2 2   3 3
32 169 4   0 0   1 1   2 2   3 3
32 41 4   0 0   1 1   2 2   3 3
32 94 4   0 0   1 1   2 2   3 3
32 175 4   0 0   1 1   2 2   3 3
33 101 4   0 0   1 1   2 2   3 3
33 39 4   0 0   1 1   2 2   3 3
33 188 4   0 0   1 1   2 2   3 3
33 63 4   0 0   1 1   2 2   3 3
34 139 4   0 0   1 1   2 2   3 3
34 172 4   0 0   1 1   2 2   3 3
34 175 4   0 0   1 1   2 2   3 3
35 183 4   0 0   1 1   2 2   3 3
35 42 4   0 0   1 1   2 2   3 3
35 155 4   0 0   1 1   2 2   3 3
35 187 4   0 0   1 1   2 2   3 3
36 66 4   0 0   1 1   2 2   3 3
36 102 4   0 0   1 1   2 2   3 3
36 56 4   0 0   1 1   2 2   3 3
36 57 4   0 0   1 1   2 2   3 3
36 106 4   0 0   1 1   2 2   3 3
37 83 4   0 0   1 1   2 2   3 3
37 182 4   0 0   1 1   2 2   3 3
37 167 4   0 0   1 1   2 2   3 3
38 53 4   0 0   1 1   2 2   3 3
38 101 4   0 0   1 1   2 2   3 3
39 76 4   0 0   1 1   2 2   3 3
39 60 4   0 0   1 1   2 2   3 3
39 63 4   0 0   1 1   2 2   3 3
40 114 4   0 0   1 1   2 2   3 3
40 147 4   0 0   1 1   2 2   3 3
40 51 4   0 0   1 1   2 2   3 3
40 131 4   0 0   1 1   2 2   3 3
40 56 4   0 0   1 1   2 2   3 3
41 136 4   0 0   1 1   2 2   3 3
41 169 4   0 0   1 1   2 2   3 3
41 139 4   0 0   1 1   2 2   3 3
41 175 4   0 0   1 1   2 2   3 3
41 47 4   0 0   1 1   2 2   3 3
42 49 4   0 0   1 1   2 2   3 3
42 65 4   0 0   1 1   2 2   3 3
42 165 4   0 0   1 1   2 2   3 3
42 134 4   0 0   1 1   2 2   3 3
42 187 4   0 0   1 1   2 2   3 3
43 117 4   0 0   1 1   2 2   3 3
43 45 4   0 0   1 1   2 2   3 3
43 173 4   0 0   1 1   2 2   3 3
43 61 4   0 0   1 1   2 2   3 3
44 149 4   0 0   1 1   2 2   3 3
44 69 4   0 0   1 1   2 2   3 3
44 150 4   0 0   1 1   2 2   3 3
44 118 4   0 0   1 1   2 2   3 3
44 122 4   0 0   1 1   2 2   3 3
44 125 4   0 0   1 1   2 2   3 3
44 77 4   0 0   1 1   2 2   3 3
44 110 4   0 0   1 1   2 2   3 3
45 147 4   0 0   1 1   2 2   3 3
45 117 4   0 0   1 1   2 2   3 3
45 173 4   0 0   1 1   2 2   3 3
46 192 4   0 0   1 1   2 2   3 3
46 115 4   0 0   1 1   2 2   3 3
46 164 4   0 0   1 1   2 2   3 3
46 84 4   0 0   1 1   2 2   3 3
46 72 4   0 0   1 1   2 2   3 3
47 65 4   0 0   1 1   2 2   3 3
47 136 4   0 0   1 1   2 2   3 3
47 169 4   0 0   1 1   2 2   3 3
48 115 4   0 0   1 1   2 2   3 3
48 163 4   0 0   1 1   2 2   3 3
48 84 4   0 0   1 1   2 2   3 3
48 54 4   0 0   1 1   2 2   3 3
48 79 4   0 0   1 1   2 2   3 3
49 65 4   0 0   1 1   2 2   3 3
49 87 4   0 0   1 1   2 2   3 3
49 121 4   0 0   1 1   2 2   3 3
49 187 4   0 0   1 1   2 2   3 3
50 163 4   0 0   1 1   2 2   3 3
50 148 4   0 0   1 1   2 2   3 3
50 69 4   0 0   1 1   2 2   3 3
50 118 4   0 0   1 1   2 2   3 3
50 107 4   0 0   1 1   2 2   3 3
50 77 4   0 0   1 1   2 2   3 3
50 79 4   0 0   1 1   2 2   3 3
51 97 4   0 0   1 1   2 2   3 3
51 113 4   0 0   1 1   2 2   3 3
51 147 4   0 0   1 1   2 2   3 3
51 131 4   0 0   1 1   2 2   3 3
52 68 4   0 0   1 1   2 2   3 3
52 85 4   0 0   1 1   2 2   3 3
52 152 4   0 0   1 1   2 2   3 3
52 142 4   0 0   1 1   2 2   3 3
53 101 4   0 0   1 1   2 2   3 3
54 163 4   0 0   1 1   2 2   3 3
54 84 4   0 0   1 1   2 2   3 3
55 64 4   0 0   1 1   2 2   3 3
55 129 4   0 0   1 1   2 2   3 3
55 169 4   0 0   1 1   2 2   3 3
55 78 4   0 0   1 1   2 2   3 3
56 113 4   0 0   1 1   2 2   3 3
56 114 4   0 0   1 1   2 2   3 3
56 131 4   0 0   1 1   2 2   3 3
56 70 4   0 0   1 1   2 2   3 3
56 106 4   0 0   1 1   2 2   3 3
56 109 4   0 0   1 1   2 2   3 3
56 77 4   0 0   1 1   2 2   3 3
57 148 4   0 0   1 1   2 2   3 3
57 181 4   0 0   1 1   2 2   3 3
57 102 4   0 0   1 1   2 2   3 3
57 106 4   0 0   1 1   2 2   3 3
57 77 4   0 0   1 1   2 2   3 3
57 174 4   0 0   1 1   2 2   3 3
58 119 4   0 0   1 1   2 2   3 3
58 151 4   0 0   1 1   2 2   3 3
58 89 4   0 0   1 1   2 2   3 3
58 75 4   0 0   1 1   2 2   3 3
58 189 4   0 0   1 1   2 2   3 3
59 115 4   0 0   1 1   2 2   3 3
59 148 4   0 0   1 1   2 2   3 3
59 180 4   0 0   1 1   2 2   3 3
59 135 4   0 0   1 1   2 2   3 3
59 186 4   0 0   1 1   2 2   3 3
59 74 4   0 0   1 1   2 2   3 3
59 123 4   0 0   1 1   2 2   3 3
59 79 4   0 0   1 1   2 2   3 3
60 116 4   0 0   1 1   2 2   3 3
60 86 4   0 0   1 1   2 2   3 3
60 76 4   0 0   1 1   2 2   3 3
61 97 4   0 0   1 1   2 2   3 3
61 130 4   0 0   1 1   2 2   3 3
61 117 4   0 0   1 1   2 2   3 3
61 173 4   0 0   1 1   2 2   3 3
62 81 4   0 0   1 1   2 2   3 3
62 111 4   0 0   1 1   2 2   3 3
63 184 4   0 0   1 1   2 2   3 3
63 188 4   0 0   1 1   2 2   3 3
63 76 4   0 0   1 1   2 2   3 3
63 190 4   0 0   1 1   2 2   3 3
64 129 4   0 0   1 1   2 2   3 3
64 179 4   0 0   1 1   2 2   3 3
64 120 4   0 0   1 1   2 2   3 3
64 78 4   0 0   1 1   2 2   3 3
65 136 4   0 0   1 1   2 2   3 3
65 121 4   0 0   1 1   2 2   3 3
66 102 4   0 0   1 1   2 2   3 3
66 167 4   0 0   1 1   2 2   3 3
67 97 4   0 0   1 1   2 2   3 3
67 130 4   0 0   1 1   2 2   3 3
67 105 4   0 0   1 1   2 2   3 3
67 122 4   0 0   1 1   2 2   3 3
67 109 4   0 0   1 1   2 2   3 3
68 193 4   0 0   1 1   2 2   3 3
68 91 4   0 0   1 1   2 2   3 3
68 141 4   0 0   1 1   2 2   3 3
68 157 4   0 0   1 1   2 2   3 3
68 142 4   0 0   1 1   2 2   3 3
68 159 4   0 0   1 1   2 2   3 3
69 80 4   0 0   1 1   2 2   3 3
69 162 4   0 0   1 1   2 2   3 3
69 163 4   0 0   1 1   2 2   3 3
69 149 4   0 0   1 1   2 2   3 3
69 118 4   0 0   1 1   2 2   3 3
69 103 4   0 0   1 1   2 2   3 3
70 122 4   0 0   1 1   2 2   3 3
70 109 4   0 0   1 1   2 2   3 3
70 77 4   0 0   1 1   2 2   3 3
71 130 4   0 0   1 1   2 2   3 3
71 178 4   0 0   1 1   2 2   3 3
71 105 4   0 0   1 1   2 2   3 3
71 137 4   0 0   1 1   2 2   3 3
71 156 4   0 0   1 1   2 2   3 3
72 115 4   0 0   1 1   2 2   3 3
72 151 4   0 0   1 1   2 2   3 3
72 74 4   0 0   1 1   2 2   3 3
72 189 4   0 0   1 1   2 2   3 3
73 91 4   0 0   1 1   2 2   3 3
74 115 4   0 0   1 1   2 2   3 3
74 180 4   0 0   1 1   2 2   3 3
74 189 4   0 0   1 1   2 2   3 3
75 104 4   0 0   1 1   2 2   3 3
75 89 4   0 0   1 1   2 2   3 3
75 189 4   0 0   1 1   2 2   3 3
75 191 4   0 0   1 1   2 2   3 3
76 116 4   0 0   1 1   2 2   3 3
76 190 4   0 0   1 1   2 2   3 3
77 148 4   0 0   1 1   2 2   3 3
77 118 4   0 0   1 1   2 2   3 3
77 106 4   0 0   1 1   2 2   3 3
77 122 4   0 0   1 1   2 2   3 3
78 179 4   0 0   1 1   2 2   3 3
78 132 4   0 0   1 1   2 2   3 3
78 169 4   0 0   1 1   2 2   3 3
78 171 4   0 0   1 1   2 2   3 3
78 110 4   0 0   1 1   2 2   3 3
79 115 4   0 0   1 1   2 2   3 3
79 163 4   0 0   1 1   2 2   3 3
79 186 4   0 0   1 1   2 2   3 3
79 107 4   0 0   1 1   2 2   3 3
80 149 4   0 0   1 1   2 2   3 3
80 103 4   0 0   1 1   2 2   3 3
80 171 4   0 0   1 1   2 2   3 3
80 158 4   0 0   1 1   2 2   3 3
81 137 4   0 0   1 1   2 2   3 3
81 138 4   0 0   1 1   2 2   3 3
81 156 4   0 0   1 1   2 2   3 3
81 126 4   0 0   1 1   2 2   3 3
81 111 4   0 0   1 1   2 2   3 3
82 98 4   0 0   1 1   2 2   3 3
82 102 4   0 0   1 1   2 2   3 3
82 184 4   0 0   1 1   2 2   3 3
82 108 4   0 0   1 1   2 2   3 3
83 182 4   0 0   1 1   2 2   3 3
84 192 4   0 0   1 1   2 2   3 3
84 115 4   0 0   1 1   2 2   3 3
84 166 4   0 0   1 1   2 2   3 3
84 143 4   0 0   1 1   2 2   3 3
85 161 4   0 0   1 1   2 2   3 3
85 152 4   0 0   1 1   2 2   3 3
86 89 4   0 0   1 1   2 2   3 3
86 191 4   0 0   1 1   2 2   3 3
87 187 4   0 0   1 1   2 2   3 3
88 112 4   0 0   1 1   2 2   3 3
88 193 4   0 0   1 1   2 2   3 3
88 185 4   0 0   1 1   2 2   3 3
88 141 4   0 0   1 1   2 2   3 3
88 127 4   0 0   1 1   2 2   3 3
89 119 4   0 0   1 1   2 2   3 3
89 170 4   0 0   1 1   2 2   3 3
90 180 4   0 0   1 1   2 2   3 3
90 104 4   0 0   1 1   2 2   3 3
90 123 4   0 0   1 1   2 2   3 3
90 191 4   0 0   1 1   2 2   3 3
91 193 4   0 0   1 1   2 2   3 3
91 95 4   0 0   1 1   2 2   3 3
92 162 4   0 0   1 1   2 2   3 3
92 99 4   0 0   1 1   2 2   3 3
92 165 4   0 0   1 1   2 2   3 3
92 153 4   0 0   1 1   2 2   3 3
92 140 4   0 0   1 1   2 2   3 3
92 158 4   0 0   1 1   2 2   3 3
93 96 4   0 0   1 1   2 2   3 3
93 168 4   0 0   1 1   2 2   3 3
93 137 4   0 0   1 1   2 2   3 3
93 126 4   0 0   1 1   2 2   3 3
94 133 4   0 0   1 1   2 2   3 3
94 175 4   0 0   1 1   2 2   3 3
95 193 4   0 0   1 1   2 2   3 3
95 185 4   0 0   1 1   2 2   3 3
96 144 4   0 0   1 1   2 2   3 3
96 179 4   0 0   1 1   2 2   3 3
96 168 4   0 0   1 1   2 2   3 3
96 120 4   0 0   1 1   2 2   3 3
96 126 4   0 0   1 1   2 2   3 3
97 113 4   0 0   1 1   2 2   3 3
97 130 4   0 0   1 1   2 2   3 3
97 109 4   0 0   1 1   2 2   3 3
98 181 4   0 0   1 1   2 2   3 3
98 102 4   0 0   1 1   2 2   3 3
98 135 4   0 0   1 1   2 2   3 3
98 124 4   0 0   1 1   2 2   3 3
99 100 4   0 0   1 1   2 2   3 3
99 165 4   0 0   1 1   2 2   3 3
99 134 4   0 0   1 1   2 2   3 3
99 158 4   0 0   1 1   2 2   3 3
100 177 4   0 0   1 1   2 2   3 3
100 132 4   0 0   1 1   2 2   3 3
100 134 4   0 0   1 1   2 2   3 3
100 158 4   0 0   1 1   2 2   3 3
102 181 4   0 0   1 1   2 2   3 3
102 167 4   0 0   1 1   2 2   3 3
102 108 4   0 0   1 1   2 2   3 3
103 162 4   0 0   1 1   2 2   3 3
103 158 4   0 0   1 1   2 2   3 3
104 180 4   0 0   1 1   2 2   3 3
104 189 4   0 0   1 1   2 2   3 3
104 191 4   0 0   1 1   2 2   3 3
105 130 4   0 0   1 1   2 2   3 3
105 150 4   0 0   1 1   2 2   3 3
105 122 4   0 0   1 1   2 2   3 3
107 148 4   0 0   1 1   2 2   3 3
107 186 4   0 0   1 1   2 2   3 3
108 167 4   0 0   1 1   2 2   3 3
108 184 4   0 0   1 1   2 2   3 3
109 113 4   0 0   1 1   2 2   3 3
109 122 4   0 0   1 1   2 2   3 3
110 179 4   0 0   1 1   2 2   3 3
110 149 4   0 0   1 1   2 2   3 3
110 168 4   0 0   1 1   2 2   3 3
110 171 4   0 0   1 1   2 2   3 3
110 125 4   0 0   1 1   2 2   3 3
111 128 4   0 0   1 1   2 2   3 3
111 138 4   0 0   1 1   2 2   3 3
112 185 4   0 0   1 1   2 2   3 3
112 127 4   0 0   1 1   2 2   3 3
113 131 4   0 0   1 1   2 2   3 3
116 123 4   0 0   1 1   2 2   3 3
116 124 4   0 0   1 1   2 2   3 3
116 190 4   0 0   1 1   2 2   3 3
116 191 4   0 0   1 1   2 2   3 3
117 160 4   0 0   1 1   2 2   3 3
117 178 4   0 0   1 1   2 2   3 3
117 130 4   0 0   1 1   2 2   3 3
119 151 4   0 0   1 1   2 2   3 3
119 170 4   0 0   1 1   2 2   3 3
119 127 4   0 0   1 1   2 2   3 3
120 144 4   0 0   1 1   2 2   3 3
120 129 4   0 0   1 1   2 2   3 3
120 179 4   0 0   1 1   2 2   3 3
120 154 4   0 0   1 1   2 2   3 3
121 146 4   0 0   1 1   2 2   3 3
122 150 4   0 0   1 1   2 2   3 3
123 180 4   0 0   1 1   2 2   3 3
123 135 4   0 0   1 1   2 2   3 3
123 191 4   0 0   1 1   2 2   3 3
124 135 4   0 0   1 1   2 2   3 3
124 190 4   0 0   1 1   2 2   3 3
125 150 4   0 0   1 1   2 2   3 3
125 168 4   0 0   1 1   2 2   3 3
126 144 4   0 0   1 1   2 2   3 3
126 137 4   0 0   1 1   2 2   3 3
126 154 4   0 0   1 1   2 2   3 3
127 151 4   0 0   1 1   2 2   3 3
127 170 4   0 0   1 1   2 2   3 3
128 160 4   0 0   1 1   2 2   3 3
128 178 4   0 0   1 1   2 2   3 3
128 138 4   0 0   1 1   2 2   3 3
129 133 4   0 0   1 1   2 2   3 3
129 154 4   0 0   1 1   2 2   3 3
130 178 4   0 0   1 1   2 2   3 3
132 177 4   0 0   1 1   2 2   3 3
132 171 4   0 0   1 1   2 2   3 3
133 154 4   0 0   1 1   2 2   3 3
134 165 4   0 0   1 1   2 2   3 3
135 148 4   0 0   1 1   2 2   3 3
135 181 4   0 0   1 1   2 2   3 3
137 156 4   0 0   1 1   2 2   3 3
138 178 4   0 0   1 1   2 2   3 3
138 156 4   0 0   1 1   2 2   3 3
139 175 4   0 0   1 1   2 2   3 3
140 162 4   0 0   1 1   2 2   3 3
141 193 4   0 0   1 1   2 2   3 3
141 164 4   0 0   1 1   2 2   3 3
141 159 4   0 0   1 1   2 2   3 3
142 152 4   0 0   1 1   2 2   3 3
142 157 4   0 0   1 1   2 2   3 3
143 145 4   0 0   1 1   2 2   3 3
143 166 4   0 0   1 1   2 2   3 3
143 152 4   0 0   1 1   2 2   3 3
143 155 4   0 0   1 1   2 2   3 3
144 154 4   0 0   1 1   2 2   3 3
145 176 4   0 0   1 1   2 2   3 3
145 161 4   0 0   1 1   2 2   3 3
145 152 4   0 0   1 1   2 2   3 3
145 155 4   0 0   1 1   2 2   3 3
146 172 4   0 0   1 1   2 2   3 3
147 173 4   0 0   1 1   2 2   3 3
148 181 4   0 0   1 1   2 2   3 3
148 186 4   0 0   1 1   2 2   3 3
148 174 4   0 0   1 1   2 2   3 3
149 171 4   0 0   1 1   2 2   3 3
151 189 4   0 0   1 1   2 2   3 3
152 161 4   0 0   1 1   2 2   3 3
152 166 4   0 0   1 1   2 2   3 3
152 157 4   0 0   1 1   2 2   3 3
153 165 4   0 0   1 1   2 2   3 3
153 155 4   0 0   1 1   2 2   3 3
155 176 4   0 0   1 1   2 2   3 3
155 183 4   0 0   1 1   2 2   3 3
156 178 4   0 0   1 1   2 2   3 3
157 192 4   0 0   1 1   2 2   3 3
157 164 4   0 0   1 1   2 2   3 3
157 166 4   0 0   1 1   2 2   3 3
157 159 4   0 0   1 1   2 2   3 3
158 177 4   0 0   1 1   2 2   3 3
158 162 4   0 0   1 1   2 2   3 3
158 171 4   0 0   1 1   2 2   3 3
159 164 4   0 0   1 1   2 2   3 3
160 178 4   0 0   1 1   2 2   3 3
161 176 4   0 0   1 1   2 2   3 3
162 163 4   0 0   1 1   2 2   3 3
164 192 4   0 0   1 1   2 2   3 3
166 192 4   0 0   1 1   2 2   3 3
167 184 4   0 0   1 1   2 2   3 3
168 179 4   0 0   1 1   2 2   3 3
171 177 4   0 0   1 1   2 2   3 3
174 181 4   0 0   1 1   2 2   3 3
176 183 4   0 0   1 1   2 2   3 3
180 189 4   0 0   1 1   2 2   3 3
184 188 4   0 0   1 1   2 2   3 3
185 193 4   0 0   1 1   2 2   3 3
