105
1 4 0 1 2 3
2 4 0 1 2 3
3 4 0 1 2 3
4 4 0 1 2 3
5 4 0 1 2 3
6 4 0 1 2 3
7 4 0 1 2 3
8 4 0 1 2 3
9 4 0 1 2 3
10 4 0 1 2 3
11 4 0 1 2 3
12 4 0 1 2 3
13 4 0 1 2 3
14 4 0 1 2 3
15 4 0 1 2 3
16 4 0 1 2 3
17 4 0 1 2 3
18 4 0 1 2 3
19 4 0 1 2 3
20 4 0 1 2 3
21 4 0 1 2 3
22 4 0 1 2 3
23 4 0 1 2 3
24 4 0 1 2 3
25 4 0 1 2 3
26 4 0 1 2 3
27 4 0 1 2 3
28 4 0 1 2 3
29 4 0 1 2 3
30 4 0 1 2 3
31 4 0 1 2 3
32 4 0 1 2 3
33 4 0 1 2 3
34 4 0 1 2 3
35 4 0 1 2 3
36 4 0 1 2 3
37 4 0 1 2 3
38 4 0 1 2 3
39 4 0 1 2 3
40 4 0 1 2 3
41 4 0 1 2 3
42 4 0 1 2 3
43 4 0 1 2 3
44 4 0 1 2 3
45 4 0 1 2 3
46 4 0 1 2 3
47 4 0 1 2 3
48 4 0 1 2 3
49 4 0 1 2 3
50 4 0 1 2 3
51 4 0 1 2 3
52 4 0 1 2 3
53 4 0 1 2 3
54 4 0 1 2 3
55 4 0 1 2 3
56 4 0 1 2 3
57 4 0 1 2 3
58 4 0 1 2 3
59 4 0 1 2 3
60 4 0 1 2 3
61 4 0 1 2 3
62 4 0 1 2 3
63 4 0 1 2 3
64 4 0 1 2 3
65 4 0 1 2 3
66 4 0 1 2 3
67 4 0 1 2 3
68 4 0 1 2 3
69 4 0 1 2 3
70 4 0 1 2 3
71 4 0 1 2 3
72 4 0 1 2 3
73 4 0 1 2 3
74 4 0 1 2 3
75 4 0 1 2 3
76 4 0 1 2 3
77 4 0 1 2 3
78 4 0 1 2 3
79 4 0 1 2 3
80 4 0 1 2 3
81 4 0 1 2 3
82 4 0 1 2 3
83 4 0 1 2 3
84 4 0 1 2 3
85 4 0 1 2 3
86 4 0 1 2 3
87 4 0 1 2 3
88 4 0 1 2 3
89 4 0 1 2 3
90 4 0 1 2 3
91 4 0 1 2 3
92 4 0 1 2 3
93 4 0 1 2 3
94 4 0 1 2 3
95 4 0 1 2 3
96 4 0 1 2 3
97 4 0 1 2 3
98 4 0 1 2 3
99 4 0 1 2 3
100 4 0 1 2 3
101 4 0 1 2 3
102 4 0 1 2 3
103 4 0 1 2 3
104 4 0 1 2 3
105 4 0 1 2 3
278
1 83 4   0 0   1 1   2 2   3 3
1 39 4   0 0   1 1   2 2   3 3
1 105 4   0 0   1 1   2 2   3 3
1 43 4   0 0   1 1   2 2   3 3
1 75 4   0 0   1 1   2 2   3 3
1 92 4   0 0   1 1   2 2   3 3
2 100 4   0 0   1 1   2 2   3 3
2 4 4   0 0   1 1   2 2   3 3
2 27 4   0 0   1 1   2 2   3 3
2 14 4   0 0   1 1   2 2   3 3
2 46 4   0 0   1 1   2 2   3 3
3 5 4   0 0   1 1   2 2   3 3
3 38 4   0 0   1 1   2 2   3 3
4 27 4   0 0   1 1   2 2   3 3
4 60 4   0 0   1 1   2 2   3 3
4 14 4   0 0   1 1   2 2   3 3
5 48 4   0 0   1 1   2 2   3 3
5 21 4   0 0   1 1   2 2   3 3
5 38 4   0 0   1 1   2 2   3 3
5 10 4   0 0   1 1   2 2   3 3
6 65 4   0 0   1 1   2 2   3 3
6 69 4   0 0   1 1   2 2   3 3
6 9 4   0 0   1 1   2 2   3 3
6 62 4   0 0   1 1   2 2   3 3
7 98 4   0 0   1 1   2 2   3 3
7 51 4   0 0   1 1   2 2   3 3
7 52 4   0 0   1 1   2 2   3 3
7 102 4   0 0   1 1   2 2   3 3
7 72 4   0 0   1 1   2 2   3 3
7 29 4   0 0   1 1   2 2   3 3
8 32 4   0 0   1 1   2 2   3 3
8 66 4   0 0   1 1   2 2   3 3
8 85 4   0 0   1 1   2 2   3 3
8 70 4   0 0   1 1   2 2   3 3
8 26 4   0 0   1 1   2 2   3 3
8 15 4   0 0   1 1   2 2   3 3
9 59 4   0 0   1 1   2 2   3 3
9 93 4   0 0   1 1   2 2   3 3
9 62 4   0 0   1 1   2 2   3 3
9 95 4   0 0   1 1   2 2   3 3
10 48 4   0 0   1 1   2 2   3 3
10 98 4   0 0   1 1   2 2   3 3
10 72 4   0 0   1 1   2 2   3 3
11 32 4   0 0   1 1   2 2   3 3
11 81 4   0 0   1 1   2 2   3 3
11 17 4   0 0   1 1   2 2   3 3
11 23 4   0 0   1 1   2 2   3 3
11 79 4   0 0   1 1   2 2   3 3
12 80 4   0 0   1 1   2 2   3 3
12 35 4   0 0   1 1   2 2   3 3
12 87 4   0 0   1 1   2 2   3 3
12 30 4   0 0   1 1   2 2   3 3
13 68 4   0 0   1 1   2 2   3 3
13 75 4   0 0   1 1   2 2   3 3
13 92 4   0 0   1 1   2 2   3 3
13 76 4   0 0   1 1   2 2   3 3
14 52 4   0 0   1 1   2 2   3 3
14 100 4   0 0   1 1   2 2   3 3
14 36 4   0 0   1 1   2 2   3 3
14 86 4   0 0   1 1   2 2   3 3
14 39 4   0 0   1 1   2 2   3 3
14 28 4   0 0   1 1   2 2   3 3
14 60 4   0 0   1 1   2 2   3 3
15 32 4   0 0   1 1   2 2   3 3
15 66 4   0 0   1 1   2 2   3 3
15 50 4   0 0   1 1   2 2   3 3
16 84 4   0 0   1 1   2 2   3 3
16 103 4   0 0   1 1   2 2   3 3
16 40 4   0 0   1 1   2 2   3 3
17 32 4   0 0   1 1   2 2   3 3
17 64 4   0 0   1 1   2 2   3 3
17 50 4   0 0   1 1   2 2   3 3
17 101 4   0 0   1 1   2 2   3 3
17 79 4   0 0   1 1   2 2   3 3
18 80 4   0 0   1 1   2 2   3 3
18 97 4   0 0   1 1   2 2   3 3
18 82 4   0 0   1 1   2 2   3 3
18 89 4   0 0   1 1   2 2   3 3
18 74 4   0 0   1 1   2 2   3 3
19 82 4   0 0   1 1   2 2   3 3
19 67 4   0 0   1 1   2 2   3 3
19 104 4   0 0   1 1   2 2   3 3
19 56 4   0 0   1 1   2 2   3 3
19 26 4   0 0   1 1   2 2   3 3
19 91 4   0 0   1 1   2 2   3 3
19 44 4   0 0   1 1   2 2   3 3
20 54 4   0 0   1 1   2 2   3 3
20 24 4   0 0   1 1   2 2   3 3
20 104 4   0 0   1 1   2 2   3 3
20 94 4   0 0   1 1   2 2   3 3
20 78 4   0 0   1 1   2 2   3 3
21 48 4   0 0   1 1   2 2   3 3
21 38 4   0 0   1 1   2 2   3 3
21 72 4   0 0   1 1   2 2   3 3
21 24 4   0 0   1 1   2 2   3 3
21 28 4   0 0   1 1   2 2   3 3
21 29 4   0 0   1 1   2 2   3 3
21 94 4   0 0   1 1   2 2   3 3
22 90 4   0 0   1 1   2 2   3 3
23 81 4   0 0   1 1   2 2   3 3
23 34 4   0 0   1 1   2 2   3 3
23 79 4   0 0   1 1   2 2   3 3
24 28 4   0 0   1 1   2 2   3 3
24 94 4   0 0   1 1   2 2   3 3
24 78 4   0 0   1 1   2 2   3 3
25 98 4   0 0   1 1   2 2   3 3
25 102 4   0 0   1 1   2 2   3 3
25 43 4   0 0   1 1   2 2   3 3
26 66 4   0 0   1 1   2 2   3 3
26 70 4   0 0   1 1   2 2   3 3
26 56 4   0 0   1 1   2 2   3 3
26 91 4   0 0   1 1   2 2   3 3
26 77 4   0 0   1 1   2 2   3 3
26 61 4   0 0   1 1   2 2   3 3
27 60 4   0 0   1 1   2 2   3 3
27 46 4   0 0   1 1   2 2   3 3
28 36 4   0 0   1 1   2 2   3 3
28 86 4   0 0   1 1   2 2   3 3
28 29 4   0 0   1 1   2 2   3 3
28 78 4   0 0   1 1   2 2   3 3
29 52 4   0 0   1 1   2 2   3 3
29 86 4   0 0   1 1   2 2   3 3
29 72 4   0 0   1 1   2 2   3 3
30 96 4   0 0   1 1   2 2   3 3
30 87 4   0 0   1 1   2 2   3 3
30 90 4   0 0   1 1   2 2   3 3
31 97 4   0 0   1 1   2 2   3 3
31 38 4   0 0   1 1   2 2   3 3
31 54 4   0 0   1 1   2 2   3 3
31 104 4   0 0   1 1   2 2   3 3
31 74 4   0 0   1 1   2 2   3 3
31 94 4   0 0   1 1   2 2   3 3
32 81 4   0 0   1 1   2 2   3 3
32 50 4   0 0   1 1   2 2   3 3
32 85 4   0 0   1 1   2 2   3 3
33 35 4   0 0   1 1   2 2   3 3
33 38 4   0 0   1 1   2 2   3 3
33 74 4   0 0   1 1   2 2   3 3
34 81 4   0 0   1 1   2 2   3 3
34 85 4   0 0   1 1   2 2   3 3
34 73 4   0 0   1 1   2 2   3 3
35 80 4   0 0   1 1   2 2   3 3
35 74 4   0 0   1 1   2 2   3 3
36 67 4   0 0   1 1   2 2   3 3
36 44 4   0 0   1 1   2 2   3 3
36 60 4   0 0   1 1   2 2   3 3
36 78 4   0 0   1 1   2 2   3 3
37 67 4   0 0   1 1   2 2   3 3
37 100 4   0 0   1 1   2 2   3 3
37 55 4   0 0   1 1   2 2   3 3
37 57 4   0 0   1 1   2 2   3 3
37 59 4   0 0   1 1   2 2   3 3
37 93 4   0 0   1 1   2 2   3 3
37 46 4   0 0   1 1   2 2   3 3
38 74 4   0 0   1 1   2 2   3 3
38 94 4   0 0   1 1   2 2   3 3
39 83 4   0 0   1 1   2 2   3 3
39 52 4   0 0   1 1   2 2   3 3
39 100 4   0 0   1 1   2 2   3 3
39 42 4   0 0   1 1   2 2   3 3
39 75 4   0 0   1 1   2 2   3 3
40 49 4   0 0   1 1   2 2   3 3
40 84 4   0 0   1 1   2 2   3 3
40 103 4   0 0   1 1   2 2   3 3
40 90 4   0 0   1 1   2 2   3 3
41 66 4   0 0   1 1   2 2   3 3
41 71 4   0 0   1 1   2 2   3 3
41 57 4   0 0   1 1   2 2   3 3
41 61 4   0 0   1 1   2 2   3 3
41 45 4   0 0   1 1   2 2   3 3
42 100 4   0 0   1 1   2 2   3 3
42 75 4   0 0   1 1   2 2   3 3
42 76 4   0 0   1 1   2 2   3 3
43 51 4   0 0   1 1   2 2   3 3
43 83 4   0 0   1 1   2 2   3 3
43 102 4   0 0   1 1   2 2   3 3
43 105 4   0 0   1 1   2 2   3 3
44 67 4   0 0   1 1   2 2   3 3
44 104 4   0 0   1 1   2 2   3 3
44 78 4   0 0   1 1   2 2   3 3
45 66 4   0 0   1 1   2 2   3 3
45 50 4   0 0   1 1   2 2   3 3
45 101 4   0 0   1 1   2 2   3 3
45 71 4   0 0   1 1   2 2   3 3
46 67 4   0 0   1 1   2 2   3 3
46 100 4   0 0   1 1   2 2   3 3
46 60 4   0 0   1 1   2 2   3 3
47 80 4   0 0   1 1   2 2   3 3
47 96 4   0 0   1 1   2 2   3 3
47 82 4   0 0   1 1   2 2   3 3
47 84 4   0 0   1 1   2 2   3 3
47 87 4   0 0   1 1   2 2   3 3
47 89 4   0 0   1 1   2 2   3 3
48 72 4   0 0   1 1   2 2   3 3
49 99 4   0 0   1 1   2 2   3 3
49 53 4   0 0   1 1   2 2   3 3
49 103 4   0 0   1 1   2 2   3 3
49 56 4   0 0   1 1   2 2   3 3
50 66 4   0 0   1 1   2 2   3 3
50 101 4   0 0   1 1   2 2   3 3
51 83 4   0 0   1 1   2 2   3 3
51 52 4   0 0   1 1   2 2   3 3
51 102 4   0 0   1 1   2 2   3 3
52 83 4   0 0   1 1   2 2   3 3
52 86 4   0 0   1 1   2 2   3 3
53 70 4   0 0   1 1   2 2   3 3
53 56 4   0 0   1 1   2 2   3 3
53 73 4   0 0   1 1   2 2   3 3
54 104 4   0 0   1 1   2 2   3 3
54 94 4   0 0   1 1   2 2   3 3
55 100 4   0 0   1 1   2 2   3 3
55 68 4   0 0   1 1   2 2   3 3
55 69 4   0 0   1 1   2 2   3 3
55 93 4   0 0   1 1   2 2   3 3
55 62 4   0 0   1 1   2 2   3 3
56 82 4   0 0   1 1   2 2   3 3
56 99 4   0 0   1 1   2 2   3 3
56 70 4   0 0   1 1   2 2   3 3
56 77 4   0 0   1 1   2 2   3 3
57 67 4   0 0   1 1   2 2   3 3
57 71 4   0 0   1 1   2 2   3 3
57 59 4   0 0   1 1   2 2   3 3
57 61 4   0 0   1 1   2 2   3 3
58 65 4   0 0   1 1   2 2   3 3
58 69 4   0 0   1 1   2 2   3 3
58 88 4   0 0   1 1   2 2   3 3
58 63 4   0 0   1 1   2 2   3 3
59 71 4   0 0   1 1   2 2   3 3
59 93 4   0 0   1 1   2 2   3 3
59 95 4   0 0   1 1   2 2   3 3
60 67 4   0 0   1 1   2 2   3 3
61 66 4   0 0   1 1   2 2   3 3
61 67 4   0 0   1 1   2 2   3 3
61 91 4   0 0   1 1   2 2   3 3
62 69 4   0 0   1 1   2 2   3 3
62 93 4   0 0   1 1   2 2   3 3
63 68 4   0 0   1 1   2 2   3 3
63 69 4   0 0   1 1   2 2   3 3
63 88 4   0 0   1 1   2 2   3 3
63 92 4   0 0   1 1   2 2   3 3
64 101 4   0 0   1 1   2 2   3 3
64 95 4   0 0   1 1   2 2   3 3
65 69 4   0 0   1 1   2 2   3 3
67 91 4   0 0   1 1   2 2   3 3
68 100 4   0 0   1 1   2 2   3 3
68 69 4   0 0   1 1   2 2   3 3
68 76 4   0 0   1 1   2 2   3 3
70 85 4   0 0   1 1   2 2   3 3
70 73 4   0 0   1 1   2 2   3 3
70 77 4   0 0   1 1   2 2   3 3
71 101 4   0 0   1 1   2 2   3 3
71 95 4   0 0   1 1   2 2   3 3
72 98 4   0 0   1 1   2 2   3 3
73 85 4   0 0   1 1   2 2   3 3
74 80 4   0 0   1 1   2 2   3 3
74 97 4   0 0   1 1   2 2   3 3
75 92 4   0 0   1 1   2 2   3 3
75 76 4   0 0   1 1   2 2   3 3
76 100 4   0 0   1 1   2 2   3 3
78 104 4   0 0   1 1   2 2   3 3
80 87 4   0 0   1 1   2 2   3 3
80 89 4   0 0   1 1   2 2   3 3
81 85 4   0 0   1 1   2 2   3 3
82 97 4   0 0   1 1   2 2   3 3
82 99 4   0 0   1 1   2 2   3 3
82 84 4   0 0   1 1   2 2   3 3
82 103 4   0 0   1 1   2 2   3 3
82 104 4   0 0   1 1   2 2   3 3
82 89 4   0 0   1 1   2 2   3 3
84 96 4   0 0   1 1   2 2   3 3
84 103 4   0 0   1 1   2 2   3 3
84 90 4   0 0   1 1   2 2   3 3
87 96 4   0 0   1 1   2 2   3 3
90 96 4   0 0   1 1   2 2   3 3
95 101 4   0 0   1 1   2 2   3 3
97 104 4   0 0   1 1   2 2   3 3
98 102 4   0 0   1 1   2 2   3 3
99 103 4   0 0   1 1   2 2   3 3
