160
1 4 0 1 2 3
2 4 0 1 2 3
3 4 0 1 2 3
4 4 0 1 2 3
5 4 0 1 2 3
6 4 0 1 2 3
7 4 0 1 2 3
8 4 0 1 2 3
9 4 0 1 2 3
10 4 0 1 2 3
11 4 0 1 2 3
12 4 0 1 2 3
13 4 0 1 2 3
14 4 0 1 2 3
15 4 0 1 2 3
16 4 0 1 2 3
17 4 0 1 2 3
18 4 0 1 2 3
19 4 0 1 2 3
20 4 0 1 2 3
21 4 0 1 2 3
22 4 0 1 2 3
23 4 0 1 2 3
24 4 0 1 2 3
25 4 0 1 2 3
26 4 0 1 2 3
27 4 0 1 2 3
28 4 0 1 2 3
29 4 0 1 2 3
30 4 0 1 2 3
31 4 0 1 2 3
32 4 0 1 2 3
33 4 0 1 2 3
34 4 0 1 2 3
35 4 0 1 2 3
36 4 0 1 2 3
37 4 0 1 2 3
38 4 0 1 2 3
39 4 0 1 2 3
40 4 0 1 2 3
41 4 0 1 2 3
42 4 0 1 2 3
43 4 0 1 2 3
44 4 0 1 2 3
45 4 0 1 2 3
46 4 0 1 2 3
47 4 0 1 2 3
48 4 0 1 2 3
49 4 0 1 2 3
50 4 0 1 2 3
51 4 0 1 2 3
52 4 0 1 2 3
53 4 0 1 2 3
54 4 0 1 2 3
55 4 0 1 2 3
56 4 0 1 2 3
57 4 0 1 2 3
58 4 0 1 2 3
59 4 0 1 2 3
60 4 0 1 2 3
61 4 0 1 2 3
62 4 0 1 2 3
63 4 0 1 2 3
64 4 0 1 2 3
65 4 0 1 2 3
66 4 0 1 2 3
67 4 0 1 2 3
68 4 0 1 2 3
69 4 0 1 2 3
70 4 0 1 2 3
71 4 0 1 2 3
72 4 0 1 2 3
73 4 0 1 2 3
74 4 0 1 2 3
75 4 0 1 2 3
76 4 0 1 2 3
77 4 0 1 2 3
78 4 0 1 2 3
79 4 0 1 2 3
80 4 0 1 2 3
81 4 0 1 2 3
82 4 0 1 2 3
83 4 0 1 2 3
84 4 0 1 2 3
85 4 0 1 2 3
86 4 0 1 2 3
87 4 0 1 2 3
88 4 0 1 2 3
89 4 0 1 2 3
90 4 0 1 2 3
91 4 0 1 2 3
92 4 0 1 2 3
93 4 0 1 2 3
94 4 0 1 2 3
95 4 0 1 2 3
96 4 0 1 2 3
97 4 0 1 2 3
98 4 0 1 2 3
99 4 0 1 2 3
100 4 0 1 2 3
101 4 0 1 2 3
102 4 0 1 2 3
103 4 0 1 2 3
104 4 0 1 2 3
105 4 0 1 2 3
106 4 0 1 2 3
107 4 0 1 2 3
108 4 0 1 2 3
109 4 0 1 2 3
110 4 0 1 2 3
111 4 0 1 2 3
112 4 0 1 2 3
113 4 0 1 2 3
114 4 0 1 2 3
115 4 0 1 2 3
116 4 0 1 2 3
117 4 0 1 2 3
118 4 0 1 2 3
119 4 0 1 2 3
120 4 0 1 2 3
121 4 0 1 2 3
122 4 0 1 2 3
123 4 0 1 2 3
124 4 0 1 2 3
125 4 0 1 2 3
126 4 0 1 2 3
127 4 0 1 2 3
128 4 0 1 2 3
129 4 0 1 2 3
130 4 0 1 2 3
131 4 0 1 2 3
132 4 0 1 2 3
133 4 0 1 2 3
134 4 0 1 2 3
135 4 0 1 2 3
136 4 0 1 2 3
137 4 0 1 2 3
138 4 0 1 2 3
139 4 0 1 2 3
140 4 0 1 2 3
141 4 0 1 2 3
142 4 0 1 2 3
143 4 0 1 2 3
144 4 0 1 2 3
145 4 0 1 2 3
146 4 0 1 2 3
147 4 0 1 2 3
148 4 0 1 2 3
149 4 0 1 2 3
150 4 0 1 2 3
151 4 0 1 2 3
152 4 0 1 2 3
153 4 0 1 2 3
154 4 0 1 2 3
155 4 0 1 2 3
156 4 0 1 2 3
157 4 0 1 2 3
158 4 0 1 2 3
159 4 0 1 2 3
160 4 0 1 2 3
439
1 128 4   0 0   1 1   2 2   3 3
1 51 4   0 0   1 1   2 2   3 3
1 91 4   0 0   1 1   2 2   3 3
1 60 4   0 0   1 1   2 2   3 3
1 47 4   0 0   1 1   2 2   3 3
2 97 4   0 0   1 1   2 2   3 3
2 119 4   0 0   1 1   2 2   3 3
2 141 4   0 0   1 1   2 2   3 3
2 61 4   0 0   1 1   2 2   3 3
2 143 4   0 0   1 1   2 2   3 3
3 114 4   0 0   1 1   2 2   3 3
3 50 4   0 0   1 1   2 2   3 3
3 8 4   0 0   1 1   2 2   3 3
3 41 4   0 0   1 1   2 2   3 3
3 9 4   0 0   1 1   2 2   3 3
4 113 4   0 0   1 1   2 2   3 3
4 131 4   0 0   1 1   2 2   3 3
4 19 4   0 0   1 1   2 2   3 3
4 117 4   0 0   1 1   2 2   3 3
4 103 4   0 0   1 1   2 2   3 3
4 89 4   0 0   1 1   2 2   3 3
5 32 4   0 0   1 1   2 2   3 3
5 145 4   0 0   1 1   2 2   3 3
5 129 4   0 0   1 1   2 2   3 3
5 35 4   0 0   1 1   2 2   3 3
5 59 4   0 0   1 1   2 2   3 3
6 49 4   0 0   1 1   2 2   3 3
6 18 4   0 0   1 1   2 2   3 3
6 69 4   0 0   1 1   2 2   3 3
6 21 4   0 0   1 1   2 2   3 3
6 137 4   0 0   1 1   2 2   3 3
6 44 4   0 0   1 1   2 2   3 3
6 45 4   0 0   1 1   2 2   3 3
7 66 4   0 0   1 1   2 2   3 3
7 72 4   0 0   1 1   2 2   3 3
7 105 4   0 0   1 1   2 2   3 3
7 42 4   0 0   1 1   2 2   3 3
7 95 4   0 0   1 1   2 2   3 3
8 114 4   0 0   1 1   2 2   3 3
8 50 4   0 0   1 1   2 2   3 3
8 87 4   0 0   1 1   2 2   3 3
8 156 4   0 0   1 1   2 2   3 3
8 76 4   0 0   1 1   2 2   3 3
9 99 4   0 0   1 1   2 2   3 3
9 41 4   0 0   1 1   2 2   3 3
10 97 4   0 0   1 1   2 2   3 3
10 121 4   0 0   1 1   2 2   3 3
10 122 4   0 0   1 1   2 2   3 3
10 141 4   0 0   1 1   2 2   3 3
11 128 4   0 0   1 1   2 2   3 3
11 67 4   0 0   1 1   2 2   3 3
11 135 4   0 0   1 1   2 2   3 3
11 125 4   0 0   1 1   2 2   3 3
11 110 4   0 0   1 1   2 2   3 3
11 111 4   0 0   1 1   2 2   3 3
12 66 4   0 0   1 1   2 2   3 3
12 115 4   0 0   1 1   2 2   3 3
12 37 4   0 0   1 1   2 2   3 3
12 69 4   0 0   1 1   2 2   3 3
12 45 4   0 0   1 1   2 2   3 3
12 78 4   0 0   1 1   2 2   3 3
12 79 4   0 0   1 1   2 2   3 3
12 15 4   0 0   1 1   2 2   3 3
13 96 4   0 0   1 1   2 2   3 3
13 130 4   0 0   1 1   2 2   3 3
13 98 4   0 0   1 1   2 2   3 3
13 147 4   0 0   1 1   2 2   3 3
13 151 4   0 0   1 1   2 2   3 3
13 24 4   0 0   1 1   2 2   3 3
13 123 4   0 0   1 1   2 2   3 3
14 34 4   0 0   1 1   2 2   3 3
14 57 4   0 0   1 1   2 2   3 3
14 90 4   0 0   1 1   2 2   3 3
14 107 4   0 0   1 1   2 2   3 3
14 140 4   0 0   1 1   2 2   3 3
14 47 4   0 0   1 1   2 2   3 3
15 160 4   0 0   1 1   2 2   3 3
15 36 4   0 0   1 1   2 2   3 3
15 69 4   0 0   1 1   2 2   3 3
15 56 4   0 0   1 1   2 2   3 3
15 25 4   0 0   1 1   2 2   3 3
15 93 4   0 0   1 1   2 2   3 3
15 78 4   0 0   1 1   2 2   3 3
16 146 4   0 0   1 1   2 2   3 3
16 100 4   0 0   1 1   2 2   3 3
16 102 4   0 0   1 1   2 2   3 3
16 134 4   0 0   1 1   2 2   3 3
16 139 4   0 0   1 1   2 2   3 3
16 157 4   0 0   1 1   2 2   3 3
17 113 4   0 0   1 1   2 2   3 3
17 74 4   0 0   1 1   2 2   3 3
17 154 4   0 0   1 1   2 2   3 3
17 46 4   0 0   1 1   2 2   3 3
18 69 4   0 0   1 1   2 2   3 3
18 39 4   0 0   1 1   2 2   3 3
18 44 4   0 0   1 1   2 2   3 3
18 109 4   0 0   1 1   2 2   3 3
18 63 4   0 0   1 1   2 2   3 3
19 131 4   0 0   1 1   2 2   3 3
19 20 4   0 0   1 1   2 2   3 3
19 117 4   0 0   1 1   2 2   3 3
20 114 4   0 0   1 1   2 2   3 3
20 131 4   0 0   1 1   2 2   3 3
20 99 4   0 0   1 1   2 2   3 3
20 117 4   0 0   1 1   2 2   3 3
20 22 4   0 0   1 1   2 2   3 3
20 55 4   0 0   1 1   2 2   3 3
20 41 4   0 0   1 1   2 2   3 3
21 49 4   0 0   1 1   2 2   3 3
21 136 4   0 0   1 1   2 2   3 3
21 44 4   0 0   1 1   2 2   3 3
21 94 4   0 0   1 1   2 2   3 3
22 131 4   0 0   1 1   2 2   3 3
22 99 4   0 0   1 1   2 2   3 3
22 119 4   0 0   1 1   2 2   3 3
22 61 4   0 0   1 1   2 2   3 3
23 65 4   0 0   1 1   2 2   3 3
23 33 4   0 0   1 1   2 2   3 3
23 52 4   0 0   1 1   2 2   3 3
23 148 4   0 0   1 1   2 2   3 3
23 152 4   0 0   1 1   2 2   3 3
23 124 4   0 0   1 1   2 2   3 3
24 98 4   0 0   1 1   2 2   3 3
24 83 4   0 0   1 1   2 2   3 3
24 151 4   0 0   1 1   2 2   3 3
24 121 4   0 0   1 1   2 2   3 3
25 36 4   0 0   1 1   2 2   3 3
25 116 4   0 0   1 1   2 2   3 3
25 93 4   0 0   1 1   2 2   3 3
26 34 4   0 0   1 1   2 2   3 3
26 51 4   0 0   1 1   2 2   3 3
26 147 4   0 0   1 1   2 2   3 3
26 54 4   0 0   1 1   2 2   3 3
26 107 4   0 0   1 1   2 2   3 3
26 123 4   0 0   1 1   2 2   3 3
27 128 4   0 0   1 1   2 2   3 3
27 148 4   0 0   1 1   2 2   3 3
27 135 4   0 0   1 1   2 2   3 3
27 91 4   0 0   1 1   2 2   3 3
27 124 4   0 0   1 1   2 2   3 3
27 95 4   0 0   1 1   2 2   3 3
28 32 4   0 0   1 1   2 2   3 3
28 73 4   0 0   1 1   2 2   3 3
28 155 4   0 0   1 1   2 2   3 3
28 126 4   0 0   1 1   2 2   3 3
29 129 4   0 0   1 1   2 2   3 3
29 118 4   0 0   1 1   2 2   3 3
29 59 4   0 0   1 1   2 2   3 3
29 158 4   0 0   1 1   2 2   3 3
30 132 4   0 0   1 1   2 2   3 3
30 74 4   0 0   1 1   2 2   3 3
30 154 4   0 0   1 1   2 2   3 3
30 42 4   0 0   1 1   2 2   3 3
30 91 4   0 0   1 1   2 2   3 3
30 60 4   0 0   1 1   2 2   3 3
30 95 4   0 0   1 1   2 2   3 3
31 96 4   0 0   1 1   2 2   3 3
31 130 4   0 0   1 1   2 2   3 3
31 101 4   0 0   1 1   2 2   3 3
31 104 4   0 0   1 1   2 2   3 3
31 43 4   0 0   1 1   2 2   3 3
32 80 4   0 0   1 1   2 2   3 3
32 145 4   0 0   1 1   2 2   3 3
32 155 4   0 0   1 1   2 2   3 3
32 59 4   0 0   1 1   2 2   3 3
33 65 4   0 0   1 1   2 2   3 3
33 115 4   0 0   1 1   2 2   3 3
33 148 4   0 0   1 1   2 2   3 3
33 79 4   0 0   1 1   2 2   3 3
34 130 4   0 0   1 1   2 2   3 3
34 123 4   0 0   1 1   2 2   3 3
34 107 4   0 0   1 1   2 2   3 3
34 140 4   0 0   1 1   2 2   3 3
35 48 4   0 0   1 1   2 2   3 3
35 129 4   0 0   1 1   2 2   3 3
35 145 4   0 0   1 1   2 2   3 3
35 146 4   0 0   1 1   2 2   3 3
35 118 4   0 0   1 1   2 2   3 3
35 38 4   0 0   1 1   2 2   3 3
35 125 4   0 0   1 1   2 2   3 3
36 160 4   0 0   1 1   2 2   3 3
36 116 4   0 0   1 1   2 2   3 3
37 69 4   0 0   1 1   2 2   3 3
37 45 4   0 0   1 1   2 2   3 3
38 146 4   0 0   1 1   2 2   3 3
38 52 4   0 0   1 1   2 2   3 3
38 152 4   0 0   1 1   2 2   3 3
38 125 4   0 0   1 1   2 2   3 3
38 77 4   0 0   1 1   2 2   3 3
39 44 4   0 0   1 1   2 2   3 3
39 63 4   0 0   1 1   2 2   3 3
40 66 4   0 0   1 1   2 2   3 3
40 72 4   0 0   1 1   2 2   3 3
40 56 4   0 0   1 1   2 2   3 3
40 78 4   0 0   1 1   2 2   3 3
40 127 4   0 0   1 1   2 2   3 3
41 114 4   0 0   1 1   2 2   3 3
41 99 4   0 0   1 1   2 2   3 3
41 55 4   0 0   1 1   2 2   3 3
42 88 4   0 0   1 1   2 2   3 3
42 72 4   0 0   1 1   2 2   3 3
42 154 4   0 0   1 1   2 2   3 3
42 106 4   0 0   1 1   2 2   3 3
42 95 4   0 0   1 1   2 2   3 3
43 96 4   0 0   1 1   2 2   3 3
43 86 4   0 0   1 1   2 2   3 3
43 104 4   0 0   1 1   2 2   3 3
45 115 4   0 0   1 1   2 2   3 3
45 69 4   0 0   1 1   2 2   3 3
45 137 4   0 0   1 1   2 2   3 3
46 113 4   0 0   1 1   2 2   3 3
46 70 4   0 0   1 1   2 2   3 3
46 74 4   0 0   1 1   2 2   3 3
47 128 4   0 0   1 1   2 2   3 3
47 51 4   0 0   1 1   2 2   3 3
47 67 4   0 0   1 1   2 2   3 3
47 90 4   0 0   1 1   2 2   3 3
47 107 4   0 0   1 1   2 2   3 3
48 146 4   0 0   1 1   2 2   3 3
48 118 4   0 0   1 1   2 2   3 3
48 120 4   0 0   1 1   2 2   3 3
48 157 4   0 0   1 1   2 2   3 3
49 136 4   0 0   1 1   2 2   3 3
49 137 4   0 0   1 1   2 2   3 3
50 76 4   0 0   1 1   2 2   3 3
51 54 4   0 0   1 1   2 2   3 3
51 107 4   0 0   1 1   2 2   3 3
51 60 4   0 0   1 1   2 2   3 3
52 135 4   0 0   1 1   2 2   3 3
52 152 4   0 0   1 1   2 2   3 3
52 124 4   0 0   1 1   2 2   3 3
52 125 4   0 0   1 1   2 2   3 3
53 85 4   0 0   1 1   2 2   3 3
53 70 4   0 0   1 1   2 2   3 3
53 122 4   0 0   1 1   2 2   3 3
53 74 4   0 0   1 1   2 2   3 3
53 62 4   0 0   1 1   2 2   3 3
54 147 4   0 0   1 1   2 2   3 3
54 85 4   0 0   1 1   2 2   3 3
54 122 4   0 0   1 1   2 2   3 3
54 60 4   0 0   1 1   2 2   3 3
54 62 4   0 0   1 1   2 2   3 3
55 114 4   0 0   1 1   2 2   3 3
56 112 4   0 0   1 1   2 2   3 3
56 71 4   0 0   1 1   2 2   3 3
56 93 4   0 0   1 1   2 2   3 3
56 78 4   0 0   1 1   2 2   3 3
56 127 4   0 0   1 1   2 2   3 3
57 68 4   0 0   1 1   2 2   3 3
57 101 4   0 0   1 1   2 2   3 3
57 133 4   0 0   1 1   2 2   3 3
57 90 4   0 0   1 1   2 2   3 3
57 140 4   0 0   1 1   2 2   3 3
57 159 4   0 0   1 1   2 2   3 3
58 64 4   0 0   1 1   2 2   3 3
58 67 4   0 0   1 1   2 2   3 3
58 133 4   0 0   1 1   2 2   3 3
58 90 4   0 0   1 1   2 2   3 3
58 108 4   0 0   1 1   2 2   3 3
58 110 4   0 0   1 1   2 2   3 3
59 80 4   0 0   1 1   2 2   3 3
59 129 4   0 0   1 1   2 2   3 3
59 158 4   0 0   1 1   2 2   3 3
60 132 4   0 0   1 1   2 2   3 3
60 91 4   0 0   1 1   2 2   3 3
60 62 4   0 0   1 1   2 2   3 3
61 97 4   0 0   1 1   2 2   3 3
61 99 4   0 0   1 1   2 2   3 3
61 119 4   0 0   1 1   2 2   3 3
62 132 4   0 0   1 1   2 2   3 3
62 85 4   0 0   1 1   2 2   3 3
62 74 4   0 0   1 1   2 2   3 3
63 153 4   0 0   1 1   2 2   3 3
63 109 4   0 0   1 1   2 2   3 3
64 133 4   0 0   1 1   2 2   3 3
64 73 4   0 0   1 1   2 2   3 3
64 108 4   0 0   1 1   2 2   3 3
64 126 4   0 0   1 1   2 2   3 3
64 159 4   0 0   1 1   2 2   3 3
65 115 4   0 0   1 1   2 2   3 3
65 152 4   0 0   1 1   2 2   3 3
65 139 4   0 0   1 1   2 2   3 3
65 77 4   0 0   1 1   2 2   3 3
66 72 4   0 0   1 1   2 2   3 3
66 105 4   0 0   1 1   2 2   3 3
66 78 4   0 0   1 1   2 2   3 3
66 79 4   0 0   1 1   2 2   3 3
67 128 4   0 0   1 1   2 2   3 3
67 90 4   0 0   1 1   2 2   3 3
67 110 4   0 0   1 1   2 2   3 3
68 144 4   0 0   1 1   2 2   3 3
68 101 4   0 0   1 1   2 2   3 3
68 138 4   0 0   1 1   2 2   3 3
68 159 4   0 0   1 1   2 2   3 3
69 160 4   0 0   1 1   2 2   3 3
69 109 4   0 0   1 1   2 2   3 3
70 113 4   0 0   1 1   2 2   3 3
70 119 4   0 0   1 1   2 2   3 3
70 122 4   0 0   1 1   2 2   3 3
70 74 4   0 0   1 1   2 2   3 3
70 141 4   0 0   1 1   2 2   3 3
70 143 4   0 0   1 1   2 2   3 3
71 112 4   0 0   1 1   2 2   3 3
71 75 4   0 0   1 1   2 2   3 3
71 76 4   0 0   1 1   2 2   3 3
71 93 4   0 0   1 1   2 2   3 3
72 106 4   0 0   1 1   2 2   3 3
72 127 4   0 0   1 1   2 2   3 3
73 145 4   0 0   1 1   2 2   3 3
73 155 4   0 0   1 1   2 2   3 3
73 108 4   0 0   1 1   2 2   3 3
73 126 4   0 0   1 1   2 2   3 3
73 111 4   0 0   1 1   2 2   3 3
74 132 4   0 0   1 1   2 2   3 3
74 154 4   0 0   1 1   2 2   3 3
75 112 4   0 0   1 1   2 2   3 3
75 76 4   0 0   1 1   2 2   3 3
76 112 4   0 0   1 1   2 2   3 3
76 156 4   0 0   1 1   2 2   3 3
77 146 4   0 0   1 1   2 2   3 3
77 152 4   0 0   1 1   2 2   3 3
77 139 4   0 0   1 1   2 2   3 3
79 115 4   0 0   1 1   2 2   3 3
79 148 4   0 0   1 1   2 2   3 3
79 105 4   0 0   1 1   2 2   3 3
80 92 4   0 0   1 1   2 2   3 3
80 158 4   0 0   1 1   2 2   3 3
81 82 4   0 0   1 1   2 2   3 3
81 149 4   0 0   1 1   2 2   3 3
81 104 4   0 0   1 1   2 2   3 3
82 144 4   0 0   1 1   2 2   3 3
82 101 4   0 0   1 1   2 2   3 3
82 104 4   0 0   1 1   2 2   3 3
83 151 4   0 0   1 1   2 2   3 3
83 121 4   0 0   1 1   2 2   3 3
84 115 4   0 0   1 1   2 2   3 3
84 100 4   0 0   1 1   2 2   3 3
84 136 4   0 0   1 1   2 2   3 3
84 137 4   0 0   1 1   2 2   3 3
84 139 4   0 0   1 1   2 2   3 3
85 122 4   0 0   1 1   2 2   3 3
86 96 4   0 0   1 1   2 2   3 3
86 149 4   0 0   1 1   2 2   3 3
86 151 4   0 0   1 1   2 2   3 3
86 104 4   0 0   1 1   2 2   3 3
87 114 4   0 0   1 1   2 2   3 3
87 117 4   0 0   1 1   2 2   3 3
87 150 4   0 0   1 1   2 2   3 3
87 88 4   0 0   1 1   2 2   3 3
87 156 4   0 0   1 1   2 2   3 3
87 142 4   0 0   1 1   2 2   3 3
88 117 4   0 0   1 1   2 2   3 3
88 150 4   0 0   1 1   2 2   3 3
88 103 4   0 0   1 1   2 2   3 3
88 154 4   0 0   1 1   2 2   3 3
88 106 4   0 0   1 1   2 2   3 3
89 113 4   0 0   1 1   2 2   3 3
89 131 4   0 0   1 1   2 2   3 3
89 119 4   0 0   1 1   2 2   3 3
90 133 4   0 0   1 1   2 2   3 3
91 128 4   0 0   1 1   2 2   3 3
91 95 4   0 0   1 1   2 2   3 3
92 158 4   0 0   1 1   2 2   3 3
94 100 4   0 0   1 1   2 2   3 3
94 102 4   0 0   1 1   2 2   3 3
94 136 4   0 0   1 1   2 2   3 3
95 148 4   0 0   1 1   2 2   3 3
95 105 4   0 0   1 1   2 2   3 3
96 130 4   0 0   1 1   2 2   3 3
96 151 4   0 0   1 1   2 2   3 3
97 99 4   0 0   1 1   2 2   3 3
97 141 4   0 0   1 1   2 2   3 3
98 147 4   0 0   1 1   2 2   3 3
98 121 4   0 0   1 1   2 2   3 3
100 102 4   0 0   1 1   2 2   3 3
100 136 4   0 0   1 1   2 2   3 3
100 139 4   0 0   1 1   2 2   3 3
101 144 4   0 0   1 1   2 2   3 3
101 130 4   0 0   1 1   2 2   3 3
101 104 4   0 0   1 1   2 2   3 3
101 140 4   0 0   1 1   2 2   3 3
103 113 4   0 0   1 1   2 2   3 3
103 117 4   0 0   1 1   2 2   3 3
103 154 4   0 0   1 1   2 2   3 3
104 149 4   0 0   1 1   2 2   3 3
105 148 4   0 0   1 1   2 2   3 3
106 150 4   0 0   1 1   2 2   3 3
106 127 4   0 0   1 1   2 2   3 3
108 110 4   0 0   1 1   2 2   3 3
108 111 4   0 0   1 1   2 2   3 3
109 160 4   0 0   1 1   2 2   3 3
109 153 4   0 0   1 1   2 2   3 3
110 111 4   0 0   1 1   2 2   3 3
111 145 4   0 0   1 1   2 2   3 3
111 125 4   0 0   1 1   2 2   3 3
112 150 4   0 0   1 1   2 2   3 3
112 156 4   0 0   1 1   2 2   3 3
112 127 4   0 0   1 1   2 2   3 3
113 119 4   0 0   1 1   2 2   3 3
113 154 4   0 0   1 1   2 2   3 3
114 117 4   0 0   1 1   2 2   3 3
115 137 4   0 0   1 1   2 2   3 3
115 139 4   0 0   1 1   2 2   3 3
116 160 4   0 0   1 1   2 2   3 3
116 153 4   0 0   1 1   2 2   3 3
117 142 4   0 0   1 1   2 2   3 3
118 129 4   0 0   1 1   2 2   3 3
118 157 4   0 0   1 1   2 2   3 3
119 131 4   0 0   1 1   2 2   3 3
119 143 4   0 0   1 1   2 2   3 3
120 146 4   0 0   1 1   2 2   3 3
120 157 4   0 0   1 1   2 2   3 3
121 147 4   0 0   1 1   2 2   3 3
121 122 4   0 0   1 1   2 2   3 3
122 147 4   0 0   1 1   2 2   3 3
122 141 4   0 0   1 1   2 2   3 3
123 130 4   0 0   1 1   2 2   3 3
123 147 4   0 0   1 1   2 2   3 3
124 148 4   0 0   1 1   2 2   3 3
124 135 4   0 0   1 1   2 2   3 3
125 145 4   0 0   1 1   2 2   3 3
125 135 4   0 0   1 1   2 2   3 3
126 138 4   0 0   1 1   2 2   3 3
126 159 4   0 0   1 1   2 2   3 3
127 150 4   0 0   1 1   2 2   3 3
128 135 4   0 0   1 1   2 2   3 3
130 140 4   0 0   1 1   2 2   3 3
133 159 4   0 0   1 1   2 2   3 3
134 146 4   0 0   1 1   2 2   3 3
134 157 4   0 0   1 1   2 2   3 3
136 137 4   0 0   1 1   2 2   3 3
138 144 4   0 0   1 1   2 2   3 3
138 159 4   0 0   1 1   2 2   3 3
139 146 4   0 0   1 1   2 2   3 3
141 143 4   0 0   1 1   2 2   3 3
145 155 4   0 0   1 1   2 2   3 3
146 157 4   0 0   1 1   2 2   3 3
150 156 4   0 0   1 1   2 2   3 3
153 160 4   0 0   1 1   2 2   3 3
