285
1 4 0 1 2 3
2 4 0 1 2 3
3 4 0 1 2 3
4 4 0 1 2 3
5 4 0 1 2 3
6 4 0 1 2 3
7 4 0 1 2 3
8 4 0 1 2 3
9 4 0 1 2 3
10 4 0 1 2 3
11 4 0 1 2 3
12 4 0 1 2 3
13 4 0 1 2 3
14 4 0 1 2 3
15 4 0 1 2 3
16 4 0 1 2 3
17 4 0 1 2 3
18 4 0 1 2 3
19 4 0 1 2 3
20 4 0 1 2 3
21 4 0 1 2 3
22 4 0 1 2 3
23 4 0 1 2 3
24 4 0 1 2 3
25 4 0 1 2 3
26 4 0 1 2 3
27 4 0 1 2 3
28 4 0 1 2 3
29 4 0 1 2 3
30 4 0 1 2 3
31 4 0 1 2 3
32 4 0 1 2 3
33 4 0 1 2 3
34 4 0 1 2 3
35 4 0 1 2 3
36 4 0 1 2 3
37 4 0 1 2 3
38 4 0 1 2 3
39 4 0 1 2 3
40 4 0 1 2 3
41 4 0 1 2 3
42 4 0 1 2 3
43 4 0 1 2 3
44 4 0 1 2 3
45 4 0 1 2 3
46 4 0 1 2 3
47 4 0 1 2 3
48 4 0 1 2 3
49 4 0 1 2 3
50 4 0 1 2 3
51 4 0 1 2 3
52 4 0 1 2 3
53 4 0 1 2 3
54 4 0 1 2 3
55 4 0 1 2 3
56 4 0 1 2 3
57 4 0 1 2 3
58 4 0 1 2 3
59 4 0 1 2 3
60 4 0 1 2 3
61 4 0 1 2 3
62 4 0 1 2 3
63 4 0 1 2 3
64 4 0 1 2 3
65 4 0 1 2 3
66 4 0 1 2 3
67 4 0 1 2 3
68 4 0 1 2 3
69 4 0 1 2 3
70 4 0 1 2 3
71 4 0 1 2 3
72 4 0 1 2 3
73 4 0 1 2 3
74 4 0 1 2 3
75 4 0 1 2 3
76 4 0 1 2 3
77 4 0 1 2 3
78 4 0 1 2 3
79 4 0 1 2 3
80 4 0 1 2 3
81 4 0 1 2 3
82 4 0 1 2 3
83 4 0 1 2 3
84 4 0 1 2 3
85 4 0 1 2 3
86 4 0 1 2 3
87 4 0 1 2 3
88 4 0 1 2 3
89 4 0 1 2 3
90 4 0 1 2 3
91 4 0 1 2 3
92 4 0 1 2 3
93 4 0 1 2 3
94 4 0 1 2 3
95 4 0 1 2 3
96 4 0 1 2 3
97 4 0 1 2 3
98 4 0 1 2 3
99 4 0 1 2 3
100 4 0 1 2 3
101 4 0 1 2 3
102 4 0 1 2 3
103 4 0 1 2 3
104 4 0 1 2 3
105 4 0 1 2 3
106 4 0 1 2 3
107 4 0 1 2 3
108 4 0 1 2 3
109 4 0 1 2 3
110 4 0 1 2 3
111 4 0 1 2 3
112 4 0 1 2 3
113 4 0 1 2 3
114 4 0 1 2 3
115 4 0 1 2 3
116 4 0 1 2 3
117 4 0 1 2 3
118 4 0 1 2 3
119 4 0 1 2 3
120 4 0 1 2 3
121 4 0 1 2 3
122 4 0 1 2 3
123 4 0 1 2 3
124 4 0 1 2 3
125 4 0 1 2 3
126 4 0 1 2 3
127 4 0 1 2 3
128 4 0 1 2 3
129 4 0 1 2 3
130 4 0 1 2 3
131 4 0 1 2 3
132 4 0 1 2 3
133 4 0 1 2 3
134 4 0 1 2 3
135 4 0 1 2 3
136 4 0 1 2 3
137 4 0 1 2 3
138 4 0 1 2 3
139 4 0 1 2 3
140 4 0 1 2 3
141 4 0 1 2 3
142 4 0 1 2 3
143 4 0 1 2 3
144 4 0 1 2 3
145 4 0 1 2 3
146 4 0 1 2 3
147 4 0 1 2 3
148 4 0 1 2 3
149 4 0 1 2 3
150 4 0 1 2 3
151 4 0 1 2 3
152 4 0 1 2 3
153 4 0 1 2 3
154 4 0 1 2 3
155 4 0 1 2 3
156 4 0 1 2 3
157 4 0 1 2 3
158 4 0 1 2 3
159 4 0 1 2 3
160 4 0 1 2 3
161 4 0 1 2 3
162 4 0 1 2 3
163 4 0 1 2 3
164 4 0 1 2 3
165 4 0 1 2 3
166 4 0 1 2 3
167 4 0 1 2 3
168 4 0 1 2 3
169 4 0 1 2 3
170 4 0 1 2 3
171 4 0 1 2 3
172 4 0 1 2 3
173 4 0 1 2 3
174 4 0 1 2 3
175 4 0 1 2 3
176 4 0 1 2 3
177 4 0 1 2 3
178 4 0 1 2 3
179 4 0 1 2 3
180 4 0 1 2 3
181 4 0 1 2 3
182 4 0 1 2 3
183 4 0 1 2 3
184 4 0 1 2 3
185 4 0 1 2 3
186 4 0 1 2 3
187 4 0 1 2 3
188 4 0 1 2 3
189 4 0 1 2 3
190 4 0 1 2 3
191 4 0 1 2 3
192 4 0 1 2 3
193 4 0 1 2 3
194 4 0 1 2 3
195 4 0 1 2 3
196 4 0 1 2 3
197 4 0 1 2 3
198 4 0 1 2 3
199 4 0 1 2 3
200 4 0 1 2 3
201 4 0 1 2 3
202 4 0 1 2 3
203 4 0 1 2 3
204 4 0 1 2 3
205 4 0 1 2 3
206 4 0 1 2 3
207 4 0 1 2 3
208 4 0 1 2 3
209 4 0 1 2 3
210 4 0 1 2 3
211 4 0 1 2 3
212 4 0 1 2 3
213 4 0 1 2 3
214 4 0 1 2 3
215 4 0 1 2 3
216 4 0 1 2 3
217 4 0 1 2 3
218 4 0 1 2 3
219 4 0 1 2 3
220 4 0 1 2 3
221 4 0 1 2 3
222 4 0 1 2 3
223 4 0 1 2 3
224 4 0 1 2 3
225 4 0 1 2 3
226 4 0 1 2 3
227 4 0 1 2 3
228 4 0 1 2 3
229 4 0 1 2 3
230 4 0 1 2 3
231 4 0 1 2 3
232 4 0 1 2 3
233 4 0 1 2 3
234 4 0 1 2 3
235 4 0 1 2 3
236 4 0 1 2 3
237 4 0 1 2 3
238 4 0 1 2 3
239 4 0 1 2 3
240 4 0 1 2 3
241 4 0 1 2 3
242 4 0 1 2 3
243 4 0 1 2 3
244 4 0 1 2 3
245 4 0 1 2 3
246 4 0 1 2 3
247 4 0 1 2 3
248 4 0 1 2 3
249 4 0 1 2 3
250 4 0 1 2 3
251 4 0 1 2 3
252 4 0 1 2 3
253 4 0 1 2 3
254 4 0 1 2 3
255 4 0 1 2 3
256 4 0 1 2 3
257 4 0 1 2 3
258 4 0 1 2 3
259 4 0 1 2 3
260 4 0 1 2 3
261 4 0 1 2 3
262 4 0 1 2 3
263 4 0 1 2 3
264 4 0 1 2 3
265 4 0 1 2 3
266 4 0 1 2 3
267 4 0 1 2 3
268 4 0 1 2 3
269 4 0 1 2 3
270 4 0 1 2 3
271 4 0 1 2 3
272 4 0 1 2 3
273 4 0 1 2 3
274 4 0 1 2 3
275 4 0 1 2 3
276 4 0 1 2 3
277 4 0 1 2 3
278 4 0 1 2 3
279 4 0 1 2 3
280 4 0 1 2 3
281 4 0 1 2 3
282 4 0 1 2 3
283 4 0 1 2 3
284 4 0 1 2 3
285 4 0 1 2 3
790
1 224 4   0 0   1 1   2 2   3 3
1 113 4   0 0   1 1   2 2   3 3
1 225 4   0 0   1 1   2 2   3 3
1 179 4   0 0   1 1   2 2   3 3
1 52 4   0 0   1 1   2 2   3 3
1 90 4   0 0   1 1   2 2   3 3
1 43 4   0 0   1 1   2 2   3 3
1 45 4   0 0   1 1   2 2   3 3
2 145 4   0 0   1 1   2 2   3 3
2 19 4   0 0   1 1   2 2   3 3
2 4 4   0 0   1 1   2 2   3 3
2 165 4   0 0   1 1   2 2   3 3
2 136 4   0 0   1 1   2 2   3 3
2 169 4   0 0   1 1   2 2   3 3
2 26 4   0 0   1 1   2 2   3 3
3 208 4   0 0   1 1   2 2   3 3
3 152 4   0 0   1 1   2 2   3 3
3 285 4   0 0   1 1   2 2   3 3
3 13 4   0 0   1 1   2 2   3 3
3 47 4   0 0   1 1   2 2   3 3
3 271 4   0 0   1 1   2 2   3 3
4 144 4   0 0   1 1   2 2   3 3
4 96 4   0 0   1 1   2 2   3 3
4 145 4   0 0   1 1   2 2   3 3
4 228 4   0 0   1 1   2 2   3 3
4 165 4   0 0   1 1   2 2   3 3
4 120 4   0 0   1 1   2 2   3 3
4 252 4   0 0   1 1   2 2   3 3
4 46 4   0 0   1 1   2 2   3 3
5 163 4   0 0   1 1   2 2   3 3
5 117 4   0 0   1 1   2 2   3 3
5 217 4   0 0   1 1   2 2   3 3
5 238 4   0 0   1 1   2 2   3 3
6 272 4   0 0   1 1   2 2   3 3
6 131 4   0 0   1 1   2 2   3 3
6 37 4   0 0   1 1   2 2   3 3
6 134 4   0 0   1 1   2 2   3 3
6 42 4   0 0   1 1   2 2   3 3
6 191 4   0 0   1 1   2 2   3 3
7 208 4   0 0   1 1   2 2   3 3
7 40 4   0 0   1 1   2 2   3 3
7 9 4   0 0   1 1   2 2   3 3
7 159 4   0 0   1 1   2 2   3 3
7 47 4   0 0   1 1   2 2   3 3
8 34 4   0 0   1 1   2 2   3 3
8 212 4   0 0   1 1   2 2   3 3
8 197 4   0 0   1 1   2 2   3 3
8 77 4   0 0   1 1   2 2   3 3
8 189 4   0 0   1 1   2 2   3 3
8 62 4   0 0   1 1   2 2   3 3
9 130 4   0 0   1 1   2 2   3 3
9 68 4   0 0   1 1   2 2   3 3
9 263 4   0 0   1 1   2 2   3 3
9 40 4   0 0   1 1   2 2   3 3
9 41 4   0 0   1 1   2 2   3 3
9 190 4   0 0   1 1   2 2   3 3
9 159 4   0 0   1 1   2 2   3 3
10 81 4   0 0   1 1   2 2   3 3
10 209 4   0 0   1 1   2 2   3 3
10 260 4   0 0   1 1   2 2   3 3
10 231 4   0 0   1 1   2 2   3 3
10 138 4   0 0   1 1   2 2   3 3
10 170 4   0 0   1 1   2 2   3 3
10 77 4   0 0   1 1   2 2   3 3
11 33 4   0 0   1 1   2 2   3 3
11 18 4   0 0   1 1   2 2   3 3
11 180 4   0 0   1 1   2 2   3 3
11 71 4   0 0   1 1   2 2   3 3
11 266 4   0 0   1 1   2 2   3 3
12 161 4   0 0   1 1   2 2   3 3
12 259 4   0 0   1 1   2 2   3 3
12 85 4   0 0   1 1   2 2   3 3
12 121 4   0 0   1 1   2 2   3 3
12 233 4   0 0   1 1   2 2   3 3
12 237 4   0 0   1 1   2 2   3 3
13 213 4   0 0   1 1   2 2   3 3
13 198 4   0 0   1 1   2 2   3 3
13 234 4   0 0   1 1   2 2   3 3
13 285 4   0 0   1 1   2 2   3 3
13 271 4   0 0   1 1   2 2   3 3
14 162 4   0 0   1 1   2 2   3 3
14 164 4   0 0   1 1   2 2   3 3
14 245 4   0 0   1 1   2 2   3 3
14 152 4   0 0   1 1   2 2   3 3
14 280 4   0 0   1 1   2 2   3 3
14 104 4   0 0   1 1   2 2   3 3
14 72 4   0 0   1 1   2 2   3 3
14 91 4   0 0   1 1   2 2   3 3
15 67 4   0 0   1 1   2 2   3 3
15 229 4   0 0   1 1   2 2   3 3
15 182 4   0 0   1 1   2 2   3 3
15 265 4   0 0   1 1   2 2   3 3
15 187 4   0 0   1 1   2 2   3 3
16 272 4   0 0   1 1   2 2   3 3
16 241 4   0 0   1 1   2 2   3 3
16 131 4   0 0   1 1   2 2   3 3
16 53 4   0 0   1 1   2 2   3 3
16 246 4   0 0   1 1   2 2   3 3
16 27 4   0 0   1 1   2 2   3 3
17 114 4   0 0   1 1   2 2   3 3
17 146 4   0 0   1 1   2 2   3 3
17 19 4   0 0   1 1   2 2   3 3
17 196 4   0 0   1 1   2 2   3 3
17 119 4   0 0   1 1   2 2   3 3
17 40 4   0 0   1 1   2 2   3 3
17 24 4   0 0   1 1   2 2   3 3
18 33 4   0 0   1 1   2 2   3 3
18 180 4   0 0   1 1   2 2   3 3
18 39 4   0 0   1 1   2 2   3 3
18 25 4   0 0   1 1   2 2   3 3
18 110 4   0 0   1 1   2 2   3 3
19 196 4   0 0   1 1   2 2   3 3
19 247 4   0 0   1 1   2 2   3 3
19 24 4   0 0   1 1   2 2   3 3
19 169 4   0 0   1 1   2 2   3 3
19 26 4   0 0   1 1   2 2   3 3
20 211 4   0 0   1 1   2 2   3 3
20 229 4   0 0   1 1   2 2   3 3
20 203 4   0 0   1 1   2 2   3 3
21 82 4   0 0   1 1   2 2   3 3
21 150 4   0 0   1 1   2 2   3 3
21 88 4   0 0   1 1   2 2   3 3
21 282 4   0 0   1 1   2 2   3 3
22 242 4   0 0   1 1   2 2   3 3
22 276 4   0 0   1 1   2 2   3 3
22 23 4   0 0   1 1   2 2   3 3
22 233 4   0 0   1 1   2 2   3 3
22 78 4   0 0   1 1   2 2   3 3
23 242 4   0 0   1 1   2 2   3 3
23 233 4   0 0   1 1   2 2   3 3
23 105 4   0 0   1 1   2 2   3 3
23 235 4   0 0   1 1   2 2   3 3
23 237 4   0 0   1 1   2 2   3 3
24 247 4   0 0   1 1   2 2   3 3
24 40 4   0 0   1 1   2 2   3 3
24 234 4   0 0   1 1   2 2   3 3
24 285 4   0 0   1 1   2 2   3 3
24 47 4   0 0   1 1   2 2   3 3
25 65 4   0 0   1 1   2 2   3 3
25 210 4   0 0   1 1   2 2   3 3
25 180 4   0 0   1 1   2 2   3 3
25 148 4   0 0   1 1   2 2   3 3
25 39 4   0 0   1 1   2 2   3 3
25 236 4   0 0   1 1   2 2   3 3
26 165 4   0 0   1 1   2 2   3 3
26 247 4   0 0   1 1   2 2   3 3
26 255 4   0 0   1 1   2 2   3 3
27 33 4   0 0   1 1   2 2   3 3
27 53 4   0 0   1 1   2 2   3 3
27 246 4   0 0   1 1   2 2   3 3
27 266 4   0 0   1 1   2 2   3 3
27 110 4   0 0   1 1   2 2   3 3
28 112 4   0 0   1 1   2 2   3 3
28 195 4   0 0   1 1   2 2   3 3
28 213 4   0 0   1 1   2 2   3 3
28 103 4   0 0   1 1   2 2   3 3
28 171 4   0 0   1 1   2 2   3 3
28 44 4   0 0   1 1   2 2   3 3
29 177 4   0 0   1 1   2 2   3 3
29 244 4   0 0   1 1   2 2   3 3
29 56 4   0 0   1 1   2 2   3 3
29 60 4   0 0   1 1   2 2   3 3
29 30 4   0 0   1 1   2 2   3 3
30 256 4   0 0   1 1   2 2   3 3
30 244 4   0 0   1 1   2 2   3 3
30 151 4   0 0   1 1   2 2   3 3
30 71 4   0 0   1 1   2 2   3 3
30 201 4   0 0   1 1   2 2   3 3
30 60 4   0 0   1 1   2 2   3 3
31 148 4   0 0   1 1   2 2   3 3
31 216 4   0 0   1 1   2 2   3 3
31 92 4   0 0   1 1   2 2   3 3
31 236 4   0 0   1 1   2 2   3 3
31 124 4   0 0   1 1   2 2   3 3
31 206 4   0 0   1 1   2 2   3 3
32 81 4   0 0   1 1   2 2   3 3
32 116 4   0 0   1 1   2 2   3 3
32 232 4   0 0   1 1   2 2   3 3
32 111 4   0 0   1 1   2 2   3 3
33 266 4   0 0   1 1   2 2   3 3
33 110 4   0 0   1 1   2 2   3 3
34 97 4   0 0   1 1   2 2   3 3
34 194 4   0 0   1 1   2 2   3 3
34 212 4   0 0   1 1   2 2   3 3
34 189 4   0 0   1 1   2 2   3 3
34 63 4   0 0   1 1   2 2   3 3
35 97 4   0 0   1 1   2 2   3 3
35 212 4   0 0   1 1   2 2   3 3
35 55 4   0 0   1 1   2 2   3 3
35 221 4   0 0   1 1   2 2   3 3
36 193 4   0 0   1 1   2 2   3 3
36 99 4   0 0   1 1   2 2   3 3
36 277 4   0 0   1 1   2 2   3 3
36 205 4   0 0   1 1   2 2   3 3
37 131 4   0 0   1 1   2 2   3 3
37 275 4   0 0   1 1   2 2   3 3
37 42 4   0 0   1 1   2 2   3 3
37 110 4   0 0   1 1   2 2   3 3
38 132 4   0 0   1 1   2 2   3 3
38 105 4   0 0   1 1   2 2   3 3
38 155 4   0 0   1 1   2 2   3 3
38 75 4   0 0   1 1   2 2   3 3
39 65 4   0 0   1 1   2 2   3 3
39 137 4   0 0   1 1   2 2   3 3
39 110 4   0 0   1 1   2 2   3 3
39 127 4   0 0   1 1   2 2   3 3
40 119 4   0 0   1 1   2 2   3 3
40 41 4   0 0   1 1   2 2   3 3
40 47 4   0 0   1 1   2 2   3 3
41 119 4   0 0   1 1   2 2   3 3
41 190 4   0 0   1 1   2 2   3 3
42 275 4   0 0   1 1   2 2   3 3
42 83 4   0 0   1 1   2 2   3 3
42 185 4   0 0   1 1   2 2   3 3
42 191 4   0 0   1 1   2 2   3 3
42 143 4   0 0   1 1   2 2   3 3
43 113 4   0 0   1 1   2 2   3 3
43 67 4   0 0   1 1   2 2   3 3
43 179 4   0 0   1 1   2 2   3 3
43 229 4   0 0   1 1   2 2   3 3
44 112 4   0 0   1 1   2 2   3 3
44 227 4   0 0   1 1   2 2   3 3
44 103 4   0 0   1 1   2 2   3 3
45 179 4   0 0   1 1   2 2   3 3
45 69 4   0 0   1 1   2 2   3 3
45 262 4   0 0   1 1   2 2   3 3
45 153 4   0 0   1 1   2 2   3 3
45 90 4   0 0   1 1   2 2   3 3
46 96 4   0 0   1 1   2 2   3 3
46 228 4   0 0   1 1   2 2   3 3
46 230 4   0 0   1 1   2 2   3 3
47 208 4   0 0   1 1   2 2   3 3
47 285 4   0 0   1 1   2 2   3 3
48 243 4   0 0   1 1   2 2   3 3
48 55 4   0 0   1 1   2 2   3 3
48 184 4   0 0   1 1   2 2   3 3
48 106 4   0 0   1 1   2 2   3 3
48 107 4   0 0   1 1   2 2   3 3
48 173 4   0 0   1 1   2 2   3 3
49 210 4   0 0   1 1   2 2   3 3
49 182 4   0 0   1 1   2 2   3 3
49 279 4   0 0   1 1   2 2   3 3
49 89 4   0 0   1 1   2 2   3 3
49 123 4   0 0   1 1   2 2   3 3
49 206 4   0 0   1 1   2 2   3 3
50 274 4   0 0   1 1   2 2   3 3
50 88 4   0 0   1 1   2 2   3 3
50 250 4   0 0   1 1   2 2   3 3
50 76 4   0 0   1 1   2 2   3 3
50 62 4   0 0   1 1   2 2   3 3
51 65 4   0 0   1 1   2 2   3 3
51 200 4   0 0   1 1   2 2   3 3
51 216 4   0 0   1 1   2 2   3 3
51 137 4   0 0   1 1   2 2   3 3
51 155 4   0 0   1 1   2 2   3 3
51 236 4   0 0   1 1   2 2   3 3
52 113 4   0 0   1 1   2 2   3 3
52 225 4   0 0   1 1   2 2   3 3
52 258 4   0 0   1 1   2 2   3 3
52 154 4   0 0   1 1   2 2   3 3
52 126 4   0 0   1 1   2 2   3 3
53 131 4   0 0   1 1   2 2   3 3
53 110 4   0 0   1 1   2 2   3 3
54 183 4   0 0   1 1   2 2   3 3
54 104 4   0 0   1 1   2 2   3 3
55 260 4   0 0   1 1   2 2   3 3
55 212 4   0 0   1 1   2 2   3 3
55 184 4   0 0   1 1   2 2   3 3
55 170 4   0 0   1 1   2 2   3 3
55 109 4   0 0   1 1   2 2   3 3
55 173 4   0 0   1 1   2 2   3 3
55 221 4   0 0   1 1   2 2   3 3
56 177 4   0 0   1 1   2 2   3 3
56 60 4   0 0   1 1   2 2   3 3
56 268 4   0 0   1 1   2 2   3 3
57 228 4   0 0   1 1   2 2   3 3
57 136 4   0 0   1 1   2 2   3 3
57 254 4   0 0   1 1   2 2   3 3
57 222 4   0 0   1 1   2 2   3 3
58 256 4   0 0   1 1   2 2   3 3
58 84 4   0 0   1 1   2 2   3 3
58 201 4   0 0   1 1   2 2   3 3
58 125 4   0 0   1 1   2 2   3 3
58 94 4   0 0   1 1   2 2   3 3
59 273 4   0 0   1 1   2 2   3 3
59 162 4   0 0   1 1   2 2   3 3
59 168 4   0 0   1 1   2 2   3 3
59 281 4   0 0   1 1   2 2   3 3
59 140 4   0 0   1 1   2 2   3 3
60 151 4   0 0   1 1   2 2   3 3
61 128 4   0 0   1 1   2 2   3 3
61 172 4   0 0   1 1   2 2   3 3
62 197 4   0 0   1 1   2 2   3 3
62 250 4   0 0   1 1   2 2   3 3
62 76 4   0 0   1 1   2 2   3 3
62 77 4   0 0   1 1   2 2   3 3
63 97 4   0 0   1 1   2 2   3 3
63 130 4   0 0   1 1   2 2   3 3
63 194 4   0 0   1 1   2 2   3 3
63 147 4   0 0   1 1   2 2   3 3
64 178 4   0 0   1 1   2 2   3 3
64 86 4   0 0   1 1   2 2   3 3
64 202 4   0 0   1 1   2 2   3 3
65 137 4   0 0   1 1   2 2   3 3
65 236 4   0 0   1 1   2 2   3 3
66 129 4   0 0   1 1   2 2   3 3
66 226 4   0 0   1 1   2 2   3 3
66 163 4   0 0   1 1   2 2   3 3
66 214 4   0 0   1 1   2 2   3 3
66 122 4   0 0   1 1   2 2   3 3
66 283 4   0 0   1 1   2 2   3 3
67 179 4   0 0   1 1   2 2   3 3
67 229 4   0 0   1 1   2 2   3 3
67 265 4   0 0   1 1   2 2   3 3
67 153 4   0 0   1 1   2 2   3 3
68 130 4   0 0   1 1   2 2   3 3
68 190 4   0 0   1 1   2 2   3 3
69 224 4   0 0   1 1   2 2   3 3
69 99 4   0 0   1 1   2 2   3 3
69 262 4   0 0   1 1   2 2   3 3
69 90 4   0 0   1 1   2 2   3 3
69 107 4   0 0   1 1   2 2   3 3
69 205 4   0 0   1 1   2 2   3 3
70 82 4   0 0   1 1   2 2   3 3
70 162 4   0 0   1 1   2 2   3 3
70 281 4   0 0   1 1   2 2   3 3
70 282 4   0 0   1 1   2 2   3 3
70 140 4   0 0   1 1   2 2   3 3
71 244 4   0 0   1 1   2 2   3 3
71 180 4   0 0   1 1   2 2   3 3
71 246 4   0 0   1 1   2 2   3 3
71 201 4   0 0   1 1   2 2   3 3
71 266 4   0 0   1 1   2 2   3 3
71 94 4   0 0   1 1   2 2   3 3
72 102 4   0 0   1 1   2 2   3 3
72 152 4   0 0   1 1   2 2   3 3
72 91 4   0 0   1 1   2 2   3 3
72 253 4   0 0   1 1   2 2   3 3
73 146 4   0 0   1 1   2 2   3 3
73 196 4   0 0   1 1   2 2   3 3
73 149 4   0 0   1 1   2 2   3 3
73 217 4   0 0   1 1   2 2   3 3
74 133 4   0 0   1 1   2 2   3 3
74 123 4   0 0   1 1   2 2   3 3
74 139 4   0 0   1 1   2 2   3 3
74 206 4   0 0   1 1   2 2   3 3
75 132 4   0 0   1 1   2 2   3 3
75 200 4   0 0   1 1   2 2   3 3
75 185 4   0 0   1 1   2 2   3 3
75 155 4   0 0   1 1   2 2   3 3
76 209 4   0 0   1 1   2 2   3 3
76 274 4   0 0   1 1   2 2   3 3
76 231 4   0 0   1 1   2 2   3 3
76 108 4   0 0   1 1   2 2   3 3
76 77 4   0 0   1 1   2 2   3 3
76 158 4   0 0   1 1   2 2   3 3
77 209 4   0 0   1 1   2 2   3 3
77 260 4   0 0   1 1   2 2   3 3
77 212 4   0 0   1 1   2 2   3 3
78 160 4   0 0   1 1   2 2   3 3
78 193 4   0 0   1 1   2 2   3 3
78 115 4   0 0   1 1   2 2   3 3
78 276 4   0 0   1 1   2 2   3 3
78 199 4   0 0   1 1   2 2   3 3
78 233 4   0 0   1 1   2 2   3 3
79 209 4   0 0   1 1   2 2   3 3
79 231 4   0 0   1 1   2 2   3 3
80 115 4   0 0   1 1   2 2   3 3
80 276 4   0 0   1 1   2 2   3 3
80 156 4   0 0   1 1   2 2   3 3
80 190 4   0 0   1 1   2 2   3 3
80 175 4   0 0   1 1   2 2   3 3
81 116 4   0 0   1 1   2 2   3 3
81 231 4   0 0   1 1   2 2   3 3
81 232 4   0 0   1 1   2 2   3 3
81 138 4   0 0   1 1   2 2   3 3
81 108 4   0 0   1 1   2 2   3 3
82 150 4   0 0   1 1   2 2   3 3
82 264 4   0 0   1 1   2 2   3 3
82 168 4   0 0   1 1   2 2   3 3
82 282 4   0 0   1 1   2 2   3 3
82 140 4   0 0   1 1   2 2   3 3
83 176 4   0 0   1 1   2 2   3 3
83 257 4   0 0   1 1   2 2   3 3
83 248 4   0 0   1 1   2 2   3 3
83 143 4   0 0   1 1   2 2   3 3
83 191 4   0 0   1 1   2 2   3 3
84 180 4   0 0   1 1   2 2   3 3
84 89 4   0 0   1 1   2 2   3 3
84 125 4   0 0   1 1   2 2   3 3
84 94 4   0 0   1 1   2 2   3 3
85 161 4   0 0   1 1   2 2   3 3
85 235 4   0 0   1 1   2 2   3 3
85 92 4   0 0   1 1   2 2   3 3
85 124 4   0 0   1 1   2 2   3 3
85 237 4   0 0   1 1   2 2   3 3
86 240 4   0 0   1 1   2 2   3 3
86 202 4   0 0   1 1   2 2   3 3
87 176 4   0 0   1 1   2 2   3 3
87 117 4   0 0   1 1   2 2   3 3
87 135 4   0 0   1 1   2 2   3 3
87 248 4   0 0   1 1   2 2   3 3
87 283 4   0 0   1 1   2 2   3 3
87 143 4   0 0   1 1   2 2   3 3
88 150 4   0 0   1 1   2 2   3 3
88 250 4   0 0   1 1   2 2   3 3
89 210 4   0 0   1 1   2 2   3 3
89 180 4   0 0   1 1   2 2   3 3
89 279 4   0 0   1 1   2 2   3 3
89 125 4   0 0   1 1   2 2   3 3
90 224 4   0 0   1 1   2 2   3 3
91 102 4   0 0   1 1   2 2   3 3
91 183 4   0 0   1 1   2 2   3 3
91 104 4   0 0   1 1   2 2   3 3
92 161 4   0 0   1 1   2 2   3 3
92 124 4   0 0   1 1   2 2   3 3
93 100 4   0 0   1 1   2 2   3 3
93 167 4   0 0   1 1   2 2   3 3
93 169 4   0 0   1 1   2 2   3 3
93 174 4   0 0   1 1   2 2   3 3
93 254 4   0 0   1 1   2 2   3 3
93 222 4   0 0   1 1   2 2   3 3
94 180 4   0 0   1 1   2 2   3 3
94 201 4   0 0   1 1   2 2   3 3
95 114 4   0 0   1 1   2 2   3 3
95 135 4   0 0   1 1   2 2   3 3
95 156 4   0 0   1 1   2 2   3 3
95 270 4   0 0   1 1   2 2   3 3
95 238 4   0 0   1 1   2 2   3 3
95 175 4   0 0   1 1   2 2   3 3
96 230 4   0 0   1 1   2 2   3 3
96 120 4   0 0   1 1   2 2   3 3
96 223 4   0 0   1 1   2 2   3 3
97 160 4   0 0   1 1   2 2   3 3
97 147 4   0 0   1 1   2 2   3 3
97 212 4   0 0   1 1   2 2   3 3
97 221 4   0 0   1 1   2 2   3 3
98 273 4   0 0   1 1   2 2   3 3
98 162 4   0 0   1 1   2 2   3 3
98 245 4   0 0   1 1   2 2   3 3
98 215 4   0 0   1 1   2 2   3 3
98 269 4   0 0   1 1   2 2   3 3
99 277 4   0 0   1 1   2 2   3 3
99 184 4   0 0   1 1   2 2   3 3
99 107 4   0 0   1 1   2 2   3 3
99 205 4   0 0   1 1   2 2   3 3
100 167 4   0 0   1 1   2 2   3 3
100 254 4   0 0   1 1   2 2   3 3
101 227 4   0 0   1 1   2 2   3 3
101 120 4   0 0   1 1   2 2   3 3
101 252 4   0 0   1 1   2 2   3 3
101 223 4   0 0   1 1   2 2   3 3
102 183 4   0 0   1 1   2 2   3 3
102 171 4   0 0   1 1   2 2   3 3
102 253 4   0 0   1 1   2 2   3 3
102 157 4   0 0   1 1   2 2   3 3
103 192 4   0 0   1 1   2 2   3 3
103 195 4   0 0   1 1   2 2   3 3
103 227 4   0 0   1 1   2 2   3 3
104 178 4   0 0   1 1   2 2   3 3
104 280 4   0 0   1 1   2 2   3 3
105 242 4   0 0   1 1   2 2   3 3
105 132 4   0 0   1 1   2 2   3 3
105 235 4   0 0   1 1   2 2   3 3
105 155 4   0 0   1 1   2 2   3 3
105 270 4   0 0   1 1   2 2   3 3
106 243 4   0 0   1 1   2 2   3 3
106 138 4   0 0   1 1   2 2   3 3
106 204 4   0 0   1 1   2 2   3 3
106 173 4   0 0   1 1   2 2   3 3
107 224 4   0 0   1 1   2 2   3 3
107 243 4   0 0   1 1   2 2   3 3
107 184 4   0 0   1 1   2 2   3 3
108 116 4   0 0   1 1   2 2   3 3
108 231 4   0 0   1 1   2 2   3 3
108 158 4   0 0   1 1   2 2   3 3
109 277 4   0 0   1 1   2 2   3 3
109 199 4   0 0   1 1   2 2   3 3
109 184 4   0 0   1 1   2 2   3 3
109 221 4   0 0   1 1   2 2   3 3
110 131 4   0 0   1 1   2 2   3 3
110 275 4   0 0   1 1   2 2   3 3
110 185 4   0 0   1 1   2 2   3 3
110 127 4   0 0   1 1   2 2   3 3
111 116 4   0 0   1 1   2 2   3 3
111 118 4   0 0   1 1   2 2   3 3
111 232 4   0 0   1 1   2 2   3 3
111 219 4   0 0   1 1   2 2   3 3
112 227 4   0 0   1 1   2 2   3 3
112 278 4   0 0   1 1   2 2   3 3
112 171 4   0 0   1 1   2 2   3 3
113 211 4   0 0   1 1   2 2   3 3
113 229 4   0 0   1 1   2 2   3 3
113 126 4   0 0   1 1   2 2   3 3
114 146 4   0 0   1 1   2 2   3 3
114 119 4   0 0   1 1   2 2   3 3
114 156 4   0 0   1 1   2 2   3 3
114 190 4   0 0   1 1   2 2   3 3
114 238 4   0 0   1 1   2 2   3 3
115 160 4   0 0   1 1   2 2   3 3
115 130 4   0 0   1 1   2 2   3 3
115 147 4   0 0   1 1   2 2   3 3
115 276 4   0 0   1 1   2 2   3 3
115 190 4   0 0   1 1   2 2   3 3
117 163 4   0 0   1 1   2 2   3 3
117 135 4   0 0   1 1   2 2   3 3
117 283 4   0 0   1 1   2 2   3 3
117 238 4   0 0   1 1   2 2   3 3
118 232 4   0 0   1 1   2 2   3 3
118 186 4   0 0   1 1   2 2   3 3
118 154 4   0 0   1 1   2 2   3 3
118 219 4   0 0   1 1   2 2   3 3
118 204 4   0 0   1 1   2 2   3 3
119 190 4   0 0   1 1   2 2   3 3
120 252 4   0 0   1 1   2 2   3 3
120 223 4   0 0   1 1   2 2   3 3
121 259 4   0 0   1 1   2 2   3 3
121 262 4   0 0   1 1   2 2   3 3
121 233 4   0 0   1 1   2 2   3 3
121 142 4   0 0   1 1   2 2   3 3
121 239 4   0 0   1 1   2 2   3 3
122 257 4   0 0   1 1   2 2   3 3
122 214 4   0 0   1 1   2 2   3 3
122 248 4   0 0   1 1   2 2   3 3
122 283 4   0 0   1 1   2 2   3 3
123 133 4   0 0   1 1   2 2   3 3
123 182 4   0 0   1 1   2 2   3 3
123 206 4   0 0   1 1   2 2   3 3
124 216 4   0 0   1 1   2 2   3 3
124 235 4   0 0   1 1   2 2   3 3
124 155 4   0 0   1 1   2 2   3 3
125 279 4   0 0   1 1   2 2   3 3
126 258 4   0 0   1 1   2 2   3 3
126 211 4   0 0   1 1   2 2   3 3
126 203 4   0 0   1 1   2 2   3 3
127 137 4   0 0   1 1   2 2   3 3
127 185 4   0 0   1 1   2 2   3 3
128 258 4   0 0   1 1   2 2   3 3
128 186 4   0 0   1 1   2 2   3 3
128 219 4   0 0   1 1   2 2   3 3
128 172 4   0 0   1 1   2 2   3 3
129 226 4   0 0   1 1   2 2   3 3
129 214 4   0 0   1 1   2 2   3 3
129 167 4   0 0   1 1   2 2   3 3
129 174 4   0 0   1 1   2 2   3 3
130 194 4   0 0   1 1   2 2   3 3
130 147 4   0 0   1 1   2 2   3 3
130 166 4   0 0   1 1   2 2   3 3
130 263 4   0 0   1 1   2 2   3 3
130 190 4   0 0   1 1   2 2   3 3
131 272 4   0 0   1 1   2 2   3 3
132 135 4   0 0   1 1   2 2   3 3
132 185 4   0 0   1 1   2 2   3 3
132 270 4   0 0   1 1   2 2   3 3
132 143 4   0 0   1 1   2 2   3 3
133 259 4   0 0   1 1   2 2   3 3
133 261 4   0 0   1 1   2 2   3 3
133 182 4   0 0   1 1   2 2   3 3
133 139 4   0 0   1 1   2 2   3 3
133 142 4   0 0   1 1   2 2   3 3
134 272 4   0 0   1 1   2 2   3 3
134 191 4   0 0   1 1   2 2   3 3
135 270 4   0 0   1 1   2 2   3 3
135 238 4   0 0   1 1   2 2   3 3
135 143 4   0 0   1 1   2 2   3 3
136 145 4   0 0   1 1   2 2   3 3
136 228 4   0 0   1 1   2 2   3 3
136 169 4   0 0   1 1   2 2   3 3
136 222 4   0 0   1 1   2 2   3 3
137 200 4   0 0   1 1   2 2   3 3
137 185 4   0 0   1 1   2 2   3 3
138 232 4   0 0   1 1   2 2   3 3
138 170 4   0 0   1 1   2 2   3 3
138 204 4   0 0   1 1   2 2   3 3
138 173 4   0 0   1 1   2 2   3 3
139 259 4   0 0   1 1   2 2   3 3
139 206 4   0 0   1 1   2 2   3 3
140 168 4   0 0   1 1   2 2   3 3
140 281 4   0 0   1 1   2 2   3 3
141 194 4   0 0   1 1   2 2   3 3
141 166 4   0 0   1 1   2 2   3 3
141 215 4   0 0   1 1   2 2   3 3
141 188 4   0 0   1 1   2 2   3 3
141 189 4   0 0   1 1   2 2   3 3
142 259 4   0 0   1 1   2 2   3 3
142 261 4   0 0   1 1   2 2   3 3
142 262 4   0 0   1 1   2 2   3 3
142 265 4   0 0   1 1   2 2   3 3
142 153 4   0 0   1 1   2 2   3 3
143 176 4   0 0   1 1   2 2   3 3
143 185 4   0 0   1 1   2 2   3 3
144 192 4   0 0   1 1   2 2   3 3
144 165 4   0 0   1 1   2 2   3 3
144 252 4   0 0   1 1   2 2   3 3
144 255 4   0 0   1 1   2 2   3 3
145 228 4   0 0   1 1   2 2   3 3
146 196 4   0 0   1 1   2 2   3 3
146 217 4   0 0   1 1   2 2   3 3
146 238 4   0 0   1 1   2 2   3 3
147 160 4   0 0   1 1   2 2   3 3
148 210 4   0 0   1 1   2 2   3 3
148 236 4   0 0   1 1   2 2   3 3
148 206 4   0 0   1 1   2 2   3 3
149 196 4   0 0   1 1   2 2   3 3
149 217 4   0 0   1 1   2 2   3 3
149 169 4   0 0   1 1   2 2   3 3
150 197 4   0 0   1 1   2 2   3 3
150 264 4   0 0   1 1   2 2   3 3
150 250 4   0 0   1 1   2 2   3 3
151 256 4   0 0   1 1   2 2   3 3
152 208 4   0 0   1 1   2 2   3 3
152 245 4   0 0   1 1   2 2   3 3
152 218 4   0 0   1 1   2 2   3 3
152 253 4   0 0   1 1   2 2   3 3
152 271 4   0 0   1 1   2 2   3 3
153 179 4   0 0   1 1   2 2   3 3
153 262 4   0 0   1 1   2 2   3 3
153 265 4   0 0   1 1   2 2   3 3
154 225 4   0 0   1 1   2 2   3 3
154 258 4   0 0   1 1   2 2   3 3
154 186 4   0 0   1 1   2 2   3 3
154 204 4   0 0   1 1   2 2   3 3
154 284 4   0 0   1 1   2 2   3 3
155 216 4   0 0   1 1   2 2   3 3
155 200 4   0 0   1 1   2 2   3 3
155 235 4   0 0   1 1   2 2   3 3
156 190 4   0 0   1 1   2 2   3 3
156 175 4   0 0   1 1   2 2   3 3
157 278 4   0 0   1 1   2 2   3 3
157 183 4   0 0   1 1   2 2   3 3
157 171 4   0 0   1 1   2 2   3 3
158 274 4   0 0   1 1   2 2   3 3
159 208 4   0 0   1 1   2 2   3 3
159 166 4   0 0   1 1   2 2   3 3
159 263 4   0 0   1 1   2 2   3 3
159 188 4   0 0   1 1   2 2   3 3
159 269 4   0 0   1 1   2 2   3 3
160 199 4   0 0   1 1   2 2   3 3
160 221 4   0 0   1 1   2 2   3 3
161 259 4   0 0   1 1   2 2   3 3
161 206 4   0 0   1 1   2 2   3 3
162 240 4   0 0   1 1   2 2   3 3
162 273 4   0 0   1 1   2 2   3 3
162 164 4   0 0   1 1   2 2   3 3
162 245 4   0 0   1 1   2 2   3 3
162 281 4   0 0   1 1   2 2   3 3
163 226 4   0 0   1 1   2 2   3 3
163 217 4   0 0   1 1   2 2   3 3
163 283 4   0 0   1 1   2 2   3 3
164 240 4   0 0   1 1   2 2   3 3
164 181 4   0 0   1 1   2 2   3 3
164 280 4   0 0   1 1   2 2   3 3
164 220 4   0 0   1 1   2 2   3 3
165 255 4   0 0   1 1   2 2   3 3
166 194 4   0 0   1 1   2 2   3 3
166 263 4   0 0   1 1   2 2   3 3
166 188 4   0 0   1 1   2 2   3 3
167 214 4   0 0   1 1   2 2   3 3
167 174 4   0 0   1 1   2 2   3 3
168 273 4   0 0   1 1   2 2   3 3
168 215 4   0 0   1 1   2 2   3 3
168 264 4   0 0   1 1   2 2   3 3
168 251 4   0 0   1 1   2 2   3 3
169 196 4   0 0   1 1   2 2   3 3
169 249 4   0 0   1 1   2 2   3 3
169 217 4   0 0   1 1   2 2   3 3
169 174 4   0 0   1 1   2 2   3 3
169 222 4   0 0   1 1   2 2   3 3
170 260 4   0 0   1 1   2 2   3 3
170 173 4   0 0   1 1   2 2   3 3
171 213 4   0 0   1 1   2 2   3 3
171 278 4   0 0   1 1   2 2   3 3
171 253 4   0 0   1 1   2 2   3 3
171 271 4   0 0   1 1   2 2   3 3
172 258 4   0 0   1 1   2 2   3 3
172 203 4   0 0   1 1   2 2   3 3
174 226 4   0 0   1 1   2 2   3 3
174 249 4   0 0   1 1   2 2   3 3
175 242 4   0 0   1 1   2 2   3 3
175 276 4   0 0   1 1   2 2   3 3
175 270 4   0 0   1 1   2 2   3 3
176 248 4   0 0   1 1   2 2   3 3
177 244 4   0 0   1 1   2 2   3 3
177 268 4   0 0   1 1   2 2   3 3
178 181 4   0 0   1 1   2 2   3 3
178 280 4   0 0   1 1   2 2   3 3
178 202 4   0 0   1 1   2 2   3 3
178 220 4   0 0   1 1   2 2   3 3
181 280 4   0 0   1 1   2 2   3 3
181 220 4   0 0   1 1   2 2   3 3
182 261 4   0 0   1 1   2 2   3 3
182 279 4   0 0   1 1   2 2   3 3
182 187 4   0 0   1 1   2 2   3 3
184 277 4   0 0   1 1   2 2   3 3
185 275 4   0 0   1 1   2 2   3 3
185 200 4   0 0   1 1   2 2   3 3
186 258 4   0 0   1 1   2 2   3 3
186 219 4   0 0   1 1   2 2   3 3
187 261 4   0 0   1 1   2 2   3 3
187 265 4   0 0   1 1   2 2   3 3
188 215 4   0 0   1 1   2 2   3 3
188 269 4   0 0   1 1   2 2   3 3
189 194 4   0 0   1 1   2 2   3 3
189 197 4   0 0   1 1   2 2   3 3
189 215 4   0 0   1 1   2 2   3 3
191 257 4   0 0   1 1   2 2   3 3
192 195 4   0 0   1 1   2 2   3 3
192 227 4   0 0   1 1   2 2   3 3
192 252 4   0 0   1 1   2 2   3 3
192 255 4   0 0   1 1   2 2   3 3
193 277 4   0 0   1 1   2 2   3 3
193 199 4   0 0   1 1   2 2   3 3
193 233 4   0 0   1 1   2 2   3 3
193 267 4   0 0   1 1   2 2   3 3
193 205 4   0 0   1 1   2 2   3 3
195 213 4   0 0   1 1   2 2   3 3
195 198 4   0 0   1 1   2 2   3 3
195 255 4   0 0   1 1   2 2   3 3
197 215 4   0 0   1 1   2 2   3 3
197 264 4   0 0   1 1   2 2   3 3
197 250 4   0 0   1 1   2 2   3 3
198 213 4   0 0   1 1   2 2   3 3
198 247 4   0 0   1 1   2 2   3 3
198 234 4   0 0   1 1   2 2   3 3
198 255 4   0 0   1 1   2 2   3 3
199 277 4   0 0   1 1   2 2   3 3
199 221 4   0 0   1 1   2 2   3 3
201 256 4   0 0   1 1   2 2   3 3
202 240 4   0 0   1 1   2 2   3 3
202 220 4   0 0   1 1   2 2   3 3
203 258 4   0 0   1 1   2 2   3 3
203 211 4   0 0   1 1   2 2   3 3
204 243 4   0 0   1 1   2 2   3 3
204 232 4   0 0   1 1   2 2   3 3
204 284 4   0 0   1 1   2 2   3 3
205 262 4   0 0   1 1   2 2   3 3
205 267 4   0 0   1 1   2 2   3 3
205 239 4   0 0   1 1   2 2   3 3
206 210 4   0 0   1 1   2 2   3 3
206 259 4   0 0   1 1   2 2   3 3
207 208 4   0 0   1 1   2 2   3 3
207 218 4   0 0   1 1   2 2   3 3
207 269 4   0 0   1 1   2 2   3 3
208 218 4   0 0   1 1   2 2   3 3
208 269 4   0 0   1 1   2 2   3 3
209 231 4   0 0   1 1   2 2   3 3
211 229 4   0 0   1 1   2 2   3 3
212 260 4   0 0   1 1   2 2   3 3
213 271 4   0 0   1 1   2 2   3 3
215 273 4   0 0   1 1   2 2   3 3
215 264 4   0 0   1 1   2 2   3 3
215 251 4   0 0   1 1   2 2   3 3
215 269 4   0 0   1 1   2 2   3 3
216 236 4   0 0   1 1   2 2   3 3
217 226 4   0 0   1 1   2 2   3 3
217 249 4   0 0   1 1   2 2   3 3
217 238 4   0 0   1 1   2 2   3 3
218 245 4   0 0   1 1   2 2   3 3
218 269 4   0 0   1 1   2 2   3 3
220 240 4   0 0   1 1   2 2   3 3
222 254 4   0 0   1 1   2 2   3 3
224 225 4   0 0   1 1   2 2   3 3
224 243 4   0 0   1 1   2 2   3 3
224 284 4   0 0   1 1   2 2   3 3
225 284 4   0 0   1 1   2 2   3 3
226 249 4   0 0   1 1   2 2   3 3
227 252 4   0 0   1 1   2 2   3 3
233 267 4   0 0   1 1   2 2   3 3
233 237 4   0 0   1 1   2 2   3 3
233 239 4   0 0   1 1   2 2   3 3
234 247 4   0 0   1 1   2 2   3 3
234 285 4   0 0   1 1   2 2   3 3
235 237 4   0 0   1 1   2 2   3 3
239 262 4   0 0   1 1   2 2   3 3
239 267 4   0 0   1 1   2 2   3 3
241 244 4   0 0   1 1   2 2   3 3
241 246 4   0 0   1 1   2 2   3 3
241 268 4   0 0   1 1   2 2   3 3
242 276 4   0 0   1 1   2 2   3 3
243 284 4   0 0   1 1   2 2   3 3
244 246 4   0 0   1 1   2 2   3 3
244 268 4   0 0   1 1   2 2   3 3
245 269 4   0 0   1 1   2 2   3 3
246 266 4   0 0   1 1   2 2   3 3
247 255 4   0 0   1 1   2 2   3 3
248 257 4   0 0   1 1   2 2   3 3
248 283 4   0 0   1 1   2 2   3 3
251 273 4   0 0   1 1   2 2   3 3
253 271 4   0 0   1 1   2 2   3 3
261 265 4   0 0   1 1   2 2   3 3
