207
1 4 0 1 2 3
2 4 0 1 2 3
3 4 0 1 2 3
4 4 0 1 2 3
5 4 0 1 2 3
6 4 0 1 2 3
7 4 0 1 2 3
8 4 0 1 2 3
9 4 0 1 2 3
10 4 0 1 2 3
11 4 0 1 2 3
12 4 0 1 2 3
13 4 0 1 2 3
14 4 0 1 2 3
15 4 0 1 2 3
16 4 0 1 2 3
17 4 0 1 2 3
18 4 0 1 2 3
19 4 0 1 2 3
20 4 0 1 2 3
21 4 0 1 2 3
22 4 0 1 2 3
23 4 0 1 2 3
24 4 0 1 2 3
25 4 0 1 2 3
26 4 0 1 2 3
27 4 0 1 2 3
28 4 0 1 2 3
29 4 0 1 2 3
30 4 0 1 2 3
31 4 0 1 2 3
32 4 0 1 2 3
33 4 0 1 2 3
34 4 0 1 2 3
35 4 0 1 2 3
36 4 0 1 2 3
37 4 0 1 2 3
38 4 0 1 2 3
39 4 0 1 2 3
40 4 0 1 2 3
41 4 0 1 2 3
42 4 0 1 2 3
43 4 0 1 2 3
44 4 0 1 2 3
45 4 0 1 2 3
46 4 0 1 2 3
47 4 0 1 2 3
48 4 0 1 2 3
49 4 0 1 2 3
50 4 0 1 2 3
51 4 0 1 2 3
52 4 0 1 2 3
53 4 0 1 2 3
54 4 0 1 2 3
55 4 0 1 2 3
56 4 0 1 2 3
57 4 0 1 2 3
58 4 0 1 2 3
59 4 0 1 2 3
60 4 0 1 2 3
61 4 0 1 2 3
62 4 0 1 2 3
63 4 0 1 2 3
64 4 0 1 2 3
65 4 0 1 2 3
66 4 0 1 2 3
67 4 0 1 2 3
68 4 0 1 2 3
69 4 0 1 2 3
70 4 0 1 2 3
71 4 0 1 2 3
72 4 0 1 2 3
73 4 0 1 2 3
74 4 0 1 2 3
75 4 0 1 2 3
76 4 0 1 2 3
77 4 0 1 2 3
78 4 0 1 2 3
79 4 0 1 2 3
80 4 0 1 2 3
81 4 0 1 2 3
82 4 0 1 2 3
83 4 0 1 2 3
84 4 0 1 2 3
85 4 0 1 2 3
86 4 0 1 2 3
87 4 0 1 2 3
88 4 0 1 2 3
89 4 0 1 2 3
90 4 0 1 2 3
91 4 0 1 2 3
92 4 0 1 2 3
93 4 0 1 2 3
94 4 0 1 2 3
95 4 0 1 2 3
96 4 0 1 2 3
97 4 0 1 2 3
98 4 0 1 2 3
99 4 0 1 2 3
100 4 0 1 2 3
101 4 0 1 2 3
102 4 0 1 2 3
103 4 0 1 2 3
104 4 0 1 2 3
105 4 0 1 2 3
106 4 0 1 2 3
107 4 0 1 2 3
108 4 0 1 2 3
109 4 0 1 2 3
110 4 0 1 2 3
111 4 0 1 2 3
112 4 0 1 2 3
113 4 0 1 2 3
114 4 0 1 2 3
115 4 0 1 2 3
116 4 0 1 2 3
117 4 0 1 2 3
118 4 0 1 2 3
119 4 0 1 2 3
120 4 0 1 2 3
121 4 0 1 2 3
122 4 0 1 2 3
123 4 0 1 2 3
124 4 0 1 2 3
125 4 0 1 2 3
126 4 0 1 2 3
127 4 0 1 2 3
128 4 0 1 2 3
129 4 0 1 2 3
130 4 0 1 2 3
131 4 0 1 2 3
132 4 0 1 2 3
133 4 0 1 2 3
134 4 0 1 2 3
135 4 0 1 2 3
136 4 0 1 2 3
137 4 0 1 2 3
138 4 0 1 2 3
139 4 0 1 2 3
140 4 0 1 2 3
141 4 0 1 2 3
142 4 0 1 2 3
143 4 0 1 2 3
144 4 0 1 2 3
145 4 0 1 2 3
146 4 0 1 2 3
147 4 0 1 2 3
148 4 0 1 2 3
149 4 0 1 2 3
150 4 0 1 2 3
151 4 0 1 2 3
152 4 0 1 2 3
153 4 0 1 2 3
154 4 0 1 2 3
155 4 0 1 2 3
156 4 0 1 2 3
157 4 0 1 2 3
158 4 0 1 2 3
159 4 0 1 2 3
160 4 0 1 2 3
161 4 0 1 2 3
162 4 0 1 2 3
163 4 0 1 2 3
164 4 0 1 2 3
165 4 0 1 2 3
166 4 0 1 2 3
167 4 0 1 2 3
168 4 0 1 2 3
169 4 0 1 2 3
170 4 0 1 2 3
171 4 0 1 2 3
172 4 0 1 2 3
173 4 0 1 2 3
174 4 0 1 2 3
175 4 0 1 2 3
176 4 0 1 2 3
177 4 0 1 2 3
178 4 0 1 2 3
179 4 0 1 2 3
180 4 0 1 2 3
181 4 0 1 2 3
182 4 0 1 2 3
183 4 0 1 2 3
184 4 0 1 2 3
185 4 0 1 2 3
186 4 0 1 2 3
187 4 0 1 2 3
188 4 0 1 2 3
189 4 0 1 2 3
190 4 0 1 2 3
191 4 0 1 2 3
192 4 0 1 2 3
193 4 0 1 2 3
194 4 0 1 2 3
195 4 0 1 2 3
196 4 0 1 2 3
197 4 0 1 2 3
198 4 0 1 2 3
199 4 0 1 2 3
200 4 0 1 2 3
201 4 0 1 2 3
202 4 0 1 2 3
203 4 0 1 2 3
204 4 0 1 2 3
205 4 0 1 2 3
206 4 0 1 2 3
207 4 0 1 2 3
576
1 136 4   0 0   1 1   2 2   3 3
1 11 4   0 0   1 1   2 2   3 3
2 129 4   0 0   1 1   2 2   3 3
2 158 4   0 0   1 1   2 2   3 3
2 15 4   0 0   1 1   2 2   3 3
2 207 4   0 0   1 1   2 2   3 3
3 192 4   0 0   1 1   2 2   3 3
3 144 4   0 0   1 1   2 2   3 3
3 152 4   0 0   1 1   2 2   3 3
3 60 4   0 0   1 1   2 2   3 3
3 30 4   0 0   1 1   2 2   3 3
3 95 4   0 0   1 1   2 2   3 3
4 160 4   0 0   1 1   2 2   3 3
4 19 4   0 0   1 1   2 2   3 3
4 121 4   0 0   1 1   2 2   3 3
5 176 4   0 0   1 1   2 2   3 3
5 56 4   0 0   1 1   2 2   3 3
5 154 4   0 0   1 1   2 2   3 3
5 171 4   0 0   1 1   2 2   3 3
5 189 4   0 0   1 1   2 2   3 3
5 125 4   0 0   1 1   2 2   3 3
6 129 4   0 0   1 1   2 2   3 3
6 66 4   0 0   1 1   2 2   3 3
6 106 4   0 0   1 1   2 2   3 3
6 173 4   0 0   1 1   2 2   3 3
6 62 4   0 0   1 1   2 2   3 3
6 47 4   0 0   1 1   2 2   3 3
7 192 4   0 0   1 1   2 2   3 3
7 33 4   0 0   1 1   2 2   3 3
7 34 4   0 0   1 1   2 2   3 3
7 23 4   0 0   1 1   2 2   3 3
7 28 4   0 0   1 1   2 2   3 3
8 98 4   0 0   1 1   2 2   3 3
8 36 4   0 0   1 1   2 2   3 3
8 164 4   0 0   1 1   2 2   3 3
8 55 4   0 0   1 1   2 2   3 3
8 120 4   0 0   1 1   2 2   3 3
8 201 4   0 0   1 1   2 2   3 3
8 92 4   0 0   1 1   2 2   3 3
9 113 4   0 0   1 1   2 2   3 3
9 130 4   0 0   1 1   2 2   3 3
9 50 4   0 0   1 1   2 2   3 3
9 134 4   0 0   1 1   2 2   3 3
9 43 4   0 0   1 1   2 2   3 3
9 78 4   0 0   1 1   2 2   3 3
9 79 4   0 0   1 1   2 2   3 3
10 176 4   0 0   1 1   2 2   3 3
10 165 4   0 0   1 1   2 2   3 3
10 135 4   0 0   1 1   2 2   3 3
10 188 4   0 0   1 1   2 2   3 3
10 140 4   0 0   1 1   2 2   3 3
10 111 4   0 0   1 1   2 2   3 3
11 136 4   0 0   1 1   2 2   3 3
11 89 4   0 0   1 1   2 2   3 3
11 170 4   0 0   1 1   2 2   3 3
12 40 4   0 0   1 1   2 2   3 3
12 27 4   0 0   1 1   2 2   3 3
12 123 4   0 0   1 1   2 2   3 3
12 155 4   0 0   1 1   2 2   3 3
12 206 4   0 0   1 1   2 2   3 3
13 80 4   0 0   1 1   2 2   3 3
13 67 4   0 0   1 1   2 2   3 3
13 136 4   0 0   1 1   2 2   3 3
13 89 4   0 0   1 1   2 2   3 3
13 123 4   0 0   1 1   2 2   3 3
13 110 4   0 0   1 1   2 2   3 3
14 147 4   0 0   1 1   2 2   3 3
14 52 4   0 0   1 1   2 2   3 3
14 153 4   0 0   1 1   2 2   3 3
14 106 4   0 0   1 1   2 2   3 3
14 187 4   0 0   1 1   2 2   3 3
14 47 4   0 0   1 1   2 2   3 3
15 48 4   0 0   1 1   2 2   3 3
15 129 4   0 0   1 1   2 2   3 3
15 195 4   0 0   1 1   2 2   3 3
15 186 4   0 0   1 1   2 2   3 3
15 207 4   0 0   1 1   2 2   3 3
16 18 4   0 0   1 1   2 2   3 3
16 35 4   0 0   1 1   2 2   3 3
16 119 4   0 0   1 1   2 2   3 3
16 42 4   0 0   1 1   2 2   3 3
16 139 4   0 0   1 1   2 2   3 3
16 77 4   0 0   1 1   2 2   3 3
16 191 4   0 0   1 1   2 2   3 3
17 166 4   0 0   1 1   2 2   3 3
17 118 4   0 0   1 1   2 2   3 3
17 174 4   0 0   1 1   2 2   3 3
17 31 4   0 0   1 1   2 2   3 3
18 198 4   0 0   1 1   2 2   3 3
18 139 4   0 0   1 1   2 2   3 3
18 77 4   0 0   1 1   2 2   3 3
18 158 4   0 0   1 1   2 2   3 3
18 207 4   0 0   1 1   2 2   3 3
19 160 4   0 0   1 1   2 2   3 3
19 41 4   0 0   1 1   2 2   3 3
20 179 4   0 0   1 1   2 2   3 3
20 52 4   0 0   1 1   2 2   3 3
20 84 4   0 0   1 1   2 2   3 3
20 53 4   0 0   1 1   2 2   3 3
20 22 4   0 0   1 1   2 2   3 3
20 153 4   0 0   1 1   2 2   3 3
21 148 4   0 0   1 1   2 2   3 3
21 24 4   0 0   1 1   2 2   3 3
21 75 4   0 0   1 1   2 2   3 3
21 171 4   0 0   1 1   2 2   3 3
21 107 4   0 0   1 1   2 2   3 3
21 46 4   0 0   1 1   2 2   3 3
22 51 4   0 0   1 1   2 2   3 3
22 52 4   0 0   1 1   2 2   3 3
22 84 4   0 0   1 1   2 2   3 3
22 58 4   0 0   1 1   2 2   3 3
23 33 4   0 0   1 1   2 2   3 3
23 168 4   0 0   1 1   2 2   3 3
23 90 4   0 0   1 1   2 2   3 3
23 156 4   0 0   1 1   2 2   3 3
23 28 4   0 0   1 1   2 2   3 3
24 114 4   0 0   1 1   2 2   3 3
24 148 4   0 0   1 1   2 2   3 3
24 46 4   0 0   1 1   2 2   3 3
24 63 4   0 0   1 1   2 2   3 3
25 178 4   0 0   1 1   2 2   3 3
25 163 4   0 0   1 1   2 2   3 3
25 181 4   0 0   1 1   2 2   3 3
25 167 4   0 0   1 1   2 2   3 3
26 38 4   0 0   1 1   2 2   3 3
26 199 4   0 0   1 1   2 2   3 3
26 56 4   0 0   1 1   2 2   3 3
26 104 4   0 0   1 1   2 2   3 3
26 189 4   0 0   1 1   2 2   3 3
27 67 4   0 0   1 1   2 2   3 3
27 196 4   0 0   1 1   2 2   3 3
27 40 4   0 0   1 1   2 2   3 3
27 123 4   0 0   1 1   2 2   3 3
27 127 4   0 0   1 1   2 2   3 3
28 192 4   0 0   1 1   2 2   3 3
28 152 4   0 0   1 1   2 2   3 3
28 90 4   0 0   1 1   2 2   3 3
28 93 4   0 0   1 1   2 2   3 3
29 193 4   0 0   1 1   2 2   3 3
29 50 4   0 0   1 1   2 2   3 3
29 149 4   0 0   1 1   2 2   3 3
29 183 4   0 0   1 1   2 2   3 3
29 44 4   0 0   1 1   2 2   3 3
30 192 4   0 0   1 1   2 2   3 3
30 34 4   0 0   1 1   2 2   3 3
30 74 4   0 0   1 1   2 2   3 3
30 60 4   0 0   1 1   2 2   3 3
30 45 4   0 0   1 1   2 2   3 3
31 162 4   0 0   1 1   2 2   3 3
31 180 4   0 0   1 1   2 2   3 3
31 166 4   0 0   1 1   2 2   3 3
31 118 4   0 0   1 1   2 2   3 3
31 55 4   0 0   1 1   2 2   3 3
31 92 4   0 0   1 1   2 2   3 3
32 96 4   0 0   1 1   2 2   3 3
32 177 4   0 0   1 1   2 2   3 3
32 87 4   0 0   1 1   2 2   3 3
32 121 4   0 0   1 1   2 2   3 3
32 122 4   0 0   1 1   2 2   3 3
33 34 4   0 0   1 1   2 2   3 3
33 73 4   0 0   1 1   2 2   3 3
33 156 4   0 0   1 1   2 2   3 3
34 192 4   0 0   1 1   2 2   3 3
34 105 4   0 0   1 1   2 2   3 3
34 73 4   0 0   1 1   2 2   3 3
34 45 4   0 0   1 1   2 2   3 3
35 37 4   0 0   1 1   2 2   3 3
35 119 4   0 0   1 1   2 2   3 3
35 42 4   0 0   1 1   2 2   3 3
36 98 4   0 0   1 1   2 2   3 3
36 138 4   0 0   1 1   2 2   3 3
36 202 4   0 0   1 1   2 2   3 3
36 205 4   0 0   1 1   2 2   3 3
36 190 4   0 0   1 1   2 2   3 3
37 131 4   0 0   1 1   2 2   3 3
37 51 4   0 0   1 1   2 2   3 3
37 55 4   0 0   1 1   2 2   3 3
37 119 4   0 0   1 1   2 2   3 3
37 42 4   0 0   1 1   2 2   3 3
37 142 4   0 0   1 1   2 2   3 3
38 54 4   0 0   1 1   2 2   3 3
38 199 4   0 0   1 1   2 2   3 3
38 56 4   0 0   1 1   2 2   3 3
38 169 4   0 0   1 1   2 2   3 3
38 141 4   0 0   1 1   2 2   3 3
39 177 4   0 0   1 1   2 2   3 3
39 84 4   0 0   1 1   2 2   3 3
39 53 4   0 0   1 1   2 2   3 3
39 87 4   0 0   1 1   2 2   3 3
39 175 4   0 0   1 1   2 2   3 3
40 196 4   0 0   1 1   2 2   3 3
40 59 4   0 0   1 1   2 2   3 3
40 155 4   0 0   1 1   2 2   3 3
40 126 4   0 0   1 1   2 2   3 3
40 47 4   0 0   1 1   2 2   3 3
41 160 4   0 0   1 1   2 2   3 3
41 174 4   0 0   1 1   2 2   3 3
42 164 4   0 0   1 1   2 2   3 3
42 55 4   0 0   1 1   2 2   3 3
42 191 4   0 0   1 1   2 2   3 3
43 130 4   0 0   1 1   2 2   3 3
43 102 4   0 0   1 1   2 2   3 3
43 78 4   0 0   1 1   2 2   3 3
44 193 4   0 0   1 1   2 2   3 3
44 149 4   0 0   1 1   2 2   3 3
44 102 4   0 0   1 1   2 2   3 3
45 64 4   0 0   1 1   2 2   3 3
45 133 4   0 0   1 1   2 2   3 3
45 105 4   0 0   1 1   2 2   3 3
45 74 4   0 0   1 1   2 2   3 3
46 114 4   0 0   1 1   2 2   3 3
46 56 4   0 0   1 1   2 2   3 3
46 169 4   0 0   1 1   2 2   3 3
46 171 4   0 0   1 1   2 2   3 3
47 153 4   0 0   1 1   2 2   3 3
47 106 4   0 0   1 1   2 2   3 3
47 59 4   0 0   1 1   2 2   3 3
47 173 4   0 0   1 1   2 2   3 3
47 126 4   0 0   1 1   2 2   3 3
48 82 4   0 0   1 1   2 2   3 3
48 195 4   0 0   1 1   2 2   3 3
48 198 4   0 0   1 1   2 2   3 3
48 207 4   0 0   1 1   2 2   3 3
49 96 4   0 0   1 1   2 2   3 3
49 177 4   0 0   1 1   2 2   3 3
49 131 4   0 0   1 1   2 2   3 3
49 72 4   0 0   1 1   2 2   3 3
49 58 4   0 0   1 1   2 2   3 3
50 113 4   0 0   1 1   2 2   3 3
50 161 4   0 0   1 1   2 2   3 3
50 149 4   0 0   1 1   2 2   3 3
50 86 4   0 0   1 1   2 2   3 3
50 183 4   0 0   1 1   2 2   3 3
50 200 4   0 0   1 1   2 2   3 3
50 76 4   0 0   1 1   2 2   3 3
50 109 4   0 0   1 1   2 2   3 3
50 78 4   0 0   1 1   2 2   3 3
51 131 4   0 0   1 1   2 2   3 3
51 52 4   0 0   1 1   2 2   3 3
51 119 4   0 0   1 1   2 2   3 3
51 58 4   0 0   1 1   2 2   3 3
51 187 4   0 0   1 1   2 2   3 3
52 153 4   0 0   1 1   2 2   3 3
52 187 4   0 0   1 1   2 2   3 3
53 65 4   0 0   1 1   2 2   3 3
53 179 4   0 0   1 1   2 2   3 3
53 84 4   0 0   1 1   2 2   3 3
53 167 4   0 0   1 1   2 2   3 3
53 175 4   0 0   1 1   2 2   3 3
54 128 4   0 0   1 1   2 2   3 3
54 132 4   0 0   1 1   2 2   3 3
54 169 4   0 0   1 1   2 2   3 3
54 137 4   0 0   1 1   2 2   3 3
54 141 4   0 0   1 1   2 2   3 3
55 164 4   0 0   1 1   2 2   3 3
55 180 4   0 0   1 1   2 2   3 3
55 92 4   0 0   1 1   2 2   3 3
55 142 4   0 0   1 1   2 2   3 3
56 169 4   0 0   1 1   2 2   3 3
56 171 4   0 0   1 1   2 2   3 3
56 189 4   0 0   1 1   2 2   3 3
57 178 4   0 0   1 1   2 2   3 3
57 163 4   0 0   1 1   2 2   3 3
57 155 4   0 0   1 1   2 2   3 3
58 177 4   0 0   1 1   2 2   3 3
58 131 4   0 0   1 1   2 2   3 3
58 84 4   0 0   1 1   2 2   3 3
59 116 4   0 0   1 1   2 2   3 3
59 196 4   0 0   1 1   2 2   3 3
59 173 4   0 0   1 1   2 2   3 3
59 62 4   0 0   1 1   2 2   3 3
59 159 4   0 0   1 1   2 2   3 3
60 144 4   0 0   1 1   2 2   3 3
60 69 4   0 0   1 1   2 2   3 3
60 74 4   0 0   1 1   2 2   3 3
60 94 4   0 0   1 1   2 2   3 3
61 193 4   0 0   1 1   2 2   3 3
61 161 4   0 0   1 1   2 2   3 3
61 194 4   0 0   1 1   2 2   3 3
61 99 4   0 0   1 1   2 2   3 3
62 66 4   0 0   1 1   2 2   3 3
62 116 4   0 0   1 1   2 2   3 3
62 186 4   0 0   1 1   2 2   3 3
62 93 4   0 0   1 1   2 2   3 3
62 173 4   0 0   1 1   2 2   3 3
63 114 4   0 0   1 1   2 2   3 3
63 117 4   0 0   1 1   2 2   3 3
63 103 4   0 0   1 1   2 2   3 3
63 185 4   0 0   1 1   2 2   3 3
63 91 4   0 0   1 1   2 2   3 3
63 157 4   0 0   1 1   2 2   3 3
64 83 4   0 0   1 1   2 2   3 3
64 117 4   0 0   1 1   2 2   3 3
64 133 4   0 0   1 1   2 2   3 3
64 185 4   0 0   1 1   2 2   3 3
65 167 4   0 0   1 1   2 2   3 3
65 175 4   0 0   1 1   2 2   3 3
66 129 4   0 0   1 1   2 2   3 3
66 186 4   0 0   1 1   2 2   3 3
67 80 4   0 0   1 1   2 2   3 3
67 69 4   0 0   1 1   2 2   3 3
67 70 4   0 0   1 1   2 2   3 3
67 123 4   0 0   1 1   2 2   3 3
67 127 4   0 0   1 1   2 2   3 3
68 198 4   0 0   1 1   2 2   3 3
68 203 4   0 0   1 1   2 2   3 3
68 77 4   0 0   1 1   2 2   3 3
69 144 4   0 0   1 1   2 2   3 3
69 80 4   0 0   1 1   2 2   3 3
69 70 4   0 0   1 1   2 2   3 3
69 94 4   0 0   1 1   2 2   3 3
70 144 4   0 0   1 1   2 2   3 3
70 88 4   0 0   1 1   2 2   3 3
70 127 4   0 0   1 1   2 2   3 3
71 82 4   0 0   1 1   2 2   3 3
71 195 4   0 0   1 1   2 2   3 3
71 150 4   0 0   1 1   2 2   3 3
71 151 4   0 0   1 1   2 2   3 3
71 184 4   0 0   1 1   2 2   3 3
71 168 4   0 0   1 1   2 2   3 3
71 140 4   0 0   1 1   2 2   3 3
72 96 4   0 0   1 1   2 2   3 3
72 146 4   0 0   1 1   2 2   3 3
72 131 4   0 0   1 1   2 2   3 3
72 197 4   0 0   1 1   2 2   3 3
72 122 4   0 0   1 1   2 2   3 3
73 105 4   0 0   1 1   2 2   3 3
73 137 4   0 0   1 1   2 2   3 3
73 124 4   0 0   1 1   2 2   3 3
73 156 4   0 0   1 1   2 2   3 3
74 94 4   0 0   1 1   2 2   3 3
75 130 4   0 0   1 1   2 2   3 3
75 148 4   0 0   1 1   2 2   3 3
75 107 4   0 0   1 1   2 2   3 3
76 161 4   0 0   1 1   2 2   3 3
76 194 4   0 0   1 1   2 2   3 3
76 183 4   0 0   1 1   2 2   3 3
77 198 4   0 0   1 1   2 2   3 3
77 203 4   0 0   1 1   2 2   3 3
77 191 4   0 0   1 1   2 2   3 3
78 102 4   0 0   1 1   2 2   3 3
78 86 4   0 0   1 1   2 2   3 3
79 81 4   0 0   1 1   2 2   3 3
79 113 4   0 0   1 1   2 2   3 3
79 134 4   0 0   1 1   2 2   3 3
79 154 4   0 0   1 1   2 2   3 3
79 108 4   0 0   1 1   2 2   3 3
80 110 4   0 0   1 1   2 2   3 3
81 130 4   0 0   1 1   2 2   3 3
81 134 4   0 0   1 1   2 2   3 3
81 154 4   0 0   1 1   2 2   3 3
81 107 4   0 0   1 1   2 2   3 3
82 195 4   0 0   1 1   2 2   3 3
82 100 4   0 0   1 1   2 2   3 3
82 198 4   0 0   1 1   2 2   3 3
82 151 4   0 0   1 1   2 2   3 3
82 203 4   0 0   1 1   2 2   3 3
82 111 4   0 0   1 1   2 2   3 3
83 145 4   0 0   1 1   2 2   3 3
83 133 4   0 0   1 1   2 2   3 3
83 103 4   0 0   1 1   2 2   3 3
83 185 4   0 0   1 1   2 2   3 3
83 157 4   0 0   1 1   2 2   3 3
84 177 4   0 0   1 1   2 2   3 3
85 150 4   0 0   1 1   2 2   3 3
85 199 4   0 0   1 1   2 2   3 3
85 184 4   0 0   1 1   2 2   3 3
85 204 4   0 0   1 1   2 2   3 3
85 141 4   0 0   1 1   2 2   3 3
86 149 4   0 0   1 1   2 2   3 3
86 102 4   0 0   1 1   2 2   3 3
87 177 4   0 0   1 1   2 2   3 3
87 121 4   0 0   1 1   2 2   3 3
87 175 4   0 0   1 1   2 2   3 3
88 144 4   0 0   1 1   2 2   3 3
88 159 4   0 0   1 1   2 2   3 3
88 127 4   0 0   1 1   2 2   3 3
89 136 4   0 0   1 1   2 2   3 3
89 170 4   0 0   1 1   2 2   3 3
89 123 4   0 0   1 1   2 2   3 3
89 206 4   0 0   1 1   2 2   3 3
90 168 4   0 0   1 1   2 2   3 3
90 186 4   0 0   1 1   2 2   3 3
90 93 4   0 0   1 1   2 2   3 3
91 117 4   0 0   1 1   2 2   3 3
92 162 4   0 0   1 1   2 2   3 3
92 120 4   0 0   1 1   2 2   3 3
93 144 4   0 0   1 1   2 2   3 3
93 116 4   0 0   1 1   2 2   3 3
93 152 4   0 0   1 1   2 2   3 3
93 186 4   0 0   1 1   2 2   3 3
93 95 4   0 0   1 1   2 2   3 3
95 144 4   0 0   1 1   2 2   3 3
95 152 4   0 0   1 1   2 2   3 3
96 177 4   0 0   1 1   2 2   3 3
96 122 4   0 0   1 1   2 2   3 3
97 128 4   0 0   1 1   2 2   3 3
97 145 4   0 0   1 1   2 2   3 3
97 124 4   0 0   1 1   2 2   3 3
97 157 4   0 0   1 1   2 2   3 3
98 99 4   0 0   1 1   2 2   3 3
98 120 4   0 0   1 1   2 2   3 3
98 202 4   0 0   1 1   2 2   3 3
98 143 4   0 0   1 1   2 2   3 3
99 161 4   0 0   1 1   2 2   3 3
99 202 4   0 0   1 1   2 2   3 3
99 138 4   0 0   1 1   2 2   3 3
99 143 4   0 0   1 1   2 2   3 3
100 112 4   0 0   1 1   2 2   3 3
100 165 4   0 0   1 1   2 2   3 3
100 201 4   0 0   1 1   2 2   3 3
100 188 4   0 0   1 1   2 2   3 3
100 109 4   0 0   1 1   2 2   3 3
100 205 4   0 0   1 1   2 2   3 3
100 190 4   0 0   1 1   2 2   3 3
100 111 4   0 0   1 1   2 2   3 3
101 137 4   0 0   1 1   2 2   3 3
101 204 4   0 0   1 1   2 2   3 3
101 156 4   0 0   1 1   2 2   3 3
101 141 4   0 0   1 1   2 2   3 3
102 149 4   0 0   1 1   2 2   3 3
103 185 4   0 0   1 1   2 2   3 3
103 157 4   0 0   1 1   2 2   3 3
104 150 4   0 0   1 1   2 2   3 3
104 199 4   0 0   1 1   2 2   3 3
104 135 4   0 0   1 1   2 2   3 3
104 140 4   0 0   1 1   2 2   3 3
104 189 4   0 0   1 1   2 2   3 3
105 133 4   0 0   1 1   2 2   3 3
105 172 4   0 0   1 1   2 2   3 3
105 124 4   0 0   1 1   2 2   3 3
106 129 4   0 0   1 1   2 2   3 3
106 147 4   0 0   1 1   2 2   3 3
106 139 4   0 0   1 1   2 2   3 3
106 158 4   0 0   1 1   2 2   3 3
107 130 4   0 0   1 1   2 2   3 3
107 154 4   0 0   1 1   2 2   3 3
107 171 4   0 0   1 1   2 2   3 3
108 112 4   0 0   1 1   2 2   3 3
108 113 4   0 0   1 1   2 2   3 3
108 154 4   0 0   1 1   2 2   3 3
108 125 4   0 0   1 1   2 2   3 3
108 109 4   0 0   1 1   2 2   3 3
109 112 4   0 0   1 1   2 2   3 3
109 113 4   0 0   1 1   2 2   3 3
109 200 4   0 0   1 1   2 2   3 3
109 205 4   0 0   1 1   2 2   3 3
110 136 4   0 0   1 1   2 2   3 3
111 151 4   0 0   1 1   2 2   3 3
111 140 4   0 0   1 1   2 2   3 3
111 188 4   0 0   1 1   2 2   3 3
112 165 4   0 0   1 1   2 2   3 3
112 125 4   0 0   1 1   2 2   3 3
114 128 4   0 0   1 1   2 2   3 3
114 132 4   0 0   1 1   2 2   3 3
114 169 4   0 0   1 1   2 2   3 3
114 157 4   0 0   1 1   2 2   3 3
115 146 4   0 0   1 1   2 2   3 3
115 180 4   0 0   1 1   2 2   3 3
115 197 4   0 0   1 1   2 2   3 3
115 142 4   0 0   1 1   2 2   3 3
116 144 4   0 0   1 1   2 2   3 3
116 159 4   0 0   1 1   2 2   3 3
117 185 4   0 0   1 1   2 2   3 3
118 180 4   0 0   1 1   2 2   3 3
118 197 4   0 0   1 1   2 2   3 3
118 174 4   0 0   1 1   2 2   3 3
119 147 4   0 0   1 1   2 2   3 3
119 139 4   0 0   1 1   2 2   3 3
119 187 4   0 0   1 1   2 2   3 3
120 162 4   0 0   1 1   2 2   3 3
120 143 4   0 0   1 1   2 2   3 3
121 160 4   0 0   1 1   2 2   3 3
121 122 4   0 0   1 1   2 2   3 3
122 160 4   0 0   1 1   2 2   3 3
122 197 4   0 0   1 1   2 2   3 3
122 174 4   0 0   1 1   2 2   3 3
123 206 4   0 0   1 1   2 2   3 3
124 128 4   0 0   1 1   2 2   3 3
124 145 4   0 0   1 1   2 2   3 3
124 137 4   0 0   1 1   2 2   3 3
124 172 4   0 0   1 1   2 2   3 3
125 176 4   0 0   1 1   2 2   3 3
125 165 4   0 0   1 1   2 2   3 3
125 154 4   0 0   1 1   2 2   3 3
126 163 4   0 0   1 1   2 2   3 3
126 181 4   0 0   1 1   2 2   3 3
126 182 4   0 0   1 1   2 2   3 3
126 153 4   0 0   1 1   2 2   3 3
126 155 4   0 0   1 1   2 2   3 3
127 196 4   0 0   1 1   2 2   3 3
127 159 4   0 0   1 1   2 2   3 3
128 132 4   0 0   1 1   2 2   3 3
128 137 4   0 0   1 1   2 2   3 3
128 157 4   0 0   1 1   2 2   3 3
129 186 4   0 0   1 1   2 2   3 3
129 158 4   0 0   1 1   2 2   3 3
130 134 4   0 0   1 1   2 2   3 3
131 146 4   0 0   1 1   2 2   3 3
131 142 4   0 0   1 1   2 2   3 3
132 169 4   0 0   1 1   2 2   3 3
133 145 4   0 0   1 1   2 2   3 3
133 172 4   0 0   1 1   2 2   3 3
135 176 4   0 0   1 1   2 2   3 3
135 140 4   0 0   1 1   2 2   3 3
135 189 4   0 0   1 1   2 2   3 3
137 156 4   0 0   1 1   2 2   3 3
137 141 4   0 0   1 1   2 2   3 3
138 161 4   0 0   1 1   2 2   3 3
138 200 4   0 0   1 1   2 2   3 3
138 202 4   0 0   1 1   2 2   3 3
138 205 4   0 0   1 1   2 2   3 3
139 147 4   0 0   1 1   2 2   3 3
139 158 4   0 0   1 1   2 2   3 3
140 150 4   0 0   1 1   2 2   3 3
140 151 4   0 0   1 1   2 2   3 3
141 199 4   0 0   1 1   2 2   3 3
142 146 4   0 0   1 1   2 2   3 3
142 180 4   0 0   1 1   2 2   3 3
143 162 4   0 0   1 1   2 2   3 3
144 159 4   0 0   1 1   2 2   3 3
145 172 4   0 0   1 1   2 2   3 3
145 157 4   0 0   1 1   2 2   3 3
146 197 4   0 0   1 1   2 2   3 3
147 187 4   0 0   1 1   2 2   3 3
150 199 4   0 0   1 1   2 2   3 3
150 184 4   0 0   1 1   2 2   3 3
152 192 4   0 0   1 1   2 2   3 3
153 179 4   0 0   1 1   2 2   3 3
153 182 4   0 0   1 1   2 2   3 3
154 171 4   0 0   1 1   2 2   3 3
155 178 4   0 0   1 1   2 2   3 3
155 163 4   0 0   1 1   2 2   3 3
155 206 4   0 0   1 1   2 2   3 3
156 184 4   0 0   1 1   2 2   3 3
156 204 4   0 0   1 1   2 2   3 3
158 207 4   0 0   1 1   2 2   3 3
159 196 4   0 0   1 1   2 2   3 3
160 174 4   0 0   1 1   2 2   3 3
161 194 4   0 0   1 1   2 2   3 3
161 200 4   0 0   1 1   2 2   3 3
162 166 4   0 0   1 1   2 2   3 3
163 178 4   0 0   1 1   2 2   3 3
163 181 4   0 0   1 1   2 2   3 3
164 201 4   0 0   1 1   2 2   3 3
164 203 4   0 0   1 1   2 2   3 3
164 191 4   0 0   1 1   2 2   3 3
165 176 4   0 0   1 1   2 2   3 3
165 188 4   0 0   1 1   2 2   3 3
166 174 4   0 0   1 1   2 2   3 3
167 179 4   0 0   1 1   2 2   3 3
167 181 4   0 0   1 1   2 2   3 3
168 195 4   0 0   1 1   2 2   3 3
168 184 4   0 0   1 1   2 2   3 3
168 186 4   0 0   1 1   2 2   3 3
170 178 4   0 0   1 1   2 2   3 3
170 206 4   0 0   1 1   2 2   3 3
174 197 4   0 0   1 1   2 2   3 3
176 189 4   0 0   1 1   2 2   3 3
178 206 4   0 0   1 1   2 2   3 3
179 181 4   0 0   1 1   2 2   3 3
179 182 4   0 0   1 1   2 2   3 3
180 197 4   0 0   1 1   2 2   3 3
181 182 4   0 0   1 1   2 2   3 3
183 193 4   0 0   1 1   2 2   3 3
183 194 4   0 0   1 1   2 2   3 3
184 204 4   0 0   1 1   2 2   3 3
186 195 4   0 0   1 1   2 2   3 3
190 201 4   0 0   1 1   2 2   3 3
190 205 4   0 0   1 1   2 2   3 3
191 203 4   0 0   1 1   2 2   3 3
193 194 4   0 0   1 1   2 2   3 3
198 203 4   0 0   1 1   2 2   3 3
198 207 4   0 0   1 1   2 2   3 3
200 205 4   0 0   1 1   2 2   3 3
201 203 4   0 0   1 1   2 2   3 3
