289
1 4 0 1 2 3
2 4 0 1 2 3
3 4 0 1 2 3
4 4 0 1 2 3
5 4 0 1 2 3
6 4 0 1 2 3
7 4 0 1 2 3
8 4 0 1 2 3
9 4 0 1 2 3
10 4 0 1 2 3
11 4 0 1 2 3
12 4 0 1 2 3
13 4 0 1 2 3
14 4 0 1 2 3
15 4 0 1 2 3
16 4 0 1 2 3
17 4 0 1 2 3
18 4 0 1 2 3
19 4 0 1 2 3
20 4 0 1 2 3
21 4 0 1 2 3
22 4 0 1 2 3
23 4 0 1 2 3
24 4 0 1 2 3
25 4 0 1 2 3
26 4 0 1 2 3
27 4 0 1 2 3
28 4 0 1 2 3
29 4 0 1 2 3
30 4 0 1 2 3
31 4 0 1 2 3
32 4 0 1 2 3
33 4 0 1 2 3
34 4 0 1 2 3
35 4 0 1 2 3
36 4 0 1 2 3
37 4 0 1 2 3
38 4 0 1 2 3
39 4 0 1 2 3
40 4 0 1 2 3
41 4 0 1 2 3
42 4 0 1 2 3
43 4 0 1 2 3
44 4 0 1 2 3
45 4 0 1 2 3
46 4 0 1 2 3
47 4 0 1 2 3
48 4 0 1 2 3
49 4 0 1 2 3
50 4 0 1 2 3
51 4 0 1 2 3
52 4 0 1 2 3
53 4 0 1 2 3
54 4 0 1 2 3
55 4 0 1 2 3
56 4 0 1 2 3
57 4 0 1 2 3
58 4 0 1 2 3
59 4 0 1 2 3
60 4 0 1 2 3
61 4 0 1 2 3
62 4 0 1 2 3
63 4 0 1 2 3
64 4 0 1 2 3
65 4 0 1 2 3
66 4 0 1 2 3
67 4 0 1 2 3
68 4 0 1 2 3
69 4 0 1 2 3
70 4 0 1 2 3
71 4 0 1 2 3
72 4 0 1 2 3
73 4 0 1 2 3
74 4 0 1 2 3
75 4 0 1 2 3
76 4 0 1 2 3
77 4 0 1 2 3
78 4 0 1 2 3
79 4 0 1 2 3
80 4 0 1 2 3
81 4 0 1 2 3
82 4 0 1 2 3
83 4 0 1 2 3
84 4 0 1 2 3
85 4 0 1 2 3
86 4 0 1 2 3
87 4 0 1 2 3
88 4 0 1 2 3
89 4 0 1 2 3
90 4 0 1 2 3
91 4 0 1 2 3
92 4 0 1 2 3
93 4 0 1 2 3
94 4 0 1 2 3
95 4 0 1 2 3
96 4 0 1 2 3
97 4 0 1 2 3
98 4 0 1 2 3
99 4 0 1 2 3
100 4 0 1 2 3
101 4 0 1 2 3
102 4 0 1 2 3
103 4 0 1 2 3
104 4 0 1 2 3
105 4 0 1 2 3
106 4 0 1 2 3
107 4 0 1 2 3
108 4 0 1 2 3
109 4 0 1 2 3
110 4 0 1 2 3
111 4 0 1 2 3
112 4 0 1 2 3
113 4 0 1 2 3
114 4 0 1 2 3
115 4 0 1 2 3
116 4 0 1 2 3
117 4 0 1 2 3
118 4 0 1 2 3
119 4 0 1 2 3
120 4 0 1 2 3
121 4 0 1 2 3
122 4 0 1 2 3
123 4 0 1 2 3
124 4 0 1 2 3
125 4 0 1 2 3
126 4 0 1 2 3
127 4 0 1 2 3
128 4 0 1 2 3
129 4 0 1 2 3
130 4 0 1 2 3
131 4 0 1 2 3
132 4 0 1 2 3
133 4 0 1 2 3
134 4 0 1 2 3
135 4 0 1 2 3
136 4 0 1 2 3
137 4 0 1 2 3
138 4 0 1 2 3
139 4 0 1 2 3
140 4 0 1 2 3
141 4 0 1 2 3
142 4 0 1 2 3
143 4 0 1 2 3
144 4 0 1 2 3
145 4 0 1 2 3
146 4 0 1 2 3
147 4 0 1 2 3
148 4 0 1 2 3
149 4 0 1 2 3
150 4 0 1 2 3
151 4 0 1 2 3
152 4 0 1 2 3
153 4 0 1 2 3
154 4 0 1 2 3
155 4 0 1 2 3
156 4 0 1 2 3
157 4 0 1 2 3
158 4 0 1 2 3
159 4 0 1 2 3
160 4 0 1 2 3
161 4 0 1 2 3
162 4 0 1 2 3
163 4 0 1 2 3
164 4 0 1 2 3
165 4 0 1 2 3
166 4 0 1 2 3
167 4 0 1 2 3
168 4 0 1 2 3
169 4 0 1 2 3
170 4 0 1 2 3
171 4 0 1 2 3
172 4 0 1 2 3
173 4 0 1 2 3
174 4 0 1 2 3
175 4 0 1 2 3
176 4 0 1 2 3
177 4 0 1 2 3
178 4 0 1 2 3
179 4 0 1 2 3
180 4 0 1 2 3
181 4 0 1 2 3
182 4 0 1 2 3
183 4 0 1 2 3
184 4 0 1 2 3
185 4 0 1 2 3
186 4 0 1 2 3
187 4 0 1 2 3
188 4 0 1 2 3
189 4 0 1 2 3
190 4 0 1 2 3
191 4 0 1 2 3
192 4 0 1 2 3
193 4 0 1 2 3
194 4 0 1 2 3
195 4 0 1 2 3
196 4 0 1 2 3
197 4 0 1 2 3
198 4 0 1 2 3
199 4 0 1 2 3
200 4 0 1 2 3
201 4 0 1 2 3
202 4 0 1 2 3
203 4 0 1 2 3
204 4 0 1 2 3
205 4 0 1 2 3
206 4 0 1 2 3
207 4 0 1 2 3
208 4 0 1 2 3
209 4 0 1 2 3
210 4 0 1 2 3
211 4 0 1 2 3
212 4 0 1 2 3
213 4 0 1 2 3
214 4 0 1 2 3
215 4 0 1 2 3
216 4 0 1 2 3
217 4 0 1 2 3
218 4 0 1 2 3
219 4 0 1 2 3
220 4 0 1 2 3
221 4 0 1 2 3
222 4 0 1 2 3
223 4 0 1 2 3
224 4 0 1 2 3
225 4 0 1 2 3
226 4 0 1 2 3
227 4 0 1 2 3
228 4 0 1 2 3
229 4 0 1 2 3
230 4 0 1 2 3
231 4 0 1 2 3
232 4 0 1 2 3
233 4 0 1 2 3
234 4 0 1 2 3
235 4 0 1 2 3
236 4 0 1 2 3
237 4 0 1 2 3
238 4 0 1 2 3
239 4 0 1 2 3
240 4 0 1 2 3
241 4 0 1 2 3
242 4 0 1 2 3
243 4 0 1 2 3
244 4 0 1 2 3
245 4 0 1 2 3
246 4 0 1 2 3
247 4 0 1 2 3
248 4 0 1 2 3
249 4 0 1 2 3
250 4 0 1 2 3
251 4 0 1 2 3
252 4 0 1 2 3
253 4 0 1 2 3
254 4 0 1 2 3
255 4 0 1 2 3
256 4 0 1 2 3
257 4 0 1 2 3
258 4 0 1 2 3
259 4 0 1 2 3
260 4 0 1 2 3
261 4 0 1 2 3
262 4 0 1 2 3
263 4 0 1 2 3
264 4 0 1 2 3
265 4 0 1 2 3
266 4 0 1 2 3
267 4 0 1 2 3
268 4 0 1 2 3
269 4 0 1 2 3
270 4 0 1 2 3
271 4 0 1 2 3
272 4 0 1 2 3
273 4 0 1 2 3
274 4 0 1 2 3
275 4 0 1 2 3
276 4 0 1 2 3
277 4 0 1 2 3
278 4 0 1 2 3
279 4 0 1 2 3
280 4 0 1 2 3
281 4 0 1 2 3
282 4 0 1 2 3
283 4 0 1 2 3
284 4 0 1 2 3
285 4 0 1 2 3
286 4 0 1 2 3
287 4 0 1 2 3
288 4 0 1 2 3
289 4 0 1 2 3
808
1 144 4   0 0   1 1   2 2   3 3
1 83 4   0 0   1 1   2 2   3 3
1 104 4   0 0   1 1   2 2   3 3
1 41 4   0 0   1 1   2 2   3 3
1 251 4   0 0   1 1   2 2   3 3
1 75 4   0 0   1 1   2 2   3 3
1 172 4   0 0   1 1   2 2   3 3
2 276 4   0 0   1 1   2 2   3 3
2 20 4   0 0   1 1   2 2   3 3
2 47 4   0 0   1 1   2 2   3 3
3 289 4   0 0   1 1   2 2   3 3
3 19 4   0 0   1 1   2 2   3 3
3 36 4   0 0   1 1   2 2   3 3
3 185 4   0 0   1 1   2 2   3 3
4 272 4   0 0   1 1   2 2   3 3
4 278 4   0 0   1 1   2 2   3 3
4 201 4   0 0   1 1   2 2   3 3
4 139 4   0 0   1 1   2 2   3 3
4 76 4   0 0   1 1   2 2   3 3
4 175 4   0 0   1 1   2 2   3 3
5 112 4   0 0   1 1   2 2   3 3
5 128 4   0 0   1 1   2 2   3 3
5 70 4   0 0   1 1   2 2   3 3
5 202 4   0 0   1 1   2 2   3 3
5 124 4   0 0   1 1   2 2   3 3
5 286 4   0 0   1 1   2 2   3 3
6 283 4   0 0   1 1   2 2   3 3
6 140 4   0 0   1 1   2 2   3 3
6 92 4   0 0   1 1   2 2   3 3
6 255 4   0 0   1 1   2 2   3 3
7 97 4   0 0   1 1   2 2   3 3
7 18 4   0 0   1 1   2 2   3 3
7 37 4   0 0   1 1   2 2   3 3
7 168 4   0 0   1 1   2 2   3 3
7 76 4   0 0   1 1   2 2   3 3
8 147 4   0 0   1 1   2 2   3 3
8 85 4   0 0   1 1   2 2   3 3
8 155 4   0 0   1 1   2 2   3 3
9 98 4   0 0   1 1   2 2   3 3
9 213 4   0 0   1 1   2 2   3 3
9 29 4   0 0   1 1   2 2   3 3
9 46 4   0 0   1 1   2 2   3 3
9 190 4   0 0   1 1   2 2   3 3
10 134 4   0 0   1 1   2 2   3 3
10 102 4   0 0   1 1   2 2   3 3
10 215 4   0 0   1 1   2 2   3 3
10 172 4   0 0   1 1   2 2   3 3
10 13 4   0 0   1 1   2 2   3 3
10 127 4   0 0   1 1   2 2   3 3
11 48 4   0 0   1 1   2 2   3 3
11 21 4   0 0   1 1   2 2   3 3
11 214 4   0 0   1 1   2 2   3 3
11 203 4   0 0   1 1   2 2   3 3
11 123 4   0 0   1 1   2 2   3 3
12 177 4   0 0   1 1   2 2   3 3
12 242 4   0 0   1 1   2 2   3 3
12 227 4   0 0   1 1   2 2   3 3
12 279 4   0 0   1 1   2 2   3 3
12 217 4   0 0   1 1   2 2   3 3
12 237 4   0 0   1 1   2 2   3 3
12 141 4   0 0   1 1   2 2   3 3
13 208 4   0 0   1 1   2 2   3 3
13 83 4   0 0   1 1   2 2   3 3
13 134 4   0 0   1 1   2 2   3 3
13 172 4   0 0   1 1   2 2   3 3
14 115 4   0 0   1 1   2 2   3 3
14 164 4   0 0   1 1   2 2   3 3
14 43 4   0 0   1 1   2 2   3 3
14 44 4   0 0   1 1   2 2   3 3
14 190 4   0 0   1 1   2 2   3 3
15 128 4   0 0   1 1   2 2   3 3
15 147 4   0 0   1 1   2 2   3 3
15 150 4   0 0   1 1   2 2   3 3
15 70 4   0 0   1 1   2 2   3 3
15 87 4   0 0   1 1   2 2   3 3
15 249 4   0 0   1 1   2 2   3 3
15 127 4   0 0   1 1   2 2   3 3
15 239 4   0 0   1 1   2 2   3 3
16 243 4   0 0   1 1   2 2   3 3
16 245 4   0 0   1 1   2 2   3 3
16 234 4   0 0   1 1   2 2   3 3
17 213 4   0 0   1 1   2 2   3 3
17 149 4   0 0   1 1   2 2   3 3
17 181 4   0 0   1 1   2 2   3 3
17 30 4   0 0   1 1   2 2   3 3
17 31 4   0 0   1 1   2 2   3 3
17 79 4   0 0   1 1   2 2   3 3
18 179 4   0 0   1 1   2 2   3 3
18 211 4   0 0   1 1   2 2   3 3
18 37 4   0 0   1 1   2 2   3 3
18 168 4   0 0   1 1   2 2   3 3
18 25 4   0 0   1 1   2 2   3 3
19 289 4   0 0   1 1   2 2   3 3
19 185 4   0 0   1 1   2 2   3 3
19 171 4   0 0   1 1   2 2   3 3
19 126 4   0 0   1 1   2 2   3 3
19 46 4   0 0   1 1   2 2   3 3
20 58 4   0 0   1 1   2 2   3 3
20 219 4   0 0   1 1   2 2   3 3
20 47 4   0 0   1 1   2 2   3 3
21 131 4   0 0   1 1   2 2   3 3
21 123 4   0 0   1 1   2 2   3 3
22 33 4   0 0   1 1   2 2   3 3
22 81 4   0 0   1 1   2 2   3 3
22 259 4   0 0   1 1   2 2   3 3
22 118 4   0 0   1 1   2 2   3 3
22 263 4   0 0   1 1   2 2   3 3
22 238 4   0 0   1 1   2 2   3 3
23 241 4   0 0   1 1   2 2   3 3
23 82 4   0 0   1 1   2 2   3 3
23 132 4   0 0   1 1   2 2   3 3
23 41 4   0 0   1 1   2 2   3 3
23 106 4   0 0   1 1   2 2   3 3
23 270 4   0 0   1 1   2 2   3 3
24 163 4   0 0   1 1   2 2   3 3
24 117 4   0 0   1 1   2 2   3 3
24 59 4   0 0   1 1   2 2   3 3
24 63 4   0 0   1 1   2 2   3 3
25 179 4   0 0   1 1   2 2   3 3
25 197 4   0 0   1 1   2 2   3 3
25 168 4   0 0   1 1   2 2   3 3
25 271 4   0 0   1 1   2 2   3 3
26 96 4   0 0   1 1   2 2   3 3
26 241 4   0 0   1 1   2 2   3 3
26 82 4   0 0   1 1   2 2   3 3
26 166 4   0 0   1 1   2 2   3 3
26 280 4   0 0   1 1   2 2   3 3
26 125 4   0 0   1 1   2 2   3 3
26 189 4   0 0   1 1   2 2   3 3
27 176 4   0 0   1 1   2 2   3 3
27 48 4   0 0   1 1   2 2   3 3
27 257 4   0 0   1 1   2 2   3 3
27 212 4   0 0   1 1   2 2   3 3
27 135 4   0 0   1 1   2 2   3 3
27 30 4   0 0   1 1   2 2   3 3
27 286 4   0 0   1 1   2 2   3 3
28 104 4   0 0   1 1   2 2   3 3
28 41 4   0 0   1 1   2 2   3 3
29 164 4   0 0   1 1   2 2   3 3
29 213 4   0 0   1 1   2 2   3 3
29 135 4   0 0   1 1   2 2   3 3
29 136 4   0 0   1 1   2 2   3 3
29 190 4   0 0   1 1   2 2   3 3
30 212 4   0 0   1 1   2 2   3 3
30 213 4   0 0   1 1   2 2   3 3
30 181 4   0 0   1 1   2 2   3 3
30 86 4   0 0   1 1   2 2   3 3
30 135 4   0 0   1 1   2 2   3 3
31 224 4   0 0   1 1   2 2   3 3
31 213 4   0 0   1 1   2 2   3 3
31 55 4   0 0   1 1   2 2   3 3
31 235 4   0 0   1 1   2 2   3 3
32 64 4   0 0   1 1   2 2   3 3
32 193 4   0 0   1 1   2 2   3 3
32 120 4   0 0   1 1   2 2   3 3
32 281 4   0 0   1 1   2 2   3 3
32 153 4   0 0   1 1   2 2   3 3
33 81 4   0 0   1 1   2 2   3 3
33 151 4   0 0   1 1   2 2   3 3
33 266 4   0 0   1 1   2 2   3 3
33 108 4   0 0   1 1   2 2   3 3
33 238 4   0 0   1 1   2 2   3 3
34 64 4   0 0   1 1   2 2   3 3
34 36 4   0 0   1 1   2 2   3 3
34 281 4   0 0   1 1   2 2   3 3
34 108 4   0 0   1 1   2 2   3 3
34 285 4   0 0   1 1   2 2   3 3
35 131 4   0 0   1 1   2 2   3 3
35 212 4   0 0   1 1   2 2   3 3
35 68 4   0 0   1 1   2 2   3 3
35 228 4   0 0   1 1   2 2   3 3
35 86 4   0 0   1 1   2 2   3 3
35 203 4   0 0   1 1   2 2   3 3
35 123 4   0 0   1 1   2 2   3 3
36 64 4   0 0   1 1   2 2   3 3
36 289 4   0 0   1 1   2 2   3 3
36 229 4   0 0   1 1   2 2   3 3
36 120 4   0 0   1 1   2 2   3 3
36 185 4   0 0   1 1   2 2   3 3
36 285 4   0 0   1 1   2 2   3 3
36 205 4   0 0   1 1   2 2   3 3
37 211 4   0 0   1 1   2 2   3 3
37 201 4   0 0   1 1   2 2   3 3
37 76 4   0 0   1 1   2 2   3 3
38 52 4   0 0   1 1   2 2   3 3
38 58 4   0 0   1 1   2 2   3 3
38 140 4   0 0   1 1   2 2   3 3
38 255 4   0 0   1 1   2 2   3 3
39 162 4   0 0   1 1   2 2   3 3
39 248 4   0 0   1 1   2 2   3 3
39 187 4   0 0   1 1   2 2   3 3
39 220 4   0 0   1 1   2 2   3 3
39 62 4   0 0   1 1   2 2   3 3
40 113 4   0 0   1 1   2 2   3 3
40 258 4   0 0   1 1   2 2   3 3
40 54 4   0 0   1 1   2 2   3 3
40 88 4   0 0   1 1   2 2   3 3
40 265 4   0 0   1 1   2 2   3 3
40 109 4   0 0   1 1   2 2   3 3
40 222 4   0 0   1 1   2 2   3 3
41 241 4   0 0   1 1   2 2   3 3
41 132 4   0 0   1 1   2 2   3 3
41 166 4   0 0   1 1   2 2   3 3
41 104 4   0 0   1 1   2 2   3 3
41 251 4   0 0   1 1   2 2   3 3
42 131 4   0 0   1 1   2 2   3 3
42 103 4   0 0   1 1   2 2   3 3
42 234 4   0 0   1 1   2 2   3 3
42 78 4   0 0   1 1   2 2   3 3
43 176 4   0 0   1 1   2 2   3 3
43 257 4   0 0   1 1   2 2   3 3
43 164 4   0 0   1 1   2 2   3 3
43 101 4   0 0   1 1   2 2   3 3
43 230 4   0 0   1 1   2 2   3 3
43 136 4   0 0   1 1   2 2   3 3
43 44 4   0 0   1 1   2 2   3 3
43 94 4   0 0   1 1   2 2   3 3
44 115 4   0 0   1 1   2 2   3 3
44 230 4   0 0   1 1   2 2   3 3
44 156 4   0 0   1 1   2 2   3 3
45 146 4   0 0   1 1   2 2   3 3
45 84 4   0 0   1 1   2 2   3 3
45 182 4   0 0   1 1   2 2   3 3
45 137 4   0 0   1 1   2 2   3 3
45 73 4   0 0   1 1   2 2   3 3
45 253 4   0 0   1 1   2 2   3 3
46 98 4   0 0   1 1   2 2   3 3
46 171 4   0 0   1 1   2 2   3 3
46 126 4   0 0   1 1   2 2   3 3
46 190 4   0 0   1 1   2 2   3 3
47 177 4   0 0   1 1   2 2   3 3
47 276 4   0 0   1 1   2 2   3 3
47 244 4   0 0   1 1   2 2   3 3
47 199 4   0 0   1 1   2 2   3 3
47 58 4   0 0   1 1   2 2   3 3
48 212 4   0 0   1 1   2 2   3 3
48 214 4   0 0   1 1   2 2   3 3
48 202 4   0 0   1 1   2 2   3 3
48 203 4   0 0   1 1   2 2   3 3
48 286 4   0 0   1 1   2 2   3 3
49 115 4   0 0   1 1   2 2   3 3
49 188 4   0 0   1 1   2 2   3 3
49 190 4   0 0   1 1   2 2   3 3
49 223 4   0 0   1 1   2 2   3 3
50 128 4   0 0   1 1   2 2   3 3
50 214 4   0 0   1 1   2 2   3 3
50 202 4   0 0   1 1   2 2   3 3
51 194 4   0 0   1 1   2 2   3 3
51 196 4   0 0   1 1   2 2   3 3
51 184 4   0 0   1 1   2 2   3 3
51 72 4   0 0   1 1   2 2   3 3
51 169 4   0 0   1 1   2 2   3 3
51 107 4   0 0   1 1   2 2   3 3
52 192 4   0 0   1 1   2 2   3 3
52 209 4   0 0   1 1   2 2   3 3
52 58 4   0 0   1 1   2 2   3 3
52 140 4   0 0   1 1   2 2   3 3
53 65 4   0 0   1 1   2 2   3 3
53 162 4   0 0   1 1   2 2   3 3
53 71 4   0 0   1 1   2 2   3 3
53 216 4   0 0   1 1   2 2   3 3
53 187 4   0 0   1 1   2 2   3 3
53 79 4   0 0   1 1   2 2   3 3
54 96 4   0 0   1 1   2 2   3 3
54 113 4   0 0   1 1   2 2   3 3
54 218 4   0 0   1 1   2 2   3 3
54 189 4   0 0   1 1   2 2   3 3
54 222 4   0 0   1 1   2 2   3 3
55 145 4   0 0   1 1   2 2   3 3
55 98 4   0 0   1 1   2 2   3 3
55 213 4   0 0   1 1   2 2   3 3
55 235 4   0 0   1 1   2 2   3 3
55 253 4   0 0   1 1   2 2   3 3
56 165 4   0 0   1 1   2 2   3 3
56 118 4   0 0   1 1   2 2   3 3
56 264 4   0 0   1 1   2 2   3 3
56 159 4   0 0   1 1   2 2   3 3
57 226 4   0 0   1 1   2 2   3 3
57 133 4   0 0   1 1   2 2   3 3
57 198 4   0 0   1 1   2 2   3 3
57 232 4   0 0   1 1   2 2   3 3
57 282 4   0 0   1 1   2 2   3 3
57 111 4   0 0   1 1   2 2   3 3
58 177 4   0 0   1 1   2 2   3 3
58 209 4   0 0   1 1   2 2   3 3
58 279 4   0 0   1 1   2 2   3 3
58 219 4   0 0   1 1   2 2   3 3
58 143 4   0 0   1 1   2 2   3 3
58 255 4   0 0   1 1   2 2   3 3
59 192 4   0 0   1 1   2 2   3 3
59 117 4   0 0   1 1   2 2   3 3
59 283 4   0 0   1 1   2 2   3 3
59 142 4   0 0   1 1   2 2   3 3
60 80 4   0 0   1 1   2 2   3 3
60 272 4   0 0   1 1   2 2   3 3
60 201 4   0 0   1 1   2 2   3 3
60 139 4   0 0   1 1   2 2   3 3
60 236 4   0 0   1 1   2 2   3 3
60 207 4   0 0   1 1   2 2   3 3
60 175 4   0 0   1 1   2 2   3 3
61 97 4   0 0   1 1   2 2   3 3
61 268 4   0 0   1 1   2 2   3 3
61 77 4   0 0   1 1   2 2   3 3
62 248 4   0 0   1 1   2 2   3 3
62 90 4   0 0   1 1   2 2   3 3
62 220 4   0 0   1 1   2 2   3 3
62 78 4   0 0   1 1   2 2   3 3
62 191 4   0 0   1 1   2 2   3 3
63 163 4   0 0   1 1   2 2   3 3
63 133 4   0 0   1 1   2 2   3 3
63 198 4   0 0   1 1   2 2   3 3
63 184 4   0 0   1 1   2 2   3 3
63 250 4   0 0   1 1   2 2   3 3
64 120 4   0 0   1 1   2 2   3 3
64 281 4   0 0   1 1   2 2   3 3
65 224 4   0 0   1 1   2 2   3 3
65 194 4   0 0   1 1   2 2   3 3
65 99 4   0 0   1 1   2 2   3 3
65 149 4   0 0   1 1   2 2   3 3
65 231 4   0 0   1 1   2 2   3 3
65 71 4   0 0   1 1   2 2   3 3
65 138 4   0 0   1 1   2 2   3 3
65 79 4   0 0   1 1   2 2   3 3
66 81 4   0 0   1 1   2 2   3 3
66 259 4   0 0   1 1   2 2   3 3
66 275 4   0 0   1 1   2 2   3 3
66 260 4   0 0   1 1   2 2   3 3
66 180 4   0 0   1 1   2 2   3 3
67 112 4   0 0   1 1   2 2   3 3
67 257 4   0 0   1 1   2 2   3 3
67 88 4   0 0   1 1   2 2   3 3
67 265 4   0 0   1 1   2 2   3 3
67 221 4   0 0   1 1   2 2   3 3
68 228 4   0 0   1 1   2 2   3 3
68 86 4   0 0   1 1   2 2   3 3
69 130 4   0 0   1 1   2 2   3 3
69 152 4   0 0   1 1   2 2   3 3
69 233 4   0 0   1 1   2 2   3 3
69 281 4   0 0   1 1   2 2   3 3
70 112 4   0 0   1 1   2 2   3 3
70 128 4   0 0   1 1   2 2   3 3
70 258 4   0 0   1 1   2 2   3 3
70 87 4   0 0   1 1   2 2   3 3
70 124 4   0 0   1 1   2 2   3 3
71 194 4   0 0   1 1   2 2   3 3
71 162 4   0 0   1 1   2 2   3 3
72 196 4   0 0   1 1   2 2   3 3
72 184 4   0 0   1 1   2 2   3 3
72 250 4   0 0   1 1   2 2   3 3
72 284 4   0 0   1 1   2 2   3 3
73 146 4   0 0   1 1   2 2   3 3
73 182 4   0 0   1 1   2 2   3 3
73 167 4   0 0   1 1   2 2   3 3
73 183 4   0 0   1 1   2 2   3 3
73 74 4   0 0   1 1   2 2   3 3
74 167 4   0 0   1 1   2 2   3 3
74 183 4   0 0   1 1   2 2   3 3
74 92 4   0 0   1 1   2 2   3 3
75 144 4   0 0   1 1   2 2   3 3
75 113 4   0 0   1 1   2 2   3 3
75 200 4   0 0   1 1   2 2   3 3
75 172 4   0 0   1 1   2 2   3 3
76 97 4   0 0   1 1   2 2   3 3
76 278 4   0 0   1 1   2 2   3 3
76 201 4   0 0   1 1   2 2   3 3
76 268 4   0 0   1 1   2 2   3 3
77 160 4   0 0   1 1   2 2   3 3
77 97 4   0 0   1 1   2 2   3 3
77 268 4   0 0   1 1   2 2   3 3
78 148 4   0 0   1 1   2 2   3 3
78 103 4   0 0   1 1   2 2   3 3
78 248 4   0 0   1 1   2 2   3 3
78 90 4   0 0   1 1   2 2   3 3
78 234 4   0 0   1 1   2 2   3 3
79 149 4   0 0   1 1   2 2   3 3
79 181 4   0 0   1 1   2 2   3 3
79 216 4   0 0   1 1   2 2   3 3
80 256 4   0 0   1 1   2 2   3 3
80 179 4   0 0   1 1   2 2   3 3
80 211 4   0 0   1 1   2 2   3 3
80 246 4   0 0   1 1   2 2   3 3
80 119 4   0 0   1 1   2 2   3 3
80 201 4   0 0   1 1   2 2   3 3
80 207 4   0 0   1 1   2 2   3 3
81 259 4   0 0   1 1   2 2   3 3
81 180 4   0 0   1 1   2 2   3 3
81 266 4   0 0   1 1   2 2   3 3
82 241 4   0 0   1 1   2 2   3 3
82 106 4   0 0   1 1   2 2   3 3
82 125 4   0 0   1 1   2 2   3 3
83 208 4   0 0   1 1   2 2   3 3
83 104 4   0 0   1 1   2 2   3 3
83 172 4   0 0   1 1   2 2   3 3
84 182 4   0 0   1 1   2 2   3 3
84 105 4   0 0   1 1   2 2   3 3
84 253 4   0 0   1 1   2 2   3 3
84 174 4   0 0   1 1   2 2   3 3
85 161 4   0 0   1 1   2 2   3 3
85 147 4   0 0   1 1   2 2   3 3
85 150 4   0 0   1 1   2 2   3 3
85 249 4   0 0   1 1   2 2   3 3
85 155 4   0 0   1 1   2 2   3 3
86 212 4   0 0   1 1   2 2   3 3
86 228 4   0 0   1 1   2 2   3 3
86 181 4   0 0   1 1   2 2   3 3
86 216 4   0 0   1 1   2 2   3 3
87 258 4   0 0   1 1   2 2   3 3
87 147 4   0 0   1 1   2 2   3 3
87 155 4   0 0   1 1   2 2   3 3
88 112 4   0 0   1 1   2 2   3 3
88 258 4   0 0   1 1   2 2   3 3
88 265 4   0 0   1 1   2 2   3 3
89 240 4   0 0   1 1   2 2   3 3
89 243 4   0 0   1 1   2 2   3 3
89 196 4   0 0   1 1   2 2   3 3
89 148 4   0 0   1 1   2 2   3 3
89 169 4   0 0   1 1   2 2   3 3
89 284 4   0 0   1 1   2 2   3 3
90 148 4   0 0   1 1   2 2   3 3
90 191 4   0 0   1 1   2 2   3 3
91 210 4   0 0   1 1   2 2   3 3
91 122 4   0 0   1 1   2 2   3 3
91 255 4   0 0   1 1   2 2   3 3
92 167 4   0 0   1 1   2 2   3 3
92 183 4   0 0   1 1   2 2   3 3
92 232 4   0 0   1 1   2 2   3 3
92 105 4   0 0   1 1   2 2   3 3
92 122 4   0 0   1 1   2 2   3 3
92 283 4   0 0   1 1   2 2   3 3
92 255 4   0 0   1 1   2 2   3 3
93 278 4   0 0   1 1   2 2   3 3
93 154 4   0 0   1 1   2 2   3 3
93 139 4   0 0   1 1   2 2   3 3
93 254 4   0 0   1 1   2 2   3 3
93 206 4   0 0   1 1   2 2   3 3
93 287 4   0 0   1 1   2 2   3 3
94 176 4   0 0   1 1   2 2   3 3
94 135 4   0 0   1 1   2 2   3 3
94 136 4   0 0   1 1   2 2   3 3
95 192 4   0 0   1 1   2 2   3 3
95 209 4   0 0   1 1   2 2   3 3
95 219 4   0 0   1 1   2 2   3 3
95 142 4   0 0   1 1   2 2   3 3
96 144 4   0 0   1 1   2 2   3 3
96 113 4   0 0   1 1   2 2   3 3
96 166 4   0 0   1 1   2 2   3 3
96 251 4   0 0   1 1   2 2   3 3
96 189 4   0 0   1 1   2 2   3 3
97 160 4   0 0   1 1   2 2   3 3
97 268 4   0 0   1 1   2 2   3 3
98 213 4   0 0   1 1   2 2   3 3
98 121 4   0 0   1 1   2 2   3 3
98 171 4   0 0   1 1   2 2   3 3
98 269 4   0 0   1 1   2 2   3 3
99 146 4   0 0   1 1   2 2   3 3
99 226 4   0 0   1 1   2 2   3 3
99 231 4   0 0   1 1   2 2   3 3
99 138 4   0 0   1 1   2 2   3 3
99 267 4   0 0   1 1   2 2   3 3
100 194 4   0 0   1 1   2 2   3 3
100 198 4   0 0   1 1   2 2   3 3
100 184 4   0 0   1 1   2 2   3 3
100 138 4   0 0   1 1   2 2   3 3
101 257 4   0 0   1 1   2 2   3 3
101 230 4   0 0   1 1   2 2   3 3
101 265 4   0 0   1 1   2 2   3 3
102 274 4   0 0   1 1   2 2   3 3
102 134 4   0 0   1 1   2 2   3 3
102 215 4   0 0   1 1   2 2   3 3
103 131 4   0 0   1 1   2 2   3 3
103 248 4   0 0   1 1   2 2   3 3
104 208 4   0 0   1 1   2 2   3 3
105 210 4   0 0   1 1   2 2   3 3
105 182 4   0 0   1 1   2 2   3 3
105 167 4   0 0   1 1   2 2   3 3
105 122 4   0 0   1 1   2 2   3 3
105 174 4   0 0   1 1   2 2   3 3
106 225 4   0 0   1 1   2 2   3 3
106 195 4   0 0   1 1   2 2   3 3
106 268 4   0 0   1 1   2 2   3 3
106 125 4   0 0   1 1   2 2   3 3
106 270 4   0 0   1 1   2 2   3 3
107 194 4   0 0   1 1   2 2   3 3
107 169 4   0 0   1 1   2 2   3 3
107 173 4   0 0   1 1   2 2   3 3
108 151 4   0 0   1 1   2 2   3 3
108 233 4   0 0   1 1   2 2   3 3
108 281 4   0 0   1 1   2 2   3 3
108 266 4   0 0   1 1   2 2   3 3
108 204 4   0 0   1 1   2 2   3 3
108 285 4   0 0   1 1   2 2   3 3
109 113 4   0 0   1 1   2 2   3 3
109 258 4   0 0   1 1   2 2   3 3
109 186 4   0 0   1 1   2 2   3 3
109 110 4   0 0   1 1   2 2   3 3
110 113 4   0 0   1 1   2 2   3 3
110 161 4   0 0   1 1   2 2   3 3
110 200 4   0 0   1 1   2 2   3 3
110 186 4   0 0   1 1   2 2   3 3
110 155 4   0 0   1 1   2 2   3 3
111 226 4   0 0   1 1   2 2   3 3
111 198 4   0 0   1 1   2 2   3 3
111 138 4   0 0   1 1   2 2   3 3
112 258 4   0 0   1 1   2 2   3 3
112 221 4   0 0   1 1   2 2   3 3
112 286 4   0 0   1 1   2 2   3 3
113 144 4   0 0   1 1   2 2   3 3
113 200 4   0 0   1 1   2 2   3 3
114 129 4   0 0   1 1   2 2   3 3
114 261 4   0 0   1 1   2 2   3 3
114 233 4   0 0   1 1   2 2   3 3
114 170 4   0 0   1 1   2 2   3 3
114 204 4   0 0   1 1   2 2   3 3
114 207 4   0 0   1 1   2 2   3 3
115 280 4   0 0   1 1   2 2   3 3
115 188 4   0 0   1 1   2 2   3 3
115 156 4   0 0   1 1   2 2   3 3
115 157 4   0 0   1 1   2 2   3 3
115 190 4   0 0   1 1   2 2   3 3
115 287 4   0 0   1 1   2 2   3 3
116 288 4   0 0   1 1   2 2   3 3
116 177 4   0 0   1 1   2 2   3 3
116 178 4   0 0   1 1   2 2   3 3
116 276 4   0 0   1 1   2 2   3 3
116 244 4   0 0   1 1   2 2   3 3
116 199 4   0 0   1 1   2 2   3 3
116 252 4   0 0   1 1   2 2   3 3
116 237 4   0 0   1 1   2 2   3 3
117 163 4   0 0   1 1   2 2   3 3
117 283 4   0 0   1 1   2 2   3 3
118 262 4   0 0   1 1   2 2   3 3
118 263 4   0 0   1 1   2 2   3 3
118 238 4   0 0   1 1   2 2   3 3
118 159 4   0 0   1 1   2 2   3 3
119 246 4   0 0   1 1   2 2   3 3
120 193 4   0 0   1 1   2 2   3 3
120 205 4   0 0   1 1   2 2   3 3
121 247 4   0 0   1 1   2 2   3 3
121 171 4   0 0   1 1   2 2   3 3
121 269 4   0 0   1 1   2 2   3 3
122 210 4   0 0   1 1   2 2   3 3
122 255 4   0 0   1 1   2 2   3 3
123 131 4   0 0   1 1   2 2   3 3
123 203 4   0 0   1 1   2 2   3 3
124 128 4   0 0   1 1   2 2   3 3
125 225 4   0 0   1 1   2 2   3 3
125 280 4   0 0   1 1   2 2   3 3
126 289 4   0 0   1 1   2 2   3 3
126 229 4   0 0   1 1   2 2   3 3
126 190 4   0 0   1 1   2 2   3 3
126 223 4   0 0   1 1   2 2   3 3
127 150 4   0 0   1 1   2 2   3 3
127 215 4   0 0   1 1   2 2   3 3
127 200 4   0 0   1 1   2 2   3 3
127 172 4   0 0   1 1   2 2   3 3
127 239 4   0 0   1 1   2 2   3 3
128 202 4   0 0   1 1   2 2   3 3
129 170 4   0 0   1 1   2 2   3 3
129 207 4   0 0   1 1   2 2   3 3
130 152 4   0 0   1 1   2 2   3 3
130 233 4   0 0   1 1   2 2   3 3
130 236 4   0 0   1 1   2 2   3 3
130 207 4   0 0   1 1   2 2   3 3
131 228 4   0 0   1 1   2 2   3 3
131 216 4   0 0   1 1   2 2   3 3
131 248 4   0 0   1 1   2 2   3 3
132 160 4   0 0   1 1   2 2   3 3
132 268 4   0 0   1 1   2 2   3 3
132 270 4   0 0   1 1   2 2   3 3
133 163 4   0 0   1 1   2 2   3 3
133 198 4   0 0   1 1   2 2   3 3
133 232 4   0 0   1 1   2 2   3 3
133 283 4   0 0   1 1   2 2   3 3
134 208 4   0 0   1 1   2 2   3 3
134 274 4   0 0   1 1   2 2   3 3
135 176 4   0 0   1 1   2 2   3 3
135 213 4   0 0   1 1   2 2   3 3
135 136 4   0 0   1 1   2 2   3 3
136 164 4   0 0   1 1   2 2   3 3
137 146 4   0 0   1 1   2 2   3 3
137 277 4   0 0   1 1   2 2   3 3
137 235 4   0 0   1 1   2 2   3 3
137 267 4   0 0   1 1   2 2   3 3
137 253 4   0 0   1 1   2 2   3 3
138 226 4   0 0   1 1   2 2   3 3
138 194 4   0 0   1 1   2 2   3 3
139 272 4   0 0   1 1   2 2   3 3
139 278 4   0 0   1 1   2 2   3 3
139 153 4   0 0   1 1   2 2   3 3
139 154 4   0 0   1 1   2 2   3 3
139 236 4   0 0   1 1   2 2   3 3
140 192 4   0 0   1 1   2 2   3 3
140 283 4   0 0   1 1   2 2   3 3
140 255 4   0 0   1 1   2 2   3 3
141 210 4   0 0   1 1   2 2   3 3
141 275 4   0 0   1 1   2 2   3 3
141 227 4   0 0   1 1   2 2   3 3
141 260 4   0 0   1 1   2 2   3 3
141 217 4   0 0   1 1   2 2   3 3
142 192 4   0 0   1 1   2 2   3 3
142 219 4   0 0   1 1   2 2   3 3
143 177 4   0 0   1 1   2 2   3 3
143 279 4   0 0   1 1   2 2   3 3
144 251 4   0 0   1 1   2 2   3 3
145 235 4   0 0   1 1   2 2   3 3
145 253 4   0 0   1 1   2 2   3 3
146 226 4   0 0   1 1   2 2   3 3
146 183 4   0 0   1 1   2 2   3 3
146 267 4   0 0   1 1   2 2   3 3
147 249 4   0 0   1 1   2 2   3 3
147 155 4   0 0   1 1   2 2   3 3
148 240 4   0 0   1 1   2 2   3 3
148 169 4   0 0   1 1   2 2   3 3
148 234 4   0 0   1 1   2 2   3 3
148 173 4   0 0   1 1   2 2   3 3
148 191 4   0 0   1 1   2 2   3 3
149 224 4   0 0   1 1   2 2   3 3
150 161 4   0 0   1 1   2 2   3 3
150 200 4   0 0   1 1   2 2   3 3
150 249 4   0 0   1 1   2 2   3 3
151 261 4   0 0   1 1   2 2   3 3
151 165 4   0 0   1 1   2 2   3 3
151 204 4   0 0   1 1   2 2   3 3
151 238 4   0 0   1 1   2 2   3 3
152 281 4   0 0   1 1   2 2   3 3
152 236 4   0 0   1 1   2 2   3 3
153 193 4   0 0   1 1   2 2   3 3
153 281 4   0 0   1 1   2 2   3 3
153 154 4   0 0   1 1   2 2   3 3
153 236 4   0 0   1 1   2 2   3 3
154 193 4   0 0   1 1   2 2   3 3
154 158 4   0 0   1 1   2 2   3 3
154 287 4   0 0   1 1   2 2   3 3
155 161 4   0 0   1 1   2 2   3 3
155 258 4   0 0   1 1   2 2   3 3
155 186 4   0 0   1 1   2 2   3 3
156 230 4   0 0   1 1   2 2   3 3
156 280 4   0 0   1 1   2 2   3 3
156 218 4   0 0   1 1   2 2   3 3
156 189 4   0 0   1 1   2 2   3 3
157 273 4   0 0   1 1   2 2   3 3
157 188 4   0 0   1 1   2 2   3 3
157 205 4   0 0   1 1   2 2   3 3
157 287 4   0 0   1 1   2 2   3 3
158 193 4   0 0   1 1   2 2   3 3
158 273 4   0 0   1 1   2 2   3 3
158 205 4   0 0   1 1   2 2   3 3
158 287 4   0 0   1 1   2 2   3 3
159 165 4   0 0   1 1   2 2   3 3
160 268 4   0 0   1 1   2 2   3 3
161 200 4   0 0   1 1   2 2   3 3
162 194 4   0 0   1 1   2 2   3 3
162 187 4   0 0   1 1   2 2   3 3
162 220 4   0 0   1 1   2 2   3 3
162 173 4   0 0   1 1   2 2   3 3
163 283 4   0 0   1 1   2 2   3 3
164 190 4   0 0   1 1   2 2   3 3
165 261 4   0 0   1 1   2 2   3 3
165 264 4   0 0   1 1   2 2   3 3
165 238 4   0 0   1 1   2 2   3 3
166 241 4   0 0   1 1   2 2   3 3
166 251 4   0 0   1 1   2 2   3 3
167 182 4   0 0   1 1   2 2   3 3
168 271 4   0 0   1 1   2 2   3 3
169 196 4   0 0   1 1   2 2   3 3
169 173 4   0 0   1 1   2 2   3 3
170 207 4   0 0   1 1   2 2   3 3
171 180 4   0 0   1 1   2 2   3 3
171 247 4   0 0   1 1   2 2   3 3
171 185 4   0 0   1 1   2 2   3 3
171 266 4   0 0   1 1   2 2   3 3
171 285 4   0 0   1 1   2 2   3 3
172 200 4   0 0   1 1   2 2   3 3
173 194 4   0 0   1 1   2 2   3 3
173 220 4   0 0   1 1   2 2   3 3
173 191 4   0 0   1 1   2 2   3 3
174 210 4   0 0   1 1   2 2   3 3
174 275 4   0 0   1 1   2 2   3 3
174 269 4   0 0   1 1   2 2   3 3
174 253 4   0 0   1 1   2 2   3 3
175 272 4   0 0   1 1   2 2   3 3
175 201 4   0 0   1 1   2 2   3 3
176 257 4   0 0   1 1   2 2   3 3
177 199 4   0 0   1 1   2 2   3 3
177 279 4   0 0   1 1   2 2   3 3
177 237 4   0 0   1 1   2 2   3 3
178 288 4   0 0   1 1   2 2   3 3
178 262 4   0 0   1 1   2 2   3 3
178 252 4   0 0   1 1   2 2   3 3
179 211 4   0 0   1 1   2 2   3 3
179 197 4   0 0   1 1   2 2   3 3
179 246 4   0 0   1 1   2 2   3 3
180 275 4   0 0   1 1   2 2   3 3
180 247 4   0 0   1 1   2 2   3 3
180 266 4   0 0   1 1   2 2   3 3
180 269 4   0 0   1 1   2 2   3 3
181 216 4   0 0   1 1   2 2   3 3
183 226 4   0 0   1 1   2 2   3 3
183 232 4   0 0   1 1   2 2   3 3
183 282 4   0 0   1 1   2 2   3 3
184 194 4   0 0   1 1   2 2   3 3
184 198 4   0 0   1 1   2 2   3 3
184 250 4   0 0   1 1   2 2   3 3
185 285 4   0 0   1 1   2 2   3 3
186 258 4   0 0   1 1   2 2   3 3
187 216 4   0 0   1 1   2 2   3 3
187 248 4   0 0   1 1   2 2   3 3
188 229 4   0 0   1 1   2 2   3 3
188 205 4   0 0   1 1   2 2   3 3
188 223 4   0 0   1 1   2 2   3 3
189 280 4   0 0   1 1   2 2   3 3
189 218 4   0 0   1 1   2 2   3 3
190 223 4   0 0   1 1   2 2   3 3
191 220 4   0 0   1 1   2 2   3 3
192 209 4   0 0   1 1   2 2   3 3
192 283 4   0 0   1 1   2 2   3 3
193 205 4   0 0   1 1   2 2   3 3
195 225 4   0 0   1 1   2 2   3 3
195 268 4   0 0   1 1   2 2   3 3
195 206 4   0 0   1 1   2 2   3 3
195 287 4   0 0   1 1   2 2   3 3
196 284 4   0 0   1 1   2 2   3 3
197 256 4   0 0   1 1   2 2   3 3
197 246 4   0 0   1 1   2 2   3 3
199 244 4   0 0   1 1   2 2   3 3
201 211 4   0 0   1 1   2 2   3 3
202 214 4   0 0   1 1   2 2   3 3
202 286 4   0 0   1 1   2 2   3 3
203 212 4   0 0   1 1   2 2   3 3
204 261 4   0 0   1 1   2 2   3 3
204 233 4   0 0   1 1   2 2   3 3
205 273 4   0 0   1 1   2 2   3 3
205 229 4   0 0   1 1   2 2   3 3
206 268 4   0 0   1 1   2 2   3 3
206 254 4   0 0   1 1   2 2   3 3
206 287 4   0 0   1 1   2 2   3 3
207 256 4   0 0   1 1   2 2   3 3
207 233 4   0 0   1 1   2 2   3 3
207 236 4   0 0   1 1   2 2   3 3
209 219 4   0 0   1 1   2 2   3 3
210 275 4   0 0   1 1   2 2   3 3
210 279 4   0 0   1 1   2 2   3 3
210 217 4   0 0   1 1   2 2   3 3
210 255 4   0 0   1 1   2 2   3 3
215 239 4   0 0   1 1   2 2   3 3
216 228 4   0 0   1 1   2 2   3 3
216 248 4   0 0   1 1   2 2   3 3
217 279 4   0 0   1 1   2 2   3 3
218 230 4   0 0   1 1   2 2   3 3
218 265 4   0 0   1 1   2 2   3 3
218 222 4   0 0   1 1   2 2   3 3
221 257 4   0 0   1 1   2 2   3 3
221 286 4   0 0   1 1   2 2   3 3
222 265 4   0 0   1 1   2 2   3 3
223 229 4   0 0   1 1   2 2   3 3
224 231 4   0 0   1 1   2 2   3 3
224 235 4   0 0   1 1   2 2   3 3
225 280 4   0 0   1 1   2 2   3 3
225 287 4   0 0   1 1   2 2   3 3
226 282 4   0 0   1 1   2 2   3 3
227 242 4   0 0   1 1   2 2   3 3
227 259 4   0 0   1 1   2 2   3 3
227 260 4   0 0   1 1   2 2   3 3
229 289 4   0 0   1 1   2 2   3 3
230 265 4   0 0   1 1   2 2   3 3
231 267 4   0 0   1 1   2 2   3 3
231 235 4   0 0   1 1   2 2   3 3
232 282 4   0 0   1 1   2 2   3 3
232 283 4   0 0   1 1   2 2   3 3
233 281 4   0 0   1 1   2 2   3 3
234 240 4   0 0   1 1   2 2   3 3
234 245 4   0 0   1 1   2 2   3 3
235 277 4   0 0   1 1   2 2   3 3
235 267 4   0 0   1 1   2 2   3 3
235 253 4   0 0   1 1   2 2   3 3
236 281 4   0 0   1 1   2 2   3 3
237 242 4   0 0   1 1   2 2   3 3
237 263 4   0 0   1 1   2 2   3 3
237 252 4   0 0   1 1   2 2   3 3
240 243 4   0 0   1 1   2 2   3 3
240 245 4   0 0   1 1   2 2   3 3
242 259 4   0 0   1 1   2 2   3 3
242 263 4   0 0   1 1   2 2   3 3
243 245 4   0 0   1 1   2 2   3 3
244 276 4   0 0   1 1   2 2   3 3
246 256 4   0 0   1 1   2 2   3 3
247 269 4   0 0   1 1   2 2   3 3
252 262 4   0 0   1 1   2 2   3 3
252 263 4   0 0   1 1   2 2   3 3
253 269 4   0 0   1 1   2 2   3 3
254 278 4   0 0   1 1   2 2   3 3
254 268 4   0 0   1 1   2 2   3 3
255 279 4   0 0   1 1   2 2   3 3
257 265 4   0 0   1 1   2 2   3 3
257 286 4   0 0   1 1   2 2   3 3
259 260 4   0 0   1 1   2 2   3 3
259 263 4   0 0   1 1   2 2   3 3
260 275 4   0 0   1 1   2 2   3 3
261 264 4   0 0   1 1   2 2   3 3
262 263 4   0 0   1 1   2 2   3 3
266 285 4   0 0   1 1   2 2   3 3
267 277 4   0 0   1 1   2 2   3 3
268 278 4   0 0   1 1   2 2   3 3
268 270 4   0 0   1 1   2 2   3 3
269 275 4   0 0   1 1   2 2   3 3
273 287 4   0 0   1 1   2 2   3 3
276 288 4   0 0   1 1   2 2   3 3
280 287 4   0 0   1 1   2 2   3 3
