222
1 4 0 1 2 3
2 4 0 1 2 3
3 4 0 1 2 3
4 4 0 1 2 3
5 4 0 1 2 3
6 4 0 1 2 3
7 4 0 1 2 3
8 4 0 1 2 3
9 4 0 1 2 3
10 4 0 1 2 3
11 4 0 1 2 3
12 4 0 1 2 3
13 4 0 1 2 3
14 4 0 1 2 3
15 4 0 1 2 3
16 4 0 1 2 3
17 4 0 1 2 3
18 4 0 1 2 3
19 4 0 1 2 3
20 4 0 1 2 3
21 4 0 1 2 3
22 4 0 1 2 3
23 4 0 1 2 3
24 4 0 1 2 3
25 4 0 1 2 3
26 4 0 1 2 3
27 4 0 1 2 3
28 4 0 1 2 3
29 4 0 1 2 3
30 4 0 1 2 3
31 4 0 1 2 3
32 4 0 1 2 3
33 4 0 1 2 3
34 4 0 1 2 3
35 4 0 1 2 3
36 4 0 1 2 3
37 4 0 1 2 3
38 4 0 1 2 3
39 4 0 1 2 3
40 4 0 1 2 3
41 4 0 1 2 3
42 4 0 1 2 3
43 4 0 1 2 3
44 4 0 1 2 3
45 4 0 1 2 3
46 4 0 1 2 3
47 4 0 1 2 3
48 4 0 1 2 3
49 4 0 1 2 3
50 4 0 1 2 3
51 4 0 1 2 3
52 4 0 1 2 3
53 4 0 1 2 3
54 4 0 1 2 3
55 4 0 1 2 3
56 4 0 1 2 3
57 4 0 1 2 3
58 4 0 1 2 3
59 4 0 1 2 3
60 4 0 1 2 3
61 4 0 1 2 3
62 4 0 1 2 3
63 4 0 1 2 3
64 4 0 1 2 3
65 4 0 1 2 3
66 4 0 1 2 3
67 4 0 1 2 3
68 4 0 1 2 3
69 4 0 1 2 3
70 4 0 1 2 3
71 4 0 1 2 3
72 4 0 1 2 3
73 4 0 1 2 3
74 4 0 1 2 3
75 4 0 1 2 3
76 4 0 1 2 3
77 4 0 1 2 3
78 4 0 1 2 3
79 4 0 1 2 3
80 4 0 1 2 3
81 4 0 1 2 3
82 4 0 1 2 3
83 4 0 1 2 3
84 4 0 1 2 3
85 4 0 1 2 3
86 4 0 1 2 3
87 4 0 1 2 3
88 4 0 1 2 3
89 4 0 1 2 3
90 4 0 1 2 3
91 4 0 1 2 3
92 4 0 1 2 3
93 4 0 1 2 3
94 4 0 1 2 3
95 4 0 1 2 3
96 4 0 1 2 3
97 4 0 1 2 3
98 4 0 1 2 3
99 4 0 1 2 3
100 4 0 1 2 3
101 4 0 1 2 3
102 4 0 1 2 3
103 4 0 1 2 3
104 4 0 1 2 3
105 4 0 1 2 3
106 4 0 1 2 3
107 4 0 1 2 3
108 4 0 1 2 3
109 4 0 1 2 3
110 4 0 1 2 3
111 4 0 1 2 3
112 4 0 1 2 3
113 4 0 1 2 3
114 4 0 1 2 3
115 4 0 1 2 3
116 4 0 1 2 3
117 4 0 1 2 3
118 4 0 1 2 3
119 4 0 1 2 3
120 4 0 1 2 3
121 4 0 1 2 3
122 4 0 1 2 3
123 4 0 1 2 3
124 4 0 1 2 3
125 4 0 1 2 3
126 4 0 1 2 3
127 4 0 1 2 3
128 4 0 1 2 3
129 4 0 1 2 3
130 4 0 1 2 3
131 4 0 1 2 3
132 4 0 1 2 3
133 4 0 1 2 3
134 4 0 1 2 3
135 4 0 1 2 3
136 4 0 1 2 3
137 4 0 1 2 3
138 4 0 1 2 3
139 4 0 1 2 3
140 4 0 1 2 3
141 4 0 1 2 3
142 4 0 1 2 3
143 4 0 1 2 3
144 4 0 1 2 3
145 4 0 1 2 3
146 4 0 1 2 3
147 4 0 1 2 3
148 4 0 1 2 3
149 4 0 1 2 3
150 4 0 1 2 3
151 4 0 1 2 3
152 4 0 1 2 3
153 4 0 1 2 3
154 4 0 1 2 3
155 4 0 1 2 3
156 4 0 1 2 3
157 4 0 1 2 3
158 4 0 1 2 3
159 4 0 1 2 3
160 4 0 1 2 3
161 4 0 1 2 3
162 4 0 1 2 3
163 4 0 1 2 3
164 4 0 1 2 3
165 4 0 1 2 3
166 4 0 1 2 3
167 4 0 1 2 3
168 4 0 1 2 3
169 4 0 1 2 3
170 4 0 1 2 3
171 4 0 1 2 3
172 4 0 1 2 3
173 4 0 1 2 3
174 4 0 1 2 3
175 4 0 1 2 3
176 4 0 1 2 3
177 4 0 1 2 3
178 4 0 1 2 3
179 4 0 1 2 3
180 4 0 1 2 3
181 4 0 1 2 3
182 4 0 1 2 3
183 4 0 1 2 3
184 4 0 1 2 3
185 4 0 1 2 3
186 4 0 1 2 3
187 4 0 1 2 3
188 4 0 1 2 3
189 4 0 1 2 3
190 4 0 1 2 3
191 4 0 1 2 3
192 4 0 1 2 3
193 4 0 1 2 3
194 4 0 1 2 3
195 4 0 1 2 3
196 4 0 1 2 3
197 4 0 1 2 3
198 4 0 1 2 3
199 4 0 1 2 3
200 4 0 1 2 3
201 4 0 1 2 3
202 4 0 1 2 3
203 4 0 1 2 3
204 4 0 1 2 3
205 4 0 1 2 3
206 4 0 1 2 3
207 4 0 1 2 3
208 4 0 1 2 3
209 4 0 1 2 3
210 4 0 1 2 3
211 4 0 1 2 3
212 4 0 1 2 3
213 4 0 1 2 3
214 4 0 1 2 3
215 4 0 1 2 3
216 4 0 1 2 3
217 4 0 1 2 3
218 4 0 1 2 3
219 4 0 1 2 3
220 4 0 1 2 3
221 4 0 1 2 3
222 4 0 1 2 3
617
1 145 4   0 0   1 1   2 2   3 3
1 23 4   0 0   1 1   2 2   3 3
1 157 4   0 0   1 1   2 2   3 3
1 221 4   0 0   1 1   2 2   3 3
1 142 4   0 0   1 1   2 2   3 3
1 222 4   0 0   1 1   2 2   3 3
1 63 4   0 0   1 1   2 2   3 3
2 114 4   0 0   1 1   2 2   3 3
2 100 4   0 0   1 1   2 2   3 3
2 196 4   0 0   1 1   2 2   3 3
2 182 4   0 0   1 1   2 2   3 3
2 58 4   0 0   1 1   2 2   3 3
2 44 4   0 0   1 1   2 2   3 3
2 156 4   0 0   1 1   2 2   3 3
2 140 4   0 0   1 1   2 2   3 3
2 141 4   0 0   1 1   2 2   3 3
3 16 4   0 0   1 1   2 2   3 3
3 181 4   0 0   1 1   2 2   3 3
3 215 4   0 0   1 1   2 2   3 3
3 123 4   0 0   1 1   2 2   3 3
3 143 4   0 0   1 1   2 2   3 3
4 101 4   0 0   1 1   2 2   3 3
4 150 4   0 0   1 1   2 2   3 3
4 173 4   0 0   1 1   2 2   3 3
4 111 4   0 0   1 1   2 2   3 3
5 112 4   0 0   1 1   2 2   3 3
5 66 4   0 0   1 1   2 2   3 3
5 83 4   0 0   1 1   2 2   3 3
5 167 4   0 0   1 1   2 2   3 3
5 72 4   0 0   1 1   2 2   3 3
5 205 4   0 0   1 1   2 2   3 3
6 133 4   0 0   1 1   2 2   3 3
6 154 4   0 0   1 1   2 2   3 3
6 60 4   0 0   1 1   2 2   3 3
6 109 4   0 0   1 1   2 2   3 3
6 95 4   0 0   1 1   2 2   3 3
7 163 4   0 0   1 1   2 2   3 3
7 101 4   0 0   1 1   2 2   3 3
7 59 4   0 0   1 1   2 2   3 3
7 111 4   0 0   1 1   2 2   3 3
8 209 4   0 0   1 1   2 2   3 3
8 39 4   0 0   1 1   2 2   3 3
8 138 4   0 0   1 1   2 2   3 3
8 188 4   0 0   1 1   2 2   3 3
8 45 4   0 0   1 1   2 2   3 3
9 49 4   0 0   1 1   2 2   3 3
9 197 4   0 0   1 1   2 2   3 3
9 24 4   0 0   1 1   2 2   3 3
9 44 4   0 0   1 1   2 2   3 3
10 162 4   0 0   1 1   2 2   3 3
10 179 4   0 0   1 1   2 2   3 3
10 116 4   0 0   1 1   2 2   3 3
10 217 4   0 0   1 1   2 2   3 3
10 75 4   0 0   1 1   2 2   3 3
11 80 4   0 0   1 1   2 2   3 3
11 129 4   0 0   1 1   2 2   3 3
11 145 4   0 0   1 1   2 2   3 3
11 20 4   0 0   1 1   2 2   3 3
11 22 4   0 0   1 1   2 2   3 3
11 87 4   0 0   1 1   2 2   3 3
11 221 4   0 0   1 1   2 2   3 3
12 96 4   0 0   1 1   2 2   3 3
12 113 4   0 0   1 1   2 2   3 3
12 83 4   0 0   1 1   2 2   3 3
12 37 4   0 0   1 1   2 2   3 3
12 69 4   0 0   1 1   2 2   3 3
12 199 4   0 0   1 1   2 2   3 3
13 164 4   0 0   1 1   2 2   3 3
13 118 4   0 0   1 1   2 2   3 3
13 199 4   0 0   1 1   2 2   3 3
13 77 4   0 0   1 1   2 2   3 3
14 178 4   0 0   1 1   2 2   3 3
14 52 4   0 0   1 1   2 2   3 3
14 104 4   0 0   1 1   2 2   3 3
14 75 4   0 0   1 1   2 2   3 3
14 159 4   0 0   1 1   2 2   3 3
15 198 4   0 0   1 1   2 2   3 3
15 215 4   0 0   1 1   2 2   3 3
15 41 4   0 0   1 1   2 2   3 3
15 94 4   0 0   1 1   2 2   3 3
15 127 4   0 0   1 1   2 2   3 3
16 194 4   0 0   1 1   2 2   3 3
16 181 4   0 0   1 1   2 2   3 3
16 120 4   0 0   1 1   2 2   3 3
16 123 4   0 0   1 1   2 2   3 3
17 32 4   0 0   1 1   2 2   3 3
17 34 4   0 0   1 1   2 2   3 3
17 70 4   0 0   1 1   2 2   3 3
17 134 4   0 0   1 1   2 2   3 3
17 108 4   0 0   1 1   2 2   3 3
17 204 4   0 0   1 1   2 2   3 3
18 176 4   0 0   1 1   2 2   3 3
18 34 4   0 0   1 1   2 2   3 3
18 134 4   0 0   1 1   2 2   3 3
18 122 4   0 0   1 1   2 2   3 3
18 30 4   0 0   1 1   2 2   3 3
19 65 4   0 0   1 1   2 2   3 3
19 146 4   0 0   1 1   2 2   3 3
19 100 4   0 0   1 1   2 2   3 3
19 153 4   0 0   1 1   2 2   3 3
19 125 4   0 0   1 1   2 2   3 3
20 80 4   0 0   1 1   2 2   3 3
20 83 4   0 0   1 1   2 2   3 3
20 22 4   0 0   1 1   2 2   3 3
20 167 4   0 0   1 1   2 2   3 3
20 23 4   0 0   1 1   2 2   3 3
20 174 4   0 0   1 1   2 2   3 3
21 114 4   0 0   1 1   2 2   3 3
21 180 4   0 0   1 1   2 2   3 3
21 182 4   0 0   1 1   2 2   3 3
21 201 4   0 0   1 1   2 2   3 3
21 141 4   0 0   1 1   2 2   3 3
21 158 4   0 0   1 1   2 2   3 3
21 191 4   0 0   1 1   2 2   3 3
22 23 4   0 0   1 1   2 2   3 3
22 221 4   0 0   1 1   2 2   3 3
23 167 4   0 0   1 1   2 2   3 3
23 157 4   0 0   1 1   2 2   3 3
23 221 4   0 0   1 1   2 2   3 3
24 128 4   0 0   1 1   2 2   3 3
24 49 4   0 0   1 1   2 2   3 3
24 165 4   0 0   1 1   2 2   3 3
24 197 4   0 0   1 1   2 2   3 3
24 220 4   0 0   1 1   2 2   3 3
25 211 4   0 0   1 1   2 2   3 3
25 197 4   0 0   1 1   2 2   3 3
25 119 4   0 0   1 1   2 2   3 3
25 76 4   0 0   1 1   2 2   3 3
25 31 4   0 0   1 1   2 2   3 3
26 145 4   0 0   1 1   2 2   3 3
26 177 4   0 0   1 1   2 2   3 3
26 137 4   0 0   1 1   2 2   3 3
26 29 4   0 0   1 1   2 2   3 3
27 68 4   0 0   1 1   2 2   3 3
27 132 4   0 0   1 1   2 2   3 3
27 200 4   0 0   1 1   2 2   3 3
27 42 4   0 0   1 1   2 2   3 3
28 82 4   0 0   1 1   2 2   3 3
28 36 4   0 0   1 1   2 2   3 3
28 168 4   0 0   1 1   2 2   3 3
28 46 4   0 0   1 1   2 2   3 3
29 145 4   0 0   1 1   2 2   3 3
29 177 4   0 0   1 1   2 2   3 3
29 87 4   0 0   1 1   2 2   3 3
29 137 4   0 0   1 1   2 2   3 3
29 189 4   0 0   1 1   2 2   3 3
30 99 4   0 0   1 1   2 2   3 3
30 134 4   0 0   1 1   2 2   3 3
30 71 4   0 0   1 1   2 2   3 3
30 122 4   0 0   1 1   2 2   3 3
31 179 4   0 0   1 1   2 2   3 3
31 133 4   0 0   1 1   2 2   3 3
31 197 4   0 0   1 1   2 2   3 3
31 119 4   0 0   1 1   2 2   3 3
31 217 4   0 0   1 1   2 2   3 3
31 202 4   0 0   1 1   2 2   3 3
31 95 4   0 0   1 1   2 2   3 3
32 134 4   0 0   1 1   2 2   3 3
32 204 4   0 0   1 1   2 2   3 3
33 150 4   0 0   1 1   2 2   3 3
33 218 4   0 0   1 1   2 2   3 3
33 91 4   0 0   1 1   2 2   3 3
33 173 4   0 0   1 1   2 2   3 3
34 176 4   0 0   1 1   2 2   3 3
34 51 4   0 0   1 1   2 2   3 3
34 134 4   0 0   1 1   2 2   3 3
34 108 4   0 0   1 1   2 2   3 3
35 85 4   0 0   1 1   2 2   3 3
35 89 4   0 0   1 1   2 2   3 3
35 110 4   0 0   1 1   2 2   3 3
36 208 4   0 0   1 1   2 2   3 3
36 82 4   0 0   1 1   2 2   3 3
36 78 4   0 0   1 1   2 2   3 3
36 46 4   0 0   1 1   2 2   3 3
37 113 4   0 0   1 1   2 2   3 3
37 164 4   0 0   1 1   2 2   3 3
37 199 4   0 0   1 1   2 2   3 3
38 81 4   0 0   1 1   2 2   3 3
38 129 4   0 0   1 1   2 2   3 3
38 70 4   0 0   1 1   2 2   3 3
38 151 4   0 0   1 1   2 2   3 3
38 169 4   0 0   1 1   2 2   3 3
38 189 4   0 0   1 1   2 2   3 3
39 213 4   0 0   1 1   2 2   3 3
39 138 4   0 0   1 1   2 2   3 3
39 45 4   0 0   1 1   2 2   3 3
40 105 4   0 0   1 1   2 2   3 3
40 171 4   0 0   1 1   2 2   3 3
40 191 4   0 0   1 1   2 2   3 3
41 214 4   0 0   1 1   2 2   3 3
41 215 4   0 0   1 1   2 2   3 3
41 59 4   0 0   1 1   2 2   3 3
41 94 4   0 0   1 1   2 2   3 3
42 132 4   0 0   1 1   2 2   3 3
42 90 4   0 0   1 1   2 2   3 3
42 124 4   0 0   1 1   2 2   3 3
42 158 4   0 0   1 1   2 2   3 3
43 168 4   0 0   1 1   2 2   3 3
43 74 4   0 0   1 1   2 2   3 3
43 45 4   0 0   1 1   2 2   3 3
43 46 4   0 0   1 1   2 2   3 3
44 49 4   0 0   1 1   2 2   3 3
44 146 4   0 0   1 1   2 2   3 3
44 100 4   0 0   1 1   2 2   3 3
44 197 4   0 0   1 1   2 2   3 3
44 156 4   0 0   1 1   2 2   3 3
45 209 4   0 0   1 1   2 2   3 3
45 213 4   0 0   1 1   2 2   3 3
45 168 4   0 0   1 1   2 2   3 3
46 208 4   0 0   1 1   2 2   3 3
46 168 4   0 0   1 1   2 2   3 3
46 74 4   0 0   1 1   2 2   3 3
47 130 4   0 0   1 1   2 2   3 3
47 148 4   0 0   1 1   2 2   3 3
47 116 4   0 0   1 1   2 2   3 3
47 75 4   0 0   1 1   2 2   3 3
47 159 4   0 0   1 1   2 2   3 3
48 131 4   0 0   1 1   2 2   3 3
48 52 4   0 0   1 1   2 2   3 3
48 86 4   0 0   1 1   2 2   3 3
48 187 4   0 0   1 1   2 2   3 3
48 126 4   0 0   1 1   2 2   3 3
48 175 4   0 0   1 1   2 2   3 3
49 128 4   0 0   1 1   2 2   3 3
49 155 4   0 0   1 1   2 2   3 3
49 156 4   0 0   1 1   2 2   3 3
50 112 4   0 0   1 1   2 2   3 3
50 136 4   0 0   1 1   2 2   3 3
50 219 4   0 0   1 1   2 2   3 3
50 187 4   0 0   1 1   2 2   3 3
50 92 4   0 0   1 1   2 2   3 3
50 205 4   0 0   1 1   2 2   3 3
51 64 4   0 0   1 1   2 2   3 3
51 176 4   0 0   1 1   2 2   3 3
51 54 4   0 0   1 1   2 2   3 3
51 73 4   0 0   1 1   2 2   3 3
51 171 4   0 0   1 1   2 2   3 3
51 108 4   0 0   1 1   2 2   3 3
52 178 4   0 0   1 1   2 2   3 3
52 131 4   0 0   1 1   2 2   3 3
52 86 4   0 0   1 1   2 2   3 3
52 104 4   0 0   1 1   2 2   3 3
53 160 4   0 0   1 1   2 2   3 3
53 200 4   0 0   1 1   2 2   3 3
53 170 4   0 0   1 1   2 2   3 3
53 206 4   0 0   1 1   2 2   3 3
54 96 4   0 0   1 1   2 2   3 3
54 69 4   0 0   1 1   2 2   3 3
54 73 4   0 0   1 1   2 2   3 3
54 108 4   0 0   1 1   2 2   3 3
54 174 4   0 0   1 1   2 2   3 3
55 97 4   0 0   1 1   2 2   3 3
55 115 4   0 0   1 1   2 2   3 3
55 84 4   0 0   1 1   2 2   3 3
55 102 4   0 0   1 1   2 2   3 3
55 107 4   0 0   1 1   2 2   3 3
55 78 4   0 0   1 1   2 2   3 3
56 98 4   0 0   1 1   2 2   3 3
56 210 4   0 0   1 1   2 2   3 3
56 148 4   0 0   1 1   2 2   3 3
56 166 4   0 0   1 1   2 2   3 3
56 184 4   0 0   1 1   2 2   3 3
57 131 4   0 0   1 1   2 2   3 3
57 104 4   0 0   1 1   2 2   3 3
57 218 4   0 0   1 1   2 2   3 3
57 186 4   0 0   1 1   2 2   3 3
57 126 4   0 0   1 1   2 2   3 3
58 100 4   0 0   1 1   2 2   3 3
58 196 4   0 0   1 1   2 2   3 3
58 185 4   0 0   1 1   2 2   3 3
58 125 4   0 0   1 1   2 2   3 3
59 101 4   0 0   1 1   2 2   3 3
59 214 4   0 0   1 1   2 2   3 3
60 212 4   0 0   1 1   2 2   3 3
60 154 4   0 0   1 1   2 2   3 3
60 188 4   0 0   1 1   2 2   3 3
60 109 4   0 0   1 1   2 2   3 3
61 183 4   0 0   1 1   2 2   3 3
61 184 4   0 0   1 1   2 2   3 3
61 89 4   0 0   1 1   2 2   3 3
62 101 4   0 0   1 1   2 2   3 3
62 214 4   0 0   1 1   2 2   3 3
62 91 4   0 0   1 1   2 2   3 3
62 173 4   0 0   1 1   2 2   3 3
62 93 4   0 0   1 1   2 2   3 3
62 94 4   0 0   1 1   2 2   3 3
63 145 4   0 0   1 1   2 2   3 3
63 222 4   0 0   1 1   2 2   3 3
64 180 4   0 0   1 1   2 2   3 3
64 73 4   0 0   1 1   2 2   3 3
64 171 4   0 0   1 1   2 2   3 3
65 213 4   0 0   1 1   2 2   3 3
65 153 4   0 0   1 1   2 2   3 3
65 138 4   0 0   1 1   2 2   3 3
65 125 4   0 0   1 1   2 2   3 3
66 112 4   0 0   1 1   2 2   3 3
66 152 4   0 0   1 1   2 2   3 3
66 72 4   0 0   1 1   2 2   3 3
66 203 4   0 0   1 1   2 2   3 3
66 92 4   0 0   1 1   2 2   3 3
67 176 4   0 0   1 1   2 2   3 3
67 99 4   0 0   1 1   2 2   3 3
67 105 4   0 0   1 1   2 2   3 3
67 122 4   0 0   1 1   2 2   3 3
67 158 4   0 0   1 1   2 2   3 3
68 132 4   0 0   1 1   2 2   3 3
68 216 4   0 0   1 1   2 2   3 3
68 200 4   0 0   1 1   2 2   3 3
69 96 4   0 0   1 1   2 2   3 3
69 83 4   0 0   1 1   2 2   3 3
69 174 4   0 0   1 1   2 2   3 3
70 192 4   0 0   1 1   2 2   3 3
70 81 4   0 0   1 1   2 2   3 3
70 151 4   0 0   1 1   2 2   3 3
70 108 4   0 0   1 1   2 2   3 3
70 204 4   0 0   1 1   2 2   3 3
71 99 4   0 0   1 1   2 2   3 3
71 90 4   0 0   1 1   2 2   3 3
72 106 4   0 0   1 1   2 2   3 3
72 203 4   0 0   1 1   2 2   3 3
73 96 4   0 0   1 1   2 2   3 3
73 113 4   0 0   1 1   2 2   3 3
73 180 4   0 0   1 1   2 2   3 3
74 208 4   0 0   1 1   2 2   3 3
75 178 4   0 0   1 1   2 2   3 3
75 179 4   0 0   1 1   2 2   3 3
75 116 4   0 0   1 1   2 2   3 3
75 159 4   0 0   1 1   2 2   3 3
76 211 4   0 0   1 1   2 2   3 3
76 197 4   0 0   1 1   2 2   3 3
77 195 4   0 0   1 1   2 2   3 3
77 164 4   0 0   1 1   2 2   3 3
77 149 4   0 0   1 1   2 2   3 3
77 118 4   0 0   1 1   2 2   3 3
77 139 4   0 0   1 1   2 2   3 3
77 190 4   0 0   1 1   2 2   3 3
78 208 4   0 0   1 1   2 2   3 3
78 97 4   0 0   1 1   2 2   3 3
78 82 4   0 0   1 1   2 2   3 3
78 84 4   0 0   1 1   2 2   3 3
78 102 4   0 0   1 1   2 2   3 3
79 181 4   0 0   1 1   2 2   3 3
79 215 4   0 0   1 1   2 2   3 3
79 88 4   0 0   1 1   2 2   3 3
79 218 4   0 0   1 1   2 2   3 3
79 91 4   0 0   1 1   2 2   3 3
79 93 4   0 0   1 1   2 2   3 3
80 129 4   0 0   1 1   2 2   3 3
80 151 4   0 0   1 1   2 2   3 3
80 174 4   0 0   1 1   2 2   3 3
81 192 4   0 0   1 1   2 2   3 3
81 147 4   0 0   1 1   2 2   3 3
81 189 4   0 0   1 1   2 2   3 3
82 209 4   0 0   1 1   2 2   3 3
82 84 4   0 0   1 1   2 2   3 3
82 212 4   0 0   1 1   2 2   3 3
82 168 4   0 0   1 1   2 2   3 3
83 199 4   0 0   1 1   2 2   3 3
83 167 4   0 0   1 1   2 2   3 3
83 136 4   0 0   1 1   2 2   3 3
83 205 4   0 0   1 1   2 2   3 3
83 174 4   0 0   1 1   2 2   3 3
84 212 4   0 0   1 1   2 2   3 3
84 107 4   0 0   1 1   2 2   3 3
85 98 4   0 0   1 1   2 2   3 3
85 130 4   0 0   1 1   2 2   3 3
85 163 4   0 0   1 1   2 2   3 3
85 89 4   0 0   1 1   2 2   3 3
85 110 4   0 0   1 1   2 2   3 3
85 111 4   0 0   1 1   2 2   3 3
86 178 4   0 0   1 1   2 2   3 3
86 117 4   0 0   1 1   2 2   3 3
86 165 4   0 0   1 1   2 2   3 3
86 103 4   0 0   1 1   2 2   3 3
86 175 4   0 0   1 1   2 2   3 3
87 129 4   0 0   1 1   2 2   3 3
87 145 4   0 0   1 1   2 2   3 3
87 169 4   0 0   1 1   2 2   3 3
87 189 4   0 0   1 1   2 2   3 3
88 218 4   0 0   1 1   2 2   3 3
88 91 4   0 0   1 1   2 2   3 3
89 98 4   0 0   1 1   2 2   3 3
89 184 4   0 0   1 1   2 2   3 3
89 110 4   0 0   1 1   2 2   3 3
90 99 4   0 0   1 1   2 2   3 3
90 158 4   0 0   1 1   2 2   3 3
91 218 4   0 0   1 1   2 2   3 3
91 173 4   0 0   1 1   2 2   3 3
91 93 4   0 0   1 1   2 2   3 3
92 112 4   0 0   1 1   2 2   3 3
92 194 4   0 0   1 1   2 2   3 3
92 135 4   0 0   1 1   2 2   3 3
92 152 4   0 0   1 1   2 2   3 3
92 219 4   0 0   1 1   2 2   3 3
93 198 4   0 0   1 1   2 2   3 3
93 215 4   0 0   1 1   2 2   3 3
93 94 4   0 0   1 1   2 2   3 3
93 127 4   0 0   1 1   2 2   3 3
94 214 4   0 0   1 1   2 2   3 3
94 198 4   0 0   1 1   2 2   3 3
95 133 4   0 0   1 1   2 2   3 3
95 119 4   0 0   1 1   2 2   3 3
95 109 4   0 0   1 1   2 2   3 3
96 113 4   0 0   1 1   2 2   3 3
97 102 4   0 0   1 1   2 2   3 3
98 130 4   0 0   1 1   2 2   3 3
98 148 4   0 0   1 1   2 2   3 3
98 184 4   0 0   1 1   2 2   3 3
99 122 4   0 0   1 1   2 2   3 3
99 158 4   0 0   1 1   2 2   3 3
100 146 4   0 0   1 1   2 2   3 3
100 125 4   0 0   1 1   2 2   3 3
101 214 4   0 0   1 1   2 2   3 3
101 173 4   0 0   1 1   2 2   3 3
101 111 4   0 0   1 1   2 2   3 3
102 208 4   0 0   1 1   2 2   3 3
103 165 4   0 0   1 1   2 2   3 3
103 139 4   0 0   1 1   2 2   3 3
103 220 4   0 0   1 1   2 2   3 3
103 175 4   0 0   1 1   2 2   3 3
104 131 4   0 0   1 1   2 2   3 3
104 218 4   0 0   1 1   2 2   3 3
104 159 4   0 0   1 1   2 2   3 3
105 176 4   0 0   1 1   2 2   3 3
105 171 4   0 0   1 1   2 2   3 3
105 158 4   0 0   1 1   2 2   3 3
105 191 4   0 0   1 1   2 2   3 3
106 167 4   0 0   1 1   2 2   3 3
106 203 4   0 0   1 1   2 2   3 3
106 157 4   0 0   1 1   2 2   3 3
107 161 4   0 0   1 1   2 2   3 3
107 115 4   0 0   1 1   2 2   3 3
107 212 4   0 0   1 1   2 2   3 3
108 151 4   0 0   1 1   2 2   3 3
108 174 4   0 0   1 1   2 2   3 3
109 146 4   0 0   1 1   2 2   3 3
109 211 4   0 0   1 1   2 2   3 3
109 197 4   0 0   1 1   2 2   3 3
109 119 4   0 0   1 1   2 2   3 3
109 188 4   0 0   1 1   2 2   3 3
109 172 4   0 0   1 1   2 2   3 3
110 163 4   0 0   1 1   2 2   3 3
111 130 4   0 0   1 1   2 2   3 3
111 163 4   0 0   1 1   2 2   3 3
111 150 4   0 0   1 1   2 2   3 3
112 205 4   0 0   1 1   2 2   3 3
113 164 4   0 0   1 1   2 2   3 3
113 180 4   0 0   1 1   2 2   3 3
113 190 4   0 0   1 1   2 2   3 3
113 207 4   0 0   1 1   2 2   3 3
114 201 4   0 0   1 1   2 2   3 3
114 156 4   0 0   1 1   2 2   3 3
114 141 4   0 0   1 1   2 2   3 3
115 161 4   0 0   1 1   2 2   3 3
115 166 4   0 0   1 1   2 2   3 3
115 183 4   0 0   1 1   2 2   3 3
115 184 4   0 0   1 1   2 2   3 3
116 162 4   0 0   1 1   2 2   3 3
116 148 4   0 0   1 1   2 2   3 3
117 178 4   0 0   1 1   2 2   3 3
117 165 4   0 0   1 1   2 2   3 3
117 202 4   0 0   1 1   2 2   3 3
118 195 4   0 0   1 1   2 2   3 3
118 199 4   0 0   1 1   2 2   3 3
118 136 4   0 0   1 1   2 2   3 3
118 121 4   0 0   1 1   2 2   3 3
119 211 4   0 0   1 1   2 2   3 3
120 194 4   0 0   1 1   2 2   3 3
120 152 4   0 0   1 1   2 2   3 3
120 123 4   0 0   1 1   2 2   3 3
121 195 4   0 0   1 1   2 2   3 3
121 136 4   0 0   1 1   2 2   3 3
122 176 4   0 0   1 1   2 2   3 3
123 143 4   0 0   1 1   2 2   3 3
124 193 4   0 0   1 1   2 2   3 3
124 132 4   0 0   1 1   2 2   3 3
124 216 4   0 0   1 1   2 2   3 3
124 170 4   0 0   1 1   2 2   3 3
124 140 4   0 0   1 1   2 2   3 3
124 158 4   0 0   1 1   2 2   3 3
125 213 4   0 0   1 1   2 2   3 3
125 185 4   0 0   1 1   2 2   3 3
125 206 4   0 0   1 1   2 2   3 3
126 131 4   0 0   1 1   2 2   3 3
126 186 4   0 0   1 1   2 2   3 3
126 219 4   0 0   1 1   2 2   3 3
126 187 4   0 0   1 1   2 2   3 3
127 198 4   0 0   1 1   2 2   3 3
127 215 4   0 0   1 1   2 2   3 3
128 149 4   0 0   1 1   2 2   3 3
128 155 4   0 0   1 1   2 2   3 3
128 220 4   0 0   1 1   2 2   3 3
128 190 4   0 0   1 1   2 2   3 3
129 151 4   0 0   1 1   2 2   3 3
129 169 4   0 0   1 1   2 2   3 3
130 148 4   0 0   1 1   2 2   3 3
130 150 4   0 0   1 1   2 2   3 3
130 159 4   0 0   1 1   2 2   3 3
132 216 4   0 0   1 1   2 2   3 3
133 217 4   0 0   1 1   2 2   3 3
133 154 4   0 0   1 1   2 2   3 3
135 194 4   0 0   1 1   2 2   3 3
135 181 4   0 0   1 1   2 2   3 3
135 219 4   0 0   1 1   2 2   3 3
136 195 4   0 0   1 1   2 2   3 3
136 199 4   0 0   1 1   2 2   3 3
136 187 4   0 0   1 1   2 2   3 3
136 205 4   0 0   1 1   2 2   3 3
137 177 4   0 0   1 1   2 2   3 3
137 147 4   0 0   1 1   2 2   3 3
137 189 4   0 0   1 1   2 2   3 3
138 213 4   0 0   1 1   2 2   3 3
138 153 4   0 0   1 1   2 2   3 3
138 188 4   0 0   1 1   2 2   3 3
139 195 4   0 0   1 1   2 2   3 3
139 149 4   0 0   1 1   2 2   3 3
139 220 4   0 0   1 1   2 2   3 3
139 175 4   0 0   1 1   2 2   3 3
140 193 4   0 0   1 1   2 2   3 3
140 196 4   0 0   1 1   2 2   3 3
140 182 4   0 0   1 1   2 2   3 3
140 170 4   0 0   1 1   2 2   3 3
141 182 4   0 0   1 1   2 2   3 3
142 157 4   0 0   1 1   2 2   3 3
142 222 4   0 0   1 1   2 2   3 3
143 215 4   0 0   1 1   2 2   3 3
144 161 4   0 0   1 1   2 2   3 3
144 162 4   0 0   1 1   2 2   3 3
144 166 4   0 0   1 1   2 2   3 3
144 217 4   0 0   1 1   2 2   3 3
144 154 4   0 0   1 1   2 2   3 3
145 221 4   0 0   1 1   2 2   3 3
146 197 4   0 0   1 1   2 2   3 3
146 153 4   0 0   1 1   2 2   3 3
146 172 4   0 0   1 1   2 2   3 3
147 192 4   0 0   1 1   2 2   3 3
147 189 4   0 0   1 1   2 2   3 3
148 210 4   0 0   1 1   2 2   3 3
148 162 4   0 0   1 1   2 2   3 3
149 220 4   0 0   1 1   2 2   3 3
149 190 4   0 0   1 1   2 2   3 3
150 218 4   0 0   1 1   2 2   3 3
150 173 4   0 0   1 1   2 2   3 3
150 159 4   0 0   1 1   2 2   3 3
151 174 4   0 0   1 1   2 2   3 3
152 194 4   0 0   1 1   2 2   3 3
152 203 4   0 0   1 1   2 2   3 3
153 172 4   0 0   1 1   2 2   3 3
153 188 4   0 0   1 1   2 2   3 3
154 161 4   0 0   1 1   2 2   3 3
154 212 4   0 0   1 1   2 2   3 3
154 217 4   0 0   1 1   2 2   3 3
155 156 4   0 0   1 1   2 2   3 3
155 190 4   0 0   1 1   2 2   3 3
155 207 4   0 0   1 1   2 2   3 3
156 201 4   0 0   1 1   2 2   3 3
156 207 4   0 0   1 1   2 2   3 3
157 167 4   0 0   1 1   2 2   3 3
158 193 4   0 0   1 1   2 2   3 3
158 182 4   0 0   1 1   2 2   3 3
158 191 4   0 0   1 1   2 2   3 3
159 218 4   0 0   1 1   2 2   3 3
160 196 4   0 0   1 1   2 2   3 3
160 170 4   0 0   1 1   2 2   3 3
160 206 4   0 0   1 1   2 2   3 3
161 212 4   0 0   1 1   2 2   3 3
161 166 4   0 0   1 1   2 2   3 3
162 210 4   0 0   1 1   2 2   3 3
162 217 4   0 0   1 1   2 2   3 3
164 199 4   0 0   1 1   2 2   3 3
164 190 4   0 0   1 1   2 2   3 3
165 197 4   0 0   1 1   2 2   3 3
165 202 4   0 0   1 1   2 2   3 3
165 220 4   0 0   1 1   2 2   3 3
166 210 4   0 0   1 1   2 2   3 3
166 184 4   0 0   1 1   2 2   3 3
168 209 4   0 0   1 1   2 2   3 3
169 189 4   0 0   1 1   2 2   3 3
170 196 4   0 0   1 1   2 2   3 3
170 200 4   0 0   1 1   2 2   3 3
170 216 4   0 0   1 1   2 2   3 3
171 176 4   0 0   1 1   2 2   3 3
171 180 4   0 0   1 1   2 2   3 3
171 191 4   0 0   1 1   2 2   3 3
172 188 4   0 0   1 1   2 2   3 3
175 195 4   0 0   1 1   2 2   3 3
175 187 4   0 0   1 1   2 2   3 3
178 179 4   0 0   1 1   2 2   3 3
178 202 4   0 0   1 1   2 2   3 3
179 217 4   0 0   1 1   2 2   3 3
179 202 4   0 0   1 1   2 2   3 3
180 201 4   0 0   1 1   2 2   3 3
180 207 4   0 0   1 1   2 2   3 3
180 191 4   0 0   1 1   2 2   3 3
181 194 4   0 0   1 1   2 2   3 3
181 215 4   0 0   1 1   2 2   3 3
181 218 4   0 0   1 1   2 2   3 3
181 186 4   0 0   1 1   2 2   3 3
181 219 4   0 0   1 1   2 2   3 3
182 193 4   0 0   1 1   2 2   3 3
183 184 4   0 0   1 1   2 2   3 3
185 196 4   0 0   1 1   2 2   3 3
185 206 4   0 0   1 1   2 2   3 3
186 218 4   0 0   1 1   2 2   3 3
186 219 4   0 0   1 1   2 2   3 3
187 195 4   0 0   1 1   2 2   3 3
187 219 4   0 0   1 1   2 2   3 3
188 209 4   0 0   1 1   2 2   3 3
188 212 4   0 0   1 1   2 2   3 3
190 207 4   0 0   1 1   2 2   3 3
192 204 4   0 0   1 1   2 2   3 3
196 206 4   0 0   1 1   2 2   3 3
197 211 4   0 0   1 1   2 2   3 3
197 202 4   0 0   1 1   2 2   3 3
200 216 4   0 0   1 1   2 2   3 3
201 207 4   0 0   1 1   2 2   3 3
209 212 4   0 0   1 1   2 2   3 3
