20
1 4 0 1 2 3
2 4 0 1 2 3
3 4 0 1 2 3
4 4 0 1 2 3
5 4 0 1 2 3
6 4 0 1 2 3
7 4 0 1 2 3
8 4 0 1 2 3
9 4 0 1 2 3
10 4 0 1 2 3
11 4 0 1 2 3
12 4 0 1 2 3
13 4 0 1 2 3
14 4 0 1 2 3
15 4 0 1 2 3
16 4 0 1 2 3
17 4 0 1 2 3
18 4 0 1 2 3
19 4 0 1 2 3
20 4 0 1 2 3
43
1 16 4   0 0   1 1   2 2   3 3
1 3 4   0 0   1 1   2 2   3 3
1 20 4   0 0   1 1   2 2   3 3
1 7 4   0 0   1 1   2 2   3 3
1 9 4   0 0   1 1   2 2   3 3
2 17 4   0 0   1 1   2 2   3 3
2 18 4   0 0   1 1   2 2   3 3
2 11 4   0 0   1 1   2 2   3 3
3 20 4   0 0   1 1   2 2   3 3
3 5 4   0 0   1 1   2 2   3 3
3 7 4   0 0   1 1   2 2   3 3
3 8 4   0 0   1 1   2 2   3 3
4 17 4   0 0   1 1   2 2   3 3
4 5 4   0 0   1 1   2 2   3 3
4 11 4   0 0   1 1   2 2   3 3
4 12 4   0 0   1 1   2 2   3 3
4 13 4   0 0   1 1   2 2   3 3
5 7 4   0 0   1 1   2 2   3 3
5 8 4   0 0   1 1   2 2   3 3
5 12 4   0 0   1 1   2 2   3 3
5 13 4   0 0   1 1   2 2   3 3
6 8 4   0 0   1 1   2 2   3 3
6 11 4   0 0   1 1   2 2   3 3
6 13 4   0 0   1 1   2 2   3 3
7 16 4   0 0   1 1   2 2   3 3
7 12 4   0 0   1 1   2 2   3 3
7 15 4   0 0   1 1   2 2   3 3
8 13 4   0 0   1 1   2 2   3 3
9 16 4   0 0   1 1   2 2   3 3
9 14 4   0 0   1 1   2 2   3 3
10 18 4   0 0   1 1   2 2   3 3
10 12 4   0 0   1 1   2 2   3 3
10 14 4   0 0   1 1   2 2   3 3
10 15 4   0 0   1 1   2 2   3 3
11 17 4   0 0   1 1   2 2   3 3
11 13 4   0 0   1 1   2 2   3 3
12 17 4   0 0   1 1   2 2   3 3
12 18 4   0 0   1 1   2 2   3 3
12 15 4   0 0   1 1   2 2   3 3
14 15 4   0 0   1 1   2 2   3 3
15 16 4   0 0   1 1   2 2   3 3
17 18 4   0 0   1 1   2 2   3 3
19 20 4   0 0   1 1   2 2   3 3
