238
1 4 0 1 2 3
2 4 0 1 2 3
3 4 0 1 2 3
4 4 0 1 2 3
5 4 0 1 2 3
6 4 0 1 2 3
7 4 0 1 2 3
8 4 0 1 2 3
9 4 0 1 2 3
10 4 0 1 2 3
11 4 0 1 2 3
12 4 0 1 2 3
13 4 0 1 2 3
14 4 0 1 2 3
15 4 0 1 2 3
16 4 0 1 2 3
17 4 0 1 2 3
18 4 0 1 2 3
19 4 0 1 2 3
20 4 0 1 2 3
21 4 0 1 2 3
22 4 0 1 2 3
23 4 0 1 2 3
24 4 0 1 2 3
25 4 0 1 2 3
26 4 0 1 2 3
27 4 0 1 2 3
28 4 0 1 2 3
29 4 0 1 2 3
30 4 0 1 2 3
31 4 0 1 2 3
32 4 0 1 2 3
33 4 0 1 2 3
34 4 0 1 2 3
35 4 0 1 2 3
36 4 0 1 2 3
37 4 0 1 2 3
38 4 0 1 2 3
39 4 0 1 2 3
40 4 0 1 2 3
41 4 0 1 2 3
42 4 0 1 2 3
43 4 0 1 2 3
44 4 0 1 2 3
45 4 0 1 2 3
46 4 0 1 2 3
47 4 0 1 2 3
48 4 0 1 2 3
49 4 0 1 2 3
50 4 0 1 2 3
51 4 0 1 2 3
52 4 0 1 2 3
53 4 0 1 2 3
54 4 0 1 2 3
55 4 0 1 2 3
56 4 0 1 2 3
57 4 0 1 2 3
58 4 0 1 2 3
59 4 0 1 2 3
60 4 0 1 2 3
61 4 0 1 2 3
62 4 0 1 2 3
63 4 0 1 2 3
64 4 0 1 2 3
65 4 0 1 2 3
66 4 0 1 2 3
67 4 0 1 2 3
68 4 0 1 2 3
69 4 0 1 2 3
70 4 0 1 2 3
71 4 0 1 2 3
72 4 0 1 2 3
73 4 0 1 2 3
74 4 0 1 2 3
75 4 0 1 2 3
76 4 0 1 2 3
77 4 0 1 2 3
78 4 0 1 2 3
79 4 0 1 2 3
80 4 0 1 2 3
81 4 0 1 2 3
82 4 0 1 2 3
83 4 0 1 2 3
84 4 0 1 2 3
85 4 0 1 2 3
86 4 0 1 2 3
87 4 0 1 2 3
88 4 0 1 2 3
89 4 0 1 2 3
90 4 0 1 2 3
91 4 0 1 2 3
92 4 0 1 2 3
93 4 0 1 2 3
94 4 0 1 2 3
95 4 0 1 2 3
96 4 0 1 2 3
97 4 0 1 2 3
98 4 0 1 2 3
99 4 0 1 2 3
100 4 0 1 2 3
101 4 0 1 2 3
102 4 0 1 2 3
103 4 0 1 2 3
104 4 0 1 2 3
105 4 0 1 2 3
106 4 0 1 2 3
107 4 0 1 2 3
108 4 0 1 2 3
109 4 0 1 2 3
110 4 0 1 2 3
111 4 0 1 2 3
112 4 0 1 2 3
113 4 0 1 2 3
114 4 0 1 2 3
115 4 0 1 2 3
116 4 0 1 2 3
117 4 0 1 2 3
118 4 0 1 2 3
119 4 0 1 2 3
120 4 0 1 2 3
121 4 0 1 2 3
122 4 0 1 2 3
123 4 0 1 2 3
124 4 0 1 2 3
125 4 0 1 2 3
126 4 0 1 2 3
127 4 0 1 2 3
128 4 0 1 2 3
129 4 0 1 2 3
130 4 0 1 2 3
131 4 0 1 2 3
132 4 0 1 2 3
133 4 0 1 2 3
134 4 0 1 2 3
135 4 0 1 2 3
136 4 0 1 2 3
137 4 0 1 2 3
138 4 0 1 2 3
139 4 0 1 2 3
140 4 0 1 2 3
141 4 0 1 2 3
142 4 0 1 2 3
143 4 0 1 2 3
144 4 0 1 2 3
145 4 0 1 2 3
146 4 0 1 2 3
147 4 0 1 2 3
148 4 0 1 2 3
149 4 0 1 2 3
150 4 0 1 2 3
151 4 0 1 2 3
152 4 0 1 2 3
153 4 0 1 2 3
154 4 0 1 2 3
155 4 0 1 2 3
156 4 0 1 2 3
157 4 0 1 2 3
158 4 0 1 2 3
159 4 0 1 2 3
160 4 0 1 2 3
161 4 0 1 2 3
162 4 0 1 2 3
163 4 0 1 2 3
164 4 0 1 2 3
165 4 0 1 2 3
166 4 0 1 2 3
167 4 0 1 2 3
168 4 0 1 2 3
169 4 0 1 2 3
170 4 0 1 2 3
171 4 0 1 2 3
172 4 0 1 2 3
173 4 0 1 2 3
174 4 0 1 2 3
175 4 0 1 2 3
176 4 0 1 2 3
177 4 0 1 2 3
178 4 0 1 2 3
179 4 0 1 2 3
180 4 0 1 2 3
181 4 0 1 2 3
182 4 0 1 2 3
183 4 0 1 2 3
184 4 0 1 2 3
185 4 0 1 2 3
186 4 0 1 2 3
187 4 0 1 2 3
188 4 0 1 2 3
189 4 0 1 2 3
190 4 0 1 2 3
191 4 0 1 2 3
192 4 0 1 2 3
193 4 0 1 2 3
194 4 0 1 2 3
195 4 0 1 2 3
196 4 0 1 2 3
197 4 0 1 2 3
198 4 0 1 2 3
199 4 0 1 2 3
200 4 0 1 2 3
201 4 0 1 2 3
202 4 0 1 2 3
203 4 0 1 2 3
204 4 0 1 2 3
205 4 0 1 2 3
206 4 0 1 2 3
207 4 0 1 2 3
208 4 0 1 2 3
209 4 0 1 2 3
210 4 0 1 2 3
211 4 0 1 2 3
212 4 0 1 2 3
213 4 0 1 2 3
214 4 0 1 2 3
215 4 0 1 2 3
216 4 0 1 2 3
217 4 0 1 2 3
218 4 0 1 2 3
219 4 0 1 2 3
220 4 0 1 2 3
221 4 0 1 2 3
222 4 0 1 2 3
223 4 0 1 2 3
224 4 0 1 2 3
225 4 0 1 2 3
226 4 0 1 2 3
227 4 0 1 2 3
228 4 0 1 2 3
229 4 0 1 2 3
230 4 0 1 2 3
231 4 0 1 2 3
232 4 0 1 2 3
233 4 0 1 2 3
234 4 0 1 2 3
235 4 0 1 2 3
236 4 0 1 2 3
237 4 0 1 2 3
238 4 0 1 2 3
664
1 144 4   0 0   1 1   2 2   3 3
1 96 4   0 0   1 1   2 2   3 3
1 210 4   0 0   1 1   2 2   3 3
1 146 4   0 0   1 1   2 2   3 3
1 20 4   0 0   1 1   2 2   3 3
1 199 4   0 0   1 1   2 2   3 3
1 40 4   0 0   1 1   2 2   3 3
1 186 4   0 0   1 1   2 2   3 3
2 97 4   0 0   1 1   2 2   3 3
2 209 4   0 0   1 1   2 2   3 3
2 88 4   0 0   1 1   2 2   3 3
2 238 4   0 0   1 1   2 2   3 3
3 64 4   0 0   1 1   2 2   3 3
3 50 4   0 0   1 1   2 2   3 3
3 212 4   0 0   1 1   2 2   3 3
3 101 4   0 0   1 1   2 2   3 3
3 117 4   0 0   1 1   2 2   3 3
3 105 4   0 0   1 1   2 2   3 3
3 75 4   0 0   1 1   2 2   3 3
3 92 4   0 0   1 1   2 2   3 3
4 195 4   0 0   1 1   2 2   3 3
4 228 4   0 0   1 1   2 2   3 3
4 84 4   0 0   1 1   2 2   3 3
4 221 4   0 0   1 1   2 2   3 3
4 31 4   0 0   1 1   2 2   3 3
5 227 4   0 0   1 1   2 2   3 3
5 116 4   0 0   1 1   2 2   3 3
5 53 4   0 0   1 1   2 2   3 3
5 9 4   0 0   1 1   2 2   3 3
5 26 4   0 0   1 1   2 2   3 3
5 236 4   0 0   1 1   2 2   3 3
5 111 4   0 0   1 1   2 2   3 3
6 82 4   0 0   1 1   2 2   3 3
6 229 4   0 0   1 1   2 2   3 3
6 199 4   0 0   1 1   2 2   3 3
6 25 4   0 0   1 1   2 2   3 3
6 12 4   0 0   1 1   2 2   3 3
7 161 4   0 0   1 1   2 2   3 3
7 149 4   0 0   1 1   2 2   3 3
7 218 4   0 0   1 1   2 2   3 3
7 90 4   0 0   1 1   2 2   3 3
7 171 4   0 0   1 1   2 2   3 3
7 63 4   0 0   1 1   2 2   3 3
8 54 4   0 0   1 1   2 2   3 3
8 183 4   0 0   1 1   2 2   3 3
8 109 4   0 0   1 1   2 2   3 3
9 66 4   0 0   1 1   2 2   3 3
9 41 4   0 0   1 1   2 2   3 3
9 111 4   0 0   1 1   2 2   3 3
10 17 4   0 0   1 1   2 2   3 3
10 56 4   0 0   1 1   2 2   3 3
10 137 4   0 0   1 1   2 2   3 3
10 11 4   0 0   1 1   2 2   3 3
11 160 4   0 0   1 1   2 2   3 3
11 17 4   0 0   1 1   2 2   3 3
11 232 4   0 0   1 1   2 2   3 3
11 56 4   0 0   1 1   2 2   3 3
11 237 4   0 0   1 1   2 2   3 3
12 96 4   0 0   1 1   2 2   3 3
12 82 4   0 0   1 1   2 2   3 3
12 182 4   0 0   1 1   2 2   3 3
12 199 4   0 0   1 1   2 2   3 3
12 40 4   0 0   1 1   2 2   3 3
12 24 4   0 0   1 1   2 2   3 3
13 177 4   0 0   1 1   2 2   3 3
13 19 4   0 0   1 1   2 2   3 3
13 59 4   0 0   1 1   2 2   3 3
13 157 4   0 0   1 1   2 2   3 3
14 214 4   0 0   1 1   2 2   3 3
14 24 4   0 0   1 1   2 2   3 3
14 124 4   0 0   1 1   2 2   3 3
14 95 4   0 0   1 1   2 2   3 3
15 119 4   0 0   1 1   2 2   3 3
15 216 4   0 0   1 1   2 2   3 3
15 120 4   0 0   1 1   2 2   3 3
15 29 4   0 0   1 1   2 2   3 3
15 47 4   0 0   1 1   2 2   3 3
16 64 4   0 0   1 1   2 2   3 3
16 192 4   0 0   1 1   2 2   3 3
16 231 4   0 0   1 1   2 2   3 3
16 167 4   0 0   1 1   2 2   3 3
16 204 4   0 0   1 1   2 2   3 3
16 238 4   0 0   1 1   2 2   3 3
17 160 4   0 0   1 1   2 2   3 3
17 118 4   0 0   1 1   2 2   3 3
17 169 4   0 0   1 1   2 2   3 3
17 137 4   0 0   1 1   2 2   3 3
17 235 4   0 0   1 1   2 2   3 3
17 207 4   0 0   1 1   2 2   3 3
18 99 4   0 0   1 1   2 2   3 3
18 228 4   0 0   1 1   2 2   3 3
18 70 4   0 0   1 1   2 2   3 3
18 167 4   0 0   1 1   2 2   3 3
18 91 4   0 0   1 1   2 2   3 3
19 177 4   0 0   1 1   2 2   3 3
19 59 4   0 0   1 1   2 2   3 3
19 30 4   0 0   1 1   2 2   3 3
20 146 4   0 0   1 1   2 2   3 3
20 199 4   0 0   1 1   2 2   3 3
20 57 4   0 0   1 1   2 2   3 3
20 93 4   0 0   1 1   2 2   3 3
21 208 4   0 0   1 1   2 2   3 3
21 114 4   0 0   1 1   2 2   3 3
21 203 4   0 0   1 1   2 2   3 3
21 157 4   0 0   1 1   2 2   3 3
21 238 4   0 0   1 1   2 2   3 3
22 113 4   0 0   1 1   2 2   3 3
22 85 4   0 0   1 1   2 2   3 3
22 200 4   0 0   1 1   2 2   3 3
22 202 4   0 0   1 1   2 2   3 3
22 140 4   0 0   1 1   2 2   3 3
23 34 4   0 0   1 1   2 2   3 3
23 194 4   0 0   1 1   2 2   3 3
23 89 4   0 0   1 1   2 2   3 3
23 91 4   0 0   1 1   2 2   3 3
23 44 4   0 0   1 1   2 2   3 3
23 174 4   0 0   1 1   2 2   3 3
24 86 4   0 0   1 1   2 2   3 3
24 182 4   0 0   1 1   2 2   3 3
24 40 4   0 0   1 1   2 2   3 3
24 124 4   0 0   1 1   2 2   3 3
24 95 4   0 0   1 1   2 2   3 3
25 229 4   0 0   1 1   2 2   3 3
25 199 4   0 0   1 1   2 2   3 3
25 72 4   0 0   1 1   2 2   3 3
25 184 4   0 0   1 1   2 2   3 3
25 42 4   0 0   1 1   2 2   3 3
25 45 4   0 0   1 1   2 2   3 3
25 222 4   0 0   1 1   2 2   3 3
25 206 4   0 0   1 1   2 2   3 3
26 36 4   0 0   1 1   2 2   3 3
26 196 4   0 0   1 1   2 2   3 3
26 116 4   0 0   1 1   2 2   3 3
26 53 4   0 0   1 1   2 2   3 3
26 76 4   0 0   1 1   2 2   3 3
26 236 4   0 0   1 1   2 2   3 3
26 190 4   0 0   1 1   2 2   3 3
27 193 4   0 0   1 1   2 2   3 3
27 194 4   0 0   1 1   2 2   3 3
27 150 4   0 0   1 1   2 2   3 3
27 73 4   0 0   1 1   2 2   3 3
27 74 4   0 0   1 1   2 2   3 3
27 138 4   0 0   1 1   2 2   3 3
27 125 4   0 0   1 1   2 2   3 3
27 189 4   0 0   1 1   2 2   3 3
27 174 4   0 0   1 1   2 2   3 3
28 194 4   0 0   1 1   2 2   3 3
28 68 4   0 0   1 1   2 2   3 3
28 197 4   0 0   1 1   2 2   3 3
28 189 4   0 0   1 1   2 2   3 3
29 80 4   0 0   1 1   2 2   3 3
29 119 4   0 0   1 1   2 2   3 3
29 172 4   0 0   1 1   2 2   3 3
30 180 4   0 0   1 1   2 2   3 3
30 203 4   0 0   1 1   2 2   3 3
30 59 4   0 0   1 1   2 2   3 3
30 77 4   0 0   1 1   2 2   3 3
31 195 4   0 0   1 1   2 2   3 3
31 84 4   0 0   1 1   2 2   3 3
31 133 4   0 0   1 1   2 2   3 3
31 39 4   0 0   1 1   2 2   3 3
31 155 4   0 0   1 1   2 2   3 3
31 139 4   0 0   1 1   2 2   3 3
32 49 4   0 0   1 1   2 2   3 3
32 187 4   0 0   1 1   2 2   3 3
32 159 4   0 0   1 1   2 2   3 3
33 101 4   0 0   1 1   2 2   3 3
33 166 4   0 0   1 1   2 2   3 3
33 86 4   0 0   1 1   2 2   3 3
33 124 4   0 0   1 1   2 2   3 3
34 194 4   0 0   1 1   2 2   3 3
34 68 4   0 0   1 1   2 2   3 3
34 132 4   0 0   1 1   2 2   3 3
34 133 4   0 0   1 1   2 2   3 3
34 39 4   0 0   1 1   2 2   3 3
34 91 4   0 0   1 1   2 2   3 3
35 49 4   0 0   1 1   2 2   3 3
35 164 4   0 0   1 1   2 2   3 3
35 72 4   0 0   1 1   2 2   3 3
35 187 4   0 0   1 1   2 2   3 3
35 206 4   0 0   1 1   2 2   3 3
35 127 4   0 0   1 1   2 2   3 3
36 48 4   0 0   1 1   2 2   3 3
36 81 4   0 0   1 1   2 2   3 3
36 131 4   0 0   1 1   2 2   3 3
36 196 4   0 0   1 1   2 2   3 3
36 190 4   0 0   1 1   2 2   3 3
37 177 4   0 0   1 1   2 2   3 3
37 65 4   0 0   1 1   2 2   3 3
37 73 4   0 0   1 1   2 2   3 3
37 223 4   0 0   1 1   2 2   3 3
38 49 4   0 0   1 1   2 2   3 3
38 225 4   0 0   1 1   2 2   3 3
38 134 4   0 0   1 1   2 2   3 3
38 104 4   0 0   1 1   2 2   3 3
38 140 4   0 0   1 1   2 2   3 3
38 159 4   0 0   1 1   2 2   3 3
39 83 4   0 0   1 1   2 2   3 3
39 132 4   0 0   1 1   2 2   3 3
39 133 4   0 0   1 1   2 2   3 3
39 69 4   0 0   1 1   2 2   3 3
39 155 4   0 0   1 1   2 2   3 3
40 144 4   0 0   1 1   2 2   3 3
40 96 4   0 0   1 1   2 2   3 3
40 95 4   0 0   1 1   2 2   3 3
41 66 4   0 0   1 1   2 2   3 3
41 213 4   0 0   1 1   2 2   3 3
41 137 4   0 0   1 1   2 2   3 3
41 111 4   0 0   1 1   2 2   3 3
42 199 4   0 0   1 1   2 2   3 3
42 57 4   0 0   1 1   2 2   3 3
42 222 4   0 0   1 1   2 2   3 3
43 130 4   0 0   1 1   2 2   3 3
43 181 4   0 0   1 1   2 2   3 3
43 119 4   0 0   1 1   2 2   3 3
43 58 4   0 0   1 1   2 2   3 3
43 172 4   0 0   1 1   2 2   3 3
43 126 4   0 0   1 1   2 2   3 3
44 99 4   0 0   1 1   2 2   3 3
44 55 4   0 0   1 1   2 2   3 3
44 89 4   0 0   1 1   2 2   3 3
44 204 4   0 0   1 1   2 2   3 3
44 174 4   0 0   1 1   2 2   3 3
45 229 4   0 0   1 1   2 2   3 3
45 184 4   0 0   1 1   2 2   3 3
45 191 4   0 0   1 1   2 2   3 3
46 84 4   0 0   1 1   2 2   3 3
46 229 4   0 0   1 1   2 2   3 3
46 122 4   0 0   1 1   2 2   3 3
46 60 4   0 0   1 1   2 2   3 3
46 191 4   0 0   1 1   2 2   3 3
47 178 4   0 0   1 1   2 2   3 3
47 120 4   0 0   1 1   2 2   3 3
48 131 4   0 0   1 1   2 2   3 3
48 116 4   0 0   1 1   2 2   3 3
48 94 4   0 0   1 1   2 2   3 3
48 190 4   0 0   1 1   2 2   3 3
48 143 4   0 0   1 1   2 2   3 3
49 225 4   0 0   1 1   2 2   3 3
49 187 4   0 0   1 1   2 2   3 3
49 127 4   0 0   1 1   2 2   3 3
49 159 4   0 0   1 1   2 2   3 3
50 67 4   0 0   1 1   2 2   3 3
50 117 4   0 0   1 1   2 2   3 3
50 105 4   0 0   1 1   2 2   3 3
51 161 4   0 0   1 1   2 2   3 3
51 52 4   0 0   1 1   2 2   3 3
51 215 4   0 0   1 1   2 2   3 3
51 151 4   0 0   1 1   2 2   3 3
51 233 4   0 0   1 1   2 2   3 3
51 158 4   0 0   1 1   2 2   3 3
51 175 4   0 0   1 1   2 2   3 3
52 161 4   0 0   1 1   2 2   3 3
52 158 4   0 0   1 1   2 2   3 3
52 63 4   0 0   1 1   2 2   3 3
52 207 4   0 0   1 1   2 2   3 3
53 76 4   0 0   1 1   2 2   3 3
54 67 4   0 0   1 1   2 2   3 3
54 117 4   0 0   1 1   2 2   3 3
54 183 4   0 0   1 1   2 2   3 3
55 224 4   0 0   1 1   2 2   3 3
55 74 4   0 0   1 1   2 2   3 3
55 204 4   0 0   1 1   2 2   3 3
55 174 4   0 0   1 1   2 2   3 3
56 66 4   0 0   1 1   2 2   3 3
56 137 4   0 0   1 1   2 2   3 3
56 237 4   0 0   1 1   2 2   3 3
57 199 4   0 0   1 1   2 2   3 3
57 222 4   0 0   1 1   2 2   3 3
58 162 4   0 0   1 1   2 2   3 3
58 220 4   0 0   1 1   2 2   3 3
58 172 4   0 0   1 1   2 2   3 3
58 78 4   0 0   1 1   2 2   3 3
58 126 4   0 0   1 1   2 2   3 3
59 203 4   0 0   1 1   2 2   3 3
59 157 4   0 0   1 1   2 2   3 3
60 113 4   0 0   1 1   2 2   3 3
60 84 4   0 0   1 1   2 2   3 3
60 184 4   0 0   1 1   2 2   3 3
60 202 4   0 0   1 1   2 2   3 3
60 139 4   0 0   1 1   2 2   3 3
60 107 4   0 0   1 1   2 2   3 3
60 191 4   0 0   1 1   2 2   3 3
61 227 4   0 0   1 1   2 2   3 3
61 116 4   0 0   1 1   2 2   3 3
61 94 4   0 0   1 1   2 2   3 3
62 150 4   0 0   1 1   2 2   3 3
62 73 4   0 0   1 1   2 2   3 3
62 138 4   0 0   1 1   2 2   3 3
62 220 4   0 0   1 1   2 2   3 3
62 78 4   0 0   1 1   2 2   3 3
62 223 4   0 0   1 1   2 2   3 3
63 161 4   0 0   1 1   2 2   3 3
63 201 4   0 0   1 1   2 2   3 3
63 90 4   0 0   1 1   2 2   3 3
63 207 4   0 0   1 1   2 2   3 3
64 176 4   0 0   1 1   2 2   3 3
64 212 4   0 0   1 1   2 2   3 3
64 231 4   0 0   1 1   2 2   3 3
64 88 4   0 0   1 1   2 2   3 3
64 92 4   0 0   1 1   2 2   3 3
64 238 4   0 0   1 1   2 2   3 3
65 217 4   0 0   1 1   2 2   3 3
65 223 4   0 0   1 1   2 2   3 3
66 213 4   0 0   1 1   2 2   3 3
66 137 4   0 0   1 1   2 2   3 3
67 117 4   0 0   1 1   2 2   3 3
67 105 4   0 0   1 1   2 2   3 3
68 194 4   0 0   1 1   2 2   3 3
68 179 4   0 0   1 1   2 2   3 3
68 132 4   0 0   1 1   2 2   3 3
68 197 4   0 0   1 1   2 2   3 3
69 83 4   0 0   1 1   2 2   3 3
69 211 4   0 0   1 1   2 2   3 3
69 154 4   0 0   1 1   2 2   3 3
69 218 4   0 0   1 1   2 2   3 3
69 155 4   0 0   1 1   2 2   3 3
70 228 4   0 0   1 1   2 2   3 3
70 166 4   0 0   1 1   2 2   3 3
70 231 4   0 0   1 1   2 2   3 3
70 167 4   0 0   1 1   2 2   3 3
70 170 4   0 0   1 1   2 2   3 3
70 221 4   0 0   1 1   2 2   3 3
71 226 4   0 0   1 1   2 2   3 3
71 134 4   0 0   1 1   2 2   3 3
71 205 4   0 0   1 1   2 2   3 3
72 164 4   0 0   1 1   2 2   3 3
72 206 4   0 0   1 1   2 2   3 3
73 177 4   0 0   1 1   2 2   3 3
73 150 4   0 0   1 1   2 2   3 3
73 125 4   0 0   1 1   2 2   3 3
73 223 4   0 0   1 1   2 2   3 3
74 224 4   0 0   1 1   2 2   3 3
74 163 4   0 0   1 1   2 2   3 3
74 125 4   0 0   1 1   2 2   3 3
74 174 4   0 0   1 1   2 2   3 3
75 101 4   0 0   1 1   2 2   3 3
75 230 4   0 0   1 1   2 2   3 3
75 214 4   0 0   1 1   2 2   3 3
75 105 4   0 0   1 1   2 2   3 3
75 95 4   0 0   1 1   2 2   3 3
76 196 4   0 0   1 1   2 2   3 3
76 205 4   0 0   1 1   2 2   3 3
76 159 4   0 0   1 1   2 2   3 3
77 180 4   0 0   1 1   2 2   3 3
77 203 4   0 0   1 1   2 2   3 3
77 108 4   0 0   1 1   2 2   3 3
77 173 4   0 0   1 1   2 2   3 3
77 141 4   0 0   1 1   2 2   3 3
78 98 4   0 0   1 1   2 2   3 3
78 138 4   0 0   1 1   2 2   3 3
78 220 4   0 0   1 1   2 2   3 3
78 126 4   0 0   1 1   2 2   3 3
79 146 4   0 0   1 1   2 2   3 3
79 165 4   0 0   1 1   2 2   3 3
79 102 4   0 0   1 1   2 2   3 3
80 162 4   0 0   1 1   2 2   3 3
80 217 4   0 0   1 1   2 2   3 3
80 172 4   0 0   1 1   2 2   3 3
81 131 4   0 0   1 1   2 2   3 3
81 196 4   0 0   1 1   2 2   3 3
82 229 4   0 0   1 1   2 2   3 3
82 182 4   0 0   1 1   2 2   3 3
82 122 4   0 0   1 1   2 2   3 3
83 129 4   0 0   1 1   2 2   3 3
83 132 4   0 0   1 1   2 2   3 3
83 149 4   0 0   1 1   2 2   3 3
83 218 4   0 0   1 1   2 2   3 3
84 182 4   0 0   1 1   2 2   3 3
84 86 4   0 0   1 1   2 2   3 3
84 122 4   0 0   1 1   2 2   3 3
84 139 4   0 0   1 1   2 2   3 3
84 221 4   0 0   1 1   2 2   3 3
85 115 4   0 0   1 1   2 2   3 3
85 200 4   0 0   1 1   2 2   3 3
85 104 4   0 0   1 1   2 2   3 3
85 140 4   0 0   1 1   2 2   3 3
85 156 4   0 0   1 1   2 2   3 3
86 182 4   0 0   1 1   2 2   3 3
86 166 4   0 0   1 1   2 2   3 3
86 124 4   0 0   1 1   2 2   3 3
86 221 4   0 0   1 1   2 2   3 3
87 215 4   0 0   1 1   2 2   3 3
87 151 4   0 0   1 1   2 2   3 3
87 185 4   0 0   1 1   2 2   3 3
87 94 4   0 0   1 1   2 2   3 3
87 143 4   0 0   1 1   2 2   3 3
87 175 4   0 0   1 1   2 2   3 3
88 112 4   0 0   1 1   2 2   3 3
88 176 4   0 0   1 1   2 2   3 3
88 209 4   0 0   1 1   2 2   3 3
88 109 4   0 0   1 1   2 2   3 3
88 238 4   0 0   1 1   2 2   3 3
89 99 4   0 0   1 1   2 2   3 3
89 91 4   0 0   1 1   2 2   3 3
90 129 4   0 0   1 1   2 2   3 3
90 179 4   0 0   1 1   2 2   3 3
90 197 4   0 0   1 1   2 2   3 3
90 149 4   0 0   1 1   2 2   3 3
90 201 4   0 0   1 1   2 2   3 3
90 123 4   0 0   1 1   2 2   3 3
90 126 4   0 0   1 1   2 2   3 3
91 195 4   0 0   1 1   2 2   3 3
91 99 4   0 0   1 1   2 2   3 3
91 228 4   0 0   1 1   2 2   3 3
91 133 4   0 0   1 1   2 2   3 3
92 176 4   0 0   1 1   2 2   3 3
92 117 4   0 0   1 1   2 2   3 3
92 183 4   0 0   1 1   2 2   3 3
93 146 4   0 0   1 1   2 2   3 3
94 227 4   0 0   1 1   2 2   3 3
94 116 4   0 0   1 1   2 2   3 3
94 185 4   0 0   1 1   2 2   3 3
94 143 4   0 0   1 1   2 2   3 3
95 144 4   0 0   1 1   2 2   3 3
95 230 4   0 0   1 1   2 2   3 3
95 198 4   0 0   1 1   2 2   3 3
95 214 4   0 0   1 1   2 2   3 3
95 188 4   0 0   1 1   2 2   3 3
96 199 4   0 0   1 1   2 2   3 3
97 209 4   0 0   1 1   2 2   3 3
97 153 4   0 0   1 1   2 2   3 3
97 108 4   0 0   1 1   2 2   3 3
97 141 4   0 0   1 1   2 2   3 3
97 238 4   0 0   1 1   2 2   3 3
98 193 4   0 0   1 1   2 2   3 3
98 138 4   0 0   1 1   2 2   3 3
98 123 4   0 0   1 1   2 2   3 3
98 126 4   0 0   1 1   2 2   3 3
99 192 4   0 0   1 1   2 2   3 3
99 167 4   0 0   1 1   2 2   3 3
99 204 4   0 0   1 1   2 2   3 3
100 128 4   0 0   1 1   2 2   3 3
100 130 4   0 0   1 1   2 2   3 3
100 201 4   0 0   1 1   2 2   3 3
100 142 4   0 0   1 1   2 2   3 3
100 207 4   0 0   1 1   2 2   3 3
101 212 4   0 0   1 1   2 2   3 3
101 214 4   0 0   1 1   2 2   3 3
101 166 4   0 0   1 1   2 2   3 3
101 170 4   0 0   1 1   2 2   3 3
101 124 4   0 0   1 1   2 2   3 3
102 146 4   0 0   1 1   2 2   3 3
102 210 4   0 0   1 1   2 2   3 3
102 165 4   0 0   1 1   2 2   3 3
102 186 4   0 0   1 1   2 2   3 3
103 180 4   0 0   1 1   2 2   3 3
103 108 4   0 0   1 1   2 2   3 3
103 173 4   0 0   1 1   2 2   3 3
104 115 4   0 0   1 1   2 2   3 3
104 134 4   0 0   1 1   2 2   3 3
104 140 4   0 0   1 1   2 2   3 3
105 230 4   0 0   1 1   2 2   3 3
105 188 4   0 0   1 1   2 2   3 3
106 215 4   0 0   1 1   2 2   3 3
106 152 4   0 0   1 1   2 2   3 3
106 233 4   0 0   1 1   2 2   3 3
106 154 4   0 0   1 1   2 2   3 3
106 156 4   0 0   1 1   2 2   3 3
106 143 4   0 0   1 1   2 2   3 3
107 164 4   0 0   1 1   2 2   3 3
107 184 4   0 0   1 1   2 2   3 3
107 202 4   0 0   1 1   2 2   3 3
107 127 4   0 0   1 1   2 2   3 3
108 153 4   0 0   1 1   2 2   3 3
108 173 4   0 0   1 1   2 2   3 3
108 141 4   0 0   1 1   2 2   3 3
109 112 4   0 0   1 1   2 2   3 3
109 176 4   0 0   1 1   2 2   3 3
109 183 4   0 0   1 1   2 2   3 3
110 160 4   0 0   1 1   2 2   3 3
110 178 4   0 0   1 1   2 2   3 3
110 147 4   0 0   1 1   2 2   3 3
110 232 4   0 0   1 1   2 2   3 3
110 216 4   0 0   1 1   2 2   3 3
110 120 4   0 0   1 1   2 2   3 3
111 227 4   0 0   1 1   2 2   3 3
111 137 4   0 0   1 1   2 2   3 3
111 234 4   0 0   1 1   2 2   3 3
112 209 4   0 0   1 1   2 2   3 3
113 145 4   0 0   1 1   2 2   3 3
113 135 4   0 0   1 1   2 2   3 3
113 200 4   0 0   1 1   2 2   3 3
113 202 4   0 0   1 1   2 2   3 3
113 139 4   0 0   1 1   2 2   3 3
114 208 4   0 0   1 1   2 2   3 3
114 136 4   0 0   1 1   2 2   3 3
114 238 4   0 0   1 1   2 2   3 3
115 134 4   0 0   1 1   2 2   3 3
115 152 4   0 0   1 1   2 2   3 3
115 168 4   0 0   1 1   2 2   3 3
115 156 4   0 0   1 1   2 2   3 3
116 227 4   0 0   1 1   2 2   3 3
116 236 4   0 0   1 1   2 2   3 3
116 190 4   0 0   1 1   2 2   3 3
117 183 4   0 0   1 1   2 2   3 3
118 151 4   0 0   1 1   2 2   3 3
118 185 4   0 0   1 1   2 2   3 3
118 169 4   0 0   1 1   2 2   3 3
118 234 4   0 0   1 1   2 2   3 3
118 158 4   0 0   1 1   2 2   3 3
118 207 4   0 0   1 1   2 2   3 3
119 160 4   0 0   1 1   2 2   3 3
119 181 4   0 0   1 1   2 2   3 3
119 216 4   0 0   1 1   2 2   3 3
119 172 4   0 0   1 1   2 2   3 3
120 178 4   0 0   1 1   2 2   3 3
120 216 4   0 0   1 1   2 2   3 3
121 165 4   0 0   1 1   2 2   3 3
121 198 4   0 0   1 1   2 2   3 3
121 186 4   0 0   1 1   2 2   3 3
121 188 4   0 0   1 1   2 2   3 3
122 229 4   0 0   1 1   2 2   3 3
122 182 4   0 0   1 1   2 2   3 3
123 193 4   0 0   1 1   2 2   3 3
123 197 4   0 0   1 1   2 2   3 3
123 126 4   0 0   1 1   2 2   3 3
124 214 4   0 0   1 1   2 2   3 3
125 208 4   0 0   1 1   2 2   3 3
125 177 4   0 0   1 1   2 2   3 3
125 163 4   0 0   1 1   2 2   3 3
125 148 4   0 0   1 1   2 2   3 3
126 130 4   0 0   1 1   2 2   3 3
126 201 4   0 0   1 1   2 2   3 3
127 225 4   0 0   1 1   2 2   3 3
127 164 4   0 0   1 1   2 2   3 3
127 202 4   0 0   1 1   2 2   3 3
128 160 4   0 0   1 1   2 2   3 3
128 130 4   0 0   1 1   2 2   3 3
128 181 4   0 0   1 1   2 2   3 3
128 207 4   0 0   1 1   2 2   3 3
129 179 4   0 0   1 1   2 2   3 3
129 132 4   0 0   1 1   2 2   3 3
129 149 4   0 0   1 1   2 2   3 3
130 181 4   0 0   1 1   2 2   3 3
130 201 4   0 0   1 1   2 2   3 3
131 196 4   0 0   1 1   2 2   3 3
131 168 4   0 0   1 1   2 2   3 3
131 205 4   0 0   1 1   2 2   3 3
131 143 4   0 0   1 1   2 2   3 3
132 179 4   0 0   1 1   2 2   3 3
133 195 4   0 0   1 1   2 2   3 3
134 226 4   0 0   1 1   2 2   3 3
134 168 4   0 0   1 1   2 2   3 3
134 205 4   0 0   1 1   2 2   3 3
134 159 4   0 0   1 1   2 2   3 3
135 145 4   0 0   1 1   2 2   3 3
135 139 4   0 0   1 1   2 2   3 3
135 219 4   0 0   1 1   2 2   3 3
136 208 4   0 0   1 1   2 2   3 3
136 204 4   0 0   1 1   2 2   3 3
136 238 4   0 0   1 1   2 2   3 3
137 213 4   0 0   1 1   2 2   3 3
137 234 4   0 0   1 1   2 2   3 3
137 235 4   0 0   1 1   2 2   3 3
138 193 4   0 0   1 1   2 2   3 3
138 150 4   0 0   1 1   2 2   3 3
139 219 4   0 0   1 1   2 2   3 3
139 155 4   0 0   1 1   2 2   3 3
140 225 4   0 0   1 1   2 2   3 3
140 202 4   0 0   1 1   2 2   3 3
141 203 4   0 0   1 1   2 2   3 3
141 238 4   0 0   1 1   2 2   3 3
142 201 4   0 0   1 1   2 2   3 3
142 207 4   0 0   1 1   2 2   3 3
143 215 4   0 0   1 1   2 2   3 3
143 152 4   0 0   1 1   2 2   3 3
143 168 4   0 0   1 1   2 2   3 3
144 198 4   0 0   1 1   2 2   3 3
144 186 4   0 0   1 1   2 2   3 3
145 211 4   0 0   1 1   2 2   3 3
145 200 4   0 0   1 1   2 2   3 3
145 219 4   0 0   1 1   2 2   3 3
146 210 4   0 0   1 1   2 2   3 3
147 178 4   0 0   1 1   2 2   3 3
147 232 4   0 0   1 1   2 2   3 3
147 237 4   0 0   1 1   2 2   3 3
148 224 4   0 0   1 1   2 2   3 3
148 208 4   0 0   1 1   2 2   3 3
148 163 4   0 0   1 1   2 2   3 3
149 218 4   0 0   1 1   2 2   3 3
151 185 4   0 0   1 1   2 2   3 3
151 158 4   0 0   1 1   2 2   3 3
151 175 4   0 0   1 1   2 2   3 3
152 168 4   0 0   1 1   2 2   3 3
152 156 4   0 0   1 1   2 2   3 3
153 209 4   0 0   1 1   2 2   3 3
154 211 4   0 0   1 1   2 2   3 3
154 200 4   0 0   1 1   2 2   3 3
154 218 4   0 0   1 1   2 2   3 3
154 171 4   0 0   1 1   2 2   3 3
154 156 4   0 0   1 1   2 2   3 3
155 211 4   0 0   1 1   2 2   3 3
155 219 4   0 0   1 1   2 2   3 3
156 200 4   0 0   1 1   2 2   3 3
157 208 4   0 0   1 1   2 2   3 3
157 177 4   0 0   1 1   2 2   3 3
157 203 4   0 0   1 1   2 2   3 3
158 207 4   0 0   1 1   2 2   3 3
159 226 4   0 0   1 1   2 2   3 3
159 205 4   0 0   1 1   2 2   3 3
160 181 4   0 0   1 1   2 2   3 3
160 216 4   0 0   1 1   2 2   3 3
160 232 4   0 0   1 1   2 2   3 3
160 207 4   0 0   1 1   2 2   3 3
161 233 4   0 0   1 1   2 2   3 3
161 171 4   0 0   1 1   2 2   3 3
162 217 4   0 0   1 1   2 2   3 3
162 220 4   0 0   1 1   2 2   3 3
162 172 4   0 0   1 1   2 2   3 3
163 224 4   0 0   1 1   2 2   3 3
164 184 4   0 0   1 1   2 2   3 3
165 186 4   0 0   1 1   2 2   3 3
166 170 4   0 0   1 1   2 2   3 3
166 221 4   0 0   1 1   2 2   3 3
167 192 4   0 0   1 1   2 2   3 3
167 231 4   0 0   1 1   2 2   3 3
168 205 4   0 0   1 1   2 2   3 3
169 235 4   0 0   1 1   2 2   3 3
170 212 4   0 0   1 1   2 2   3 3
170 231 4   0 0   1 1   2 2   3 3
171 233 4   0 0   1 1   2 2   3 3
171 218 4   0 0   1 1   2 2   3 3
173 180 4   0 0   1 1   2 2   3 3
174 194 4   0 0   1 1   2 2   3 3
175 215 4   0 0   1 1   2 2   3 3
176 183 4   0 0   1 1   2 2   3 3
177 208 4   0 0   1 1   2 2   3 3
179 197 4   0 0   1 1   2 2   3 3
184 191 4   0 0   1 1   2 2   3 3
185 227 4   0 0   1 1   2 2   3 3
185 234 4   0 0   1 1   2 2   3 3
186 210 4   0 0   1 1   2 2   3 3
186 198 4   0 0   1 1   2 2   3 3
188 230 4   0 0   1 1   2 2   3 3
188 198 4   0 0   1 1   2 2   3 3
189 193 4   0 0   1 1   2 2   3 3
189 194 4   0 0   1 1   2 2   3 3
189 197 4   0 0   1 1   2 2   3 3
191 229 4   0 0   1 1   2 2   3 3
192 204 4   0 0   1 1   2 2   3 3
193 197 4   0 0   1 1   2 2   3 3
195 228 4   0 0   1 1   2 2   3 3
196 205 4   0 0   1 1   2 2   3 3
200 211 4   0 0   1 1   2 2   3 3
201 207 4   0 0   1 1   2 2   3 3
202 225 4   0 0   1 1   2 2   3 3
203 238 4   0 0   1 1   2 2   3 3
204 208 4   0 0   1 1   2 2   3 3
204 224 4   0 0   1 1   2 2   3 3
204 238 4   0 0   1 1   2 2   3 3
205 226 4   0 0   1 1   2 2   3 3
206 222 4   0 0   1 1   2 2   3 3
208 224 4   0 0   1 1   2 2   3 3
211 219 4   0 0   1 1   2 2   3 3
212 231 4   0 0   1 1   2 2   3 3
215 233 4   0 0   1 1   2 2   3 3
217 220 4   0 0   1 1   2 2   3 3
217 223 4   0 0   1 1   2 2   3 3
220 223 4   0 0   1 1   2 2   3 3
221 228 4   0 0   1 1   2 2   3 3
227 234 4   0 0   1 1   2 2   3 3
232 237 4   0 0   1 1   2 2   3 3
234 235 4   0 0   1 1   2 2   3 3
