258
1 4 0 1 2 3
2 4 0 1 2 3
3 4 0 1 2 3
4 4 0 1 2 3
5 4 0 1 2 3
6 4 0 1 2 3
7 4 0 1 2 3
8 4 0 1 2 3
9 4 0 1 2 3
10 4 0 1 2 3
11 4 0 1 2 3
12 4 0 1 2 3
13 4 0 1 2 3
14 4 0 1 2 3
15 4 0 1 2 3
16 4 0 1 2 3
17 4 0 1 2 3
18 4 0 1 2 3
19 4 0 1 2 3
20 4 0 1 2 3
21 4 0 1 2 3
22 4 0 1 2 3
23 4 0 1 2 3
24 4 0 1 2 3
25 4 0 1 2 3
26 4 0 1 2 3
27 4 0 1 2 3
28 4 0 1 2 3
29 4 0 1 2 3
30 4 0 1 2 3
31 4 0 1 2 3
32 4 0 1 2 3
33 4 0 1 2 3
34 4 0 1 2 3
35 4 0 1 2 3
36 4 0 1 2 3
37 4 0 1 2 3
38 4 0 1 2 3
39 4 0 1 2 3
40 4 0 1 2 3
41 4 0 1 2 3
42 4 0 1 2 3
43 4 0 1 2 3
44 4 0 1 2 3
45 4 0 1 2 3
46 4 0 1 2 3
47 4 0 1 2 3
48 4 0 1 2 3
49 4 0 1 2 3
50 4 0 1 2 3
51 4 0 1 2 3
52 4 0 1 2 3
53 4 0 1 2 3
54 4 0 1 2 3
55 4 0 1 2 3
56 4 0 1 2 3
57 4 0 1 2 3
58 4 0 1 2 3
59 4 0 1 2 3
60 4 0 1 2 3
61 4 0 1 2 3
62 4 0 1 2 3
63 4 0 1 2 3
64 4 0 1 2 3
65 4 0 1 2 3
66 4 0 1 2 3
67 4 0 1 2 3
68 4 0 1 2 3
69 4 0 1 2 3
70 4 0 1 2 3
71 4 0 1 2 3
72 4 0 1 2 3
73 4 0 1 2 3
74 4 0 1 2 3
75 4 0 1 2 3
76 4 0 1 2 3
77 4 0 1 2 3
78 4 0 1 2 3
79 4 0 1 2 3
80 4 0 1 2 3
81 4 0 1 2 3
82 4 0 1 2 3
83 4 0 1 2 3
84 4 0 1 2 3
85 4 0 1 2 3
86 4 0 1 2 3
87 4 0 1 2 3
88 4 0 1 2 3
89 4 0 1 2 3
90 4 0 1 2 3
91 4 0 1 2 3
92 4 0 1 2 3
93 4 0 1 2 3
94 4 0 1 2 3
95 4 0 1 2 3
96 4 0 1 2 3
97 4 0 1 2 3
98 4 0 1 2 3
99 4 0 1 2 3
100 4 0 1 2 3
101 4 0 1 2 3
102 4 0 1 2 3
103 4 0 1 2 3
104 4 0 1 2 3
105 4 0 1 2 3
106 4 0 1 2 3
107 4 0 1 2 3
108 4 0 1 2 3
109 4 0 1 2 3
110 4 0 1 2 3
111 4 0 1 2 3
112 4 0 1 2 3
113 4 0 1 2 3
114 4 0 1 2 3
115 4 0 1 2 3
116 4 0 1 2 3
117 4 0 1 2 3
118 4 0 1 2 3
119 4 0 1 2 3
120 4 0 1 2 3
121 4 0 1 2 3
122 4 0 1 2 3
123 4 0 1 2 3
124 4 0 1 2 3
125 4 0 1 2 3
126 4 0 1 2 3
127 4 0 1 2 3
128 4 0 1 2 3
129 4 0 1 2 3
130 4 0 1 2 3
131 4 0 1 2 3
132 4 0 1 2 3
133 4 0 1 2 3
134 4 0 1 2 3
135 4 0 1 2 3
136 4 0 1 2 3
137 4 0 1 2 3
138 4 0 1 2 3
139 4 0 1 2 3
140 4 0 1 2 3
141 4 0 1 2 3
142 4 0 1 2 3
143 4 0 1 2 3
144 4 0 1 2 3
145 4 0 1 2 3
146 4 0 1 2 3
147 4 0 1 2 3
148 4 0 1 2 3
149 4 0 1 2 3
150 4 0 1 2 3
151 4 0 1 2 3
152 4 0 1 2 3
153 4 0 1 2 3
154 4 0 1 2 3
155 4 0 1 2 3
156 4 0 1 2 3
157 4 0 1 2 3
158 4 0 1 2 3
159 4 0 1 2 3
160 4 0 1 2 3
161 4 0 1 2 3
162 4 0 1 2 3
163 4 0 1 2 3
164 4 0 1 2 3
165 4 0 1 2 3
166 4 0 1 2 3
167 4 0 1 2 3
168 4 0 1 2 3
169 4 0 1 2 3
170 4 0 1 2 3
171 4 0 1 2 3
172 4 0 1 2 3
173 4 0 1 2 3
174 4 0 1 2 3
175 4 0 1 2 3
176 4 0 1 2 3
177 4 0 1 2 3
178 4 0 1 2 3
179 4 0 1 2 3
180 4 0 1 2 3
181 4 0 1 2 3
182 4 0 1 2 3
183 4 0 1 2 3
184 4 0 1 2 3
185 4 0 1 2 3
186 4 0 1 2 3
187 4 0 1 2 3
188 4 0 1 2 3
189 4 0 1 2 3
190 4 0 1 2 3
191 4 0 1 2 3
192 4 0 1 2 3
193 4 0 1 2 3
194 4 0 1 2 3
195 4 0 1 2 3
196 4 0 1 2 3
197 4 0 1 2 3
198 4 0 1 2 3
199 4 0 1 2 3
200 4 0 1 2 3
201 4 0 1 2 3
202 4 0 1 2 3
203 4 0 1 2 3
204 4 0 1 2 3
205 4 0 1 2 3
206 4 0 1 2 3
207 4 0 1 2 3
208 4 0 1 2 3
209 4 0 1 2 3
210 4 0 1 2 3
211 4 0 1 2 3
212 4 0 1 2 3
213 4 0 1 2 3
214 4 0 1 2 3
215 4 0 1 2 3
216 4 0 1 2 3
217 4 0 1 2 3
218 4 0 1 2 3
219 4 0 1 2 3
220 4 0 1 2 3
221 4 0 1 2 3
222 4 0 1 2 3
223 4 0 1 2 3
224 4 0 1 2 3
225 4 0 1 2 3
226 4 0 1 2 3
227 4 0 1 2 3
228 4 0 1 2 3
229 4 0 1 2 3
230 4 0 1 2 3
231 4 0 1 2 3
232 4 0 1 2 3
233 4 0 1 2 3
234 4 0 1 2 3
235 4 0 1 2 3
236 4 0 1 2 3
237 4 0 1 2 3
238 4 0 1 2 3
239 4 0 1 2 3
240 4 0 1 2 3
241 4 0 1 2 3
242 4 0 1 2 3
243 4 0 1 2 3
244 4 0 1 2 3
245 4 0 1 2 3
246 4 0 1 2 3
247 4 0 1 2 3
248 4 0 1 2 3
249 4 0 1 2 3
250 4 0 1 2 3
251 4 0 1 2 3
252 4 0 1 2 3
253 4 0 1 2 3
254 4 0 1 2 3
255 4 0 1 2 3
256 4 0 1 2 3
257 4 0 1 2 3
258 4 0 1 2 3
711
1 68 4   0 0   1 1   2 2   3 3
1 87 4   0 0   1 1   2 2   3 3
1 109 4   0 0   1 1   2 2   3 3
2 56 4   0 0   1 1   2 2   3 3
2 200 4   0 0   1 1   2 2   3 3
2 105 4   0 0   1 1   2 2   3 3
2 57 4   0 0   1 1   2 2   3 3
2 74 4   0 0   1 1   2 2   3 3
2 235 4   0 0   1 1   2 2   3 3
2 110 4   0 0   1 1   2 2   3 3
3 258 4   0 0   1 1   2 2   3 3
3 85 4   0 0   1 1   2 2   3 3
3 23 4   0 0   1 1   2 2   3 3
3 106 4   0 0   1 1   2 2   3 3
3 78 4   0 0   1 1   2 2   3 3
4 112 4   0 0   1 1   2 2   3 3
4 33 4   0 0   1 1   2 2   3 3
4 21 4   0 0   1 1   2 2   3 3
4 88 4   0 0   1 1   2 2   3 3
4 24 4   0 0   1 1   2 2   3 3
4 187 4   0 0   1 1   2 2   3 3
5 224 4   0 0   1 1   2 2   3 3
5 121 4   0 0   1 1   2 2   3 3
5 251 4   0 0   1 1   2 2   3 3
6 240 4   0 0   1 1   2 2   3 3
6 225 4   0 0   1 1   2 2   3 3
6 146 4   0 0   1 1   2 2   3 3
6 197 4   0 0   1 1   2 2   3 3
6 120 4   0 0   1 1   2 2   3 3
6 217 4   0 0   1 1   2 2   3 3
6 236 4   0 0   1 1   2 2   3 3
6 12 4   0 0   1 1   2 2   3 3
7 129 4   0 0   1 1   2 2   3 3
7 34 4   0 0   1 1   2 2   3 3
7 216 4   0 0   1 1   2 2   3 3
7 138 4   0 0   1 1   2 2   3 3
7 76 4   0 0   1 1   2 2   3 3
7 222 4   0 0   1 1   2 2   3 3
8 161 4   0 0   1 1   2 2   3 3
8 149 4   0 0   1 1   2 2   3 3
8 117 4   0 0   1 1   2 2   3 3
8 198 4   0 0   1 1   2 2   3 3
8 247 4   0 0   1 1   2 2   3 3
8 174 4   0 0   1 1   2 2   3 3
9 55 4   0 0   1 1   2 2   3 3
9 199 4   0 0   1 1   2 2   3 3
9 202 4   0 0   1 1   2 2   3 3
9 59 4   0 0   1 1   2 2   3 3
9 252 4   0 0   1 1   2 2   3 3
10 80 4   0 0   1 1   2 2   3 3
10 81 4   0 0   1 1   2 2   3 3
10 51 4   0 0   1 1   2 2   3 3
10 167 4   0 0   1 1   2 2   3 3
10 24 4   0 0   1 1   2 2   3 3
10 143 4   0 0   1 1   2 2   3 3
10 79 4   0 0   1 1   2 2   3 3
11 257 4   0 0   1 1   2 2   3 3
11 66 4   0 0   1 1   2 2   3 3
11 133 4   0 0   1 1   2 2   3 3
11 118 4   0 0   1 1   2 2   3 3
11 190 4   0 0   1 1   2 2   3 3
12 197 4   0 0   1 1   2 2   3 3
12 167 4   0 0   1 1   2 2   3 3
12 217 4   0 0   1 1   2 2   3 3
12 43 4   0 0   1 1   2 2   3 3
12 29 4   0 0   1 1   2 2   3 3
12 143 4   0 0   1 1   2 2   3 3
13 256 4   0 0   1 1   2 2   3 3
13 129 4   0 0   1 1   2 2   3 3
13 216 4   0 0   1 1   2 2   3 3
13 107 4   0 0   1 1   2 2   3 3
13 92 4   0 0   1 1   2 2   3 3
14 17 4   0 0   1 1   2 2   3 3
14 193 4   0 0   1 1   2 2   3 3
14 89 4   0 0   1 1   2 2   3 3
14 140 4   0 0   1 1   2 2   3 3
14 30 4   0 0   1 1   2 2   3 3
14 223 4   0 0   1 1   2 2   3 3
15 65 4   0 0   1 1   2 2   3 3
15 100 4   0 0   1 1   2 2   3 3
15 84 4   0 0   1 1   2 2   3 3
15 60 4   0 0   1 1   2 2   3 3
15 61 4   0 0   1 1   2 2   3 3
16 246 4   0 0   1 1   2 2   3 3
16 230 4   0 0   1 1   2 2   3 3
16 237 4   0 0   1 1   2 2   3 3
17 179 4   0 0   1 1   2 2   3 3
17 212 4   0 0   1 1   2 2   3 3
17 123 4   0 0   1 1   2 2   3 3
17 30 4   0 0   1 1   2 2   3 3
17 223 4   0 0   1 1   2 2   3 3
18 145 4   0 0   1 1   2 2   3 3
18 133 4   0 0   1 1   2 2   3 3
18 229 4   0 0   1 1   2 2   3 3
18 198 4   0 0   1 1   2 2   3 3
18 152 4   0 0   1 1   2 2   3 3
18 185 4   0 0   1 1   2 2   3 3
18 174 4   0 0   1 1   2 2   3 3
18 159 4   0 0   1 1   2 2   3 3
19 132 4   0 0   1 1   2 2   3 3
19 234 4   0 0   1 1   2 2   3 3
19 206 4   0 0   1 1   2 2   3 3
20 215 4   0 0   1 1   2 2   3 3
20 183 4   0 0   1 1   2 2   3 3
20 104 4   0 0   1 1   2 2   3 3
20 153 4   0 0   1 1   2 2   3 3
20 252 4   0 0   1 1   2 2   3 3
20 188 4   0 0   1 1   2 2   3 3
21 134 4   0 0   1 1   2 2   3 3
21 88 4   0 0   1 1   2 2   3 3
21 90 4   0 0   1 1   2 2   3 3
21 187 4   0 0   1 1   2 2   3 3
22 113 4   0 0   1 1   2 2   3 3
22 67 4   0 0   1 1   2 2   3 3
22 100 4   0 0   1 1   2 2   3 3
22 84 4   0 0   1 1   2 2   3 3
22 121 4   0 0   1 1   2 2   3 3
23 194 4   0 0   1 1   2 2   3 3
23 164 4   0 0   1 1   2 2   3 3
23 137 4   0 0   1 1   2 2   3 3
23 186 4   0 0   1 1   2 2   3 3
23 106 4   0 0   1 1   2 2   3 3
23 78 4   0 0   1 1   2 2   3 3
24 128 4   0 0   1 1   2 2   3 3
24 33 4   0 0   1 1   2 2   3 3
24 51 4   0 0   1 1   2 2   3 3
24 187 4   0 0   1 1   2 2   3 3
24 108 4   0 0   1 1   2 2   3 3
24 143 4   0 0   1 1   2 2   3 3
24 111 4   0 0   1 1   2 2   3 3
25 226 4   0 0   1 1   2 2   3 3
25 200 4   0 0   1 1   2 2   3 3
25 248 4   0 0   1 1   2 2   3 3
26 227 4   0 0   1 1   2 2   3 3
26 68 4   0 0   1 1   2 2   3 3
26 87 4   0 0   1 1   2 2   3 3
26 75 4   0 0   1 1   2 2   3 3
26 173 4   0 0   1 1   2 2   3 3
27 243 4   0 0   1 1   2 2   3 3
27 132 4   0 0   1 1   2 2   3 3
27 103 4   0 0   1 1   2 2   3 3
27 46 4   0 0   1 1   2 2   3 3
28 128 4   0 0   1 1   2 2   3 3
28 187 4   0 0   1 1   2 2   3 3
28 29 4   0 0   1 1   2 2   3 3
28 31 4   0 0   1 1   2 2   3 3
29 128 4   0 0   1 1   2 2   3 3
29 217 4   0 0   1 1   2 2   3 3
29 43 4   0 0   1 1   2 2   3 3
29 236 4   0 0   1 1   2 2   3 3
29 31 4   0 0   1 1   2 2   3 3
30 179 4   0 0   1 1   2 2   3 3
30 89 4   0 0   1 1   2 2   3 3
31 83 4   0 0   1 1   2 2   3 3
31 196 4   0 0   1 1   2 2   3 3
31 187 4   0 0   1 1   2 2   3 3
31 236 4   0 0   1 1   2 2   3 3
31 191 4   0 0   1 1   2 2   3 3
32 167 4   0 0   1 1   2 2   3 3
32 184 4   0 0   1 1   2 2   3 3
32 249 4   0 0   1 1   2 2   3 3
32 233 4   0 0   1 1   2 2   3 3
32 218 4   0 0   1 1   2 2   3 3
32 45 4   0 0   1 1   2 2   3 3
33 112 4   0 0   1 1   2 2   3 3
33 82 4   0 0   1 1   2 2   3 3
33 114 4   0 0   1 1   2 2   3 3
33 111 4   0 0   1 1   2 2   3 3
34 98 4   0 0   1 1   2 2   3 3
34 216 4   0 0   1 1   2 2   3 3
34 76 4   0 0   1 1   2 2   3 3
35 150 4   0 0   1 1   2 2   3 3
35 71 4   0 0   1 1   2 2   3 3
35 141 4   0 0   1 1   2 2   3 3
36 192 4   0 0   1 1   2 2   3 3
36 240 4   0 0   1 1   2 2   3 3
36 83 4   0 0   1 1   2 2   3 3
36 169 4   0 0   1 1   2 2   3 3
36 159 4   0 0   1 1   2 2   3 3
36 191 4   0 0   1 1   2 2   3 3
37 80 4   0 0   1 1   2 2   3 3
37 176 4   0 0   1 1   2 2   3 3
37 130 4   0 0   1 1   2 2   3 3
37 51 4   0 0   1 1   2 2   3 3
37 86 4   0 0   1 1   2 2   3 3
37 91 4   0 0   1 1   2 2   3 3
37 108 4   0 0   1 1   2 2   3 3
37 79 4   0 0   1 1   2 2   3 3
38 64 4   0 0   1 1   2 2   3 3
38 209 4   0 0   1 1   2 2   3 3
38 210 4   0 0   1 1   2 2   3 3
38 131 4   0 0   1 1   2 2   3 3
38 244 4   0 0   1 1   2 2   3 3
38 151 4   0 0   1 1   2 2   3 3
38 186 4   0 0   1 1   2 2   3 3
39 138 4   0 0   1 1   2 2   3 3
39 76 4   0 0   1 1   2 2   3 3
39 222 4   0 0   1 1   2 2   3 3
40 228 4   0 0   1 1   2 2   3 3
40 55 4   0 0   1 1   2 2   3 3
40 249 4   0 0   1 1   2 2   3 3
40 202 4   0 0   1 1   2 2   3 3
40 173 4   0 0   1 1   2 2   3 3
41 85 4   0 0   1 1   2 2   3 3
41 70 4   0 0   1 1   2 2   3 3
41 73 4   0 0   1 1   2 2   3 3
41 93 4   0 0   1 1   2 2   3 3
42 226 4   0 0   1 1   2 2   3 3
42 99 4   0 0   1 1   2 2   3 3
42 170 4   0 0   1 1   2 2   3 3
42 155 4   0 0   1 1   2 2   3 3
42 142 4   0 0   1 1   2 2   3 3
43 128 4   0 0   1 1   2 2   3 3
43 143 4   0 0   1 1   2 2   3 3
44 162 4   0 0   1 1   2 2   3 3
44 226 4   0 0   1 1   2 2   3 3
44 122 4   0 0   1 1   2 2   3 3
44 126 4   0 0   1 1   2 2   3 3
44 142 4   0 0   1 1   2 2   3 3
45 208 4   0 0   1 1   2 2   3 3
45 146 4   0 0   1 1   2 2   3 3
45 167 4   0 0   1 1   2 2   3 3
45 184 4   0 0   1 1   2 2   3 3
45 219 4   0 0   1 1   2 2   3 3
46 147 4   0 0   1 1   2 2   3 3
46 182 4   0 0   1 1   2 2   3 3
46 103 4   0 0   1 1   2 2   3 3
46 124 4   0 0   1 1   2 2   3 3
46 254 4   0 0   1 1   2 2   3 3
47 163 4   0 0   1 1   2 2   3 3
47 101 4   0 0   1 1   2 2   3 3
47 230 4   0 0   1 1   2 2   3 3
47 73 4   0 0   1 1   2 2   3 3
48 201 4   0 0   1 1   2 2   3 3
48 139 4   0 0   1 1   2 2   3 3
48 237 4   0 0   1 1   2 2   3 3
48 110 4   0 0   1 1   2 2   3 3
49 180 4   0 0   1 1   2 2   3 3
49 199 4   0 0   1 1   2 2   3 3
49 215 4   0 0   1 1   2 2   3 3
49 104 4   0 0   1 1   2 2   3 3
49 59 4   0 0   1 1   2 2   3 3
50 116 4   0 0   1 1   2 2   3 3
50 232 4   0 0   1 1   2 2   3 3
50 154 4   0 0   1 1   2 2   3 3
50 107 4   0 0   1 1   2 2   3 3
50 239 4   0 0   1 1   2 2   3 3
51 80 4   0 0   1 1   2 2   3 3
51 130 4   0 0   1 1   2 2   3 3
51 108 4   0 0   1 1   2 2   3 3
52 242 4   0 0   1 1   2 2   3 3
52 178 4   0 0   1 1   2 2   3 3
52 203 4   0 0   1 1   2 2   3 3
52 123 4   0 0   1 1   2 2   3 3
52 238 4   0 0   1 1   2 2   3 3
53 170 4   0 0   1 1   2 2   3 3
53 158 4   0 0   1 1   2 2   3 3
54 161 4   0 0   1 1   2 2   3 3
54 211 4   0 0   1 1   2 2   3 3
54 166 4   0 0   1 1   2 2   3 3
54 247 4   0 0   1 1   2 2   3 3
54 63 4   0 0   1 1   2 2   3 3
55 249 4   0 0   1 1   2 2   3 3
55 202 4   0 0   1 1   2 2   3 3
55 59 4   0 0   1 1   2 2   3 3
55 127 4   0 0   1 1   2 2   3 3
56 200 4   0 0   1 1   2 2   3 3
56 235 4   0 0   1 1   2 2   3 3
56 171 4   0 0   1 1   2 2   3 3
56 189 4   0 0   1 1   2 2   3 3
57 200 4   0 0   1 1   2 2   3 3
57 74 4   0 0   1 1   2 2   3 3
57 253 4   0 0   1 1   2 2   3 3
58 180 4   0 0   1 1   2 2   3 3
58 166 4   0 0   1 1   2 2   3 3
58 72 4   0 0   1 1   2 2   3 3
58 104 4   0 0   1 1   2 2   3 3
59 180 4   0 0   1 1   2 2   3 3
59 213 4   0 0   1 1   2 2   3 3
59 199 4   0 0   1 1   2 2   3 3
59 127 4   0 0   1 1   2 2   3 3
60 224 4   0 0   1 1   2 2   3 3
60 65 4   0 0   1 1   2 2   3 3
60 100 4   0 0   1 1   2 2   3 3
60 121 4   0 0   1 1   2 2   3 3
61 65 4   0 0   1 1   2 2   3 3
61 194 4   0 0   1 1   2 2   3 3
61 84 4   0 0   1 1   2 2   3 3
61 186 4   0 0   1 1   2 2   3 3
61 221 4   0 0   1 1   2 2   3 3
62 144 4   0 0   1 1   2 2   3 3
62 161 4   0 0   1 1   2 2   3 3
62 225 4   0 0   1 1   2 2   3 3
62 148 4   0 0   1 1   2 2   3 3
62 166 4   0 0   1 1   2 2   3 3
62 207 4   0 0   1 1   2 2   3 3
63 211 4   0 0   1 1   2 2   3 3
63 166 4   0 0   1 1   2 2   3 3
64 244 4   0 0   1 1   2 2   3 3
64 70 4   0 0   1 1   2 2   3 3
64 151 4   0 0   1 1   2 2   3 3
64 73 4   0 0   1 1   2 2   3 3
64 77 4   0 0   1 1   2 2   3 3
65 221 4   0 0   1 1   2 2   3 3
65 175 4   0 0   1 1   2 2   3 3
66 96 4   0 0   1 1   2 2   3 3
66 257 4   0 0   1 1   2 2   3 3
66 118 4   0 0   1 1   2 2   3 3
66 135 4   0 0   1 1   2 2   3 3
66 238 4   0 0   1 1   2 2   3 3
67 113 4   0 0   1 1   2 2   3 3
67 179 4   0 0   1 1   2 2   3 3
67 121 4   0 0   1 1   2 2   3 3
67 89 4   0 0   1 1   2 2   3 3
68 227 4   0 0   1 1   2 2   3 3
68 87 4   0 0   1 1   2 2   3 3
68 76 4   0 0   1 1   2 2   3 3
69 98 4   0 0   1 1   2 2   3 3
69 227 4   0 0   1 1   2 2   3 3
69 233 4   0 0   1 1   2 2   3 3
69 76 4   0 0   1 1   2 2   3 3
69 255 4   0 0   1 1   2 2   3 3
70 244 4   0 0   1 1   2 2   3 3
70 85 4   0 0   1 1   2 2   3 3
70 73 4   0 0   1 1   2 2   3 3
71 116 4   0 0   1 1   2 2   3 3
71 150 4   0 0   1 1   2 2   3 3
71 154 4   0 0   1 1   2 2   3 3
71 141 4   0 0   1 1   2 2   3 3
72 144 4   0 0   1 1   2 2   3 3
72 115 4   0 0   1 1   2 2   3 3
72 180 4   0 0   1 1   2 2   3 3
72 213 4   0 0   1 1   2 2   3 3
72 166 4   0 0   1 1   2 2   3 3
73 101 4   0 0   1 1   2 2   3 3
73 230 4   0 0   1 1   2 2   3 3
73 93 4   0 0   1 1   2 2   3 3
73 77 4   0 0   1 1   2 2   3 3
74 105 4   0 0   1 1   2 2   3 3
74 139 4   0 0   1 1   2 2   3 3
74 155 4   0 0   1 1   2 2   3 3
74 253 4   0 0   1 1   2 2   3 3
75 228 4   0 0   1 1   2 2   3 3
75 87 4   0 0   1 1   2 2   3 3
75 173 4   0 0   1 1   2 2   3 3
76 98 4   0 0   1 1   2 2   3 3
76 227 4   0 0   1 1   2 2   3 3
76 138 4   0 0   1 1   2 2   3 3
77 101 4   0 0   1 1   2 2   3 3
77 151 4   0 0   1 1   2 2   3 3
77 88 4   0 0   1 1   2 2   3 3
77 90 4   0 0   1 1   2 2   3 3
78 258 4   0 0   1 1   2 2   3 3
78 164 4   0 0   1 1   2 2   3 3
78 246 4   0 0   1 1   2 2   3 3
78 136 4   0 0   1 1   2 2   3 3
79 80 4   0 0   1 1   2 2   3 3
79 81 4   0 0   1 1   2 2   3 3
79 181 4   0 0   1 1   2 2   3 3
79 91 4   0 0   1 1   2 2   3 3
79 92 4   0 0   1 1   2 2   3 3
81 167 4   0 0   1 1   2 2   3 3
81 218 4   0 0   1 1   2 2   3 3
81 92 4   0 0   1 1   2 2   3 3
81 95 4   0 0   1 1   2 2   3 3
82 112 4   0 0   1 1   2 2   3 3
82 114 4   0 0   1 1   2 2   3 3
82 101 4   0 0   1 1   2 2   3 3
82 171 4   0 0   1 1   2 2   3 3
83 160 4   0 0   1 1   2 2   3 3
83 193 4   0 0   1 1   2 2   3 3
83 196 4   0 0   1 1   2 2   3 3
83 102 4   0 0   1 1   2 2   3 3
83 152 4   0 0   1 1   2 2   3 3
83 169 4   0 0   1 1   2 2   3 3
83 220 4   0 0   1 1   2 2   3 3
83 191 4   0 0   1 1   2 2   3 3
84 160 4   0 0   1 1   2 2   3 3
84 113 4   0 0   1 1   2 2   3 3
84 210 4   0 0   1 1   2 2   3 3
84 131 4   0 0   1 1   2 2   3 3
84 100 4   0 0   1 1   2 2   3 3
84 186 4   0 0   1 1   2 2   3 3
85 258 4   0 0   1 1   2 2   3 3
85 244 4   0 0   1 1   2 2   3 3
85 106 4   0 0   1 1   2 2   3 3
85 93 4   0 0   1 1   2 2   3 3
86 176 4   0 0   1 1   2 2   3 3
86 122 4   0 0   1 1   2 2   3 3
86 108 4   0 0   1 1   2 2   3 3
86 94 4   0 0   1 1   2 2   3 3
87 228 4   0 0   1 1   2 2   3 3
87 109 4   0 0   1 1   2 2   3 3
88 112 4   0 0   1 1   2 2   3 3
88 101 4   0 0   1 1   2 2   3 3
88 90 4   0 0   1 1   2 2   3 3
89 160 4   0 0   1 1   2 2   3 3
89 113 4   0 0   1 1   2 2   3 3
89 179 4   0 0   1 1   2 2   3 3
89 102 4   0 0   1 1   2 2   3 3
89 140 4   0 0   1 1   2 2   3 3
90 131 4   0 0   1 1   2 2   3 3
90 134 4   0 0   1 1   2 2   3 3
90 151 4   0 0   1 1   2 2   3 3
90 220 4   0 0   1 1   2 2   3 3
91 176 4   0 0   1 1   2 2   3 3
91 181 4   0 0   1 1   2 2   3 3
91 231 4   0 0   1 1   2 2   3 3
92 181 4   0 0   1 1   2 2   3 3
92 216 4   0 0   1 1   2 2   3 3
92 107 4   0 0   1 1   2 2   3 3
92 95 4   0 0   1 1   2 2   3 3
93 258 4   0 0   1 1   2 2   3 3
93 230 4   0 0   1 1   2 2   3 3
94 200 4   0 0   1 1   2 2   3 3
94 248 4   0 0   1 1   2 2   3 3
94 122 4   0 0   1 1   2 2   3 3
94 171 4   0 0   1 1   2 2   3 3
94 108 4   0 0   1 1   2 2   3 3
94 111 4   0 0   1 1   2 2   3 3
95 98 4   0 0   1 1   2 2   3 3
95 216 4   0 0   1 1   2 2   3 3
95 218 4   0 0   1 1   2 2   3 3
95 255 4   0 0   1 1   2 2   3 3
96 257 4   0 0   1 1   2 2   3 3
96 177 4   0 0   1 1   2 2   3 3
96 178 4   0 0   1 1   2 2   3 3
96 212 4   0 0   1 1   2 2   3 3
96 250 4   0 0   1 1   2 2   3 3
96 203 4   0 0   1 1   2 2   3 3
96 238 4   0 0   1 1   2 2   3 3
96 223 4   0 0   1 1   2 2   3 3
97 144 4   0 0   1 1   2 2   3 3
97 146 4   0 0   1 1   2 2   3 3
97 120 4   0 0   1 1   2 2   3 3
97 219 4   0 0   1 1   2 2   3 3
97 172 4   0 0   1 1   2 2   3 3
97 207 4   0 0   1 1   2 2   3 3
98 216 4   0 0   1 1   2 2   3 3
98 255 4   0 0   1 1   2 2   3 3
99 150 4   0 0   1 1   2 2   3 3
99 170 4   0 0   1 1   2 2   3 3
99 141 4   0 0   1 1   2 2   3 3
99 142 4   0 0   1 1   2 2   3 3
99 158 4   0 0   1 1   2 2   3 3
100 121 4   0 0   1 1   2 2   3 3
101 112 4   0 0   1 1   2 2   3 3
101 163 4   0 0   1 1   2 2   3 3
101 171 4   0 0   1 1   2 2   3 3
102 160 4   0 0   1 1   2 2   3 3
102 193 4   0 0   1 1   2 2   3 3
102 140 4   0 0   1 1   2 2   3 3
103 243 4   0 0   1 1   2 2   3 3
103 182 4   0 0   1 1   2 2   3 3
104 180 4   0 0   1 1   2 2   3 3
104 215 4   0 0   1 1   2 2   3 3
105 139 4   0 0   1 1   2 2   3 3
105 110 4   0 0   1 1   2 2   3 3
106 209 4   0 0   1 1   2 2   3 3
106 244 4   0 0   1 1   2 2   3 3
106 137 4   0 0   1 1   2 2   3 3
107 256 4   0 0   1 1   2 2   3 3
107 181 4   0 0   1 1   2 2   3 3
107 232 4   0 0   1 1   2 2   3 3
107 239 4   0 0   1 1   2 2   3 3
108 130 4   0 0   1 1   2 2   3 3
108 111 4   0 0   1 1   2 2   3 3
109 195 4   0 0   1 1   2 2   3 3
109 228 4   0 0   1 1   2 2   3 3
109 214 4   0 0   1 1   2 2   3 3
110 163 4   0 0   1 1   2 2   3 3
110 171 4   0 0   1 1   2 2   3 3
110 235 4   0 0   1 1   2 2   3 3
110 139 4   0 0   1 1   2 2   3 3
110 237 4   0 0   1 1   2 2   3 3
111 114 4   0 0   1 1   2 2   3 3
111 171 4   0 0   1 1   2 2   3 3
113 160 4   0 0   1 1   2 2   3 3
114 171 4   0 0   1 1   2 2   3 3
115 144 4   0 0   1 1   2 2   3 3
115 213 4   0 0   1 1   2 2   3 3
115 172 4   0 0   1 1   2 2   3 3
115 205 4   0 0   1 1   2 2   3 3
116 154 4   0 0   1 1   2 2   3 3
117 211 4   0 0   1 1   2 2   3 3
117 149 4   0 0   1 1   2 2   3 3
117 247 4   0 0   1 1   2 2   3 3
117 234 4   0 0   1 1   2 2   3 3
118 135 4   0 0   1 1   2 2   3 3
118 254 4   0 0   1 1   2 2   3 3
118 190 4   0 0   1 1   2 2   3 3
119 214 4   0 0   1 1   2 2   3 3
119 168 4   0 0   1 1   2 2   3 3
120 225 4   0 0   1 1   2 2   3 3
120 146 4   0 0   1 1   2 2   3 3
120 207 4   0 0   1 1   2 2   3 3
121 224 4   0 0   1 1   2 2   3 3
121 179 4   0 0   1 1   2 2   3 3
121 251 4   0 0   1 1   2 2   3 3
122 176 4   0 0   1 1   2 2   3 3
122 226 4   0 0   1 1   2 2   3 3
122 248 4   0 0   1 1   2 2   3 3
122 126 4   0 0   1 1   2 2   3 3
123 178 4   0 0   1 1   2 2   3 3
123 212 4   0 0   1 1   2 2   3 3
124 242 4   0 0   1 1   2 2   3 3
124 135 4   0 0   1 1   2 2   3 3
124 157 4   0 0   1 1   2 2   3 3
124 254 4   0 0   1 1   2 2   3 3
125 245 4   0 0   1 1   2 2   3 3
125 149 4   0 0   1 1   2 2   3 3
125 190 4   0 0   1 1   2 2   3 3
125 206 4   0 0   1 1   2 2   3 3
125 174 4   0 0   1 1   2 2   3 3
126 176 4   0 0   1 1   2 2   3 3
126 162 4   0 0   1 1   2 2   3 3
126 231 4   0 0   1 1   2 2   3 3
127 213 4   0 0   1 1   2 2   3 3
127 249 4   0 0   1 1   2 2   3 3
127 219 4   0 0   1 1   2 2   3 3
127 205 4   0 0   1 1   2 2   3 3
128 187 4   0 0   1 1   2 2   3 3
128 143 4   0 0   1 1   2 2   3 3
129 256 4   0 0   1 1   2 2   3 3
129 241 4   0 0   1 1   2 2   3 3
129 216 4   0 0   1 1   2 2   3 3
129 222 4   0 0   1 1   2 2   3 3
131 160 4   0 0   1 1   2 2   3 3
131 210 4   0 0   1 1   2 2   3 3
131 151 4   0 0   1 1   2 2   3 3
131 220 4   0 0   1 1   2 2   3 3
132 243 4   0 0   1 1   2 2   3 3
132 245 4   0 0   1 1   2 2   3 3
132 206 4   0 0   1 1   2 2   3 3
133 257 4   0 0   1 1   2 2   3 3
133 185 4   0 0   1 1   2 2   3 3
133 190 4   0 0   1 1   2 2   3 3
133 174 4   0 0   1 1   2 2   3 3
134 196 4   0 0   1 1   2 2   3 3
134 187 4   0 0   1 1   2 2   3 3
134 220 4   0 0   1 1   2 2   3 3
135 157 4   0 0   1 1   2 2   3 3
135 254 4   0 0   1 1   2 2   3 3
135 238 4   0 0   1 1   2 2   3 3
136 164 4   0 0   1 1   2 2   3 3
136 156 4   0 0   1 1   2 2   3 3
137 209 4   0 0   1 1   2 2   3 3
137 186 4   0 0   1 1   2 2   3 3
138 222 4   0 0   1 1   2 2   3 3
139 201 4   0 0   1 1   2 2   3 3
140 193 4   0 0   1 1   2 2   3 3
141 162 4   0 0   1 1   2 2   3 3
141 150 4   0 0   1 1   2 2   3 3
141 154 4   0 0   1 1   2 2   3 3
141 142 4   0 0   1 1   2 2   3 3
142 226 4   0 0   1 1   2 2   3 3
142 162 4   0 0   1 1   2 2   3 3
143 167 4   0 0   1 1   2 2   3 3
144 166 4   0 0   1 1   2 2   3 3
144 172 4   0 0   1 1   2 2   3 3
144 207 4   0 0   1 1   2 2   3 3
145 229 4   0 0   1 1   2 2   3 3
145 152 4   0 0   1 1   2 2   3 3
145 169 4   0 0   1 1   2 2   3 3
146 208 4   0 0   1 1   2 2   3 3
146 197 4   0 0   1 1   2 2   3 3
148 225 4   0 0   1 1   2 2   3 3
148 161 4   0 0   1 1   2 2   3 3
148 159 4   0 0   1 1   2 2   3 3
149 234 4   0 0   1 1   2 2   3 3
149 206 4   0 0   1 1   2 2   3 3
149 174 4   0 0   1 1   2 2   3 3
150 158 4   0 0   1 1   2 2   3 3
152 177 4   0 0   1 1   2 2   3 3
152 193 4   0 0   1 1   2 2   3 3
152 185 4   0 0   1 1   2 2   3 3
152 169 4   0 0   1 1   2 2   3 3
152 250 4   0 0   1 1   2 2   3 3
153 183 4   0 0   1 1   2 2   3 3
153 188 4   0 0   1 1   2 2   3 3
154 162 4   0 0   1 1   2 2   3 3
154 232 4   0 0   1 1   2 2   3 3
155 226 4   0 0   1 1   2 2   3 3
155 253 4   0 0   1 1   2 2   3 3
156 164 4   0 0   1 1   2 2   3 3
156 175 4   0 0   1 1   2 2   3 3
157 242 4   0 0   1 1   2 2   3 3
157 238 4   0 0   1 1   2 2   3 3
158 170 4   0 0   1 1   2 2   3 3
159 192 4   0 0   1 1   2 2   3 3
159 161 4   0 0   1 1   2 2   3 3
159 229 4   0 0   1 1   2 2   3 3
159 198 4   0 0   1 1   2 2   3 3
159 169 4   0 0   1 1   2 2   3 3
160 220 4   0 0   1 1   2 2   3 3
161 198 4   0 0   1 1   2 2   3 3
161 166 4   0 0   1 1   2 2   3 3
161 247 4   0 0   1 1   2 2   3 3
162 231 4   0 0   1 1   2 2   3 3
162 232 4   0 0   1 1   2 2   3 3
163 230 4   0 0   1 1   2 2   3 3
163 171 4   0 0   1 1   2 2   3 3
163 237 4   0 0   1 1   2 2   3 3
164 194 4   0 0   1 1   2 2   3 3
164 221 4   0 0   1 1   2 2   3 3
164 175 4   0 0   1 1   2 2   3 3
165 256 4   0 0   1 1   2 2   3 3
165 222 4   0 0   1 1   2 2   3 3
165 239 4   0 0   1 1   2 2   3 3
167 208 4   0 0   1 1   2 2   3 3
167 197 4   0 0   1 1   2 2   3 3
167 218 4   0 0   1 1   2 2   3 3
168 214 4   0 0   1 1   2 2   3 3
168 188 4   0 0   1 1   2 2   3 3
169 229 4   0 0   1 1   2 2   3 3
171 200 4   0 0   1 1   2 2   3 3
171 235 4   0 0   1 1   2 2   3 3
171 189 4   0 0   1 1   2 2   3 3
172 219 4   0 0   1 1   2 2   3 3
172 205 4   0 0   1 1   2 2   3 3
173 227 4   0 0   1 1   2 2   3 3
173 228 4   0 0   1 1   2 2   3 3
173 249 4   0 0   1 1   2 2   3 3
174 198 4   0 0   1 1   2 2   3 3
174 190 4   0 0   1 1   2 2   3 3
175 221 4   0 0   1 1   2 2   3 3
176 231 4   0 0   1 1   2 2   3 3
177 193 4   0 0   1 1   2 2   3 3
177 250 4   0 0   1 1   2 2   3 3
177 223 4   0 0   1 1   2 2   3 3
178 212 4   0 0   1 1   2 2   3 3
178 203 4   0 0   1 1   2 2   3 3
179 251 4   0 0   1 1   2 2   3 3
180 213 4   0 0   1 1   2 2   3 3
181 231 4   0 0   1 1   2 2   3 3
181 232 4   0 0   1 1   2 2   3 3
182 243 4   0 0   1 1   2 2   3 3
182 245 4   0 0   1 1   2 2   3 3
182 254 4   0 0   1 1   2 2   3 3
182 190 4   0 0   1 1   2 2   3 3
183 252 4   0 0   1 1   2 2   3 3
183 188 4   0 0   1 1   2 2   3 3
183 204 4   0 0   1 1   2 2   3 3
184 249 4   0 0   1 1   2 2   3 3
184 219 4   0 0   1 1   2 2   3 3
185 257 4   0 0   1 1   2 2   3 3
185 250 4   0 0   1 1   2 2   3 3
186 209 4   0 0   1 1   2 2   3 3
186 210 4   0 0   1 1   2 2   3 3
188 214 4   0 0   1 1   2 2   3 3
188 204 4   0 0   1 1   2 2   3 3
189 235 4   0 0   1 1   2 2   3 3
190 245 4   0 0   1 1   2 2   3 3
190 254 4   0 0   1 1   2 2   3 3
191 240 4   0 0   1 1   2 2   3 3
191 236 4   0 0   1 1   2 2   3 3
192 240 4   0 0   1 1   2 2   3 3
192 225 4   0 0   1 1   2 2   3 3
193 223 4   0 0   1 1   2 2   3 3
194 221 4   0 0   1 1   2 2   3 3
195 214 4   0 0   1 1   2 2   3 3
196 220 4   0 0   1 1   2 2   3 3
197 208 4   0 0   1 1   2 2   3 3
199 215 4   0 0   1 1   2 2   3 3
199 252 4   0 0   1 1   2 2   3 3
200 226 4   0 0   1 1   2 2   3 3
200 248 4   0 0   1 1   2 2   3 3
200 253 4   0 0   1 1   2 2   3 3
201 237 4   0 0   1 1   2 2   3 3
202 228 4   0 0   1 1   2 2   3 3
202 252 4   0 0   1 1   2 2   3 3
202 204 4   0 0   1 1   2 2   3 3
203 238 4   0 0   1 1   2 2   3 3
204 228 4   0 0   1 1   2 2   3 3
204 214 4   0 0   1 1   2 2   3 3
204 252 4   0 0   1 1   2 2   3 3
205 213 4   0 0   1 1   2 2   3 3
205 219 4   0 0   1 1   2 2   3 3
206 245 4   0 0   1 1   2 2   3 3
206 234 4   0 0   1 1   2 2   3 3
207 225 4   0 0   1 1   2 2   3 3
209 244 4   0 0   1 1   2 2   3 3
211 247 4   0 0   1 1   2 2   3 3
211 234 4   0 0   1 1   2 2   3 3
212 223 4   0 0   1 1   2 2   3 3
214 228 4   0 0   1 1   2 2   3 3
215 252 4   0 0   1 1   2 2   3 3
217 236 4   0 0   1 1   2 2   3 3
218 233 4   0 0   1 1   2 2   3 3
218 255 4   0 0   1 1   2 2   3 3
219 249 4   0 0   1 1   2 2   3 3
222 256 4   0 0   1 1   2 2   3 3
222 241 4   0 0   1 1   2 2   3 3
224 251 4   0 0   1 1   2 2   3 3
225 240 4   0 0   1 1   2 2   3 3
226 248 4   0 0   1 1   2 2   3 3
226 253 4   0 0   1 1   2 2   3 3
227 249 4   0 0   1 1   2 2   3 3
227 233 4   0 0   1 1   2 2   3 3
230 258 4   0 0   1 1   2 2   3 3
230 246 4   0 0   1 1   2 2   3 3
230 237 4   0 0   1 1   2 2   3 3
231 232 4   0 0   1 1   2 2   3 3
233 249 4   0 0   1 1   2 2   3 3
233 255 4   0 0   1 1   2 2   3 3
236 240 4   0 0   1 1   2 2   3 3
238 242 4   0 0   1 1   2 2   3 3
239 256 4   0 0   1 1   2 2   3 3
243 245 4   0 0   1 1   2 2   3 3
246 258 4   0 0   1 1   2 2   3 3
250 257 4   0 0   1 1   2 2   3 3
