274
1 4 0 1 2 3
2 4 0 1 2 3
3 4 0 1 2 3
4 4 0 1 2 3
5 4 0 1 2 3
6 4 0 1 2 3
7 4 0 1 2 3
8 4 0 1 2 3
9 4 0 1 2 3
10 4 0 1 2 3
11 4 0 1 2 3
12 4 0 1 2 3
13 4 0 1 2 3
14 4 0 1 2 3
15 4 0 1 2 3
16 4 0 1 2 3
17 4 0 1 2 3
18 4 0 1 2 3
19 4 0 1 2 3
20 4 0 1 2 3
21 4 0 1 2 3
22 4 0 1 2 3
23 4 0 1 2 3
24 4 0 1 2 3
25 4 0 1 2 3
26 4 0 1 2 3
27 4 0 1 2 3
28 4 0 1 2 3
29 4 0 1 2 3
30 4 0 1 2 3
31 4 0 1 2 3
32 4 0 1 2 3
33 4 0 1 2 3
34 4 0 1 2 3
35 4 0 1 2 3
36 4 0 1 2 3
37 4 0 1 2 3
38 4 0 1 2 3
39 4 0 1 2 3
40 4 0 1 2 3
41 4 0 1 2 3
42 4 0 1 2 3
43 4 0 1 2 3
44 4 0 1 2 3
45 4 0 1 2 3
46 4 0 1 2 3
47 4 0 1 2 3
48 4 0 1 2 3
49 4 0 1 2 3
50 4 0 1 2 3
51 4 0 1 2 3
52 4 0 1 2 3
53 4 0 1 2 3
54 4 0 1 2 3
55 4 0 1 2 3
56 4 0 1 2 3
57 4 0 1 2 3
58 4 0 1 2 3
59 4 0 1 2 3
60 4 0 1 2 3
61 4 0 1 2 3
62 4 0 1 2 3
63 4 0 1 2 3
64 4 0 1 2 3
65 4 0 1 2 3
66 4 0 1 2 3
67 4 0 1 2 3
68 4 0 1 2 3
69 4 0 1 2 3
70 4 0 1 2 3
71 4 0 1 2 3
72 4 0 1 2 3
73 4 0 1 2 3
74 4 0 1 2 3
75 4 0 1 2 3
76 4 0 1 2 3
77 4 0 1 2 3
78 4 0 1 2 3
79 4 0 1 2 3
80 4 0 1 2 3
81 4 0 1 2 3
82 4 0 1 2 3
83 4 0 1 2 3
84 4 0 1 2 3
85 4 0 1 2 3
86 4 0 1 2 3
87 4 0 1 2 3
88 4 0 1 2 3
89 4 0 1 2 3
90 4 0 1 2 3
91 4 0 1 2 3
92 4 0 1 2 3
93 4 0 1 2 3
94 4 0 1 2 3
95 4 0 1 2 3
96 4 0 1 2 3
97 4 0 1 2 3
98 4 0 1 2 3
99 4 0 1 2 3
100 4 0 1 2 3
101 4 0 1 2 3
102 4 0 1 2 3
103 4 0 1 2 3
104 4 0 1 2 3
105 4 0 1 2 3
106 4 0 1 2 3
107 4 0 1 2 3
108 4 0 1 2 3
109 4 0 1 2 3
110 4 0 1 2 3
111 4 0 1 2 3
112 4 0 1 2 3
113 4 0 1 2 3
114 4 0 1 2 3
115 4 0 1 2 3
116 4 0 1 2 3
117 4 0 1 2 3
118 4 0 1 2 3
119 4 0 1 2 3
120 4 0 1 2 3
121 4 0 1 2 3
122 4 0 1 2 3
123 4 0 1 2 3
124 4 0 1 2 3
125 4 0 1 2 3
126 4 0 1 2 3
127 4 0 1 2 3
128 4 0 1 2 3
129 4 0 1 2 3
130 4 0 1 2 3
131 4 0 1 2 3
132 4 0 1 2 3
133 4 0 1 2 3
134 4 0 1 2 3
135 4 0 1 2 3
136 4 0 1 2 3
137 4 0 1 2 3
138 4 0 1 2 3
139 4 0 1 2 3
140 4 0 1 2 3
141 4 0 1 2 3
142 4 0 1 2 3
143 4 0 1 2 3
144 4 0 1 2 3
145 4 0 1 2 3
146 4 0 1 2 3
147 4 0 1 2 3
148 4 0 1 2 3
149 4 0 1 2 3
150 4 0 1 2 3
151 4 0 1 2 3
152 4 0 1 2 3
153 4 0 1 2 3
154 4 0 1 2 3
155 4 0 1 2 3
156 4 0 1 2 3
157 4 0 1 2 3
158 4 0 1 2 3
159 4 0 1 2 3
160 4 0 1 2 3
161 4 0 1 2 3
162 4 0 1 2 3
163 4 0 1 2 3
164 4 0 1 2 3
165 4 0 1 2 3
166 4 0 1 2 3
167 4 0 1 2 3
168 4 0 1 2 3
169 4 0 1 2 3
170 4 0 1 2 3
171 4 0 1 2 3
172 4 0 1 2 3
173 4 0 1 2 3
174 4 0 1 2 3
175 4 0 1 2 3
176 4 0 1 2 3
177 4 0 1 2 3
178 4 0 1 2 3
179 4 0 1 2 3
180 4 0 1 2 3
181 4 0 1 2 3
182 4 0 1 2 3
183 4 0 1 2 3
184 4 0 1 2 3
185 4 0 1 2 3
186 4 0 1 2 3
187 4 0 1 2 3
188 4 0 1 2 3
189 4 0 1 2 3
190 4 0 1 2 3
191 4 0 1 2 3
192 4 0 1 2 3
193 4 0 1 2 3
194 4 0 1 2 3
195 4 0 1 2 3
196 4 0 1 2 3
197 4 0 1 2 3
198 4 0 1 2 3
199 4 0 1 2 3
200 4 0 1 2 3
201 4 0 1 2 3
202 4 0 1 2 3
203 4 0 1 2 3
204 4 0 1 2 3
205 4 0 1 2 3
206 4 0 1 2 3
207 4 0 1 2 3
208 4 0 1 2 3
209 4 0 1 2 3
210 4 0 1 2 3
211 4 0 1 2 3
212 4 0 1 2 3
213 4 0 1 2 3
214 4 0 1 2 3
215 4 0 1 2 3
216 4 0 1 2 3
217 4 0 1 2 3
218 4 0 1 2 3
219 4 0 1 2 3
220 4 0 1 2 3
221 4 0 1 2 3
222 4 0 1 2 3
223 4 0 1 2 3
224 4 0 1 2 3
225 4 0 1 2 3
226 4 0 1 2 3
227 4 0 1 2 3
228 4 0 1 2 3
229 4 0 1 2 3
230 4 0 1 2 3
231 4 0 1 2 3
232 4 0 1 2 3
233 4 0 1 2 3
234 4 0 1 2 3
235 4 0 1 2 3
236 4 0 1 2 3
237 4 0 1 2 3
238 4 0 1 2 3
239 4 0 1 2 3
240 4 0 1 2 3
241 4 0 1 2 3
242 4 0 1 2 3
243 4 0 1 2 3
244 4 0 1 2 3
245 4 0 1 2 3
246 4 0 1 2 3
247 4 0 1 2 3
248 4 0 1 2 3
249 4 0 1 2 3
250 4 0 1 2 3
251 4 0 1 2 3
252 4 0 1 2 3
253 4 0 1 2 3
254 4 0 1 2 3
255 4 0 1 2 3
256 4 0 1 2 3
257 4 0 1 2 3
258 4 0 1 2 3
259 4 0 1 2 3
260 4 0 1 2 3
261 4 0 1 2 3
262 4 0 1 2 3
263 4 0 1 2 3
264 4 0 1 2 3
265 4 0 1 2 3
266 4 0 1 2 3
267 4 0 1 2 3
268 4 0 1 2 3
269 4 0 1 2 3
270 4 0 1 2 3
271 4 0 1 2 3
272 4 0 1 2 3
273 4 0 1 2 3
274 4 0 1 2 3
768
1 244 4   0 0   1 1   2 2   3 3
1 181 4   0 0   1 1   2 2   3 3
1 262 4   0 0   1 1   2 2   3 3
1 232 4   0 0   1 1   2 2   3 3
1 156 4   0 0   1 1   2 2   3 3
2 195 4   0 0   1 1   2 2   3 3
2 255 4   0 0   1 1   2 2   3 3
3 49 4   0 0   1 1   2 2   3 3
3 193 4   0 0   1 1   2 2   3 3
3 66 4   0 0   1 1   2 2   3 3
3 265 4   0 0   1 1   2 2   3 3
3 77 4   0 0   1 1   2 2   3 3
4 146 4   0 0   1 1   2 2   3 3
4 243 4   0 0   1 1   2 2   3 3
4 52 4   0 0   1 1   2 2   3 3
4 244 4   0 0   1 1   2 2   3 3
4 85 4   0 0   1 1   2 2   3 3
4 29 4   0 0   1 1   2 2   3 3
5 129 4   0 0   1 1   2 2   3 3
5 18 4   0 0   1 1   2 2   3 3
5 20 4   0 0   1 1   2 2   3 3
5 132 4   0 0   1 1   2 2   3 3
5 232 4   0 0   1 1   2 2   3 3
5 93 4   0 0   1 1   2 2   3 3
6 131 4   0 0   1 1   2 2   3 3
6 84 4   0 0   1 1   2 2   3 3
6 44 4   0 0   1 1   2 2   3 3
6 62 4   0 0   1 1   2 2   3 3
6 159 4   0 0   1 1   2 2   3 3
7 177 4   0 0   1 1   2 2   3 3
7 65 4   0 0   1 1   2 2   3 3
7 49 4   0 0   1 1   2 2   3 3
7 66 4   0 0   1 1   2 2   3 3
7 230 4   0 0   1 1   2 2   3 3
7 108 4   0 0   1 1   2 2   3 3
7 175 4   0 0   1 1   2 2   3 3
8 32 4   0 0   1 1   2 2   3 3
8 160 4   0 0   1 1   2 2   3 3
8 148 4   0 0   1 1   2 2   3 3
8 23 4   0 0   1 1   2 2   3 3
8 25 4   0 0   1 1   2 2   3 3
8 140 4   0 0   1 1   2 2   3 3
8 158 4   0 0   1 1   2 2   3 3
9 272 4   0 0   1 1   2 2   3 3
9 196 4   0 0   1 1   2 2   3 3
9 217 4   0 0   1 1   2 2   3 3
9 237 4   0 0   1 1   2 2   3 3
9 95 4   0 0   1 1   2 2   3 3
10 224 4   0 0   1 1   2 2   3 3
10 129 4   0 0   1 1   2 2   3 3
10 164 4   0 0   1 1   2 2   3 3
10 168 4   0 0   1 1   2 2   3 3
10 252 4   0 0   1 1   2 2   3 3
10 205 4   0 0   1 1   2 2   3 3
11 128 4   0 0   1 1   2 2   3 3
11 226 4   0 0   1 1   2 2   3 3
11 116 4   0 0   1 1   2 2   3 3
11 187 4   0 0   1 1   2 2   3 3
11 188 4   0 0   1 1   2 2   3 3
11 255 4   0 0   1 1   2 2   3 3
12 178 4   0 0   1 1   2 2   3 3
12 147 4   0 0   1 1   2 2   3 3
12 180 4   0 0   1 1   2 2   3 3
12 103 4   0 0   1 1   2 2   3 3
12 249 4   0 0   1 1   2 2   3 3
12 137 4   0 0   1 1   2 2   3 3
12 106 4   0 0   1 1   2 2   3 3
12 43 4   0 0   1 1   2 2   3 3
12 173 4   0 0   1 1   2 2   3 3
12 110 4   0 0   1 1   2 2   3 3
13 256 4   0 0   1 1   2 2   3 3
13 64 4   0 0   1 1   2 2   3 3
13 101 4   0 0   1 1   2 2   3 3
13 137 4   0 0   1 1   2 2   3 3
13 204 4   0 0   1 1   2 2   3 3
14 34 4   0 0   1 1   2 2   3 3
14 164 4   0 0   1 1   2 2   3 3
14 28 4   0 0   1 1   2 2   3 3
14 31 4   0 0   1 1   2 2   3 3
14 191 4   0 0   1 1   2 2   3 3
15 37 4   0 0   1 1   2 2   3 3
15 69 4   0 0   1 1   2 2   3 3
15 103 4   0 0   1 1   2 2   3 3
16 181 4   0 0   1 1   2 2   3 3
16 22 4   0 0   1 1   2 2   3 3
16 262 4   0 0   1 1   2 2   3 3
16 234 4   0 0   1 1   2 2   3 3
16 252 4   0 0   1 1   2 2   3 3
17 229 4   0 0   1 1   2 2   3 3
17 86 4   0 0   1 1   2 2   3 3
17 201 4   0 0   1 1   2 2   3 3
17 74 4   0 0   1 1   2 2   3 3
18 240 4   0 0   1 1   2 2   3 3
18 83 4   0 0   1 1   2 2   3 3
18 20 4   0 0   1 1   2 2   3 3
18 93 4   0 0   1 1   2 2   3 3
19 193 4   0 0   1 1   2 2   3 3
19 162 4   0 0   1 1   2 2   3 3
19 66 4   0 0   1 1   2 2   3 3
19 220 4   0 0   1 1   2 2   3 3
20 132 4   0 0   1 1   2 2   3 3
20 156 4   0 0   1 1   2 2   3 3
20 29 4   0 0   1 1   2 2   3 3
21 36 4   0 0   1 1   2 2   3 3
21 70 4   0 0   1 1   2 2   3 3
21 59 4   0 0   1 1   2 2   3 3
21 61 4   0 0   1 1   2 2   3 3
22 181 4   0 0   1 1   2 2   3 3
22 218 4   0 0   1 1   2 2   3 3
22 234 4   0 0   1 1   2 2   3 3
23 160 4   0 0   1 1   2 2   3 3
23 208 4   0 0   1 1   2 2   3 3
23 130 4   0 0   1 1   2 2   3 3
23 82 4   0 0   1 1   2 2   3 3
23 260 4   0 0   1 1   2 2   3 3
23 140 4   0 0   1 1   2 2   3 3
24 176 4   0 0   1 1   2 2   3 3
24 227 4   0 0   1 1   2 2   3 3
24 36 4   0 0   1 1   2 2   3 3
24 59 4   0 0   1 1   2 2   3 3
25 32 4   0 0   1 1   2 2   3 3
25 148 4   0 0   1 1   2 2   3 3
25 214 4   0 0   1 1   2 2   3 3
25 182 4   0 0   1 1   2 2   3 3
25 104 4   0 0   1 1   2 2   3 3
26 128 4   0 0   1 1   2 2   3 3
26 225 4   0 0   1 1   2 2   3 3
26 114 4   0 0   1 1   2 2   3 3
26 115 4   0 0   1 1   2 2   3 3
26 89 4   0 0   1 1   2 2   3 3
26 187 4   0 0   1 1   2 2   3 3
26 267 4   0 0   1 1   2 2   3 3
27 192 4   0 0   1 1   2 2   3 3
27 82 4   0 0   1 1   2 2   3 3
27 211 4   0 0   1 1   2 2   3 3
27 39 4   0 0   1 1   2 2   3 3
27 186 4   0 0   1 1   2 2   3 3
27 125 4   0 0   1 1   2 2   3 3
28 164 4   0 0   1 1   2 2   3 3
28 263 4   0 0   1 1   2 2   3 3
28 234 4   0 0   1 1   2 2   3 3
28 252 4   0 0   1 1   2 2   3 3
28 31 4   0 0   1 1   2 2   3 3
29 80 4   0 0   1 1   2 2   3 3
29 243 4   0 0   1 1   2 2   3 3
29 85 4   0 0   1 1   2 2   3 3
29 156 4   0 0   1 1   2 2   3 3
30 224 4   0 0   1 1   2 2   3 3
30 227 4   0 0   1 1   2 2   3 3
30 70 4   0 0   1 1   2 2   3 3
30 215 4   0 0   1 1   2 2   3 3
31 258 4   0 0   1 1   2 2   3 3
31 34 4   0 0   1 1   2 2   3 3
31 263 4   0 0   1 1   2 2   3 3
31 157 4   0 0   1 1   2 2   3 3
32 104 4   0 0   1 1   2 2   3 3
32 158 4   0 0   1 1   2 2   3 3
33 192 4   0 0   1 1   2 2   3 3
33 38 4   0 0   1 1   2 2   3 3
33 150 4   0 0   1 1   2 2   3 3
33 134 4   0 0   1 1   2 2   3 3
33 185 4   0 0   1 1   2 2   3 3
33 172 4   0 0   1 1   2 2   3 3
34 197 4   0 0   1 1   2 2   3 3
34 229 4   0 0   1 1   2 2   3 3
34 74 4   0 0   1 1   2 2   3 3
34 157 4   0 0   1 1   2 2   3 3
34 221 4   0 0   1 1   2 2   3 3
34 191 4   0 0   1 1   2 2   3 3
35 183 4   0 0   1 1   2 2   3 3
35 202 4   0 0   1 1   2 2   3 3
35 234 4   0 0   1 1   2 2   3 3
35 123 4   0 0   1 1   2 2   3 3
35 237 4   0 0   1 1   2 2   3 3
36 59 4   0 0   1 1   2 2   3 3
37 180 4   0 0   1 1   2 2   3 3
37 228 4   0 0   1 1   2 2   3 3
37 69 4   0 0   1 1   2 2   3 3
37 103 4   0 0   1 1   2 2   3 3
37 235 4   0 0   1 1   2 2   3 3
37 207 4   0 0   1 1   2 2   3 3
38 192 4   0 0   1 1   2 2   3 3
38 166 4   0 0   1 1   2 2   3 3
38 150 4   0 0   1 1   2 2   3 3
38 125 4   0 0   1 1   2 2   3 3
38 109 4   0 0   1 1   2 2   3 3
38 223 4   0 0   1 1   2 2   3 3
39 64 4   0 0   1 1   2 2   3 3
39 211 4   0 0   1 1   2 2   3 3
39 101 4   0 0   1 1   2 2   3 3
39 56 4   0 0   1 1   2 2   3 3
39 204 4   0 0   1 1   2 2   3 3
39 125 4   0 0   1 1   2 2   3 3
40 212 4   0 0   1 1   2 2   3 3
40 149 4   0 0   1 1   2 2   3 3
40 166 4   0 0   1 1   2 2   3 3
40 230 4   0 0   1 1   2 2   3 3
40 216 4   0 0   1 1   2 2   3 3
40 56 4   0 0   1 1   2 2   3 3
40 121 4   0 0   1 1   2 2   3 3
40 203 4   0 0   1 1   2 2   3 3
41 112 4   0 0   1 1   2 2   3 3
41 65 4   0 0   1 1   2 2   3 3
41 162 4   0 0   1 1   2 2   3 3
41 149 4   0 0   1 1   2 2   3 3
41 86 4   0 0   1 1   2 2   3 3
41 201 4   0 0   1 1   2 2   3 3
41 222 4   0 0   1 1   2 2   3 3
42 197 4   0 0   1 1   2 2   3 3
42 219 4   0 0   1 1   2 2   3 3
42 46 4   0 0   1 1   2 2   3 3
42 111 4   0 0   1 1   2 2   3 3
43 144 4   0 0   1 1   2 2   3 3
43 103 4   0 0   1 1   2 2   3 3
43 75 4   0 0   1 1   2 2   3 3
43 173 4   0 0   1 1   2 2   3 3
43 174 4   0 0   1 1   2 2   3 3
44 131 4   0 0   1 1   2 2   3 3
44 53 4   0 0   1 1   2 2   3 3
44 119 4   0 0   1 1   2 2   3 3
44 159 4   0 0   1 1   2 2   3 3
45 100 4   0 0   1 1   2 2   3 3
45 261 4   0 0   1 1   2 2   3 3
45 200 4   0 0   1 1   2 2   3 3
45 138 4   0 0   1 1   2 2   3 3
45 107 4   0 0   1 1   2 2   3 3
45 94 4   0 0   1 1   2 2   3 3
45 206 4   0 0   1 1   2 2   3 3
46 162 4   0 0   1 1   2 2   3 3
46 259 4   0 0   1 1   2 2   3 3
46 197 4   0 0   1 1   2 2   3 3
46 86 4   0 0   1 1   2 2   3 3
46 266 4   0 0   1 1   2 2   3 3
46 220 4   0 0   1 1   2 2   3 3
47 261 4   0 0   1 1   2 2   3 3
47 107 4   0 0   1 1   2 2   3 3
47 190 4   0 0   1 1   2 2   3 3
47 79 4   0 0   1 1   2 2   3 3
48 50 4   0 0   1 1   2 2   3 3
48 195 4   0 0   1 1   2 2   3 3
48 198 4   0 0   1 1   2 2   3 3
48 248 4   0 0   1 1   2 2   3 3
48 254 4   0 0   1 1   2 2   3 3
49 66 4   0 0   1 1   2 2   3 3
49 77 4   0 0   1 1   2 2   3 3
49 175 4   0 0   1 1   2 2   3 3
50 257 4   0 0   1 1   2 2   3 3
50 198 4   0 0   1 1   2 2   3 3
50 248 4   0 0   1 1   2 2   3 3
50 124 4   0 0   1 1   2 2   3 3
50 63 4   0 0   1 1   2 2   3 3
51 131 4   0 0   1 1   2 2   3 3
51 179 4   0 0   1 1   2 2   3 3
51 53 4   0 0   1 1   2 2   3 3
51 119 4   0 0   1 1   2 2   3 3
51 170 4   0 0   1 1   2 2   3 3
51 239 4   0 0   1 1   2 2   3 3
52 225 4   0 0   1 1   2 2   3 3
52 146 4   0 0   1 1   2 2   3 3
52 85 4   0 0   1 1   2 2   3 3
52 72 4   0 0   1 1   2 2   3 3
52 217 4   0 0   1 1   2 2   3 3
53 131 4   0 0   1 1   2 2   3 3
53 119 4   0 0   1 1   2 2   3 3
54 160 4   0 0   1 1   2 2   3 3
54 130 4   0 0   1 1   2 2   3 3
54 182 4   0 0   1 1   2 2   3 3
54 137 4   0 0   1 1   2 2   3 3
54 171 4   0 0   1 1   2 2   3 3
55 176 4   0 0   1 1   2 2   3 3
55 135 4   0 0   1 1   2 2   3 3
55 219 4   0 0   1 1   2 2   3 3
55 221 4   0 0   1 1   2 2   3 3
56 101 4   0 0   1 1   2 2   3 3
56 166 4   0 0   1 1   2 2   3 3
56 73 4   0 0   1 1   2 2   3 3
56 203 4   0 0   1 1   2 2   3 3
56 125 4   0 0   1 1   2 2   3 3
57 118 4   0 0   1 1   2 2   3 3
57 246 4   0 0   1 1   2 2   3 3
57 187 4   0 0   1 1   2 2   3 3
57 267 4   0 0   1 1   2 2   3 3
57 207 4   0 0   1 1   2 2   3 3
58 113 4   0 0   1 1   2 2   3 3
58 150 4   0 0   1 1   2 2   3 3
58 185 4   0 0   1 1   2 2   3 3
58 154 4   0 0   1 1   2 2   3 3
58 77 4   0 0   1 1   2 2   3 3
58 175 4   0 0   1 1   2 2   3 3
59 227 4   0 0   1 1   2 2   3 3
59 70 4   0 0   1 1   2 2   3 3
59 215 4   0 0   1 1   2 2   3 3
60 100 4   0 0   1 1   2 2   3 3
60 104 4   0 0   1 1   2 2   3 3
60 105 4   0 0   1 1   2 2   3 3
60 94 4   0 0   1 1   2 2   3 3
60 158 4   0 0   1 1   2 2   3 3
60 271 4   0 0   1 1   2 2   3 3
61 240 4   0 0   1 1   2 2   3 3
61 70 4   0 0   1 1   2 2   3 3
62 84 4   0 0   1 1   2 2   3 3
62 167 4   0 0   1 1   2 2   3 3
62 269 4   0 0   1 1   2 2   3 3
62 159 4   0 0   1 1   2 2   3 3
63 209 4   0 0   1 1   2 2   3 3
63 257 4   0 0   1 1   2 2   3 3
63 180 4   0 0   1 1   2 2   3 3
63 198 4   0 0   1 1   2 2   3 3
63 71 4   0 0   1 1   2 2   3 3
64 211 4   0 0   1 1   2 2   3 3
64 137 4   0 0   1 1   2 2   3 3
64 204 4   0 0   1 1   2 2   3 3
65 162 4   0 0   1 1   2 2   3 3
65 66 4   0 0   1 1   2 2   3 3
65 230 4   0 0   1 1   2 2   3 3
65 222 4   0 0   1 1   2 2   3 3
66 193 4   0 0   1 1   2 2   3 3
66 162 4   0 0   1 1   2 2   3 3
67 96 4   0 0   1 1   2 2   3 3
67 210 4   0 0   1 1   2 2   3 3
67 274 4   0 0   1 1   2 2   3 3
67 116 4   0 0   1 1   2 2   3 3
67 188 4   0 0   1 1   2 2   3 3
67 78 4   0 0   1 1   2 2   3 3
67 143 4   0 0   1 1   2 2   3 3
67 255 4   0 0   1 1   2 2   3 3
68 99 4   0 0   1 1   2 2   3 3
68 213 4   0 0   1 1   2 2   3 3
68 134 4   0 0   1 1   2 2   3 3
68 172 4   0 0   1 1   2 2   3 3
69 103 4   0 0   1 1   2 2   3 3
69 120 4   0 0   1 1   2 2   3 3
69 250 4   0 0   1 1   2 2   3 3
70 224 4   0 0   1 1   2 2   3 3
70 240 4   0 0   1 1   2 2   3 3
70 83 4   0 0   1 1   2 2   3 3
70 215 4   0 0   1 1   2 2   3 3
70 168 4   0 0   1 1   2 2   3 3
71 209 4   0 0   1 1   2 2   3 3
71 98 4   0 0   1 1   2 2   3 3
71 179 4   0 0   1 1   2 2   3 3
71 198 4   0 0   1 1   2 2   3 3
71 200 4   0 0   1 1   2 2   3 3
71 170 4   0 0   1 1   2 2   3 3
71 127 4   0 0   1 1   2 2   3 3
72 225 4   0 0   1 1   2 2   3 3
72 133 4   0 0   1 1   2 2   3 3
72 85 4   0 0   1 1   2 2   3 3
72 247 4   0 0   1 1   2 2   3 3
72 89 4   0 0   1 1   2 2   3 3
73 256 4   0 0   1 1   2 2   3 3
73 101 4   0 0   1 1   2 2   3 3
73 203 4   0 0   1 1   2 2   3 3
74 81 4   0 0   1 1   2 2   3 3
74 229 4   0 0   1 1   2 2   3 3
74 201 4   0 0   1 1   2 2   3 3
74 76 4   0 0   1 1   2 2   3 3
74 157 4   0 0   1 1   2 2   3 3
75 144 4   0 0   1 1   2 2   3 3
75 264 4   0 0   1 1   2 2   3 3
75 250 4   0 0   1 1   2 2   3 3
75 90 4   0 0   1 1   2 2   3 3
75 174 4   0 0   1 1   2 2   3 3
75 270 4   0 0   1 1   2 2   3 3
76 81 4   0 0   1 1   2 2   3 3
76 258 4   0 0   1 1   2 2   3 3
76 87 4   0 0   1 1   2 2   3 3
76 216 4   0 0   1 1   2 2   3 3
76 157 4   0 0   1 1   2 2   3 3
77 97 4   0 0   1 1   2 2   3 3
77 265 4   0 0   1 1   2 2   3 3
77 154 4   0 0   1 1   2 2   3 3
77 175 4   0 0   1 1   2 2   3 3
78 210 4   0 0   1 1   2 2   3 3
78 84 4   0 0   1 1   2 2   3 3
78 102 4   0 0   1 1   2 2   3 3
78 167 4   0 0   1 1   2 2   3 3
78 122 4   0 0   1 1   2 2   3 3
78 143 4   0 0   1 1   2 2   3 3
79 261 4   0 0   1 1   2 2   3 3
79 184 4   0 0   1 1   2 2   3 3
79 138 4   0 0   1 1   2 2   3 3
80 85 4   0 0   1 1   2 2   3 3
80 247 4   0 0   1 1   2 2   3 3
80 189 4   0 0   1 1   2 2   3 3
81 216 4   0 0   1 1   2 2   3 3
81 201 4   0 0   1 1   2 2   3 3
82 208 4   0 0   1 1   2 2   3 3
82 130 4   0 0   1 1   2 2   3 3
82 211 4   0 0   1 1   2 2   3 3
82 136 4   0 0   1 1   2 2   3 3
82 186 4   0 0   1 1   2 2   3 3
82 251 4   0 0   1 1   2 2   3 3
83 240 4   0 0   1 1   2 2   3 3
83 168 4   0 0   1 1   2 2   3 3
83 93 4   0 0   1 1   2 2   3 3
84 167 4   0 0   1 1   2 2   3 3
85 247 4   0 0   1 1   2 2   3 3
86 162 4   0 0   1 1   2 2   3 3
86 259 4   0 0   1 1   2 2   3 3
86 229 4   0 0   1 1   2 2   3 3
86 197 4   0 0   1 1   2 2   3 3
86 201 4   0 0   1 1   2 2   3 3
86 266 4   0 0   1 1   2 2   3 3
86 139 4   0 0   1 1   2 2   3 3
87 258 4   0 0   1 1   2 2   3 3
87 163 4   0 0   1 1   2 2   3 3
87 264 4   0 0   1 1   2 2   3 3
87 216 4   0 0   1 1   2 2   3 3
87 233 4   0 0   1 1   2 2   3 3
87 90 4   0 0   1 1   2 2   3 3
87 123 4   0 0   1 1   2 2   3 3
88 133 4   0 0   1 1   2 2   3 3
88 151 4   0 0   1 1   2 2   3 3
88 247 4   0 0   1 1   2 2   3 3
88 189 4   0 0   1 1   2 2   3 3
89 225 4   0 0   1 1   2 2   3 3
89 115 4   0 0   1 1   2 2   3 3
89 133 4   0 0   1 1   2 2   3 3
90 144 4   0 0   1 1   2 2   3 3
90 212 4   0 0   1 1   2 2   3 3
90 264 4   0 0   1 1   2 2   3 3
90 216 4   0 0   1 1   2 2   3 3
91 97 4   0 0   1 1   2 2   3 3
91 199 4   0 0   1 1   2 2   3 3
91 265 4   0 0   1 1   2 2   3 3
91 153 4   0 0   1 1   2 2   3 3
92 192 4   0 0   1 1   2 2   3 3
92 242 4   0 0   1 1   2 2   3 3
92 213 4   0 0   1 1   2 2   3 3
92 186 4   0 0   1 1   2 2   3 3
92 172 4   0 0   1 1   2 2   3 3
93 129 4   0 0   1 1   2 2   3 3
93 168 4   0 0   1 1   2 2   3 3
94 98 4   0 0   1 1   2 2   3 3
94 100 4   0 0   1 1   2 2   3 3
94 200 4   0 0   1 1   2 2   3 3
94 105 4   0 0   1 1   2 2   3 3
95 272 4   0 0   1 1   2 2   3 3
95 114 4   0 0   1 1   2 2   3 3
95 165 4   0 0   1 1   2 2   3 3
95 246 4   0 0   1 1   2 2   3 3
95 217 4   0 0   1 1   2 2   3 3
95 267 4   0 0   1 1   2 2   3 3
96 241 4   0 0   1 1   2 2   3 3
96 194 4   0 0   1 1   2 2   3 3
96 152 4   0 0   1 1   2 2   3 3
96 188 4   0 0   1 1   2 2   3 3
96 143 4   0 0   1 1   2 2   3 3
97 199 4   0 0   1 1   2 2   3 3
97 169 4   0 0   1 1   2 2   3 3
97 265 4   0 0   1 1   2 2   3 3
97 154 4   0 0   1 1   2 2   3 3
98 209 4   0 0   1 1   2 2   3 3
98 200 4   0 0   1 1   2 2   3 3
98 105 4   0 0   1 1   2 2   3 3
99 134 4   0 0   1 1   2 2   3 3
100 245 4   0 0   1 1   2 2   3 3
100 206 4   0 0   1 1   2 2   3 3
100 158 4   0 0   1 1   2 2   3 3
101 256 4   0 0   1 1   2 2   3 3
101 204 4   0 0   1 1   2 2   3 3
102 152 4   0 0   1 1   2 2   3 3
102 122 4   0 0   1 1   2 2   3 3
103 180 4   0 0   1 1   2 2   3 3
103 250 4   0 0   1 1   2 2   3 3
103 174 4   0 0   1 1   2 2   3 3
104 214 4   0 0   1 1   2 2   3 3
104 158 4   0 0   1 1   2 2   3 3
104 271 4   0 0   1 1   2 2   3 3
105 209 4   0 0   1 1   2 2   3 3
105 249 4   0 0   1 1   2 2   3 3
105 271 4   0 0   1 1   2 2   3 3
106 147 4   0 0   1 1   2 2   3 3
106 249 4   0 0   1 1   2 2   3 3
106 110 4   0 0   1 1   2 2   3 3
107 261 4   0 0   1 1   2 2   3 3
107 245 4   0 0   1 1   2 2   3 3
107 268 4   0 0   1 1   2 2   3 3
107 190 4   0 0   1 1   2 2   3 3
107 206 4   0 0   1 1   2 2   3 3
108 177 4   0 0   1 1   2 2   3 3
108 166 4   0 0   1 1   2 2   3 3
108 230 4   0 0   1 1   2 2   3 3
108 121 4   0 0   1 1   2 2   3 3
108 223 4   0 0   1 1   2 2   3 3
109 113 4   0 0   1 1   2 2   3 3
109 177 4   0 0   1 1   2 2   3 3
109 150 4   0 0   1 1   2 2   3 3
109 223 4   0 0   1 1   2 2   3 3
110 147 4   0 0   1 1   2 2   3 3
111 176 4   0 0   1 1   2 2   3 3
111 219 4   0 0   1 1   2 2   3 3
112 149 4   0 0   1 1   2 2   3 3
112 216 4   0 0   1 1   2 2   3 3
112 201 4   0 0   1 1   2 2   3 3
113 177 4   0 0   1 1   2 2   3 3
113 150 4   0 0   1 1   2 2   3 3
113 175 4   0 0   1 1   2 2   3 3
114 225 4   0 0   1 1   2 2   3 3
114 217 4   0 0   1 1   2 2   3 3
114 267 4   0 0   1 1   2 2   3 3
115 128 4   0 0   1 1   2 2   3 3
115 194 4   0 0   1 1   2 2   3 3
115 133 4   0 0   1 1   2 2   3 3
115 188 4   0 0   1 1   2 2   3 3
116 188 4   0 0   1 1   2 2   3 3
116 255 4   0 0   1 1   2 2   3 3
117 228 4   0 0   1 1   2 2   3 3
117 118 4   0 0   1 1   2 2   3 3
117 246 4   0 0   1 1   2 2   3 3
117 231 4   0 0   1 1   2 2   3 3
117 120 4   0 0   1 1   2 2   3 3
118 228 4   0 0   1 1   2 2   3 3
118 246 4   0 0   1 1   2 2   3 3
118 207 4   0 0   1 1   2 2   3 3
119 179 4   0 0   1 1   2 2   3 3
119 142 4   0 0   1 1   2 2   3 3
120 228 4   0 0   1 1   2 2   3 3
120 231 4   0 0   1 1   2 2   3 3
120 250 4   0 0   1 1   2 2   3 3
121 166 4   0 0   1 1   2 2   3 3
121 230 4   0 0   1 1   2 2   3 3
122 152 4   0 0   1 1   2 2   3 3
122 143 4   0 0   1 1   2 2   3 3
123 258 4   0 0   1 1   2 2   3 3
123 163 4   0 0   1 1   2 2   3 3
123 263 4   0 0   1 1   2 2   3 3
123 202 4   0 0   1 1   2 2   3 3
123 234 4   0 0   1 1   2 2   3 3
124 257 4   0 0   1 1   2 2   3 3
124 180 4   0 0   1 1   2 2   3 3
124 248 4   0 0   1 1   2 2   3 3
124 235 4   0 0   1 1   2 2   3 3
124 207 4   0 0   1 1   2 2   3 3
125 192 4   0 0   1 1   2 2   3 3
126 147 4   0 0   1 1   2 2   3 3
126 214 4   0 0   1 1   2 2   3 3
126 249 4   0 0   1 1   2 2   3 3
126 238 4   0 0   1 1   2 2   3 3
126 271 4   0 0   1 1   2 2   3 3
127 184 4   0 0   1 1   2 2   3 3
127 200 4   0 0   1 1   2 2   3 3
127 138 4   0 0   1 1   2 2   3 3
127 170 4   0 0   1 1   2 2   3 3
128 187 4   0 0   1 1   2 2   3 3
128 188 4   0 0   1 1   2 2   3 3
129 262 4   0 0   1 1   2 2   3 3
129 232 4   0 0   1 1   2 2   3 3
129 168 4   0 0   1 1   2 2   3 3
129 252 4   0 0   1 1   2 2   3 3
130 160 4   0 0   1 1   2 2   3 3
130 136 4   0 0   1 1   2 2   3 3
130 137 4   0 0   1 1   2 2   3 3
131 239 4   0 0   1 1   2 2   3 3
132 232 4   0 0   1 1   2 2   3 3
132 156 4   0 0   1 1   2 2   3 3
133 194 4   0 0   1 1   2 2   3 3
133 151 4   0 0   1 1   2 2   3 3
133 247 4   0 0   1 1   2 2   3 3
134 185 4   0 0   1 1   2 2   3 3
134 172 4   0 0   1 1   2 2   3 3
135 176 4   0 0   1 1   2 2   3 3
135 155 4   0 0   1 1   2 2   3 3
135 221 4   0 0   1 1   2 2   3 3
135 191 4   0 0   1 1   2 2   3 3
136 211 4   0 0   1 1   2 2   3 3
136 137 4   0 0   1 1   2 2   3 3
137 256 4   0 0   1 1   2 2   3 3
137 178 4   0 0   1 1   2 2   3 3
137 147 4   0 0   1 1   2 2   3 3
137 211 4   0 0   1 1   2 2   3 3
137 171 4   0 0   1 1   2 2   3 3
138 261 4   0 0   1 1   2 2   3 3
138 184 4   0 0   1 1   2 2   3 3
138 200 4   0 0   1 1   2 2   3 3
139 197 4   0 0   1 1   2 2   3 3
139 229 4   0 0   1 1   2 2   3 3
140 268 4   0 0   1 1   2 2   3 3
140 190 4   0 0   1 1   2 2   3 3
140 158 4   0 0   1 1   2 2   3 3
141 208 4   0 0   1 1   2 2   3 3
141 161 4   0 0   1 1   2 2   3 3
141 260 4   0 0   1 1   2 2   3 3
142 179 4   0 0   1 1   2 2   3 3
142 198 4   0 0   1 1   2 2   3 3
142 254 4   0 0   1 1   2 2   3 3
142 159 4   0 0   1 1   2 2   3 3
143 152 4   0 0   1 1   2 2   3 3
144 212 4   0 0   1 1   2 2   3 3
144 173 4   0 0   1 1   2 2   3 3
145 241 4   0 0   1 1   2 2   3 3
145 152 4   0 0   1 1   2 2   3 3
145 236 4   0 0   1 1   2 2   3 3
146 273 4   0 0   1 1   2 2   3 3
146 196 4   0 0   1 1   2 2   3 3
146 244 4   0 0   1 1   2 2   3 3
146 217 4   0 0   1 1   2 2   3 3
147 214 4   0 0   1 1   2 2   3 3
147 249 4   0 0   1 1   2 2   3 3
147 171 4   0 0   1 1   2 2   3 3
147 238 4   0 0   1 1   2 2   3 3
148 160 4   0 0   1 1   2 2   3 3
148 182 4   0 0   1 1   2 2   3 3
149 230 4   0 0   1 1   2 2   3 3
149 216 4   0 0   1 1   2 2   3 3
149 222 4   0 0   1 1   2 2   3 3
150 185 4   0 0   1 1   2 2   3 3
151 241 4   0 0   1 1   2 2   3 3
151 194 4   0 0   1 1   2 2   3 3
151 236 4   0 0   1 1   2 2   3 3
151 189 4   0 0   1 1   2 2   3 3
152 241 4   0 0   1 1   2 2   3 3
153 199 4   0 0   1 1   2 2   3 3
153 265 4   0 0   1 1   2 2   3 3
154 185 4   0 0   1 1   2 2   3 3
154 169 4   0 0   1 1   2 2   3 3
155 224 4   0 0   1 1   2 2   3 3
155 176 4   0 0   1 1   2 2   3 3
155 227 4   0 0   1 1   2 2   3 3
155 205 4   0 0   1 1   2 2   3 3
155 191 4   0 0   1 1   2 2   3 3
156 243 4   0 0   1 1   2 2   3 3
156 244 4   0 0   1 1   2 2   3 3
156 232 4   0 0   1 1   2 2   3 3
157 258 4   0 0   1 1   2 2   3 3
158 245 4   0 0   1 1   2 2   3 3
158 268 4   0 0   1 1   2 2   3 3
159 269 4   0 0   1 1   2 2   3 3
159 254 4   0 0   1 1   2 2   3 3
160 182 4   0 0   1 1   2 2   3 3
161 208 4   0 0   1 1   2 2   3 3
161 242 4   0 0   1 1   2 2   3 3
161 213 4   0 0   1 1   2 2   3 3
161 251 4   0 0   1 1   2 2   3 3
162 259 4   0 0   1 1   2 2   3 3
162 220 4   0 0   1 1   2 2   3 3
163 233 4   0 0   1 1   2 2   3 3
163 202 4   0 0   1 1   2 2   3 3
164 205 4   0 0   1 1   2 2   3 3
164 191 4   0 0   1 1   2 2   3 3
165 272 4   0 0   1 1   2 2   3 3
165 246 4   0 0   1 1   2 2   3 3
165 231 4   0 0   1 1   2 2   3 3
165 264 4   0 0   1 1   2 2   3 3
165 253 4   0 0   1 1   2 2   3 3
166 223 4   0 0   1 1   2 2   3 3
167 210 4   0 0   1 1   2 2   3 3
167 269 4   0 0   1 1   2 2   3 3
168 224 4   0 0   1 1   2 2   3 3
169 199 4   0 0   1 1   2 2   3 3
169 185 4   0 0   1 1   2 2   3 3
170 179 4   0 0   1 1   2 2   3 3
170 184 4   0 0   1 1   2 2   3 3
170 239 4   0 0   1 1   2 2   3 3
171 214 4   0 0   1 1   2 2   3 3
171 182 4   0 0   1 1   2 2   3 3
172 192 4   0 0   1 1   2 2   3 3
172 213 4   0 0   1 1   2 2   3 3
173 256 4   0 0   1 1   2 2   3 3
173 178 4   0 0   1 1   2 2   3 3
173 212 4   0 0   1 1   2 2   3 3
173 203 4   0 0   1 1   2 2   3 3
174 250 4   0 0   1 1   2 2   3 3
175 177 4   0 0   1 1   2 2   3 3
176 227 4   0 0   1 1   2 2   3 3
176 219 4   0 0   1 1   2 2   3 3
177 223 4   0 0   1 1   2 2   3 3
178 256 4   0 0   1 1   2 2   3 3
179 198 4   0 0   1 1   2 2   3 3
180 257 4   0 0   1 1   2 2   3 3
180 209 4   0 0   1 1   2 2   3 3
180 249 4   0 0   1 1   2 2   3 3
180 235 4   0 0   1 1   2 2   3 3
181 244 4   0 0   1 1   2 2   3 3
181 262 4   0 0   1 1   2 2   3 3
181 218 4   0 0   1 1   2 2   3 3
182 214 4   0 0   1 1   2 2   3 3
183 272 4   0 0   1 1   2 2   3 3
183 264 4   0 0   1 1   2 2   3 3
183 233 4   0 0   1 1   2 2   3 3
183 202 4   0 0   1 1   2 2   3 3
183 237 4   0 0   1 1   2 2   3 3
184 239 4   0 0   1 1   2 2   3 3
186 192 4   0 0   1 1   2 2   3 3
186 242 4   0 0   1 1   2 2   3 3
186 251 4   0 0   1 1   2 2   3 3
187 248 4   0 0   1 1   2 2   3 3
187 267 4   0 0   1 1   2 2   3 3
187 207 4   0 0   1 1   2 2   3 3
188 194 4   0 0   1 1   2 2   3 3
189 247 4   0 0   1 1   2 2   3 3
189 236 4   0 0   1 1   2 2   3 3
190 268 4   0 0   1 1   2 2   3 3
191 205 4   0 0   1 1   2 2   3 3
191 221 4   0 0   1 1   2 2   3 3
194 241 4   0 0   1 1   2 2   3 3
195 226 4   0 0   1 1   2 2   3 3
195 248 4   0 0   1 1   2 2   3 3
195 254 4   0 0   1 1   2 2   3 3
195 255 4   0 0   1 1   2 2   3 3
196 273 4   0 0   1 1   2 2   3 3
196 217 4   0 0   1 1   2 2   3 3
196 218 4   0 0   1 1   2 2   3 3
196 237 4   0 0   1 1   2 2   3 3
197 229 4   0 0   1 1   2 2   3 3
197 219 4   0 0   1 1   2 2   3 3
197 221 4   0 0   1 1   2 2   3 3
198 254 4   0 0   1 1   2 2   3 3
201 216 4   0 0   1 1   2 2   3 3
202 233 4   0 0   1 1   2 2   3 3
203 256 4   0 0   1 1   2 2   3 3
203 212 4   0 0   1 1   2 2   3 3
205 224 4   0 0   1 1   2 2   3 3
206 245 4   0 0   1 1   2 2   3 3
207 228 4   0 0   1 1   2 2   3 3
207 248 4   0 0   1 1   2 2   3 3
207 235 4   0 0   1 1   2 2   3 3
208 260 4   0 0   1 1   2 2   3 3
208 251 4   0 0   1 1   2 2   3 3
209 249 4   0 0   1 1   2 2   3 3
210 274 4   0 0   1 1   2 2   3 3
210 269 4   0 0   1 1   2 2   3 3
212 216 4   0 0   1 1   2 2   3 3
213 242 4   0 0   1 1   2 2   3 3
214 238 4   0 0   1 1   2 2   3 3
214 271 4   0 0   1 1   2 2   3 3
215 227 4   0 0   1 1   2 2   3 3
217 225 4   0 0   1 1   2 2   3 3
218 273 4   0 0   1 1   2 2   3 3
218 244 4   0 0   1 1   2 2   3 3
218 234 4   0 0   1 1   2 2   3 3
218 237 4   0 0   1 1   2 2   3 3
219 221 4   0 0   1 1   2 2   3 3
222 230 4   0 0   1 1   2 2   3 3
224 227 4   0 0   1 1   2 2   3 3
226 248 4   0 0   1 1   2 2   3 3
226 255 4   0 0   1 1   2 2   3 3
231 246 4   0 0   1 1   2 2   3 3
231 250 4   0 0   1 1   2 2   3 3
231 253 4   0 0   1 1   2 2   3 3
231 270 4   0 0   1 1   2 2   3 3
232 262 4   0 0   1 1   2 2   3 3
233 264 4   0 0   1 1   2 2   3 3
234 263 4   0 0   1 1   2 2   3 3
234 252 4   0 0   1 1   2 2   3 3
234 237 4   0 0   1 1   2 2   3 3
236 241 4   0 0   1 1   2 2   3 3
237 272 4   0 0   1 1   2 2   3 3
242 251 4   0 0   1 1   2 2   3 3
243 244 4   0 0   1 1   2 2   3 3
244 273 4   0 0   1 1   2 2   3 3
245 268 4   0 0   1 1   2 2   3 3
246 267 4   0 0   1 1   2 2   3 3
249 271 4   0 0   1 1   2 2   3 3
250 270 4   0 0   1 1   2 2   3 3
252 262 4   0 0   1 1   2 2   3 3
253 264 4   0 0   1 1   2 2   3 3
253 270 4   0 0   1 1   2 2   3 3
254 274 4   0 0   1 1   2 2   3 3
254 269 4   0 0   1 1   2 2   3 3
254 255 4   0 0   1 1   2 2   3 3
255 274 4   0 0   1 1   2 2   3 3
258 263 4   0 0   1 1   2 2   3 3
259 266 4   0 0   1 1   2 2   3 3
264 272 4   0 0   1 1   2 2   3 3
264 270 4   0 0   1 1   2 2   3 3
269 274 4   0 0   1 1   2 2   3 3
