247
1 4 0 1 2 3
2 4 0 1 2 3
3 4 0 1 2 3
4 4 0 1 2 3
5 4 0 1 2 3
6 4 0 1 2 3
7 4 0 1 2 3
8 4 0 1 2 3
9 4 0 1 2 3
10 4 0 1 2 3
11 4 0 1 2 3
12 4 0 1 2 3
13 4 0 1 2 3
14 4 0 1 2 3
15 4 0 1 2 3
16 4 0 1 2 3
17 4 0 1 2 3
18 4 0 1 2 3
19 4 0 1 2 3
20 4 0 1 2 3
21 4 0 1 2 3
22 4 0 1 2 3
23 4 0 1 2 3
24 4 0 1 2 3
25 4 0 1 2 3
26 4 0 1 2 3
27 4 0 1 2 3
28 4 0 1 2 3
29 4 0 1 2 3
30 4 0 1 2 3
31 4 0 1 2 3
32 4 0 1 2 3
33 4 0 1 2 3
34 4 0 1 2 3
35 4 0 1 2 3
36 4 0 1 2 3
37 4 0 1 2 3
38 4 0 1 2 3
39 4 0 1 2 3
40 4 0 1 2 3
41 4 0 1 2 3
42 4 0 1 2 3
43 4 0 1 2 3
44 4 0 1 2 3
45 4 0 1 2 3
46 4 0 1 2 3
47 4 0 1 2 3
48 4 0 1 2 3
49 4 0 1 2 3
50 4 0 1 2 3
51 4 0 1 2 3
52 4 0 1 2 3
53 4 0 1 2 3
54 4 0 1 2 3
55 4 0 1 2 3
56 4 0 1 2 3
57 4 0 1 2 3
58 4 0 1 2 3
59 4 0 1 2 3
60 4 0 1 2 3
61 4 0 1 2 3
62 4 0 1 2 3
63 4 0 1 2 3
64 4 0 1 2 3
65 4 0 1 2 3
66 4 0 1 2 3
67 4 0 1 2 3
68 4 0 1 2 3
69 4 0 1 2 3
70 4 0 1 2 3
71 4 0 1 2 3
72 4 0 1 2 3
73 4 0 1 2 3
74 4 0 1 2 3
75 4 0 1 2 3
76 4 0 1 2 3
77 4 0 1 2 3
78 4 0 1 2 3
79 4 0 1 2 3
80 4 0 1 2 3
81 4 0 1 2 3
82 4 0 1 2 3
83 4 0 1 2 3
84 4 0 1 2 3
85 4 0 1 2 3
86 4 0 1 2 3
87 4 0 1 2 3
88 4 0 1 2 3
89 4 0 1 2 3
90 4 0 1 2 3
91 4 0 1 2 3
92 4 0 1 2 3
93 4 0 1 2 3
94 4 0 1 2 3
95 4 0 1 2 3
96 4 0 1 2 3
97 4 0 1 2 3
98 4 0 1 2 3
99 4 0 1 2 3
100 4 0 1 2 3
101 4 0 1 2 3
102 4 0 1 2 3
103 4 0 1 2 3
104 4 0 1 2 3
105 4 0 1 2 3
106 4 0 1 2 3
107 4 0 1 2 3
108 4 0 1 2 3
109 4 0 1 2 3
110 4 0 1 2 3
111 4 0 1 2 3
112 4 0 1 2 3
113 4 0 1 2 3
114 4 0 1 2 3
115 4 0 1 2 3
116 4 0 1 2 3
117 4 0 1 2 3
118 4 0 1 2 3
119 4 0 1 2 3
120 4 0 1 2 3
121 4 0 1 2 3
122 4 0 1 2 3
123 4 0 1 2 3
124 4 0 1 2 3
125 4 0 1 2 3
126 4 0 1 2 3
127 4 0 1 2 3
128 4 0 1 2 3
129 4 0 1 2 3
130 4 0 1 2 3
131 4 0 1 2 3
132 4 0 1 2 3
133 4 0 1 2 3
134 4 0 1 2 3
135 4 0 1 2 3
136 4 0 1 2 3
137 4 0 1 2 3
138 4 0 1 2 3
139 4 0 1 2 3
140 4 0 1 2 3
141 4 0 1 2 3
142 4 0 1 2 3
143 4 0 1 2 3
144 4 0 1 2 3
145 4 0 1 2 3
146 4 0 1 2 3
147 4 0 1 2 3
148 4 0 1 2 3
149 4 0 1 2 3
150 4 0 1 2 3
151 4 0 1 2 3
152 4 0 1 2 3
153 4 0 1 2 3
154 4 0 1 2 3
155 4 0 1 2 3
156 4 0 1 2 3
157 4 0 1 2 3
158 4 0 1 2 3
159 4 0 1 2 3
160 4 0 1 2 3
161 4 0 1 2 3
162 4 0 1 2 3
163 4 0 1 2 3
164 4 0 1 2 3
165 4 0 1 2 3
166 4 0 1 2 3
167 4 0 1 2 3
168 4 0 1 2 3
169 4 0 1 2 3
170 4 0 1 2 3
171 4 0 1 2 3
172 4 0 1 2 3
173 4 0 1 2 3
174 4 0 1 2 3
175 4 0 1 2 3
176 4 0 1 2 3
177 4 0 1 2 3
178 4 0 1 2 3
179 4 0 1 2 3
180 4 0 1 2 3
181 4 0 1 2 3
182 4 0 1 2 3
183 4 0 1 2 3
184 4 0 1 2 3
185 4 0 1 2 3
186 4 0 1 2 3
187 4 0 1 2 3
188 4 0 1 2 3
189 4 0 1 2 3
190 4 0 1 2 3
191 4 0 1 2 3
192 4 0 1 2 3
193 4 0 1 2 3
194 4 0 1 2 3
195 4 0 1 2 3
196 4 0 1 2 3
197 4 0 1 2 3
198 4 0 1 2 3
199 4 0 1 2 3
200 4 0 1 2 3
201 4 0 1 2 3
202 4 0 1 2 3
203 4 0 1 2 3
204 4 0 1 2 3
205 4 0 1 2 3
206 4 0 1 2 3
207 4 0 1 2 3
208 4 0 1 2 3
209 4 0 1 2 3
210 4 0 1 2 3
211 4 0 1 2 3
212 4 0 1 2 3
213 4 0 1 2 3
214 4 0 1 2 3
215 4 0 1 2 3
216 4 0 1 2 3
217 4 0 1 2 3
218 4 0 1 2 3
219 4 0 1 2 3
220 4 0 1 2 3
221 4 0 1 2 3
222 4 0 1 2 3
223 4 0 1 2 3
224 4 0 1 2 3
225 4 0 1 2 3
226 4 0 1 2 3
227 4 0 1 2 3
228 4 0 1 2 3
229 4 0 1 2 3
230 4 0 1 2 3
231 4 0 1 2 3
232 4 0 1 2 3
233 4 0 1 2 3
234 4 0 1 2 3
235 4 0 1 2 3
236 4 0 1 2 3
237 4 0 1 2 3
238 4 0 1 2 3
239 4 0 1 2 3
240 4 0 1 2 3
241 4 0 1 2 3
242 4 0 1 2 3
243 4 0 1 2 3
244 4 0 1 2 3
245 4 0 1 2 3
246 4 0 1 2 3
247 4 0 1 2 3
679
1 196 4   0 0   1 1   2 2   3 3
1 159 4   0 0   1 1   2 2   3 3
2 164 4   0 0   1 1   2 2   3 3
2 152 4   0 0   1 1   2 2   3 3
2 219 4   0 0   1 1   2 2   3 3
2 220 4   0 0   1 1   2 2   3 3
2 125 4   0 0   1 1   2 2   3 3
3 101 4   0 0   1 1   2 2   3 3
3 73 4   0 0   1 1   2 2   3 3
3 217 4   0 0   1 1   2 2   3 3
3 174 4   0 0   1 1   2 2   3 3
3 127 4   0 0   1 1   2 2   3 3
4 192 4   0 0   1 1   2 2   3 3
4 81 4   0 0   1 1   2 2   3 3
4 130 4   0 0   1 1   2 2   3 3
4 229 4   0 0   1 1   2 2   3 3
4 246 4   0 0   1 1   2 2   3 3
4 74 4   0 0   1 1   2 2   3 3
4 14 4   0 0   1 1   2 2   3 3
4 126 4   0 0   1 1   2 2   3 3
5 181 4   0 0   1 1   2 2   3 3
5 215 4   0 0   1 1   2 2   3 3
5 169 4   0 0   1 1   2 2   3 3
5 90 4   0 0   1 1   2 2   3 3
5 155 4   0 0   1 1   2 2   3 3
5 46 4   0 0   1 1   2 2   3 3
6 128 4   0 0   1 1   2 2   3 3
6 240 4   0 0   1 1   2 2   3 3
6 16 4   0 0   1 1   2 2   3 3
6 116 4   0 0   1 1   2 2   3 3
6 213 4   0 0   1 1   2 2   3 3
6 31 4   0 0   1 1   2 2   3 3
7 160 4   0 0   1 1   2 2   3 3
7 224 4   0 0   1 1   2 2   3 3
7 132 4   0 0   1 1   2 2   3 3
7 180 4   0 0   1 1   2 2   3 3
7 197 4   0 0   1 1   2 2   3 3
7 102 4   0 0   1 1   2 2   3 3
8 42 4   0 0   1 1   2 2   3 3
8 11 4   0 0   1 1   2 2   3 3
8 140 4   0 0   1 1   2 2   3 3
8 12 4   0 0   1 1   2 2   3 3
8 109 4   0 0   1 1   2 2   3 3
9 64 4   0 0   1 1   2 2   3 3
9 84 4   0 0   1 1   2 2   3 3
9 134 4   0 0   1 1   2 2   3 3
9 167 4   0 0   1 1   2 2   3 3
10 209 4   0 0   1 1   2 2   3 3
10 114 4   0 0   1 1   2 2   3 3
10 163 4   0 0   1 1   2 2   3 3
10 198 4   0 0   1 1   2 2   3 3
10 86 4   0 0   1 1   2 2   3 3
10 23 4   0 0   1 1   2 2   3 3
10 199 4   0 0   1 1   2 2   3 3
10 207 4   0 0   1 1   2 2   3 3
11 176 4   0 0   1 1   2 2   3 3
11 67 4   0 0   1 1   2 2   3 3
11 116 4   0 0   1 1   2 2   3 3
11 247 4   0 0   1 1   2 2   3 3
11 140 4   0 0   1 1   2 2   3 3
11 109 4   0 0   1 1   2 2   3 3
12 80 4   0 0   1 1   2 2   3 3
12 147 4   0 0   1 1   2 2   3 3
12 232 4   0 0   1 1   2 2   3 3
12 42 4   0 0   1 1   2 2   3 3
12 140 4   0 0   1 1   2 2   3 3
13 226 4   0 0   1 1   2 2   3 3
13 83 4   0 0   1 1   2 2   3 3
13 246 4   0 0   1 1   2 2   3 3
13 126 4   0 0   1 1   2 2   3 3
13 62 4   0 0   1 1   2 2   3 3
14 192 4   0 0   1 1   2 2   3 3
15 144 4   0 0   1 1   2 2   3 3
15 145 4   0 0   1 1   2 2   3 3
15 227 4   0 0   1 1   2 2   3 3
15 230 4   0 0   1 1   2 2   3 3
15 201 4   0 0   1 1   2 2   3 3
15 173 4   0 0   1 1   2 2   3 3
15 221 4   0 0   1 1   2 2   3 3
16 240 4   0 0   1 1   2 2   3 3
16 243 4   0 0   1 1   2 2   3 3
16 116 4   0 0   1 1   2 2   3 3
16 247 4   0 0   1 1   2 2   3 3
17 225 4   0 0   1 1   2 2   3 3
17 98 4   0 0   1 1   2 2   3 3
17 183 4   0 0   1 1   2 2   3 3
17 78 4   0 0   1 1   2 2   3 3
17 206 4   0 0   1 1   2 2   3 3
18 97 4   0 0   1 1   2 2   3 3
18 119 4   0 0   1 1   2 2   3 3
18 41 4   0 0   1 1   2 2   3 3
18 171 4   0 0   1 1   2 2   3 3
18 92 4   0 0   1 1   2 2   3 3
18 29 4   0 0   1 1   2 2   3 3
19 33 4   0 0   1 1   2 2   3 3
19 194 4   0 0   1 1   2 2   3 3
19 103 4   0 0   1 1   2 2   3 3
19 74 4   0 0   1 1   2 2   3 3
19 222 4   0 0   1 1   2 2   3 3
20 132 4   0 0   1 1   2 2   3 3
20 134 4   0 0   1 1   2 2   3 3
20 102 4   0 0   1 1   2 2   3 3
20 40 4   0 0   1 1   2 2   3 3
20 136 4   0 0   1 1   2 2   3 3
20 88 4   0 0   1 1   2 2   3 3
20 158 4   0 0   1 1   2 2   3 3
21 211 4   0 0   1 1   2 2   3 3
21 182 4   0 0   1 1   2 2   3 3
21 26 4   0 0   1 1   2 2   3 3
21 234 4   0 0   1 1   2 2   3 3
21 143 4   0 0   1 1   2 2   3 3
22 241 4   0 0   1 1   2 2   3 3
22 163 4   0 0   1 1   2 2   3 3
22 86 4   0 0   1 1   2 2   3 3
22 77 4   0 0   1 1   2 2   3 3
22 239 4   0 0   1 1   2 2   3 3
23 114 4   0 0   1 1   2 2   3 3
23 164 4   0 0   1 1   2 2   3 3
23 53 4   0 0   1 1   2 2   3 3
23 191 4   0 0   1 1   2 2   3 3
23 207 4   0 0   1 1   2 2   3 3
24 225 4   0 0   1 1   2 2   3 3
24 91 4   0 0   1 1   2 2   3 3
24 107 4   0 0   1 1   2 2   3 3
24 157 4   0 0   1 1   2 2   3 3
25 146 4   0 0   1 1   2 2   3 3
25 67 4   0 0   1 1   2 2   3 3
25 101 4   0 0   1 1   2 2   3 3
25 72 4   0 0   1 1   2 2   3 3
25 187 4   0 0   1 1   2 2   3 3
25 140 4   0 0   1 1   2 2   3 3
25 188 4   0 0   1 1   2 2   3 3
26 115 4   0 0   1 1   2 2   3 3
26 75 4   0 0   1 1   2 2   3 3
26 143 4   0 0   1 1   2 2   3 3
27 51 4   0 0   1 1   2 2   3 3
27 228 4   0 0   1 1   2 2   3 3
27 213 4   0 0   1 1   2 2   3 3
27 122 4   0 0   1 1   2 2   3 3
28 210 4   0 0   1 1   2 2   3 3
28 227 4   0 0   1 1   2 2   3 3
28 148 4   0 0   1 1   2 2   3 3
28 133 4   0 0   1 1   2 2   3 3
28 121 4   0 0   1 1   2 2   3 3
28 188 4   0 0   1 1   2 2   3 3
28 221 4   0 0   1 1   2 2   3 3
29 83 4   0 0   1 1   2 2   3 3
29 119 4   0 0   1 1   2 2   3 3
29 56 4   0 0   1 1   2 2   3 3
29 92 4   0 0   1 1   2 2   3 3
29 61 4   0 0   1 1   2 2   3 3
29 175 4   0 0   1 1   2 2   3 3
30 112 4   0 0   1 1   2 2   3 3
30 149 4   0 0   1 1   2 2   3 3
30 105 4   0 0   1 1   2 2   3 3
30 137 4   0 0   1 1   2 2   3 3
30 202 4   0 0   1 1   2 2   3 3
30 189 4   0 0   1 1   2 2   3 3
31 128 4   0 0   1 1   2 2   3 3
31 240 4   0 0   1 1   2 2   3 3
31 195 4   0 0   1 1   2 2   3 3
31 52 4   0 0   1 1   2 2   3 3
31 151 4   0 0   1 1   2 2   3 3
32 160 4   0 0   1 1   2 2   3 3
32 82 4   0 0   1 1   2 2   3 3
32 180 4   0 0   1 1   2 2   3 3
32 216 4   0 0   1 1   2 2   3 3
32 120 4   0 0   1 1   2 2   3 3
33 226 4   0 0   1 1   2 2   3 3
33 103 4   0 0   1 1   2 2   3 3
33 74 4   0 0   1 1   2 2   3 3
33 60 4   0 0   1 1   2 2   3 3
33 126 4   0 0   1 1   2 2   3 3
34 73 4   0 0   1 1   2 2   3 3
34 58 4   0 0   1 1   2 2   3 3
34 43 4   0 0   1 1   2 2   3 3
35 96 4   0 0   1 1   2 2   3 3
35 179 4   0 0   1 1   2 2   3 3
35 68 4   0 0   1 1   2 2   3 3
35 105 4   0 0   1 1   2 2   3 3
35 106 4   0 0   1 1   2 2   3 3
35 204 4   0 0   1 1   2 2   3 3
36 195 4   0 0   1 1   2 2   3 3
36 243 4   0 0   1 1   2 2   3 3
36 52 4   0 0   1 1   2 2   3 3
36 100 4   0 0   1 1   2 2   3 3
36 110 4   0 0   1 1   2 2   3 3
37 208 4   0 0   1 1   2 2   3 3
37 97 4   0 0   1 1   2 2   3 3
37 41 4   0 0   1 1   2 2   3 3
37 44 4   0 0   1 1   2 2   3 3
38 131 4   0 0   1 1   2 2   3 3
38 233 4   0 0   1 1   2 2   3 3
38 203 4   0 0   1 1   2 2   3 3
38 94 4   0 0   1 1   2 2   3 3
38 111 4   0 0   1 1   2 2   3 3
39 241 4   0 0   1 1   2 2   3 3
39 162 4   0 0   1 1   2 2   3 3
39 245 4   0 0   1 1   2 2   3 3
39 135 4   0 0   1 1   2 2   3 3
39 61 4   0 0   1 1   2 2   3 3
39 239 4   0 0   1 1   2 2   3 3
40 54 4   0 0   1 1   2 2   3 3
40 134 4   0 0   1 1   2 2   3 3
40 104 4   0 0   1 1   2 2   3 3
41 97 4   0 0   1 1   2 2   3 3
41 119 4   0 0   1 1   2 2   3 3
41 44 4   0 0   1 1   2 2   3 3
41 142 4   0 0   1 1   2 2   3 3
41 175 4   0 0   1 1   2 2   3 3
42 131 4   0 0   1 1   2 2   3 3
42 232 4   0 0   1 1   2 2   3 3
42 139 4   0 0   1 1   2 2   3 3
42 94 4   0 0   1 1   2 2   3 3
43 98 4   0 0   1 1   2 2   3 3
43 99 4   0 0   1 1   2 2   3 3
43 196 4   0 0   1 1   2 2   3 3
43 217 4   0 0   1 1   2 2   3 3
43 73 4   0 0   1 1   2 2   3 3
43 58 4   0 0   1 1   2 2   3 3
43 107 4   0 0   1 1   2 2   3 3
43 159 4   0 0   1 1   2 2   3 3
44 208 4   0 0   1 1   2 2   3 3
44 142 4   0 0   1 1   2 2   3 3
45 194 4   0 0   1 1   2 2   3 3
45 231 4   0 0   1 1   2 2   3 3
45 185 4   0 0   1 1   2 2   3 3
45 202 4   0 0   1 1   2 2   3 3
45 222 4   0 0   1 1   2 2   3 3
46 242 4   0 0   1 1   2 2   3 3
46 117 4   0 0   1 1   2 2   3 3
46 166 4   0 0   1 1   2 2   3 3
46 215 4   0 0   1 1   2 2   3 3
46 155 4   0 0   1 1   2 2   3 3
46 76 4   0 0   1 1   2 2   3 3
46 205 4   0 0   1 1   2 2   3 3
47 48 4   0 0   1 1   2 2   3 3
47 68 4   0 0   1 1   2 2   3 3
47 69 4   0 0   1 1   2 2   3 3
47 149 4   0 0   1 1   2 2   3 3
47 71 4   0 0   1 1   2 2   3 3
47 137 4   0 0   1 1   2 2   3 3
47 138 4   0 0   1 1   2 2   3 3
47 79 4   0 0   1 1   2 2   3 3
48 50 4   0 0   1 1   2 2   3 3
48 68 4   0 0   1 1   2 2   3 3
48 71 4   0 0   1 1   2 2   3 3
48 123 4   0 0   1 1   2 2   3 3
49 113 4   0 0   1 1   2 2   3 3
49 152 4   0 0   1 1   2 2   3 3
49 58 4   0 0   1 1   2 2   3 3
49 219 4   0 0   1 1   2 2   3 3
49 127 4   0 0   1 1   2 2   3 3
49 95 4   0 0   1 1   2 2   3 3
50 179 4   0 0   1 1   2 2   3 3
50 68 4   0 0   1 1   2 2   3 3
50 186 4   0 0   1 1   2 2   3 3
50 170 4   0 0   1 1   2 2   3 3
50 123 4   0 0   1 1   2 2   3 3
51 228 4   0 0   1 1   2 2   3 3
51 196 4   0 0   1 1   2 2   3 3
51 122 4   0 0   1 1   2 2   3 3
51 91 4   0 0   1 1   2 2   3 3
51 107 4   0 0   1 1   2 2   3 3
51 159 4   0 0   1 1   2 2   3 3
52 240 4   0 0   1 1   2 2   3 3
52 195 4   0 0   1 1   2 2   3 3
52 243 4   0 0   1 1   2 2   3 3
53 164 4   0 0   1 1   2 2   3 3
53 106 4   0 0   1 1   2 2   3 3
53 204 4   0 0   1 1   2 2   3 3
53 220 4   0 0   1 1   2 2   3 3
53 78 4   0 0   1 1   2 2   3 3
53 206 4   0 0   1 1   2 2   3 3
53 191 4   0 0   1 1   2 2   3 3
54 64 4   0 0   1 1   2 2   3 3
54 134 4   0 0   1 1   2 2   3 3
54 104 4   0 0   1 1   2 2   3 3
54 172 4   0 0   1 1   2 2   3 3
55 225 4   0 0   1 1   2 2   3 3
55 179 4   0 0   1 1   2 2   3 3
55 183 4   0 0   1 1   2 2   3 3
55 57 4   0 0   1 1   2 2   3 3
55 157 4   0 0   1 1   2 2   3 3
56 117 4   0 0   1 1   2 2   3 3
56 168 4   0 0   1 1   2 2   3 3
56 92 4   0 0   1 1   2 2   3 3
56 61 4   0 0   1 1   2 2   3 3
56 205 4   0 0   1 1   2 2   3 3
57 179 4   0 0   1 1   2 2   3 3
57 182 4   0 0   1 1   2 2   3 3
57 234 4   0 0   1 1   2 2   3 3
57 157 4   0 0   1 1   2 2   3 3
58 98 4   0 0   1 1   2 2   3 3
58 73 4   0 0   1 1   2 2   3 3
58 219 4   0 0   1 1   2 2   3 3
58 220 4   0 0   1 1   2 2   3 3
58 127 4   0 0   1 1   2 2   3 3
59 115 4   0 0   1 1   2 2   3 3
59 71 4   0 0   1 1   2 2   3 3
59 75 4   0 0   1 1   2 2   3 3
59 238 4   0 0   1 1   2 2   3 3
60 209 4   0 0   1 1   2 2   3 3
60 226 4   0 0   1 1   2 2   3 3
60 231 4   0 0   1 1   2 2   3 3
60 199 4   0 0   1 1   2 2   3 3
60 103 4   0 0   1 1   2 2   3 3
60 77 4   0 0   1 1   2 2   3 3
60 222 4   0 0   1 1   2 2   3 3
61 162 4   0 0   1 1   2 2   3 3
61 83 4   0 0   1 1   2 2   3 3
61 245 4   0 0   1 1   2 2   3 3
61 117 4   0 0   1 1   2 2   3 3
62 241 4   0 0   1 1   2 2   3 3
62 226 4   0 0   1 1   2 2   3 3
62 162 4   0 0   1 1   2 2   3 3
62 83 4   0 0   1 1   2 2   3 3
63 161 4   0 0   1 1   2 2   3 3
63 177 4   0 0   1 1   2 2   3 3
63 152 4   0 0   1 1   2 2   3 3
63 125 4   0 0   1 1   2 2   3 3
63 95 4   0 0   1 1   2 2   3 3
64 84 4   0 0   1 1   2 2   3 3
64 134 4   0 0   1 1   2 2   3 3
64 172 4   0 0   1 1   2 2   3 3
65 81 4   0 0   1 1   2 2   3 3
65 229 4   0 0   1 1   2 2   3 3
65 156 4   0 0   1 1   2 2   3 3
65 142 4   0 0   1 1   2 2   3 3
65 190 4   0 0   1 1   2 2   3 3
66 80 4   0 0   1 1   2 2   3 3
66 147 4   0 0   1 1   2 2   3 3
66 150 4   0 0   1 1   2 2   3 3
66 87 4   0 0   1 1   2 2   3 3
66 235 4   0 0   1 1   2 2   3 3
67 176 4   0 0   1 1   2 2   3 3
67 146 4   0 0   1 1   2 2   3 3
67 244 4   0 0   1 1   2 2   3 3
67 140 4   0 0   1 1   2 2   3 3
68 96 4   0 0   1 1   2 2   3 3
68 179 4   0 0   1 1   2 2   3 3
68 137 4   0 0   1 1   2 2   3 3
69 149 4   0 0   1 1   2 2   3 3
69 202 4   0 0   1 1   2 2   3 3
69 79 4   0 0   1 1   2 2   3 3
70 113 4   0 0   1 1   2 2   3 3
70 177 4   0 0   1 1   2 2   3 3
70 148 4   0 0   1 1   2 2   3 3
70 121 4   0 0   1 1   2 2   3 3
70 237 4   0 0   1 1   2 2   3 3
70 95 4   0 0   1 1   2 2   3 3
71 75 4   0 0   1 1   2 2   3 3
71 123 4   0 0   1 1   2 2   3 3
71 238 4   0 0   1 1   2 2   3 3
71 79 4   0 0   1 1   2 2   3 3
72 147 4   0 0   1 1   2 2   3 3
72 133 4   0 0   1 1   2 2   3 3
72 85 4   0 0   1 1   2 2   3 3
72 187 4   0 0   1 1   2 2   3 3
72 140 4   0 0   1 1   2 2   3 3
73 217 4   0 0   1 1   2 2   3 3
73 127 4   0 0   1 1   2 2   3 3
74 126 4   0 0   1 1   2 2   3 3
75 115 4   0 0   1 1   2 2   3 3
75 123 4   0 0   1 1   2 2   3 3
75 143 4   0 0   1 1   2 2   3 3
76 178 4   0 0   1 1   2 2   3 3
76 242 4   0 0   1 1   2 2   3 3
76 153 4   0 0   1 1   2 2   3 3
76 154 4   0 0   1 1   2 2   3 3
76 108 4   0 0   1 1   2 2   3 3
76 205 4   0 0   1 1   2 2   3 3
77 241 4   0 0   1 1   2 2   3 3
77 226 4   0 0   1 1   2 2   3 3
77 86 4   0 0   1 1   2 2   3 3
77 199 4   0 0   1 1   2 2   3 3
78 183 4   0 0   1 1   2 2   3 3
78 106 4   0 0   1 1   2 2   3 3
78 206 4   0 0   1 1   2 2   3 3
79 238 4   0 0   1 1   2 2   3 3
80 147 4   0 0   1 1   2 2   3 3
80 87 4   0 0   1 1   2 2   3 3
80 232 4   0 0   1 1   2 2   3 3
80 139 4   0 0   1 1   2 2   3 3
81 130 4   0 0   1 1   2 2   3 3
81 229 4   0 0   1 1   2 2   3 3
81 190 4   0 0   1 1   2 2   3 3
82 216 4   0 0   1 1   2 2   3 3
82 120 4   0 0   1 1   2 2   3 3
82 200 4   0 0   1 1   2 2   3 3
82 169 4   0 0   1 1   2 2   3 3
82 155 4   0 0   1 1   2 2   3 3
83 162 4   0 0   1 1   2 2   3 3
83 229 4   0 0   1 1   2 2   3 3
83 246 4   0 0   1 1   2 2   3 3
83 142 4   0 0   1 1   2 2   3 3
83 175 4   0 0   1 1   2 2   3 3
84 167 4   0 0   1 1   2 2   3 3
84 136 4   0 0   1 1   2 2   3 3
84 90 4   0 0   1 1   2 2   3 3
84 172 4   0 0   1 1   2 2   3 3
84 141 4   0 0   1 1   2 2   3 3
85 210 4   0 0   1 1   2 2   3 3
85 147 4   0 0   1 1   2 2   3 3
85 133 4   0 0   1 1   2 2   3 3
85 90 4   0 0   1 1   2 2   3 3
85 235 4   0 0   1 1   2 2   3 3
86 163 4   0 0   1 1   2 2   3 3
86 199 4   0 0   1 1   2 2   3 3
87 118 4   0 0   1 1   2 2   3 3
87 150 4   0 0   1 1   2 2   3 3
87 104 4   0 0   1 1   2 2   3 3
87 139 4   0 0   1 1   2 2   3 3
87 172 4   0 0   1 1   2 2   3 3
88 132 4   0 0   1 1   2 2   3 3
88 136 4   0 0   1 1   2 2   3 3
88 223 4   0 0   1 1   2 2   3 3
89 157 4   0 0   1 1   2 2   3 3
90 210 4   0 0   1 1   2 2   3 3
90 181 4   0 0   1 1   2 2   3 3
90 215 4   0 0   1 1   2 2   3 3
90 235 4   0 0   1 1   2 2   3 3
90 172 4   0 0   1 1   2 2   3 3
90 141 4   0 0   1 1   2 2   3 3
91 228 4   0 0   1 1   2 2   3 3
91 107 4   0 0   1 1   2 2   3 3
92 168 4   0 0   1 1   2 2   3 3
92 153 4   0 0   1 1   2 2   3 3
92 171 4   0 0   1 1   2 2   3 3
93 243 4   0 0   1 1   2 2   3 3
93 100 4   0 0   1 1   2 2   3 3
93 247 4   0 0   1 1   2 2   3 3
93 233 4   0 0   1 1   2 2   3 3
93 109 4   0 0   1 1   2 2   3 3
93 94 4   0 0   1 1   2 2   3 3
94 131 4   0 0   1 1   2 2   3 3
94 233 4   0 0   1 1   2 2   3 3
94 109 4   0 0   1 1   2 2   3 3
95 113 4   0 0   1 1   2 2   3 3
95 177 4   0 0   1 1   2 2   3 3
95 152 4   0 0   1 1   2 2   3 3
96 105 4   0 0   1 1   2 2   3 3
96 137 4   0 0   1 1   2 2   3 3
97 154 4   0 0   1 1   2 2   3 3
97 171 4   0 0   1 1   2 2   3 3
98 225 4   0 0   1 1   2 2   3 3
98 107 4   0 0   1 1   2 2   3 3
98 220 4   0 0   1 1   2 2   3 3
98 206 4   0 0   1 1   2 2   3 3
99 146 4   0 0   1 1   2 2   3 3
99 196 4   0 0   1 1   2 2   3 3
99 244 4   0 0   1 1   2 2   3 3
99 217 4   0 0   1 1   2 2   3 3
99 174 4   0 0   1 1   2 2   3 3
100 243 4   0 0   1 1   2 2   3 3
100 233 4   0 0   1 1   2 2   3 3
101 146 4   0 0   1 1   2 2   3 3
101 121 4   0 0   1 1   2 2   3 3
101 188 4   0 0   1 1   2 2   3 3
101 237 4   0 0   1 1   2 2   3 3
101 174 4   0 0   1 1   2 2   3 3
102 132 4   0 0   1 1   2 2   3 3
102 197 4   0 0   1 1   2 2   3 3
102 158 4   0 0   1 1   2 2   3 3
103 222 4   0 0   1 1   2 2   3 3
104 118 4   0 0   1 1   2 2   3 3
104 172 4   0 0   1 1   2 2   3 3
105 137 4   0 0   1 1   2 2   3 3
105 204 4   0 0   1 1   2 2   3 3
105 189 4   0 0   1 1   2 2   3 3
106 179 4   0 0   1 1   2 2   3 3
106 183 4   0 0   1 1   2 2   3 3
106 204 4   0 0   1 1   2 2   3 3
107 225 4   0 0   1 1   2 2   3 3
107 159 4   0 0   1 1   2 2   3 3
108 242 4   0 0   1 1   2 2   3 3
109 247 4   0 0   1 1   2 2   3 3
110 195 4   0 0   1 1   2 2   3 3
110 151 4   0 0   1 1   2 2   3 3
111 131 4   0 0   1 1   2 2   3 3
111 118 4   0 0   1 1   2 2   3 3
111 139 4   0 0   1 1   2 2   3 3
111 203 4   0 0   1 1   2 2   3 3
112 209 4   0 0   1 1   2 2   3 3
112 231 4   0 0   1 1   2 2   3 3
112 202 4   0 0   1 1   2 2   3 3
112 189 4   0 0   1 1   2 2   3 3
112 191 4   0 0   1 1   2 2   3 3
112 207 4   0 0   1 1   2 2   3 3
113 237 4   0 0   1 1   2 2   3 3
113 127 4   0 0   1 1   2 2   3 3
114 161 4   0 0   1 1   2 2   3 3
114 164 4   0 0   1 1   2 2   3 3
114 198 4   0 0   1 1   2 2   3 3
114 218 4   0 0   1 1   2 2   3 3
115 238 4   0 0   1 1   2 2   3 3
116 176 4   0 0   1 1   2 2   3 3
116 213 4   0 0   1 1   2 2   3 3
116 247 4   0 0   1 1   2 2   3 3
116 122 4   0 0   1 1   2 2   3 3
117 245 4   0 0   1 1   2 2   3 3
117 215 4   0 0   1 1   2 2   3 3
117 201 4   0 0   1 1   2 2   3 3
117 205 4   0 0   1 1   2 2   3 3
118 139 4   0 0   1 1   2 2   3 3
119 175 4   0 0   1 1   2 2   3 3
120 180 4   0 0   1 1   2 2   3 3
120 200 4   0 0   1 1   2 2   3 3
121 148 4   0 0   1 1   2 2   3 3
121 188 4   0 0   1 1   2 2   3 3
121 237 4   0 0   1 1   2 2   3 3
122 176 4   0 0   1 1   2 2   3 3
122 196 4   0 0   1 1   2 2   3 3
122 213 4   0 0   1 1   2 2   3 3
123 211 4   0 0   1 1   2 2   3 3
123 186 4   0 0   1 1   2 2   3 3
123 143 4   0 0   1 1   2 2   3 3
124 193 4   0 0   1 1   2 2   3 3
124 134 4   0 0   1 1   2 2   3 3
124 167 4   0 0   1 1   2 2   3 3
124 136 4   0 0   1 1   2 2   3 3
125 161 4   0 0   1 1   2 2   3 3
125 164 4   0 0   1 1   2 2   3 3
125 152 4   0 0   1 1   2 2   3 3
126 226 4   0 0   1 1   2 2   3 3
126 246 4   0 0   1 1   2 2   3 3
127 237 4   0 0   1 1   2 2   3 3
128 228 4   0 0   1 1   2 2   3 3
128 213 4   0 0   1 1   2 2   3 3
129 214 4   0 0   1 1   2 2   3 3
129 156 4   0 0   1 1   2 2   3 3
129 190 4   0 0   1 1   2 2   3 3
130 192 4   0 0   1 1   2 2   3 3
130 190 4   0 0   1 1   2 2   3 3
131 139 4   0 0   1 1   2 2   3 3
132 223 4   0 0   1 1   2 2   3 3
133 210 4   0 0   1 1   2 2   3 3
133 187 4   0 0   1 1   2 2   3 3
133 188 4   0 0   1 1   2 2   3 3
134 167 4   0 0   1 1   2 2   3 3
134 136 4   0 0   1 1   2 2   3 3
135 145 4   0 0   1 1   2 2   3 3
135 245 4   0 0   1 1   2 2   3 3
135 173 4   0 0   1 1   2 2   3 3
135 239 4   0 0   1 1   2 2   3 3
136 193 4   0 0   1 1   2 2   3 3
136 167 4   0 0   1 1   2 2   3 3
136 216 4   0 0   1 1   2 2   3 3
136 141 4   0 0   1 1   2 2   3 3
136 223 4   0 0   1 1   2 2   3 3
137 149 4   0 0   1 1   2 2   3 3
137 138 4   0 0   1 1   2 2   3 3
138 149 4   0 0   1 1   2 2   3 3
139 232 4   0 0   1 1   2 2   3 3
140 147 4   0 0   1 1   2 2   3 3
141 181 4   0 0   1 1   2 2   3 3
141 216 4   0 0   1 1   2 2   3 3
141 169 4   0 0   1 1   2 2   3 3
142 208 4   0 0   1 1   2 2   3 3
142 229 4   0 0   1 1   2 2   3 3
142 156 4   0 0   1 1   2 2   3 3
142 175 4   0 0   1 1   2 2   3 3
143 211 4   0 0   1 1   2 2   3 3
144 227 4   0 0   1 1   2 2   3 3
144 148 4   0 0   1 1   2 2   3 3
144 230 4   0 0   1 1   2 2   3 3
145 212 4   0 0   1 1   2 2   3 3
145 230 4   0 0   1 1   2 2   3 3
145 173 4   0 0   1 1   2 2   3 3
145 239 4   0 0   1 1   2 2   3 3
146 244 4   0 0   1 1   2 2   3 3
146 174 4   0 0   1 1   2 2   3 3
147 235 4   0 0   1 1   2 2   3 3
148 177 4   0 0   1 1   2 2   3 3
148 227 4   0 0   1 1   2 2   3 3
148 212 4   0 0   1 1   2 2   3 3
148 230 4   0 0   1 1   2 2   3 3
149 202 4   0 0   1 1   2 2   3 3
150 235 4   0 0   1 1   2 2   3 3
150 172 4   0 0   1 1   2 2   3 3
151 195 4   0 0   1 1   2 2   3 3
152 219 4   0 0   1 1   2 2   3 3
153 178 4   0 0   1 1   2 2   3 3
153 168 4   0 0   1 1   2 2   3 3
153 171 4   0 0   1 1   2 2   3 3
153 205 4   0 0   1 1   2 2   3 3
154 178 4   0 0   1 1   2 2   3 3
154 171 4   0 0   1 1   2 2   3 3
155 166 4   0 0   1 1   2 2   3 3
155 200 4   0 0   1 1   2 2   3 3
155 169 4   0 0   1 1   2 2   3 3
156 208 4   0 0   1 1   2 2   3 3
156 214 4   0 0   1 1   2 2   3 3
156 190 4   0 0   1 1   2 2   3 3
157 225 4   0 0   1 1   2 2   3 3
157 234 4   0 0   1 1   2 2   3 3
159 196 4   0 0   1 1   2 2   3 3
160 180 4   0 0   1 1   2 2   3 3
160 216 4   0 0   1 1   2 2   3 3
160 223 4   0 0   1 1   2 2   3 3
161 177 4   0 0   1 1   2 2   3 3
161 164 4   0 0   1 1   2 2   3 3
161 218 4   0 0   1 1   2 2   3 3
162 241 4   0 0   1 1   2 2   3 3
163 198 4   0 0   1 1   2 2   3 3
163 239 4   0 0   1 1   2 2   3 3
164 220 4   0 0   1 1   2 2   3 3
165 180 4   0 0   1 1   2 2   3 3
165 184 4   0 0   1 1   2 2   3 3
165 236 4   0 0   1 1   2 2   3 3
166 242 4   0 0   1 1   2 2   3 3
166 200 4   0 0   1 1   2 2   3 3
166 236 4   0 0   1 1   2 2   3 3
167 193 4   0 0   1 1   2 2   3 3
168 205 4   0 0   1 1   2 2   3 3
169 181 4   0 0   1 1   2 2   3 3
169 216 4   0 0   1 1   2 2   3 3
170 179 4   0 0   1 1   2 2   3 3
170 186 4   0 0   1 1   2 2   3 3
171 178 4   0 0   1 1   2 2   3 3
172 235 4   0 0   1 1   2 2   3 3
173 245 4   0 0   1 1   2 2   3 3
173 201 4   0 0   1 1   2 2   3 3
174 217 4   0 0   1 1   2 2   3 3
176 196 4   0 0   1 1   2 2   3 3
176 244 4   0 0   1 1   2 2   3 3
177 212 4   0 0   1 1   2 2   3 3
177 198 4   0 0   1 1   2 2   3 3
177 218 4   0 0   1 1   2 2   3 3
179 182 4   0 0   1 1   2 2   3 3
179 183 4   0 0   1 1   2 2   3 3
179 186 4   0 0   1 1   2 2   3 3
180 224 4   0 0   1 1   2 2   3 3
180 200 4   0 0   1 1   2 2   3 3
180 236 4   0 0   1 1   2 2   3 3
182 211 4   0 0   1 1   2 2   3 3
182 234 4   0 0   1 1   2 2   3 3
182 186 4   0 0   1 1   2 2   3 3
183 225 4   0 0   1 1   2 2   3 3
184 224 4   0 0   1 1   2 2   3 3
185 202 4   0 0   1 1   2 2   3 3
186 211 4   0 0   1 1   2 2   3 3
187 188 4   0 0   1 1   2 2   3 3
189 204 4   0 0   1 1   2 2   3 3
189 191 4   0 0   1 1   2 2   3 3
190 214 4   0 0   1 1   2 2   3 3
191 204 4   0 0   1 1   2 2   3 3
191 207 4   0 0   1 1   2 2   3 3
194 222 4   0 0   1 1   2 2   3 3
196 244 4   0 0   1 1   2 2   3 3
197 224 4   0 0   1 1   2 2   3 3
198 212 4   0 0   1 1   2 2   3 3
198 218 4   0 0   1 1   2 2   3 3
198 239 4   0 0   1 1   2 2   3 3
199 209 4   0 0   1 1   2 2   3 3
200 236 4   0 0   1 1   2 2   3 3
201 245 4   0 0   1 1   2 2   3 3
201 215 4   0 0   1 1   2 2   3 3
201 221 4   0 0   1 1   2 2   3 3
202 231 4   0 0   1 1   2 2   3 3
203 233 4   0 0   1 1   2 2   3 3
206 220 4   0 0   1 1   2 2   3 3
207 209 4   0 0   1 1   2 2   3 3
209 231 4   0 0   1 1   2 2   3 3
210 215 4   0 0   1 1   2 2   3 3
210 221 4   0 0   1 1   2 2   3 3
212 230 4   0 0   1 1   2 2   3 3
212 239 4   0 0   1 1   2 2   3 3
213 228 4   0 0   1 1   2 2   3 3
215 221 4   0 0   1 1   2 2   3 3
216 223 4   0 0   1 1   2 2   3 3
219 220 4   0 0   1 1   2 2   3 3
221 227 4   0 0   1 1   2 2   3 3
222 231 4   0 0   1 1   2 2   3 3
226 241 4   0 0   1 1   2 2   3 3
229 246 4   0 0   1 1   2 2   3 3
239 241 4   0 0   1 1   2 2   3 3
240 243 4   0 0   1 1   2 2   3 3
243 247 4   0 0   1 1   2 2   3 3
