260
1 4 0 1 2 3
2 4 0 1 2 3
3 4 0 1 2 3
4 4 0 1 2 3
5 4 0 1 2 3
6 4 0 1 2 3
7 4 0 1 2 3
8 4 0 1 2 3
9 4 0 1 2 3
10 4 0 1 2 3
11 4 0 1 2 3
12 4 0 1 2 3
13 4 0 1 2 3
14 4 0 1 2 3
15 4 0 1 2 3
16 4 0 1 2 3
17 4 0 1 2 3
18 4 0 1 2 3
19 4 0 1 2 3
20 4 0 1 2 3
21 4 0 1 2 3
22 4 0 1 2 3
23 4 0 1 2 3
24 4 0 1 2 3
25 4 0 1 2 3
26 4 0 1 2 3
27 4 0 1 2 3
28 4 0 1 2 3
29 4 0 1 2 3
30 4 0 1 2 3
31 4 0 1 2 3
32 4 0 1 2 3
33 4 0 1 2 3
34 4 0 1 2 3
35 4 0 1 2 3
36 4 0 1 2 3
37 4 0 1 2 3
38 4 0 1 2 3
39 4 0 1 2 3
40 4 0 1 2 3
41 4 0 1 2 3
42 4 0 1 2 3
43 4 0 1 2 3
44 4 0 1 2 3
45 4 0 1 2 3
46 4 0 1 2 3
47 4 0 1 2 3
48 4 0 1 2 3
49 4 0 1 2 3
50 4 0 1 2 3
51 4 0 1 2 3
52 4 0 1 2 3
53 4 0 1 2 3
54 4 0 1 2 3
55 4 0 1 2 3
56 4 0 1 2 3
57 4 0 1 2 3
58 4 0 1 2 3
59 4 0 1 2 3
60 4 0 1 2 3
61 4 0 1 2 3
62 4 0 1 2 3
63 4 0 1 2 3
64 4 0 1 2 3
65 4 0 1 2 3
66 4 0 1 2 3
67 4 0 1 2 3
68 4 0 1 2 3
69 4 0 1 2 3
70 4 0 1 2 3
71 4 0 1 2 3
72 4 0 1 2 3
73 4 0 1 2 3
74 4 0 1 2 3
75 4 0 1 2 3
76 4 0 1 2 3
77 4 0 1 2 3
78 4 0 1 2 3
79 4 0 1 2 3
80 4 0 1 2 3
81 4 0 1 2 3
82 4 0 1 2 3
83 4 0 1 2 3
84 4 0 1 2 3
85 4 0 1 2 3
86 4 0 1 2 3
87 4 0 1 2 3
88 4 0 1 2 3
89 4 0 1 2 3
90 4 0 1 2 3
91 4 0 1 2 3
92 4 0 1 2 3
93 4 0 1 2 3
94 4 0 1 2 3
95 4 0 1 2 3
96 4 0 1 2 3
97 4 0 1 2 3
98 4 0 1 2 3
99 4 0 1 2 3
100 4 0 1 2 3
101 4 0 1 2 3
102 4 0 1 2 3
103 4 0 1 2 3
104 4 0 1 2 3
105 4 0 1 2 3
106 4 0 1 2 3
107 4 0 1 2 3
108 4 0 1 2 3
109 4 0 1 2 3
110 4 0 1 2 3
111 4 0 1 2 3
112 4 0 1 2 3
113 4 0 1 2 3
114 4 0 1 2 3
115 4 0 1 2 3
116 4 0 1 2 3
117 4 0 1 2 3
118 4 0 1 2 3
119 4 0 1 2 3
120 4 0 1 2 3
121 4 0 1 2 3
122 4 0 1 2 3
123 4 0 1 2 3
124 4 0 1 2 3
125 4 0 1 2 3
126 4 0 1 2 3
127 4 0 1 2 3
128 4 0 1 2 3
129 4 0 1 2 3
130 4 0 1 2 3
131 4 0 1 2 3
132 4 0 1 2 3
133 4 0 1 2 3
134 4 0 1 2 3
135 4 0 1 2 3
136 4 0 1 2 3
137 4 0 1 2 3
138 4 0 1 2 3
139 4 0 1 2 3
140 4 0 1 2 3
141 4 0 1 2 3
142 4 0 1 2 3
143 4 0 1 2 3
144 4 0 1 2 3
145 4 0 1 2 3
146 4 0 1 2 3
147 4 0 1 2 3
148 4 0 1 2 3
149 4 0 1 2 3
150 4 0 1 2 3
151 4 0 1 2 3
152 4 0 1 2 3
153 4 0 1 2 3
154 4 0 1 2 3
155 4 0 1 2 3
156 4 0 1 2 3
157 4 0 1 2 3
158 4 0 1 2 3
159 4 0 1 2 3
160 4 0 1 2 3
161 4 0 1 2 3
162 4 0 1 2 3
163 4 0 1 2 3
164 4 0 1 2 3
165 4 0 1 2 3
166 4 0 1 2 3
167 4 0 1 2 3
168 4 0 1 2 3
169 4 0 1 2 3
170 4 0 1 2 3
171 4 0 1 2 3
172 4 0 1 2 3
173 4 0 1 2 3
174 4 0 1 2 3
175 4 0 1 2 3
176 4 0 1 2 3
177 4 0 1 2 3
178 4 0 1 2 3
179 4 0 1 2 3
180 4 0 1 2 3
181 4 0 1 2 3
182 4 0 1 2 3
183 4 0 1 2 3
184 4 0 1 2 3
185 4 0 1 2 3
186 4 0 1 2 3
187 4 0 1 2 3
188 4 0 1 2 3
189 4 0 1 2 3
190 4 0 1 2 3
191 4 0 1 2 3
192 4 0 1 2 3
193 4 0 1 2 3
194 4 0 1 2 3
195 4 0 1 2 3
196 4 0 1 2 3
197 4 0 1 2 3
198 4 0 1 2 3
199 4 0 1 2 3
200 4 0 1 2 3
201 4 0 1 2 3
202 4 0 1 2 3
203 4 0 1 2 3
204 4 0 1 2 3
205 4 0 1 2 3
206 4 0 1 2 3
207 4 0 1 2 3
208 4 0 1 2 3
209 4 0 1 2 3
210 4 0 1 2 3
211 4 0 1 2 3
212 4 0 1 2 3
213 4 0 1 2 3
214 4 0 1 2 3
215 4 0 1 2 3
216 4 0 1 2 3
217 4 0 1 2 3
218 4 0 1 2 3
219 4 0 1 2 3
220 4 0 1 2 3
221 4 0 1 2 3
222 4 0 1 2 3
223 4 0 1 2 3
224 4 0 1 2 3
225 4 0 1 2 3
226 4 0 1 2 3
227 4 0 1 2 3
228 4 0 1 2 3
229 4 0 1 2 3
230 4 0 1 2 3
231 4 0 1 2 3
232 4 0 1 2 3
233 4 0 1 2 3
234 4 0 1 2 3
235 4 0 1 2 3
236 4 0 1 2 3
237 4 0 1 2 3
238 4 0 1 2 3
239 4 0 1 2 3
240 4 0 1 2 3
241 4 0 1 2 3
242 4 0 1 2 3
243 4 0 1 2 3
244 4 0 1 2 3
245 4 0 1 2 3
246 4 0 1 2 3
247 4 0 1 2 3
248 4 0 1 2 3
249 4 0 1 2 3
250 4 0 1 2 3
251 4 0 1 2 3
252 4 0 1 2 3
253 4 0 1 2 3
254 4 0 1 2 3
255 4 0 1 2 3
256 4 0 1 2 3
257 4 0 1 2 3
258 4 0 1 2 3
259 4 0 1 2 3
260 4 0 1 2 3
720
1 145 4   0 0   1 1   2 2   3 3
1 99 4   0 0   1 1   2 2   3 3
1 196 4   0 0   1 1   2 2   3 3
1 119 4   0 0   1 1   2 2   3 3
1 39 4   0 0   1 1   2 2   3 3
1 153 4   0 0   1 1   2 2   3 3
1 47 4   0 0   1 1   2 2   3 3
2 146 4   0 0   1 1   2 2   3 3
2 132 4   0 0   1 1   2 2   3 3
2 37 4   0 0   1 1   2 2   3 3
2 22 4   0 0   1 1   2 2   3 3
2 6 4   0 0   1 1   2 2   3 3
2 106 4   0 0   1 1   2 2   3 3
3 18 4   0 0   1 1   2 2   3 3
3 66 4   0 0   1 1   2 2   3 3
3 131 4   0 0   1 1   2 2   3 3
3 69 4   0 0   1 1   2 2   3 3
3 101 4   0 0   1 1   2 2   3 3
3 86 4   0 0   1 1   2 2   3 3
3 218 4   0 0   1 1   2 2   3 3
4 240 4   0 0   1 1   2 2   3 3
4 238 4   0 0   1 1   2 2   3 3
4 14 4   0 0   1 1   2 2   3 3
5 229 4   0 0   1 1   2 2   3 3
5 8 4   0 0   1 1   2 2   3 3
5 74 4   0 0   1 1   2 2   3 3
5 30 4   0 0   1 1   2 2   3 3
6 22 4   0 0   1 1   2 2   3 3
6 136 4   0 0   1 1   2 2   3 3
6 106 4   0 0   1 1   2 2   3 3
6 44 4   0 0   1 1   2 2   3 3
6 94 4   0 0   1 1   2 2   3 3
7 33 4   0 0   1 1   2 2   3 3
7 180 4   0 0   1 1   2 2   3 3
7 41 4   0 0   1 1   2 2   3 3
7 173 4   0 0   1 1   2 2   3 3
7 158 4   0 0   1 1   2 2   3 3
8 81 4   0 0   1 1   2 2   3 3
8 149 4   0 0   1 1   2 2   3 3
8 229 4   0 0   1 1   2 2   3 3
8 75 4   0 0   1 1   2 2   3 3
8 30 4   0 0   1 1   2 2   3 3
9 101 4   0 0   1 1   2 2   3 3
9 117 4   0 0   1 1   2 2   3 3
9 86 4   0 0   1 1   2 2   3 3
10 226 4   0 0   1 1   2 2   3 3
10 178 4   0 0   1 1   2 2   3 3
10 21 4   0 0   1 1   2 2   3 3
10 232 4   0 0   1 1   2 2   3 3
10 248 4   0 0   1 1   2 2   3 3
10 168 4   0 0   1 1   2 2   3 3
11 112 4   0 0   1 1   2 2   3 3
11 242 4   0 0   1 1   2 2   3 3
11 51 4   0 0   1 1   2 2   3 3
11 53 4   0 0   1 1   2 2   3 3
11 92 4   0 0   1 1   2 2   3 3
11 159 4   0 0   1 1   2 2   3 3
12 64 4   0 0   1 1   2 2   3 3
12 83 4   0 0   1 1   2 2   3 3
12 148 4   0 0   1 1   2 2   3 3
12 165 4   0 0   1 1   2 2   3 3
12 215 4   0 0   1 1   2 2   3 3
12 217 4   0 0   1 1   2 2   3 3
12 221 4   0 0   1 1   2 2   3 3
12 111 4   0 0   1 1   2 2   3 3
13 83 4   0 0   1 1   2 2   3 3
13 165 4   0 0   1 1   2 2   3 3
13 198 4   0 0   1 1   2 2   3 3
13 23 4   0 0   1 1   2 2   3 3
13 121 4   0 0   1 1   2 2   3 3
13 27 4   0 0   1 1   2 2   3 3
13 43 4   0 0   1 1   2 2   3 3
13 223 4   0 0   1 1   2 2   3 3
14 240 4   0 0   1 1   2 2   3 3
14 148 4   0 0   1 1   2 2   3 3
14 171 4   0 0   1 1   2 2   3 3
14 157 4   0 0   1 1   2 2   3 3
14 238 4   0 0   1 1   2 2   3 3
15 35 4   0 0   1 1   2 2   3 3
15 56 4   0 0   1 1   2 2   3 3
15 24 4   0 0   1 1   2 2   3 3
15 43 4   0 0   1 1   2 2   3 3
15 223 4   0 0   1 1   2 2   3 3
16 225 4   0 0   1 1   2 2   3 3
16 233 4   0 0   1 1   2 2   3 3
16 125 4   0 0   1 1   2 2   3 3
16 31 4   0 0   1 1   2 2   3 3
17 257 4   0 0   1 1   2 2   3 3
17 177 4   0 0   1 1   2 2   3 3
17 209 4   0 0   1 1   2 2   3 3
17 18 4   0 0   1 1   2 2   3 3
17 100 4   0 0   1 1   2 2   3 3
17 69 4   0 0   1 1   2 2   3 3
17 190 4   0 0   1 1   2 2   3 3
18 257 4   0 0   1 1   2 2   3 3
18 131 4   0 0   1 1   2 2   3 3
18 69 4   0 0   1 1   2 2   3 3
18 136 4   0 0   1 1   2 2   3 3
19 65 4   0 0   1 1   2 2   3 3
19 22 4   0 0   1 1   2 2   3 3
19 249 4   0 0   1 1   2 2   3 3
19 61 4   0 0   1 1   2 2   3 3
19 94 4   0 0   1 1   2 2   3 3
19 175 4   0 0   1 1   2 2   3 3
19 207 4   0 0   1 1   2 2   3 3
19 239 4   0 0   1 1   2 2   3 3
20 129 4   0 0   1 1   2 2   3 3
20 182 4   0 0   1 1   2 2   3 3
20 230 4   0 0   1 1   2 2   3 3
20 201 4   0 0   1 1   2 2   3 3
20 156 4   0 0   1 1   2 2   3 3
20 237 4   0 0   1 1   2 2   3 3
21 248 4   0 0   1 1   2 2   3 3
21 168 4   0 0   1 1   2 2   3 3
21 203 4   0 0   1 1   2 2   3 3
21 172 4   0 0   1 1   2 2   3 3
21 207 4   0 0   1 1   2 2   3 3
21 239 4   0 0   1 1   2 2   3 3
22 132 4   0 0   1 1   2 2   3 3
22 61 4   0 0   1 1   2 2   3 3
22 94 4   0 0   1 1   2 2   3 3
23 64 4   0 0   1 1   2 2   3 3
23 83 4   0 0   1 1   2 2   3 3
23 121 4   0 0   1 1   2 2   3 3
24 35 4   0 0   1 1   2 2   3 3
24 198 4   0 0   1 1   2 2   3 3
24 107 4   0 0   1 1   2 2   3 3
24 43 4   0 0   1 1   2 2   3 3
25 85 4   0 0   1 1   2 2   3 3
25 55 4   0 0   1 1   2 2   3 3
25 104 4   0 0   1 1   2 2   3 3
26 245 4   0 0   1 1   2 2   3 3
26 214 4   0 0   1 1   2 2   3 3
26 251 4   0 0   1 1   2 2   3 3
27 165 4   0 0   1 1   2 2   3 3
27 198 4   0 0   1 1   2 2   3 3
27 158 4   0 0   1 1   2 2   3 3
28 258 4   0 0   1 1   2 2   3 3
28 152 4   0 0   1 1   2 2   3 3
28 88 4   0 0   1 1   2 2   3 3
28 169 4   0 0   1 1   2 2   3 3
28 75 4   0 0   1 1   2 2   3 3
28 59 4   0 0   1 1   2 2   3 3
28 47 4   0 0   1 1   2 2   3 3
29 48 4   0 0   1 1   2 2   3 3
29 131 4   0 0   1 1   2 2   3 3
29 137 4   0 0   1 1   2 2   3 3
29 154 4   0 0   1 1   2 2   3 3
29 218 4   0 0   1 1   2 2   3 3
30 213 4   0 0   1 1   2 2   3 3
30 149 4   0 0   1 1   2 2   3 3
30 143 4   0 0   1 1   2 2   3 3
31 66 4   0 0   1 1   2 2   3 3
31 117 4   0 0   1 1   2 2   3 3
31 233 4   0 0   1 1   2 2   3 3
32 176 4   0 0   1 1   2 2   3 3
32 37 4   0 0   1 1   2 2   3 3
32 188 4   0 0   1 1   2 2   3 3
32 172 4   0 0   1 1   2 2   3 3
32 239 4   0 0   1 1   2 2   3 3
33 240 4   0 0   1 1   2 2   3 3
33 164 4   0 0   1 1   2 2   3 3
33 41 4   0 0   1 1   2 2   3 3
33 90 4   0 0   1 1   2 2   3 3
33 173 4   0 0   1 1   2 2   3 3
34 147 4   0 0   1 1   2 2   3 3
34 167 4   0 0   1 1   2 2   3 3
34 72 4   0 0   1 1   2 2   3 3
34 58 4   0 0   1 1   2 2   3 3
34 238 4   0 0   1 1   2 2   3 3
35 56 4   0 0   1 1   2 2   3 3
35 107 4   0 0   1 1   2 2   3 3
35 45 4   0 0   1 1   2 2   3 3
36 189 4   0 0   1 1   2 2   3 3
36 142 4   0 0   1 1   2 2   3 3
36 46 4   0 0   1 1   2 2   3 3
36 111 4   0 0   1 1   2 2   3 3
37 176 4   0 0   1 1   2 2   3 3
37 146 4   0 0   1 1   2 2   3 3
37 132 4   0 0   1 1   2 2   3 3
37 120 4   0 0   1 1   2 2   3 3
37 108 4   0 0   1 1   2 2   3 3
37 239 4   0 0   1 1   2 2   3 3
38 226 4   0 0   1 1   2 2   3 3
38 98 4   0 0   1 1   2 2   3 3
38 231 4   0 0   1 1   2 2   3 3
38 168 4   0 0   1 1   2 2   3 3
38 76 4   0 0   1 1   2 2   3 3
39 114 4   0 0   1 1   2 2   3 3
39 99 4   0 0   1 1   2 2   3 3
39 153 4   0 0   1 1   2 2   3 3
39 123 4   0 0   1 1   2 2   3 3
39 205 4   0 0   1 1   2 2   3 3
40 70 4   0 0   1 1   2 2   3 3
40 182 4   0 0   1 1   2 2   3 3
40 103 4   0 0   1 1   2 2   3 3
40 200 4   0 0   1 1   2 2   3 3
40 156 4   0 0   1 1   2 2   3 3
41 240 4   0 0   1 1   2 2   3 3
41 180 4   0 0   1 1   2 2   3 3
41 165 4   0 0   1 1   2 2   3 3
41 158 4   0 0   1 1   2 2   3 3
42 130 4   0 0   1 1   2 2   3 3
42 195 4   0 0   1 1   2 2   3 3
42 134 4   0 0   1 1   2 2   3 3
42 150 4   0 0   1 1   2 2   3 3
42 167 4   0 0   1 1   2 2   3 3
42 76 4   0 0   1 1   2 2   3 3
43 198 4   0 0   1 1   2 2   3 3
43 223 4   0 0   1 1   2 2   3 3
44 131 4   0 0   1 1   2 2   3 3
44 136 4   0 0   1 1   2 2   3 3
44 249 4   0 0   1 1   2 2   3 3
44 137 4   0 0   1 1   2 2   3 3
44 170 4   0 0   1 1   2 2   3 3
44 94 4   0 0   1 1   2 2   3 3
44 79 4   0 0   1 1   2 2   3 3
45 96 4   0 0   1 1   2 2   3 3
45 242 4   0 0   1 1   2 2   3 3
45 228 4   0 0   1 1   2 2   3 3
45 56 4   0 0   1 1   2 2   3 3
45 107 4   0 0   1 1   2 2   3 3
45 173 4   0 0   1 1   2 2   3 3
46 179 4   0 0   1 1   2 2   3 3
46 212 4   0 0   1 1   2 2   3 3
46 215 4   0 0   1 1   2 2   3 3
46 124 4   0 0   1 1   2 2   3 3
46 189 4   0 0   1 1   2 2   3 3
46 142 4   0 0   1 1   2 2   3 3
47 145 4   0 0   1 1   2 2   3 3
47 258 4   0 0   1 1   2 2   3 3
47 196 4   0 0   1 1   2 2   3 3
47 152 4   0 0   1 1   2 2   3 3
47 59 4   0 0   1 1   2 2   3 3
48 137 4   0 0   1 1   2 2   3 3
48 154 4   0 0   1 1   2 2   3 3
48 79 4   0 0   1 1   2 2   3 3
49 80 4   0 0   1 1   2 2   3 3
49 85 4   0 0   1 1   2 2   3 3
49 73 4   0 0   1 1   2 2   3 3
49 89 4   0 0   1 1   2 2   3 3
49 141 4   0 0   1 1   2 2   3 3
50 260 4   0 0   1 1   2 2   3 3
50 103 4   0 0   1 1   2 2   3 3
50 201 4   0 0   1 1   2 2   3 3
50 138 4   0 0   1 1   2 2   3 3
50 187 4   0 0   1 1   2 2   3 3
50 109 4   0 0   1 1   2 2   3 3
50 253 4   0 0   1 1   2 2   3 3
51 242 4   0 0   1 1   2 2   3 3
51 164 4   0 0   1 1   2 2   3 3
51 151 4   0 0   1 1   2 2   3 3
51 139 4   0 0   1 1   2 2   3 3
51 159 4   0 0   1 1   2 2   3 3
52 97 4   0 0   1 1   2 2   3 3
52 82 4   0 0   1 1   2 2   3 3
52 245 4   0 0   1 1   2 2   3 3
52 54 4   0 0   1 1   2 2   3 3
52 216 4   0 0   1 1   2 2   3 3
52 140 4   0 0   1 1   2 2   3 3
53 224 4   0 0   1 1   2 2   3 3
53 242 4   0 0   1 1   2 2   3 3
53 87 4   0 0   1 1   2 2   3 3
53 92 4   0 0   1 1   2 2   3 3
53 93 4   0 0   1 1   2 2   3 3
53 174 4   0 0   1 1   2 2   3 3
54 82 4   0 0   1 1   2 2   3 3
54 246 4   0 0   1 1   2 2   3 3
54 216 4   0 0   1 1   2 2   3 3
55 85 4   0 0   1 1   2 2   3 3
55 104 4   0 0   1 1   2 2   3 3
55 141 4   0 0   1 1   2 2   3 3
56 96 4   0 0   1 1   2 2   3 3
56 256 4   0 0   1 1   2 2   3 3
56 206 4   0 0   1 1   2 2   3 3
57 163 4   0 0   1 1   2 2   3 3
57 118 4   0 0   1 1   2 2   3 3
57 199 4   0 0   1 1   2 2   3 3
57 60 4   0 0   1 1   2 2   3 3
57 62 4   0 0   1 1   2 2   3 3
58 147 4   0 0   1 1   2 2   3 3
58 151 4   0 0   1 1   2 2   3 3
58 90 4   0 0   1 1   2 2   3 3
58 238 4   0 0   1 1   2 2   3 3
59 258 4   0 0   1 1   2 2   3 3
60 179 4   0 0   1 1   2 2   3 3
60 163 4   0 0   1 1   2 2   3 3
60 211 4   0 0   1 1   2 2   3 3
60 118 4   0 0   1 1   2 2   3 3
60 124 4   0 0   1 1   2 2   3 3
60 126 4   0 0   1 1   2 2   3 3
61 132 4   0 0   1 1   2 2   3 3
61 239 4   0 0   1 1   2 2   3 3
62 209 4   0 0   1 1   2 2   3 3
62 163 4   0 0   1 1   2 2   3 3
63 193 4   0 0   1 1   2 2   3 3
63 116 4   0 0   1 1   2 2   3 3
63 135 4   0 0   1 1   2 2   3 3
63 155 4   0 0   1 1   2 2   3 3
63 127 4   0 0   1 1   2 2   3 3
64 83 4   0 0   1 1   2 2   3 3
64 121 4   0 0   1 1   2 2   3 3
64 221 4   0 0   1 1   2 2   3 3
65 133 4   0 0   1 1   2 2   3 3
65 249 4   0 0   1 1   2 2   3 3
65 235 4   0 0   1 1   2 2   3 3
65 175 4   0 0   1 1   2 2   3 3
66 208 4   0 0   1 1   2 2   3 3
66 101 4   0 0   1 1   2 2   3 3
66 117 4   0 0   1 1   2 2   3 3
66 233 4   0 0   1 1   2 2   3 3
66 218 4   0 0   1 1   2 2   3 3
67 144 4   0 0   1 1   2 2   3 3
67 192 4   0 0   1 1   2 2   3 3
67 227 4   0 0   1 1   2 2   3 3
67 116 4   0 0   1 1   2 2   3 3
67 154 4   0 0   1 1   2 2   3 3
67 77 4   0 0   1 1   2 2   3 3
67 110 4   0 0   1 1   2 2   3 3
68 160 4   0 0   1 1   2 2   3 3
68 74 4   0 0   1 1   2 2   3 3
68 122 4   0 0   1 1   2 2   3 3
68 234 4   0 0   1 1   2 2   3 3
68 127 4   0 0   1 1   2 2   3 3
69 100 4   0 0   1 1   2 2   3 3
69 86 4   0 0   1 1   2 2   3 3
70 103 4   0 0   1 1   2 2   3 3
70 250 4   0 0   1 1   2 2   3 3
70 109 4   0 0   1 1   2 2   3 3
71 81 4   0 0   1 1   2 2   3 3
71 145 4   0 0   1 1   2 2   3 3
71 119 4   0 0   1 1   2 2   3 3
71 152 4   0 0   1 1   2 2   3 3
71 75 4   0 0   1 1   2 2   3 3
72 147 4   0 0   1 1   2 2   3 3
72 244 4   0 0   1 1   2 2   3 3
72 167 4   0 0   1 1   2 2   3 3
72 219 4   0 0   1 1   2 2   3 3
72 220 4   0 0   1 1   2 2   3 3
73 85 4   0 0   1 1   2 2   3 3
73 217 4   0 0   1 1   2 2   3 3
73 89 4   0 0   1 1   2 2   3 3
74 160 4   0 0   1 1   2 2   3 3
74 229 4   0 0   1 1   2 2   3 3
75 81 4   0 0   1 1   2 2   3 3
75 149 4   0 0   1 1   2 2   3 3
75 152 4   0 0   1 1   2 2   3 3
75 185 4   0 0   1 1   2 2   3 3
75 169 4   0 0   1 1   2 2   3 3
75 252 4   0 0   1 1   2 2   3 3
76 226 4   0 0   1 1   2 2   3 3
76 178 4   0 0   1 1   2 2   3 3
76 150 4   0 0   1 1   2 2   3 3
76 167 4   0 0   1 1   2 2   3 3
76 231 4   0 0   1 1   2 2   3 3
77 197 4   0 0   1 1   2 2   3 3
77 154 4   0 0   1 1   2 2   3 3
77 110 4   0 0   1 1   2 2   3 3
77 191 4   0 0   1 1   2 2   3 3
78 97 4   0 0   1 1   2 2   3 3
78 247 4   0 0   1 1   2 2   3 3
78 87 4   0 0   1 1   2 2   3 3
78 91 4   0 0   1 1   2 2   3 3
78 174 4   0 0   1 1   2 2   3 3
79 162 4   0 0   1 1   2 2   3 3
79 133 4   0 0   1 1   2 2   3 3
79 102 4   0 0   1 1   2 2   3 3
79 249 4   0 0   1 1   2 2   3 3
79 137 4   0 0   1 1   2 2   3 3
79 170 4   0 0   1 1   2 2   3 3
79 154 4   0 0   1 1   2 2   3 3
80 166 4   0 0   1 1   2 2   3 3
80 89 4   0 0   1 1   2 2   3 3
80 124 4   0 0   1 1   2 2   3 3
80 141 4   0 0   1 1   2 2   3 3
81 229 4   0 0   1 1   2 2   3 3
81 119 4   0 0   1 1   2 2   3 3
82 245 4   0 0   1 1   2 2   3 3
83 165 4   0 0   1 1   2 2   3 3
84 113 4   0 0   1 1   2 2   3 3
84 241 4   0 0   1 1   2 2   3 3
84 214 4   0 0   1 1   2 2   3 3
84 95 4   0 0   1 1   2 2   3 3
85 104 4   0 0   1 1   2 2   3 3
85 217 4   0 0   1 1   2 2   3 3
85 221 4   0 0   1 1   2 2   3 3
85 141 4   0 0   1 1   2 2   3 3
86 100 4   0 0   1 1   2 2   3 3
86 101 4   0 0   1 1   2 2   3 3
86 190 4   0 0   1 1   2 2   3 3
87 91 4   0 0   1 1   2 2   3 3
87 92 4   0 0   1 1   2 2   3 3
87 174 4   0 0   1 1   2 2   3 3
88 128 4   0 0   1 1   2 2   3 3
88 194 4   0 0   1 1   2 2   3 3
88 258 4   0 0   1 1   2 2   3 3
88 185 4   0 0   1 1   2 2   3 3
88 169 4   0 0   1 1   2 2   3 3
88 138 4   0 0   1 1   2 2   3 3
89 212 4   0 0   1 1   2 2   3 3
89 215 4   0 0   1 1   2 2   3 3
89 217 4   0 0   1 1   2 2   3 3
89 124 4   0 0   1 1   2 2   3 3
90 240 4   0 0   1 1   2 2   3 3
90 164 4   0 0   1 1   2 2   3 3
90 151 4   0 0   1 1   2 2   3 3
90 238 4   0 0   1 1   2 2   3 3
91 112 4   0 0   1 1   2 2   3 3
91 97 4   0 0   1 1   2 2   3 3
91 140 4   0 0   1 1   2 2   3 3
91 92 4   0 0   1 1   2 2   3 3
92 112 4   0 0   1 1   2 2   3 3
93 256 4   0 0   1 1   2 2   3 3
93 224 4   0 0   1 1   2 2   3 3
93 174 4   0 0   1 1   2 2   3 3
93 206 4   0 0   1 1   2 2   3 3
94 249 4   0 0   1 1   2 2   3 3
95 112 4   0 0   1 1   2 2   3 3
95 241 4   0 0   1 1   2 2   3 3
95 147 4   0 0   1 1   2 2   3 3
95 214 4   0 0   1 1   2 2   3 3
95 219 4   0 0   1 1   2 2   3 3
95 159 4   0 0   1 1   2 2   3 3
96 224 4   0 0   1 1   2 2   3 3
96 242 4   0 0   1 1   2 2   3 3
96 206 4   0 0   1 1   2 2   3 3
97 246 4   0 0   1 1   2 2   3 3
97 247 4   0 0   1 1   2 2   3 3
97 216 4   0 0   1 1   2 2   3 3
97 140 4   0 0   1 1   2 2   3 3
98 231 4   0 0   1 1   2 2   3 3
98 168 4   0 0   1 1   2 2   3 3
98 184 4   0 0   1 1   2 2   3 3
98 203 4   0 0   1 1   2 2   3 3
99 196 4   0 0   1 1   2 2   3 3
99 235 4   0 0   1 1   2 2   3 3
99 205 4   0 0   1 1   2 2   3 3
100 190 4   0 0   1 1   2 2   3 3
101 117 4   0 0   1 1   2 2   3 3
102 192 4   0 0   1 1   2 2   3 3
102 162 4   0 0   1 1   2 2   3 3
102 133 4   0 0   1 1   2 2   3 3
103 201 4   0 0   1 1   2 2   3 3
103 156 4   0 0   1 1   2 2   3 3
103 109 4   0 0   1 1   2 2   3 3
104 221 4   0 0   1 1   2 2   3 3
105 210 4   0 0   1 1   2 2   3 3
105 259 4   0 0   1 1   2 2   3 3
105 202 4   0 0   1 1   2 2   3 3
105 255 4   0 0   1 1   2 2   3 3
106 146 4   0 0   1 1   2 2   3 3
106 136 4   0 0   1 1   2 2   3 3
107 198 4   0 0   1 1   2 2   3 3
107 173 4   0 0   1 1   2 2   3 3
107 158 4   0 0   1 1   2 2   3 3
108 161 4   0 0   1 1   2 2   3 3
108 146 4   0 0   1 1   2 2   3 3
108 120 4   0 0   1 1   2 2   3 3
108 126 4   0 0   1 1   2 2   3 3
109 250 4   0 0   1 1   2 2   3 3
109 187 4   0 0   1 1   2 2   3 3
109 222 4   0 0   1 1   2 2   3 3
110 193 4   0 0   1 1   2 2   3 3
110 116 4   0 0   1 1   2 2   3 3
111 148 4   0 0   1 1   2 2   3 3
111 215 4   0 0   1 1   2 2   3 3
111 171 4   0 0   1 1   2 2   3 3
111 188 4   0 0   1 1   2 2   3 3
111 189 4   0 0   1 1   2 2   3 3
111 142 4   0 0   1 1   2 2   3 3
112 241 4   0 0   1 1   2 2   3 3
112 140 4   0 0   1 1   2 2   3 3
112 159 4   0 0   1 1   2 2   3 3
113 241 4   0 0   1 1   2 2   3 3
113 245 4   0 0   1 1   2 2   3 3
113 214 4   0 0   1 1   2 2   3 3
113 140 4   0 0   1 1   2 2   3 3
114 192 4   0 0   1 1   2 2   3 3
114 133 4   0 0   1 1   2 2   3 3
114 135 4   0 0   1 1   2 2   3 3
114 123 4   0 0   1 1   2 2   3 3
114 155 4   0 0   1 1   2 2   3 3
114 205 4   0 0   1 1   2 2   3 3
115 210 4   0 0   1 1   2 2   3 3
115 202 4   0 0   1 1   2 2   3 3
115 222 4   0 0   1 1   2 2   3 3
115 254 4   0 0   1 1   2 2   3 3
116 144 4   0 0   1 1   2 2   3 3
116 193 4   0 0   1 1   2 2   3 3
116 135 4   0 0   1 1   2 2   3 3
118 211 4   0 0   1 1   2 2   3 3
118 199 4   0 0   1 1   2 2   3 3
119 145 4   0 0   1 1   2 2   3 3
119 229 4   0 0   1 1   2 2   3 3
119 153 4   0 0   1 1   2 2   3 3
119 122 4   0 0   1 1   2 2   3 3
120 176 4   0 0   1 1   2 2   3 3
120 161 4   0 0   1 1   2 2   3 3
121 236 4   0 0   1 1   2 2   3 3
121 204 4   0 0   1 1   2 2   3 3
121 221 4   0 0   1 1   2 2   3 3
121 223 4   0 0   1 1   2 2   3 3
122 160 4   0 0   1 1   2 2   3 3
122 229 4   0 0   1 1   2 2   3 3
122 153 4   0 0   1 1   2 2   3 3
122 234 4   0 0   1 1   2 2   3 3
122 123 4   0 0   1 1   2 2   3 3
123 243 4   0 0   1 1   2 2   3 3
123 153 4   0 0   1 1   2 2   3 3
123 234 4   0 0   1 1   2 2   3 3
123 155 4   0 0   1 1   2 2   3 3
124 179 4   0 0   1 1   2 2   3 3
124 211 4   0 0   1 1   2 2   3 3
124 212 4   0 0   1 1   2 2   3 3
125 225 4   0 0   1 1   2 2   3 3
125 191 4   0 0   1 1   2 2   3 3
126 161 4   0 0   1 1   2 2   3 3
126 177 4   0 0   1 1   2 2   3 3
126 146 4   0 0   1 1   2 2   3 3
126 179 4   0 0   1 1   2 2   3 3
126 163 4   0 0   1 1   2 2   3 3
127 193 4   0 0   1 1   2 2   3 3
127 234 4   0 0   1 1   2 2   3 3
127 155 4   0 0   1 1   2 2   3 3
128 258 4   0 0   1 1   2 2   3 3
128 195 4   0 0   1 1   2 2   3 3
128 260 4   0 0   1 1   2 2   3 3
128 138 4   0 0   1 1   2 2   3 3
129 182 4   0 0   1 1   2 2   3 3
129 230 4   0 0   1 1   2 2   3 3
129 183 4   0 0   1 1   2 2   3 3
129 200 4   0 0   1 1   2 2   3 3
129 186 4   0 0   1 1   2 2   3 3
129 219 4   0 0   1 1   2 2   3 3
129 220 4   0 0   1 1   2 2   3 3
130 244 4   0 0   1 1   2 2   3 3
130 134 4   0 0   1 1   2 2   3 3
130 167 4   0 0   1 1   2 2   3 3
131 136 4   0 0   1 1   2 2   3 3
131 137 4   0 0   1 1   2 2   3 3
131 218 4   0 0   1 1   2 2   3 3
132 239 4   0 0   1 1   2 2   3 3
133 192 4   0 0   1 1   2 2   3 3
133 249 4   0 0   1 1   2 2   3 3
133 235 4   0 0   1 1   2 2   3 3
133 205 4   0 0   1 1   2 2   3 3
134 195 4   0 0   1 1   2 2   3 3
134 244 4   0 0   1 1   2 2   3 3
134 220 4   0 0   1 1   2 2   3 3
134 237 4   0 0   1 1   2 2   3 3
134 253 4   0 0   1 1   2 2   3 3
135 192 4   0 0   1 1   2 2   3 3
135 144 4   0 0   1 1   2 2   3 3
135 155 4   0 0   1 1   2 2   3 3
136 257 4   0 0   1 1   2 2   3 3
136 146 4   0 0   1 1   2 2   3 3
137 170 4   0 0   1 1   2 2   3 3
138 194 4   0 0   1 1   2 2   3 3
138 260 4   0 0   1 1   2 2   3 3
138 187 4   0 0   1 1   2 2   3 3
139 242 4   0 0   1 1   2 2   3 3
139 228 4   0 0   1 1   2 2   3 3
139 164 4   0 0   1 1   2 2   3 3
140 241 4   0 0   1 1   2 2   3 3
140 245 4   0 0   1 1   2 2   3 3
141 166 4   0 0   1 1   2 2   3 3
142 176 4   0 0   1 1   2 2   3 3
142 179 4   0 0   1 1   2 2   3 3
142 188 4   0 0   1 1   2 2   3 3
143 213 4   0 0   1 1   2 2   3 3
143 255 4   0 0   1 1   2 2   3 3
144 192 4   0 0   1 1   2 2   3 3
145 152 4   0 0   1 1   2 2   3 3
146 177 4   0 0   1 1   2 2   3 3
146 257 4   0 0   1 1   2 2   3 3
147 151 4   0 0   1 1   2 2   3 3
147 219 4   0 0   1 1   2 2   3 3
147 159 4   0 0   1 1   2 2   3 3
148 240 4   0 0   1 1   2 2   3 3
148 165 4   0 0   1 1   2 2   3 3
148 171 4   0 0   1 1   2 2   3 3
149 213 4   0 0   1 1   2 2   3 3
149 252 4   0 0   1 1   2 2   3 3
150 258 4   0 0   1 1   2 2   3 3
150 178 4   0 0   1 1   2 2   3 3
150 195 4   0 0   1 1   2 2   3 3
151 164 4   0 0   1 1   2 2   3 3
151 159 4   0 0   1 1   2 2   3 3
154 162 4   0 0   1 1   2 2   3 3
154 227 4   0 0   1 1   2 2   3 3
154 197 4   0 0   1 1   2 2   3 3
154 218 4   0 0   1 1   2 2   3 3
155 243 4   0 0   1 1   2 2   3 3
155 234 4   0 0   1 1   2 2   3 3
156 182 4   0 0   1 1   2 2   3 3
156 201 4   0 0   1 1   2 2   3 3
157 167 4   0 0   1 1   2 2   3 3
157 231 4   0 0   1 1   2 2   3 3
157 184 4   0 0   1 1   2 2   3 3
157 171 4   0 0   1 1   2 2   3 3
157 238 4   0 0   1 1   2 2   3 3
158 180 4   0 0   1 1   2 2   3 3
158 165 4   0 0   1 1   2 2   3 3
158 198 4   0 0   1 1   2 2   3 3
158 173 4   0 0   1 1   2 2   3 3
160 229 4   0 0   1 1   2 2   3 3
161 176 4   0 0   1 1   2 2   3 3
161 179 4   0 0   1 1   2 2   3 3
162 192 4   0 0   1 1   2 2   3 3
162 227 4   0 0   1 1   2 2   3 3
163 177 4   0 0   1 1   2 2   3 3
163 209 4   0 0   1 1   2 2   3 3
164 228 4   0 0   1 1   2 2   3 3
164 173 4   0 0   1 1   2 2   3 3
165 240 4   0 0   1 1   2 2   3 3
167 244 4   0 0   1 1   2 2   3 3
167 231 4   0 0   1 1   2 2   3 3
167 238 4   0 0   1 1   2 2   3 3
168 226 4   0 0   1 1   2 2   3 3
168 203 4   0 0   1 1   2 2   3 3
169 185 4   0 0   1 1   2 2   3 3
171 184 4   0 0   1 1   2 2   3 3
171 188 4   0 0   1 1   2 2   3 3
172 203 4   0 0   1 1   2 2   3 3
172 188 4   0 0   1 1   2 2   3 3
172 239 4   0 0   1 1   2 2   3 3
173 228 4   0 0   1 1   2 2   3 3
175 235 4   0 0   1 1   2 2   3 3
175 207 4   0 0   1 1   2 2   3 3
176 179 4   0 0   1 1   2 2   3 3
176 188 4   0 0   1 1   2 2   3 3
177 257 4   0 0   1 1   2 2   3 3
177 209 4   0 0   1 1   2 2   3 3
178 258 4   0 0   1 1   2 2   3 3
178 226 4   0 0   1 1   2 2   3 3
178 232 4   0 0   1 1   2 2   3 3
181 214 4   0 0   1 1   2 2   3 3
181 183 4   0 0   1 1   2 2   3 3
181 251 4   0 0   1 1   2 2   3 3
181 219 4   0 0   1 1   2 2   3 3
182 200 4   0 0   1 1   2 2   3 3
183 200 4   0 0   1 1   2 2   3 3
183 251 4   0 0   1 1   2 2   3 3
183 219 4   0 0   1 1   2 2   3 3
184 231 4   0 0   1 1   2 2   3 3
184 203 4   0 0   1 1   2 2   3 3
184 188 4   0 0   1 1   2 2   3 3
185 210 4   0 0   1 1   2 2   3 3
185 194 4   0 0   1 1   2 2   3 3
185 252 4   0 0   1 1   2 2   3 3
185 254 4   0 0   1 1   2 2   3 3
186 230 4   0 0   1 1   2 2   3 3
186 220 4   0 0   1 1   2 2   3 3
186 237 4   0 0   1 1   2 2   3 3
187 194 4   0 0   1 1   2 2   3 3
187 222 4   0 0   1 1   2 2   3 3
188 203 4   0 0   1 1   2 2   3 3
189 215 4   0 0   1 1   2 2   3 3
191 208 4   0 0   1 1   2 2   3 3
191 225 4   0 0   1 1   2 2   3 3
191 197 4   0 0   1 1   2 2   3 3
192 227 4   0 0   1 1   2 2   3 3
194 222 4   0 0   1 1   2 2   3 3
194 254 4   0 0   1 1   2 2   3 3
195 258 4   0 0   1 1   2 2   3 3
195 260 4   0 0   1 1   2 2   3 3
195 253 4   0 0   1 1   2 2   3 3
196 258 4   0 0   1 1   2 2   3 3
196 232 4   0 0   1 1   2 2   3 3
196 235 4   0 0   1 1   2 2   3 3
197 208 4   0 0   1 1   2 2   3 3
197 218 4   0 0   1 1   2 2   3 3
199 209 4   0 0   1 1   2 2   3 3
201 237 4   0 0   1 1   2 2   3 3
201 253 4   0 0   1 1   2 2   3 3
202 210 4   0 0   1 1   2 2   3 3
204 236 4   0 0   1 1   2 2   3 3
204 221 4   0 0   1 1   2 2   3 3
205 235 4   0 0   1 1   2 2   3 3
206 224 4   0 0   1 1   2 2   3 3
206 256 4   0 0   1 1   2 2   3 3
207 232 4   0 0   1 1   2 2   3 3
207 248 4   0 0   1 1   2 2   3 3
207 235 4   0 0   1 1   2 2   3 3
207 239 4   0 0   1 1   2 2   3 3
208 225 4   0 0   1 1   2 2   3 3
208 233 4   0 0   1 1   2 2   3 3
208 218 4   0 0   1 1   2 2   3 3
210 259 4   0 0   1 1   2 2   3 3
210 252 4   0 0   1 1   2 2   3 3
210 254 4   0 0   1 1   2 2   3 3
212 215 4   0 0   1 1   2 2   3 3
213 259 4   0 0   1 1   2 2   3 3
213 252 4   0 0   1 1   2 2   3 3
213 255 4   0 0   1 1   2 2   3 3
214 245 4   0 0   1 1   2 2   3 3
214 251 4   0 0   1 1   2 2   3 3
214 219 4   0 0   1 1   2 2   3 3
215 217 4   0 0   1 1   2 2   3 3
216 246 4   0 0   1 1   2 2   3 3
217 221 4   0 0   1 1   2 2   3 3
219 220 4   0 0   1 1   2 2   3 3
220 244 4   0 0   1 1   2 2   3 3
220 237 4   0 0   1 1   2 2   3 3
222 250 4   0 0   1 1   2 2   3 3
222 254 4   0 0   1 1   2 2   3 3
223 236 4   0 0   1 1   2 2   3 3
224 242 4   0 0   1 1   2 2   3 3
225 233 4   0 0   1 1   2 2   3 3
228 242 4   0 0   1 1   2 2   3 3
230 237 4   0 0   1 1   2 2   3 3
232 258 4   0 0   1 1   2 2   3 3
232 235 4   0 0   1 1   2 2   3 3
234 243 4   0 0   1 1   2 2   3 3
237 253 4   0 0   1 1   2 2   3 3
238 240 4   0 0   1 1   2 2   3 3
246 247 4   0 0   1 1   2 2   3 3
252 259 4   0 0   1 1   2 2   3 3
253 260 4   0 0   1 1   2 2   3 3
255 259 4   0 0   1 1   2 2   3 3
