275
1 4 0 1 2 3
2 4 0 1 2 3
3 4 0 1 2 3
4 4 0 1 2 3
5 4 0 1 2 3
6 4 0 1 2 3
7 4 0 1 2 3
8 4 0 1 2 3
9 4 0 1 2 3
10 4 0 1 2 3
11 4 0 1 2 3
12 4 0 1 2 3
13 4 0 1 2 3
14 4 0 1 2 3
15 4 0 1 2 3
16 4 0 1 2 3
17 4 0 1 2 3
18 4 0 1 2 3
19 4 0 1 2 3
20 4 0 1 2 3
21 4 0 1 2 3
22 4 0 1 2 3
23 4 0 1 2 3
24 4 0 1 2 3
25 4 0 1 2 3
26 4 0 1 2 3
27 4 0 1 2 3
28 4 0 1 2 3
29 4 0 1 2 3
30 4 0 1 2 3
31 4 0 1 2 3
32 4 0 1 2 3
33 4 0 1 2 3
34 4 0 1 2 3
35 4 0 1 2 3
36 4 0 1 2 3
37 4 0 1 2 3
38 4 0 1 2 3
39 4 0 1 2 3
40 4 0 1 2 3
41 4 0 1 2 3
42 4 0 1 2 3
43 4 0 1 2 3
44 4 0 1 2 3
45 4 0 1 2 3
46 4 0 1 2 3
47 4 0 1 2 3
48 4 0 1 2 3
49 4 0 1 2 3
50 4 0 1 2 3
51 4 0 1 2 3
52 4 0 1 2 3
53 4 0 1 2 3
54 4 0 1 2 3
55 4 0 1 2 3
56 4 0 1 2 3
57 4 0 1 2 3
58 4 0 1 2 3
59 4 0 1 2 3
60 4 0 1 2 3
61 4 0 1 2 3
62 4 0 1 2 3
63 4 0 1 2 3
64 4 0 1 2 3
65 4 0 1 2 3
66 4 0 1 2 3
67 4 0 1 2 3
68 4 0 1 2 3
69 4 0 1 2 3
70 4 0 1 2 3
71 4 0 1 2 3
72 4 0 1 2 3
73 4 0 1 2 3
74 4 0 1 2 3
75 4 0 1 2 3
76 4 0 1 2 3
77 4 0 1 2 3
78 4 0 1 2 3
79 4 0 1 2 3
80 4 0 1 2 3
81 4 0 1 2 3
82 4 0 1 2 3
83 4 0 1 2 3
84 4 0 1 2 3
85 4 0 1 2 3
86 4 0 1 2 3
87 4 0 1 2 3
88 4 0 1 2 3
89 4 0 1 2 3
90 4 0 1 2 3
91 4 0 1 2 3
92 4 0 1 2 3
93 4 0 1 2 3
94 4 0 1 2 3
95 4 0 1 2 3
96 4 0 1 2 3
97 4 0 1 2 3
98 4 0 1 2 3
99 4 0 1 2 3
100 4 0 1 2 3
101 4 0 1 2 3
102 4 0 1 2 3
103 4 0 1 2 3
104 4 0 1 2 3
105 4 0 1 2 3
106 4 0 1 2 3
107 4 0 1 2 3
108 4 0 1 2 3
109 4 0 1 2 3
110 4 0 1 2 3
111 4 0 1 2 3
112 4 0 1 2 3
113 4 0 1 2 3
114 4 0 1 2 3
115 4 0 1 2 3
116 4 0 1 2 3
117 4 0 1 2 3
118 4 0 1 2 3
119 4 0 1 2 3
120 4 0 1 2 3
121 4 0 1 2 3
122 4 0 1 2 3
123 4 0 1 2 3
124 4 0 1 2 3
125 4 0 1 2 3
126 4 0 1 2 3
127 4 0 1 2 3
128 4 0 1 2 3
129 4 0 1 2 3
130 4 0 1 2 3
131 4 0 1 2 3
132 4 0 1 2 3
133 4 0 1 2 3
134 4 0 1 2 3
135 4 0 1 2 3
136 4 0 1 2 3
137 4 0 1 2 3
138 4 0 1 2 3
139 4 0 1 2 3
140 4 0 1 2 3
141 4 0 1 2 3
142 4 0 1 2 3
143 4 0 1 2 3
144 4 0 1 2 3
145 4 0 1 2 3
146 4 0 1 2 3
147 4 0 1 2 3
148 4 0 1 2 3
149 4 0 1 2 3
150 4 0 1 2 3
151 4 0 1 2 3
152 4 0 1 2 3
153 4 0 1 2 3
154 4 0 1 2 3
155 4 0 1 2 3
156 4 0 1 2 3
157 4 0 1 2 3
158 4 0 1 2 3
159 4 0 1 2 3
160 4 0 1 2 3
161 4 0 1 2 3
162 4 0 1 2 3
163 4 0 1 2 3
164 4 0 1 2 3
165 4 0 1 2 3
166 4 0 1 2 3
167 4 0 1 2 3
168 4 0 1 2 3
169 4 0 1 2 3
170 4 0 1 2 3
171 4 0 1 2 3
172 4 0 1 2 3
173 4 0 1 2 3
174 4 0 1 2 3
175 4 0 1 2 3
176 4 0 1 2 3
177 4 0 1 2 3
178 4 0 1 2 3
179 4 0 1 2 3
180 4 0 1 2 3
181 4 0 1 2 3
182 4 0 1 2 3
183 4 0 1 2 3
184 4 0 1 2 3
185 4 0 1 2 3
186 4 0 1 2 3
187 4 0 1 2 3
188 4 0 1 2 3
189 4 0 1 2 3
190 4 0 1 2 3
191 4 0 1 2 3
192 4 0 1 2 3
193 4 0 1 2 3
194 4 0 1 2 3
195 4 0 1 2 3
196 4 0 1 2 3
197 4 0 1 2 3
198 4 0 1 2 3
199 4 0 1 2 3
200 4 0 1 2 3
201 4 0 1 2 3
202 4 0 1 2 3
203 4 0 1 2 3
204 4 0 1 2 3
205 4 0 1 2 3
206 4 0 1 2 3
207 4 0 1 2 3
208 4 0 1 2 3
209 4 0 1 2 3
210 4 0 1 2 3
211 4 0 1 2 3
212 4 0 1 2 3
213 4 0 1 2 3
214 4 0 1 2 3
215 4 0 1 2 3
216 4 0 1 2 3
217 4 0 1 2 3
218 4 0 1 2 3
219 4 0 1 2 3
220 4 0 1 2 3
221 4 0 1 2 3
222 4 0 1 2 3
223 4 0 1 2 3
224 4 0 1 2 3
225 4 0 1 2 3
226 4 0 1 2 3
227 4 0 1 2 3
228 4 0 1 2 3
229 4 0 1 2 3
230 4 0 1 2 3
231 4 0 1 2 3
232 4 0 1 2 3
233 4 0 1 2 3
234 4 0 1 2 3
235 4 0 1 2 3
236 4 0 1 2 3
237 4 0 1 2 3
238 4 0 1 2 3
239 4 0 1 2 3
240 4 0 1 2 3
241 4 0 1 2 3
242 4 0 1 2 3
243 4 0 1 2 3
244 4 0 1 2 3
245 4 0 1 2 3
246 4 0 1 2 3
247 4 0 1 2 3
248 4 0 1 2 3
249 4 0 1 2 3
250 4 0 1 2 3
251 4 0 1 2 3
252 4 0 1 2 3
253 4 0 1 2 3
254 4 0 1 2 3
255 4 0 1 2 3
256 4 0 1 2 3
257 4 0 1 2 3
258 4 0 1 2 3
259 4 0 1 2 3
260 4 0 1 2 3
261 4 0 1 2 3
262 4 0 1 2 3
263 4 0 1 2 3
264 4 0 1 2 3
265 4 0 1 2 3
266 4 0 1 2 3
267 4 0 1 2 3
268 4 0 1 2 3
269 4 0 1 2 3
270 4 0 1 2 3
271 4 0 1 2 3
272 4 0 1 2 3
273 4 0 1 2 3
274 4 0 1 2 3
275 4 0 1 2 3
766
1 64 4   0 0   1 1   2 2   3 3
1 36 4   0 0   1 1   2 2   3 3
1 123 4   0 0   1 1   2 2   3 3
1 252 4   0 0   1 1   2 2   3 3
2 228 4   0 0   1 1   2 2   3 3
2 84 4   0 0   1 1   2 2   3 3
2 120 4   0 0   1 1   2 2   3 3
2 73 4   0 0   1 1   2 2   3 3
2 153 4   0 0   1 1   2 2   3 3
2 124 4   0 0   1 1   2 2   3 3
3 209 4   0 0   1 1   2 2   3 3
3 132 4   0 0   1 1   2 2   3 3
3 8 4   0 0   1 1   2 2   3 3
3 185 4   0 0   1 1   2 2   3 3
4 25 4   0 0   1 1   2 2   3 3
4 74 4   0 0   1 1   2 2   3 3
4 189 4   0 0   1 1   2 2   3 3
4 270 4   0 0   1 1   2 2   3 3
5 133 4   0 0   1 1   2 2   3 3
5 150 4   0 0   1 1   2 2   3 3
5 263 4   0 0   1 1   2 2   3 3
5 207 4   0 0   1 1   2 2   3 3
6 147 4   0 0   1 1   2 2   3 3
6 51 4   0 0   1 1   2 2   3 3
6 197 4   0 0   1 1   2 2   3 3
6 231 4   0 0   1 1   2 2   3 3
6 122 4   0 0   1 1   2 2   3 3
6 142 4   0 0   1 1   2 2   3 3
7 257 4   0 0   1 1   2 2   3 3
7 36 4   0 0   1 1   2 2   3 3
7 202 4   0 0   1 1   2 2   3 3
7 123 4   0 0   1 1   2 2   3 3
7 76 4   0 0   1 1   2 2   3 3
8 209 4   0 0   1 1   2 2   3 3
8 264 4   0 0   1 1   2 2   3 3
8 206 4   0 0   1 1   2 2   3 3
9 209 4   0 0   1 1   2 2   3 3
9 274 4   0 0   1 1   2 2   3 3
9 201 4   0 0   1 1   2 2   3 3
9 233 4   0 0   1 1   2 2   3 3
9 156 4   0 0   1 1   2 2   3 3
9 239 4   0 0   1 1   2 2   3 3
10 144 4   0 0   1 1   2 2   3 3
10 145 4   0 0   1 1   2 2   3 3
10 57 4   0 0   1 1   2 2   3 3
10 105 4   0 0   1 1   2 2   3 3
10 138 4   0 0   1 1   2 2   3 3
10 60 4   0 0   1 1   2 2   3 3
11 34 4   0 0   1 1   2 2   3 3
11 168 4   0 0   1 1   2 2   3 3
11 253 4   0 0   1 1   2 2   3 3
11 141 4   0 0   1 1   2 2   3 3
12 273 4   0 0   1 1   2 2   3 3
12 178 4   0 0   1 1   2 2   3 3
12 66 4   0 0   1 1   2 2   3 3
12 235 4   0 0   1 1   2 2   3 3
12 139 4   0 0   1 1   2 2   3 3
13 218 4   0 0   1 1   2 2   3 3
13 106 4   0 0   1 1   2 2   3 3
13 74 4   0 0   1 1   2 2   3 3
13 59 4   0 0   1 1   2 2   3 3
13 91 4   0 0   1 1   2 2   3 3
14 147 4   0 0   1 1   2 2   3 3
14 231 4   0 0   1 1   2 2   3 3
14 136 4   0 0   1 1   2 2   3 3
14 157 4   0 0   1 1   2 2   3 3
14 143 4   0 0   1 1   2 2   3 3
15 274 4   0 0   1 1   2 2   3 3
15 195 4   0 0   1 1   2 2   3 3
15 243 4   0 0   1 1   2 2   3 3
15 85 4   0 0   1 1   2 2   3 3
15 201 4   0 0   1 1   2 2   3 3
15 62 4   0 0   1 1   2 2   3 3
15 63 4   0 0   1 1   2 2   3 3
16 224 4   0 0   1 1   2 2   3 3
16 178 4   0 0   1 1   2 2   3 3
16 70 4   0 0   1 1   2 2   3 3
16 139 4   0 0   1 1   2 2   3 3
16 223 4   0 0   1 1   2 2   3 3
16 127 4   0 0   1 1   2 2   3 3
17 195 4   0 0   1 1   2 2   3 3
17 100 4   0 0   1 1   2 2   3 3
17 170 4   0 0   1 1   2 2   3 3
17 172 4   0 0   1 1   2 2   3 3
17 62 4   0 0   1 1   2 2   3 3
18 272 4   0 0   1 1   2 2   3 3
18 161 4   0 0   1 1   2 2   3 3
18 50 4   0 0   1 1   2 2   3 3
18 229 4   0 0   1 1   2 2   3 3
18 214 4   0 0   1 1   2 2   3 3
18 169 4   0 0   1 1   2 2   3 3
18 154 4   0 0   1 1   2 2   3 3
19 180 4   0 0   1 1   2 2   3 3
19 57 4   0 0   1 1   2 2   3 3
19 60 4   0 0   1 1   2 2   3 3
19 188 4   0 0   1 1   2 2   3 3
19 156 4   0 0   1 1   2 2   3 3
19 29 4   0 0   1 1   2 2   3 3
20 49 4   0 0   1 1   2 2   3 3
20 116 4   0 0   1 1   2 2   3 3
20 100 4   0 0   1 1   2 2   3 3
20 119 4   0 0   1 1   2 2   3 3
21 193 4   0 0   1 1   2 2   3 3
21 102 4   0 0   1 1   2 2   3 3
21 249 4   0 0   1 1   2 2   3 3
21 140 4   0 0   1 1   2 2   3 3
22 32 4   0 0   1 1   2 2   3 3
22 194 4   0 0   1 1   2 2   3 3
22 131 4   0 0   1 1   2 2   3 3
22 166 4   0 0   1 1   2 2   3 3
22 262 4   0 0   1 1   2 2   3 3
22 24 4   0 0   1 1   2 2   3 3
22 268 4   0 0   1 1   2 2   3 3
23 82 4   0 0   1 1   2 2   3 3
23 72 4   0 0   1 1   2 2   3 3
23 266 4   0 0   1 1   2 2   3 3
23 204 4   0 0   1 1   2 2   3 3
23 173 4   0 0   1 1   2 2   3 3
23 207 4   0 0   1 1   2 2   3 3
24 32 4   0 0   1 1   2 2   3 3
24 144 4   0 0   1 1   2 2   3 3
24 145 4   0 0   1 1   2 2   3 3
24 37 4   0 0   1 1   2 2   3 3
24 245 4   0 0   1 1   2 2   3 3
24 262 4   0 0   1 1   2 2   3 3
24 138 4   0 0   1 1   2 2   3 3
24 43 4   0 0   1 1   2 2   3 3
25 37 4   0 0   1 1   2 2   3 3
25 182 4   0 0   1 1   2 2   3 3
25 135 4   0 0   1 1   2 2   3 3
25 40 4   0 0   1 1   2 2   3 3
25 74 4   0 0   1 1   2 2   3 3
25 189 4   0 0   1 1   2 2   3 3
26 133 4   0 0   1 1   2 2   3 3
26 101 4   0 0   1 1   2 2   3 3
26 38 4   0 0   1 1   2 2   3 3
26 46 4   0 0   1 1   2 2   3 3
27 275 4   0 0   1 1   2 2   3 3
27 165 4   0 0   1 1   2 2   3 3
27 85 4   0 0   1 1   2 2   3 3
27 199 4   0 0   1 1   2 2   3 3
27 88 4   0 0   1 1   2 2   3 3
28 129 4   0 0   1 1   2 2   3 3
28 146 4   0 0   1 1   2 2   3 3
28 130 4   0 0   1 1   2 2   3 3
28 247 4   0 0   1 1   2 2   3 3
28 217 4   0 0   1 1   2 2   3 3
28 89 4   0 0   1 1   2 2   3 3
28 252 4   0 0   1 1   2 2   3 3
28 77 4   0 0   1 1   2 2   3 3
29 209 4   0 0   1 1   2 2   3 3
29 113 4   0 0   1 1   2 2   3 3
29 117 4   0 0   1 1   2 2   3 3
29 233 4   0 0   1 1   2 2   3 3
29 57 4   0 0   1 1   2 2   3 3
29 156 4   0 0   1 1   2 2   3 3
29 206 4   0 0   1 1   2 2   3 3
30 273 4   0 0   1 1   2 2   3 3
30 178 4   0 0   1 1   2 2   3 3
30 232 4   0 0   1 1   2 2   3 3
30 90 4   0 0   1 1   2 2   3 3
30 45 4   0 0   1 1   2 2   3 3
30 269 4   0 0   1 1   2 2   3 3
30 159 4   0 0   1 1   2 2   3 3
31 39 4   0 0   1 1   2 2   3 3
31 205 4   0 0   1 1   2 2   3 3
31 158 4   0 0   1 1   2 2   3 3
32 145 4   0 0   1 1   2 2   3 3
32 213 4   0 0   1 1   2 2   3 3
32 215 4   0 0   1 1   2 2   3 3
32 268 4   0 0   1 1   2 2   3 3
33 96 4   0 0   1 1   2 2   3 3
33 160 4   0 0   1 1   2 2   3 3
33 97 4   0 0   1 1   2 2   3 3
33 161 4   0 0   1 1   2 2   3 3
33 50 4   0 0   1 1   2 2   3 3
33 220 4   0 0   1 1   2 2   3 3
33 109 4   0 0   1 1   2 2   3 3
34 116 4   0 0   1 1   2 2   3 3
34 149 4   0 0   1 1   2 2   3 3
34 118 4   0 0   1 1   2 2   3 3
34 248 4   0 0   1 1   2 2   3 3
34 253 4   0 0   1 1   2 2   3 3
34 141 4   0 0   1 1   2 2   3 3
35 192 4   0 0   1 1   2 2   3 3
35 146 4   0 0   1 1   2 2   3 3
35 179 4   0 0   1 1   2 2   3 3
35 265 4   0 0   1 1   2 2   3 3
35 77 4   0 0   1 1   2 2   3 3
36 129 4   0 0   1 1   2 2   3 3
36 257 4   0 0   1 1   2 2   3 3
36 130 4   0 0   1 1   2 2   3 3
36 202 4   0 0   1 1   2 2   3 3
36 123 4   0 0   1 1   2 2   3 3
37 163 4   0 0   1 1   2 2   3 3
37 245 4   0 0   1 1   2 2   3 3
37 182 4   0 0   1 1   2 2   3 3
37 74 4   0 0   1 1   2 2   3 3
37 43 4   0 0   1 1   2 2   3 3
37 267 4   0 0   1 1   2 2   3 3
37 271 4   0 0   1 1   2 2   3 3
38 101 4   0 0   1 1   2 2   3 3
38 170 4   0 0   1 1   2 2   3 3
38 172 4   0 0   1 1   2 2   3 3
38 46 4   0 0   1 1   2 2   3 3
39 258 4   0 0   1 1   2 2   3 3
39 115 4   0 0   1 1   2 2   3 3
39 212 4   0 0   1 1   2 2   3 3
39 182 4   0 0   1 1   2 2   3 3
39 137 4   0 0   1 1   2 2   3 3
39 267 4   0 0   1 1   2 2   3 3
39 158 4   0 0   1 1   2 2   3 3
40 51 4   0 0   1 1   2 2   3 3
40 260 4   0 0   1 1   2 2   3 3
40 151 4   0 0   1 1   2 2   3 3
40 135 4   0 0   1 1   2 2   3 3
40 189 4   0 0   1 1   2 2   3 3
40 142 4   0 0   1 1   2 2   3 3
41 210 4   0 0   1 1   2 2   3 3
41 52 4   0 0   1 1   2 2   3 3
41 168 4   0 0   1 1   2 2   3 3
41 253 4   0 0   1 1   2 2   3 3
41 46 4   0 0   1 1   2 2   3 3
41 175 4   0 0   1 1   2 2   3 3
42 163 4   0 0   1 1   2 2   3 3
42 212 4   0 0   1 1   2 2   3 3
42 267 4   0 0   1 1   2 2   3 3
43 262 4   0 0   1 1   2 2   3 3
43 271 4   0 0   1 1   2 2   3 3
44 160 4   0 0   1 1   2 2   3 3
44 97 4   0 0   1 1   2 2   3 3
44 259 4   0 0   1 1   2 2   3 3
44 107 4   0 0   1 1   2 2   3 3
44 220 4   0 0   1 1   2 2   3 3
45 256 4   0 0   1 1   2 2   3 3
45 273 4   0 0   1 1   2 2   3 3
45 232 4   0 0   1 1   2 2   3 3
46 81 4   0 0   1 1   2 2   3 3
46 52 4   0 0   1 1   2 2   3 3
46 133 4   0 0   1 1   2 2   3 3
46 168 4   0 0   1 1   2 2   3 3
46 58 4   0 0   1 1   2 2   3 3
46 170 4   0 0   1 1   2 2   3 3
46 221 4   0 0   1 1   2 2   3 3
47 208 4   0 0   1 1   2 2   3 3
47 242 4   0 0   1 1   2 2   3 3
47 179 4   0 0   1 1   2 2   3 3
47 69 4   0 0   1 1   2 2   3 3
47 235 4   0 0   1 1   2 2   3 3
48 80 4   0 0   1 1   2 2   3 3
48 265 4   0 0   1 1   2 2   3 3
48 217 4   0 0   1 1   2 2   3 3
48 77 4   0 0   1 1   2 2   3 3
49 116 4   0 0   1 1   2 2   3 3
49 118 4   0 0   1 1   2 2   3 3
50 112 4   0 0   1 1   2 2   3 3
50 161 4   0 0   1 1   2 2   3 3
50 214 4   0 0   1 1   2 2   3 3
50 220 4   0 0   1 1   2 2   3 3
50 94 4   0 0   1 1   2 2   3 3
51 197 4   0 0   1 1   2 2   3 3
51 151 4   0 0   1 1   2 2   3 3
51 142 4   0 0   1 1   2 2   3 3
52 81 4   0 0   1 1   2 2   3 3
52 83 4   0 0   1 1   2 2   3 3
52 175 4   0 0   1 1   2 2   3 3
53 262 4   0 0   1 1   2 2   3 3
53 55 4   0 0   1 1   2 2   3 3
53 74 4   0 0   1 1   2 2   3 3
53 271 4   0 0   1 1   2 2   3 3
54 70 4   0 0   1 1   2 2   3 3
54 234 4   0 0   1 1   2 2   3 3
54 78 4   0 0   1 1   2 2   3 3
54 127 4   0 0   1 1   2 2   3 3
55 131 4   0 0   1 1   2 2   3 3
55 262 4   0 0   1 1   2 2   3 3
55 106 4   0 0   1 1   2 2   3 3
55 74 4   0 0   1 1   2 2   3 3
56 177 4   0 0   1 1   2 2   3 3
56 119 4   0 0   1 1   2 2   3 3
56 62 4   0 0   1 1   2 2   3 3
56 63 4   0 0   1 1   2 2   3 3
57 113 4   0 0   1 1   2 2   3 3
57 162 4   0 0   1 1   2 2   3 3
57 117 4   0 0   1 1   2 2   3 3
57 105 4   0 0   1 1   2 2   3 3
57 60 4   0 0   1 1   2 2   3 3
58 168 4   0 0   1 1   2 2   3 3
58 141 4   0 0   1 1   2 2   3 3
58 221 4   0 0   1 1   2 2   3 3
59 257 4   0 0   1 1   2 2   3 3
59 218 4   0 0   1 1   2 2   3 3
59 203 4   0 0   1 1   2 2   3 3
59 91 4   0 0   1 1   2 2   3 3
59 222 4   0 0   1 1   2 2   3 3
59 255 4   0 0   1 1   2 2   3 3
60 145 4   0 0   1 1   2 2   3 3
60 180 4   0 0   1 1   2 2   3 3
60 213 4   0 0   1 1   2 2   3 3
61 98 4   0 0   1 1   2 2   3 3
61 66 4   0 0   1 1   2 2   3 3
61 183 4   0 0   1 1   2 2   3 3
61 216 4   0 0   1 1   2 2   3 3
61 93 4   0 0   1 1   2 2   3 3
61 174 4   0 0   1 1   2 2   3 3
61 190 4   0 0   1 1   2 2   3 3
61 238 4   0 0   1 1   2 2   3 3
62 195 4   0 0   1 1   2 2   3 3
62 100 4   0 0   1 1   2 2   3 3
62 119 4   0 0   1 1   2 2   3 3
62 63 4   0 0   1 1   2 2   3 3
63 177 4   0 0   1 1   2 2   3 3
63 243 4   0 0   1 1   2 2   3 3
64 231 4   0 0   1 1   2 2   3 3
64 123 4   0 0   1 1   2 2   3 3
64 76 4   0 0   1 1   2 2   3 3
64 143 4   0 0   1 1   2 2   3 3
65 196 4   0 0   1 1   2 2   3 3
65 132 4   0 0   1 1   2 2   3 3
65 199 4   0 0   1 1   2 2   3 3
65 88 4   0 0   1 1   2 2   3 3
65 185 4   0 0   1 1   2 2   3 3
65 111 4   0 0   1 1   2 2   3 3
66 67 4   0 0   1 1   2 2   3 3
66 86 4   0 0   1 1   2 2   3 3
66 183 4   0 0   1 1   2 2   3 3
66 235 4   0 0   1 1   2 2   3 3
66 219 4   0 0   1 1   2 2   3 3
66 139 4   0 0   1 1   2 2   3 3
66 190 4   0 0   1 1   2 2   3 3
67 86 4   0 0   1 1   2 2   3 3
67 183 4   0 0   1 1   2 2   3 3
67 203 4   0 0   1 1   2 2   3 3
67 222 4   0 0   1 1   2 2   3 3
68 225 4   0 0   1 1   2 2   3 3
68 194 4   0 0   1 1   2 2   3 3
68 166 4   0 0   1 1   2 2   3 3
68 263 4   0 0   1 1   2 2   3 3
68 184 4   0 0   1 1   2 2   3 3
68 200 4   0 0   1 1   2 2   3 3
68 124 4   0 0   1 1   2 2   3 3
68 92 4   0 0   1 1   2 2   3 3
68 255 4   0 0   1 1   2 2   3 3
68 191 4   0 0   1 1   2 2   3 3
69 242 4   0 0   1 1   2 2   3 3
69 235 4   0 0   1 1   2 2   3 3
70 224 4   0 0   1 1   2 2   3 3
70 121 4   0 0   1 1   2 2   3 3
70 234 4   0 0   1 1   2 2   3 3
70 251 4   0 0   1 1   2 2   3 3
70 236 4   0 0   1 1   2 2   3 3
70 127 4   0 0   1 1   2 2   3 3
71 193 4   0 0   1 1   2 2   3 3
71 102 4   0 0   1 1   2 2   3 3
71 152 4   0 0   1 1   2 2   3 3
71 108 4   0 0   1 1   2 2   3 3
72 81 4   0 0   1 1   2 2   3 3
72 82 4   0 0   1 1   2 2   3 3
72 134 4   0 0   1 1   2 2   3 3
72 207 4   0 0   1 1   2 2   3 3
73 99 4   0 0   1 1   2 2   3 3
73 228 4   0 0   1 1   2 2   3 3
73 84 4   0 0   1 1   2 2   3 3
74 106 4   0 0   1 1   2 2   3 3
74 218 4   0 0   1 1   2 2   3 3
74 270 4   0 0   1 1   2 2   3 3
74 271 4   0 0   1 1   2 2   3 3
75 192 4   0 0   1 1   2 2   3 3
75 208 4   0 0   1 1   2 2   3 3
75 103 4   0 0   1 1   2 2   3 3
75 265 4   0 0   1 1   2 2   3 3
75 125 4   0 0   1 1   2 2   3 3
76 257 4   0 0   1 1   2 2   3 3
76 123 4   0 0   1 1   2 2   3 3
76 143 4   0 0   1 1   2 2   3 3
77 146 4   0 0   1 1   2 2   3 3
77 265 4   0 0   1 1   2 2   3 3
77 217 4   0 0   1 1   2 2   3 3
78 128 4   0 0   1 1   2 2   3 3
78 98 4   0 0   1 1   2 2   3 3
78 234 4   0 0   1 1   2 2   3 3
78 173 4   0 0   1 1   2 2   3 3
78 174 4   0 0   1 1   2 2   3 3
78 127 4   0 0   1 1   2 2   3 3
79 257 4   0 0   1 1   2 2   3 3
79 86 4   0 0   1 1   2 2   3 3
79 219 4   0 0   1 1   2 2   3 3
79 222 4   0 0   1 1   2 2   3 3
80 265 4   0 0   1 1   2 2   3 3
80 217 4   0 0   1 1   2 2   3 3
81 83 4   0 0   1 1   2 2   3 3
81 133 4   0 0   1 1   2 2   3 3
81 134 4   0 0   1 1   2 2   3 3
81 207 4   0 0   1 1   2 2   3 3
82 148 4   0 0   1 1   2 2   3 3
82 181 4   0 0   1 1   2 2   3 3
82 134 4   0 0   1 1   2 2   3 3
82 204 4   0 0   1 1   2 2   3 3
83 210 4   0 0   1 1   2 2   3 3
83 134 4   0 0   1 1   2 2   3 3
83 175 4   0 0   1 1   2 2   3 3
84 99 4   0 0   1 1   2 2   3 3
84 263 4   0 0   1 1   2 2   3 3
84 184 4   0 0   1 1   2 2   3 3
84 124 4   0 0   1 1   2 2   3 3
85 243 4   0 0   1 1   2 2   3 3
85 275 4   0 0   1 1   2 2   3 3
85 196 4   0 0   1 1   2 2   3 3
85 199 4   0 0   1 1   2 2   3 3
85 201 4   0 0   1 1   2 2   3 3
86 219 4   0 0   1 1   2 2   3 3
86 222 4   0 0   1 1   2 2   3 3
87 149 4   0 0   1 1   2 2   3 3
87 230 4   0 0   1 1   2 2   3 3
87 167 4   0 0   1 1   2 2   3 3
87 248 4   0 0   1 1   2 2   3 3
87 253 4   0 0   1 1   2 2   3 3
88 165 4   0 0   1 1   2 2   3 3
88 199 4   0 0   1 1   2 2   3 3
88 111 4   0 0   1 1   2 2   3 3
89 130 4   0 0   1 1   2 2   3 3
89 252 4   0 0   1 1   2 2   3 3
90 224 4   0 0   1 1   2 2   3 3
90 178 4   0 0   1 1   2 2   3 3
90 251 4   0 0   1 1   2 2   3 3
90 269 4   0 0   1 1   2 2   3 3
91 200 4   0 0   1 1   2 2   3 3
91 106 4   0 0   1 1   2 2   3 3
91 255 4   0 0   1 1   2 2   3 3
92 166 4   0 0   1 1   2 2   3 3
92 215 4   0 0   1 1   2 2   3 3
92 191 4   0 0   1 1   2 2   3 3
93 228 4   0 0   1 1   2 2   3 3
93 183 4   0 0   1 1   2 2   3 3
93 203 4   0 0   1 1   2 2   3 3
93 238 4   0 0   1 1   2 2   3 3
94 112 4   0 0   1 1   2 2   3 3
94 259 4   0 0   1 1   2 2   3 3
94 214 4   0 0   1 1   2 2   3 3
94 167 4   0 0   1 1   2 2   3 3
95 96 4   0 0   1 1   2 2   3 3
95 164 4   0 0   1 1   2 2   3 3
95 198 4   0 0   1 1   2 2   3 3
95 152 4   0 0   1 1   2 2   3 3
95 109 4   0 0   1 1   2 2   3 3
96 97 4   0 0   1 1   2 2   3 3
96 198 4   0 0   1 1   2 2   3 3
96 109 4   0 0   1 1   2 2   3 3
96 126 4   0 0   1 1   2 2   3 3
97 160 4   0 0   1 1   2 2   3 3
97 227 4   0 0   1 1   2 2   3 3
97 126 4   0 0   1 1   2 2   3 3
98 128 4   0 0   1 1   2 2   3 3
98 99 4   0 0   1 1   2 2   3 3
98 150 4   0 0   1 1   2 2   3 3
98 174 4   0 0   1 1   2 2   3 3
98 238 4   0 0   1 1   2 2   3 3
99 228 4   0 0   1 1   2 2   3 3
99 150 4   0 0   1 1   2 2   3 3
99 263 4   0 0   1 1   2 2   3 3
99 238 4   0 0   1 1   2 2   3 3
100 116 4   0 0   1 1   2 2   3 3
100 119 4   0 0   1 1   2 2   3 3
100 170 4   0 0   1 1   2 2   3 3
100 221 4   0 0   1 1   2 2   3 3
101 225 4   0 0   1 1   2 2   3 3
101 133 4   0 0   1 1   2 2   3 3
101 171 4   0 0   1 1   2 2   3 3
101 172 4   0 0   1 1   2 2   3 3
102 193 4   0 0   1 1   2 2   3 3
102 186 4   0 0   1 1   2 2   3 3
102 140 4   0 0   1 1   2 2   3 3
102 108 4   0 0   1 1   2 2   3 3
103 208 4   0 0   1 1   2 2   3 3
103 114 4   0 0   1 1   2 2   3 3
103 237 4   0 0   1 1   2 2   3 3
103 125 4   0 0   1 1   2 2   3 3
103 110 4   0 0   1 1   2 2   3 3
104 229 4   0 0   1 1   2 2   3 3
104 181 4   0 0   1 1   2 2   3 3
104 121 4   0 0   1 1   2 2   3 3
104 186 4   0 0   1 1   2 2   3 3
104 234 4   0 0   1 1   2 2   3 3
104 154 4   0 0   1 1   2 2   3 3
105 144 4   0 0   1 1   2 2   3 3
105 162 4   0 0   1 1   2 2   3 3
105 261 4   0 0   1 1   2 2   3 3
105 245 4   0 0   1 1   2 2   3 3
105 187 4   0 0   1 1   2 2   3 3
106 194 4   0 0   1 1   2 2   3 3
106 131 4   0 0   1 1   2 2   3 3
106 200 4   0 0   1 1   2 2   3 3
107 211 4   0 0   1 1   2 2   3 3
108 161 4   0 0   1 1   2 2   3 3
108 152 4   0 0   1 1   2 2   3 3
108 169 4   0 0   1 1   2 2   3 3
108 186 4   0 0   1 1   2 2   3 3
109 161 4   0 0   1 1   2 2   3 3
109 152 4   0 0   1 1   2 2   3 3
110 242 4   0 0   1 1   2 2   3 3
110 232 4   0 0   1 1   2 2   3 3
110 237 4   0 0   1 1   2 2   3 3
111 132 4   0 0   1 1   2 2   3 3
111 165 4   0 0   1 1   2 2   3 3
111 250 4   0 0   1 1   2 2   3 3
112 259 4   0 0   1 1   2 2   3 3
112 220 4   0 0   1 1   2 2   3 3
113 162 4   0 0   1 1   2 2   3 3
113 244 4   0 0   1 1   2 2   3 3
113 117 4   0 0   1 1   2 2   3 3
113 264 4   0 0   1 1   2 2   3 3
113 206 4   0 0   1 1   2 2   3 3
114 246 4   0 0   1 1   2 2   3 3
114 125 4   0 0   1 1   2 2   3 3
115 212 4   0 0   1 1   2 2   3 3
116 118 4   0 0   1 1   2 2   3 3
116 141 4   0 0   1 1   2 2   3 3
116 221 4   0 0   1 1   2 2   3 3
120 228 4   0 0   1 1   2 2   3 3
120 153 4   0 0   1 1   2 2   3 3
120 203 4   0 0   1 1   2 2   3 3
121 186 4   0 0   1 1   2 2   3 3
121 234 4   0 0   1 1   2 2   3 3
121 140 4   0 0   1 1   2 2   3 3
121 236 4   0 0   1 1   2 2   3 3
122 197 4   0 0   1 1   2 2   3 3
122 155 4   0 0   1 1   2 2   3 3
124 184 4   0 0   1 1   2 2   3 3
124 153 4   0 0   1 1   2 2   3 3
124 255 4   0 0   1 1   2 2   3 3
125 246 4   0 0   1 1   2 2   3 3
125 265 4   0 0   1 1   2 2   3 3
126 227 4   0 0   1 1   2 2   3 3
126 164 4   0 0   1 1   2 2   3 3
126 198 4   0 0   1 1   2 2   3 3
127 174 4   0 0   1 1   2 2   3 3
127 223 4   0 0   1 1   2 2   3 3
128 150 4   0 0   1 1   2 2   3 3
128 266 4   0 0   1 1   2 2   3 3
128 173 4   0 0   1 1   2 2   3 3
129 257 4   0 0   1 1   2 2   3 3
129 130 4   0 0   1 1   2 2   3 3
129 247 4   0 0   1 1   2 2   3 3
130 252 4   0 0   1 1   2 2   3 3
131 194 4   0 0   1 1   2 2   3 3
131 262 4   0 0   1 1   2 2   3 3
132 185 4   0 0   1 1   2 2   3 3
132 250 4   0 0   1 1   2 2   3 3
133 225 4   0 0   1 1   2 2   3 3
133 263 4   0 0   1 1   2 2   3 3
133 207 4   0 0   1 1   2 2   3 3
134 210 4   0 0   1 1   2 2   3 3
134 148 4   0 0   1 1   2 2   3 3
135 258 4   0 0   1 1   2 2   3 3
135 260 4   0 0   1 1   2 2   3 3
135 182 4   0 0   1 1   2 2   3 3
135 137 4   0 0   1 1   2 2   3 3
136 257 4   0 0   1 1   2 2   3 3
136 157 4   0 0   1 1   2 2   3 3
136 254 4   0 0   1 1   2 2   3 3
136 143 4   0 0   1 1   2 2   3 3
137 258 4   0 0   1 1   2 2   3 3
137 182 4   0 0   1 1   2 2   3 3
138 144 4   0 0   1 1   2 2   3 3
138 145 4   0 0   1 1   2 2   3 3
139 178 4   0 0   1 1   2 2   3 3
139 216 4   0 0   1 1   2 2   3 3
139 190 4   0 0   1 1   2 2   3 3
139 223 4   0 0   1 1   2 2   3 3
140 249 4   0 0   1 1   2 2   3 3
140 186 4   0 0   1 1   2 2   3 3
140 236 4   0 0   1 1   2 2   3 3
140 269 4   0 0   1 1   2 2   3 3
140 159 4   0 0   1 1   2 2   3 3
141 168 4   0 0   1 1   2 2   3 3
141 221 4   0 0   1 1   2 2   3 3
142 147 4   0 0   1 1   2 2   3 3
142 157 4   0 0   1 1   2 2   3 3
142 189 4   0 0   1 1   2 2   3 3
142 254 4   0 0   1 1   2 2   3 3
143 257 4   0 0   1 1   2 2   3 3
143 231 4   0 0   1 1   2 2   3 3
144 261 4   0 0   1 1   2 2   3 3
144 245 4   0 0   1 1   2 2   3 3
145 213 4   0 0   1 1   2 2   3 3
146 179 4   0 0   1 1   2 2   3 3
146 247 4   0 0   1 1   2 2   3 3
147 231 4   0 0   1 1   2 2   3 3
147 157 4   0 0   1 1   2 2   3 3
148 181 4   0 0   1 1   2 2   3 3
148 154 4   0 0   1 1   2 2   3 3
149 248 4   0 0   1 1   2 2   3 3
149 253 4   0 0   1 1   2 2   3 3
150 263 4   0 0   1 1   2 2   3 3
150 266 4   0 0   1 1   2 2   3 3
150 207 4   0 0   1 1   2 2   3 3
151 260 4   0 0   1 1   2 2   3 3
151 197 4   0 0   1 1   2 2   3 3
152 193 4   0 0   1 1   2 2   3 3
152 161 4   0 0   1 1   2 2   3 3
152 164 4   0 0   1 1   2 2   3 3
153 203 4   0 0   1 1   2 2   3 3
153 255 4   0 0   1 1   2 2   3 3
154 272 4   0 0   1 1   2 2   3 3
154 210 4   0 0   1 1   2 2   3 3
154 229 4   0 0   1 1   2 2   3 3
154 181 4   0 0   1 1   2 2   3 3
155 260 4   0 0   1 1   2 2   3 3
155 197 4   0 0   1 1   2 2   3 3
155 205 4   0 0   1 1   2 2   3 3
156 233 4   0 0   1 1   2 2   3 3
156 188 4   0 0   1 1   2 2   3 3
156 239 4   0 0   1 1   2 2   3 3
157 254 4   0 0   1 1   2 2   3 3
158 258 4   0 0   1 1   2 2   3 3
158 260 4   0 0   1 1   2 2   3 3
158 205 4   0 0   1 1   2 2   3 3
159 249 4   0 0   1 1   2 2   3 3
159 269 4   0 0   1 1   2 2   3 3
160 220 4   0 0   1 1   2 2   3 3
161 169 4   0 0   1 1   2 2   3 3
162 244 4   0 0   1 1   2 2   3 3
162 187 4   0 0   1 1   2 2   3 3
163 226 4   0 0   1 1   2 2   3 3
163 212 4   0 0   1 1   2 2   3 3
163 245 4   0 0   1 1   2 2   3 3
163 267 4   0 0   1 1   2 2   3 3
164 193 4   0 0   1 1   2 2   3 3
164 198 4   0 0   1 1   2 2   3 3
166 194 4   0 0   1 1   2 2   3 3
166 215 4   0 0   1 1   2 2   3 3
166 268 4   0 0   1 1   2 2   3 3
167 259 4   0 0   1 1   2 2   3 3
167 214 4   0 0   1 1   2 2   3 3
167 230 4   0 0   1 1   2 2   3 3
167 253 4   0 0   1 1   2 2   3 3
168 253 4   0 0   1 1   2 2   3 3
169 229 4   0 0   1 1   2 2   3 3
169 186 4   0 0   1 1   2 2   3 3
170 172 4   0 0   1 1   2 2   3 3
170 221 4   0 0   1 1   2 2   3 3
171 225 4   0 0   1 1   2 2   3 3
171 195 4   0 0   1 1   2 2   3 3
171 172 4   0 0   1 1   2 2   3 3
171 191 4   0 0   1 1   2 2   3 3
172 195 4   0 0   1 1   2 2   3 3
173 234 4   0 0   1 1   2 2   3 3
173 266 4   0 0   1 1   2 2   3 3
173 204 4   0 0   1 1   2 2   3 3
174 216 4   0 0   1 1   2 2   3 3
174 223 4   0 0   1 1   2 2   3 3
175 210 4   0 0   1 1   2 2   3 3
176 240 4   0 0   1 1   2 2   3 3
176 241 4   0 0   1 1   2 2   3 3
176 180 4   0 0   1 1   2 2   3 3
176 213 4   0 0   1 1   2 2   3 3
176 215 4   0 0   1 1   2 2   3 3
177 243 4   0 0   1 1   2 2   3 3
177 275 4   0 0   1 1   2 2   3 3
178 224 4   0 0   1 1   2 2   3 3
178 273 4   0 0   1 1   2 2   3 3
179 192 4   0 0   1 1   2 2   3 3
179 208 4   0 0   1 1   2 2   3 3
179 257 4   0 0   1 1   2 2   3 3
179 247 4   0 0   1 1   2 2   3 3
179 235 4   0 0   1 1   2 2   3 3
180 241 4   0 0   1 1   2 2   3 3
180 213 4   0 0   1 1   2 2   3 3
180 188 4   0 0   1 1   2 2   3 3
180 239 4   0 0   1 1   2 2   3 3
181 234 4   0 0   1 1   2 2   3 3
181 204 4   0 0   1 1   2 2   3 3
182 267 4   0 0   1 1   2 2   3 3
183 203 4   0 0   1 1   2 2   3 3
184 263 4   0 0   1 1   2 2   3 3
185 209 4   0 0   1 1   2 2   3 3
185 196 4   0 0   1 1   2 2   3 3
185 201 4   0 0   1 1   2 2   3 3
186 229 4   0 0   1 1   2 2   3 3
187 226 4   0 0   1 1   2 2   3 3
187 244 4   0 0   1 1   2 2   3 3
187 245 4   0 0   1 1   2 2   3 3
188 239 4   0 0   1 1   2 2   3 3
189 254 4   0 0   1 1   2 2   3 3
189 270 4   0 0   1 1   2 2   3 3
190 216 4   0 0   1 1   2 2   3 3
191 240 4   0 0   1 1   2 2   3 3
191 225 4   0 0   1 1   2 2   3 3
191 195 4   0 0   1 1   2 2   3 3
191 215 4   0 0   1 1   2 2   3 3
192 208 4   0 0   1 1   2 2   3 3
192 265 4   0 0   1 1   2 2   3 3
194 200 4   0 0   1 1   2 2   3 3
195 240 4   0 0   1 1   2 2   3 3
195 241 4   0 0   1 1   2 2   3 3
195 274 4   0 0   1 1   2 2   3 3
196 199 4   0 0   1 1   2 2   3 3
196 201 4   0 0   1 1   2 2   3 3
197 260 4   0 0   1 1   2 2   3 3
200 255 4   0 0   1 1   2 2   3 3
201 209 4   0 0   1 1   2 2   3 3
201 274 4   0 0   1 1   2 2   3 3
202 257 4   0 0   1 1   2 2   3 3
203 228 4   0 0   1 1   2 2   3 3
203 222 4   0 0   1 1   2 2   3 3
203 255 4   0 0   1 1   2 2   3 3
204 234 4   0 0   1 1   2 2   3 3
205 260 4   0 0   1 1   2 2   3 3
206 209 4   0 0   1 1   2 2   3 3
206 264 4   0 0   1 1   2 2   3 3
207 266 4   0 0   1 1   2 2   3 3
208 242 4   0 0   1 1   2 2   3 3
208 237 4   0 0   1 1   2 2   3 3
209 233 4   0 0   1 1   2 2   3 3
210 272 4   0 0   1 1   2 2   3 3
210 253 4   0 0   1 1   2 2   3 3
211 259 4   0 0   1 1   2 2   3 3
211 230 4   0 0   1 1   2 2   3 3
211 248 4   0 0   1 1   2 2   3 3
212 226 4   0 0   1 1   2 2   3 3
212 267 4   0 0   1 1   2 2   3 3
213 215 4   0 0   1 1   2 2   3 3
214 272 4   0 0   1 1   2 2   3 3
214 253 4   0 0   1 1   2 2   3 3
215 240 4   0 0   1 1   2 2   3 3
215 268 4   0 0   1 1   2 2   3 3
216 223 4   0 0   1 1   2 2   3 3
217 252 4   0 0   1 1   2 2   3 3
218 257 4   0 0   1 1   2 2   3 3
218 254 4   0 0   1 1   2 2   3 3
218 270 4   0 0   1 1   2 2   3 3
219 257 4   0 0   1 1   2 2   3 3
219 235 4   0 0   1 1   2 2   3 3
220 259 4   0 0   1 1   2 2   3 3
222 257 4   0 0   1 1   2 2   3 3
224 251 4   0 0   1 1   2 2   3 3
225 263 4   0 0   1 1   2 2   3 3
226 245 4   0 0   1 1   2 2   3 3
228 238 4   0 0   1 1   2 2   3 3
230 259 4   0 0   1 1   2 2   3 3
230 248 4   0 0   1 1   2 2   3 3
232 256 4   0 0   1 1   2 2   3 3
232 242 4   0 0   1 1   2 2   3 3
235 256 4   0 0   1 1   2 2   3 3
235 273 4   0 0   1 1   2 2   3 3
235 257 4   0 0   1 1   2 2   3 3
235 242 4   0 0   1 1   2 2   3 3
236 251 4   0 0   1 1   2 2   3 3
236 269 4   0 0   1 1   2 2   3 3
237 242 4   0 0   1 1   2 2   3 3
239 241 4   0 0   1 1   2 2   3 3
239 274 4   0 0   1 1   2 2   3 3
240 241 4   0 0   1 1   2 2   3 3
241 274 4   0 0   1 1   2 2   3 3
242 256 4   0 0   1 1   2 2   3 3
243 275 4   0 0   1 1   2 2   3 3
244 264 4   0 0   1 1   2 2   3 3
245 261 4   0 0   1 1   2 2   3 3
246 265 4   0 0   1 1   2 2   3 3
247 257 4   0 0   1 1   2 2   3 3
251 269 4   0 0   1 1   2 2   3 3
253 272 4   0 0   1 1   2 2   3 3
254 257 4   0 0   1 1   2 2   3 3
254 270 4   0 0   1 1   2 2   3 3
256 273 4   0 0   1 1   2 2   3 3
258 260 4   0 0   1 1   2 2   3 3
