295
1 4 0 1 2 3
2 4 0 1 2 3
3 4 0 1 2 3
4 4 0 1 2 3
5 4 0 1 2 3
6 4 0 1 2 3
7 4 0 1 2 3
8 4 0 1 2 3
9 4 0 1 2 3
10 4 0 1 2 3
11 4 0 1 2 3
12 4 0 1 2 3
13 4 0 1 2 3
14 4 0 1 2 3
15 4 0 1 2 3
16 4 0 1 2 3
17 4 0 1 2 3
18 4 0 1 2 3
19 4 0 1 2 3
20 4 0 1 2 3
21 4 0 1 2 3
22 4 0 1 2 3
23 4 0 1 2 3
24 4 0 1 2 3
25 4 0 1 2 3
26 4 0 1 2 3
27 4 0 1 2 3
28 4 0 1 2 3
29 4 0 1 2 3
30 4 0 1 2 3
31 4 0 1 2 3
32 4 0 1 2 3
33 4 0 1 2 3
34 4 0 1 2 3
35 4 0 1 2 3
36 4 0 1 2 3
37 4 0 1 2 3
38 4 0 1 2 3
39 4 0 1 2 3
40 4 0 1 2 3
41 4 0 1 2 3
42 4 0 1 2 3
43 4 0 1 2 3
44 4 0 1 2 3
45 4 0 1 2 3
46 4 0 1 2 3
47 4 0 1 2 3
48 4 0 1 2 3
49 4 0 1 2 3
50 4 0 1 2 3
51 4 0 1 2 3
52 4 0 1 2 3
53 4 0 1 2 3
54 4 0 1 2 3
55 4 0 1 2 3
56 4 0 1 2 3
57 4 0 1 2 3
58 4 0 1 2 3
59 4 0 1 2 3
60 4 0 1 2 3
61 4 0 1 2 3
62 4 0 1 2 3
63 4 0 1 2 3
64 4 0 1 2 3
65 4 0 1 2 3
66 4 0 1 2 3
67 4 0 1 2 3
68 4 0 1 2 3
69 4 0 1 2 3
70 4 0 1 2 3
71 4 0 1 2 3
72 4 0 1 2 3
73 4 0 1 2 3
74 4 0 1 2 3
75 4 0 1 2 3
76 4 0 1 2 3
77 4 0 1 2 3
78 4 0 1 2 3
79 4 0 1 2 3
80 4 0 1 2 3
81 4 0 1 2 3
82 4 0 1 2 3
83 4 0 1 2 3
84 4 0 1 2 3
85 4 0 1 2 3
86 4 0 1 2 3
87 4 0 1 2 3
88 4 0 1 2 3
89 4 0 1 2 3
90 4 0 1 2 3
91 4 0 1 2 3
92 4 0 1 2 3
93 4 0 1 2 3
94 4 0 1 2 3
95 4 0 1 2 3
96 4 0 1 2 3
97 4 0 1 2 3
98 4 0 1 2 3
99 4 0 1 2 3
100 4 0 1 2 3
101 4 0 1 2 3
102 4 0 1 2 3
103 4 0 1 2 3
104 4 0 1 2 3
105 4 0 1 2 3
106 4 0 1 2 3
107 4 0 1 2 3
108 4 0 1 2 3
109 4 0 1 2 3
110 4 0 1 2 3
111 4 0 1 2 3
112 4 0 1 2 3
113 4 0 1 2 3
114 4 0 1 2 3
115 4 0 1 2 3
116 4 0 1 2 3
117 4 0 1 2 3
118 4 0 1 2 3
119 4 0 1 2 3
120 4 0 1 2 3
121 4 0 1 2 3
122 4 0 1 2 3
123 4 0 1 2 3
124 4 0 1 2 3
125 4 0 1 2 3
126 4 0 1 2 3
127 4 0 1 2 3
128 4 0 1 2 3
129 4 0 1 2 3
130 4 0 1 2 3
131 4 0 1 2 3
132 4 0 1 2 3
133 4 0 1 2 3
134 4 0 1 2 3
135 4 0 1 2 3
136 4 0 1 2 3
137 4 0 1 2 3
138 4 0 1 2 3
139 4 0 1 2 3
140 4 0 1 2 3
141 4 0 1 2 3
142 4 0 1 2 3
143 4 0 1 2 3
144 4 0 1 2 3
145 4 0 1 2 3
146 4 0 1 2 3
147 4 0 1 2 3
148 4 0 1 2 3
149 4 0 1 2 3
150 4 0 1 2 3
151 4 0 1 2 3
152 4 0 1 2 3
153 4 0 1 2 3
154 4 0 1 2 3
155 4 0 1 2 3
156 4 0 1 2 3
157 4 0 1 2 3
158 4 0 1 2 3
159 4 0 1 2 3
160 4 0 1 2 3
161 4 0 1 2 3
162 4 0 1 2 3
163 4 0 1 2 3
164 4 0 1 2 3
165 4 0 1 2 3
166 4 0 1 2 3
167 4 0 1 2 3
168 4 0 1 2 3
169 4 0 1 2 3
170 4 0 1 2 3
171 4 0 1 2 3
172 4 0 1 2 3
173 4 0 1 2 3
174 4 0 1 2 3
175 4 0 1 2 3
176 4 0 1 2 3
177 4 0 1 2 3
178 4 0 1 2 3
179 4 0 1 2 3
180 4 0 1 2 3
181 4 0 1 2 3
182 4 0 1 2 3
183 4 0 1 2 3
184 4 0 1 2 3
185 4 0 1 2 3
186 4 0 1 2 3
187 4 0 1 2 3
188 4 0 1 2 3
189 4 0 1 2 3
190 4 0 1 2 3
191 4 0 1 2 3
192 4 0 1 2 3
193 4 0 1 2 3
194 4 0 1 2 3
195 4 0 1 2 3
196 4 0 1 2 3
197 4 0 1 2 3
198 4 0 1 2 3
199 4 0 1 2 3
200 4 0 1 2 3
201 4 0 1 2 3
202 4 0 1 2 3
203 4 0 1 2 3
204 4 0 1 2 3
205 4 0 1 2 3
206 4 0 1 2 3
207 4 0 1 2 3
208 4 0 1 2 3
209 4 0 1 2 3
210 4 0 1 2 3
211 4 0 1 2 3
212 4 0 1 2 3
213 4 0 1 2 3
214 4 0 1 2 3
215 4 0 1 2 3
216 4 0 1 2 3
217 4 0 1 2 3
218 4 0 1 2 3
219 4 0 1 2 3
220 4 0 1 2 3
221 4 0 1 2 3
222 4 0 1 2 3
223 4 0 1 2 3
224 4 0 1 2 3
225 4 0 1 2 3
226 4 0 1 2 3
227 4 0 1 2 3
228 4 0 1 2 3
229 4 0 1 2 3
230 4 0 1 2 3
231 4 0 1 2 3
232 4 0 1 2 3
233 4 0 1 2 3
234 4 0 1 2 3
235 4 0 1 2 3
236 4 0 1 2 3
237 4 0 1 2 3
238 4 0 1 2 3
239 4 0 1 2 3
240 4 0 1 2 3
241 4 0 1 2 3
242 4 0 1 2 3
243 4 0 1 2 3
244 4 0 1 2 3
245 4 0 1 2 3
246 4 0 1 2 3
247 4 0 1 2 3
248 4 0 1 2 3
249 4 0 1 2 3
250 4 0 1 2 3
251 4 0 1 2 3
252 4 0 1 2 3
253 4 0 1 2 3
254 4 0 1 2 3
255 4 0 1 2 3
256 4 0 1 2 3
257 4 0 1 2 3
258 4 0 1 2 3
259 4 0 1 2 3
260 4 0 1 2 3
261 4 0 1 2 3
262 4 0 1 2 3
263 4 0 1 2 3
264 4 0 1 2 3
265 4 0 1 2 3
266 4 0 1 2 3
267 4 0 1 2 3
268 4 0 1 2 3
269 4 0 1 2 3
270 4 0 1 2 3
271 4 0 1 2 3
272 4 0 1 2 3
273 4 0 1 2 3
274 4 0 1 2 3
275 4 0 1 2 3
276 4 0 1 2 3
277 4 0 1 2 3
278 4 0 1 2 3
279 4 0 1 2 3
280 4 0 1 2 3
281 4 0 1 2 3
282 4 0 1 2 3
283 4 0 1 2 3
284 4 0 1 2 3
285 4 0 1 2 3
286 4 0 1 2 3
287 4 0 1 2 3
288 4 0 1 2 3
289 4 0 1 2 3
290 4 0 1 2 3
291 4 0 1 2 3
292 4 0 1 2 3
293 4 0 1 2 3
294 4 0 1 2 3
295 4 0 1 2 3
826
1 96 4   0 0   1 1   2 2   3 3
1 65 4   0 0   1 1   2 2   3 3
1 116 4   0 0   1 1   2 2   3 3
1 279 4   0 0   1 1   2 2   3 3
2 289 4   0 0   1 1   2 2   3 3
2 197 4   0 0   1 1   2 2   3 3
2 293 4   0 0   1 1   2 2   3 3
2 60 4   0 0   1 1   2 2   3 3
2 172 4   0 0   1 1   2 2   3 3
3 112 4   0 0   1 1   2 2   3 3
3 212 4   0 0   1 1   2 2   3 3
3 134 4   0 0   1 1   2 2   3 3
3 91 4   0 0   1 1   2 2   3 3
3 29 4   0 0   1 1   2 2   3 3
4 64 4   0 0   1 1   2 2   3 3
4 208 4   0 0   1 1   2 2   3 3
4 242 4   0 0   1 1   2 2   3 3
4 248 4   0 0   1 1   2 2   3 3
4 140 4   0 0   1 1   2 2   3 3
4 127 4   0 0   1 1   2 2   3 3
5 66 4   0 0   1 1   2 2   3 3
5 291 4   0 0   1 1   2 2   3 3
5 243 4   0 0   1 1   2 2   3 3
5 20 4   0 0   1 1   2 2   3 3
5 140 4   0 0   1 1   2 2   3 3
6 34 4   0 0   1 1   2 2   3 3
6 281 4   0 0   1 1   2 2   3 3
6 76 4   0 0   1 1   2 2   3 3
6 46 4   0 0   1 1   2 2   3 3
6 287 4   0 0   1 1   2 2   3 3
6 239 4   0 0   1 1   2 2   3 3
7 256 4   0 0   1 1   2 2   3 3
7 35 4   0 0   1 1   2 2   3 3
7 102 4   0 0   1 1   2 2   3 3
7 121 4   0 0   1 1   2 2   3 3
7 77 4   0 0   1 1   2 2   3 3
7 61 4   0 0   1 1   2 2   3 3
8 98 4   0 0   1 1   2 2   3 3
8 211 4   0 0   1 1   2 2   3 3
8 38 4   0 0   1 1   2 2   3 3
8 267 4   0 0   1 1   2 2   3 3
8 111 4   0 0   1 1   2 2   3 3
9 81 4   0 0   1 1   2 2   3 3
9 277 4   0 0   1 1   2 2   3 3
9 123 4   0 0   1 1   2 2   3 3
9 92 4   0 0   1 1   2 2   3 3
9 108 4   0 0   1 1   2 2   3 3
10 161 4   0 0   1 1   2 2   3 3
10 118 4   0 0   1 1   2 2   3 3
10 169 4   0 0   1 1   2 2   3 3
10 251 4   0 0   1 1   2 2   3 3
11 162 4   0 0   1 1   2 2   3 3
11 83 4   0 0   1 1   2 2   3 3
11 100 4   0 0   1 1   2 2   3 3
11 184 4   0 0   1 1   2 2   3 3
11 187 4   0 0   1 1   2 2   3 3
11 175 4   0 0   1 1   2 2   3 3
12 145 4   0 0   1 1   2 2   3 3
12 119 4   0 0   1 1   2 2   3 3
12 136 4   0 0   1 1   2 2   3 3
12 152 4   0 0   1 1   2 2   3 3
12 72 4   0 0   1 1   2 2   3 3
13 258 4   0 0   1 1   2 2   3 3
13 232 4   0 0   1 1   2 2   3 3
13 57 4   0 0   1 1   2 2   3 3
13 269 4   0 0   1 1   2 2   3 3
13 254 4   0 0   1 1   2 2   3 3
14 241 4   0 0   1 1   2 2   3 3
14 201 4   0 0   1 1   2 2   3 3
14 26 4   0 0   1 1   2 2   3 3
14 92 4   0 0   1 1   2 2   3 3
14 142 4   0 0   1 1   2 2   3 3
15 289 4   0 0   1 1   2 2   3 3
15 85 4   0 0   1 1   2 2   3 3
15 60 4   0 0   1 1   2 2   3 3
15 253 4   0 0   1 1   2 2   3 3
15 47 4   0 0   1 1   2 2   3 3
16 290 4   0 0   1 1   2 2   3 3
16 246 4   0 0   1 1   2 2   3 3
16 281 4   0 0   1 1   2 2   3 3
16 249 4   0 0   1 1   2 2   3 3
16 42 4   0 0   1 1   2 2   3 3
16 252 4   0 0   1 1   2 2   3 3
16 286 4   0 0   1 1   2 2   3 3
16 159 4   0 0   1 1   2 2   3 3
17 49 4   0 0   1 1   2 2   3 3
17 23 4   0 0   1 1   2 2   3 3
17 283 4   0 0   1 1   2 2   3 3
17 173 4   0 0   1 1   2 2   3 3
18 55 4   0 0   1 1   2 2   3 3
18 23 4   0 0   1 1   2 2   3 3
18 216 4   0 0   1 1   2 2   3 3
18 283 4   0 0   1 1   2 2   3 3
18 219 4   0 0   1 1   2 2   3 3
19 258 4   0 0   1 1   2 2   3 3
19 36 4   0 0   1 1   2 2   3 3
19 57 4   0 0   1 1   2 2   3 3
19 43 4   0 0   1 1   2 2   3 3
19 207 4   0 0   1 1   2 2   3 3
20 178 4   0 0   1 1   2 2   3 3
20 243 4   0 0   1 1   2 2   3 3
20 140 4   0 0   1 1   2 2   3 3
21 99 4   0 0   1 1   2 2   3 3
21 133 4   0 0   1 1   2 2   3 3
21 22 4   0 0   1 1   2 2   3 3
21 70 4   0 0   1 1   2 2   3 3
21 153 4   0 0   1 1   2 2   3 3
21 186 4   0 0   1 1   2 2   3 3
21 107 4   0 0   1 1   2 2   3 3
21 189 4   0 0   1 1   2 2   3 3
22 241 4   0 0   1 1   2 2   3 3
22 51 4   0 0   1 1   2 2   3 3
22 133 4   0 0   1 1   2 2   3 3
22 186 4   0 0   1 1   2 2   3 3
22 142 4   0 0   1 1   2 2   3 3
23 49 4   0 0   1 1   2 2   3 3
23 216 4   0 0   1 1   2 2   3 3
23 283 4   0 0   1 1   2 2   3 3
23 220 4   0 0   1 1   2 2   3 3
24 145 4   0 0   1 1   2 2   3 3
24 194 4   0 0   1 1   2 2   3 3
24 148 4   0 0   1 1   2 2   3 3
24 119 4   0 0   1 1   2 2   3 3
24 136 4   0 0   1 1   2 2   3 3
24 73 4   0 0   1 1   2 2   3 3
24 109 4   0 0   1 1   2 2   3 3
24 239 4   0 0   1 1   2 2   3 3
25 128 4   0 0   1 1   2 2   3 3
25 256 4   0 0   1 1   2 2   3 3
25 113 4   0 0   1 1   2 2   3 3
25 118 4   0 0   1 1   2 2   3 3
25 169 4   0 0   1 1   2 2   3 3
25 139 4   0 0   1 1   2 2   3 3
25 77 4   0 0   1 1   2 2   3 3
26 32 4   0 0   1 1   2 2   3 3
26 228 4   0 0   1 1   2 2   3 3
26 74 4   0 0   1 1   2 2   3 3
26 92 4   0 0   1 1   2 2   3 3
26 142 4   0 0   1 1   2 2   3 3
27 82 4   0 0   1 1   2 2   3 3
27 198 4   0 0   1 1   2 2   3 3
27 135 4   0 0   1 1   2 2   3 3
27 295 4   0 0   1 1   2 2   3 3
27 57 4   0 0   1 1   2 2   3 3
27 207 4   0 0   1 1   2 2   3 3
28 161 4   0 0   1 1   2 2   3 3
28 215 4   0 0   1 1   2 2   3 3
28 120 4   0 0   1 1   2 2   3 3
28 251 4   0 0   1 1   2 2   3 3
28 141 4   0 0   1 1   2 2   3 3
29 112 4   0 0   1 1   2 2   3 3
29 240 4   0 0   1 1   2 2   3 3
29 212 4   0 0   1 1   2 2   3 3
30 212 4   0 0   1 1   2 2   3 3
30 56 4   0 0   1 1   2 2   3 3
30 91 4   0 0   1 1   2 2   3 3
30 203 4   0 0   1 1   2 2   3 3
30 76 4   0 0   1 1   2 2   3 3
30 239 4   0 0   1 1   2 2   3 3
31 80 4   0 0   1 1   2 2   3 3
31 217 4   0 0   1 1   2 2   3 3
31 202 4   0 0   1 1   2 2   3 3
31 123 4   0 0   1 1   2 2   3 3
31 205 4   0 0   1 1   2 2   3 3
32 228 4   0 0   1 1   2 2   3 3
32 151 4   0 0   1 1   2 2   3 3
32 265 4   0 0   1 1   2 2   3 3
32 89 4   0 0   1 1   2 2   3 3
32 92 4   0 0   1 1   2 2   3 3
32 238 4   0 0   1 1   2 2   3 3
33 84 4   0 0   1 1   2 2   3 3
33 101 4   0 0   1 1   2 2   3 3
33 39 4   0 0   1 1   2 2   3 3
33 199 4   0 0   1 1   2 2   3 3
33 156 4   0 0   1 1   2 2   3 3
34 53 4   0 0   1 1   2 2   3 3
34 281 4   0 0   1 1   2 2   3 3
34 190 4   0 0   1 1   2 2   3 3
34 287 4   0 0   1 1   2 2   3 3
35 121 4   0 0   1 1   2 2   3 3
35 204 4   0 0   1 1   2 2   3 3
35 77 4   0 0   1 1   2 2   3 3
35 174 4   0 0   1 1   2 2   3 3
36 258 4   0 0   1 1   2 2   3 3
36 230 4   0 0   1 1   2 2   3 3
36 43 4   0 0   1 1   2 2   3 3
36 78 4   0 0   1 1   2 2   3 3
36 63 4   0 0   1 1   2 2   3 3
37 114 4   0 0   1 1   2 2   3 3
37 115 4   0 0   1 1   2 2   3 3
37 87 4   0 0   1 1   2 2   3 3
37 221 4   0 0   1 1   2 2   3 3
37 271 4   0 0   1 1   2 2   3 3
37 143 4   0 0   1 1   2 2   3 3
38 211 4   0 0   1 1   2 2   3 3
38 153 4   0 0   1 1   2 2   3 3
38 189 4   0 0   1 1   2 2   3 3
38 126 4   0 0   1 1   2 2   3 3
38 111 4   0 0   1 1   2 2   3 3
38 271 4   0 0   1 1   2 2   3 3
38 143 4   0 0   1 1   2 2   3 3
39 273 4   0 0   1 1   2 2   3 3
39 101 4   0 0   1 1   2 2   3 3
39 184 4   0 0   1 1   2 2   3 3
39 156 4   0 0   1 1   2 2   3 3
39 175 4   0 0   1 1   2 2   3 3
40 273 4   0 0   1 1   2 2   3 3
40 250 4   0 0   1 1   2 2   3 3
40 218 4   0 0   1 1   2 2   3 3
40 286 4   0 0   1 1   2 2   3 3
40 159 4   0 0   1 1   2 2   3 3
41 227 4   0 0   1 1   2 2   3 3
41 260 4   0 0   1 1   2 2   3 3
41 86 4   0 0   1 1   2 2   3 3
41 215 4   0 0   1 1   2 2   3 3
41 121 4   0 0   1 1   2 2   3 3
41 204 4   0 0   1 1   2 2   3 3
41 124 4   0 0   1 1   2 2   3 3
42 112 4   0 0   1 1   2 2   3 3
42 209 4   0 0   1 1   2 2   3 3
42 246 4   0 0   1 1   2 2   3 3
42 93 4   0 0   1 1   2 2   3 3
42 286 4   0 0   1 1   2 2   3 3
43 67 4   0 0   1 1   2 2   3 3
43 75 4   0 0   1 1   2 2   3 3
43 157 4   0 0   1 1   2 2   3 3
43 63 4   0 0   1 1   2 2   3 3
43 207 4   0 0   1 1   2 2   3 3
44 48 4   0 0   1 1   2 2   3 3
44 225 4   0 0   1 1   2 2   3 3
44 52 4   0 0   1 1   2 2   3 3
44 181 4   0 0   1 1   2 2   3 3
44 88 4   0 0   1 1   2 2   3 3
44 45 4   0 0   1 1   2 2   3 3
45 48 4   0 0   1 1   2 2   3 3
45 225 4   0 0   1 1   2 2   3 3
46 194 4   0 0   1 1   2 2   3 3
46 53 4   0 0   1 1   2 2   3 3
46 69 4   0 0   1 1   2 2   3 3
46 71 4   0 0   1 1   2 2   3 3
46 268 4   0 0   1 1   2 2   3 3
46 287 4   0 0   1 1   2 2   3 3
46 239 4   0 0   1 1   2 2   3 3
47 224 4   0 0   1 1   2 2   3 3
47 164 4   0 0   1 1   2 2   3 3
47 165 4   0 0   1 1   2 2   3 3
47 85 4   0 0   1 1   2 2   3 3
47 253 4   0 0   1 1   2 2   3 3
48 181 4   0 0   1 1   2 2   3 3
48 94 4   0 0   1 1   2 2   3 3
49 114 4   0 0   1 1   2 2   3 3
49 220 4   0 0   1 1   2 2   3 3
49 173 4   0 0   1 1   2 2   3 3
49 271 4   0 0   1 1   2 2   3 3
50 113 4   0 0   1 1   2 2   3 3
50 257 4   0 0   1 1   2 2   3 3
50 118 4   0 0   1 1   2 2   3 3
51 144 4   0 0   1 1   2 2   3 3
51 241 4   0 0   1 1   2 2   3 3
51 230 4   0 0   1 1   2 2   3 3
51 186 4   0 0   1 1   2 2   3 3
51 78 4   0 0   1 1   2 2   3 3
52 257 4   0 0   1 1   2 2   3 3
52 276 4   0 0   1 1   2 2   3 3
52 245 4   0 0   1 1   2 2   3 3
52 181 4   0 0   1 1   2 2   3 3
52 54 4   0 0   1 1   2 2   3 3
52 88 4   0 0   1 1   2 2   3 3
52 94 4   0 0   1 1   2 2   3 3
53 69 4   0 0   1 1   2 2   3 3
53 295 4   0 0   1 1   2 2   3 3
53 75 4   0 0   1 1   2 2   3 3
53 190 4   0 0   1 1   2 2   3 3
53 287 4   0 0   1 1   2 2   3 3
54 274 4   0 0   1 1   2 2   3 3
54 276 4   0 0   1 1   2 2   3 3
54 261 4   0 0   1 1   2 2   3 3
54 294 4   0 0   1 1   2 2   3 3
54 232 4   0 0   1 1   2 2   3 3
54 280 4   0 0   1 1   2 2   3 3
54 94 4   0 0   1 1   2 2   3 3
55 247 4   0 0   1 1   2 2   3 3
55 168 4   0 0   1 1   2 2   3 3
55 283 4   0 0   1 1   2 2   3 3
55 219 4   0 0   1 1   2 2   3 3
56 212 4   0 0   1 1   2 2   3 3
56 203 4   0 0   1 1   2 2   3 3
56 223 4   0 0   1 1   2 2   3 3
57 258 4   0 0   1 1   2 2   3 3
57 135 4   0 0   1 1   2 2   3 3
57 139 4   0 0   1 1   2 2   3 3
57 269 4   0 0   1 1   2 2   3 3
57 207 4   0 0   1 1   2 2   3 3
58 130 4   0 0   1 1   2 2   3 3
58 131 4   0 0   1 1   2 2   3 3
58 231 4   0 0   1 1   2 2   3 3
58 137 4   0 0   1 1   2 2   3 3
58 233 4   0 0   1 1   2 2   3 3
59 163 4   0 0   1 1   2 2   3 3
59 122 4   0 0   1 1   2 2   3 3
59 75 4   0 0   1 1   2 2   3 3
59 157 4   0 0   1 1   2 2   3 3
59 190 4   0 0   1 1   2 2   3 3
60 289 4   0 0   1 1   2 2   3 3
60 85 4   0 0   1 1   2 2   3 3
60 172 4   0 0   1 1   2 2   3 3
60 125 4   0 0   1 1   2 2   3 3
61 256 4   0 0   1 1   2 2   3 3
61 69 4   0 0   1 1   2 2   3 3
61 198 4   0 0   1 1   2 2   3 3
61 102 4   0 0   1 1   2 2   3 3
61 206 4   0 0   1 1   2 2   3 3
61 255 4   0 0   1 1   2 2   3 3
62 288 4   0 0   1 1   2 2   3 3
62 98 4   0 0   1 1   2 2   3 3
62 211 4   0 0   1 1   2 2   3 3
62 228 4   0 0   1 1   2 2   3 3
62 265 4   0 0   1 1   2 2   3 3
62 126 4   0 0   1 1   2 2   3 3
63 146 4   0 0   1 1   2 2   3 3
63 147 4   0 0   1 1   2 2   3 3
63 157 4   0 0   1 1   2 2   3 3
63 78 4   0 0   1 1   2 2   3 3
63 158 4   0 0   1 1   2 2   3 3
64 226 4   0 0   1 1   2 2   3 3
64 291 4   0 0   1 1   2 2   3 3
64 167 4   0 0   1 1   2 2   3 3
64 248 4   0 0   1 1   2 2   3 3
64 140 4   0 0   1 1   2 2   3 3
65 80 4   0 0   1 1   2 2   3 3
65 259 4   0 0   1 1   2 2   3 3
65 116 4   0 0   1 1   2 2   3 3
65 101 4   0 0   1 1   2 2   3 3
65 279 4   0 0   1 1   2 2   3 3
65 217 4   0 0   1 1   2 2   3 3
65 175 4   0 0   1 1   2 2   3 3
66 291 4   0 0   1 1   2 2   3 3
66 244 4   0 0   1 1   2 2   3 3
67 82 4   0 0   1 1   2 2   3 3
67 75 4   0 0   1 1   2 2   3 3
67 207 4   0 0   1 1   2 2   3 3
68 266 4   0 0   1 1   2 2   3 3
68 122 4   0 0   1 1   2 2   3 3
68 157 4   0 0   1 1   2 2   3 3
68 158 4   0 0   1 1   2 2   3 3
69 198 4   0 0   1 1   2 2   3 3
69 295 4   0 0   1 1   2 2   3 3
69 268 4   0 0   1 1   2 2   3 3
69 255 4   0 0   1 1   2 2   3 3
70 177 4   0 0   1 1   2 2   3 3
70 99 4   0 0   1 1   2 2   3 3
70 153 4   0 0   1 1   2 2   3 3
70 90 4   0 0   1 1   2 2   3 3
70 143 4   0 0   1 1   2 2   3 3
71 194 4   0 0   1 1   2 2   3 3
71 136 4   0 0   1 1   2 2   3 3
71 268 4   0 0   1 1   2 2   3 3
72 182 4   0 0   1 1   2 2   3 3
72 150 4   0 0   1 1   2 2   3 3
72 119 4   0 0   1 1   2 2   3 3
72 152 4   0 0   1 1   2 2   3 3
72 235 4   0 0   1 1   2 2   3 3
73 148 4   0 0   1 1   2 2   3 3
73 231 4   0 0   1 1   2 2   3 3
73 203 4   0 0   1 1   2 2   3 3
73 239 4   0 0   1 1   2 2   3 3
74 228 4   0 0   1 1   2 2   3 3
74 133 4   0 0   1 1   2 2   3 3
74 107 4   0 0   1 1   2 2   3 3
74 126 4   0 0   1 1   2 2   3 3
74 142 4   0 0   1 1   2 2   3 3
75 82 4   0 0   1 1   2 2   3 3
75 295 4   0 0   1 1   2 2   3 3
75 190 4   0 0   1 1   2 2   3 3
76 281 4   0 0   1 1   2 2   3 3
76 249 4   0 0   1 1   2 2   3 3
76 91 4   0 0   1 1   2 2   3 3
76 239 4   0 0   1 1   2 2   3 3
77 256 4   0 0   1 1   2 2   3 3
77 169 4   0 0   1 1   2 2   3 3
77 174 4   0 0   1 1   2 2   3 3
78 241 4   0 0   1 1   2 2   3 3
78 147 4   0 0   1 1   2 2   3 3
78 230 4   0 0   1 1   2 2   3 3
79 117 4   0 0   1 1   2 2   3 3
79 261 4   0 0   1 1   2 2   3 3
79 185 4   0 0   1 1   2 2   3 3
80 217 4   0 0   1 1   2 2   3 3
80 202 4   0 0   1 1   2 2   3 3
80 175 4   0 0   1 1   2 2   3 3
81 83 4   0 0   1 1   2 2   3 3
81 100 4   0 0   1 1   2 2   3 3
81 201 4   0 0   1 1   2 2   3 3
81 123 4   0 0   1 1   2 2   3 3
81 108 4   0 0   1 1   2 2   3 3
82 295 4   0 0   1 1   2 2   3 3
82 207 4   0 0   1 1   2 2   3 3
83 100 4   0 0   1 1   2 2   3 3
83 202 4   0 0   1 1   2 2   3 3
83 123 4   0 0   1 1   2 2   3 3
83 175 4   0 0   1 1   2 2   3 3
84 179 4   0 0   1 1   2 2   3 3
84 101 4   0 0   1 1   2 2   3 3
84 149 4   0 0   1 1   2 2   3 3
84 199 4   0 0   1 1   2 2   3 3
85 224 4   0 0   1 1   2 2   3 3
85 125 4   0 0   1 1   2 2   3 3
86 227 4   0 0   1 1   2 2   3 3
86 182 4   0 0   1 1   2 2   3 3
86 236 4   0 0   1 1   2 2   3 3
86 285 4   0 0   1 1   2 2   3 3
87 115 4   0 0   1 1   2 2   3 3
87 183 4   0 0   1 1   2 2   3 3
87 90 4   0 0   1 1   2 2   3 3
87 188 4   0 0   1 1   2 2   3 3
87 143 4   0 0   1 1   2 2   3 3
88 208 4   0 0   1 1   2 2   3 3
88 225 4   0 0   1 1   2 2   3 3
88 242 4   0 0   1 1   2 2   3 3
88 245 4   0 0   1 1   2 2   3 3
88 214 4   0 0   1 1   2 2   3 3
89 151 4   0 0   1 1   2 2   3 3
89 138 4   0 0   1 1   2 2   3 3
89 237 4   0 0   1 1   2 2   3 3
90 177 4   0 0   1 1   2 2   3 3
90 289 4   0 0   1 1   2 2   3 3
90 188 4   0 0   1 1   2 2   3 3
90 143 4   0 0   1 1   2 2   3 3
91 134 4   0 0   1 1   2 2   3 3
91 249 4   0 0   1 1   2 2   3 3
92 277 4   0 0   1 1   2 2   3 3
92 201 4   0 0   1 1   2 2   3 3
92 108 4   0 0   1 1   2 2   3 3
92 238 4   0 0   1 1   2 2   3 3
93 209 4   0 0   1 1   2 2   3 3
93 199 4   0 0   1 1   2 2   3 3
93 156 4   0 0   1 1   2 2   3 3
93 286 4   0 0   1 1   2 2   3 3
94 261 4   0 0   1 1   2 2   3 3
94 181 4   0 0   1 1   2 2   3 3
94 280 4   0 0   1 1   2 2   3 3
95 192 4   0 0   1 1   2 2   3 3
95 210 4   0 0   1 1   2 2   3 3
95 294 4   0 0   1 1   2 2   3 3
95 232 4   0 0   1 1   2 2   3 3
96 116 4   0 0   1 1   2 2   3 3
96 279 4   0 0   1 1   2 2   3 3
96 200 4   0 0   1 1   2 2   3 3
96 205 4   0 0   1 1   2 2   3 3
97 164 4   0 0   1 1   2 2   3 3
97 229 4   0 0   1 1   2 2   3 3
97 278 4   0 0   1 1   2 2   3 3
97 168 4   0 0   1 1   2 2   3 3
98 288 4   0 0   1 1   2 2   3 3
98 211 4   0 0   1 1   2 2   3 3
98 166 4   0 0   1 1   2 2   3 3
98 267 4   0 0   1 1   2 2   3 3
99 192 4   0 0   1 1   2 2   3 3
99 177 4   0 0   1 1   2 2   3 3
99 197 4   0 0   1 1   2 2   3 3
99 186 4   0 0   1 1   2 2   3 3
99 191 4   0 0   1 1   2 2   3 3
100 162 4   0 0   1 1   2 2   3 3
100 201 4   0 0   1 1   2 2   3 3
101 259 4   0 0   1 1   2 2   3 3
101 179 4   0 0   1 1   2 2   3 3
101 175 4   0 0   1 1   2 2   3 3
102 121 4   0 0   1 1   2 2   3 3
102 234 4   0 0   1 1   2 2   3 3
102 206 4   0 0   1 1   2 2   3 3
103 288 4   0 0   1 1   2 2   3 3
103 166 4   0 0   1 1   2 2   3 3
103 265 4   0 0   1 1   2 2   3 3
103 237 4   0 0   1 1   2 2   3 3
104 128 4   0 0   1 1   2 2   3 3
104 113 4   0 0   1 1   2 2   3 3
104 276 4   0 0   1 1   2 2   3 3
104 232 4   0 0   1 1   2 2   3 3
104 155 4   0 0   1 1   2 2   3 3
104 269 4   0 0   1 1   2 2   3 3
105 272 4   0 0   1 1   2 2   3 3
105 193 4   0 0   1 1   2 2   3 3
105 179 4   0 0   1 1   2 2   3 3
105 171 4   0 0   1 1   2 2   3 3
106 176 4   0 0   1 1   2 2   3 3
106 115 4   0 0   1 1   2 2   3 3
106 183 4   0 0   1 1   2 2   3 3
106 221 4   0 0   1 1   2 2   3 3
107 133 4   0 0   1 1   2 2   3 3
107 189 4   0 0   1 1   2 2   3 3
107 126 4   0 0   1 1   2 2   3 3
108 201 4   0 0   1 1   2 2   3 3
109 130 4   0 0   1 1   2 2   3 3
109 148 4   0 0   1 1   2 2   3 3
109 119 4   0 0   1 1   2 2   3 3
109 137 4   0 0   1 1   2 2   3 3
110 290 4   0 0   1 1   2 2   3 3
110 132 4   0 0   1 1   2 2   3 3
110 252 4   0 0   1 1   2 2   3 3
111 267 4   0 0   1 1   2 2   3 3
111 173 4   0 0   1 1   2 2   3 3
111 271 4   0 0   1 1   2 2   3 3
112 209 4   0 0   1 1   2 2   3 3
112 246 4   0 0   1 1   2 2   3 3
112 134 4   0 0   1 1   2 2   3 3
113 128 4   0 0   1 1   2 2   3 3
113 257 4   0 0   1 1   2 2   3 3
113 276 4   0 0   1 1   2 2   3 3
113 118 4   0 0   1 1   2 2   3 3
114 176 4   0 0   1 1   2 2   3 3
114 220 4   0 0   1 1   2 2   3 3
114 221 4   0 0   1 1   2 2   3 3
114 271 4   0 0   1 1   2 2   3 3
115 183 4   0 0   1 1   2 2   3 3
115 221 4   0 0   1 1   2 2   3 3
116 193 4   0 0   1 1   2 2   3 3
116 275 4   0 0   1 1   2 2   3 3
116 259 4   0 0   1 1   2 2   3 3
116 213 4   0 0   1 1   2 2   3 3
116 200 4   0 0   1 1   2 2   3 3
117 261 4   0 0   1 1   2 2   3 3
117 294 4   0 0   1 1   2 2   3 3
117 185 4   0 0   1 1   2 2   3 3
117 172 4   0 0   1 1   2 2   3 3
117 125 4   0 0   1 1   2 2   3 3
118 257 4   0 0   1 1   2 2   3 3
118 161 4   0 0   1 1   2 2   3 3
118 245 4   0 0   1 1   2 2   3 3
118 169 4   0 0   1 1   2 2   3 3
119 145 4   0 0   1 1   2 2   3 3
119 130 4   0 0   1 1   2 2   3 3
119 150 4   0 0   1 1   2 2   3 3
120 243 4   0 0   1 1   2 2   3 3
120 260 4   0 0   1 1   2 2   3 3
120 215 4   0 0   1 1   2 2   3 3
120 141 4   0 0   1 1   2 2   3 3
121 234 4   0 0   1 1   2 2   3 3
121 124 4   0 0   1 1   2 2   3 3
121 204 4   0 0   1 1   2 2   3 3
122 163 4   0 0   1 1   2 2   3 3
122 132 4   0 0   1 1   2 2   3 3
122 266 4   0 0   1 1   2 2   3 3
122 157 4   0 0   1 1   2 2   3 3
123 277 4   0 0   1 1   2 2   3 3
123 202 4   0 0   1 1   2 2   3 3
123 205 4   0 0   1 1   2 2   3 3
124 227 4   0 0   1 1   2 2   3 3
124 234 4   0 0   1 1   2 2   3 3
124 236 4   0 0   1 1   2 2   3 3
125 224 4   0 0   1 1   2 2   3 3
125 185 4   0 0   1 1   2 2   3 3
125 172 4   0 0   1 1   2 2   3 3
125 222 4   0 0   1 1   2 2   3 3
126 211 4   0 0   1 1   2 2   3 3
126 228 4   0 0   1 1   2 2   3 3
126 189 4   0 0   1 1   2 2   3 3
127 208 4   0 0   1 1   2 2   3 3
127 242 4   0 0   1 1   2 2   3 3
127 214 4   0 0   1 1   2 2   3 3
128 139 4   0 0   1 1   2 2   3 3
128 269 4   0 0   1 1   2 2   3 3
129 193 4   0 0   1 1   2 2   3 3
129 275 4   0 0   1 1   2 2   3 3
129 213 4   0 0   1 1   2 2   3 3
130 150 4   0 0   1 1   2 2   3 3
130 137 4   0 0   1 1   2 2   3 3
131 233 4   0 0   1 1   2 2   3 3
132 290 4   0 0   1 1   2 2   3 3
132 163 4   0 0   1 1   2 2   3 3
132 266 4   0 0   1 1   2 2   3 3
132 252 4   0 0   1 1   2 2   3 3
133 142 4   0 0   1 1   2 2   3 3
134 246 4   0 0   1 1   2 2   3 3
134 249 4   0 0   1 1   2 2   3 3
135 256 4   0 0   1 1   2 2   3 3
135 198 4   0 0   1 1   2 2   3 3
135 139 4   0 0   1 1   2 2   3 3
136 145 4   0 0   1 1   2 2   3 3
136 194 4   0 0   1 1   2 2   3 3
136 152 4   0 0   1 1   2 2   3 3
136 268 4   0 0   1 1   2 2   3 3
137 148 4   0 0   1 1   2 2   3 3
137 231 4   0 0   1 1   2 2   3 3
138 151 4   0 0   1 1   2 2   3 3
138 200 4   0 0   1 1   2 2   3 3
138 284 4   0 0   1 1   2 2   3 3
138 237 4   0 0   1 1   2 2   3 3
138 205 4   0 0   1 1   2 2   3 3
138 238 4   0 0   1 1   2 2   3 3
139 256 4   0 0   1 1   2 2   3 3
139 269 4   0 0   1 1   2 2   3 3
140 208 4   0 0   1 1   2 2   3 3
140 178 4   0 0   1 1   2 2   3 3
140 291 4   0 0   1 1   2 2   3 3
141 208 4   0 0   1 1   2 2   3 3
141 161 4   0 0   1 1   2 2   3 3
141 178 4   0 0   1 1   2 2   3 3
141 243 4   0 0   1 1   2 2   3 3
142 241 4   0 0   1 1   2 2   3 3
143 153 4   0 0   1 1   2 2   3 3
143 271 4   0 0   1 1   2 2   3 3
144 180 4   0 0   1 1   2 2   3 3
144 230 4   0 0   1 1   2 2   3 3
144 186 4   0 0   1 1   2 2   3 3
144 191 4   0 0   1 1   2 2   3 3
146 147 4   0 0   1 1   2 2   3 3
146 292 4   0 0   1 1   2 2   3 3
146 158 4   0 0   1 1   2 2   3 3
147 241 4   0 0   1 1   2 2   3 3
147 292 4   0 0   1 1   2 2   3 3
148 231 4   0 0   1 1   2 2   3 3
149 179 4   0 0   1 1   2 2   3 3
149 199 4   0 0   1 1   2 2   3 3
150 235 4   0 0   1 1   2 2   3 3
150 270 4   0 0   1 1   2 2   3 3
151 238 4   0 0   1 1   2 2   3 3
152 182 4   0 0   1 1   2 2   3 3
152 268 4   0 0   1 1   2 2   3 3
152 206 4   0 0   1 1   2 2   3 3
152 255 4   0 0   1 1   2 2   3 3
153 189 4   0 0   1 1   2 2   3 3
154 240 4   0 0   1 1   2 2   3 3
154 264 4   0 0   1 1   2 2   3 3
154 170 4   0 0   1 1   2 2   3 3
154 223 4   0 0   1 1   2 2   3 3
155 274 4   0 0   1 1   2 2   3 3
155 276 4   0 0   1 1   2 2   3 3
155 232 4   0 0   1 1   2 2   3 3
156 273 4   0 0   1 1   2 2   3 3
156 199 4   0 0   1 1   2 2   3 3
156 250 4   0 0   1 1   2 2   3 3
156 286 4   0 0   1 1   2 2   3 3
157 158 4   0 0   1 1   2 2   3 3
158 162 4   0 0   1 1   2 2   3 3
158 292 4   0 0   1 1   2 2   3 3
158 266 4   0 0   1 1   2 2   3 3
159 218 4   0 0   1 1   2 2   3 3
159 252 4   0 0   1 1   2 2   3 3
159 286 4   0 0   1 1   2 2   3 3
160 196 4   0 0   1 1   2 2   3 3
160 229 4   0 0   1 1   2 2   3 3
160 262 4   0 0   1 1   2 2   3 3
160 183 4   0 0   1 1   2 2   3 3
160 219 4   0 0   1 1   2 2   3 3
161 208 4   0 0   1 1   2 2   3 3
161 245 4   0 0   1 1   2 2   3 3
161 251 4   0 0   1 1   2 2   3 3
162 292 4   0 0   1 1   2 2   3 3
162 201 4   0 0   1 1   2 2   3 3
162 218 4   0 0   1 1   2 2   3 3
162 266 4   0 0   1 1   2 2   3 3
162 187 4   0 0   1 1   2 2   3 3
163 290 4   0 0   1 1   2 2   3 3
163 190 4   0 0   1 1   2 2   3 3
164 224 4   0 0   1 1   2 2   3 3
164 165 4   0 0   1 1   2 2   3 3
164 278 4   0 0   1 1   2 2   3 3
165 195 4   0 0   1 1   2 2   3 3
165 278 4   0 0   1 1   2 2   3 3
165 253 4   0 0   1 1   2 2   3 3
166 288 4   0 0   1 1   2 2   3 3
166 267 4   0 0   1 1   2 2   3 3
167 226 4   0 0   1 1   2 2   3 3
167 291 4   0 0   1 1   2 2   3 3
167 244 4   0 0   1 1   2 2   3 3
168 229 4   0 0   1 1   2 2   3 3
168 219 4   0 0   1 1   2 2   3 3
169 251 4   0 0   1 1   2 2   3 3
169 174 4   0 0   1 1   2 2   3 3
170 264 4   0 0   1 1   2 2   3 3
171 272 4   0 0   1 1   2 2   3 3
171 193 4   0 0   1 1   2 2   3 3
171 200 4   0 0   1 1   2 2   3 3
171 282 4   0 0   1 1   2 2   3 3
172 293 4   0 0   1 1   2 2   3 3
172 294 4   0 0   1 1   2 2   3 3
173 283 4   0 0   1 1   2 2   3 3
173 267 4   0 0   1 1   2 2   3 3
173 271 4   0 0   1 1   2 2   3 3
174 251 4   0 0   1 1   2 2   3 3
174 204 4   0 0   1 1   2 2   3 3
175 184 4   0 0   1 1   2 2   3 3
175 202 4   0 0   1 1   2 2   3 3
176 183 4   0 0   1 1   2 2   3 3
176 216 4   0 0   1 1   2 2   3 3
176 219 4   0 0   1 1   2 2   3 3
176 220 4   0 0   1 1   2 2   3 3
176 221 4   0 0   1 1   2 2   3 3
177 289 4   0 0   1 1   2 2   3 3
177 197 4   0 0   1 1   2 2   3 3
178 208 4   0 0   1 1   2 2   3 3
178 243 4   0 0   1 1   2 2   3 3
179 193 4   0 0   1 1   2 2   3 3
179 275 4   0 0   1 1   2 2   3 3
179 259 4   0 0   1 1   2 2   3 3
180 192 4   0 0   1 1   2 2   3 3
180 230 4   0 0   1 1   2 2   3 3
180 191 4   0 0   1 1   2 2   3 3
182 234 4   0 0   1 1   2 2   3 3
182 235 4   0 0   1 1   2 2   3 3
182 236 4   0 0   1 1   2 2   3 3
182 285 4   0 0   1 1   2 2   3 3
182 206 4   0 0   1 1   2 2   3 3
183 196 4   0 0   1 1   2 2   3 3
183 263 4   0 0   1 1   2 2   3 3
183 219 4   0 0   1 1   2 2   3 3
183 188 4   0 0   1 1   2 2   3 3
184 273 4   0 0   1 1   2 2   3 3
184 187 4   0 0   1 1   2 2   3 3
185 222 4   0 0   1 1   2 2   3 3
186 191 4   0 0   1 1   2 2   3 3
187 273 4   0 0   1 1   2 2   3 3
187 218 4   0 0   1 1   2 2   3 3
188 289 4   0 0   1 1   2 2   3 3
188 263 4   0 0   1 1   2 2   3 3
188 253 4   0 0   1 1   2 2   3 3
190 290 4   0 0   1 1   2 2   3 3
190 281 4   0 0   1 1   2 2   3 3
191 192 4   0 0   1 1   2 2   3 3
192 210 4   0 0   1 1   2 2   3 3
192 197 4   0 0   1 1   2 2   3 3
192 230 4   0 0   1 1   2 2   3 3
192 232 4   0 0   1 1   2 2   3 3
192 254 4   0 0   1 1   2 2   3 3
193 275 4   0 0   1 1   2 2   3 3
193 213 4   0 0   1 1   2 2   3 3
193 200 4   0 0   1 1   2 2   3 3
194 239 4   0 0   1 1   2 2   3 3
195 196 4   0 0   1 1   2 2   3 3
195 262 4   0 0   1 1   2 2   3 3
195 278 4   0 0   1 1   2 2   3 3
195 263 4   0 0   1 1   2 2   3 3
195 253 4   0 0   1 1   2 2   3 3
196 262 4   0 0   1 1   2 2   3 3
196 263 4   0 0   1 1   2 2   3 3
197 289 4   0 0   1 1   2 2   3 3
197 210 4   0 0   1 1   2 2   3 3
197 293 4   0 0   1 1   2 2   3 3
198 256 4   0 0   1 1   2 2   3 3
198 295 4   0 0   1 1   2 2   3 3
200 282 4   0 0   1 1   2 2   3 3
200 284 4   0 0   1 1   2 2   3 3
200 205 4   0 0   1 1   2 2   3 3
201 241 4   0 0   1 1   2 2   3 3
201 292 4   0 0   1 1   2 2   3 3
203 231 4   0 0   1 1   2 2   3 3
203 264 4   0 0   1 1   2 2   3 3
203 223 4   0 0   1 1   2 2   3 3
203 239 4   0 0   1 1   2 2   3 3
204 215 4   0 0   1 1   2 2   3 3
204 251 4   0 0   1 1   2 2   3 3
205 277 4   0 0   1 1   2 2   3 3
205 279 4   0 0   1 1   2 2   3 3
205 217 4   0 0   1 1   2 2   3 3
205 238 4   0 0   1 1   2 2   3 3
206 234 4   0 0   1 1   2 2   3 3
206 255 4   0 0   1 1   2 2   3 3
208 245 4   0 0   1 1   2 2   3 3
208 214 4   0 0   1 1   2 2   3 3
210 293 4   0 0   1 1   2 2   3 3
210 294 4   0 0   1 1   2 2   3 3
212 240 4   0 0   1 1   2 2   3 3
212 223 4   0 0   1 1   2 2   3 3
213 275 4   0 0   1 1   2 2   3 3
214 242 4   0 0   1 1   2 2   3 3
215 260 4   0 0   1 1   2 2   3 3
215 251 4   0 0   1 1   2 2   3 3
216 219 4   0 0   1 1   2 2   3 3
216 220 4   0 0   1 1   2 2   3 3
217 279 4   0 0   1 1   2 2   3 3
218 273 4   0 0   1 1   2 2   3 3
218 266 4   0 0   1 1   2 2   3 3
218 252 4   0 0   1 1   2 2   3 3
219 229 4   0 0   1 1   2 2   3 3
222 224 4   0 0   1 1   2 2   3 3
223 240 4   0 0   1 1   2 2   3 3
223 264 4   0 0   1 1   2 2   3 3
225 242 4   0 0   1 1   2 2   3 3
226 242 4   0 0   1 1   2 2   3 3
226 248 4   0 0   1 1   2 2   3 3
227 236 4   0 0   1 1   2 2   3 3
228 265 4   0 0   1 1   2 2   3 3
229 262 4   0 0   1 1   2 2   3 3
229 278 4   0 0   1 1   2 2   3 3
230 258 4   0 0   1 1   2 2   3 3
230 254 4   0 0   1 1   2 2   3 3
231 264 4   0 0   1 1   2 2   3 3
231 233 4   0 0   1 1   2 2   3 3
232 274 4   0 0   1 1   2 2   3 3
232 294 4   0 0   1 1   2 2   3 3
232 269 4   0 0   1 1   2 2   3 3
232 254 4   0 0   1 1   2 2   3 3
233 264 4   0 0   1 1   2 2   3 3
234 236 4   0 0   1 1   2 2   3 3
235 285 4   0 0   1 1   2 2   3 3
235 270 4   0 0   1 1   2 2   3 3
237 265 4   0 0   1 1   2 2   3 3
237 282 4   0 0   1 1   2 2   3 3
237 284 4   0 0   1 1   2 2   3 3
238 277 4   0 0   1 1   2 2   3 3
241 292 4   0 0   1 1   2 2   3 3
242 248 4   0 0   1 1   2 2   3 3
244 291 4   0 0   1 1   2 2   3 3
245 257 4   0 0   1 1   2 2   3 3
246 249 4   0 0   1 1   2 2   3 3
249 281 4   0 0   1 1   2 2   3 3
250 273 4   0 0   1 1   2 2   3 3
250 286 4   0 0   1 1   2 2   3 3
252 290 4   0 0   1 1   2 2   3 3
252 266 4   0 0   1 1   2 2   3 3
253 289 4   0 0   1 1   2 2   3 3
253 263 4   0 0   1 1   2 2   3 3
254 258 4   0 0   1 1   2 2   3 3
255 268 4   0 0   1 1   2 2   3 3
257 276 4   0 0   1 1   2 2   3 3
259 275 4   0 0   1 1   2 2   3 3
261 294 4   0 0   1 1   2 2   3 3
261 280 4   0 0   1 1   2 2   3 3
262 278 4   0 0   1 1   2 2   3 3
265 288 4   0 0   1 1   2 2   3 3
270 285 4   0 0   1 1   2 2   3 3
272 282 4   0 0   1 1   2 2   3 3
274 276 4   0 0   1 1   2 2   3 3
281 290 4   0 0   1 1   2 2   3 3
282 284 4   0 0   1 1   2 2   3 3
293 294 4   0 0   1 1   2 2   3 3
