208
1 4 0 1 2 3
2 4 0 1 2 3
3 4 0 1 2 3
4 4 0 1 2 3
5 4 0 1 2 3
6 4 0 1 2 3
7 4 0 1 2 3
8 4 0 1 2 3
9 4 0 1 2 3
10 4 0 1 2 3
11 4 0 1 2 3
12 4 0 1 2 3
13 4 0 1 2 3
14 4 0 1 2 3
15 4 0 1 2 3
16 4 0 1 2 3
17 4 0 1 2 3
18 4 0 1 2 3
19 4 0 1 2 3
20 4 0 1 2 3
21 4 0 1 2 3
22 4 0 1 2 3
23 4 0 1 2 3
24 4 0 1 2 3
25 4 0 1 2 3
26 4 0 1 2 3
27 4 0 1 2 3
28 4 0 1 2 3
29 4 0 1 2 3
30 4 0 1 2 3
31 4 0 1 2 3
32 4 0 1 2 3
33 4 0 1 2 3
34 4 0 1 2 3
35 4 0 1 2 3
36 4 0 1 2 3
37 4 0 1 2 3
38 4 0 1 2 3
39 4 0 1 2 3
40 4 0 1 2 3
41 4 0 1 2 3
42 4 0 1 2 3
43 4 0 1 2 3
44 4 0 1 2 3
45 4 0 1 2 3
46 4 0 1 2 3
47 4 0 1 2 3
48 4 0 1 2 3
49 4 0 1 2 3
50 4 0 1 2 3
51 4 0 1 2 3
52 4 0 1 2 3
53 4 0 1 2 3
54 4 0 1 2 3
55 4 0 1 2 3
56 4 0 1 2 3
57 4 0 1 2 3
58 4 0 1 2 3
59 4 0 1 2 3
60 4 0 1 2 3
61 4 0 1 2 3
62 4 0 1 2 3
63 4 0 1 2 3
64 4 0 1 2 3
65 4 0 1 2 3
66 4 0 1 2 3
67 4 0 1 2 3
68 4 0 1 2 3
69 4 0 1 2 3
70 4 0 1 2 3
71 4 0 1 2 3
72 4 0 1 2 3
73 4 0 1 2 3
74 4 0 1 2 3
75 4 0 1 2 3
76 4 0 1 2 3
77 4 0 1 2 3
78 4 0 1 2 3
79 4 0 1 2 3
80 4 0 1 2 3
81 4 0 1 2 3
82 4 0 1 2 3
83 4 0 1 2 3
84 4 0 1 2 3
85 4 0 1 2 3
86 4 0 1 2 3
87 4 0 1 2 3
88 4 0 1 2 3
89 4 0 1 2 3
90 4 0 1 2 3
91 4 0 1 2 3
92 4 0 1 2 3
93 4 0 1 2 3
94 4 0 1 2 3
95 4 0 1 2 3
96 4 0 1 2 3
97 4 0 1 2 3
98 4 0 1 2 3
99 4 0 1 2 3
100 4 0 1 2 3
101 4 0 1 2 3
102 4 0 1 2 3
103 4 0 1 2 3
104 4 0 1 2 3
105 4 0 1 2 3
106 4 0 1 2 3
107 4 0 1 2 3
108 4 0 1 2 3
109 4 0 1 2 3
110 4 0 1 2 3
111 4 0 1 2 3
112 4 0 1 2 3
113 4 0 1 2 3
114 4 0 1 2 3
115 4 0 1 2 3
116 4 0 1 2 3
117 4 0 1 2 3
118 4 0 1 2 3
119 4 0 1 2 3
120 4 0 1 2 3
121 4 0 1 2 3
122 4 0 1 2 3
123 4 0 1 2 3
124 4 0 1 2 3
125 4 0 1 2 3
126 4 0 1 2 3
127 4 0 1 2 3
128 4 0 1 2 3
129 4 0 1 2 3
130 4 0 1 2 3
131 4 0 1 2 3
132 4 0 1 2 3
133 4 0 1 2 3
134 4 0 1 2 3
135 4 0 1 2 3
136 4 0 1 2 3
137 4 0 1 2 3
138 4 0 1 2 3
139 4 0 1 2 3
140 4 0 1 2 3
141 4 0 1 2 3
142 4 0 1 2 3
143 4 0 1 2 3
144 4 0 1 2 3
145 4 0 1 2 3
146 4 0 1 2 3
147 4 0 1 2 3
148 4 0 1 2 3
149 4 0 1 2 3
150 4 0 1 2 3
151 4 0 1 2 3
152 4 0 1 2 3
153 4 0 1 2 3
154 4 0 1 2 3
155 4 0 1 2 3
156 4 0 1 2 3
157 4 0 1 2 3
158 4 0 1 2 3
159 4 0 1 2 3
160 4 0 1 2 3
161 4 0 1 2 3
162 4 0 1 2 3
163 4 0 1 2 3
164 4 0 1 2 3
165 4 0 1 2 3
166 4 0 1 2 3
167 4 0 1 2 3
168 4 0 1 2 3
169 4 0 1 2 3
170 4 0 1 2 3
171 4 0 1 2 3
172 4 0 1 2 3
173 4 0 1 2 3
174 4 0 1 2 3
175 4 0 1 2 3
176 4 0 1 2 3
177 4 0 1 2 3
178 4 0 1 2 3
179 4 0 1 2 3
180 4 0 1 2 3
181 4 0 1 2 3
182 4 0 1 2 3
183 4 0 1 2 3
184 4 0 1 2 3
185 4 0 1 2 3
186 4 0 1 2 3
187 4 0 1 2 3
188 4 0 1 2 3
189 4 0 1 2 3
190 4 0 1 2 3
191 4 0 1 2 3
192 4 0 1 2 3
193 4 0 1 2 3
194 4 0 1 2 3
195 4 0 1 2 3
196 4 0 1 2 3
197 4 0 1 2 3
198 4 0 1 2 3
199 4 0 1 2 3
200 4 0 1 2 3
201 4 0 1 2 3
202 4 0 1 2 3
203 4 0 1 2 3
204 4 0 1 2 3
205 4 0 1 2 3
206 4 0 1 2 3
207 4 0 1 2 3
208 4 0 1 2 3
569
1 163 4   0 0   1 1   2 2   3 3
1 55 4   0 0   1 1   2 2   3 3
1 41 4   0 0   1 1   2 2   3 3
1 47 4   0 0   1 1   2 2   3 3
2 96 4   0 0   1 1   2 2   3 3
2 184 4   0 0   1 1   2 2   3 3
2 40 4   0 0   1 1   2 2   3 3
2 73 4   0 0   1 1   2 2   3 3
2 90 4   0 0   1 1   2 2   3 3
2 79 4   0 0   1 1   2 2   3 3
3 81 4   0 0   1 1   2 2   3 3
3 66 4   0 0   1 1   2 2   3 3
3 35 4   0 0   1 1   2 2   3 3
4 176 4   0 0   1 1   2 2   3 3
4 145 4   0 0   1 1   2 2   3 3
4 117 4   0 0   1 1   2 2   3 3
4 85 4   0 0   1 1   2 2   3 3
4 202 4   0 0   1 1   2 2   3 3
4 107 4   0 0   1 1   2 2   3 3
4 109 4   0 0   1 1   2 2   3 3
5 112 4   0 0   1 1   2 2   3 3
5 115 4   0 0   1 1   2 2   3 3
5 86 4   0 0   1 1   2 2   3 3
5 7 4   0 0   1 1   2 2   3 3
5 170 4   0 0   1 1   2 2   3 3
5 15 4   0 0   1 1   2 2   3 3
6 114 4   0 0   1 1   2 2   3 3
6 87 4   0 0   1 1   2 2   3 3
6 10 4   0 0   1 1   2 2   3 3
6 127 4   0 0   1 1   2 2   3 3
7 182 4   0 0   1 1   2 2   3 3
7 170 4   0 0   1 1   2 2   3 3
7 15 4   0 0   1 1   2 2   3 3
8 178 4   0 0   1 1   2 2   3 3
8 181 4   0 0   1 1   2 2   3 3
8 102 4   0 0   1 1   2 2   3 3
8 136 4   0 0   1 1   2 2   3 3
8 153 4   0 0   1 1   2 2   3 3
8 90 4   0 0   1 1   2 2   3 3
8 142 4   0 0   1 1   2 2   3 3
8 47 4   0 0   1 1   2 2   3 3
9 144 4   0 0   1 1   2 2   3 3
9 66 4   0 0   1 1   2 2   3 3
9 114 4   0 0   1 1   2 2   3 3
9 84 4   0 0   1 1   2 2   3 3
9 10 4   0 0   1 1   2 2   3 3
10 66 4   0 0   1 1   2 2   3 3
10 98 4   0 0   1 1   2 2   3 3
10 114 4   0 0   1 1   2 2   3 3
10 87 4   0 0   1 1   2 2   3 3
10 127 4   0 0   1 1   2 2   3 3
11 192 4   0 0   1 1   2 2   3 3
11 34 4   0 0   1 1   2 2   3 3
11 179 4   0 0   1 1   2 2   3 3
11 35 4   0 0   1 1   2 2   3 3
12 100 4   0 0   1 1   2 2   3 3
12 124 4   0 0   1 1   2 2   3 3
12 28 4   0 0   1 1   2 2   3 3
13 36 4   0 0   1 1   2 2   3 3
13 151 4   0 0   1 1   2 2   3 3
13 184 4   0 0   1 1   2 2   3 3
13 90 4   0 0   1 1   2 2   3 3
13 187 4   0 0   1 1   2 2   3 3
13 111 4   0 0   1 1   2 2   3 3
14 160 4   0 0   1 1   2 2   3 3
14 37 4   0 0   1 1   2 2   3 3
14 118 4   0 0   1 1   2 2   3 3
14 137 4   0 0   1 1   2 2   3 3
15 112 4   0 0   1 1   2 2   3 3
15 195 4   0 0   1 1   2 2   3 3
15 165 4   0 0   1 1   2 2   3 3
15 182 4   0 0   1 1   2 2   3 3
15 207 4   0 0   1 1   2 2   3 3
16 100 4   0 0   1 1   2 2   3 3
16 151 4   0 0   1 1   2 2   3 3
17 146 4   0 0   1 1   2 2   3 3
17 198 4   0 0   1 1   2 2   3 3
17 38 4   0 0   1 1   2 2   3 3
17 173 4   0 0   1 1   2 2   3 3
17 125 4   0 0   1 1   2 2   3 3
18 23 4   0 0   1 1   2 2   3 3
18 103 4   0 0   1 1   2 2   3 3
18 72 4   0 0   1 1   2 2   3 3
18 88 4   0 0   1 1   2 2   3 3
18 92 4   0 0   1 1   2 2   3 3
18 188 4   0 0   1 1   2 2   3 3
18 95 4   0 0   1 1   2 2   3 3
19 48 4   0 0   1 1   2 2   3 3
19 194 4   0 0   1 1   2 2   3 3
19 116 4   0 0   1 1   2 2   3 3
19 21 4   0 0   1 1   2 2   3 3
19 150 4   0 0   1 1   2 2   3 3
19 123 4   0 0   1 1   2 2   3 3
19 203 4   0 0   1 1   2 2   3 3
19 125 4   0 0   1 1   2 2   3 3
19 175 4   0 0   1 1   2 2   3 3
20 147 4   0 0   1 1   2 2   3 3
20 83 4   0 0   1 1   2 2   3 3
20 55 4   0 0   1 1   2 2   3 3
20 41 4   0 0   1 1   2 2   3 3
20 126 4   0 0   1 1   2 2   3 3
21 114 4   0 0   1 1   2 2   3 3
21 116 4   0 0   1 1   2 2   3 3
21 175 4   0 0   1 1   2 2   3 3
22 32 4   0 0   1 1   2 2   3 3
22 49 4   0 0   1 1   2 2   3 3
22 161 4   0 0   1 1   2 2   3 3
22 134 4   0 0   1 1   2 2   3 3
23 103 4   0 0   1 1   2 2   3 3
23 59 4   0 0   1 1   2 2   3 3
23 95 4   0 0   1 1   2 2   3 3
24 208 4   0 0   1 1   2 2   3 3
24 113 4   0 0   1 1   2 2   3 3
24 169 4   0 0   1 1   2 2   3 3
24 106 4   0 0   1 1   2 2   3 3
24 45 4   0 0   1 1   2 2   3 3
25 33 4   0 0   1 1   2 2   3 3
25 67 4   0 0   1 1   2 2   3 3
25 75 4   0 0   1 1   2 2   3 3
25 78 4   0 0   1 1   2 2   3 3
25 94 4   0 0   1 1   2 2   3 3
25 110 4   0 0   1 1   2 2   3 3
26 149 4   0 0   1 1   2 2   3 3
26 121 4   0 0   1 1   2 2   3 3
26 204 4   0 0   1 1   2 2   3 3
26 207 4   0 0   1 1   2 2   3 3
27 96 4   0 0   1 1   2 2   3 3
27 52 4   0 0   1 1   2 2   3 3
27 133 4   0 0   1 1   2 2   3 3
27 90 4   0 0   1 1   2 2   3 3
27 138 4   0 0   1 1   2 2   3 3
27 43 4   0 0   1 1   2 2   3 3
27 141 4   0 0   1 1   2 2   3 3
27 142 4   0 0   1 1   2 2   3 3
27 47 4   0 0   1 1   2 2   3 3
27 79 4   0 0   1 1   2 2   3 3
28 67 4   0 0   1 1   2 2   3 3
28 100 4   0 0   1 1   2 2   3 3
28 37 4   0 0   1 1   2 2   3 3
28 118 4   0 0   1 1   2 2   3 3
28 154 4   0 0   1 1   2 2   3 3
28 124 4   0 0   1 1   2 2   3 3
28 78 4   0 0   1 1   2 2   3 3
29 148 4   0 0   1 1   2 2   3 3
29 168 4   0 0   1 1   2 2   3 3
29 123 4   0 0   1 1   2 2   3 3
29 173 4   0 0   1 1   2 2   3 3
30 64 4   0 0   1 1   2 2   3 3
30 52 4   0 0   1 1   2 2   3 3
30 69 4   0 0   1 1   2 2   3 3
30 71 4   0 0   1 1   2 2   3 3
30 159 4   0 0   1 1   2 2   3 3
31 208 4   0 0   1 1   2 2   3 3
31 104 4   0 0   1 1   2 2   3 3
31 45 4   0 0   1 1   2 2   3 3
32 161 4   0 0   1 1   2 2   3 3
32 129 4   0 0   1 1   2 2   3 3
32 69 4   0 0   1 1   2 2   3 3
32 134 4   0 0   1 1   2 2   3 3
32 166 4   0 0   1 1   2 2   3 3
32 159 4   0 0   1 1   2 2   3 3
33 201 4   0 0   1 1   2 2   3 3
33 108 4   0 0   1 1   2 2   3 3
33 78 4   0 0   1 1   2 2   3 3
33 110 4   0 0   1 1   2 2   3 3
34 192 4   0 0   1 1   2 2   3 3
34 35 4   0 0   1 1   2 2   3 3
34 77 4   0 0   1 1   2 2   3 3
34 191 4   0 0   1 1   2 2   3 3
35 162 4   0 0   1 1   2 2   3 3
35 66 4   0 0   1 1   2 2   3 3
35 191 4   0 0   1 1   2 2   3 3
36 112 4   0 0   1 1   2 2   3 3
36 151 4   0 0   1 1   2 2   3 3
36 187 4   0 0   1 1   2 2   3 3
37 118 4   0 0   1 1   2 2   3 3
37 124 4   0 0   1 1   2 2   3 3
38 146 4   0 0   1 1   2 2   3 3
38 125 4   0 0   1 1   2 2   3 3
38 174 4   0 0   1 1   2 2   3 3
39 128 4   0 0   1 1   2 2   3 3
39 83 4   0 0   1 1   2 2   3 3
39 117 4   0 0   1 1   2 2   3 3
39 198 4   0 0   1 1   2 2   3 3
39 152 4   0 0   1 1   2 2   3 3
39 168 4   0 0   1 1   2 2   3 3
40 64 4   0 0   1 1   2 2   3 3
40 97 4   0 0   1 1   2 2   3 3
40 115 4   0 0   1 1   2 2   3 3
40 69 4   0 0   1 1   2 2   3 3
40 184 4   0 0   1 1   2 2   3 3
40 79 4   0 0   1 1   2 2   3 3
41 83 4   0 0   1 1   2 2   3 3
41 55 4   0 0   1 1   2 2   3 3
41 43 4   0 0   1 1   2 2   3 3
41 47 4   0 0   1 1   2 2   3 3
42 144 4   0 0   1 1   2 2   3 3
42 194 4   0 0   1 1   2 2   3 3
42 84 4   0 0   1 1   2 2   3 3
42 185 4   0 0   1 1   2 2   3 3
42 172 4   0 0   1 1   2 2   3 3
42 63 4   0 0   1 1   2 2   3 3
43 50 4   0 0   1 1   2 2   3 3
43 83 4   0 0   1 1   2 2   3 3
43 148 4   0 0   1 1   2 2   3 3
43 119 4   0 0   1 1   2 2   3 3
43 138 4   0 0   1 1   2 2   3 3
43 139 4   0 0   1 1   2 2   3 3
43 47 4   0 0   1 1   2 2   3 3
44 53 4   0 0   1 1   2 2   3 3
44 72 4   0 0   1 1   2 2   3 3
44 105 4   0 0   1 1   2 2   3 3
44 91 4   0 0   1 1   2 2   3 3
44 190 4   0 0   1 1   2 2   3 3
45 208 4   0 0   1 1   2 2   3 3
45 113 4   0 0   1 1   2 2   3 3
45 104 4   0 0   1 1   2 2   3 3
45 56 4   0 0   1 1   2 2   3 3
45 57 4   0 0   1 1   2 2   3 3
45 186 4   0 0   1 1   2 2   3 3
46 180 4   0 0   1 1   2 2   3 3
46 137 4   0 0   1 1   2 2   3 3
46 105 4   0 0   1 1   2 2   3 3
46 60 4   0 0   1 1   2 2   3 3
46 95 4   0 0   1 1   2 2   3 3
47 163 4   0 0   1 1   2 2   3 3
47 102 4   0 0   1 1   2 2   3 3
47 142 4   0 0   1 1   2 2   3 3
48 203 4   0 0   1 1   2 2   3 3
48 175 4   0 0   1 1   2 2   3 3
49 161 4   0 0   1 1   2 2   3 3
49 68 4   0 0   1 1   2 2   3 3
49 170 4   0 0   1 1   2 2   3 3
50 133 4   0 0   1 1   2 2   3 3
50 138 4   0 0   1 1   2 2   3 3
50 139 4   0 0   1 1   2 2   3 3
50 172 4   0 0   1 1   2 2   3 3
50 62 4   0 0   1 1   2 2   3 3
50 63 4   0 0   1 1   2 2   3 3
51 164 4   0 0   1 1   2 2   3 3
51 201 4   0 0   1 1   2 2   3 3
51 105 4   0 0   1 1   2 2   3 3
51 91 4   0 0   1 1   2 2   3 3
51 110 4   0 0   1 1   2 2   3 3
52 64 4   0 0   1 1   2 2   3 3
52 133 4   0 0   1 1   2 2   3 3
52 71 4   0 0   1 1   2 2   3 3
52 79 4   0 0   1 1   2 2   3 3
53 80 4   0 0   1 1   2 2   3 3
53 199 4   0 0   1 1   2 2   3 3
53 72 4   0 0   1 1   2 2   3 3
53 91 4   0 0   1 1   2 2   3 3
53 156 4   0 0   1 1   2 2   3 3
53 93 4   0 0   1 1   2 2   3 3
53 206 4   0 0   1 1   2 2   3 3
54 196 4   0 0   1 1   2 2   3 3
54 189 4   0 0   1 1   2 2   3 3
55 193 4   0 0   1 1   2 2   3 3
55 163 4   0 0   1 1   2 2   3 3
55 147 4   0 0   1 1   2 2   3 3
55 171 4   0 0   1 1   2 2   3 3
56 57 4   0 0   1 1   2 2   3 3
56 186 4   0 0   1 1   2 2   3 3
56 122 4   0 0   1 1   2 2   3 3
56 171 4   0 0   1 1   2 2   3 3
57 113 4   0 0   1 1   2 2   3 3
57 65 4   0 0   1 1   2 2   3 3
57 197 4   0 0   1 1   2 2   3 3
57 171 4   0 0   1 1   2 2   3 3
58 113 4   0 0   1 1   2 2   3 3
58 65 4   0 0   1 1   2 2   3 3
58 177 4   0 0   1 1   2 2   3 3
58 130 4   0 0   1 1   2 2   3 3
58 196 4   0 0   1 1   2 2   3 3
58 101 4   0 0   1 1   2 2   3 3
58 169 4   0 0   1 1   2 2   3 3
58 107 4   0 0   1 1   2 2   3 3
58 109 4   0 0   1 1   2 2   3 3
58 189 4   0 0   1 1   2 2   3 3
59 82 4   0 0   1 1   2 2   3 3
59 60 4   0 0   1 1   2 2   3 3
59 95 4   0 0   1 1   2 2   3 3
60 82 4   0 0   1 1   2 2   3 3
60 137 4   0 0   1 1   2 2   3 3
60 61 4   0 0   1 1   2 2   3 3
60 95 4   0 0   1 1   2 2   3 3
61 82 4   0 0   1 1   2 2   3 3
61 137 4   0 0   1 1   2 2   3 3
62 133 4   0 0   1 1   2 2   3 3
62 71 4   0 0   1 1   2 2   3 3
62 140 4   0 0   1 1   2 2   3 3
62 172 4   0 0   1 1   2 2   3 3
62 159 4   0 0   1 1   2 2   3 3
63 194 4   0 0   1 1   2 2   3 3
63 135 4   0 0   1 1   2 2   3 3
63 139 4   0 0   1 1   2 2   3 3
63 172 4   0 0   1 1   2 2   3 3
63 76 4   0 0   1 1   2 2   3 3
64 69 4   0 0   1 1   2 2   3 3
64 79 4   0 0   1 1   2 2   3 3
65 113 4   0 0   1 1   2 2   3 3
65 130 4   0 0   1 1   2 2   3 3
65 197 4   0 0   1 1   2 2   3 3
66 144 4   0 0   1 1   2 2   3 3
66 81 4   0 0   1 1   2 2   3 3
66 162 4   0 0   1 1   2 2   3 3
66 98 4   0 0   1 1   2 2   3 3
67 154 4   0 0   1 1   2 2   3 3
67 75 4   0 0   1 1   2 2   3 3
67 78 4   0 0   1 1   2 2   3 3
68 182 4   0 0   1 1   2 2   3 3
68 170 4   0 0   1 1   2 2   3 3
69 97 4   0 0   1 1   2 2   3 3
69 161 4   0 0   1 1   2 2   3 3
69 132 4   0 0   1 1   2 2   3 3
69 159 4   0 0   1 1   2 2   3 3
70 81 4   0 0   1 1   2 2   3 3
70 98 4   0 0   1 1   2 2   3 3
70 87 4   0 0   1 1   2 2   3 3
70 158 4   0 0   1 1   2 2   3 3
71 133 4   0 0   1 1   2 2   3 3
71 159 4   0 0   1 1   2 2   3 3
72 188 4   0 0   1 1   2 2   3 3
72 190 4   0 0   1 1   2 2   3 3
72 206 4   0 0   1 1   2 2   3 3
72 95 4   0 0   1 1   2 2   3 3
73 184 4   0 0   1 1   2 2   3 3
73 90 4   0 0   1 1   2 2   3 3
74 192 4   0 0   1 1   2 2   3 3
74 129 4   0 0   1 1   2 2   3 3
74 162 4   0 0   1 1   2 2   3 3
74 166 4   0 0   1 1   2 2   3 3
74 77 4   0 0   1 1   2 2   3 3
75 181 4   0 0   1 1   2 2   3 3
75 154 4   0 0   1 1   2 2   3 3
75 94 4   0 0   1 1   2 2   3 3
75 111 4   0 0   1 1   2 2   3 3
76 194 4   0 0   1 1   2 2   3 3
76 150 4   0 0   1 1   2 2   3 3
76 135 4   0 0   1 1   2 2   3 3
76 123 4   0 0   1 1   2 2   3 3
77 192 4   0 0   1 1   2 2   3 3
77 162 4   0 0   1 1   2 2   3 3
77 191 4   0 0   1 1   2 2   3 3
78 118 4   0 0   1 1   2 2   3 3
78 108 4   0 0   1 1   2 2   3 3
79 96 4   0 0   1 1   2 2   3 3
79 141 4   0 0   1 1   2 2   3 3
80 131 4   0 0   1 1   2 2   3 3
80 156 4   0 0   1 1   2 2   3 3
80 206 4   0 0   1 1   2 2   3 3
81 98 4   0 0   1 1   2 2   3 3
81 89 4   0 0   1 1   2 2   3 3
81 158 4   0 0   1 1   2 2   3 3
83 148 4   0 0   1 1   2 2   3 3
83 152 4   0 0   1 1   2 2   3 3
83 168 4   0 0   1 1   2 2   3 3
83 126 4   0 0   1 1   2 2   3 3
84 144 4   0 0   1 1   2 2   3 3
84 114 4   0 0   1 1   2 2   3 3
84 116 4   0 0   1 1   2 2   3 3
84 185 4   0 0   1 1   2 2   3 3
85 176 4   0 0   1 1   2 2   3 3
85 128 4   0 0   1 1   2 2   3 3
85 145 4   0 0   1 1   2 2   3 3
85 146 4   0 0   1 1   2 2   3 3
85 117 4   0 0   1 1   2 2   3 3
85 183 4   0 0   1 1   2 2   3 3
86 97 4   0 0   1 1   2 2   3 3
86 115 4   0 0   1 1   2 2   3 3
86 170 4   0 0   1 1   2 2   3 3
87 98 4   0 0   1 1   2 2   3 3
87 158 4   0 0   1 1   2 2   3 3
87 127 4   0 0   1 1   2 2   3 3
88 200 4   0 0   1 1   2 2   3 3
88 92 4   0 0   1 1   2 2   3 3
88 188 4   0 0   1 1   2 2   3 3
89 158 4   0 0   1 1   2 2   3 3
90 96 4   0 0   1 1   2 2   3 3
90 181 4   0 0   1 1   2 2   3 3
90 184 4   0 0   1 1   2 2   3 3
90 142 4   0 0   1 1   2 2   3 3
90 111 4   0 0   1 1   2 2   3 3
91 164 4   0 0   1 1   2 2   3 3
91 105 4   0 0   1 1   2 2   3 3
91 93 4   0 0   1 1   2 2   3 3
91 143 4   0 0   1 1   2 2   3 3
92 103 4   0 0   1 1   2 2   3 3
93 199 4   0 0   1 1   2 2   3 3
93 205 4   0 0   1 1   2 2   3 3
93 143 4   0 0   1 1   2 2   3 3
94 178 4   0 0   1 1   2 2   3 3
94 181 4   0 0   1 1   2 2   3 3
94 136 4   0 0   1 1   2 2   3 3
94 153 4   0 0   1 1   2 2   3 3
94 110 4   0 0   1 1   2 2   3 3
95 105 4   0 0   1 1   2 2   3 3
95 190 4   0 0   1 1   2 2   3 3
96 141 4   0 0   1 1   2 2   3 3
97 161 4   0 0   1 1   2 2   3 3
97 115 4   0 0   1 1   2 2   3 3
97 132 4   0 0   1 1   2 2   3 3
97 170 4   0 0   1 1   2 2   3 3
99 112 4   0 0   1 1   2 2   3 3
99 115 4   0 0   1 1   2 2   3 3
99 184 4   0 0   1 1   2 2   3 3
99 187 4   0 0   1 1   2 2   3 3
100 151 4   0 0   1 1   2 2   3 3
100 154 4   0 0   1 1   2 2   3 3
101 169 4   0 0   1 1   2 2   3 3
101 189 4   0 0   1 1   2 2   3 3
102 163 4   0 0   1 1   2 2   3 3
102 136 4   0 0   1 1   2 2   3 3
102 205 4   0 0   1 1   2 2   3 3
102 143 4   0 0   1 1   2 2   3 3
104 131 4   0 0   1 1   2 2   3 3
104 200 4   0 0   1 1   2 2   3 3
104 186 4   0 0   1 1   2 2   3 3
104 156 4   0 0   1 1   2 2   3 3
105 180 4   0 0   1 1   2 2   3 3
105 201 4   0 0   1 1   2 2   3 3
105 190 4   0 0   1 1   2 2   3 3
106 208 4   0 0   1 1   2 2   3 3
106 169 4   0 0   1 1   2 2   3 3
106 189 4   0 0   1 1   2 2   3 3
107 130 4   0 0   1 1   2 2   3 3
107 117 4   0 0   1 1   2 2   3 3
107 109 4   0 0   1 1   2 2   3 3
108 118 4   0 0   1 1   2 2   3 3
108 201 4   0 0   1 1   2 2   3 3
109 177 4   0 0   1 1   2 2   3 3
109 202 4   0 0   1 1   2 2   3 3
110 164 4   0 0   1 1   2 2   3 3
110 136 4   0 0   1 1   2 2   3 3
110 201 4   0 0   1 1   2 2   3 3
111 181 4   0 0   1 1   2 2   3 3
111 151 4   0 0   1 1   2 2   3 3
111 154 4   0 0   1 1   2 2   3 3
112 115 4   0 0   1 1   2 2   3 3
112 149 4   0 0   1 1   2 2   3 3
112 165 4   0 0   1 1   2 2   3 3
112 151 4   0 0   1 1   2 2   3 3
112 121 4   0 0   1 1   2 2   3 3
112 187 4   0 0   1 1   2 2   3 3
113 169 4   0 0   1 1   2 2   3 3
114 116 4   0 0   1 1   2 2   3 3
115 184 4   0 0   1 1   2 2   3 3
116 194 4   0 0   1 1   2 2   3 3
116 185 4   0 0   1 1   2 2   3 3
117 128 4   0 0   1 1   2 2   3 3
117 130 4   0 0   1 1   2 2   3 3
117 152 4   0 0   1 1   2 2   3 3
117 155 4   0 0   1 1   2 2   3 3
118 160 4   0 0   1 1   2 2   3 3
118 167 4   0 0   1 1   2 2   3 3
118 201 4   0 0   1 1   2 2   3 3
119 148 4   0 0   1 1   2 2   3 3
119 135 4   0 0   1 1   2 2   3 3
119 139 4   0 0   1 1   2 2   3 3
120 144 4   0 0   1 1   2 2   3 3
120 162 4   0 0   1 1   2 2   3 3
120 140 4   0 0   1 1   2 2   3 3
120 172 4   0 0   1 1   2 2   3 3
121 149 4   0 0   1 1   2 2   3 3
121 165 4   0 0   1 1   2 2   3 3
121 207 4   0 0   1 1   2 2   3 3
122 193 4   0 0   1 1   2 2   3 3
122 199 4   0 0   1 1   2 2   3 3
122 186 4   0 0   1 1   2 2   3 3
122 171 4   0 0   1 1   2 2   3 3
123 148 4   0 0   1 1   2 2   3 3
123 150 4   0 0   1 1   2 2   3 3
123 135 4   0 0   1 1   2 2   3 3
123 173 4   0 0   1 1   2 2   3 3
123 125 4   0 0   1 1   2 2   3 3
125 203 4   0 0   1 1   2 2   3 3
125 173 4   0 0   1 1   2 2   3 3
125 174 4   0 0   1 1   2 2   3 3
126 147 4   0 0   1 1   2 2   3 3
126 152 4   0 0   1 1   2 2   3 3
126 155 4   0 0   1 1   2 2   3 3
128 146 4   0 0   1 1   2 2   3 3
128 198 4   0 0   1 1   2 2   3 3
129 162 4   0 0   1 1   2 2   3 3
129 166 4   0 0   1 1   2 2   3 3
129 159 4   0 0   1 1   2 2   3 3
130 197 4   0 0   1 1   2 2   3 3
130 155 4   0 0   1 1   2 2   3 3
131 200 4   0 0   1 1   2 2   3 3
131 156 4   0 0   1 1   2 2   3 3
131 206 4   0 0   1 1   2 2   3 3
132 161 4   0 0   1 1   2 2   3 3
133 138 4   0 0   1 1   2 2   3 3
134 166 4   0 0   1 1   2 2   3 3
135 148 4   0 0   1 1   2 2   3 3
135 139 4   0 0   1 1   2 2   3 3
136 164 4   0 0   1 1   2 2   3 3
136 153 4   0 0   1 1   2 2   3 3
136 143 4   0 0   1 1   2 2   3 3
137 160 4   0 0   1 1   2 2   3 3
137 180 4   0 0   1 1   2 2   3 3
140 162 4   0 0   1 1   2 2   3 3
140 172 4   0 0   1 1   2 2   3 3
140 159 4   0 0   1 1   2 2   3 3
143 164 4   0 0   1 1   2 2   3 3
143 205 4   0 0   1 1   2 2   3 3
144 162 4   0 0   1 1   2 2   3 3
144 172 4   0 0   1 1   2 2   3 3
145 176 4   0 0   1 1   2 2   3 3
145 183 4   0 0   1 1   2 2   3 3
145 202 4   0 0   1 1   2 2   3 3
145 157 4   0 0   1 1   2 2   3 3
146 198 4   0 0   1 1   2 2   3 3
146 183 4   0 0   1 1   2 2   3 3
146 157 4   0 0   1 1   2 2   3 3
147 197 4   0 0   1 1   2 2   3 3
147 171 4   0 0   1 1   2 2   3 3
147 155 4   0 0   1 1   2 2   3 3
148 168 4   0 0   1 1   2 2   3 3
149 151 4   0 0   1 1   2 2   3 3
149 204 4   0 0   1 1   2 2   3 3
150 194 4   0 0   1 1   2 2   3 3
151 154 4   0 0   1 1   2 2   3 3
152 155 4   0 0   1 1   2 2   3 3
153 178 4   0 0   1 1   2 2   3 3
155 197 4   0 0   1 1   2 2   3 3
156 199 4   0 0   1 1   2 2   3 3
156 186 4   0 0   1 1   2 2   3 3
157 177 4   0 0   1 1   2 2   3 3
157 183 4   0 0   1 1   2 2   3 3
157 202 4   0 0   1 1   2 2   3 3
159 162 4   0 0   1 1   2 2   3 3
160 180 4   0 0   1 1   2 2   3 3
160 167 4   0 0   1 1   2 2   3 3
161 170 4   0 0   1 1   2 2   3 3
162 191 4   0 0   1 1   2 2   3 3
163 193 4   0 0   1 1   2 2   3 3
163 205 4   0 0   1 1   2 2   3 3
165 207 4   0 0   1 1   2 2   3 3
166 179 4   0 0   1 1   2 2   3 3
167 180 4   0 0   1 1   2 2   3 3
167 201 4   0 0   1 1   2 2   3 3
168 198 4   0 0   1 1   2 2   3 3
169 189 4   0 0   1 1   2 2   3 3
170 182 4   0 0   1 1   2 2   3 3
171 193 4   0 0   1 1   2 2   3 3
171 197 4   0 0   1 1   2 2   3 3
173 198 4   0 0   1 1   2 2   3 3
174 203 4   0 0   1 1   2 2   3 3
177 196 4   0 0   1 1   2 2   3 3
177 202 4   0 0   1 1   2 2   3 3
178 181 4   0 0   1 1   2 2   3 3
179 192 4   0 0   1 1   2 2   3 3
180 201 4   0 0   1 1   2 2   3 3
182 195 4   0 0   1 1   2 2   3 3
182 204 4   0 0   1 1   2 2   3 3
184 187 4   0 0   1 1   2 2   3 3
185 194 4   0 0   1 1   2 2   3 3
186 199 4   0 0   1 1   2 2   3 3
188 200 4   0 0   1 1   2 2   3 3
188 206 4   0 0   1 1   2 2   3 3
189 196 4   0 0   1 1   2 2   3 3
193 199 4   0 0   1 1   2 2   3 3
193 205 4   0 0   1 1   2 2   3 3
195 204 4   0 0   1 1   2 2   3 3
195 207 4   0 0   1 1   2 2   3 3
199 205 4   0 0   1 1   2 2   3 3
200 206 4   0 0   1 1   2 2   3 3
204 207 4   0 0   1 1   2 2   3 3
