253
1 4 0 1 2 3
2 4 0 1 2 3
3 4 0 1 2 3
4 4 0 1 2 3
5 4 0 1 2 3
6 4 0 1 2 3
7 4 0 1 2 3
8 4 0 1 2 3
9 4 0 1 2 3
10 4 0 1 2 3
11 4 0 1 2 3
12 4 0 1 2 3
13 4 0 1 2 3
14 4 0 1 2 3
15 4 0 1 2 3
16 4 0 1 2 3
17 4 0 1 2 3
18 4 0 1 2 3
19 4 0 1 2 3
20 4 0 1 2 3
21 4 0 1 2 3
22 4 0 1 2 3
23 4 0 1 2 3
24 4 0 1 2 3
25 4 0 1 2 3
26 4 0 1 2 3
27 4 0 1 2 3
28 4 0 1 2 3
29 4 0 1 2 3
30 4 0 1 2 3
31 4 0 1 2 3
32 4 0 1 2 3
33 4 0 1 2 3
34 4 0 1 2 3
35 4 0 1 2 3
36 4 0 1 2 3
37 4 0 1 2 3
38 4 0 1 2 3
39 4 0 1 2 3
40 4 0 1 2 3
41 4 0 1 2 3
42 4 0 1 2 3
43 4 0 1 2 3
44 4 0 1 2 3
45 4 0 1 2 3
46 4 0 1 2 3
47 4 0 1 2 3
48 4 0 1 2 3
49 4 0 1 2 3
50 4 0 1 2 3
51 4 0 1 2 3
52 4 0 1 2 3
53 4 0 1 2 3
54 4 0 1 2 3
55 4 0 1 2 3
56 4 0 1 2 3
57 4 0 1 2 3
58 4 0 1 2 3
59 4 0 1 2 3
60 4 0 1 2 3
61 4 0 1 2 3
62 4 0 1 2 3
63 4 0 1 2 3
64 4 0 1 2 3
65 4 0 1 2 3
66 4 0 1 2 3
67 4 0 1 2 3
68 4 0 1 2 3
69 4 0 1 2 3
70 4 0 1 2 3
71 4 0 1 2 3
72 4 0 1 2 3
73 4 0 1 2 3
74 4 0 1 2 3
75 4 0 1 2 3
76 4 0 1 2 3
77 4 0 1 2 3
78 4 0 1 2 3
79 4 0 1 2 3
80 4 0 1 2 3
81 4 0 1 2 3
82 4 0 1 2 3
83 4 0 1 2 3
84 4 0 1 2 3
85 4 0 1 2 3
86 4 0 1 2 3
87 4 0 1 2 3
88 4 0 1 2 3
89 4 0 1 2 3
90 4 0 1 2 3
91 4 0 1 2 3
92 4 0 1 2 3
93 4 0 1 2 3
94 4 0 1 2 3
95 4 0 1 2 3
96 4 0 1 2 3
97 4 0 1 2 3
98 4 0 1 2 3
99 4 0 1 2 3
100 4 0 1 2 3
101 4 0 1 2 3
102 4 0 1 2 3
103 4 0 1 2 3
104 4 0 1 2 3
105 4 0 1 2 3
106 4 0 1 2 3
107 4 0 1 2 3
108 4 0 1 2 3
109 4 0 1 2 3
110 4 0 1 2 3
111 4 0 1 2 3
112 4 0 1 2 3
113 4 0 1 2 3
114 4 0 1 2 3
115 4 0 1 2 3
116 4 0 1 2 3
117 4 0 1 2 3
118 4 0 1 2 3
119 4 0 1 2 3
120 4 0 1 2 3
121 4 0 1 2 3
122 4 0 1 2 3
123 4 0 1 2 3
124 4 0 1 2 3
125 4 0 1 2 3
126 4 0 1 2 3
127 4 0 1 2 3
128 4 0 1 2 3
129 4 0 1 2 3
130 4 0 1 2 3
131 4 0 1 2 3
132 4 0 1 2 3
133 4 0 1 2 3
134 4 0 1 2 3
135 4 0 1 2 3
136 4 0 1 2 3
137 4 0 1 2 3
138 4 0 1 2 3
139 4 0 1 2 3
140 4 0 1 2 3
141 4 0 1 2 3
142 4 0 1 2 3
143 4 0 1 2 3
144 4 0 1 2 3
145 4 0 1 2 3
146 4 0 1 2 3
147 4 0 1 2 3
148 4 0 1 2 3
149 4 0 1 2 3
150 4 0 1 2 3
151 4 0 1 2 3
152 4 0 1 2 3
153 4 0 1 2 3
154 4 0 1 2 3
155 4 0 1 2 3
156 4 0 1 2 3
157 4 0 1 2 3
158 4 0 1 2 3
159 4 0 1 2 3
160 4 0 1 2 3
161 4 0 1 2 3
162 4 0 1 2 3
163 4 0 1 2 3
164 4 0 1 2 3
165 4 0 1 2 3
166 4 0 1 2 3
167 4 0 1 2 3
168 4 0 1 2 3
169 4 0 1 2 3
170 4 0 1 2 3
171 4 0 1 2 3
172 4 0 1 2 3
173 4 0 1 2 3
174 4 0 1 2 3
175 4 0 1 2 3
176 4 0 1 2 3
177 4 0 1 2 3
178 4 0 1 2 3
179 4 0 1 2 3
180 4 0 1 2 3
181 4 0 1 2 3
182 4 0 1 2 3
183 4 0 1 2 3
184 4 0 1 2 3
185 4 0 1 2 3
186 4 0 1 2 3
187 4 0 1 2 3
188 4 0 1 2 3
189 4 0 1 2 3
190 4 0 1 2 3
191 4 0 1 2 3
192 4 0 1 2 3
193 4 0 1 2 3
194 4 0 1 2 3
195 4 0 1 2 3
196 4 0 1 2 3
197 4 0 1 2 3
198 4 0 1 2 3
199 4 0 1 2 3
200 4 0 1 2 3
201 4 0 1 2 3
202 4 0 1 2 3
203 4 0 1 2 3
204 4 0 1 2 3
205 4 0 1 2 3
206 4 0 1 2 3
207 4 0 1 2 3
208 4 0 1 2 3
209 4 0 1 2 3
210 4 0 1 2 3
211 4 0 1 2 3
212 4 0 1 2 3
213 4 0 1 2 3
214 4 0 1 2 3
215 4 0 1 2 3
216 4 0 1 2 3
217 4 0 1 2 3
218 4 0 1 2 3
219 4 0 1 2 3
220 4 0 1 2 3
221 4 0 1 2 3
222 4 0 1 2 3
223 4 0 1 2 3
224 4 0 1 2 3
225 4 0 1 2 3
226 4 0 1 2 3
227 4 0 1 2 3
228 4 0 1 2 3
229 4 0 1 2 3
230 4 0 1 2 3
231 4 0 1 2 3
232 4 0 1 2 3
233 4 0 1 2 3
234 4 0 1 2 3
235 4 0 1 2 3
236 4 0 1 2 3
237 4 0 1 2 3
238 4 0 1 2 3
239 4 0 1 2 3
240 4 0 1 2 3
241 4 0 1 2 3
242 4 0 1 2 3
243 4 0 1 2 3
244 4 0 1 2 3
245 4 0 1 2 3
246 4 0 1 2 3
247 4 0 1 2 3
248 4 0 1 2 3
249 4 0 1 2 3
250 4 0 1 2 3
251 4 0 1 2 3
252 4 0 1 2 3
253 4 0 1 2 3
707
1 161 4   0 0   1 1   2 2   3 3
1 178 4   0 0   1 1   2 2   3 3
1 2 4   0 0   1 1   2 2   3 3
1 123 4   0 0   1 1   2 2   3 3
1 190 4   0 0   1 1   2 2   3 3
2 193 4   0 0   1 1   2 2   3 3
2 161 4   0 0   1 1   2 2   3 3
2 167 4   0 0   1 1   2 2   3 3
2 11 4   0 0   1 1   2 2   3 3
2 123 4   0 0   1 1   2 2   3 3
3 49 4   0 0   1 1   2 2   3 3
3 70 4   0 0   1 1   2 2   3 3
3 231 4   0 0   1 1   2 2   3 3
3 62 4   0 0   1 1   2 2   3 3
4 100 4   0 0   1 1   2 2   3 3
4 52 4   0 0   1 1   2 2   3 3
4 231 4   0 0   1 1   2 2   3 3
4 62 4   0 0   1 1   2 2   3 3
5 130 4   0 0   1 1   2 2   3 3
5 70 4   0 0   1 1   2 2   3 3
5 215 4   0 0   1 1   2 2   3 3
5 9 4   0 0   1 1   2 2   3 3
5 206 4   0 0   1 1   2 2   3 3
5 143 4   0 0   1 1   2 2   3 3
6 194 4   0 0   1 1   2 2   3 3
6 147 4   0 0   1 1   2 2   3 3
6 219 4   0 0   1 1   2 2   3 3
6 239 4   0 0   1 1   2 2   3 3
6 175 4   0 0   1 1   2 2   3 3
7 114 4   0 0   1 1   2 2   3 3
7 51 4   0 0   1 1   2 2   3 3
7 245 4   0 0   1 1   2 2   3 3
7 108 4   0 0   1 1   2 2   3 3
7 174 4   0 0   1 1   2 2   3 3
7 223 4   0 0   1 1   2 2   3 3
8 240 4   0 0   1 1   2 2   3 3
8 195 4   0 0   1 1   2 2   3 3
8 20 4   0 0   1 1   2 2   3 3
8 53 4   0 0   1 1   2 2   3 3
8 107 4   0 0   1 1   2 2   3 3
8 158 4   0 0   1 1   2 2   3 3
9 208 4   0 0   1 1   2 2   3 3
9 85 4   0 0   1 1   2 2   3 3
9 149 4   0 0   1 1   2 2   3 3
9 214 4   0 0   1 1   2 2   3 3
9 215 4   0 0   1 1   2 2   3 3
9 170 4   0 0   1 1   2 2   3 3
9 206 4   0 0   1 1   2 2   3 3
9 142 4   0 0   1 1   2 2   3 3
10 226 4   0 0   1 1   2 2   3 3
10 68 4   0 0   1 1   2 2   3 3
10 43 4   0 0   1 1   2 2   3 3
10 139 4   0 0   1 1   2 2   3 3
10 159 4   0 0   1 1   2 2   3 3
11 193 4   0 0   1 1   2 2   3 3
11 210 4   0 0   1 1   2 2   3 3
11 167 4   0 0   1 1   2 2   3 3
11 137 4   0 0   1 1   2 2   3 3
11 205 4   0 0   1 1   2 2   3 3
12 226 4   0 0   1 1   2 2   3 3
12 67 4   0 0   1 1   2 2   3 3
12 84 4   0 0   1 1   2 2   3 3
12 21 4   0 0   1 1   2 2   3 3
12 43 4   0 0   1 1   2 2   3 3
13 128 4   0 0   1 1   2 2   3 3
13 164 4   0 0   1 1   2 2   3 3
13 101 4   0 0   1 1   2 2   3 3
13 182 4   0 0   1 1   2 2   3 3
13 185 4   0 0   1 1   2 2   3 3
14 208 4   0 0   1 1   2 2   3 3
14 115 4   0 0   1 1   2 2   3 3
14 214 4   0 0   1 1   2 2   3 3
14 40 4   0 0   1 1   2 2   3 3
14 154 4   0 0   1 1   2 2   3 3
14 111 4   0 0   1 1   2 2   3 3
15 241 4   0 0   1 1   2 2   3 3
15 51 4   0 0   1 1   2 2   3 3
15 20 4   0 0   1 1   2 2   3 3
15 200 4   0 0   1 1   2 2   3 3
15 61 4   0 0   1 1   2 2   3 3
15 174 4   0 0   1 1   2 2   3 3
15 158 4   0 0   1 1   2 2   3 3
16 131 4   0 0   1 1   2 2   3 3
16 151 4   0 0   1 1   2 2   3 3
16 108 4   0 0   1 1   2 2   3 3
16 222 4   0 0   1 1   2 2   3 3
17 35 4   0 0   1 1   2 2   3 3
17 148 4   0 0   1 1   2 2   3 3
17 132 4   0 0   1 1   2 2   3 3
17 89 4   0 0   1 1   2 2   3 3
17 204 4   0 0   1 1   2 2   3 3
17 30 4   0 0   1 1   2 2   3 3
18 34 4   0 0   1 1   2 2   3 3
18 211 4   0 0   1 1   2 2   3 3
18 228 4   0 0   1 1   2 2   3 3
18 102 4   0 0   1 1   2 2   3 3
18 248 4   0 0   1 1   2 2   3 3
19 132 4   0 0   1 1   2 2   3 3
19 213 4   0 0   1 1   2 2   3 3
19 117 4   0 0   1 1   2 2   3 3
19 75 4   0 0   1 1   2 2   3 3
19 204 4   0 0   1 1   2 2   3 3
19 172 4   0 0   1 1   2 2   3 3
19 237 4   0 0   1 1   2 2   3 3
19 78 4   0 0   1 1   2 2   3 3
20 240 4   0 0   1 1   2 2   3 3
20 116 4   0 0   1 1   2 2   3 3
20 140 4   0 0   1 1   2 2   3 3
20 61 4   0 0   1 1   2 2   3 3
20 238 4   0 0   1 1   2 2   3 3
20 158 4   0 0   1 1   2 2   3 3
20 31 4   0 0   1 1   2 2   3 3
21 84 4   0 0   1 1   2 2   3 3
21 228 4   0 0   1 1   2 2   3 3
21 68 4   0 0   1 1   2 2   3 3
21 56 4   0 0   1 1   2 2   3 3
21 43 4   0 0   1 1   2 2   3 3
22 160 4   0 0   1 1   2 2   3 3
22 210 4   0 0   1 1   2 2   3 3
22 53 4   0 0   1 1   2 2   3 3
22 199 4   0 0   1 1   2 2   3 3
22 107 4   0 0   1 1   2 2   3 3
22 125 4   0 0   1 1   2 2   3 3
22 205 4   0 0   1 1   2 2   3 3
23 51 4   0 0   1 1   2 2   3 3
23 244 4   0 0   1 1   2 2   3 3
23 249 4   0 0   1 1   2 2   3 3
23 221 4   0 0   1 1   2 2   3 3
24 226 4   0 0   1 1   2 2   3 3
24 118 4   0 0   1 1   2 2   3 3
24 168 4   0 0   1 1   2 2   3 3
24 218 4   0 0   1 1   2 2   3 3
24 139 4   0 0   1 1   2 2   3 3
24 110 4   0 0   1 1   2 2   3 3
25 194 4   0 0   1 1   2 2   3 3
25 130 4   0 0   1 1   2 2   3 3
25 215 4   0 0   1 1   2 2   3 3
25 154 4   0 0   1 1   2 2   3 3
25 175 4   0 0   1 1   2 2   3 3
26 162 4   0 0   1 1   2 2   3 3
26 35 4   0 0   1 1   2 2   3 3
26 230 4   0 0   1 1   2 2   3 3
26 235 4   0 0   1 1   2 2   3 3
27 144 4   0 0   1 1   2 2   3 3
27 176 4   0 0   1 1   2 2   3 3
27 86 4   0 0   1 1   2 2   3 3
27 71 4   0 0   1 1   2 2   3 3
27 189 4   0 0   1 1   2 2   3 3
27 126 4   0 0   1 1   2 2   3 3
27 222 4   0 0   1 1   2 2   3 3
28 96 4   0 0   1 1   2 2   3 3
28 99 4   0 0   1 1   2 2   3 3
28 51 4   0 0   1 1   2 2   3 3
28 243 4   0 0   1 1   2 2   3 3
28 69 4   0 0   1 1   2 2   3 3
28 202 4   0 0   1 1   2 2   3 3
28 221 4   0 0   1 1   2 2   3 3
28 191 4   0 0   1 1   2 2   3 3
29 44 4   0 0   1 1   2 2   3 3
30 132 4   0 0   1 1   2 2   3 3
30 89 4   0 0   1 1   2 2   3 3
30 237 4   0 0   1 1   2 2   3 3
31 181 4   0 0   1 1   2 2   3 3
31 229 4   0 0   1 1   2 2   3 3
31 246 4   0 0   1 1   2 2   3 3
31 41 4   0 0   1 1   2 2   3 3
31 153 4   0 0   1 1   2 2   3 3
31 201 4   0 0   1 1   2 2   3 3
31 140 4   0 0   1 1   2 2   3 3
31 238 4   0 0   1 1   2 2   3 3
32 213 4   0 0   1 1   2 2   3 3
32 117 4   0 0   1 1   2 2   3 3
32 103 4   0 0   1 1   2 2   3 3
32 122 4   0 0   1 1   2 2   3 3
32 220 4   0 0   1 1   2 2   3 3
32 78 4   0 0   1 1   2 2   3 3
33 97 4   0 0   1 1   2 2   3 3
33 150 4   0 0   1 1   2 2   3 3
33 105 4   0 0   1 1   2 2   3 3
34 66 4   0 0   1 1   2 2   3 3
34 211 4   0 0   1 1   2 2   3 3
34 248 4   0 0   1 1   2 2   3 3
35 162 4   0 0   1 1   2 2   3 3
35 148 4   0 0   1 1   2 2   3 3
35 204 4   0 0   1 1   2 2   3 3
36 161 4   0 0   1 1   2 2   3 3
36 138 4   0 0   1 1   2 2   3 3
36 203 4   0 0   1 1   2 2   3 3
36 190 4   0 0   1 1   2 2   3 3
37 209 4   0 0   1 1   2 2   3 3
37 152 4   0 0   1 1   2 2   3 3
37 72 4   0 0   1 1   2 2   3 3
37 44 4   0 0   1 1   2 2   3 3
38 160 4   0 0   1 1   2 2   3 3
38 242 4   0 0   1 1   2 2   3 3
38 52 4   0 0   1 1   2 2   3 3
38 233 4   0 0   1 1   2 2   3 3
38 94 4   0 0   1 1   2 2   3 3
39 48 4   0 0   1 1   2 2   3 3
39 119 4   0 0   1 1   2 2   3 3
39 88 4   0 0   1 1   2 2   3 3
39 200 4   0 0   1 1   2 2   3 3
39 185 4   0 0   1 1   2 2   3 3
39 45 4   0 0   1 1   2 2   3 3
40 227 4   0 0   1 1   2 2   3 3
40 154 4   0 0   1 1   2 2   3 3
40 207 4   0 0   1 1   2 2   3 3
40 111 4   0 0   1 1   2 2   3 3
41 181 4   0 0   1 1   2 2   3 3
41 238 4   0 0   1 1   2 2   3 3
42 83 4   0 0   1 1   2 2   3 3
42 122 4   0 0   1 1   2 2   3 3
42 252 4   0 0   1 1   2 2   3 3
42 220 4   0 0   1 1   2 2   3 3
43 226 4   0 0   1 1   2 2   3 3
43 68 4   0 0   1 1   2 2   3 3
44 72 4   0 0   1 1   2 2   3 3
44 73 4   0 0   1 1   2 2   3 3
44 171 4   0 0   1 1   2 2   3 3
45 51 4   0 0   1 1   2 2   3 3
45 200 4   0 0   1 1   2 2   3 3
45 185 4   0 0   1 1   2 2   3 3
45 202 4   0 0   1 1   2 2   3 3
46 113 4   0 0   1 1   2 2   3 3
46 196 4   0 0   1 1   2 2   3 3
46 252 4   0 0   1 1   2 2   3 3
46 220 4   0 0   1 1   2 2   3 3
46 141 4   0 0   1 1   2 2   3 3
46 78 4   0 0   1 1   2 2   3 3
47 87 4   0 0   1 1   2 2   3 3
47 73 4   0 0   1 1   2 2   3 3
47 171 4   0 0   1 1   2 2   3 3
47 59 4   0 0   1 1   2 2   3 3
47 60 4   0 0   1 1   2 2   3 3
48 212 4   0 0   1 1   2 2   3 3
48 88 4   0 0   1 1   2 2   3 3
48 200 4   0 0   1 1   2 2   3 3
49 70 4   0 0   1 1   2 2   3 3
49 232 4   0 0   1 1   2 2   3 3
49 109 4   0 0   1 1   2 2   3 3
49 62 4   0 0   1 1   2 2   3 3
50 145 4   0 0   1 1   2 2   3 3
50 216 4   0 0   1 1   2 2   3 3
50 152 4   0 0   1 1   2 2   3 3
50 95 4   0 0   1 1   2 2   3 3
51 245 4   0 0   1 1   2 2   3 3
51 200 4   0 0   1 1   2 2   3 3
51 249 4   0 0   1 1   2 2   3 3
51 202 4   0 0   1 1   2 2   3 3
51 221 4   0 0   1 1   2 2   3 3
51 174 4   0 0   1 1   2 2   3 3
52 67 4   0 0   1 1   2 2   3 3
52 100 4   0 0   1 1   2 2   3 3
52 84 4   0 0   1 1   2 2   3 3
52 233 4   0 0   1 1   2 2   3 3
52 94 4   0 0   1 1   2 2   3 3
52 62 4   0 0   1 1   2 2   3 3
53 160 4   0 0   1 1   2 2   3 3
53 119 4   0 0   1 1   2 2   3 3
53 88 4   0 0   1 1   2 2   3 3
53 74 4   0 0   1 1   2 2   3 3
53 107 4   0 0   1 1   2 2   3 3
53 124 4   0 0   1 1   2 2   3 3
53 158 4   0 0   1 1   2 2   3 3
54 208 4   0 0   1 1   2 2   3 3
54 85 4   0 0   1 1   2 2   3 3
54 133 4   0 0   1 1   2 2   3 3
54 217 4   0 0   1 1   2 2   3 3
54 76 4   0 0   1 1   2 2   3 3
54 142 4   0 0   1 1   2 2   3 3
55 225 4   0 0   1 1   2 2   3 3
55 227 4   0 0   1 1   2 2   3 3
55 121 4   0 0   1 1   2 2   3 3
55 175 4   0 0   1 1   2 2   3 3
55 207 4   0 0   1 1   2 2   3 3
56 112 4   0 0   1 1   2 2   3 3
56 148 4   0 0   1 1   2 2   3 3
56 228 4   0 0   1 1   2 2   3 3
56 68 4   0 0   1 1   2 2   3 3
56 248 4   0 0   1 1   2 2   3 3
56 89 4   0 0   1 1   2 2   3 3
56 188 4   0 0   1 1   2 2   3 3
57 81 4   0 0   1 1   2 2   3 3
57 115 4   0 0   1 1   2 2   3 3
57 104 4   0 0   1 1   2 2   3 3
57 253 4   0 0   1 1   2 2   3 3
57 111 4   0 0   1 1   2 2   3 3
58 224 4   0 0   1 1   2 2   3 3
58 146 4   0 0   1 1   2 2   3 3
58 83 4   0 0   1 1   2 2   3 3
58 136 4   0 0   1 1   2 2   3 3
58 92 4   0 0   1 1   2 2   3 3
58 173 4   0 0   1 1   2 2   3 3
59 65 4   0 0   1 1   2 2   3 3
59 82 4   0 0   1 1   2 2   3 3
59 87 4   0 0   1 1   2 2   3 3
59 60 4   0 0   1 1   2 2   3 3
60 82 4   0 0   1 1   2 2   3 3
60 171 4   0 0   1 1   2 2   3 3
61 114 4   0 0   1 1   2 2   3 3
61 250 4   0 0   1 1   2 2   3 3
61 140 4   0 0   1 1   2 2   3 3
61 174 4   0 0   1 1   2 2   3 3
62 231 4   0 0   1 1   2 2   3 3
62 233 4   0 0   1 1   2 2   3 3
62 109 4   0 0   1 1   2 2   3 3
63 131 4   0 0   1 1   2 2   3 3
63 229 4   0 0   1 1   2 2   3 3
63 184 4   0 0   1 1   2 2   3 3
63 250 4   0 0   1 1   2 2   3 3
63 140 4   0 0   1 1   2 2   3 3
64 129 4   0 0   1 1   2 2   3 3
64 179 4   0 0   1 1   2 2   3 3
64 163 4   0 0   1 1   2 2   3 3
64 181 4   0 0   1 1   2 2   3 3
64 166 4   0 0   1 1   2 2   3 3
64 106 4   0 0   1 1   2 2   3 3
64 203 4   0 0   1 1   2 2   3 3
64 238 4   0 0   1 1   2 2   3 3
65 82 4   0 0   1 1   2 2   3 3
65 243 4   0 0   1 1   2 2   3 3
65 69 4   0 0   1 1   2 2   3 3
65 86 4   0 0   1 1   2 2   3 3
65 71 4   0 0   1 1   2 2   3 3
65 87 4   0 0   1 1   2 2   3 3
65 91 4   0 0   1 1   2 2   3 3
66 112 4   0 0   1 1   2 2   3 3
66 211 4   0 0   1 1   2 2   3 3
66 248 4   0 0   1 1   2 2   3 3
66 157 4   0 0   1 1   2 2   3 3
67 226 4   0 0   1 1   2 2   3 3
67 84 4   0 0   1 1   2 2   3 3
67 94 4   0 0   1 1   2 2   3 3
67 110 4   0 0   1 1   2 2   3 3
68 188 4   0 0   1 1   2 2   3 3
68 159 4   0 0   1 1   2 2   3 3
69 144 4   0 0   1 1   2 2   3 3
69 243 4   0 0   1 1   2 2   3 3
69 71 4   0 0   1 1   2 2   3 3
69 221 4   0 0   1 1   2 2   3 3
70 192 4   0 0   1 1   2 2   3 3
70 130 4   0 0   1 1   2 2   3 3
70 231 4   0 0   1 1   2 2   3 3
70 199 4   0 0   1 1   2 2   3 3
70 232 4   0 0   1 1   2 2   3 3
70 206 4   0 0   1 1   2 2   3 3
70 143 4   0 0   1 1   2 2   3 3
70 183 4   0 0   1 1   2 2   3 3
70 186 4   0 0   1 1   2 2   3 3
70 125 4   0 0   1 1   2 2   3 3
71 144 4   0 0   1 1   2 2   3 3
71 86 4   0 0   1 1   2 2   3 3
72 209 4   0 0   1 1   2 2   3 3
72 171 4   0 0   1 1   2 2   3 3
73 134 4   0 0   1 1   2 2   3 3
73 87 4   0 0   1 1   2 2   3 3
73 171 4   0 0   1 1   2 2   3 3
74 160 4   0 0   1 1   2 2   3 3
74 242 4   0 0   1 1   2 2   3 3
74 234 4   0 0   1 1   2 2   3 3
74 124 4   0 0   1 1   2 2   3 3
75 162 4   0 0   1 1   2 2   3 3
75 204 4   0 0   1 1   2 2   3 3
75 78 4   0 0   1 1   2 2   3 3
76 208 4   0 0   1 1   2 2   3 3
76 217 4   0 0   1 1   2 2   3 3
76 187 4   0 0   1 1   2 2   3 3
76 79 4   0 0   1 1   2 2   3 3
77 129 4   0 0   1 1   2 2   3 3
77 169 4   0 0   1 1   2 2   3 3
77 138 4   0 0   1 1   2 2   3 3
77 106 4   0 0   1 1   2 2   3 3
78 162 4   0 0   1 1   2 2   3 3
78 196 4   0 0   1 1   2 2   3 3
78 213 4   0 0   1 1   2 2   3 3
78 220 4   0 0   1 1   2 2   3 3
79 208 4   0 0   1 1   2 2   3 3
79 115 4   0 0   1 1   2 2   3 3
79 187 4   0 0   1 1   2 2   3 3
79 253 4   0 0   1 1   2 2   3 3
80 231 4   0 0   1 1   2 2   3 3
80 90 4   0 0   1 1   2 2   3 3
80 157 4   0 0   1 1   2 2   3 3
81 104 4   0 0   1 1   2 2   3 3
81 105 4   0 0   1 1   2 2   3 3
82 209 4   0 0   1 1   2 2   3 3
82 152 4   0 0   1 1   2 2   3 3
82 91 4   0 0   1 1   2 2   3 3
82 171 4   0 0   1 1   2 2   3 3
83 224 4   0 0   1 1   2 2   3 3
83 136 4   0 0   1 1   2 2   3 3
83 122 4   0 0   1 1   2 2   3 3
84 228 4   0 0   1 1   2 2   3 3
84 100 4   0 0   1 1   2 2   3 3
84 102 4   0 0   1 1   2 2   3 3
85 208 4   0 0   1 1   2 2   3 3
85 142 4   0 0   1 1   2 2   3 3
86 87 4   0 0   1 1   2 2   3 3
86 189 4   0 0   1 1   2 2   3 3
87 134 4   0 0   1 1   2 2   3 3
88 241 4   0 0   1 1   2 2   3 3
88 212 4   0 0   1 1   2 2   3 3
88 119 4   0 0   1 1   2 2   3 3
88 158 4   0 0   1 1   2 2   3 3
89 148 4   0 0   1 1   2 2   3 3
89 188 4   0 0   1 1   2 2   3 3
90 211 4   0 0   1 1   2 2   3 3
90 100 4   0 0   1 1   2 2   3 3
90 165 4   0 0   1 1   2 2   3 3
90 231 4   0 0   1 1   2 2   3 3
90 157 4   0 0   1 1   2 2   3 3
91 243 4   0 0   1 1   2 2   3 3
91 152 4   0 0   1 1   2 2   3 3
91 216 4   0 0   1 1   2 2   3 3
92 177 4   0 0   1 1   2 2   3 3
92 145 4   0 0   1 1   2 2   3 3
92 146 4   0 0   1 1   2 2   3 3
92 198 4   0 0   1 1   2 2   3 3
92 136 4   0 0   1 1   2 2   3 3
92 120 4   0 0   1 1   2 2   3 3
92 216 4   0 0   1 1   2 2   3 3
93 114 4   0 0   1 1   2 2   3 3
93 131 4   0 0   1 1   2 2   3 3
93 250 4   0 0   1 1   2 2   3 3
93 108 4   0 0   1 1   2 2   3 3
94 242 4   0 0   1 1   2 2   3 3
94 110 4   0 0   1 1   2 2   3 3
95 145 4   0 0   1 1   2 2   3 3
95 152 4   0 0   1 1   2 2   3 3
96 177 4   0 0   1 1   2 2   3 3
96 243 4   0 0   1 1   2 2   3 3
96 198 4   0 0   1 1   2 2   3 3
96 120 4   0 0   1 1   2 2   3 3
96 191 4   0 0   1 1   2 2   3 3
97 227 4   0 0   1 1   2 2   3 3
97 150 4   0 0   1 1   2 2   3 3
97 104 4   0 0   1 1   2 2   3 3
97 105 4   0 0   1 1   2 2   3 3
98 128 4   0 0   1 1   2 2   3 3
98 117 4   0 0   1 1   2 2   3 3
98 155 4   0 0   1 1   2 2   3 3
98 172 4   0 0   1 1   2 2   3 3
98 159 4   0 0   1 1   2 2   3 3
99 182 4   0 0   1 1   2 2   3 3
99 202 4   0 0   1 1   2 2   3 3
99 236 4   0 0   1 1   2 2   3 3
99 191 4   0 0   1 1   2 2   3 3
100 165 4   0 0   1 1   2 2   3 3
100 102 4   0 0   1 1   2 2   3 3
100 231 4   0 0   1 1   2 2   3 3
101 128 4   0 0   1 1   2 2   3 3
101 164 4   0 0   1 1   2 2   3 3
101 117 4   0 0   1 1   2 2   3 3
101 103 4   0 0   1 1   2 2   3 3
102 211 4   0 0   1 1   2 2   3 3
102 228 4   0 0   1 1   2 2   3 3
102 165 4   0 0   1 1   2 2   3 3
103 164 4   0 0   1 1   2 2   3 3
103 117 4   0 0   1 1   2 2   3 3
103 122 4   0 0   1 1   2 2   3 3
103 173 4   0 0   1 1   2 2   3 3
104 227 4   0 0   1 1   2 2   3 3
104 105 4   0 0   1 1   2 2   3 3
104 111 4   0 0   1 1   2 2   3 3
106 129 4   0 0   1 1   2 2   3 3
106 138 4   0 0   1 1   2 2   3 3
106 203 4   0 0   1 1   2 2   3 3
107 195 4   0 0   1 1   2 2   3 3
107 205 4   0 0   1 1   2 2   3 3
108 114 4   0 0   1 1   2 2   3 3
108 131 4   0 0   1 1   2 2   3 3
108 222 4   0 0   1 1   2 2   3 3
108 223 4   0 0   1 1   2 2   3 3
109 160 4   0 0   1 1   2 2   3 3
109 199 4   0 0   1 1   2 2   3 3
109 232 4   0 0   1 1   2 2   3 3
109 233 4   0 0   1 1   2 2   3 3
110 226 4   0 0   1 1   2 2   3 3
110 242 4   0 0   1 1   2 2   3 3
110 118 4   0 0   1 1   2 2   3 3
110 251 4   0 0   1 1   2 2   3 3
111 227 4   0 0   1 1   2 2   3 3
111 115 4   0 0   1 1   2 2   3 3
112 147 4   0 0   1 1   2 2   3 3
112 148 4   0 0   1 1   2 2   3 3
112 248 4   0 0   1 1   2 2   3 3
112 157 4   0 0   1 1   2 2   3 3
113 180 4   0 0   1 1   2 2   3 3
113 196 4   0 0   1 1   2 2   3 3
113 252 4   0 0   1 1   2 2   3 3
113 141 4   0 0   1 1   2 2   3 3
114 250 4   0 0   1 1   2 2   3 3
114 174 4   0 0   1 1   2 2   3 3
115 208 4   0 0   1 1   2 2   3 3
115 253 4   0 0   1 1   2 2   3 3
116 240 4   0 0   1 1   2 2   3 3
116 195 4   0 0   1 1   2 2   3 3
116 238 4   0 0   1 1   2 2   3 3
117 128 4   0 0   1 1   2 2   3 3
117 213 4   0 0   1 1   2 2   3 3
117 172 4   0 0   1 1   2 2   3 3
118 185 4   0 0   1 1   2 2   3 3
118 234 4   0 0   1 1   2 2   3 3
118 218 4   0 0   1 1   2 2   3 3
118 251 4   0 0   1 1   2 2   3 3
118 127 4   0 0   1 1   2 2   3 3
119 185 4   0 0   1 1   2 2   3 3
119 124 4   0 0   1 1   2 2   3 3
119 127 4   0 0   1 1   2 2   3 3
120 243 4   0 0   1 1   2 2   3 3
120 198 4   0 0   1 1   2 2   3 3
120 216 4   0 0   1 1   2 2   3 3
121 225 4   0 0   1 1   2 2   3 3
121 227 4   0 0   1 1   2 2   3 3
121 150 4   0 0   1 1   2 2   3 3
121 219 4   0 0   1 1   2 2   3 3
122 224 4   0 0   1 1   2 2   3 3
122 220 4   0 0   1 1   2 2   3 3
122 173 4   0 0   1 1   2 2   3 3
123 193 4   0 0   1 1   2 2   3 3
123 197 4   0 0   1 1   2 2   3 3
124 234 4   0 0   1 1   2 2   3 3
124 127 4   0 0   1 1   2 2   3 3
125 193 4   0 0   1 1   2 2   3 3
125 210 4   0 0   1 1   2 2   3 3
125 149 4   0 0   1 1   2 2   3 3
125 197 4   0 0   1 1   2 2   3 3
125 199 4   0 0   1 1   2 2   3 3
125 186 4   0 0   1 1   2 2   3 3
125 142 4   0 0   1 1   2 2   3 3
126 176 4   0 0   1 1   2 2   3 3
126 222 4   0 0   1 1   2 2   3 3
126 223 4   0 0   1 1   2 2   3 3
127 185 4   0 0   1 1   2 2   3 3
127 234 4   0 0   1 1   2 2   3 3
128 168 4   0 0   1 1   2 2   3 3
128 185 4   0 0   1 1   2 2   3 3
128 155 4   0 0   1 1   2 2   3 3
129 163 4   0 0   1 1   2 2   3 3
129 246 4   0 0   1 1   2 2   3 3
129 247 4   0 0   1 1   2 2   3 3
129 169 4   0 0   1 1   2 2   3 3
129 156 4   0 0   1 1   2 2   3 3
130 192 4   0 0   1 1   2 2   3 3
130 194 4   0 0   1 1   2 2   3 3
130 215 4   0 0   1 1   2 2   3 3
131 184 4   0 0   1 1   2 2   3 3
131 250 4   0 0   1 1   2 2   3 3
132 204 4   0 0   1 1   2 2   3 3
132 237 4   0 0   1 1   2 2   3 3
133 178 4   0 0   1 1   2 2   3 3
133 197 4   0 0   1 1   2 2   3 3
133 217 4   0 0   1 1   2 2   3 3
133 142 4   0 0   1 1   2 2   3 3
135 169 4   0 0   1 1   2 2   3 3
135 201 4   0 0   1 1   2 2   3 3
135 156 4   0 0   1 1   2 2   3 3
136 145 4   0 0   1 1   2 2   3 3
137 179 4   0 0   1 1   2 2   3 3
137 166 4   0 0   1 1   2 2   3 3
137 167 4   0 0   1 1   2 2   3 3
137 205 4   0 0   1 1   2 2   3 3
138 169 4   0 0   1 1   2 2   3 3
138 203 4   0 0   1 1   2 2   3 3
139 226 4   0 0   1 1   2 2   3 3
139 168 4   0 0   1 1   2 2   3 3
139 155 4   0 0   1 1   2 2   3 3
139 159 4   0 0   1 1   2 2   3 3
140 229 4   0 0   1 1   2 2   3 3
140 250 4   0 0   1 1   2 2   3 3
141 252 4   0 0   1 1   2 2   3 3
142 149 4   0 0   1 1   2 2   3 3
142 197 4   0 0   1 1   2 2   3 3
143 206 4   0 0   1 1   2 2   3 3
144 176 4   0 0   1 1   2 2   3 3
144 244 4   0 0   1 1   2 2   3 3
144 249 4   0 0   1 1   2 2   3 3
144 221 4   0 0   1 1   2 2   3 3
145 216 4   0 0   1 1   2 2   3 3
146 177 4   0 0   1 1   2 2   3 3
146 164 4   0 0   1 1   2 2   3 3
146 173 4   0 0   1 1   2 2   3 3
147 194 4   0 0   1 1   2 2   3 3
147 219 4   0 0   1 1   2 2   3 3
147 157 4   0 0   1 1   2 2   3 3
149 183 4   0 0   1 1   2 2   3 3
149 170 4   0 0   1 1   2 2   3 3
149 186 4   0 0   1 1   2 2   3 3
150 227 4   0 0   1 1   2 2   3 3
151 189 4   0 0   1 1   2 2   3 3
151 222 4   0 0   1 1   2 2   3 3
152 209 4   0 0   1 1   2 2   3 3
152 216 4   0 0   1 1   2 2   3 3
153 229 4   0 0   1 1   2 2   3 3
153 184 4   0 0   1 1   2 2   3 3
153 201 4   0 0   1 1   2 2   3 3
154 214 4   0 0   1 1   2 2   3 3
154 215 4   0 0   1 1   2 2   3 3
154 175 4   0 0   1 1   2 2   3 3
154 207 4   0 0   1 1   2 2   3 3
155 168 4   0 0   1 1   2 2   3 3
155 159 4   0 0   1 1   2 2   3 3
156 246 4   0 0   1 1   2 2   3 3
156 169 4   0 0   1 1   2 2   3 3
156 201 4   0 0   1 1   2 2   3 3
157 194 4   0 0   1 1   2 2   3 3
157 211 4   0 0   1 1   2 2   3 3
157 231 4   0 0   1 1   2 2   3 3
158 241 4   0 0   1 1   2 2   3 3
159 188 4   0 0   1 1   2 2   3 3
159 172 4   0 0   1 1   2 2   3 3
160 242 4   0 0   1 1   2 2   3 3
160 199 4   0 0   1 1   2 2   3 3
160 233 4   0 0   1 1   2 2   3 3
161 167 4   0 0   1 1   2 2   3 3
161 203 4   0 0   1 1   2 2   3 3
161 190 4   0 0   1 1   2 2   3 3
162 180 4   0 0   1 1   2 2   3 3
162 196 4   0 0   1 1   2 2   3 3
162 235 4   0 0   1 1   2 2   3 3
162 204 4   0 0   1 1   2 2   3 3
163 181 4   0 0   1 1   2 2   3 3
163 247 4   0 0   1 1   2 2   3 3
164 177 4   0 0   1 1   2 2   3 3
164 182 4   0 0   1 1   2 2   3 3
164 236 4   0 0   1 1   2 2   3 3
164 173 4   0 0   1 1   2 2   3 3
165 211 4   0 0   1 1   2 2   3 3
166 179 4   0 0   1 1   2 2   3 3
166 167 4   0 0   1 1   2 2   3 3
166 203 4   0 0   1 1   2 2   3 3
167 203 4   0 0   1 1   2 2   3 3
168 185 4   0 0   1 1   2 2   3 3
168 218 4   0 0   1 1   2 2   3 3
170 183 4   0 0   1 1   2 2   3 3
170 206 4   0 0   1 1   2 2   3 3
171 209 4   0 0   1 1   2 2   3 3
172 188 4   0 0   1 1   2 2   3 3
172 237 4   0 0   1 1   2 2   3 3
173 224 4   0 0   1 1   2 2   3 3
175 225 4   0 0   1 1   2 2   3 3
175 194 4   0 0   1 1   2 2   3 3
175 239 4   0 0   1 1   2 2   3 3
175 207 4   0 0   1 1   2 2   3 3
176 245 4   0 0   1 1   2 2   3 3
176 249 4   0 0   1 1   2 2   3 3
176 223 4   0 0   1 1   2 2   3 3
177 198 4   0 0   1 1   2 2   3 3
177 236 4   0 0   1 1   2 2   3 3
178 197 4   0 0   1 1   2 2   3 3
178 217 4   0 0   1 1   2 2   3 3
178 190 4   0 0   1 1   2 2   3 3
179 195 4   0 0   1 1   2 2   3 3
179 205 4   0 0   1 1   2 2   3 3
179 238 4   0 0   1 1   2 2   3 3
180 196 4   0 0   1 1   2 2   3 3
180 235 4   0 0   1 1   2 2   3 3
180 252 4   0 0   1 1   2 2   3 3
181 246 4   0 0   1 1   2 2   3 3
181 247 4   0 0   1 1   2 2   3 3
181 238 4   0 0   1 1   2 2   3 3
182 185 4   0 0   1 1   2 2   3 3
182 202 4   0 0   1 1   2 2   3 3
182 236 4   0 0   1 1   2 2   3 3
183 186 4   0 0   1 1   2 2   3 3
183 206 4   0 0   1 1   2 2   3 3
184 229 4   0 0   1 1   2 2   3 3
184 201 4   0 0   1 1   2 2   3 3
185 218 4   0 0   1 1   2 2   3 3
185 202 4   0 0   1 1   2 2   3 3
187 253 4   0 0   1 1   2 2   3 3
188 237 4   0 0   1 1   2 2   3 3
189 222 4   0 0   1 1   2 2   3 3
191 236 4   0 0   1 1   2 2   3 3
192 194 4   0 0   1 1   2 2   3 3
192 231 4   0 0   1 1   2 2   3 3
193 210 4   0 0   1 1   2 2   3 3
193 197 4   0 0   1 1   2 2   3 3
194 231 4   0 0   1 1   2 2   3 3
195 240 4   0 0   1 1   2 2   3 3
195 205 4   0 0   1 1   2 2   3 3
195 238 4   0 0   1 1   2 2   3 3
199 232 4   0 0   1 1   2 2   3 3
200 241 4   0 0   1 1   2 2   3 3
200 212 4   0 0   1 1   2 2   3 3
201 246 4   0 0   1 1   2 2   3 3
205 210 4   0 0   1 1   2 2   3 3
207 227 4   0 0   1 1   2 2   3 3
208 214 4   0 0   1 1   2 2   3 3
212 241 4   0 0   1 1   2 2   3 3
214 215 4   0 0   1 1   2 2   3 3
216 243 4   0 0   1 1   2 2   3 3
219 225 4   0 0   1 1   2 2   3 3
219 239 4   0 0   1 1   2 2   3 3
220 252 4   0 0   1 1   2 2   3 3
221 244 4   0 0   1 1   2 2   3 3
222 223 4   0 0   1 1   2 2   3 3
223 245 4   0 0   1 1   2 2   3 3
225 239 4   0 0   1 1   2 2   3 3
228 248 4   0 0   1 1   2 2   3 3
230 235 4   0 0   1 1   2 2   3 3
234 242 4   0 0   1 1   2 2   3 3
234 251 4   0 0   1 1   2 2   3 3
242 251 4   0 0   1 1   2 2   3 3
244 249 4   0 0   1 1   2 2   3 3
245 249 4   0 0   1 1   2 2   3 3
246 247 4   0 0   1 1   2 2   3 3
