265
1 4 0 1 2 3
2 4 0 1 2 3
3 4 0 1 2 3
4 4 0 1 2 3
5 4 0 1 2 3
6 4 0 1 2 3
7 4 0 1 2 3
8 4 0 1 2 3
9 4 0 1 2 3
10 4 0 1 2 3
11 4 0 1 2 3
12 4 0 1 2 3
13 4 0 1 2 3
14 4 0 1 2 3
15 4 0 1 2 3
16 4 0 1 2 3
17 4 0 1 2 3
18 4 0 1 2 3
19 4 0 1 2 3
20 4 0 1 2 3
21 4 0 1 2 3
22 4 0 1 2 3
23 4 0 1 2 3
24 4 0 1 2 3
25 4 0 1 2 3
26 4 0 1 2 3
27 4 0 1 2 3
28 4 0 1 2 3
29 4 0 1 2 3
30 4 0 1 2 3
31 4 0 1 2 3
32 4 0 1 2 3
33 4 0 1 2 3
34 4 0 1 2 3
35 4 0 1 2 3
36 4 0 1 2 3
37 4 0 1 2 3
38 4 0 1 2 3
39 4 0 1 2 3
40 4 0 1 2 3
41 4 0 1 2 3
42 4 0 1 2 3
43 4 0 1 2 3
44 4 0 1 2 3
45 4 0 1 2 3
46 4 0 1 2 3
47 4 0 1 2 3
48 4 0 1 2 3
49 4 0 1 2 3
50 4 0 1 2 3
51 4 0 1 2 3
52 4 0 1 2 3
53 4 0 1 2 3
54 4 0 1 2 3
55 4 0 1 2 3
56 4 0 1 2 3
57 4 0 1 2 3
58 4 0 1 2 3
59 4 0 1 2 3
60 4 0 1 2 3
61 4 0 1 2 3
62 4 0 1 2 3
63 4 0 1 2 3
64 4 0 1 2 3
65 4 0 1 2 3
66 4 0 1 2 3
67 4 0 1 2 3
68 4 0 1 2 3
69 4 0 1 2 3
70 4 0 1 2 3
71 4 0 1 2 3
72 4 0 1 2 3
73 4 0 1 2 3
74 4 0 1 2 3
75 4 0 1 2 3
76 4 0 1 2 3
77 4 0 1 2 3
78 4 0 1 2 3
79 4 0 1 2 3
80 4 0 1 2 3
81 4 0 1 2 3
82 4 0 1 2 3
83 4 0 1 2 3
84 4 0 1 2 3
85 4 0 1 2 3
86 4 0 1 2 3
87 4 0 1 2 3
88 4 0 1 2 3
89 4 0 1 2 3
90 4 0 1 2 3
91 4 0 1 2 3
92 4 0 1 2 3
93 4 0 1 2 3
94 4 0 1 2 3
95 4 0 1 2 3
96 4 0 1 2 3
97 4 0 1 2 3
98 4 0 1 2 3
99 4 0 1 2 3
100 4 0 1 2 3
101 4 0 1 2 3
102 4 0 1 2 3
103 4 0 1 2 3
104 4 0 1 2 3
105 4 0 1 2 3
106 4 0 1 2 3
107 4 0 1 2 3
108 4 0 1 2 3
109 4 0 1 2 3
110 4 0 1 2 3
111 4 0 1 2 3
112 4 0 1 2 3
113 4 0 1 2 3
114 4 0 1 2 3
115 4 0 1 2 3
116 4 0 1 2 3
117 4 0 1 2 3
118 4 0 1 2 3
119 4 0 1 2 3
120 4 0 1 2 3
121 4 0 1 2 3
122 4 0 1 2 3
123 4 0 1 2 3
124 4 0 1 2 3
125 4 0 1 2 3
126 4 0 1 2 3
127 4 0 1 2 3
128 4 0 1 2 3
129 4 0 1 2 3
130 4 0 1 2 3
131 4 0 1 2 3
132 4 0 1 2 3
133 4 0 1 2 3
134 4 0 1 2 3
135 4 0 1 2 3
136 4 0 1 2 3
137 4 0 1 2 3
138 4 0 1 2 3
139 4 0 1 2 3
140 4 0 1 2 3
141 4 0 1 2 3
142 4 0 1 2 3
143 4 0 1 2 3
144 4 0 1 2 3
145 4 0 1 2 3
146 4 0 1 2 3
147 4 0 1 2 3
148 4 0 1 2 3
149 4 0 1 2 3
150 4 0 1 2 3
151 4 0 1 2 3
152 4 0 1 2 3
153 4 0 1 2 3
154 4 0 1 2 3
155 4 0 1 2 3
156 4 0 1 2 3
157 4 0 1 2 3
158 4 0 1 2 3
159 4 0 1 2 3
160 4 0 1 2 3
161 4 0 1 2 3
162 4 0 1 2 3
163 4 0 1 2 3
164 4 0 1 2 3
165 4 0 1 2 3
166 4 0 1 2 3
167 4 0 1 2 3
168 4 0 1 2 3
169 4 0 1 2 3
170 4 0 1 2 3
171 4 0 1 2 3
172 4 0 1 2 3
173 4 0 1 2 3
174 4 0 1 2 3
175 4 0 1 2 3
176 4 0 1 2 3
177 4 0 1 2 3
178 4 0 1 2 3
179 4 0 1 2 3
180 4 0 1 2 3
181 4 0 1 2 3
182 4 0 1 2 3
183 4 0 1 2 3
184 4 0 1 2 3
185 4 0 1 2 3
186 4 0 1 2 3
187 4 0 1 2 3
188 4 0 1 2 3
189 4 0 1 2 3
190 4 0 1 2 3
191 4 0 1 2 3
192 4 0 1 2 3
193 4 0 1 2 3
194 4 0 1 2 3
195 4 0 1 2 3
196 4 0 1 2 3
197 4 0 1 2 3
198 4 0 1 2 3
199 4 0 1 2 3
200 4 0 1 2 3
201 4 0 1 2 3
202 4 0 1 2 3
203 4 0 1 2 3
204 4 0 1 2 3
205 4 0 1 2 3
206 4 0 1 2 3
207 4 0 1 2 3
208 4 0 1 2 3
209 4 0 1 2 3
210 4 0 1 2 3
211 4 0 1 2 3
212 4 0 1 2 3
213 4 0 1 2 3
214 4 0 1 2 3
215 4 0 1 2 3
216 4 0 1 2 3
217 4 0 1 2 3
218 4 0 1 2 3
219 4 0 1 2 3
220 4 0 1 2 3
221 4 0 1 2 3
222 4 0 1 2 3
223 4 0 1 2 3
224 4 0 1 2 3
225 4 0 1 2 3
226 4 0 1 2 3
227 4 0 1 2 3
228 4 0 1 2 3
229 4 0 1 2 3
230 4 0 1 2 3
231 4 0 1 2 3
232 4 0 1 2 3
233 4 0 1 2 3
234 4 0 1 2 3
235 4 0 1 2 3
236 4 0 1 2 3
237 4 0 1 2 3
238 4 0 1 2 3
239 4 0 1 2 3
240 4 0 1 2 3
241 4 0 1 2 3
242 4 0 1 2 3
243 4 0 1 2 3
244 4 0 1 2 3
245 4 0 1 2 3
246 4 0 1 2 3
247 4 0 1 2 3
248 4 0 1 2 3
249 4 0 1 2 3
250 4 0 1 2 3
251 4 0 1 2 3
252 4 0 1 2 3
253 4 0 1 2 3
254 4 0 1 2 3
255 4 0 1 2 3
256 4 0 1 2 3
257 4 0 1 2 3
258 4 0 1 2 3
259 4 0 1 2 3
260 4 0 1 2 3
261 4 0 1 2 3
262 4 0 1 2 3
263 4 0 1 2 3
264 4 0 1 2 3
265 4 0 1 2 3
738
1 208 4   0 0   1 1   2 2   3 3
1 178 4   0 0   1 1   2 2   3 3
1 151 4   0 0   1 1   2 2   3 3
1 74 4   0 0   1 1   2 2   3 3
1 237 4   0 0   1 1   2 2   3 3
1 29 4   0 0   1 1   2 2   3 3
2 211 4   0 0   1 1   2 2   3 3
2 123 4   0 0   1 1   2 2   3 3
2 219 4   0 0   1 1   2 2   3 3
2 158 4   0 0   1 1   2 2   3 3
2 14 4   0 0   1 1   2 2   3 3
2 143 4   0 0   1 1   2 2   3 3
3 240 4   0 0   1 1   2 2   3 3
3 116 4   0 0   1 1   2 2   3 3
3 264 4   0 0   1 1   2 2   3 3
3 140 4   0 0   1 1   2 2   3 3
3 175 4   0 0   1 1   2 2   3 3
4 98 4   0 0   1 1   2 2   3 3
4 50 4   0 0   1 1   2 2   3 3
4 85 4   0 0   1 1   2 2   3 3
4 9 4   0 0   1 1   2 2   3 3
4 122 4   0 0   1 1   2 2   3 3
4 62 4   0 0   1 1   2 2   3 3
4 175 4   0 0   1 1   2 2   3 3
5 208 4   0 0   1 1   2 2   3 3
5 20 4   0 0   1 1   2 2   3 3
5 69 4   0 0   1 1   2 2   3 3
5 39 4   0 0   1 1   2 2   3 3
5 88 4   0 0   1 1   2 2   3 3
5 252 4   0 0   1 1   2 2   3 3
6 177 4   0 0   1 1   2 2   3 3
6 148 4   0 0   1 1   2 2   3 3
6 41 4   0 0   1 1   2 2   3 3
6 127 4   0 0   1 1   2 2   3 3
7 128 4   0 0   1 1   2 2   3 3
7 152 4   0 0   1 1   2 2   3 3
7 124 4   0 0   1 1   2 2   3 3
7 61 4   0 0   1 1   2 2   3 3
7 254 4   0 0   1 1   2 2   3 3
8 48 4   0 0   1 1   2 2   3 3
8 50 4   0 0   1 1   2 2   3 3
8 243 4   0 0   1 1   2 2   3 3
8 260 4   0 0   1 1   2 2   3 3
8 90 4   0 0   1 1   2 2   3 3
8 220 4   0 0   1 1   2 2   3 3
8 47 4   0 0   1 1   2 2   3 3
9 146 4   0 0   1 1   2 2   3 3
9 85 4   0 0   1 1   2 2   3 3
9 62 4   0 0   1 1   2 2   3 3
10 258 4   0 0   1 1   2 2   3 3
10 94 4   0 0   1 1   2 2   3 3
10 31 4   0 0   1 1   2 2   3 3
11 256 4   0 0   1 1   2 2   3 3
11 147 4   0 0   1 1   2 2   3 3
11 213 4   0 0   1 1   2 2   3 3
11 248 4   0 0   1 1   2 2   3 3
11 89 4   0 0   1 1   2 2   3 3
11 201 4   0 0   1 1   2 2   3 3
11 93 4   0 0   1 1   2 2   3 3
11 142 4   0 0   1 1   2 2   3 3
12 163 4   0 0   1 1   2 2   3 3
12 199 4   0 0   1 1   2 2   3 3
12 56 4   0 0   1 1   2 2   3 3
12 186 4   0 0   1 1   2 2   3 3
12 108 4   0 0   1 1   2 2   3 3
12 207 4   0 0   1 1   2 2   3 3
13 225 4   0 0   1 1   2 2   3 3
13 100 4   0 0   1 1   2 2   3 3
13 263 4   0 0   1 1   2 2   3 3
13 200 4   0 0   1 1   2 2   3 3
13 91 4   0 0   1 1   2 2   3 3
13 223 4   0 0   1 1   2 2   3 3
14 160 4   0 0   1 1   2 2   3 3
14 80 4   0 0   1 1   2 2   3 3
14 130 4   0 0   1 1   2 2   3 3
14 211 4   0 0   1 1   2 2   3 3
14 120 4   0 0   1 1   2 2   3 3
14 105 4   0 0   1 1   2 2   3 3
14 123 4   0 0   1 1   2 2   3 3
15 192 4   0 0   1 1   2 2   3 3
15 83 4   0 0   1 1   2 2   3 3
15 20 4   0 0   1 1   2 2   3 3
15 174 4   0 0   1 1   2 2   3 3
16 35 4   0 0   1 1   2 2   3 3
16 132 4   0 0   1 1   2 2   3 3
16 185 4   0 0   1 1   2 2   3 3
16 73 4   0 0   1 1   2 2   3 3
16 236 4   0 0   1 1   2 2   3 3
17 102 4   0 0   1 1   2 2   3 3
17 87 4   0 0   1 1   2 2   3 3
17 247 4   0 0   1 1   2 2   3 3
17 170 4   0 0   1 1   2 2   3 3
17 43 4   0 0   1 1   2 2   3 3
17 188 4   0 0   1 1   2 2   3 3
18 83 4   0 0   1 1   2 2   3 3
18 20 4   0 0   1 1   2 2   3 3
18 39 4   0 0   1 1   2 2   3 3
18 187 4   0 0   1 1   2 2   3 3
19 176 4   0 0   1 1   2 2   3 3
19 224 4   0 0   1 1   2 2   3 3
19 177 4   0 0   1 1   2 2   3 3
19 148 4   0 0   1 1   2 2   3 3
19 21 4   0 0   1 1   2 2   3 3
19 107 4   0 0   1 1   2 2   3 3
20 83 4   0 0   1 1   2 2   3 3
20 39 4   0 0   1 1   2 2   3 3
20 252 4   0 0   1 1   2 2   3 3
20 174 4   0 0   1 1   2 2   3 3
21 224 4   0 0   1 1   2 2   3 3
21 190 4   0 0   1 1   2 2   3 3
22 193 4   0 0   1 1   2 2   3 3
22 194 4   0 0   1 1   2 2   3 3
22 84 4   0 0   1 1   2 2   3 3
22 190 4   0 0   1 1   2 2   3 3
22 63 4   0 0   1 1   2 2   3 3
23 161 4   0 0   1 1   2 2   3 3
23 92 4   0 0   1 1   2 2   3 3
23 29 4   0 0   1 1   2 2   3 3
23 95 4   0 0   1 1   2 2   3 3
23 31 4   0 0   1 1   2 2   3 3
24 128 4   0 0   1 1   2 2   3 3
24 177 4   0 0   1 1   2 2   3 3
24 68 4   0 0   1 1   2 2   3 3
24 246 4   0 0   1 1   2 2   3 3
24 54 4   0 0   1 1   2 2   3 3
24 61 4   0 0   1 1   2 2   3 3
24 127 4   0 0   1 1   2 2   3 3
25 211 4   0 0   1 1   2 2   3 3
25 105 4   0 0   1 1   2 2   3 3
25 187 4   0 0   1 1   2 2   3 3
25 77 4   0 0   1 1   2 2   3 3
26 34 4   0 0   1 1   2 2   3 3
26 101 4   0 0   1 1   2 2   3 3
26 90 4   0 0   1 1   2 2   3 3
26 171 4   0 0   1 1   2 2   3 3
26 46 4   0 0   1 1   2 2   3 3
26 47 4   0 0   1 1   2 2   3 3
27 178 4   0 0   1 1   2 2   3 3
27 115 4   0 0   1 1   2 2   3 3
27 67 4   0 0   1 1   2 2   3 3
27 196 4   0 0   1 1   2 2   3 3
27 37 4   0 0   1 1   2 2   3 3
27 118 4   0 0   1 1   2 2   3 3
27 222 4   0 0   1 1   2 2   3 3
28 164 4   0 0   1 1   2 2   3 3
28 150 4   0 0   1 1   2 2   3 3
28 183 4   0 0   1 1   2 2   3 3
28 235 4   0 0   1 1   2 2   3 3
29 178 4   0 0   1 1   2 2   3 3
29 74 4   0 0   1 1   2 2   3 3
29 92 4   0 0   1 1   2 2   3 3
29 95 4   0 0   1 1   2 2   3 3
30 81 4   0 0   1 1   2 2   3 3
30 196 4   0 0   1 1   2 2   3 3
30 137 4   0 0   1 1   2 2   3 3
30 251 4   0 0   1 1   2 2   3 3
30 126 4   0 0   1 1   2 2   3 3
31 161 4   0 0   1 1   2 2   3 3
31 94 4   0 0   1 1   2 2   3 3
32 97 4   0 0   1 1   2 2   3 3
32 146 4   0 0   1 1   2 2   3 3
32 216 4   0 0   1 1   2 2   3 3
32 185 4   0 0   1 1   2 2   3 3
32 62 4   0 0   1 1   2 2   3 3
32 239 4   0 0   1 1   2 2   3 3
33 54 4   0 0   1 1   2 2   3 3
33 38 4   0 0   1 1   2 2   3 3
33 71 4   0 0   1 1   2 2   3 3
33 206 4   0 0   1 1   2 2   3 3
33 127 4   0 0   1 1   2 2   3 3
34 101 4   0 0   1 1   2 2   3 3
34 165 4   0 0   1 1   2 2   3 3
34 87 4   0 0   1 1   2 2   3 3
34 170 4   0 0   1 1   2 2   3 3
34 58 4   0 0   1 1   2 2   3 3
34 171 4   0 0   1 1   2 2   3 3
35 149 4   0 0   1 1   2 2   3 3
35 185 4   0 0   1 1   2 2   3 3
35 73 4   0 0   1 1   2 2   3 3
35 44 4   0 0   1 1   2 2   3 3
36 213 4   0 0   1 1   2 2   3 3
36 168 4   0 0   1 1   2 2   3 3
36 201 4   0 0   1 1   2 2   3 3
36 204 4   0 0   1 1   2 2   3 3
37 115 4   0 0   1 1   2 2   3 3
37 196 4   0 0   1 1   2 2   3 3
37 136 4   0 0   1 1   2 2   3 3
37 234 4   0 0   1 1   2 2   3 3
38 71 4   0 0   1 1   2 2   3 3
38 41 4   0 0   1 1   2 2   3 3
38 127 4   0 0   1 1   2 2   3 3
39 69 4   0 0   1 1   2 2   3 3
39 187 4   0 0   1 1   2 2   3 3
39 237 4   0 0   1 1   2 2   3 3
40 195 4   0 0   1 1   2 2   3 3
40 167 4   0 0   1 1   2 2   3 3
40 121 4   0 0   1 1   2 2   3 3
40 169 4   0 0   1 1   2 2   3 3
41 131 4   0 0   1 1   2 2   3 3
41 148 4   0 0   1 1   2 2   3 3
41 71 4   0 0   1 1   2 2   3 3
41 75 4   0 0   1 1   2 2   3 3
41 110 4   0 0   1 1   2 2   3 3
41 127 4   0 0   1 1   2 2   3 3
42 144 4   0 0   1 1   2 2   3 3
42 49 4   0 0   1 1   2 2   3 3
42 108 4   0 0   1 1   2 2   3 3
42 78 4   0 0   1 1   2 2   3 3
42 207 4   0 0   1 1   2 2   3 3
43 82 4   0 0   1 1   2 2   3 3
43 247 4   0 0   1 1   2 2   3 3
43 170 4   0 0   1 1   2 2   3 3
43 75 4   0 0   1 1   2 2   3 3
44 241 4   0 0   1 1   2 2   3 3
44 149 4   0 0   1 1   2 2   3 3
44 216 4   0 0   1 1   2 2   3 3
44 249 4   0 0   1 1   2 2   3 3
44 185 4   0 0   1 1   2 2   3 3
45 184 4   0 0   1 1   2 2   3 3
45 168 4   0 0   1 1   2 2   3 3
45 108 4   0 0   1 1   2 2   3 3
45 221 4   0 0   1 1   2 2   3 3
45 159 4   0 0   1 1   2 2   3 3
46 90 4   0 0   1 1   2 2   3 3
46 171 4   0 0   1 1   2 2   3 3
46 253 4   0 0   1 1   2 2   3 3
46 141 4   0 0   1 1   2 2   3 3
47 101 4   0 0   1 1   2 2   3 3
47 217 4   0 0   1 1   2 2   3 3
47 90 4   0 0   1 1   2 2   3 3
47 220 4   0 0   1 1   2 2   3 3
47 109 4   0 0   1 1   2 2   3 3
48 112 4   0 0   1 1   2 2   3 3
48 113 4   0 0   1 1   2 2   3 3
48 50 4   0 0   1 1   2 2   3 3
48 180 4   0 0   1 1   2 2   3 3
48 212 4   0 0   1 1   2 2   3 3
48 260 4   0 0   1 1   2 2   3 3
49 64 4   0 0   1 1   2 2   3 3
49 144 4   0 0   1 1   2 2   3 3
49 78 4   0 0   1 1   2 2   3 3
49 111 4   0 0   1 1   2 2   3 3
50 210 4   0 0   1 1   2 2   3 3
50 243 4   0 0   1 1   2 2   3 3
50 212 4   0 0   1 1   2 2   3 3
50 85 4   0 0   1 1   2 2   3 3
50 122 4   0 0   1 1   2 2   3 3
51 96 4   0 0   1 1   2 2   3 3
51 145 4   0 0   1 1   2 2   3 3
51 168 4   0 0   1 1   2 2   3 3
51 221 4   0 0   1 1   2 2   3 3
52 165 4   0 0   1 1   2 2   3 3
52 230 4   0 0   1 1   2 2   3 3
52 203 4   0 0   1 1   2 2   3 3
52 59 4   0 0   1 1   2 2   3 3
53 113 4   0 0   1 1   2 2   3 3
53 114 4   0 0   1 1   2 2   3 3
53 180 4   0 0   1 1   2 2   3 3
53 231 4   0 0   1 1   2 2   3 3
53 232 4   0 0   1 1   2 2   3 3
54 244 4   0 0   1 1   2 2   3 3
54 229 4   0 0   1 1   2 2   3 3
54 206 4   0 0   1 1   2 2   3 3
54 127 4   0 0   1 1   2 2   3 3
55 226 4   0 0   1 1   2 2   3 3
55 198 4   0 0   1 1   2 2   3 3
55 167 4   0 0   1 1   2 2   3 3
55 121 4   0 0   1 1   2 2   3 3
55 205 4   0 0   1 1   2 2   3 3
56 129 4   0 0   1 1   2 2   3 3
56 99 4   0 0   1 1   2 2   3 3
56 86 4   0 0   1 1   2 2   3 3
56 199 4   0 0   1 1   2 2   3 3
56 186 4   0 0   1 1   2 2   3 3
57 210 4   0 0   1 1   2 2   3 3
57 243 4   0 0   1 1   2 2   3 3
57 85 4   0 0   1 1   2 2   3 3
57 215 4   0 0   1 1   2 2   3 3
57 141 4   0 0   1 1   2 2   3 3
58 165 4   0 0   1 1   2 2   3 3
58 171 4   0 0   1 1   2 2   3 3
58 203 4   0 0   1 1   2 2   3 3
58 253 4   0 0   1 1   2 2   3 3
59 164 4   0 0   1 1   2 2   3 3
59 228 4   0 0   1 1   2 2   3 3
59 165 4   0 0   1 1   2 2   3 3
59 102 4   0 0   1 1   2 2   3 3
59 230 4   0 0   1 1   2 2   3 3
59 183 4   0 0   1 1   2 2   3 3
59 235 4   0 0   1 1   2 2   3 3
59 157 4   0 0   1 1   2 2   3 3
60 128 4   0 0   1 1   2 2   3 3
60 195 4   0 0   1 1   2 2   3 3
60 246 4   0 0   1 1   2 2   3 3
60 166 4   0 0   1 1   2 2   3 3
60 167 4   0 0   1 1   2 2   3 3
60 155 4   0 0   1 1   2 2   3 3
60 254 4   0 0   1 1   2 2   3 3
61 128 4   0 0   1 1   2 2   3 3
61 68 4   0 0   1 1   2 2   3 3
61 245 4   0 0   1 1   2 2   3 3
61 152 4   0 0   1 1   2 2   3 3
62 146 4   0 0   1 1   2 2   3 3
62 116 4   0 0   1 1   2 2   3 3
62 175 4   0 0   1 1   2 2   3 3
62 239 4   0 0   1 1   2 2   3 3
63 193 4   0 0   1 1   2 2   3 3
63 68 4   0 0   1 1   2 2   3 3
63 84 4   0 0   1 1   2 2   3 3
63 245 4   0 0   1 1   2 2   3 3
63 152 4   0 0   1 1   2 2   3 3
64 209 4   0 0   1 1   2 2   3 3
64 179 4   0 0   1 1   2 2   3 3
64 117 4   0 0   1 1   2 2   3 3
64 182 4   0 0   1 1   2 2   3 3
64 78 4   0 0   1 1   2 2   3 3
64 111 4   0 0   1 1   2 2   3 3
65 119 4   0 0   1 1   2 2   3 3
65 72 4   0 0   1 1   2 2   3 3
65 238 4   0 0   1 1   2 2   3 3
65 79 4   0 0   1 1   2 2   3 3
66 225 4   0 0   1 1   2 2   3 3
66 226 4   0 0   1 1   2 2   3 3
66 261 4   0 0   1 1   2 2   3 3
66 198 4   0 0   1 1   2 2   3 3
66 265 4   0 0   1 1   2 2   3 3
66 155 4   0 0   1 1   2 2   3 3
66 124 4   0 0   1 1   2 2   3 3
66 254 4   0 0   1 1   2 2   3 3
67 178 4   0 0   1 1   2 2   3 3
67 115 4   0 0   1 1   2 2   3 3
67 187 4   0 0   1 1   2 2   3 3
67 237 4   0 0   1 1   2 2   3 3
68 224 4   0 0   1 1   2 2   3 3
68 177 4   0 0   1 1   2 2   3 3
68 84 4   0 0   1 1   2 2   3 3
68 245 4   0 0   1 1   2 2   3 3
69 208 4   0 0   1 1   2 2   3 3
69 151 4   0 0   1 1   2 2   3 3
69 237 4   0 0   1 1   2 2   3 3
70 228 4   0 0   1 1   2 2   3 3
70 230 4   0 0   1 1   2 2   3 3
70 250 4   0 0   1 1   2 2   3 3
71 170 4   0 0   1 1   2 2   3 3
71 75 4   0 0   1 1   2 2   3 3
71 206 4   0 0   1 1   2 2   3 3
72 99 4   0 0   1 1   2 2   3 3
72 173 4   0 0   1 1   2 2   3 3
72 238 4   0 0   1 1   2 2   3 3
73 130 4   0 0   1 1   2 2   3 3
73 132 4   0 0   1 1   2 2   3 3
73 149 4   0 0   1 1   2 2   3 3
73 153 4   0 0   1 1   2 2   3 3
74 208 4   0 0   1 1   2 2   3 3
75 82 4   0 0   1 1   2 2   3 3
75 131 4   0 0   1 1   2 2   3 3
75 170 4   0 0   1 1   2 2   3 3
76 211 4   0 0   1 1   2 2   3 3
76 115 4   0 0   1 1   2 2   3 3
76 136 4   0 0   1 1   2 2   3 3
76 219 4   0 0   1 1   2 2   3 3
76 77 4   0 0   1 1   2 2   3 3
77 211 4   0 0   1 1   2 2   3 3
77 115 4   0 0   1 1   2 2   3 3
77 187 4   0 0   1 1   2 2   3 3
78 182 4   0 0   1 1   2 2   3 3
78 207 4   0 0   1 1   2 2   3 3
79 96 4   0 0   1 1   2 2   3 3
79 119 4   0 0   1 1   2 2   3 3
80 160 4   0 0   1 1   2 2   3 3
80 181 4   0 0   1 1   2 2   3 3
80 105 4   0 0   1 1   2 2   3 3
80 139 4   0 0   1 1   2 2   3 3
80 191 4   0 0   1 1   2 2   3 3
81 196 4   0 0   1 1   2 2   3 3
81 234 4   0 0   1 1   2 2   3 3
81 251 4   0 0   1 1   2 2   3 3
81 157 4   0 0   1 1   2 2   3 3
82 131 4   0 0   1 1   2 2   3 3
82 117 4   0 0   1 1   2 2   3 3
82 247 4   0 0   1 1   2 2   3 3
82 110 4   0 0   1 1   2 2   3 3
82 111 4   0 0   1 1   2 2   3 3
83 192 4   0 0   1 1   2 2   3 3
83 181 4   0 0   1 1   2 2   3 3
83 139 4   0 0   1 1   2 2   3 3
83 187 4   0 0   1 1   2 2   3 3
84 224 4   0 0   1 1   2 2   3 3
84 190 4   0 0   1 1   2 2   3 3
85 210 4   0 0   1 1   2 2   3 3
85 146 4   0 0   1 1   2 2   3 3
85 215 4   0 0   1 1   2 2   3 3
85 249 4   0 0   1 1   2 2   3 3
86 129 4   0 0   1 1   2 2   3 3
86 242 4   0 0   1 1   2 2   3 3
86 258 4   0 0   1 1   2 2   3 3
86 133 4   0 0   1 1   2 2   3 3
86 134 4   0 0   1 1   2 2   3 3
86 186 4   0 0   1 1   2 2   3 3
86 94 4   0 0   1 1   2 2   3 3
87 165 4   0 0   1 1   2 2   3 3
87 102 4   0 0   1 1   2 2   3 3
87 170 4   0 0   1 1   2 2   3 3
88 208 4   0 0   1 1   2 2   3 3
88 218 4   0 0   1 1   2 2   3 3
88 252 4   0 0   1 1   2 2   3 3
88 174 4   0 0   1 1   2 2   3 3
89 256 4   0 0   1 1   2 2   3 3
89 248 4   0 0   1 1   2 2   3 3
89 107 4   0 0   1 1   2 2   3 3
90 243 4   0 0   1 1   2 2   3 3
90 141 4   0 0   1 1   2 2   3 3
91 225 4   0 0   1 1   2 2   3 3
91 193 4   0 0   1 1   2 2   3 3
91 261 4   0 0   1 1   2 2   3 3
91 152 4   0 0   1 1   2 2   3 3
91 124 4   0 0   1 1   2 2   3 3
91 223 4   0 0   1 1   2 2   3 3
93 147 4   0 0   1 1   2 2   3 3
93 227 4   0 0   1 1   2 2   3 3
93 104 4   0 0   1 1   2 2   3 3
93 142 4   0 0   1 1   2 2   3 3
94 161 4   0 0   1 1   2 2   3 3
94 258 4   0 0   1 1   2 2   3 3
94 133 4   0 0   1 1   2 2   3 3
94 255 4   0 0   1 1   2 2   3 3
95 161 4   0 0   1 1   2 2   3 3
95 178 4   0 0   1 1   2 2   3 3
95 255 4   0 0   1 1   2 2   3 3
96 145 4   0 0   1 1   2 2   3 3
96 262 4   0 0   1 1   2 2   3 3
96 119 4   0 0   1 1   2 2   3 3
96 221 4   0 0   1 1   2 2   3 3
97 146 4   0 0   1 1   2 2   3 3
97 216 4   0 0   1 1   2 2   3 3
98 162 4   0 0   1 1   2 2   3 3
98 212 4   0 0   1 1   2 2   3 3
98 264 4   0 0   1 1   2 2   3 3
98 122 4   0 0   1 1   2 2   3 3
98 175 4   0 0   1 1   2 2   3 3
99 129 4   0 0   1 1   2 2   3 3
99 135 4   0 0   1 1   2 2   3 3
99 199 4   0 0   1 1   2 2   3 3
99 173 4   0 0   1 1   2 2   3 3
99 238 4   0 0   1 1   2 2   3 3
100 225 4   0 0   1 1   2 2   3 3
100 200 4   0 0   1 1   2 2   3 3
100 265 4   0 0   1 1   2 2   3 3
101 170 4   0 0   1 1   2 2   3 3
101 109 4   0 0   1 1   2 2   3 3
102 164 4   0 0   1 1   2 2   3 3
102 165 4   0 0   1 1   2 2   3 3
102 188 4   0 0   1 1   2 2   3 3
103 105 4   0 0   1 1   2 2   3 3
103 139 4   0 0   1 1   2 2   3 3
103 187 4   0 0   1 1   2 2   3 3
104 144 4   0 0   1 1   2 2   3 3
104 227 4   0 0   1 1   2 2   3 3
104 214 4   0 0   1 1   2 2   3 3
104 142 4   0 0   1 1   2 2   3 3
104 111 4   0 0   1 1   2 2   3 3
105 211 4   0 0   1 1   2 2   3 3
105 139 4   0 0   1 1   2 2   3 3
105 187 4   0 0   1 1   2 2   3 3
106 129 4   0 0   1 1   2 2   3 3
106 258 4   0 0   1 1   2 2   3 3
106 173 4   0 0   1 1   2 2   3 3
107 176 4   0 0   1 1   2 2   3 3
107 256 4   0 0   1 1   2 2   3 3
108 144 4   0 0   1 1   2 2   3 3
108 199 4   0 0   1 1   2 2   3 3
108 184 4   0 0   1 1   2 2   3 3
108 207 4   0 0   1 1   2 2   3 3
108 159 4   0 0   1 1   2 2   3 3
109 229 4   0 0   1 1   2 2   3 3
109 217 4   0 0   1 1   2 2   3 3
109 170 4   0 0   1 1   2 2   3 3
109 206 4   0 0   1 1   2 2   3 3
110 131 4   0 0   1 1   2 2   3 3
110 148 4   0 0   1 1   2 2   3 3
110 214 4   0 0   1 1   2 2   3 3
110 111 4   0 0   1 1   2 2   3 3
111 144 4   0 0   1 1   2 2   3 3
111 117 4   0 0   1 1   2 2   3 3
111 214 4   0 0   1 1   2 2   3 3
112 113 4   0 0   1 1   2 2   3 3
112 260 4   0 0   1 1   2 2   3 3
112 197 4   0 0   1 1   2 2   3 3
112 169 4   0 0   1 1   2 2   3 3
112 217 4   0 0   1 1   2 2   3 3
112 156 4   0 0   1 1   2 2   3 3
112 220 4   0 0   1 1   2 2   3 3
112 189 4   0 0   1 1   2 2   3 3
113 180 4   0 0   1 1   2 2   3 3
113 197 4   0 0   1 1   2 2   3 3
113 231 4   0 0   1 1   2 2   3 3
114 162 4   0 0   1 1   2 2   3 3
114 232 4   0 0   1 1   2 2   3 3
115 136 4   0 0   1 1   2 2   3 3
115 187 4   0 0   1 1   2 2   3 3
116 202 4   0 0   1 1   2 2   3 3
116 140 4   0 0   1 1   2 2   3 3
116 175 4   0 0   1 1   2 2   3 3
116 239 4   0 0   1 1   2 2   3 3
117 179 4   0 0   1 1   2 2   3 3
117 247 4   0 0   1 1   2 2   3 3
118 196 4   0 0   1 1   2 2   3 3
118 134 4   0 0   1 1   2 2   3 3
118 137 4   0 0   1 1   2 2   3 3
118 138 4   0 0   1 1   2 2   3 3
118 222 4   0 0   1 1   2 2   3 3
119 262 4   0 0   1 1   2 2   3 3
119 238 4   0 0   1 1   2 2   3 3
120 160 4   0 0   1 1   2 2   3 3
120 257 4   0 0   1 1   2 2   3 3
120 130 4   0 0   1 1   2 2   3 3
120 233 4   0 0   1 1   2 2   3 3
120 191 4   0 0   1 1   2 2   3 3
121 167 4   0 0   1 1   2 2   3 3
122 212 4   0 0   1 1   2 2   3 3
123 130 4   0 0   1 1   2 2   3 3
123 153 4   0 0   1 1   2 2   3 3
123 158 4   0 0   1 1   2 2   3 3
124 261 4   0 0   1 1   2 2   3 3
124 152 4   0 0   1 1   2 2   3 3
124 254 4   0 0   1 1   2 2   3 3
125 241 4   0 0   1 1   2 2   3 3
125 149 4   0 0   1 1   2 2   3 3
125 172 4   0 0   1 1   2 2   3 3
125 141 4   0 0   1 1   2 2   3 3
126 209 4   0 0   1 1   2 2   3 3
126 182 4   0 0   1 1   2 2   3 3
126 137 4   0 0   1 1   2 2   3 3
126 251 4   0 0   1 1   2 2   3 3
127 177 4   0 0   1 1   2 2   3 3
128 246 4   0 0   1 1   2 2   3 3
128 254 4   0 0   1 1   2 2   3 3
129 258 4   0 0   1 1   2 2   3 3
129 173 4   0 0   1 1   2 2   3 3
130 257 4   0 0   1 1   2 2   3 3
130 132 4   0 0   1 1   2 2   3 3
130 153 4   0 0   1 1   2 2   3 3
132 257 4   0 0   1 1   2 2   3 3
132 154 4   0 0   1 1   2 2   3 3
132 236 4   0 0   1 1   2 2   3 3
133 134 4   0 0   1 1   2 2   3 3
133 138 4   0 0   1 1   2 2   3 3
133 255 4   0 0   1 1   2 2   3 3
134 242 4   0 0   1 1   2 2   3 3
134 137 4   0 0   1 1   2 2   3 3
134 138 4   0 0   1 1   2 2   3 3
135 262 4   0 0   1 1   2 2   3 3
135 199 4   0 0   1 1   2 2   3 3
135 238 4   0 0   1 1   2 2   3 3
135 159 4   0 0   1 1   2 2   3 3
136 228 4   0 0   1 1   2 2   3 3
136 234 4   0 0   1 1   2 2   3 3
136 219 4   0 0   1 1   2 2   3 3
137 242 4   0 0   1 1   2 2   3 3
137 163 4   0 0   1 1   2 2   3 3
137 196 4   0 0   1 1   2 2   3 3
137 182 4   0 0   1 1   2 2   3 3
138 178 4   0 0   1 1   2 2   3 3
138 222 4   0 0   1 1   2 2   3 3
138 255 4   0 0   1 1   2 2   3 3
139 181 4   0 0   1 1   2 2   3 3
139 187 4   0 0   1 1   2 2   3 3
140 202 4   0 0   1 1   2 2   3 3
141 241 4   0 0   1 1   2 2   3 3
141 243 4   0 0   1 1   2 2   3 3
141 215 4   0 0   1 1   2 2   3 3
141 249 4   0 0   1 1   2 2   3 3
141 203 4   0 0   1 1   2 2   3 3
141 172 4   0 0   1 1   2 2   3 3
141 253 4   0 0   1 1   2 2   3 3
142 144 4   0 0   1 1   2 2   3 3
142 184 4   0 0   1 1   2 2   3 3
142 201 4   0 0   1 1   2 2   3 3
143 230 4   0 0   1 1   2 2   3 3
143 250 4   0 0   1 1   2 2   3 3
143 203 4   0 0   1 1   2 2   3 3
143 219 4   0 0   1 1   2 2   3 3
143 172 4   0 0   1 1   2 2   3 3
143 158 4   0 0   1 1   2 2   3 3
144 184 4   0 0   1 1   2 2   3 3
145 168 4   0 0   1 1   2 2   3 3
145 204 4   0 0   1 1   2 2   3 3
146 216 4   0 0   1 1   2 2   3 3
146 249 4   0 0   1 1   2 2   3 3
147 176 4   0 0   1 1   2 2   3 3
147 256 4   0 0   1 1   2 2   3 3
147 259 4   0 0   1 1   2 2   3 3
147 227 4   0 0   1 1   2 2   3 3
148 176 4   0 0   1 1   2 2   3 3
148 177 4   0 0   1 1   2 2   3 3
148 259 4   0 0   1 1   2 2   3 3
148 214 4   0 0   1 1   2 2   3 3
149 241 4   0 0   1 1   2 2   3 3
149 153 4   0 0   1 1   2 2   3 3
149 172 4   0 0   1 1   2 2   3 3
150 209 4   0 0   1 1   2 2   3 3
150 179 4   0 0   1 1   2 2   3 3
150 164 4   0 0   1 1   2 2   3 3
150 183 4   0 0   1 1   2 2   3 3
150 251 4   0 0   1 1   2 2   3 3
150 188 4   0 0   1 1   2 2   3 3
150 157 4   0 0   1 1   2 2   3 3
151 208 4   0 0   1 1   2 2   3 3
151 237 4   0 0   1 1   2 2   3 3
152 193 4   0 0   1 1   2 2   3 3
152 245 4   0 0   1 1   2 2   3 3
153 172 4   0 0   1 1   2 2   3 3
153 158 4   0 0   1 1   2 2   3 3
154 257 4   0 0   1 1   2 2   3 3
154 233 4   0 0   1 1   2 2   3 3
154 236 4   0 0   1 1   2 2   3 3
155 198 4   0 0   1 1   2 2   3 3
155 167 4   0 0   1 1   2 2   3 3
155 205 4   0 0   1 1   2 2   3 3
155 254 4   0 0   1 1   2 2   3 3
156 195 4   0 0   1 1   2 2   3 3
156 229 4   0 0   1 1   2 2   3 3
156 169 4   0 0   1 1   2 2   3 3
156 217 4   0 0   1 1   2 2   3 3
157 228 4   0 0   1 1   2 2   3 3
157 183 4   0 0   1 1   2 2   3 3
157 234 4   0 0   1 1   2 2   3 3
157 251 4   0 0   1 1   2 2   3 3
158 172 4   0 0   1 1   2 2   3 3
159 262 4   0 0   1 1   2 2   3 3
159 199 4   0 0   1 1   2 2   3 3
159 221 4   0 0   1 1   2 2   3 3
160 191 4   0 0   1 1   2 2   3 3
161 255 4   0 0   1 1   2 2   3 3
162 240 4   0 0   1 1   2 2   3 3
162 212 4   0 0   1 1   2 2   3 3
162 232 4   0 0   1 1   2 2   3 3
162 264 4   0 0   1 1   2 2   3 3
163 242 4   0 0   1 1   2 2   3 3
163 182 4   0 0   1 1   2 2   3 3
163 186 4   0 0   1 1   2 2   3 3
163 207 4   0 0   1 1   2 2   3 3
164 235 4   0 0   1 1   2 2   3 3
164 188 4   0 0   1 1   2 2   3 3
165 203 4   0 0   1 1   2 2   3 3
166 195 4   0 0   1 1   2 2   3 3
166 244 4   0 0   1 1   2 2   3 3
166 229 4   0 0   1 1   2 2   3 3
166 246 4   0 0   1 1   2 2   3 3
167 195 4   0 0   1 1   2 2   3 3
167 205 4   0 0   1 1   2 2   3 3
168 184 4   0 0   1 1   2 2   3 3
168 201 4   0 0   1 1   2 2   3 3
168 204 4   0 0   1 1   2 2   3 3
168 221 4   0 0   1 1   2 2   3 3
169 195 4   0 0   1 1   2 2   3 3
169 197 4   0 0   1 1   2 2   3 3
169 231 4   0 0   1 1   2 2   3 3
169 189 4   0 0   1 1   2 2   3 3
170 206 4   0 0   1 1   2 2   3 3
171 253 4   0 0   1 1   2 2   3 3
172 203 4   0 0   1 1   2 2   3 3
174 218 4   0 0   1 1   2 2   3 3
174 252 4   0 0   1 1   2 2   3 3
175 264 4   0 0   1 1   2 2   3 3
176 256 4   0 0   1 1   2 2   3 3
176 259 4   0 0   1 1   2 2   3 3
177 224 4   0 0   1 1   2 2   3 3
178 237 4   0 0   1 1   2 2   3 3
178 222 4   0 0   1 1   2 2   3 3
178 255 4   0 0   1 1   2 2   3 3
179 209 4   0 0   1 1   2 2   3 3
179 247 4   0 0   1 1   2 2   3 3
179 188 4   0 0   1 1   2 2   3 3
180 212 4   0 0   1 1   2 2   3 3
180 232 4   0 0   1 1   2 2   3 3
181 192 4   0 0   1 1   2 2   3 3
181 191 4   0 0   1 1   2 2   3 3
182 209 4   0 0   1 1   2 2   3 3
182 207 4   0 0   1 1   2 2   3 3
183 235 4   0 0   1 1   2 2   3 3
184 201 4   0 0   1 1   2 2   3 3
185 216 4   0 0   1 1   2 2   3 3
186 242 4   0 0   1 1   2 2   3 3
187 237 4   0 0   1 1   2 2   3 3
188 247 4   0 0   1 1   2 2   3 3
189 197 4   0 0   1 1   2 2   3 3
190 224 4   0 0   1 1   2 2   3 3
190 194 4   0 0   1 1   2 2   3 3
191 192 4   0 0   1 1   2 2   3 3
191 233 4   0 0   1 1   2 2   3 3
192 233 4   0 0   1 1   2 2   3 3
193 194 4   0 0   1 1   2 2   3 3
193 223 4   0 0   1 1   2 2   3 3
194 223 4   0 0   1 1   2 2   3 3
195 229 4   0 0   1 1   2 2   3 3
196 234 4   0 0   1 1   2 2   3 3
197 231 4   0 0   1 1   2 2   3 3
198 226 4   0 0   1 1   2 2   3 3
198 205 4   0 0   1 1   2 2   3 3
200 263 4   0 0   1 1   2 2   3 3
201 213 4   0 0   1 1   2 2   3 3
202 239 4   0 0   1 1   2 2   3 3
203 230 4   0 0   1 1   2 2   3 3
203 253 4   0 0   1 1   2 2   3 3
204 213 4   0 0   1 1   2 2   3 3
206 229 4   0 0   1 1   2 2   3 3
208 218 4   0 0   1 1   2 2   3 3
209 251 4   0 0   1 1   2 2   3 3
210 243 4   0 0   1 1   2 2   3 3
211 219 4   0 0   1 1   2 2   3 3
212 232 4   0 0   1 1   2 2   3 3
213 248 4   0 0   1 1   2 2   3 3
214 259 4   0 0   1 1   2 2   3 3
214 227 4   0 0   1 1   2 2   3 3
215 249 4   0 0   1 1   2 2   3 3
216 249 4   0 0   1 1   2 2   3 3
217 229 4   0 0   1 1   2 2   3 3
217 220 4   0 0   1 1   2 2   3 3
219 228 4   0 0   1 1   2 2   3 3
219 250 4   0 0   1 1   2 2   3 3
220 260 4   0 0   1 1   2 2   3 3
221 262 4   0 0   1 1   2 2   3 3
223 263 4   0 0   1 1   2 2   3 3
225 261 4   0 0   1 1   2 2   3 3
225 265 4   0 0   1 1   2 2   3 3
226 265 4   0 0   1 1   2 2   3 3
227 259 4   0 0   1 1   2 2   3 3
228 230 4   0 0   1 1   2 2   3 3
228 250 4   0 0   1 1   2 2   3 3
228 234 4   0 0   1 1   2 2   3 3
229 244 4   0 0   1 1   2 2   3 3
230 250 4   0 0   1 1   2 2   3 3
233 257 4   0 0   1 1   2 2   3 3
238 262 4   0 0   1 1   2 2   3 3
240 264 4   0 0   1 1   2 2   3 3
241 249 4   0 0   1 1   2 2   3 3
244 246 4   0 0   1 1   2 2   3 3
