284
1 4 0 1 2 3
2 4 0 1 2 3
3 4 0 1 2 3
4 4 0 1 2 3
5 4 0 1 2 3
6 4 0 1 2 3
7 4 0 1 2 3
8 4 0 1 2 3
9 4 0 1 2 3
10 4 0 1 2 3
11 4 0 1 2 3
12 4 0 1 2 3
13 4 0 1 2 3
14 4 0 1 2 3
15 4 0 1 2 3
16 4 0 1 2 3
17 4 0 1 2 3
18 4 0 1 2 3
19 4 0 1 2 3
20 4 0 1 2 3
21 4 0 1 2 3
22 4 0 1 2 3
23 4 0 1 2 3
24 4 0 1 2 3
25 4 0 1 2 3
26 4 0 1 2 3
27 4 0 1 2 3
28 4 0 1 2 3
29 4 0 1 2 3
30 4 0 1 2 3
31 4 0 1 2 3
32 4 0 1 2 3
33 4 0 1 2 3
34 4 0 1 2 3
35 4 0 1 2 3
36 4 0 1 2 3
37 4 0 1 2 3
38 4 0 1 2 3
39 4 0 1 2 3
40 4 0 1 2 3
41 4 0 1 2 3
42 4 0 1 2 3
43 4 0 1 2 3
44 4 0 1 2 3
45 4 0 1 2 3
46 4 0 1 2 3
47 4 0 1 2 3
48 4 0 1 2 3
49 4 0 1 2 3
50 4 0 1 2 3
51 4 0 1 2 3
52 4 0 1 2 3
53 4 0 1 2 3
54 4 0 1 2 3
55 4 0 1 2 3
56 4 0 1 2 3
57 4 0 1 2 3
58 4 0 1 2 3
59 4 0 1 2 3
60 4 0 1 2 3
61 4 0 1 2 3
62 4 0 1 2 3
63 4 0 1 2 3
64 4 0 1 2 3
65 4 0 1 2 3
66 4 0 1 2 3
67 4 0 1 2 3
68 4 0 1 2 3
69 4 0 1 2 3
70 4 0 1 2 3
71 4 0 1 2 3
72 4 0 1 2 3
73 4 0 1 2 3
74 4 0 1 2 3
75 4 0 1 2 3
76 4 0 1 2 3
77 4 0 1 2 3
78 4 0 1 2 3
79 4 0 1 2 3
80 4 0 1 2 3
81 4 0 1 2 3
82 4 0 1 2 3
83 4 0 1 2 3
84 4 0 1 2 3
85 4 0 1 2 3
86 4 0 1 2 3
87 4 0 1 2 3
88 4 0 1 2 3
89 4 0 1 2 3
90 4 0 1 2 3
91 4 0 1 2 3
92 4 0 1 2 3
93 4 0 1 2 3
94 4 0 1 2 3
95 4 0 1 2 3
96 4 0 1 2 3
97 4 0 1 2 3
98 4 0 1 2 3
99 4 0 1 2 3
100 4 0 1 2 3
101 4 0 1 2 3
102 4 0 1 2 3
103 4 0 1 2 3
104 4 0 1 2 3
105 4 0 1 2 3
106 4 0 1 2 3
107 4 0 1 2 3
108 4 0 1 2 3
109 4 0 1 2 3
110 4 0 1 2 3
111 4 0 1 2 3
112 4 0 1 2 3
113 4 0 1 2 3
114 4 0 1 2 3
115 4 0 1 2 3
116 4 0 1 2 3
117 4 0 1 2 3
118 4 0 1 2 3
119 4 0 1 2 3
120 4 0 1 2 3
121 4 0 1 2 3
122 4 0 1 2 3
123 4 0 1 2 3
124 4 0 1 2 3
125 4 0 1 2 3
126 4 0 1 2 3
127 4 0 1 2 3
128 4 0 1 2 3
129 4 0 1 2 3
130 4 0 1 2 3
131 4 0 1 2 3
132 4 0 1 2 3
133 4 0 1 2 3
134 4 0 1 2 3
135 4 0 1 2 3
136 4 0 1 2 3
137 4 0 1 2 3
138 4 0 1 2 3
139 4 0 1 2 3
140 4 0 1 2 3
141 4 0 1 2 3
142 4 0 1 2 3
143 4 0 1 2 3
144 4 0 1 2 3
145 4 0 1 2 3
146 4 0 1 2 3
147 4 0 1 2 3
148 4 0 1 2 3
149 4 0 1 2 3
150 4 0 1 2 3
151 4 0 1 2 3
152 4 0 1 2 3
153 4 0 1 2 3
154 4 0 1 2 3
155 4 0 1 2 3
156 4 0 1 2 3
157 4 0 1 2 3
158 4 0 1 2 3
159 4 0 1 2 3
160 4 0 1 2 3
161 4 0 1 2 3
162 4 0 1 2 3
163 4 0 1 2 3
164 4 0 1 2 3
165 4 0 1 2 3
166 4 0 1 2 3
167 4 0 1 2 3
168 4 0 1 2 3
169 4 0 1 2 3
170 4 0 1 2 3
171 4 0 1 2 3
172 4 0 1 2 3
173 4 0 1 2 3
174 4 0 1 2 3
175 4 0 1 2 3
176 4 0 1 2 3
177 4 0 1 2 3
178 4 0 1 2 3
179 4 0 1 2 3
180 4 0 1 2 3
181 4 0 1 2 3
182 4 0 1 2 3
183 4 0 1 2 3
184 4 0 1 2 3
185 4 0 1 2 3
186 4 0 1 2 3
187 4 0 1 2 3
188 4 0 1 2 3
189 4 0 1 2 3
190 4 0 1 2 3
191 4 0 1 2 3
192 4 0 1 2 3
193 4 0 1 2 3
194 4 0 1 2 3
195 4 0 1 2 3
196 4 0 1 2 3
197 4 0 1 2 3
198 4 0 1 2 3
199 4 0 1 2 3
200 4 0 1 2 3
201 4 0 1 2 3
202 4 0 1 2 3
203 4 0 1 2 3
204 4 0 1 2 3
205 4 0 1 2 3
206 4 0 1 2 3
207 4 0 1 2 3
208 4 0 1 2 3
209 4 0 1 2 3
210 4 0 1 2 3
211 4 0 1 2 3
212 4 0 1 2 3
213 4 0 1 2 3
214 4 0 1 2 3
215 4 0 1 2 3
216 4 0 1 2 3
217 4 0 1 2 3
218 4 0 1 2 3
219 4 0 1 2 3
220 4 0 1 2 3
221 4 0 1 2 3
222 4 0 1 2 3
223 4 0 1 2 3
224 4 0 1 2 3
225 4 0 1 2 3
226 4 0 1 2 3
227 4 0 1 2 3
228 4 0 1 2 3
229 4 0 1 2 3
230 4 0 1 2 3
231 4 0 1 2 3
232 4 0 1 2 3
233 4 0 1 2 3
234 4 0 1 2 3
235 4 0 1 2 3
236 4 0 1 2 3
237 4 0 1 2 3
238 4 0 1 2 3
239 4 0 1 2 3
240 4 0 1 2 3
241 4 0 1 2 3
242 4 0 1 2 3
243 4 0 1 2 3
244 4 0 1 2 3
245 4 0 1 2 3
246 4 0 1 2 3
247 4 0 1 2 3
248 4 0 1 2 3
249 4 0 1 2 3
250 4 0 1 2 3
251 4 0 1 2 3
252 4 0 1 2 3
253 4 0 1 2 3
254 4 0 1 2 3
255 4 0 1 2 3
256 4 0 1 2 3
257 4 0 1 2 3
258 4 0 1 2 3
259 4 0 1 2 3
260 4 0 1 2 3
261 4 0 1 2 3
262 4 0 1 2 3
263 4 0 1 2 3
264 4 0 1 2 3
265 4 0 1 2 3
266 4 0 1 2 3
267 4 0 1 2 3
268 4 0 1 2 3
269 4 0 1 2 3
270 4 0 1 2 3
271 4 0 1 2 3
272 4 0 1 2 3
273 4 0 1 2 3
274 4 0 1 2 3
275 4 0 1 2 3
276 4 0 1 2 3
277 4 0 1 2 3
278 4 0 1 2 3
279 4 0 1 2 3
280 4 0 1 2 3
281 4 0 1 2 3
282 4 0 1 2 3
283 4 0 1 2 3
284 4 0 1 2 3
794
1 272 4   0 0   1 1   2 2   3 3
1 67 4   0 0   1 1   2 2   3 3
1 3 4   0 0   1 1   2 2   3 3
1 249 4   0 0   1 1   2 2   3 3
1 283 4   0 0   1 1   2 2   3 3
1 109 4   0 0   1 1   2 2   3 3
1 31 4   0 0   1 1   2 2   3 3
2 196 4   0 0   1 1   2 2   3 3
2 7 4   0 0   1 1   2 2   3 3
2 249 4   0 0   1 1   2 2   3 3
2 217 4   0 0   1 1   2 2   3 3
2 283 4   0 0   1 1   2 2   3 3
2 188 4   0 0   1 1   2 2   3 3
2 63 4   0 0   1 1   2 2   3 3
3 23 4   0 0   1 1   2 2   3 3
3 283 4   0 0   1 1   2 2   3 3
3 31 4   0 0   1 1   2 2   3 3
4 19 4   0 0   1 1   2 2   3 3
4 53 4   0 0   1 1   2 2   3 3
4 268 4   0 0   1 1   2 2   3 3
4 189 4   0 0   1 1   2 2   3 3
4 222 4   0 0   1 1   2 2   3 3
4 111 4   0 0   1 1   2 2   3 3
5 240 4   0 0   1 1   2 2   3 3
5 244 4   0 0   1 1   2 2   3 3
5 230 4   0 0   1 1   2 2   3 3
5 55 4   0 0   1 1   2 2   3 3
5 46 4   0 0   1 1   2 2   3 3
5 95 4   0 0   1 1   2 2   3 3
6 224 4   0 0   1 1   2 2   3 3
6 68 4   0 0   1 1   2 2   3 3
6 90 4   0 0   1 1   2 2   3 3
6 27 4   0 0   1 1   2 2   3 3
6 47 4   0 0   1 1   2 2   3 3
7 96 4   0 0   1 1   2 2   3 3
7 147 4   0 0   1 1   2 2   3 3
7 278 4   0 0   1 1   2 2   3 3
7 105 4   0 0   1 1   2 2   3 3
7 188 4   0 0   1 1   2 2   3 3
7 63 4   0 0   1 1   2 2   3 3
8 179 4   0 0   1 1   2 2   3 3
8 85 4   0 0   1 1   2 2   3 3
8 166 4   0 0   1 1   2 2   3 3
8 232 4   0 0   1 1   2 2   3 3
8 236 4   0 0   1 1   2 2   3 3
8 191 4   0 0   1 1   2 2   3 3
9 101 4   0 0   1 1   2 2   3 3
9 278 4   0 0   1 1   2 2   3 3
9 183 4   0 0   1 1   2 2   3 3
9 232 4   0 0   1 1   2 2   3 3
9 186 4   0 0   1 1   2 2   3 3
9 106 4   0 0   1 1   2 2   3 3
9 223 4   0 0   1 1   2 2   3 3
10 50 4   0 0   1 1   2 2   3 3
10 243 4   0 0   1 1   2 2   3 3
10 116 4   0 0   1 1   2 2   3 3
10 57 4   0 0   1 1   2 2   3 3
10 203 4   0 0   1 1   2 2   3 3
10 171 4   0 0   1 1   2 2   3 3
10 220 4   0 0   1 1   2 2   3 3
11 50 4   0 0   1 1   2 2   3 3
11 35 4   0 0   1 1   2 2   3 3
11 247 4   0 0   1 1   2 2   3 3
11 73 4   0 0   1 1   2 2   3 3
11 221 4   0 0   1 1   2 2   3 3
12 112 4   0 0   1 1   2 2   3 3
12 165 4   0 0   1 1   2 2   3 3
12 214 4   0 0   1 1   2 2   3 3
12 173 4   0 0   1 1   2 2   3 3
13 144 4   0 0   1 1   2 2   3 3
13 24 4   0 0   1 1   2 2   3 3
13 219 4   0 0   1 1   2 2   3 3
13 156 4   0 0   1 1   2 2   3 3
13 143 4   0 0   1 1   2 2   3 3
13 207 4   0 0   1 1   2 2   3 3
14 274 4   0 0   1 1   2 2   3 3
14 147 4   0 0   1 1   2 2   3 3
14 21 4   0 0   1 1   2 2   3 3
14 213 4   0 0   1 1   2 2   3 3
14 249 4   0 0   1 1   2 2   3 3
14 188 4   0 0   1 1   2 2   3 3
14 109 4   0 0   1 1   2 2   3 3
15 272 4   0 0   1 1   2 2   3 3
15 59 4   0 0   1 1   2 2   3 3
15 109 4   0 0   1 1   2 2   3 3
16 256 4   0 0   1 1   2 2   3 3
16 227 4   0 0   1 1   2 2   3 3
16 99 4   0 0   1 1   2 2   3 3
16 163 4   0 0   1 1   2 2   3 3
16 133 4   0 0   1 1   2 2   3 3
16 39 4   0 0   1 1   2 2   3 3
16 263 4   0 0   1 1   2 2   3 3
16 235 4   0 0   1 1   2 2   3 3
16 205 4   0 0   1 1   2 2   3 3
17 98 4   0 0   1 1   2 2   3 3
17 228 4   0 0   1 1   2 2   3 3
17 56 4   0 0   1 1   2 2   3 3
17 75 4   0 0   1 1   2 2   3 3
17 238 4   0 0   1 1   2 2   3 3
18 69 4   0 0   1 1   2 2   3 3
18 246 4   0 0   1 1   2 2   3 3
18 42 4   0 0   1 1   2 2   3 3
18 154 4   0 0   1 1   2 2   3 3
18 267 4   0 0   1 1   2 2   3 3
18 107 4   0 0   1 1   2 2   3 3
18 60 4   0 0   1 1   2 2   3 3
18 190 4   0 0   1 1   2 2   3 3
19 32 4   0 0   1 1   2 2   3 3
19 51 4   0 0   1 1   2 2   3 3
19 281 4   0 0   1 1   2 2   3 3
19 107 4   0 0   1 1   2 2   3 3
19 268 4   0 0   1 1   2 2   3 3
19 189 4   0 0   1 1   2 2   3 3
20 177 4   0 0   1 1   2 2   3 3
20 130 4   0 0   1 1   2 2   3 3
20 66 4   0 0   1 1   2 2   3 3
20 277 4   0 0   1 1   2 2   3 3
20 202 4   0 0   1 1   2 2   3 3
20 108 4   0 0   1 1   2 2   3 3
21 209 4   0 0   1 1   2 2   3 3
21 213 4   0 0   1 1   2 2   3 3
21 230 4   0 0   1 1   2 2   3 3
21 59 4   0 0   1 1   2 2   3 3
21 109 4   0 0   1 1   2 2   3 3
21 77 4   0 0   1 1   2 2   3 3
22 116 4   0 0   1 1   2 2   3 3
22 212 4   0 0   1 1   2 2   3 3
22 133 4   0 0   1 1   2 2   3 3
22 246 4   0 0   1 1   2 2   3 3
22 58 4   0 0   1 1   2 2   3 3
22 171 4   0 0   1 1   2 2   3 3
23 194 4   0 0   1 1   2 2   3 3
23 217 4   0 0   1 1   2 2   3 3
23 283 4   0 0   1 1   2 2   3 3
23 237 4   0 0   1 1   2 2   3 3
23 31 4   0 0   1 1   2 2   3 3
24 64 4   0 0   1 1   2 2   3 3
24 144 4   0 0   1 1   2 2   3 3
24 82 4   0 0   1 1   2 2   3 3
24 244 4   0 0   1 1   2 2   3 3
24 207 4   0 0   1 1   2 2   3 3
25 81 4   0 0   1 1   2 2   3 3
25 33 4   0 0   1 1   2 2   3 3
25 83 4   0 0   1 1   2 2   3 3
25 261 4   0 0   1 1   2 2   3 3
25 85 4   0 0   1 1   2 2   3 3
25 149 4   0 0   1 1   2 2   3 3
25 134 4   0 0   1 1   2 2   3 3
25 88 4   0 0   1 1   2 2   3 3
25 124 4   0 0   1 1   2 2   3 3
25 62 4   0 0   1 1   2 2   3 3
26 247 4   0 0   1 1   2 2   3 3
26 250 4   0 0   1 1   2 2   3 3
26 122 4   0 0   1 1   2 2   3 3
26 187 4   0 0   1 1   2 2   3 3
26 157 4   0 0   1 1   2 2   3 3
26 271 4   0 0   1 1   2 2   3 3
26 255 4   0 0   1 1   2 2   3 3
27 224 4   0 0   1 1   2 2   3 3
27 33 4   0 0   1 1   2 2   3 3
27 181 4   0 0   1 1   2 2   3 3
27 262 4   0 0   1 1   2 2   3 3
27 88 4   0 0   1 1   2 2   3 3
27 90 4   0 0   1 1   2 2   3 3
27 155 4   0 0   1 1   2 2   3 3
28 32 4   0 0   1 1   2 2   3 3
28 273 4   0 0   1 1   2 2   3 3
28 49 4   0 0   1 1   2 2   3 3
28 69 4   0 0   1 1   2 2   3 3
28 37 4   0 0   1 1   2 2   3 3
28 136 4   0 0   1 1   2 2   3 3
28 107 4   0 0   1 1   2 2   3 3
28 268 4   0 0   1 1   2 2   3 3
29 177 4   0 0   1 1   2 2   3 3
29 130 4   0 0   1 1   2 2   3 3
29 277 4   0 0   1 1   2 2   3 3
29 151 4   0 0   1 1   2 2   3 3
29 265 4   0 0   1 1   2 2   3 3
29 153 4   0 0   1 1   2 2   3 3
30 83 4   0 0   1 1   2 2   3 3
30 124 4   0 0   1 1   2 2   3 3
31 194 4   0 0   1 1   2 2   3 3
31 67 4   0 0   1 1   2 2   3 3
31 282 4   0 0   1 1   2 2   3 3
31 139 4   0 0   1 1   2 2   3 3
31 173 4   0 0   1 1   2 2   3 3
31 254 4   0 0   1 1   2 2   3 3
32 107 4   0 0   1 1   2 2   3 3
32 268 4   0 0   1 1   2 2   3 3
33 81 4   0 0   1 1   2 2   3 3
33 83 4   0 0   1 1   2 2   3 3
33 262 4   0 0   1 1   2 2   3 3
33 88 4   0 0   1 1   2 2   3 3
33 252 4   0 0   1 1   2 2   3 3
34 258 4   0 0   1 1   2 2   3 3
34 275 4   0 0   1 1   2 2   3 3
34 102 4   0 0   1 1   2 2   3 3
34 198 4   0 0   1 1   2 2   3 3
34 108 4   0 0   1 1   2 2   3 3
35 50 4   0 0   1 1   2 2   3 3
35 247 4   0 0   1 1   2 2   3 3
35 184 4   0 0   1 1   2 2   3 3
35 203 4   0 0   1 1   2 2   3 3
35 140 4   0 0   1 1   2 2   3 3
35 126 4   0 0   1 1   2 2   3 3
36 80 4   0 0   1 1   2 2   3 3
36 97 4   0 0   1 1   2 2   3 3
36 193 4   0 0   1 1   2 2   3 3
36 54 4   0 0   1 1   2 2   3 3
36 168 4   0 0   1 1   2 2   3 3
36 248 4   0 0   1 1   2 2   3 3
36 74 4   0 0   1 1   2 2   3 3
36 138 4   0 0   1 1   2 2   3 3
37 69 4   0 0   1 1   2 2   3 3
37 136 4   0 0   1 1   2 2   3 3
37 168 4   0 0   1 1   2 2   3 3
37 251 4   0 0   1 1   2 2   3 3
38 210 4   0 0   1 1   2 2   3 3
38 148 4   0 0   1 1   2 2   3 3
38 279 4   0 0   1 1   2 2   3 3
38 200 4   0 0   1 1   2 2   3 3
38 253 4   0 0   1 1   2 2   3 3
39 209 4   0 0   1 1   2 2   3 3
39 115 4   0 0   1 1   2 2   3 3
39 99 4   0 0   1 1   2 2   3 3
39 235 4   0 0   1 1   2 2   3 3
39 77 4   0 0   1 1   2 2   3 3
40 85 4   0 0   1 1   2 2   3 3
40 151 4   0 0   1 1   2 2   3 3
40 89 4   0 0   1 1   2 2   3 3
40 153 4   0 0   1 1   2 2   3 3
40 124 4   0 0   1 1   2 2   3 3
41 256 4   0 0   1 1   2 2   3 3
41 257 4   0 0   1 1   2 2   3 3
41 274 4   0 0   1 1   2 2   3 3
41 169 4   0 0   1 1   2 2   3 3
41 235 4   0 0   1 1   2 2   3 3
41 77 4   0 0   1 1   2 2   3 3
42 176 4   0 0   1 1   2 2   3 3
42 48 4   0 0   1 1   2 2   3 3
42 212 4   0 0   1 1   2 2   3 3
42 154 4   0 0   1 1   2 2   3 3
42 267 4   0 0   1 1   2 2   3 3
43 118 4   0 0   1 1   2 2   3 3
43 183 4   0 0   1 1   2 2   3 3
43 76 4   0 0   1 1   2 2   3 3
43 127 4   0 0   1 1   2 2   3 3
44 176 4   0 0   1 1   2 2   3 3
44 131 4   0 0   1 1   2 2   3 3
44 276 4   0 0   1 1   2 2   3 3
44 184 4   0 0   1 1   2 2   3 3
44 203 4   0 0   1 1   2 2   3 3
44 171 4   0 0   1 1   2 2   3 3
44 140 4   0 0   1 1   2 2   3 3
45 224 4   0 0   1 1   2 2   3 3
45 68 4   0 0   1 1   2 2   3 3
45 149 4   0 0   1 1   2 2   3 3
45 103 4   0 0   1 1   2 2   3 3
45 62 4   0 0   1 1   2 2   3 3
46 115 4   0 0   1 1   2 2   3 3
46 99 4   0 0   1 1   2 2   3 3
46 230 4   0 0   1 1   2 2   3 3
46 204 4   0 0   1 1   2 2   3 3
46 95 4   0 0   1 1   2 2   3 3
47 145 4   0 0   1 1   2 2   3 3
47 68 4   0 0   1 1   2 2   3 3
47 201 4   0 0   1 1   2 2   3 3
47 90 4   0 0   1 1   2 2   3 3
47 284 4   0 0   1 1   2 2   3 3
47 270 4   0 0   1 1   2 2   3 3
48 176 4   0 0   1 1   2 2   3 3
48 131 4   0 0   1 1   2 2   3 3
48 245 4   0 0   1 1   2 2   3 3
48 154 4   0 0   1 1   2 2   3 3
48 107 4   0 0   1 1   2 2   3 3
48 78 4   0 0   1 1   2 2   3 3
49 273 4   0 0   1 1   2 2   3 3
49 84 4   0 0   1 1   2 2   3 3
49 117 4   0 0   1 1   2 2   3 3
49 119 4   0 0   1 1   2 2   3 3
49 136 4   0 0   1 1   2 2   3 3
49 168 4   0 0   1 1   2 2   3 3
50 73 4   0 0   1 1   2 2   3 3
50 57 4   0 0   1 1   2 2   3 3
50 203 4   0 0   1 1   2 2   3 3
51 228 4   0 0   1 1   2 2   3 3
51 56 4   0 0   1 1   2 2   3 3
51 281 4   0 0   1 1   2 2   3 3
51 189 4   0 0   1 1   2 2   3 3
51 111 4   0 0   1 1   2 2   3 3
52 178 4   0 0   1 1   2 2   3 3
52 259 4   0 0   1 1   2 2   3 3
52 229 4   0 0   1 1   2 2   3 3
52 245 4   0 0   1 1   2 2   3 3
52 157 4   0 0   1 1   2 2   3 3
53 192 4   0 0   1 1   2 2   3 3
53 117 4   0 0   1 1   2 2   3 3
53 268 4   0 0   1 1   2 2   3 3
53 222 4   0 0   1 1   2 2   3 3
54 248 4   0 0   1 1   2 2   3 3
54 138 4   0 0   1 1   2 2   3 3
55 240 4   0 0   1 1   2 2   3 3
55 230 4   0 0   1 1   2 2   3 3
55 120 4   0 0   1 1   2 2   3 3
55 59 4   0 0   1 1   2 2   3 3
56 228 4   0 0   1 1   2 2   3 3
56 281 4   0 0   1 1   2 2   3 3
56 75 4   0 0   1 1   2 2   3 3
57 73 4   0 0   1 1   2 2   3 3
57 220 4   0 0   1 1   2 2   3 3
58 133 4   0 0   1 1   2 2   3 3
58 246 4   0 0   1 1   2 2   3 3
58 264 4   0 0   1 1   2 2   3 3
58 60 4   0 0   1 1   2 2   3 3
58 205 4   0 0   1 1   2 2   3 3
59 272 4   0 0   1 1   2 2   3 3
59 230 4   0 0   1 1   2 2   3 3
59 120 4   0 0   1 1   2 2   3 3
59 109 4   0 0   1 1   2 2   3 3
60 102 4   0 0   1 1   2 2   3 3
60 246 4   0 0   1 1   2 2   3 3
60 198 4   0 0   1 1   2 2   3 3
60 264 4   0 0   1 1   2 2   3 3
60 190 4   0 0   1 1   2 2   3 3
61 84 4   0 0   1 1   2 2   3 3
61 138 4   0 0   1 1   2 2   3 3
62 224 4   0 0   1 1   2 2   3 3
62 149 4   0 0   1 1   2 2   3 3
62 88 4   0 0   1 1   2 2   3 3
63 217 4   0 0   1 1   2 2   3 3
63 105 4   0 0   1 1   2 2   3 3
64 272 4   0 0   1 1   2 2   3 3
64 114 4   0 0   1 1   2 2   3 3
64 244 4   0 0   1 1   2 2   3 3
64 231 4   0 0   1 1   2 2   3 3
64 207 4   0 0   1 1   2 2   3 3
65 117 4   0 0   1 1   2 2   3 3
65 152 4   0 0   1 1   2 2   3 3
65 141 4   0 0   1 1   2 2   3 3
65 269 4   0 0   1 1   2 2   3 3
65 222 4   0 0   1 1   2 2   3 3
66 258 4   0 0   1 1   2 2   3 3
66 275 4   0 0   1 1   2 2   3 3
66 180 4   0 0   1 1   2 2   3 3
66 202 4   0 0   1 1   2 2   3 3
66 108 4   0 0   1 1   2 2   3 3
67 208 4   0 0   1 1   2 2   3 3
67 272 4   0 0   1 1   2 2   3 3
67 114 4   0 0   1 1   2 2   3 3
67 173 4   0 0   1 1   2 2   3 3
68 160 4   0 0   1 1   2 2   3 3
68 224 4   0 0   1 1   2 2   3 3
68 103 4   0 0   1 1   2 2   3 3
68 284 4   0 0   1 1   2 2   3 3
69 107 4   0 0   1 1   2 2   3 3
69 251 4   0 0   1 1   2 2   3 3
69 190 4   0 0   1 1   2 2   3 3
69 142 4   0 0   1 1   2 2   3 3
70 144 4   0 0   1 1   2 2   3 3
70 113 4   0 0   1 1   2 2   3 3
70 260 4   0 0   1 1   2 2   3 3
70 156 4   0 0   1 1   2 2   3 3
70 125 4   0 0   1 1   2 2   3 3
71 99 4   0 0   1 1   2 2   3 3
71 243 4   0 0   1 1   2 2   3 3
71 150 4   0 0   1 1   2 2   3 3
71 204 4   0 0   1 1   2 2   3 3
71 159 4   0 0   1 1   2 2   3 3
72 129 4   0 0   1 1   2 2   3 3
72 146 4   0 0   1 1   2 2   3 3
72 242 4   0 0   1 1   2 2   3 3
72 100 4   0 0   1 1   2 2   3 3
72 137 4   0 0   1 1   2 2   3 3
72 125 4   0 0   1 1   2 2   3 3
73 242 4   0 0   1 1   2 2   3 3
73 220 4   0 0   1 1   2 2   3 3
73 221 4   0 0   1 1   2 2   3 3
74 97 4   0 0   1 1   2 2   3 3
74 193 4   0 0   1 1   2 2   3 3
74 135 4   0 0   1 1   2 2   3 3
75 98 4   0 0   1 1   2 2   3 3
75 121 4   0 0   1 1   2 2   3 3
75 281 4   0 0   1 1   2 2   3 3
75 170 4   0 0   1 1   2 2   3 3
75 266 4   0 0   1 1   2 2   3 3
76 118 4   0 0   1 1   2 2   3 3
76 183 4   0 0   1 1   2 2   3 3
76 93 4   0 0   1 1   2 2   3 3
76 223 4   0 0   1 1   2 2   3 3
77 209 4   0 0   1 1   2 2   3 3
77 274 4   0 0   1 1   2 2   3 3
77 213 4   0 0   1 1   2 2   3 3
77 235 4   0 0   1 1   2 2   3 3
78 259 4   0 0   1 1   2 2   3 3
78 164 4   0 0   1 1   2 2   3 3
78 245 4   0 0   1 1   2 2   3 3
78 266 4   0 0   1 1   2 2   3 3
78 107 4   0 0   1 1   2 2   3 3
78 206 4   0 0   1 1   2 2   3 3
78 94 4   0 0   1 1   2 2   3 3
79 113 4   0 0   1 1   2 2   3 3
79 82 4   0 0   1 1   2 2   3 3
79 220 4   0 0   1 1   2 2   3 3
79 204 4   0 0   1 1   2 2   3 3
79 95 4   0 0   1 1   2 2   3 3
80 193 4   0 0   1 1   2 2   3 3
80 215 4   0 0   1 1   2 2   3 3
80 216 4   0 0   1 1   2 2   3 3
80 248 4   0 0   1 1   2 2   3 3
81 83 4   0 0   1 1   2 2   3 3
82 144 4   0 0   1 1   2 2   3 3
82 113 4   0 0   1 1   2 2   3 3
82 244 4   0 0   1 1   2 2   3 3
82 95 4   0 0   1 1   2 2   3 3
83 124 4   0 0   1 1   2 2   3 3
83 252 4   0 0   1 1   2 2   3 3
84 119 4   0 0   1 1   2 2   3 3
84 168 4   0 0   1 1   2 2   3 3
84 138 4   0 0   1 1   2 2   3 3
85 179 4   0 0   1 1   2 2   3 3
85 261 4   0 0   1 1   2 2   3 3
85 89 4   0 0   1 1   2 2   3 3
85 124 4   0 0   1 1   2 2   3 3
85 191 4   0 0   1 1   2 2   3 3
86 149 4   0 0   1 1   2 2   3 3
86 118 4   0 0   1 1   2 2   3 3
86 134 4   0 0   1 1   2 2   3 3
86 103 4   0 0   1 1   2 2   3 3
86 93 4   0 0   1 1   2 2   3 3
87 194 4   0 0   1 1   2 2   3 3
87 217 4   0 0   1 1   2 2   3 3
87 282 4   0 0   1 1   2 2   3 3
87 218 4   0 0   1 1   2 2   3 3
87 139 4   0 0   1 1   2 2   3 3
88 224 4   0 0   1 1   2 2   3 3
89 257 4   0 0   1 1   2 2   3 3
89 169 4   0 0   1 1   2 2   3 3
89 153 4   0 0   1 1   2 2   3 3
89 265 4   0 0   1 1   2 2   3 3
89 191 4   0 0   1 1   2 2   3 3
90 199 4   0 0   1 1   2 2   3 3
90 233 4   0 0   1 1   2 2   3 3
90 155 4   0 0   1 1   2 2   3 3
90 123 4   0 0   1 1   2 2   3 3
90 270 4   0 0   1 1   2 2   3 3
91 197 4   0 0   1 1   2 2   3 3
91 219 4   0 0   1 1   2 2   3 3
91 143 4   0 0   1 1   2 2   3 3
92 129 4   0 0   1 1   2 2   3 3
92 100 4   0 0   1 1   2 2   3 3
92 104 4   0 0   1 1   2 2   3 3
92 137 4   0 0   1 1   2 2   3 3
92 250 4   0 0   1 1   2 2   3 3
92 271 4   0 0   1 1   2 2   3 3
93 160 4   0 0   1 1   2 2   3 3
93 118 4   0 0   1 1   2 2   3 3
93 103 4   0 0   1 1   2 2   3 3
94 164 4   0 0   1 1   2 2   3 3
94 121 4   0 0   1 1   2 2   3 3
94 266 4   0 0   1 1   2 2   3 3
95 244 4   0 0   1 1   2 2   3 3
95 204 4   0 0   1 1   2 2   3 3
96 147 4   0 0   1 1   2 2   3 3
96 278 4   0 0   1 1   2 2   3 3
96 169 4   0 0   1 1   2 2   3 3
96 172 4   0 0   1 1   2 2   3 3
97 258 4   0 0   1 1   2 2   3 3
97 180 4   0 0   1 1   2 2   3 3
97 135 4   0 0   1 1   2 2   3 3
97 168 4   0 0   1 1   2 2   3 3
97 251 4   0 0   1 1   2 2   3 3
98 170 4   0 0   1 1   2 2   3 3
98 238 4   0 0   1 1   2 2   3 3
99 115 4   0 0   1 1   2 2   3 3
99 227 4   0 0   1 1   2 2   3 3
99 204 4   0 0   1 1   2 2   3 3
99 159 4   0 0   1 1   2 2   3 3
100 225 4   0 0   1 1   2 2   3 3
100 104 4   0 0   1 1   2 2   3 3
100 137 4   0 0   1 1   2 2   3 3
101 183 4   0 0   1 1   2 2   3 3
101 232 4   0 0   1 1   2 2   3 3
101 236 4   0 0   1 1   2 2   3 3
102 198 4   0 0   1 1   2 2   3 3
102 264 4   0 0   1 1   2 2   3 3
102 108 4   0 0   1 1   2 2   3 3
103 160 4   0 0   1 1   2 2   3 3
103 149 4   0 0   1 1   2 2   3 3
104 225 4   0 0   1 1   2 2   3 3
104 226 4   0 0   1 1   2 2   3 3
104 271 4   0 0   1 1   2 2   3 3
105 278 4   0 0   1 1   2 2   3 3
105 185 4   0 0   1 1   2 2   3 3
106 185 4   0 0   1 1   2 2   3 3
106 186 4   0 0   1 1   2 2   3 3
106 223 4   0 0   1 1   2 2   3 3
107 281 4   0 0   1 1   2 2   3 3
107 154 4   0 0   1 1   2 2   3 3
107 266 4   0 0   1 1   2 2   3 3
108 275 4   0 0   1 1   2 2   3 3
108 277 4   0 0   1 1   2 2   3 3
108 264 4   0 0   1 1   2 2   3 3
109 272 4   0 0   1 1   2 2   3 3
109 249 4   0 0   1 1   2 2   3 3
110 210 4   0 0   1 1   2 2   3 3
110 228 4   0 0   1 1   2 2   3 3
110 222 4   0 0   1 1   2 2   3 3
110 174 4   0 0   1 1   2 2   3 3
110 111 4   0 0   1 1   2 2   3 3
111 228 4   0 0   1 1   2 2   3 3
111 189 4   0 0   1 1   2 2   3 3
111 222 4   0 0   1 1   2 2   3 3
112 208 4   0 0   1 1   2 2   3 3
112 114 4   0 0   1 1   2 2   3 3
112 165 4   0 0   1 1   2 2   3 3
112 173 4   0 0   1 1   2 2   3 3
113 144 4   0 0   1 1   2 2   3 3
113 242 4   0 0   1 1   2 2   3 3
113 220 4   0 0   1 1   2 2   3 3
113 125 4   0 0   1 1   2 2   3 3
114 208 4   0 0   1 1   2 2   3 3
114 272 4   0 0   1 1   2 2   3 3
114 165 4   0 0   1 1   2 2   3 3
114 207 4   0 0   1 1   2 2   3 3
115 209 4   0 0   1 1   2 2   3 3
115 230 4   0 0   1 1   2 2   3 3
116 243 4   0 0   1 1   2 2   3 3
116 133 4   0 0   1 1   2 2   3 3
116 150 4   0 0   1 1   2 2   3 3
116 171 4   0 0   1 1   2 2   3 3
117 192 4   0 0   1 1   2 2   3 3
117 273 4   0 0   1 1   2 2   3 3
117 119 4   0 0   1 1   2 2   3 3
117 269 4   0 0   1 1   2 2   3 3
117 222 4   0 0   1 1   2 2   3 3
118 134 4   0 0   1 1   2 2   3 3
118 127 4   0 0   1 1   2 2   3 3
119 269 4   0 0   1 1   2 2   3 3
120 272 4   0 0   1 1   2 2   3 3
120 240 4   0 0   1 1   2 2   3 3
121 161 4   0 0   1 1   2 2   3 3
121 164 4   0 0   1 1   2 2   3 3
121 167 4   0 0   1 1   2 2   3 3
121 170 4   0 0   1 1   2 2   3 3
121 266 4   0 0   1 1   2 2   3 3
122 242 4   0 0   1 1   2 2   3 3
122 247 4   0 0   1 1   2 2   3 3
122 250 4   0 0   1 1   2 2   3 3
122 221 4   0 0   1 1   2 2   3 3
123 270 4   0 0   1 1   2 2   3 3
124 151 4   0 0   1 1   2 2   3 3
124 252 4   0 0   1 1   2 2   3 3
125 146 4   0 0   1 1   2 2   3 3
125 242 4   0 0   1 1   2 2   3 3
125 132 4   0 0   1 1   2 2   3 3
125 260 4   0 0   1 1   2 2   3 3
126 247 4   0 0   1 1   2 2   3 3
126 184 4   0 0   1 1   2 2   3 3
127 179 4   0 0   1 1   2 2   3 3
127 261 4   0 0   1 1   2 2   3 3
127 134 4   0 0   1 1   2 2   3 3
127 183 4   0 0   1 1   2 2   3 3
128 226 4   0 0   1 1   2 2   3 3
128 280 4   0 0   1 1   2 2   3 3
128 234 4   0 0   1 1   2 2   3 3
128 187 4   0 0   1 1   2 2   3 3
128 255 4   0 0   1 1   2 2   3 3
129 242 4   0 0   1 1   2 2   3 3
129 137 4   0 0   1 1   2 2   3 3
129 250 4   0 0   1 1   2 2   3 3
130 177 4   0 0   1 1   2 2   3 3
130 277 4   0 0   1 1   2 2   3 3
131 176 4   0 0   1 1   2 2   3 3
131 276 4   0 0   1 1   2 2   3 3
131 245 4   0 0   1 1   2 2   3 3
132 146 4   0 0   1 1   2 2   3 3
132 260 4   0 0   1 1   2 2   3 3
132 219 4   0 0   1 1   2 2   3 3
132 156 4   0 0   1 1   2 2   3 3
133 227 4   0 0   1 1   2 2   3 3
133 150 4   0 0   1 1   2 2   3 3
133 205 4   0 0   1 1   2 2   3 3
134 261 4   0 0   1 1   2 2   3 3
134 149 4   0 0   1 1   2 2   3 3
135 241 4   0 0   1 1   2 2   3 3
135 193 4   0 0   1 1   2 2   3 3
135 180 4   0 0   1 1   2 2   3 3
136 168 4   0 0   1 1   2 2   3 3
138 168 4   0 0   1 1   2 2   3 3
139 194 4   0 0   1 1   2 2   3 3
139 282 4   0 0   1 1   2 2   3 3
140 184 4   0 0   1 1   2 2   3 3
140 203 4   0 0   1 1   2 2   3 3
141 279 4   0 0   1 1   2 2   3 3
141 222 4   0 0   1 1   2 2   3 3
141 174 4   0 0   1 1   2 2   3 3
142 258 4   0 0   1 1   2 2   3 3
142 251 4   0 0   1 1   2 2   3 3
142 190 4   0 0   1 1   2 2   3 3
143 197 4   0 0   1 1   2 2   3 3
143 219 4   0 0   1 1   2 2   3 3
143 207 4   0 0   1 1   2 2   3 3
144 156 4   0 0   1 1   2 2   3 3
145 195 4   0 0   1 1   2 2   3 3
145 201 4   0 0   1 1   2 2   3 3
145 284 4   0 0   1 1   2 2   3 3
147 274 4   0 0   1 1   2 2   3 3
147 169 4   0 0   1 1   2 2   3 3
147 188 4   0 0   1 1   2 2   3 3
148 279 4   0 0   1 1   2 2   3 3
148 253 4   0 0   1 1   2 2   3 3
150 243 4   0 0   1 1   2 2   3 3
150 227 4   0 0   1 1   2 2   3 3
150 159 4   0 0   1 1   2 2   3 3
151 177 4   0 0   1 1   2 2   3 3
151 241 4   0 0   1 1   2 2   3 3
151 180 4   0 0   1 1   2 2   3 3
151 153 4   0 0   1 1   2 2   3 3
151 202 4   0 0   1 1   2 2   3 3
151 252 4   0 0   1 1   2 2   3 3
152 269 4   0 0   1 1   2 2   3 3
153 265 4   0 0   1 1   2 2   3 3
155 181 4   0 0   1 1   2 2   3 3
155 233 4   0 0   1 1   2 2   3 3
156 260 4   0 0   1 1   2 2   3 3
156 219 4   0 0   1 1   2 2   3 3
157 178 4   0 0   1 1   2 2   3 3
157 276 4   0 0   1 1   2 2   3 3
157 245 4   0 0   1 1   2 2   3 3
157 247 4   0 0   1 1   2 2   3 3
157 184 4   0 0   1 1   2 2   3 3
157 255 4   0 0   1 1   2 2   3 3
158 162 4   0 0   1 1   2 2   3 3
158 211 4   0 0   1 1   2 2   3 3
158 229 4   0 0   1 1   2 2   3 3
158 206 4   0 0   1 1   2 2   3 3
159 227 4   0 0   1 1   2 2   3 3
160 284 4   0 0   1 1   2 2   3 3
160 223 4   0 0   1 1   2 2   3 3
161 167 4   0 0   1 1   2 2   3 3
161 175 4   0 0   1 1   2 2   3 3
162 178 4   0 0   1 1   2 2   3 3
162 211 4   0 0   1 1   2 2   3 3
162 229 4   0 0   1 1   2 2   3 3
162 280 4   0 0   1 1   2 2   3 3
162 234 4   0 0   1 1   2 2   3 3
163 256 4   0 0   1 1   2 2   3 3
163 257 4   0 0   1 1   2 2   3 3
163 263 4   0 0   1 1   2 2   3 3
163 265 4   0 0   1 1   2 2   3 3
164 167 4   0 0   1 1   2 2   3 3
164 206 4   0 0   1 1   2 2   3 3
165 197 4   0 0   1 1   2 2   3 3
165 182 4   0 0   1 1   2 2   3 3
165 207 4   0 0   1 1   2 2   3 3
166 179 4   0 0   1 1   2 2   3 3
166 183 4   0 0   1 1   2 2   3 3
166 236 4   0 0   1 1   2 2   3 3
167 206 4   0 0   1 1   2 2   3 3
167 175 4   0 0   1 1   2 2   3 3
168 251 4   0 0   1 1   2 2   3 3
169 257 4   0 0   1 1   2 2   3 3
169 274 4   0 0   1 1   2 2   3 3
169 232 4   0 0   1 1   2 2   3 3
169 172 4   0 0   1 1   2 2   3 3
169 191 4   0 0   1 1   2 2   3 3
171 176 4   0 0   1 1   2 2   3 3
171 212 4   0 0   1 1   2 2   3 3
171 203 4   0 0   1 1   2 2   3 3
172 278 4   0 0   1 1   2 2   3 3
172 232 4   0 0   1 1   2 2   3 3
173 208 4   0 0   1 1   2 2   3 3
173 214 4   0 0   1 1   2 2   3 3
173 254 4   0 0   1 1   2 2   3 3
174 210 4   0 0   1 1   2 2   3 3
174 279 4   0 0   1 1   2 2   3 3
174 222 4   0 0   1 1   2 2   3 3
175 211 4   0 0   1 1   2 2   3 3
175 206 4   0 0   1 1   2 2   3 3
176 212 4   0 0   1 1   2 2   3 3
177 202 4   0 0   1 1   2 2   3 3
178 229 4   0 0   1 1   2 2   3 3
178 234 4   0 0   1 1   2 2   3 3
178 255 4   0 0   1 1   2 2   3 3
179 261 4   0 0   1 1   2 2   3 3
179 183 4   0 0   1 1   2 2   3 3
180 241 4   0 0   1 1   2 2   3 3
180 258 4   0 0   1 1   2 2   3 3
180 202 4   0 0   1 1   2 2   3 3
181 193 4   0 0   1 1   2 2   3 3
181 262 4   0 0   1 1   2 2   3 3
181 215 4   0 0   1 1   2 2   3 3
181 233 4   0 0   1 1   2 2   3 3
182 197 4   0 0   1 1   2 2   3 3
183 236 4   0 0   1 1   2 2   3 3
183 223 4   0 0   1 1   2 2   3 3
184 276 4   0 0   1 1   2 2   3 3
184 247 4   0 0   1 1   2 2   3 3
185 278 4   0 0   1 1   2 2   3 3
185 186 4   0 0   1 1   2 2   3 3
186 278 4   0 0   1 1   2 2   3 3
187 226 4   0 0   1 1   2 2   3 3
187 271 4   0 0   1 1   2 2   3 3
187 255 4   0 0   1 1   2 2   3 3
188 249 4   0 0   1 1   2 2   3 3
190 258 4   0 0   1 1   2 2   3 3
190 198 4   0 0   1 1   2 2   3 3
191 232 4   0 0   1 1   2 2   3 3
192 273 4   0 0   1 1   2 2   3 3
192 268 4   0 0   1 1   2 2   3 3
193 241 4   0 0   1 1   2 2   3 3
193 262 4   0 0   1 1   2 2   3 3
193 215 4   0 0   1 1   2 2   3 3
194 217 4   0 0   1 1   2 2   3 3
195 201 4   0 0   1 1   2 2   3 3
195 284 4   0 0   1 1   2 2   3 3
196 217 4   0 0   1 1   2 2   3 3
196 283 4   0 0   1 1   2 2   3 3
196 237 4   0 0   1 1   2 2   3 3
197 207 4   0 0   1 1   2 2   3 3
198 258 4   0 0   1 1   2 2   3 3
199 215 4   0 0   1 1   2 2   3 3
199 216 4   0 0   1 1   2 2   3 3
199 233 4   0 0   1 1   2 2   3 3
200 210 4   0 0   1 1   2 2   3 3
200 279 4   0 0   1 1   2 2   3 3
201 270 4   0 0   1 1   2 2   3 3
204 243 4   0 0   1 1   2 2   3 3
204 220 4   0 0   1 1   2 2   3 3
205 263 4   0 0   1 1   2 2   3 3
205 264 4   0 0   1 1   2 2   3 3
206 259 4   0 0   1 1   2 2   3 3
206 211 4   0 0   1 1   2 2   3 3
206 229 4   0 0   1 1   2 2   3 3
209 230 4   0 0   1 1   2 2   3 3
210 228 4   0 0   1 1   2 2   3 3
210 279 4   0 0   1 1   2 2   3 3
210 253 4   0 0   1 1   2 2   3 3
212 246 4   0 0   1 1   2 2   3 3
212 267 4   0 0   1 1   2 2   3 3
213 274 4   0 0   1 1   2 2   3 3
214 282 4   0 0   1 1   2 2   3 3
214 254 4   0 0   1 1   2 2   3 3
215 216 4   0 0   1 1   2 2   3 3
215 233 4   0 0   1 1   2 2   3 3
216 248 4   0 0   1 1   2 2   3 3
217 218 4   0 0   1 1   2 2   3 3
217 237 4   0 0   1 1   2 2   3 3
217 239 4   0 0   1 1   2 2   3 3
218 239 4   0 0   1 1   2 2   3 3
220 242 4   0 0   1 1   2 2   3 3
220 243 4   0 0   1 1   2 2   3 3
221 242 4   0 0   1 1   2 2   3 3
221 247 4   0 0   1 1   2 2   3 3
225 226 4   0 0   1 1   2 2   3 3
225 280 4   0 0   1 1   2 2   3 3
226 280 4   0 0   1 1   2 2   3 3
226 271 4   0 0   1 1   2 2   3 3
228 253 4   0 0   1 1   2 2   3 3
228 238 4   0 0   1 1   2 2   3 3
229 259 4   0 0   1 1   2 2   3 3
231 272 4   0 0   1 1   2 2   3 3
231 240 4   0 0   1 1   2 2   3 3
231 244 4   0 0   1 1   2 2   3 3
232 278 4   0 0   1 1   2 2   3 3
232 236 4   0 0   1 1   2 2   3 3
234 280 4   0 0   1 1   2 2   3 3
234 255 4   0 0   1 1   2 2   3 3
235 256 4   0 0   1 1   2 2   3 3
237 283 4   0 0   1 1   2 2   3 3
238 253 4   0 0   1 1   2 2   3 3
240 272 4   0 0   1 1   2 2   3 3
240 244 4   0 0   1 1   2 2   3 3
241 262 4   0 0   1 1   2 2   3 3
241 252 4   0 0   1 1   2 2   3 3
242 250 4   0 0   1 1   2 2   3 3
245 259 4   0 0   1 1   2 2   3 3
245 276 4   0 0   1 1   2 2   3 3
246 267 4   0 0   1 1   2 2   3 3
249 283 4   0 0   1 1   2 2   3 3
250 271 4   0 0   1 1   2 2   3 3
251 258 4   0 0   1 1   2 2   3 3
252 262 4   0 0   1 1   2 2   3 3
254 282 4   0 0   1 1   2 2   3 3
256 257 4   0 0   1 1   2 2   3 3
257 265 4   0 0   1 1   2 2   3 3
258 275 4   0 0   1 1   2 2   3 3
263 277 4   0 0   1 1   2 2   3 3
263 264 4   0 0   1 1   2 2   3 3
263 265 4   0 0   1 1   2 2   3 3
264 277 4   0 0   1 1   2 2   3 3
265 277 4   0 0   1 1   2 2   3 3
266 281 4   0 0   1 1   2 2   3 3
268 273 4   0 0   1 1   2 2   3 3
