259
1 4 0 1 2 3
2 4 0 1 2 3
3 4 0 1 2 3
4 4 0 1 2 3
5 4 0 1 2 3
6 4 0 1 2 3
7 4 0 1 2 3
8 4 0 1 2 3
9 4 0 1 2 3
10 4 0 1 2 3
11 4 0 1 2 3
12 4 0 1 2 3
13 4 0 1 2 3
14 4 0 1 2 3
15 4 0 1 2 3
16 4 0 1 2 3
17 4 0 1 2 3
18 4 0 1 2 3
19 4 0 1 2 3
20 4 0 1 2 3
21 4 0 1 2 3
22 4 0 1 2 3
23 4 0 1 2 3
24 4 0 1 2 3
25 4 0 1 2 3
26 4 0 1 2 3
27 4 0 1 2 3
28 4 0 1 2 3
29 4 0 1 2 3
30 4 0 1 2 3
31 4 0 1 2 3
32 4 0 1 2 3
33 4 0 1 2 3
34 4 0 1 2 3
35 4 0 1 2 3
36 4 0 1 2 3
37 4 0 1 2 3
38 4 0 1 2 3
39 4 0 1 2 3
40 4 0 1 2 3
41 4 0 1 2 3
42 4 0 1 2 3
43 4 0 1 2 3
44 4 0 1 2 3
45 4 0 1 2 3
46 4 0 1 2 3
47 4 0 1 2 3
48 4 0 1 2 3
49 4 0 1 2 3
50 4 0 1 2 3
51 4 0 1 2 3
52 4 0 1 2 3
53 4 0 1 2 3
54 4 0 1 2 3
55 4 0 1 2 3
56 4 0 1 2 3
57 4 0 1 2 3
58 4 0 1 2 3
59 4 0 1 2 3
60 4 0 1 2 3
61 4 0 1 2 3
62 4 0 1 2 3
63 4 0 1 2 3
64 4 0 1 2 3
65 4 0 1 2 3
66 4 0 1 2 3
67 4 0 1 2 3
68 4 0 1 2 3
69 4 0 1 2 3
70 4 0 1 2 3
71 4 0 1 2 3
72 4 0 1 2 3
73 4 0 1 2 3
74 4 0 1 2 3
75 4 0 1 2 3
76 4 0 1 2 3
77 4 0 1 2 3
78 4 0 1 2 3
79 4 0 1 2 3
80 4 0 1 2 3
81 4 0 1 2 3
82 4 0 1 2 3
83 4 0 1 2 3
84 4 0 1 2 3
85 4 0 1 2 3
86 4 0 1 2 3
87 4 0 1 2 3
88 4 0 1 2 3
89 4 0 1 2 3
90 4 0 1 2 3
91 4 0 1 2 3
92 4 0 1 2 3
93 4 0 1 2 3
94 4 0 1 2 3
95 4 0 1 2 3
96 4 0 1 2 3
97 4 0 1 2 3
98 4 0 1 2 3
99 4 0 1 2 3
100 4 0 1 2 3
101 4 0 1 2 3
102 4 0 1 2 3
103 4 0 1 2 3
104 4 0 1 2 3
105 4 0 1 2 3
106 4 0 1 2 3
107 4 0 1 2 3
108 4 0 1 2 3
109 4 0 1 2 3
110 4 0 1 2 3
111 4 0 1 2 3
112 4 0 1 2 3
113 4 0 1 2 3
114 4 0 1 2 3
115 4 0 1 2 3
116 4 0 1 2 3
117 4 0 1 2 3
118 4 0 1 2 3
119 4 0 1 2 3
120 4 0 1 2 3
121 4 0 1 2 3
122 4 0 1 2 3
123 4 0 1 2 3
124 4 0 1 2 3
125 4 0 1 2 3
126 4 0 1 2 3
127 4 0 1 2 3
128 4 0 1 2 3
129 4 0 1 2 3
130 4 0 1 2 3
131 4 0 1 2 3
132 4 0 1 2 3
133 4 0 1 2 3
134 4 0 1 2 3
135 4 0 1 2 3
136 4 0 1 2 3
137 4 0 1 2 3
138 4 0 1 2 3
139 4 0 1 2 3
140 4 0 1 2 3
141 4 0 1 2 3
142 4 0 1 2 3
143 4 0 1 2 3
144 4 0 1 2 3
145 4 0 1 2 3
146 4 0 1 2 3
147 4 0 1 2 3
148 4 0 1 2 3
149 4 0 1 2 3
150 4 0 1 2 3
151 4 0 1 2 3
152 4 0 1 2 3
153 4 0 1 2 3
154 4 0 1 2 3
155 4 0 1 2 3
156 4 0 1 2 3
157 4 0 1 2 3
158 4 0 1 2 3
159 4 0 1 2 3
160 4 0 1 2 3
161 4 0 1 2 3
162 4 0 1 2 3
163 4 0 1 2 3
164 4 0 1 2 3
165 4 0 1 2 3
166 4 0 1 2 3
167 4 0 1 2 3
168 4 0 1 2 3
169 4 0 1 2 3
170 4 0 1 2 3
171 4 0 1 2 3
172 4 0 1 2 3
173 4 0 1 2 3
174 4 0 1 2 3
175 4 0 1 2 3
176 4 0 1 2 3
177 4 0 1 2 3
178 4 0 1 2 3
179 4 0 1 2 3
180 4 0 1 2 3
181 4 0 1 2 3
182 4 0 1 2 3
183 4 0 1 2 3
184 4 0 1 2 3
185 4 0 1 2 3
186 4 0 1 2 3
187 4 0 1 2 3
188 4 0 1 2 3
189 4 0 1 2 3
190 4 0 1 2 3
191 4 0 1 2 3
192 4 0 1 2 3
193 4 0 1 2 3
194 4 0 1 2 3
195 4 0 1 2 3
196 4 0 1 2 3
197 4 0 1 2 3
198 4 0 1 2 3
199 4 0 1 2 3
200 4 0 1 2 3
201 4 0 1 2 3
202 4 0 1 2 3
203 4 0 1 2 3
204 4 0 1 2 3
205 4 0 1 2 3
206 4 0 1 2 3
207 4 0 1 2 3
208 4 0 1 2 3
209 4 0 1 2 3
210 4 0 1 2 3
211 4 0 1 2 3
212 4 0 1 2 3
213 4 0 1 2 3
214 4 0 1 2 3
215 4 0 1 2 3
216 4 0 1 2 3
217 4 0 1 2 3
218 4 0 1 2 3
219 4 0 1 2 3
220 4 0 1 2 3
221 4 0 1 2 3
222 4 0 1 2 3
223 4 0 1 2 3
224 4 0 1 2 3
225 4 0 1 2 3
226 4 0 1 2 3
227 4 0 1 2 3
228 4 0 1 2 3
229 4 0 1 2 3
230 4 0 1 2 3
231 4 0 1 2 3
232 4 0 1 2 3
233 4 0 1 2 3
234 4 0 1 2 3
235 4 0 1 2 3
236 4 0 1 2 3
237 4 0 1 2 3
238 4 0 1 2 3
239 4 0 1 2 3
240 4 0 1 2 3
241 4 0 1 2 3
242 4 0 1 2 3
243 4 0 1 2 3
244 4 0 1 2 3
245 4 0 1 2 3
246 4 0 1 2 3
247 4 0 1 2 3
248 4 0 1 2 3
249 4 0 1 2 3
250 4 0 1 2 3
251 4 0 1 2 3
252 4 0 1 2 3
253 4 0 1 2 3
254 4 0 1 2 3
255 4 0 1 2 3
256 4 0 1 2 3
257 4 0 1 2 3
258 4 0 1 2 3
259 4 0 1 2 3
726
1 33 4   0 0   1 1   2 2   3 3
1 118 4   0 0   1 1   2 2   3 3
1 198 4   0 0   1 1   2 2   3 3
1 105 4   0 0   1 1   2 2   3 3
1 58 4   0 0   1 1   2 2   3 3
2 224 4   0 0   1 1   2 2   3 3
2 82 4   0 0   1 1   2 2   3 3
2 246 4   0 0   1 1   2 2   3 3
2 136 4   0 0   1 1   2 2   3 3
2 232 4   0 0   1 1   2 2   3 3
2 250 4   0 0   1 1   2 2   3 3
2 94 4   0 0   1 1   2 2   3 3
2 47 4   0 0   1 1   2 2   3 3
3 167 4   0 0   1 1   2 2   3 3
3 43 4   0 0   1 1   2 2   3 3
3 157 4   0 0   1 1   2 2   3 3
3 61 4   0 0   1 1   2 2   3 3
3 255 4   0 0   1 1   2 2   3 3
4 84 4   0 0   1 1   2 2   3 3
4 69 4   0 0   1 1   2 2   3 3
4 139 4   0 0   1 1   2 2   3 3
4 124 4   0 0   1 1   2 2   3 3
4 142 4   0 0   1 1   2 2   3 3
4 190 4   0 0   1 1   2 2   3 3
5 128 4   0 0   1 1   2 2   3 3
5 10 4   0 0   1 1   2 2   3 3
5 59 4   0 0   1 1   2 2   3 3
5 222 4   0 0   1 1   2 2   3 3
6 193 4   0 0   1 1   2 2   3 3
6 99 4   0 0   1 1   2 2   3 3
6 7 4   0 0   1 1   2 2   3 3
6 218 4   0 0   1 1   2 2   3 3
6 75 4   0 0   1 1   2 2   3 3
6 111 4   0 0   1 1   2 2   3 3
6 63 4   0 0   1 1   2 2   3 3
7 208 4   0 0   1 1   2 2   3 3
7 49 4   0 0   1 1   2 2   3 3
7 193 4   0 0   1 1   2 2   3 3
7 200 4   0 0   1 1   2 2   3 3
7 137 4   0 0   1 1   2 2   3 3
7 218 4   0 0   1 1   2 2   3 3
7 111 4   0 0   1 1   2 2   3 3
8 112 4   0 0   1 1   2 2   3 3
8 130 4   0 0   1 1   2 2   3 3
8 50 4   0 0   1 1   2 2   3 3
8 151 4   0 0   1 1   2 2   3 3
8 56 4   0 0   1 1   2 2   3 3
8 249 4   0 0   1 1   2 2   3 3
8 122 4   0 0   1 1   2 2   3 3
8 106 4   0 0   1 1   2 2   3 3
8 30 4   0 0   1 1   2 2   3 3
9 32 4   0 0   1 1   2 2   3 3
9 34 4   0 0   1 1   2 2   3 3
9 245 4   0 0   1 1   2 2   3 3
9 169 4   0 0   1 1   2 2   3 3
9 154 4   0 0   1 1   2 2   3 3
9 27 4   0 0   1 1   2 2   3 3
9 109 4   0 0   1 1   2 2   3 3
10 128 4   0 0   1 1   2 2   3 3
10 35 4   0 0   1 1   2 2   3 3
10 85 4   0 0   1 1   2 2   3 3
10 182 4   0 0   1 1   2 2   3 3
10 118 4   0 0   1 1   2 2   3 3
10 222 4   0 0   1 1   2 2   3 3
11 240 4   0 0   1 1   2 2   3 3
11 168 4   0 0   1 1   2 2   3 3
11 252 4   0 0   1 1   2 2   3 3
11 125 4   0 0   1 1   2 2   3 3
11 191 4   0 0   1 1   2 2   3 3
12 18 4   0 0   1 1   2 2   3 3
12 226 4   0 0   1 1   2 2   3 3
12 259 4   0 0   1 1   2 2   3 3
12 227 4   0 0   1 1   2 2   3 3
12 38 4   0 0   1 1   2 2   3 3
12 87 4   0 0   1 1   2 2   3 3
12 175 4   0 0   1 1   2 2   3 3
13 148 4   0 0   1 1   2 2   3 3
13 25 4   0 0   1 1   2 2   3 3
13 236 4   0 0   1 1   2 2   3 3
13 76 4   0 0   1 1   2 2   3 3
13 207 4   0 0   1 1   2 2   3 3
13 159 4   0 0   1 1   2 2   3 3
14 81 4   0 0   1 1   2 2   3 3
14 257 4   0 0   1 1   2 2   3 3
14 242 4   0 0   1 1   2 2   3 3
14 214 4   0 0   1 1   2 2   3 3
14 55 4   0 0   1 1   2 2   3 3
14 171 4   0 0   1 1   2 2   3 3
15 128 4   0 0   1 1   2 2   3 3
15 177 4   0 0   1 1   2 2   3 3
15 67 4   0 0   1 1   2 2   3 3
15 35 4   0 0   1 1   2 2   3 3
15 234 4   0 0   1 1   2 2   3 3
16 32 4   0 0   1 1   2 2   3 3
16 104 4   0 0   1 1   2 2   3 3
16 169 4   0 0   1 1   2 2   3 3
16 107 4   0 0   1 1   2 2   3 3
17 241 4   0 0   1 1   2 2   3 3
17 147 4   0 0   1 1   2 2   3 3
17 186 4   0 0   1 1   2 2   3 3
17 235 4   0 0   1 1   2 2   3 3
17 28 4   0 0   1 1   2 2   3 3
17 253 4   0 0   1 1   2 2   3 3
17 223 4   0 0   1 1   2 2   3 3
18 38 4   0 0   1 1   2 2   3 3
18 183 4   0 0   1 1   2 2   3 3
18 175 4   0 0   1 1   2 2   3 3
19 33 4   0 0   1 1   2 2   3 3
19 21 4   0 0   1 1   2 2   3 3
19 232 4   0 0   1 1   2 2   3 3
19 202 4   0 0   1 1   2 2   3 3
19 94 4   0 0   1 1   2 2   3 3
20 50 4   0 0   1 1   2 2   3 3
20 130 4   0 0   1 1   2 2   3 3
20 229 4   0 0   1 1   2 2   3 3
20 231 4   0 0   1 1   2 2   3 3
20 73 4   0 0   1 1   2 2   3 3
20 206 4   0 0   1 1   2 2   3 3
20 191 4   0 0   1 1   2 2   3 3
21 48 4   0 0   1 1   2 2   3 3
21 33 4   0 0   1 1   2 2   3 3
21 181 4   0 0   1 1   2 2   3 3
21 120 4   0 0   1 1   2 2   3 3
21 94 4   0 0   1 1   2 2   3 3
21 126 4   0 0   1 1   2 2   3 3
22 129 4   0 0   1 1   2 2   3 3
22 81 4   0 0   1 1   2 2   3 3
22 257 4   0 0   1 1   2 2   3 3
22 55 4   0 0   1 1   2 2   3 3
22 121 4   0 0   1 1   2 2   3 3
22 218 4   0 0   1 1   2 2   3 3
23 248 4   0 0   1 1   2 2   3 3
23 42 4   0 0   1 1   2 2   3 3
23 187 4   0 0   1 1   2 2   3 3
23 206 4   0 0   1 1   2 2   3 3
24 100 4   0 0   1 1   2 2   3 3
24 245 4   0 0   1 1   2 2   3 3
24 153 4   0 0   1 1   2 2   3 3
24 169 4   0 0   1 1   2 2   3 3
24 154 4   0 0   1 1   2 2   3 3
25 96 4   0 0   1 1   2 2   3 3
25 144 4   0 0   1 1   2 2   3 3
25 113 4   0 0   1 1   2 2   3 3
25 98 4   0 0   1 1   2 2   3 3
25 148 4   0 0   1 1   2 2   3 3
25 197 4   0 0   1 1   2 2   3 3
25 76 4   0 0   1 1   2 2   3 3
25 220 4   0 0   1 1   2 2   3 3
25 174 4   0 0   1 1   2 2   3 3
26 145 4   0 0   1 1   2 2   3 3
26 133 4   0 0   1 1   2 2   3 3
26 54 4   0 0   1 1   2 2   3 3
26 236 4   0 0   1 1   2 2   3 3
26 109 4   0 0   1 1   2 2   3 3
26 207 4   0 0   1 1   2 2   3 3
27 145 4   0 0   1 1   2 2   3 3
27 34 4   0 0   1 1   2 2   3 3
27 253 4   0 0   1 1   2 2   3 3
27 109 4   0 0   1 1   2 2   3 3
28 147 4   0 0   1 1   2 2   3 3
28 102 4   0 0   1 1   2 2   3 3
28 186 4   0 0   1 1   2 2   3 3
28 188 4   0 0   1 1   2 2   3 3
29 129 4   0 0   1 1   2 2   3 3
29 38 4   0 0   1 1   2 2   3 3
29 233 4   0 0   1 1   2 2   3 3
29 155 4   0 0   1 1   2 2   3 3
30 112 4   0 0   1 1   2 2   3 3
30 120 4   0 0   1 1   2 2   3 3
30 56 4   0 0   1 1   2 2   3 3
30 221 4   0 0   1 1   2 2   3 3
31 51 4   0 0   1 1   2 2   3 3
31 84 4   0 0   1 1   2 2   3 3
31 68 4   0 0   1 1   2 2   3 3
31 190 4   0 0   1 1   2 2   3 3
31 110 4   0 0   1 1   2 2   3 3
31 47 4   0 0   1 1   2 2   3 3
32 197 4   0 0   1 1   2 2   3 3
32 169 4   0 0   1 1   2 2   3 3
32 107 4   0 0   1 1   2 2   3 3
32 236 4   0 0   1 1   2 2   3 3
32 109 4   0 0   1 1   2 2   3 3
33 118 4   0 0   1 1   2 2   3 3
33 120 4   0 0   1 1   2 2   3 3
33 105 4   0 0   1 1   2 2   3 3
33 202 4   0 0   1 1   2 2   3 3
33 239 4   0 0   1 1   2 2   3 3
34 147 4   0 0   1 1   2 2   3 3
34 102 4   0 0   1 1   2 2   3 3
34 154 4   0 0   1 1   2 2   3 3
34 253 4   0 0   1 1   2 2   3 3
35 128 4   0 0   1 1   2 2   3 3
35 67 4   0 0   1 1   2 2   3 3
35 85 4   0 0   1 1   2 2   3 3
36 176 4   0 0   1 1   2 2   3 3
36 225 4   0 0   1 1   2 2   3 3
36 258 4   0 0   1 1   2 2   3 3
36 133 4   0 0   1 1   2 2   3 3
36 54 4   0 0   1 1   2 2   3 3
36 119 4   0 0   1 1   2 2   3 3
36 91 4   0 0   1 1   2 2   3 3
36 92 4   0 0   1 1   2 2   3 3
36 142 4   0 0   1 1   2 2   3 3
37 70 4   0 0   1 1   2 2   3 3
37 73 4   0 0   1 1   2 2   3 3
37 106 4   0 0   1 1   2 2   3 3
37 90 4   0 0   1 1   2 2   3 3
37 173 4   0 0   1 1   2 2   3 3
37 78 4   0 0   1 1   2 2   3 3
38 160 4   0 0   1 1   2 2   3 3
38 129 4   0 0   1 1   2 2   3 3
38 259 4   0 0   1 1   2 2   3 3
38 52 4   0 0   1 1   2 2   3 3
38 87 4   0 0   1 1   2 2   3 3
38 183 4   0 0   1 1   2 2   3 3
38 155 4   0 0   1 1   2 2   3 3
38 124 4   0 0   1 1   2 2   3 3
39 131 4   0 0   1 1   2 2   3 3
39 165 4   0 0   1 1   2 2   3 3
39 220 4   0 0   1 1   2 2   3 3
40 96 4   0 0   1 1   2 2   3 3
40 81 4   0 0   1 1   2 2   3 3
40 131 4   0 0   1 1   2 2   3 3
40 89 4   0 0   1 1   2 2   3 3
40 79 4   0 0   1 1   2 2   3 3
41 240 4   0 0   1 1   2 2   3 3
41 114 4   0 0   1 1   2 2   3 3
41 228 4   0 0   1 1   2 2   3 3
41 125 4   0 0   1 1   2 2   3 3
42 146 4   0 0   1 1   2 2   3 3
42 211 4   0 0   1 1   2 2   3 3
42 164 4   0 0   1 1   2 2   3 3
42 248 4   0 0   1 1   2 2   3 3
42 187 4   0 0   1 1   2 2   3 3
42 203 4   0 0   1 1   2 2   3 3
43 108 4   0 0   1 1   2 2   3 3
43 157 4   0 0   1 1   2 2   3 3
43 255 4   0 0   1 1   2 2   3 3
44 67 4   0 0   1 1   2 2   3 3
44 212 4   0 0   1 1   2 2   3 3
44 103 4   0 0   1 1   2 2   3 3
44 72 4   0 0   1 1   2 2   3 3
44 234 4   0 0   1 1   2 2   3 3
45 180 4   0 0   1 1   2 2   3 3
45 213 4   0 0   1 1   2 2   3 3
45 199 4   0 0   1 1   2 2   3 3
45 234 4   0 0   1 1   2 2   3 3
46 226 4   0 0   1 1   2 2   3 3
46 259 4   0 0   1 1   2 2   3 3
46 83 4   0 0   1 1   2 2   3 3
46 227 4   0 0   1 1   2 2   3 3
46 68 4   0 0   1 1   2 2   3 3
46 140 4   0 0   1 1   2 2   3 3
46 110 4   0 0   1 1   2 2   3 3
47 82 4   0 0   1 1   2 2   3 3
47 51 4   0 0   1 1   2 2   3 3
47 84 4   0 0   1 1   2 2   3 3
47 246 4   0 0   1 1   2 2   3 3
48 82 4   0 0   1 1   2 2   3 3
48 51 4   0 0   1 1   2 2   3 3
48 83 4   0 0   1 1   2 2   3 3
48 94 4   0 0   1 1   2 2   3 3
48 126 4   0 0   1 1   2 2   3 3
48 110 4   0 0   1 1   2 2   3 3
49 80 4   0 0   1 1   2 2   3 3
49 149 4   0 0   1 1   2 2   3 3
49 135 4   0 0   1 1   2 2   3 3
49 200 4   0 0   1 1   2 2   3 3
49 137 4   0 0   1 1   2 2   3 3
49 74 4   0 0   1 1   2 2   3 3
50 130 4   0 0   1 1   2 2   3 3
50 73 4   0 0   1 1   2 2   3 3
50 106 4   0 0   1 1   2 2   3 3
50 78 4   0 0   1 1   2 2   3 3
51 82 4   0 0   1 1   2 2   3 3
51 110 4   0 0   1 1   2 2   3 3
52 64 4   0 0   1 1   2 2   3 3
52 178 4   0 0   1 1   2 2   3 3
52 258 4   0 0   1 1   2 2   3 3
52 244 4   0 0   1 1   2 2   3 3
52 69 4   0 0   1 1   2 2   3 3
52 101 4   0 0   1 1   2 2   3 3
52 233 4   0 0   1 1   2 2   3 3
52 155 4   0 0   1 1   2 2   3 3
52 124 4   0 0   1 1   2 2   3 3
53 167 4   0 0   1 1   2 2   3 3
53 74 4   0 0   1 1   2 2   3 3
53 205 4   0 0   1 1   2 2   3 3
53 255 4   0 0   1 1   2 2   3 3
54 258 4   0 0   1 1   2 2   3 3
54 178 4   0 0   1 1   2 2   3 3
54 163 4   0 0   1 1   2 2   3 3
54 133 4   0 0   1 1   2 2   3 3
54 57 4   0 0   1 1   2 2   3 3
54 207 4   0 0   1 1   2 2   3 3
55 81 4   0 0   1 1   2 2   3 3
55 257 4   0 0   1 1   2 2   3 3
56 138 4   0 0   1 1   2 2   3 3
56 106 4   0 0   1 1   2 2   3 3
56 221 4   0 0   1 1   2 2   3 3
57 64 4   0 0   1 1   2 2   3 3
57 178 4   0 0   1 1   2 2   3 3
57 98 4   0 0   1 1   2 2   3 3
57 163 4   0 0   1 1   2 2   3 3
57 148 4   0 0   1 1   2 2   3 3
57 217 4   0 0   1 1   2 2   3 3
57 159 4   0 0   1 1   2 2   3 3
58 182 4   0 0   1 1   2 2   3 3
58 118 4   0 0   1 1   2 2   3 3
58 198 4   0 0   1 1   2 2   3 3
58 185 4   0 0   1 1   2 2   3 3
58 222 4   0 0   1 1   2 2   3 3
58 62 4   0 0   1 1   2 2   3 3
59 185 4   0 0   1 1   2 2   3 3
59 222 4   0 0   1 1   2 2   3 3
60 149 4   0 0   1 1   2 2   3 3
60 203 4   0 0   1 1   2 2   3 3
60 108 4   0 0   1 1   2 2   3 3
60 157 4   0 0   1 1   2 2   3 3
61 146 4   0 0   1 1   2 2   3 3
61 167 4   0 0   1 1   2 2   3 3
61 203 4   0 0   1 1   2 2   3 3
61 157 4   0 0   1 1   2 2   3 3
62 198 4   0 0   1 1   2 2   3 3
62 185 4   0 0   1 1   2 2   3 3
62 105 4   0 0   1 1   2 2   3 3
63 65 4   0 0   1 1   2 2   3 3
63 193 4   0 0   1 1   2 2   3 3
63 99 4   0 0   1 1   2 2   3 3
63 115 4   0 0   1 1   2 2   3 3
63 88 4   0 0   1 1   2 2   3 3
63 152 4   0 0   1 1   2 2   3 3
63 170 4   0 0   1 1   2 2   3 3
64 178 4   0 0   1 1   2 2   3 3
64 101 4   0 0   1 1   2 2   3 3
64 247 4   0 0   1 1   2 2   3 3
64 217 4   0 0   1 1   2 2   3 3
65 115 4   0 0   1 1   2 2   3 3
65 116 4   0 0   1 1   2 2   3 3
65 152 4   0 0   1 1   2 2   3 3
66 194 4   0 0   1 1   2 2   3 3
66 179 4   0 0   1 1   2 2   3 3
66 117 4   0 0   1 1   2 2   3 3
66 86 4   0 0   1 1   2 2   3 3
66 119 4   0 0   1 1   2 2   3 3
66 91 4   0 0   1 1   2 2   3 3
66 139 4   0 0   1 1   2 2   3 3
66 254 4   0 0   1 1   2 2   3 3
67 85 4   0 0   1 1   2 2   3 3
67 103 4   0 0   1 1   2 2   3 3
67 234 4   0 0   1 1   2 2   3 3
68 140 4   0 0   1 1   2 2   3 3
68 190 4   0 0   1 1   2 2   3 3
68 110 4   0 0   1 1   2 2   3 3
69 258 4   0 0   1 1   2 2   3 3
69 124 4   0 0   1 1   2 2   3 3
69 142 4   0 0   1 1   2 2   3 3
70 196 4   0 0   1 1   2 2   3 3
70 90 4   0 0   1 1   2 2   3 3
70 173 4   0 0   1 1   2 2   3 3
71 164 4   0 0   1 1   2 2   3 3
71 228 4   0 0   1 1   2 2   3 3
71 187 4   0 0   1 1   2 2   3 3
71 125 4   0 0   1 1   2 2   3 3
72 212 4   0 0   1 1   2 2   3 3
72 199 4   0 0   1 1   2 2   3 3
72 234 4   0 0   1 1   2 2   3 3
72 93 4   0 0   1 1   2 2   3 3
73 230 4   0 0   1 1   2 2   3 3
73 215 4   0 0   1 1   2 2   3 3
73 231 4   0 0   1 1   2 2   3 3
73 90 4   0 0   1 1   2 2   3 3
73 78 4   0 0   1 1   2 2   3 3
74 149 4   0 0   1 1   2 2   3 3
74 200 4   0 0   1 1   2 2   3 3
74 205 4   0 0   1 1   2 2   3 3
74 255 4   0 0   1 1   2 2   3 3
75 257 4   0 0   1 1   2 2   3 3
75 99 4   0 0   1 1   2 2   3 3
75 214 4   0 0   1 1   2 2   3 3
75 88 4   0 0   1 1   2 2   3 3
75 218 4   0 0   1 1   2 2   3 3
76 197 4   0 0   1 1   2 2   3 3
76 236 4   0 0   1 1   2 2   3 3
77 161 4   0 0   1 1   2 2   3 3
77 105 4   0 0   1 1   2 2   3 3
77 141 4   0 0   1 1   2 2   3 3
77 95 4   0 0   1 1   2 2   3 3
78 106 4   0 0   1 1   2 2   3 3
79 81 4   0 0   1 1   2 2   3 3
79 131 4   0 0   1 1   2 2   3 3
79 171 4   0 0   1 1   2 2   3 3
80 162 4   0 0   1 1   2 2   3 3
80 149 4   0 0   1 1   2 2   3 3
80 183 4   0 0   1 1   2 2   3 3
80 135 4   0 0   1 1   2 2   3 3
80 175 4   0 0   1 1   2 2   3 3
80 143 4   0 0   1 1   2 2   3 3
81 89 4   0 0   1 1   2 2   3 3
81 121 4   0 0   1 1   2 2   3 3
81 171 4   0 0   1 1   2 2   3 3
82 94 4   0 0   1 1   2 2   3 3
83 227 4   0 0   1 1   2 2   3 3
83 151 4   0 0   1 1   2 2   3 3
83 156 4   0 0   1 1   2 2   3 3
83 110 4   0 0   1 1   2 2   3 3
83 126 4   0 0   1 1   2 2   3 3
84 246 4   0 0   1 1   2 2   3 3
84 139 4   0 0   1 1   2 2   3 3
84 190 4   0 0   1 1   2 2   3 3
85 118 4   0 0   1 1   2 2   3 3
85 103 4   0 0   1 1   2 2   3 3
86 194 4   0 0   1 1   2 2   3 3
86 132 4   0 0   1 1   2 2   3 3
86 136 4   0 0   1 1   2 2   3 3
86 250 4   0 0   1 1   2 2   3 3
86 139 4   0 0   1 1   2 2   3 3
87 259 4   0 0   1 1   2 2   3 3
88 99 4   0 0   1 1   2 2   3 3
88 214 4   0 0   1 1   2 2   3 3
88 201 4   0 0   1 1   2 2   3 3
88 170 4   0 0   1 1   2 2   3 3
89 144 4   0 0   1 1   2 2   3 3
89 96 4   0 0   1 1   2 2   3 3
89 121 4   0 0   1 1   2 2   3 3
89 174 4   0 0   1 1   2 2   3 3
90 215 4   0 0   1 1   2 2   3 3
91 176 4   0 0   1 1   2 2   3 3
91 117 4   0 0   1 1   2 2   3 3
91 119 4   0 0   1 1   2 2   3 3
92 97 4   0 0   1 1   2 2   3 3
92 225 4   0 0   1 1   2 2   3 3
92 133 4   0 0   1 1   2 2   3 3
92 223 4   0 0   1 1   2 2   3 3
93 132 4   0 0   1 1   2 2   3 3
93 212 4   0 0   1 1   2 2   3 3
93 199 4   0 0   1 1   2 2   3 3
94 232 4   0 0   1 1   2 2   3 3
95 161 4   0 0   1 1   2 2   3 3
95 196 4   0 0   1 1   2 2   3 3
96 131 4   0 0   1 1   2 2   3 3
96 220 4   0 0   1 1   2 2   3 3
96 174 4   0 0   1 1   2 2   3 3
97 241 4   0 0   1 1   2 2   3 3
97 225 4   0 0   1 1   2 2   3 3
97 223 4   0 0   1 1   2 2   3 3
98 144 4   0 0   1 1   2 2   3 3
98 148 4   0 0   1 1   2 2   3 3
98 247 4   0 0   1 1   2 2   3 3
98 217 4   0 0   1 1   2 2   3 3
100 102 4   0 0   1 1   2 2   3 3
100 153 4   0 0   1 1   2 2   3 3
100 154 4   0 0   1 1   2 2   3 3
100 188 4   0 0   1 1   2 2   3 3
101 244 4   0 0   1 1   2 2   3 3
101 247 4   0 0   1 1   2 2   3 3
101 172 4   0 0   1 1   2 2   3 3
102 147 4   0 0   1 1   2 2   3 3
102 154 4   0 0   1 1   2 2   3 3
102 188 4   0 0   1 1   2 2   3 3
103 224 4   0 0   1 1   2 2   3 3
103 212 4   0 0   1 1   2 2   3 3
103 118 4   0 0   1 1   2 2   3 3
104 113 4   0 0   1 1   2 2   3 3
104 107 4   0 0   1 1   2 2   3 3
105 198 4   0 0   1 1   2 2   3 3
105 141 4   0 0   1 1   2 2   3 3
105 239 4   0 0   1 1   2 2   3 3
106 138 4   0 0   1 1   2 2   3 3
106 173 4   0 0   1 1   2 2   3 3
107 113 4   0 0   1 1   2 2   3 3
107 197 4   0 0   1 1   2 2   3 3
108 149 4   0 0   1 1   2 2   3 3
108 157 4   0 0   1 1   2 2   3 3
108 255 4   0 0   1 1   2 2   3 3
109 145 4   0 0   1 1   2 2   3 3
109 236 4   0 0   1 1   2 2   3 3
111 218 4   0 0   1 1   2 2   3 3
112 181 4   0 0   1 1   2 2   3 3
112 120 4   0 0   1 1   2 2   3 3
112 122 4   0 0   1 1   2 2   3 3
113 197 4   0 0   1 1   2 2   3 3
113 165 4   0 0   1 1   2 2   3 3
113 220 4   0 0   1 1   2 2   3 3
114 240 4   0 0   1 1   2 2   3 3
114 252 4   0 0   1 1   2 2   3 3
114 127 4   0 0   1 1   2 2   3 3
115 193 4   0 0   1 1   2 2   3 3
115 210 4   0 0   1 1   2 2   3 3
115 116 4   0 0   1 1   2 2   3 3
116 152 4   0 0   1 1   2 2   3 3
117 176 4   0 0   1 1   2 2   3 3
117 194 4   0 0   1 1   2 2   3 3
117 134 4   0 0   1 1   2 2   3 3
117 199 4   0 0   1 1   2 2   3 3
117 123 4   0 0   1 1   2 2   3 3
118 224 4   0 0   1 1   2 2   3 3
118 243 4   0 0   1 1   2 2   3 3
118 182 4   0 0   1 1   2 2   3 3
118 202 4   0 0   1 1   2 2   3 3
119 142 4   0 0   1 1   2 2   3 3
119 254 4   0 0   1 1   2 2   3 3
120 181 4   0 0   1 1   2 2   3 3
120 184 4   0 0   1 1   2 2   3 3
120 221 4   0 0   1 1   2 2   3 3
120 239 4   0 0   1 1   2 2   3 3
121 144 4   0 0   1 1   2 2   3 3
121 129 4   0 0   1 1   2 2   3 3
121 247 4   0 0   1 1   2 2   3 3
121 172 4   0 0   1 1   2 2   3 3
122 181 4   0 0   1 1   2 2   3 3
122 151 4   0 0   1 1   2 2   3 3
122 126 4   0 0   1 1   2 2   3 3
123 256 4   0 0   1 1   2 2   3 3
123 176 4   0 0   1 1   2 2   3 3
123 150 4   0 0   1 1   2 2   3 3
123 134 4   0 0   1 1   2 2   3 3
123 204 4   0 0   1 1   2 2   3 3
124 259 4   0 0   1 1   2 2   3 3
124 140 4   0 0   1 1   2 2   3 3
124 190 4   0 0   1 1   2 2   3 3
125 240 4   0 0   1 1   2 2   3 3
125 228 4   0 0   1 1   2 2   3 3
125 168 4   0 0   1 1   2 2   3 3
125 187 4   0 0   1 1   2 2   3 3
126 181 4   0 0   1 1   2 2   3 3
126 151 4   0 0   1 1   2 2   3 3
127 252 4   0 0   1 1   2 2   3 3
127 238 4   0 0   1 1   2 2   3 3
128 177 4   0 0   1 1   2 2   3 3
129 160 4   0 0   1 1   2 2   3 3
129 233 4   0 0   1 1   2 2   3 3
129 218 4   0 0   1 1   2 2   3 3
129 172 4   0 0   1 1   2 2   3 3
130 195 4   0 0   1 1   2 2   3 3
130 249 4   0 0   1 1   2 2   3 3
130 219 4   0 0   1 1   2 2   3 3
130 156 4   0 0   1 1   2 2   3 3
130 206 4   0 0   1 1   2 2   3 3
131 242 4   0 0   1 1   2 2   3 3
131 171 4   0 0   1 1   2 2   3 3
131 220 4   0 0   1 1   2 2   3 3
132 224 4   0 0   1 1   2 2   3 3
132 194 4   0 0   1 1   2 2   3 3
132 212 4   0 0   1 1   2 2   3 3
132 199 4   0 0   1 1   2 2   3 3
132 136 4   0 0   1 1   2 2   3 3
133 145 4   0 0   1 1   2 2   3 3
133 223 4   0 0   1 1   2 2   3 3
134 256 4   0 0   1 1   2 2   3 3
134 180 4   0 0   1 1   2 2   3 3
134 199 4   0 0   1 1   2 2   3 3
135 183 4   0 0   1 1   2 2   3 3
135 137 4   0 0   1 1   2 2   3 3
136 224 4   0 0   1 1   2 2   3 3
136 250 4   0 0   1 1   2 2   3 3
137 192 4   0 0   1 1   2 2   3 3
137 183 4   0 0   1 1   2 2   3 3
137 218 4   0 0   1 1   2 2   3 3
137 237 4   0 0   1 1   2 2   3 3
137 158 4   0 0   1 1   2 2   3 3
138 173 4   0 0   1 1   2 2   3 3
138 221 4   0 0   1 1   2 2   3 3
139 179 4   0 0   1 1   2 2   3 3
139 246 4   0 0   1 1   2 2   3 3
139 250 4   0 0   1 1   2 2   3 3
140 259 4   0 0   1 1   2 2   3 3
140 190 4   0 0   1 1   2 2   3 3
141 161 4   0 0   1 1   2 2   3 3
141 184 4   0 0   1 1   2 2   3 3
141 239 4   0 0   1 1   2 2   3 3
142 258 4   0 0   1 1   2 2   3 3
142 179 4   0 0   1 1   2 2   3 3
142 254 4   0 0   1 1   2 2   3 3
143 162 4   0 0   1 1   2 2   3 3
143 227 4   0 0   1 1   2 2   3 3
143 195 4   0 0   1 1   2 2   3 3
143 251 4   0 0   1 1   2 2   3 3
143 175 4   0 0   1 1   2 2   3 3
144 247 4   0 0   1 1   2 2   3 3
144 174 4   0 0   1 1   2 2   3 3
145 253 4   0 0   1 1   2 2   3 3
145 223 4   0 0   1 1   2 2   3 3
146 164 4   0 0   1 1   2 2   3 3
146 167 4   0 0   1 1   2 2   3 3
147 253 4   0 0   1 1   2 2   3 3
148 159 4   0 0   1 1   2 2   3 3
149 162 4   0 0   1 1   2 2   3 3
149 211 4   0 0   1 1   2 2   3 3
149 203 4   0 0   1 1   2 2   3 3
149 255 4   0 0   1 1   2 2   3 3
150 176 4   0 0   1 1   2 2   3 3
150 241 4   0 0   1 1   2 2   3 3
150 225 4   0 0   1 1   2 2   3 3
150 235 4   0 0   1 1   2 2   3 3
150 204 4   0 0   1 1   2 2   3 3
151 249 4   0 0   1 1   2 2   3 3
151 156 4   0 0   1 1   2 2   3 3
152 209 4   0 0   1 1   2 2   3 3
152 170 4   0 0   1 1   2 2   3 3
153 188 4   0 0   1 1   2 2   3 3
154 245 4   0 0   1 1   2 2   3 3
155 233 4   0 0   1 1   2 2   3 3
156 227 4   0 0   1 1   2 2   3 3
156 195 4   0 0   1 1   2 2   3 3
156 249 4   0 0   1 1   2 2   3 3
156 251 4   0 0   1 1   2 2   3 3
157 203 4   0 0   1 1   2 2   3 3
158 160 4   0 0   1 1   2 2   3 3
158 192 4   0 0   1 1   2 2   3 3
158 218 4   0 0   1 1   2 2   3 3
158 237 4   0 0   1 1   2 2   3 3
159 163 4   0 0   1 1   2 2   3 3
159 207 4   0 0   1 1   2 2   3 3
160 183 4   0 0   1 1   2 2   3 3
160 218 4   0 0   1 1   2 2   3 3
160 237 4   0 0   1 1   2 2   3 3
161 196 4   0 0   1 1   2 2   3 3
161 184 4   0 0   1 1   2 2   3 3
162 195 4   0 0   1 1   2 2   3 3
162 211 4   0 0   1 1   2 2   3 3
163 207 4   0 0   1 1   2 2   3 3
164 228 4   0 0   1 1   2 2   3 3
164 167 4   0 0   1 1   2 2   3 3
164 187 4   0 0   1 1   2 2   3 3
165 220 4   0 0   1 1   2 2   3 3
166 208 4   0 0   1 1   2 2   3 3
166 210 4   0 0   1 1   2 2   3 3
166 205 4   0 0   1 1   2 2   3 3
167 228 4   0 0   1 1   2 2   3 3
167 255 4   0 0   1 1   2 2   3 3
168 187 4   0 0   1 1   2 2   3 3
168 206 4   0 0   1 1   2 2   3 3
168 191 4   0 0   1 1   2 2   3 3
169 245 4   0 0   1 1   2 2   3 3
170 209 4   0 0   1 1   2 2   3 3
170 201 4   0 0   1 1   2 2   3 3
170 189 4   0 0   1 1   2 2   3 3
171 242 4   0 0   1 1   2 2   3 3
172 244 4   0 0   1 1   2 2   3 3
172 247 4   0 0   1 1   2 2   3 3
172 233 4   0 0   1 1   2 2   3 3
173 196 4   0 0   1 1   2 2   3 3
173 221 4   0 0   1 1   2 2   3 3
175 227 4   0 0   1 1   2 2   3 3
175 183 4   0 0   1 1   2 2   3 3
176 225 4   0 0   1 1   2 2   3 3
178 258 4   0 0   1 1   2 2   3 3
179 254 4   0 0   1 1   2 2   3 3
180 256 4   0 0   1 1   2 2   3 3
180 213 4   0 0   1 1   2 2   3 3
180 199 4   0 0   1 1   2 2   3 3
182 222 4   0 0   1 1   2 2   3 3
183 237 4   0 0   1 1   2 2   3 3
184 196 4   0 0   1 1   2 2   3 3
184 221 4   0 0   1 1   2 2   3 3
184 239 4   0 0   1 1   2 2   3 3
185 222 4   0 0   1 1   2 2   3 3
186 188 4   0 0   1 1   2 2   3 3
187 206 4   0 0   1 1   2 2   3 3
189 209 4   0 0   1 1   2 2   3 3
189 242 4   0 0   1 1   2 2   3 3
189 216 4   0 0   1 1   2 2   3 3
189 201 4   0 0   1 1   2 2   3 3
191 229 4   0 0   1 1   2 2   3 3
191 231 4   0 0   1 1   2 2   3 3
191 252 4   0 0   1 1   2 2   3 3
191 206 4   0 0   1 1   2 2   3 3
191 238 4   0 0   1 1   2 2   3 3
192 218 4   0 0   1 1   2 2   3 3
193 208 4   0 0   1 1   2 2   3 3
193 210 4   0 0   1 1   2 2   3 3
194 199 4   0 0   1 1   2 2   3 3
195 211 4   0 0   1 1   2 2   3 3
195 248 4   0 0   1 1   2 2   3 3
195 219 4   0 0   1 1   2 2   3 3
195 251 4   0 0   1 1   2 2   3 3
195 206 4   0 0   1 1   2 2   3 3
196 221 4   0 0   1 1   2 2   3 3
197 236 4   0 0   1 1   2 2   3 3
199 234 4   0 0   1 1   2 2   3 3
200 208 4   0 0   1 1   2 2   3 3
200 205 4   0 0   1 1   2 2   3 3
201 242 4   0 0   1 1   2 2   3 3
201 214 4   0 0   1 1   2 2   3 3
202 243 4   0 0   1 1   2 2   3 3
202 232 4   0 0   1 1   2 2   3 3
203 211 4   0 0   1 1   2 2   3 3
204 256 4   0 0   1 1   2 2   3 3
204 234 4   0 0   1 1   2 2   3 3
204 235 4   0 0   1 1   2 2   3 3
205 208 4   0 0   1 1   2 2   3 3
206 248 4   0 0   1 1   2 2   3 3
206 219 4   0 0   1 1   2 2   3 3
207 236 4   0 0   1 1   2 2   3 3
208 210 4   0 0   1 1   2 2   3 3
209 216 4   0 0   1 1   2 2   3 3
211 248 4   0 0   1 1   2 2   3 3
212 224 4   0 0   1 1   2 2   3 3
213 256 4   0 0   1 1   2 2   3 3
213 234 4   0 0   1 1   2 2   3 3
214 257 4   0 0   1 1   2 2   3 3
214 242 4   0 0   1 1   2 2   3 3
215 230 4   0 0   1 1   2 2   3 3
216 242 4   0 0   1 1   2 2   3 3
217 247 4   0 0   1 1   2 2   3 3
218 257 4   0 0   1 1   2 2   3 3
223 241 4   0 0   1 1   2 2   3 3
223 253 4   0 0   1 1   2 2   3 3
224 243 4   0 0   1 1   2 2   3 3
224 232 4   0 0   1 1   2 2   3 3
225 241 4   0 0   1 1   2 2   3 3
226 259 4   0 0   1 1   2 2   3 3
226 227 4   0 0   1 1   2 2   3 3
227 251 4   0 0   1 1   2 2   3 3
229 231 4   0 0   1 1   2 2   3 3
230 231 4   0 0   1 1   2 2   3 3
230 238 4   0 0   1 1   2 2   3 3
231 238 4   0 0   1 1   2 2   3 3
232 243 4   0 0   1 1   2 2   3 3
233 244 4   0 0   1 1   2 2   3 3
234 256 4   0 0   1 1   2 2   3 3
235 241 4   0 0   1 1   2 2   3 3
238 252 4   0 0   1 1   2 2   3 3
240 252 4   0 0   1 1   2 2   3 3
246 250 4   0 0   1 1   2 2   3 3
