269
1 4 0 1 2 3
2 4 0 1 2 3
3 4 0 1 2 3
4 4 0 1 2 3
5 4 0 1 2 3
6 4 0 1 2 3
7 4 0 1 2 3
8 4 0 1 2 3
9 4 0 1 2 3
10 4 0 1 2 3
11 4 0 1 2 3
12 4 0 1 2 3
13 4 0 1 2 3
14 4 0 1 2 3
15 4 0 1 2 3
16 4 0 1 2 3
17 4 0 1 2 3
18 4 0 1 2 3
19 4 0 1 2 3
20 4 0 1 2 3
21 4 0 1 2 3
22 4 0 1 2 3
23 4 0 1 2 3
24 4 0 1 2 3
25 4 0 1 2 3
26 4 0 1 2 3
27 4 0 1 2 3
28 4 0 1 2 3
29 4 0 1 2 3
30 4 0 1 2 3
31 4 0 1 2 3
32 4 0 1 2 3
33 4 0 1 2 3
34 4 0 1 2 3
35 4 0 1 2 3
36 4 0 1 2 3
37 4 0 1 2 3
38 4 0 1 2 3
39 4 0 1 2 3
40 4 0 1 2 3
41 4 0 1 2 3
42 4 0 1 2 3
43 4 0 1 2 3
44 4 0 1 2 3
45 4 0 1 2 3
46 4 0 1 2 3
47 4 0 1 2 3
48 4 0 1 2 3
49 4 0 1 2 3
50 4 0 1 2 3
51 4 0 1 2 3
52 4 0 1 2 3
53 4 0 1 2 3
54 4 0 1 2 3
55 4 0 1 2 3
56 4 0 1 2 3
57 4 0 1 2 3
58 4 0 1 2 3
59 4 0 1 2 3
60 4 0 1 2 3
61 4 0 1 2 3
62 4 0 1 2 3
63 4 0 1 2 3
64 4 0 1 2 3
65 4 0 1 2 3
66 4 0 1 2 3
67 4 0 1 2 3
68 4 0 1 2 3
69 4 0 1 2 3
70 4 0 1 2 3
71 4 0 1 2 3
72 4 0 1 2 3
73 4 0 1 2 3
74 4 0 1 2 3
75 4 0 1 2 3
76 4 0 1 2 3
77 4 0 1 2 3
78 4 0 1 2 3
79 4 0 1 2 3
80 4 0 1 2 3
81 4 0 1 2 3
82 4 0 1 2 3
83 4 0 1 2 3
84 4 0 1 2 3
85 4 0 1 2 3
86 4 0 1 2 3
87 4 0 1 2 3
88 4 0 1 2 3
89 4 0 1 2 3
90 4 0 1 2 3
91 4 0 1 2 3
92 4 0 1 2 3
93 4 0 1 2 3
94 4 0 1 2 3
95 4 0 1 2 3
96 4 0 1 2 3
97 4 0 1 2 3
98 4 0 1 2 3
99 4 0 1 2 3
100 4 0 1 2 3
101 4 0 1 2 3
102 4 0 1 2 3
103 4 0 1 2 3
104 4 0 1 2 3
105 4 0 1 2 3
106 4 0 1 2 3
107 4 0 1 2 3
108 4 0 1 2 3
109 4 0 1 2 3
110 4 0 1 2 3
111 4 0 1 2 3
112 4 0 1 2 3
113 4 0 1 2 3
114 4 0 1 2 3
115 4 0 1 2 3
116 4 0 1 2 3
117 4 0 1 2 3
118 4 0 1 2 3
119 4 0 1 2 3
120 4 0 1 2 3
121 4 0 1 2 3
122 4 0 1 2 3
123 4 0 1 2 3
124 4 0 1 2 3
125 4 0 1 2 3
126 4 0 1 2 3
127 4 0 1 2 3
128 4 0 1 2 3
129 4 0 1 2 3
130 4 0 1 2 3
131 4 0 1 2 3
132 4 0 1 2 3
133 4 0 1 2 3
134 4 0 1 2 3
135 4 0 1 2 3
136 4 0 1 2 3
137 4 0 1 2 3
138 4 0 1 2 3
139 4 0 1 2 3
140 4 0 1 2 3
141 4 0 1 2 3
142 4 0 1 2 3
143 4 0 1 2 3
144 4 0 1 2 3
145 4 0 1 2 3
146 4 0 1 2 3
147 4 0 1 2 3
148 4 0 1 2 3
149 4 0 1 2 3
150 4 0 1 2 3
151 4 0 1 2 3
152 4 0 1 2 3
153 4 0 1 2 3
154 4 0 1 2 3
155 4 0 1 2 3
156 4 0 1 2 3
157 4 0 1 2 3
158 4 0 1 2 3
159 4 0 1 2 3
160 4 0 1 2 3
161 4 0 1 2 3
162 4 0 1 2 3
163 4 0 1 2 3
164 4 0 1 2 3
165 4 0 1 2 3
166 4 0 1 2 3
167 4 0 1 2 3
168 4 0 1 2 3
169 4 0 1 2 3
170 4 0 1 2 3
171 4 0 1 2 3
172 4 0 1 2 3
173 4 0 1 2 3
174 4 0 1 2 3
175 4 0 1 2 3
176 4 0 1 2 3
177 4 0 1 2 3
178 4 0 1 2 3
179 4 0 1 2 3
180 4 0 1 2 3
181 4 0 1 2 3
182 4 0 1 2 3
183 4 0 1 2 3
184 4 0 1 2 3
185 4 0 1 2 3
186 4 0 1 2 3
187 4 0 1 2 3
188 4 0 1 2 3
189 4 0 1 2 3
190 4 0 1 2 3
191 4 0 1 2 3
192 4 0 1 2 3
193 4 0 1 2 3
194 4 0 1 2 3
195 4 0 1 2 3
196 4 0 1 2 3
197 4 0 1 2 3
198 4 0 1 2 3
199 4 0 1 2 3
200 4 0 1 2 3
201 4 0 1 2 3
202 4 0 1 2 3
203 4 0 1 2 3
204 4 0 1 2 3
205 4 0 1 2 3
206 4 0 1 2 3
207 4 0 1 2 3
208 4 0 1 2 3
209 4 0 1 2 3
210 4 0 1 2 3
211 4 0 1 2 3
212 4 0 1 2 3
213 4 0 1 2 3
214 4 0 1 2 3
215 4 0 1 2 3
216 4 0 1 2 3
217 4 0 1 2 3
218 4 0 1 2 3
219 4 0 1 2 3
220 4 0 1 2 3
221 4 0 1 2 3
222 4 0 1 2 3
223 4 0 1 2 3
224 4 0 1 2 3
225 4 0 1 2 3
226 4 0 1 2 3
227 4 0 1 2 3
228 4 0 1 2 3
229 4 0 1 2 3
230 4 0 1 2 3
231 4 0 1 2 3
232 4 0 1 2 3
233 4 0 1 2 3
234 4 0 1 2 3
235 4 0 1 2 3
236 4 0 1 2 3
237 4 0 1 2 3
238 4 0 1 2 3
239 4 0 1 2 3
240 4 0 1 2 3
241 4 0 1 2 3
242 4 0 1 2 3
243 4 0 1 2 3
244 4 0 1 2 3
245 4 0 1 2 3
246 4 0 1 2 3
247 4 0 1 2 3
248 4 0 1 2 3
249 4 0 1 2 3
250 4 0 1 2 3
251 4 0 1 2 3
252 4 0 1 2 3
253 4 0 1 2 3
254 4 0 1 2 3
255 4 0 1 2 3
256 4 0 1 2 3
257 4 0 1 2 3
258 4 0 1 2 3
259 4 0 1 2 3
260 4 0 1 2 3
261 4 0 1 2 3
262 4 0 1 2 3
263 4 0 1 2 3
264 4 0 1 2 3
265 4 0 1 2 3
266 4 0 1 2 3
267 4 0 1 2 3
268 4 0 1 2 3
269 4 0 1 2 3
741
1 112 4   0 0   1 1   2 2   3 3
1 51 4   0 0   1 1   2 2   3 3
1 73 4   0 0   1 1   2 2   3 3
1 154 4   0 0   1 1   2 2   3 3
1 79 4   0 0   1 1   2 2   3 3
1 255 4   0 0   1 1   2 2   3 3
2 100 4   0 0   1 1   2 2   3 3
2 118 4   0 0   1 1   2 2   3 3
2 265 4   0 0   1 1   2 2   3 3
2 106 4   0 0   1 1   2 2   3 3
2 44 4   0 0   1 1   2 2   3 3
2 173 4   0 0   1 1   2 2   3 3
3 244 4   0 0   1 1   2 2   3 3
3 70 4   0 0   1 1   2 2   3 3
3 248 4   0 0   1 1   2 2   3 3
3 168 4   0 0   1 1   2 2   3 3
3 137 4   0 0   1 1   2 2   3 3
3 268 4   0 0   1 1   2 2   3 3
4 32 4   0 0   1 1   2 2   3 3
4 50 4   0 0   1 1   2 2   3 3
4 26 4   0 0   1 1   2 2   3 3
4 60 4   0 0   1 1   2 2   3 3
5 164 4   0 0   1 1   2 2   3 3
5 53 4   0 0   1 1   2 2   3 3
5 261 4   0 0   1 1   2 2   3 3
5 22 4   0 0   1 1   2 2   3 3
5 104 4   0 0   1 1   2 2   3 3
5 31 4   0 0   1 1   2 2   3 3
6 192 4   0 0   1 1   2 2   3 3
6 33 4   0 0   1 1   2 2   3 3
6 121 4   0 0   1 1   2 2   3 3
6 9 4   0 0   1 1   2 2   3 3
7 99 4   0 0   1 1   2 2   3 3
7 232 4   0 0   1 1   2 2   3 3
7 75 4   0 0   1 1   2 2   3 3
7 267 4   0 0   1 1   2 2   3 3
8 160 4   0 0   1 1   2 2   3 3
8 240 4   0 0   1 1   2 2   3 3
8 65 4   0 0   1 1   2 2   3 3
8 37 4   0 0   1 1   2 2   3 3
8 58 4   0 0   1 1   2 2   3 3
9 33 4   0 0   1 1   2 2   3 3
9 117 4   0 0   1 1   2 2   3 3
9 54 4   0 0   1 1   2 2   3 3
9 121 4   0 0   1 1   2 2   3 3
10 19 4   0 0   1 1   2 2   3 3
10 245 4   0 0   1 1   2 2   3 3
10 122 4   0 0   1 1   2 2   3 3
10 188 4   0 0   1 1   2 2   3 3
10 206 4   0 0   1 1   2 2   3 3
11 225 4   0 0   1 1   2 2   3 3
11 226 4   0 0   1 1   2 2   3 3
11 18 4   0 0   1 1   2 2   3 3
11 179 4   0 0   1 1   2 2   3 3
11 149 4   0 0   1 1   2 2   3 3
11 88 4   0 0   1 1   2 2   3 3
12 260 4   0 0   1 1   2 2   3 3
12 36 4   0 0   1 1   2 2   3 3
12 74 4   0 0   1 1   2 2   3 3
12 61 4   0 0   1 1   2 2   3 3
13 113 4   0 0   1 1   2 2   3 3
13 147 4   0 0   1 1   2 2   3 3
13 164 4   0 0   1 1   2 2   3 3
13 54 4   0 0   1 1   2 2   3 3
13 218 4   0 0   1 1   2 2   3 3
13 205 4   0 0   1 1   2 2   3 3
13 126 4   0 0   1 1   2 2   3 3
13 31 4   0 0   1 1   2 2   3 3
14 194 4   0 0   1 1   2 2   3 3
14 259 4   0 0   1 1   2 2   3 3
14 84 4   0 0   1 1   2 2   3 3
14 201 4   0 0   1 1   2 2   3 3
15 176 4   0 0   1 1   2 2   3 3
15 213 4   0 0   1 1   2 2   3 3
15 166 4   0 0   1 1   2 2   3 3
15 198 4   0 0   1 1   2 2   3 3
15 136 4   0 0   1 1   2 2   3 3
15 43 4   0 0   1 1   2 2   3 3
15 139 4   0 0   1 1   2 2   3 3
16 122 4   0 0   1 1   2 2   3 3
16 188 4   0 0   1 1   2 2   3 3
16 205 4   0 0   1 1   2 2   3 3
16 126 4   0 0   1 1   2 2   3 3
16 207 4   0 0   1 1   2 2   3 3
17 240 4   0 0   1 1   2 2   3 3
17 49 4   0 0   1 1   2 2   3 3
17 82 4   0 0   1 1   2 2   3 3
17 170 4   0 0   1 1   2 2   3 3
17 238 4   0 0   1 1   2 2   3 3
18 225 4   0 0   1 1   2 2   3 3
18 179 4   0 0   1 1   2 2   3 3
18 163 4   0 0   1 1   2 2   3 3
18 24 4   0 0   1 1   2 2   3 3
19 64 4   0 0   1 1   2 2   3 3
19 245 4   0 0   1 1   2 2   3 3
19 182 4   0 0   1 1   2 2   3 3
19 262 4   0 0   1 1   2 2   3 3
19 246 4   0 0   1 1   2 2   3 3
19 122 4   0 0   1 1   2 2   3 3
19 140 4   0 0   1 1   2 2   3 3
19 190 4   0 0   1 1   2 2   3 3
20 85 4   0 0   1 1   2 2   3 3
20 167 4   0 0   1 1   2 2   3 3
20 217 4   0 0   1 1   2 2   3 3
20 125 4   0 0   1 1   2 2   3 3
20 223 4   0 0   1 1   2 2   3 3
21 48 4   0 0   1 1   2 2   3 3
21 243 4   0 0   1 1   2 2   3 3
21 151 4   0 0   1 1   2 2   3 3
21 220 4   0 0   1 1   2 2   3 3
21 269 4   0 0   1 1   2 2   3 3
21 62 4   0 0   1 1   2 2   3 3
22 117 4   0 0   1 1   2 2   3 3
22 104 4   0 0   1 1   2 2   3 3
22 31 4   0 0   1 1   2 2   3 3
23 114 4   0 0   1 1   2 2   3 3
23 215 4   0 0   1 1   2 2   3 3
23 89 4   0 0   1 1   2 2   3 3
23 221 4   0 0   1 1   2 2   3 3
24 225 4   0 0   1 1   2 2   3 3
24 163 4   0 0   1 1   2 2   3 3
24 203 4   0 0   1 1   2 2   3 3
24 124 4   0 0   1 1   2 2   3 3
25 258 4   0 0   1 1   2 2   3 3
25 229 4   0 0   1 1   2 2   3 3
25 38 4   0 0   1 1   2 2   3 3
25 198 4   0 0   1 1   2 2   3 3
25 166 4   0 0   1 1   2 2   3 3
25 216 4   0 0   1 1   2 2   3 3
25 234 4   0 0   1 1   2 2   3 3
25 59 4   0 0   1 1   2 2   3 3
25 43 4   0 0   1 1   2 2   3 3
25 143 4   0 0   1 1   2 2   3 3
26 32 4   0 0   1 1   2 2   3 3
26 209 4   0 0   1 1   2 2   3 3
26 152 4   0 0   1 1   2 2   3 3
26 60 4   0 0   1 1   2 2   3 3
26 61 4   0 0   1 1   2 2   3 3
27 128 4   0 0   1 1   2 2   3 3
27 81 4   0 0   1 1   2 2   3 3
27 145 4   0 0   1 1   2 2   3 3
27 214 4   0 0   1 1   2 2   3 3
27 156 4   0 0   1 1   2 2   3 3
27 269 4   0 0   1 1   2 2   3 3
27 62 4   0 0   1 1   2 2   3 3
28 200 4   0 0   1 1   2 2   3 3
28 248 4   0 0   1 1   2 2   3 3
28 105 4   0 0   1 1   2 2   3 3
28 137 4   0 0   1 1   2 2   3 3
28 141 4   0 0   1 1   2 2   3 3
28 142 4   0 0   1 1   2 2   3 3
29 129 4   0 0   1 1   2 2   3 3
29 242 4   0 0   1 1   2 2   3 3
29 119 4   0 0   1 1   2 2   3 3
29 203 4   0 0   1 1   2 2   3 3
29 124 4   0 0   1 1   2 2   3 3
29 157 4   0 0   1 1   2 2   3 3
29 45 4   0 0   1 1   2 2   3 3
30 146 4   0 0   1 1   2 2   3 3
30 211 4   0 0   1 1   2 2   3 3
30 214 4   0 0   1 1   2 2   3 3
30 156 4   0 0   1 1   2 2   3 3
30 252 4   0 0   1 1   2 2   3 3
30 173 4   0 0   1 1   2 2   3 3
31 164 4   0 0   1 1   2 2   3 3
31 117 4   0 0   1 1   2 2   3 3
31 54 4   0 0   1 1   2 2   3 3
32 50 4   0 0   1 1   2 2   3 3
32 103 4   0 0   1 1   2 2   3 3
32 61 4   0 0   1 1   2 2   3 3
32 109 4   0 0   1 1   2 2   3 3
33 192 4   0 0   1 1   2 2   3 3
33 147 4   0 0   1 1   2 2   3 3
33 54 4   0 0   1 1   2 2   3 3
33 233 4   0 0   1 1   2 2   3 3
34 133 4   0 0   1 1   2 2   3 3
34 183 4   0 0   1 1   2 2   3 3
34 40 4   0 0   1 1   2 2   3 3
34 232 4   0 0   1 1   2 2   3 3
34 73 4   0 0   1 1   2 2   3 3
34 79 4   0 0   1 1   2 2   3 3
35 201 4   0 0   1 1   2 2   3 3
35 76 4   0 0   1 1   2 2   3 3
36 260 4   0 0   1 1   2 2   3 3
36 123 4   0 0   1 1   2 2   3 3
36 61 4   0 0   1 1   2 2   3 3
36 109 4   0 0   1 1   2 2   3 3
36 111 4   0 0   1 1   2 2   3 3
37 240 4   0 0   1 1   2 2   3 3
37 65 4   0 0   1 1   2 2   3 3
37 238 4   0 0   1 1   2 2   3 3
38 161 4   0 0   1 1   2 2   3 3
38 193 4   0 0   1 1   2 2   3 3
38 55 4   0 0   1 1   2 2   3 3
38 251 4   0 0   1 1   2 2   3 3
38 59 4   0 0   1 1   2 2   3 3
39 171 4   0 0   1 1   2 2   3 3
39 107 4   0 0   1 1   2 2   3 3
40 112 4   0 0   1 1   2 2   3 3
40 183 4   0 0   1 1   2 2   3 3
40 92 4   0 0   1 1   2 2   3 3
40 237 4   0 0   1 1   2 2   3 3
40 79 4   0 0   1 1   2 2   3 3
41 242 4   0 0   1 1   2 2   3 3
41 211 4   0 0   1 1   2 2   3 3
41 100 4   0 0   1 1   2 2   3 3
41 214 4   0 0   1 1   2 2   3 3
41 265 4   0 0   1 1   2 2   3 3
41 155 4   0 0   1 1   2 2   3 3
41 62 4   0 0   1 1   2 2   3 3
42 162 4   0 0   1 1   2 2   3 3
42 130 4   0 0   1 1   2 2   3 3
42 51 4   0 0   1 1   2 2   3 3
42 184 4   0 0   1 1   2 2   3 3
42 77 4   0 0   1 1   2 2   3 3
42 255 4   0 0   1 1   2 2   3 3
43 198 4   0 0   1 1   2 2   3 3
43 166 4   0 0   1 1   2 2   3 3
44 118 4   0 0   1 1   2 2   3 3
44 134 4   0 0   1 1   2 2   3 3
44 106 4   0 0   1 1   2 2   3 3
44 45 4   0 0   1 1   2 2   3 3
45 118 4   0 0   1 1   2 2   3 3
45 119 4   0 0   1 1   2 2   3 3
46 112 4   0 0   1 1   2 2   3 3
46 49 4   0 0   1 1   2 2   3 3
46 82 4   0 0   1 1   2 2   3 3
46 263 4   0 0   1 1   2 2   3 3
46 154 4   0 0   1 1   2 2   3 3
46 235 4   0 0   1 1   2 2   3 3
47 148 4   0 0   1 1   2 2   3 3
47 203 4   0 0   1 1   2 2   3 3
47 155 4   0 0   1 1   2 2   3 3
47 157 4   0 0   1 1   2 2   3 3
48 148 4   0 0   1 1   2 2   3 3
48 151 4   0 0   1 1   2 2   3 3
48 186 4   0 0   1 1   2 2   3 3
48 172 4   0 0   1 1   2 2   3 3
48 62 4   0 0   1 1   2 2   3 3
49 82 4   0 0   1 1   2 2   3 3
49 170 4   0 0   1 1   2 2   3 3
49 154 4   0 0   1 1   2 2   3 3
50 81 4   0 0   1 1   2 2   3 3
50 145 4   0 0   1 1   2 2   3 3
50 103 4   0 0   1 1   2 2   3 3
50 91 4   0 0   1 1   2 2   3 3
50 60 4   0 0   1 1   2 2   3 3
50 236 4   0 0   1 1   2 2   3 3
51 130 4   0 0   1 1   2 2   3 3
51 260 4   0 0   1 1   2 2   3 3
51 185 4   0 0   1 1   2 2   3 3
51 154 4   0 0   1 1   2 2   3 3
51 123 4   0 0   1 1   2 2   3 3
51 255 4   0 0   1 1   2 2   3 3
52 71 4   0 0   1 1   2 2   3 3
52 169 4   0 0   1 1   2 2   3 3
52 250 4   0 0   1 1   2 2   3 3
52 251 4   0 0   1 1   2 2   3 3
52 239 4   0 0   1 1   2 2   3 3
53 210 4   0 0   1 1   2 2   3 3
53 164 4   0 0   1 1   2 2   3 3
53 261 4   0 0   1 1   2 2   3 3
54 147 4   0 0   1 1   2 2   3 3
54 117 4   0 0   1 1   2 2   3 3
55 161 4   0 0   1 1   2 2   3 3
55 71 4   0 0   1 1   2 2   3 3
55 216 4   0 0   1 1   2 2   3 3
55 250 4   0 0   1 1   2 2   3 3
55 251 4   0 0   1 1   2 2   3 3
56 160 4   0 0   1 1   2 2   3 3
56 86 4   0 0   1 1   2 2   3 3
56 200 4   0 0   1 1   2 2   3 3
56 58 4   0 0   1 1   2 2   3 3
56 142 4   0 0   1 1   2 2   3 3
57 212 4   0 0   1 1   2 2   3 3
57 168 4   0 0   1 1   2 2   3 3
57 187 4   0 0   1 1   2 2   3 3
57 222 4   0 0   1 1   2 2   3 3
57 191 4   0 0   1 1   2 2   3 3
58 160 4   0 0   1 1   2 2   3 3
58 65 4   0 0   1 1   2 2   3 3
58 86 4   0 0   1 1   2 2   3 3
58 110 4   0 0   1 1   2 2   3 3
59 193 4   0 0   1 1   2 2   3 3
59 69 4   0 0   1 1   2 2   3 3
59 166 4   0 0   1 1   2 2   3 3
60 81 4   0 0   1 1   2 2   3 3
60 152 4   0 0   1 1   2 2   3 3
61 209 4   0 0   1 1   2 2   3 3
61 74 4   0 0   1 1   2 2   3 3
61 109 4   0 0   1 1   2 2   3 3
62 214 4   0 0   1 1   2 2   3 3
62 186 4   0 0   1 1   2 2   3 3
62 155 4   0 0   1 1   2 2   3 3
62 269 4   0 0   1 1   2 2   3 3
63 195 4   0 0   1 1   2 2   3 3
63 179 4   0 0   1 1   2 2   3 3
63 163 4   0 0   1 1   2 2   3 3
64 245 4   0 0   1 1   2 2   3 3
64 246 4   0 0   1 1   2 2   3 3
65 199 4   0 0   1 1   2 2   3 3
65 110 4   0 0   1 1   2 2   3 3
65 78 4   0 0   1 1   2 2   3 3
65 238 4   0 0   1 1   2 2   3 3
66 67 4   0 0   1 1   2 2   3 3
66 180 4   0 0   1 1   2 2   3 3
66 183 4   0 0   1 1   2 2   3 3
66 232 4   0 0   1 1   2 2   3 3
66 75 4   0 0   1 1   2 2   3 3
67 180 4   0 0   1 1   2 2   3 3
67 261 4   0 0   1 1   2 2   3 3
67 183 4   0 0   1 1   2 2   3 3
67 92 4   0 0   1 1   2 2   3 3
68 245 4   0 0   1 1   2 2   3 3
68 150 4   0 0   1 1   2 2   3 3
68 230 4   0 0   1 1   2 2   3 3
68 206 4   0 0   1 1   2 2   3 3
68 78 4   0 0   1 1   2 2   3 3
69 193 4   0 0   1 1   2 2   3 3
69 213 4   0 0   1 1   2 2   3 3
69 102 4   0 0   1 1   2 2   3 3
69 166 4   0 0   1 1   2 2   3 3
70 225 4   0 0   1 1   2 2   3 3
70 83 4   0 0   1 1   2 2   3 3
70 149 4   0 0   1 1   2 2   3 3
70 137 4   0 0   1 1   2 2   3 3
70 268 4   0 0   1 1   2 2   3 3
70 141 4   0 0   1 1   2 2   3 3
71 250 4   0 0   1 1   2 2   3 3
71 251 4   0 0   1 1   2 2   3 3
72 196 4   0 0   1 1   2 2   3 3
72 87 4   0 0   1 1   2 2   3 3
72 219 4   0 0   1 1   2 2   3 3
72 188 4   0 0   1 1   2 2   3 3
72 206 4   0 0   1 1   2 2   3 3
72 127 4   0 0   1 1   2 2   3 3
73 133 4   0 0   1 1   2 2   3 3
73 79 4   0 0   1 1   2 2   3 3
73 255 4   0 0   1 1   2 2   3 3
74 209 4   0 0   1 1   2 2   3 3
74 131 4   0 0   1 1   2 2   3 3
74 260 4   0 0   1 1   2 2   3 3
74 152 4   0 0   1 1   2 2   3 3
75 99 4   0 0   1 1   2 2   3 3
75 232 4   0 0   1 1   2 2   3 3
76 259 4   0 0   1 1   2 2   3 3
76 201 4   0 0   1 1   2 2   3 3
77 177 4   0 0   1 1   2 2   3 3
77 130 4   0 0   1 1   2 2   3 3
77 194 4   0 0   1 1   2 2   3 3
77 184 4   0 0   1 1   2 2   3 3
77 120 4   0 0   1 1   2 2   3 3
77 171 4   0 0   1 1   2 2   3 3
78 230 4   0 0   1 1   2 2   3 3
78 199 4   0 0   1 1   2 2   3 3
78 206 4   0 0   1 1   2 2   3 3
78 110 4   0 0   1 1   2 2   3 3
78 127 4   0 0   1 1   2 2   3 3
79 112 4   0 0   1 1   2 2   3 3
80 96 4   0 0   1 1   2 2   3 3
80 97 4   0 0   1 1   2 2   3 3
80 98 4   0 0   1 1   2 2   3 3
80 93 4   0 0   1 1   2 2   3 3
81 128 4   0 0   1 1   2 2   3 3
81 145 4   0 0   1 1   2 2   3 3
81 152 4   0 0   1 1   2 2   3 3
82 199 4   0 0   1 1   2 2   3 3
82 235 4   0 0   1 1   2 2   3 3
82 238 4   0 0   1 1   2 2   3 3
83 225 4   0 0   1 1   2 2   3 3
83 151 4   0 0   1 1   2 2   3 3
83 172 4   0 0   1 1   2 2   3 3
83 268 4   0 0   1 1   2 2   3 3
84 194 4   0 0   1 1   2 2   3 3
84 184 4   0 0   1 1   2 2   3 3
84 153 4   0 0   1 1   2 2   3 3
85 132 4   0 0   1 1   2 2   3 3
85 167 4   0 0   1 1   2 2   3 3
85 223 4   0 0   1 1   2 2   3 3
86 178 4   0 0   1 1   2 2   3 3
86 150 4   0 0   1 1   2 2   3 3
86 200 4   0 0   1 1   2 2   3 3
86 202 4   0 0   1 1   2 2   3 3
86 110 4   0 0   1 1   2 2   3 3
87 219 4   0 0   1 1   2 2   3 3
87 235 4   0 0   1 1   2 2   3 3
87 253 4   0 0   1 1   2 2   3 3
87 127 4   0 0   1 1   2 2   3 3
88 176 4   0 0   1 1   2 2   3 3
88 226 4   0 0   1 1   2 2   3 3
88 149 4   0 0   1 1   2 2   3 3
88 204 4   0 0   1 1   2 2   3 3
88 141 4   0 0   1 1   2 2   3 3
88 254 4   0 0   1 1   2 2   3 3
89 114 4   0 0   1 1   2 2   3 3
89 262 4   0 0   1 1   2 2   3 3
89 215 4   0 0   1 1   2 2   3 3
89 140 4   0 0   1 1   2 2   3 3
90 128 4   0 0   1 1   2 2   3 3
90 212 4   0 0   1 1   2 2   3 3
90 152 4   0 0   1 1   2 2   3 3
90 220 4   0 0   1 1   2 2   3 3
90 222 4   0 0   1 1   2 2   3 3
91 145 4   0 0   1 1   2 2   3 3
91 146 4   0 0   1 1   2 2   3 3
92 257 4   0 0   1 1   2 2   3 3
92 261 4   0 0   1 1   2 2   3 3
92 183 4   0 0   1 1   2 2   3 3
92 237 4   0 0   1 1   2 2   3 3
93 96 4   0 0   1 1   2 2   3 3
93 97 4   0 0   1 1   2 2   3 3
93 113 4   0 0   1 1   2 2   3 3
93 182 4   0 0   1 1   2 2   3 3
93 190 4   0 0   1 1   2 2   3 3
94 210 4   0 0   1 1   2 2   3 3
94 164 4   0 0   1 1   2 2   3 3
94 228 4   0 0   1 1   2 2   3 3
94 218 4   0 0   1 1   2 2   3 3
95 178 4   0 0   1 1   2 2   3 3
95 245 4   0 0   1 1   2 2   3 3
95 150 4   0 0   1 1   2 2   3 3
95 231 4   0 0   1 1   2 2   3 3
96 113 4   0 0   1 1   2 2   3 3
96 147 4   0 0   1 1   2 2   3 3
96 233 4   0 0   1 1   2 2   3 3
97 98 4   0 0   1 1   2 2   3 3
97 197 4   0 0   1 1   2 2   3 3
97 262 4   0 0   1 1   2 2   3 3
97 190 4   0 0   1 1   2 2   3 3
98 197 4   0 0   1 1   2 2   3 3
98 215 4   0 0   1 1   2 2   3 3
99 153 4   0 0   1 1   2 2   3 3
99 267 4   0 0   1 1   2 2   3 3
100 242 4   0 0   1 1   2 2   3 3
100 118 4   0 0   1 1   2 2   3 3
100 265 4   0 0   1 1   2 2   3 3
101 257 4   0 0   1 1   2 2   3 3
101 210 4   0 0   1 1   2 2   3 3
101 228 4   0 0   1 1   2 2   3 3
101 261 4   0 0   1 1   2 2   3 3
101 264 4   0 0   1 1   2 2   3 3
102 195 4   0 0   1 1   2 2   3 3
102 116 4   0 0   1 1   2 2   3 3
102 213 4   0 0   1 1   2 2   3 3
103 236 4   0 0   1 1   2 2   3 3
103 109 4   0 0   1 1   2 2   3 3
103 111 4   0 0   1 1   2 2   3 3
104 180 4   0 0   1 1   2 2   3 3
104 261 4   0 0   1 1   2 2   3 3
105 200 4   0 0   1 1   2 2   3 3
105 139 4   0 0   1 1   2 2   3 3
105 204 4   0 0   1 1   2 2   3 3
105 141 4   0 0   1 1   2 2   3 3
106 134 4   0 0   1 1   2 2   3 3
106 247 4   0 0   1 1   2 2   3 3
106 252 4   0 0   1 1   2 2   3 3
106 173 4   0 0   1 1   2 2   3 3
107 120 4   0 0   1 1   2 2   3 3
107 123 4   0 0   1 1   2 2   3 3
107 171 4   0 0   1 1   2 2   3 3
107 174 4   0 0   1 1   2 2   3 3
107 111 4   0 0   1 1   2 2   3 3
108 256 4   0 0   1 1   2 2   3 3
108 181 4   0 0   1 1   2 2   3 3
108 167 4   0 0   1 1   2 2   3 3
108 231 4   0 0   1 1   2 2   3 3
108 135 4   0 0   1 1   2 2   3 3
108 217 4   0 0   1 1   2 2   3 3
109 111 4   0 0   1 1   2 2   3 3
110 230 4   0 0   1 1   2 2   3 3
110 150 4   0 0   1 1   2 2   3 3
111 123 4   0 0   1 1   2 2   3 3
111 174 4   0 0   1 1   2 2   3 3
112 263 4   0 0   1 1   2 2   3 3
112 154 4   0 0   1 1   2 2   3 3
112 237 4   0 0   1 1   2 2   3 3
113 147 4   0 0   1 1   2 2   3 3
113 182 4   0 0   1 1   2 2   3 3
113 122 4   0 0   1 1   2 2   3 3
113 205 4   0 0   1 1   2 2   3 3
114 256 4   0 0   1 1   2 2   3 3
114 140 4   0 0   1 1   2 2   3 3
114 221 4   0 0   1 1   2 2   3 3
115 227 4   0 0   1 1   2 2   3 3
115 189 4   0 0   1 1   2 2   3 3
115 125 4   0 0   1 1   2 2   3 3
115 175 4   0 0   1 1   2 2   3 3
115 223 4   0 0   1 1   2 2   3 3
116 195 4   0 0   1 1   2 2   3 3
116 213 4   0 0   1 1   2 2   3 3
116 138 4   0 0   1 1   2 2   3 3
116 254 4   0 0   1 1   2 2   3 3
118 242 4   0 0   1 1   2 2   3 3
118 119 4   0 0   1 1   2 2   3 3
119 242 4   0 0   1 1   2 2   3 3
120 130 4   0 0   1 1   2 2   3 3
120 123 4   0 0   1 1   2 2   3 3
120 171 4   0 0   1 1   2 2   3 3
121 192 4   0 0   1 1   2 2   3 3
122 182 4   0 0   1 1   2 2   3 3
122 188 4   0 0   1 1   2 2   3 3
122 205 4   0 0   1 1   2 2   3 3
123 130 4   0 0   1 1   2 2   3 3
123 260 4   0 0   1 1   2 2   3 3
124 129 4   0 0   1 1   2 2   3 3
124 163 4   0 0   1 1   2 2   3 3
124 203 4   0 0   1 1   2 2   3 3
125 258 4   0 0   1 1   2 2   3 3
125 227 4   0 0   1 1   2 2   3 3
125 229 4   0 0   1 1   2 2   3 3
125 217 4   0 0   1 1   2 2   3 3
125 223 4   0 0   1 1   2 2   3 3
126 196 4   0 0   1 1   2 2   3 3
126 218 4   0 0   1 1   2 2   3 3
126 219 4   0 0   1 1   2 2   3 3
126 205 4   0 0   1 1   2 2   3 3
126 207 4   0 0   1 1   2 2   3 3
127 199 4   0 0   1 1   2 2   3 3
127 235 4   0 0   1 1   2 2   3 3
127 206 4   0 0   1 1   2 2   3 3
128 152 4   0 0   1 1   2 2   3 3
128 220 4   0 0   1 1   2 2   3 3
128 269 4   0 0   1 1   2 2   3 3
129 163 4   0 0   1 1   2 2   3 3
131 260 4   0 0   1 1   2 2   3 3
131 152 4   0 0   1 1   2 2   3 3
131 249 4   0 0   1 1   2 2   3 3
131 187 4   0 0   1 1   2 2   3 3
131 222 4   0 0   1 1   2 2   3 3
132 167 4   0 0   1 1   2 2   3 3
132 189 4   0 0   1 1   2 2   3 3
132 221 4   0 0   1 1   2 2   3 3
132 223 4   0 0   1 1   2 2   3 3
133 162 4   0 0   1 1   2 2   3 3
133 232 4   0 0   1 1   2 2   3 3
133 255 4   0 0   1 1   2 2   3 3
134 247 4   0 0   1 1   2 2   3 3
135 256 4   0 0   1 1   2 2   3 3
135 181 4   0 0   1 1   2 2   3 3
135 246 4   0 0   1 1   2 2   3 3
135 140 4   0 0   1 1   2 2   3 3
136 198 4   0 0   1 1   2 2   3 3
136 200 4   0 0   1 1   2 2   3 3
136 202 4   0 0   1 1   2 2   3 3
136 139 4   0 0   1 1   2 2   3 3
137 248 4   0 0   1 1   2 2   3 3
137 141 4   0 0   1 1   2 2   3 3
138 226 4   0 0   1 1   2 2   3 3
138 195 4   0 0   1 1   2 2   3 3
138 254 4   0 0   1 1   2 2   3 3
139 176 4   0 0   1 1   2 2   3 3
139 200 4   0 0   1 1   2 2   3 3
139 204 4   0 0   1 1   2 2   3 3
140 256 4   0 0   1 1   2 2   3 3
140 262 4   0 0   1 1   2 2   3 3
140 246 4   0 0   1 1   2 2   3 3
141 149 4   0 0   1 1   2 2   3 3
141 204 4   0 0   1 1   2 2   3 3
142 160 4   0 0   1 1   2 2   3 3
142 200 4   0 0   1 1   2 2   3 3
142 248 4   0 0   1 1   2 2   3 3
143 208 4   0 0   1 1   2 2   3 3
143 229 4   0 0   1 1   2 2   3 3
143 231 4   0 0   1 1   2 2   3 3
143 217 4   0 0   1 1   2 2   3 3
143 234 4   0 0   1 1   2 2   3 3
144 257 4   0 0   1 1   2 2   3 3
144 263 4   0 0   1 1   2 2   3 3
144 264 4   0 0   1 1   2 2   3 3
144 235 4   0 0   1 1   2 2   3 3
144 253 4   0 0   1 1   2 2   3 3
144 159 4   0 0   1 1   2 2   3 3
145 146 4   0 0   1 1   2 2   3 3
145 156 4   0 0   1 1   2 2   3 3
146 156 4   0 0   1 1   2 2   3 3
146 252 4   0 0   1 1   2 2   3 3
147 233 4   0 0   1 1   2 2   3 3
148 186 4   0 0   1 1   2 2   3 3
148 203 4   0 0   1 1   2 2   3 3
148 155 4   0 0   1 1   2 2   3 3
148 172 4   0 0   1 1   2 2   3 3
149 225 4   0 0   1 1   2 2   3 3
150 178 4   0 0   1 1   2 2   3 3
150 245 4   0 0   1 1   2 2   3 3
150 230 4   0 0   1 1   2 2   3 3
151 243 4   0 0   1 1   2 2   3 3
151 168 4   0 0   1 1   2 2   3 3
151 268 4   0 0   1 1   2 2   3 3
151 172 4   0 0   1 1   2 2   3 3
152 209 4   0 0   1 1   2 2   3 3
152 222 4   0 0   1 1   2 2   3 3
153 162 4   0 0   1 1   2 2   3 3
153 184 4   0 0   1 1   2 2   3 3
153 267 4   0 0   1 1   2 2   3 3
154 185 4   0 0   1 1   2 2   3 3
154 170 4   0 0   1 1   2 2   3 3
155 242 4   0 0   1 1   2 2   3 3
155 186 4   0 0   1 1   2 2   3 3
155 157 4   0 0   1 1   2 2   3 3
156 214 4   0 0   1 1   2 2   3 3
157 242 4   0 0   1 1   2 2   3 3
157 203 4   0 0   1 1   2 2   3 3
158 192 4   0 0   1 1   2 2   3 3
158 233 4   0 0   1 1   2 2   3 3
159 228 4   0 0   1 1   2 2   3 3
159 264 4   0 0   1 1   2 2   3 3
159 219 4   0 0   1 1   2 2   3 3
159 253 4   0 0   1 1   2 2   3 3
160 240 4   0 0   1 1   2 2   3 3
160 244 4   0 0   1 1   2 2   3 3
160 248 4   0 0   1 1   2 2   3 3
161 251 4   0 0   1 1   2 2   3 3
162 232 4   0 0   1 1   2 2   3 3
162 184 4   0 0   1 1   2 2   3 3
162 267 4   0 0   1 1   2 2   3 3
162 255 4   0 0   1 1   2 2   3 3
163 179 4   0 0   1 1   2 2   3 3
164 210 4   0 0   1 1   2 2   3 3
164 218 4   0 0   1 1   2 2   3 3
165 241 4   0 0   1 1   2 2   3 3
165 216 4   0 0   1 1   2 2   3 3
165 250 4   0 0   1 1   2 2   3 3
165 266 4   0 0   1 1   2 2   3 3
166 213 4   0 0   1 1   2 2   3 3
167 256 4   0 0   1 1   2 2   3 3
167 217 4   0 0   1 1   2 2   3 3
167 221 4   0 0   1 1   2 2   3 3
168 243 4   0 0   1 1   2 2   3 3
168 244 4   0 0   1 1   2 2   3 3
168 212 4   0 0   1 1   2 2   3 3
168 268 4   0 0   1 1   2 2   3 3
168 191 4   0 0   1 1   2 2   3 3
169 250 4   0 0   1 1   2 2   3 3
169 239 4   0 0   1 1   2 2   3 3
170 240 4   0 0   1 1   2 2   3 3
170 224 4   0 0   1 1   2 2   3 3
170 260 4   0 0   1 1   2 2   3 3
170 185 4   0 0   1 1   2 2   3 3
171 177 4   0 0   1 1   2 2   3 3
171 259 4   0 0   1 1   2 2   3 3
172 225 4   0 0   1 1   2 2   3 3
172 203 4   0 0   1 1   2 2   3 3
173 211 4   0 0   1 1   2 2   3 3
173 265 4   0 0   1 1   2 2   3 3
173 252 4   0 0   1 1   2 2   3 3
175 227 4   0 0   1 1   2 2   3 3
175 266 4   0 0   1 1   2 2   3 3
175 189 4   0 0   1 1   2 2   3 3
176 213 4   0 0   1 1   2 2   3 3
176 204 4   0 0   1 1   2 2   3 3
176 254 4   0 0   1 1   2 2   3 3
177 194 4   0 0   1 1   2 2   3 3
177 259 4   0 0   1 1   2 2   3 3
178 208 4   0 0   1 1   2 2   3 3
178 198 4   0 0   1 1   2 2   3 3
178 231 4   0 0   1 1   2 2   3 3
178 234 4   0 0   1 1   2 2   3 3
178 202 4   0 0   1 1   2 2   3 3
179 226 4   0 0   1 1   2 2   3 3
179 195 4   0 0   1 1   2 2   3 3
180 261 4   0 0   1 1   2 2   3 3
181 246 4   0 0   1 1   2 2   3 3
181 231 4   0 0   1 1   2 2   3 3
182 190 4   0 0   1 1   2 2   3 3
183 232 4   0 0   1 1   2 2   3 3
184 194 4   0 0   1 1   2 2   3 3
185 260 4   0 0   1 1   2 2   3 3
187 240 4   0 0   1 1   2 2   3 3
187 224 4   0 0   1 1   2 2   3 3
187 249 4   0 0   1 1   2 2   3 3
187 222 4   0 0   1 1   2 2   3 3
187 191 4   0 0   1 1   2 2   3 3
188 196 4   0 0   1 1   2 2   3 3
188 207 4   0 0   1 1   2 2   3 3
189 223 4   0 0   1 1   2 2   3 3
190 262 4   0 0   1 1   2 2   3 3
191 240 4   0 0   1 1   2 2   3 3
191 244 4   0 0   1 1   2 2   3 3
192 233 4   0 0   1 1   2 2   3 3
194 259 4   0 0   1 1   2 2   3 3
195 226 4   0 0   1 1   2 2   3 3
196 219 4   0 0   1 1   2 2   3 3
196 207 4   0 0   1 1   2 2   3 3
197 262 4   0 0   1 1   2 2   3 3
197 215 4   0 0   1 1   2 2   3 3
198 234 4   0 0   1 1   2 2   3 3
198 202 4   0 0   1 1   2 2   3 3
199 235 4   0 0   1 1   2 2   3 3
199 238 4   0 0   1 1   2 2   3 3
200 202 4   0 0   1 1   2 2   3 3
201 259 4   0 0   1 1   2 2   3 3
203 225 4   0 0   1 1   2 2   3 3
206 245 4   0 0   1 1   2 2   3 3
208 231 4   0 0   1 1   2 2   3 3
208 234 4   0 0   1 1   2 2   3 3
210 228 4   0 0   1 1   2 2   3 3
210 261 4   0 0   1 1   2 2   3 3
211 214 4   0 0   1 1   2 2   3 3
211 265 4   0 0   1 1   2 2   3 3
212 243 4   0 0   1 1   2 2   3 3
212 220 4   0 0   1 1   2 2   3 3
212 222 4   0 0   1 1   2 2   3 3
213 254 4   0 0   1 1   2 2   3 3
215 262 4   0 0   1 1   2 2   3 3
215 221 4   0 0   1 1   2 2   3 3
216 241 4   0 0   1 1   2 2   3 3
216 258 4   0 0   1 1   2 2   3 3
216 227 4   0 0   1 1   2 2   3 3
216 250 4   0 0   1 1   2 2   3 3
216 266 4   0 0   1 1   2 2   3 3
217 231 4   0 0   1 1   2 2   3 3
218 219 4   0 0   1 1   2 2   3 3
219 228 4   0 0   1 1   2 2   3 3
219 253 4   0 0   1 1   2 2   3 3
220 243 4   0 0   1 1   2 2   3 3
220 269 4   0 0   1 1   2 2   3 3
221 256 4   0 0   1 1   2 2   3 3
224 260 4   0 0   1 1   2 2   3 3
224 249 4   0 0   1 1   2 2   3 3
226 254 4   0 0   1 1   2 2   3 3
227 258 4   0 0   1 1   2 2   3 3
227 266 4   0 0   1 1   2 2   3 3
228 264 4   0 0   1 1   2 2   3 3
229 258 4   0 0   1 1   2 2   3 3
231 245 4   0 0   1 1   2 2   3 3
231 246 4   0 0   1 1   2 2   3 3
232 267 4   0 0   1 1   2 2   3 3
235 263 4   0 0   1 1   2 2   3 3
235 253 4   0 0   1 1   2 2   3 3
237 257 4   0 0   1 1   2 2   3 3
237 263 4   0 0   1 1   2 2   3 3
239 251 4   0 0   1 1   2 2   3 3
240 244 4   0 0   1 1   2 2   3 3
241 250 4   0 0   1 1   2 2   3 3
244 248 4   0 0   1 1   2 2   3 3
245 246 4   0 0   1 1   2 2   3 3
247 252 4   0 0   1 1   2 2   3 3
249 260 4   0 0   1 1   2 2   3 3
257 261 4   0 0   1 1   2 2   3 3
257 263 4   0 0   1 1   2 2   3 3
257 264 4   0 0   1 1   2 2   3 3
