249
1 4 0 1 2 3
2 4 0 1 2 3
3 4 0 1 2 3
4 4 0 1 2 3
5 4 0 1 2 3
6 4 0 1 2 3
7 4 0 1 2 3
8 4 0 1 2 3
9 4 0 1 2 3
10 4 0 1 2 3
11 4 0 1 2 3
12 4 0 1 2 3
13 4 0 1 2 3
14 4 0 1 2 3
15 4 0 1 2 3
16 4 0 1 2 3
17 4 0 1 2 3
18 4 0 1 2 3
19 4 0 1 2 3
20 4 0 1 2 3
21 4 0 1 2 3
22 4 0 1 2 3
23 4 0 1 2 3
24 4 0 1 2 3
25 4 0 1 2 3
26 4 0 1 2 3
27 4 0 1 2 3
28 4 0 1 2 3
29 4 0 1 2 3
30 4 0 1 2 3
31 4 0 1 2 3
32 4 0 1 2 3
33 4 0 1 2 3
34 4 0 1 2 3
35 4 0 1 2 3
36 4 0 1 2 3
37 4 0 1 2 3
38 4 0 1 2 3
39 4 0 1 2 3
40 4 0 1 2 3
41 4 0 1 2 3
42 4 0 1 2 3
43 4 0 1 2 3
44 4 0 1 2 3
45 4 0 1 2 3
46 4 0 1 2 3
47 4 0 1 2 3
48 4 0 1 2 3
49 4 0 1 2 3
50 4 0 1 2 3
51 4 0 1 2 3
52 4 0 1 2 3
53 4 0 1 2 3
54 4 0 1 2 3
55 4 0 1 2 3
56 4 0 1 2 3
57 4 0 1 2 3
58 4 0 1 2 3
59 4 0 1 2 3
60 4 0 1 2 3
61 4 0 1 2 3
62 4 0 1 2 3
63 4 0 1 2 3
64 4 0 1 2 3
65 4 0 1 2 3
66 4 0 1 2 3
67 4 0 1 2 3
68 4 0 1 2 3
69 4 0 1 2 3
70 4 0 1 2 3
71 4 0 1 2 3
72 4 0 1 2 3
73 4 0 1 2 3
74 4 0 1 2 3
75 4 0 1 2 3
76 4 0 1 2 3
77 4 0 1 2 3
78 4 0 1 2 3
79 4 0 1 2 3
80 4 0 1 2 3
81 4 0 1 2 3
82 4 0 1 2 3
83 4 0 1 2 3
84 4 0 1 2 3
85 4 0 1 2 3
86 4 0 1 2 3
87 4 0 1 2 3
88 4 0 1 2 3
89 4 0 1 2 3
90 4 0 1 2 3
91 4 0 1 2 3
92 4 0 1 2 3
93 4 0 1 2 3
94 4 0 1 2 3
95 4 0 1 2 3
96 4 0 1 2 3
97 4 0 1 2 3
98 4 0 1 2 3
99 4 0 1 2 3
100 4 0 1 2 3
101 4 0 1 2 3
102 4 0 1 2 3
103 4 0 1 2 3
104 4 0 1 2 3
105 4 0 1 2 3
106 4 0 1 2 3
107 4 0 1 2 3
108 4 0 1 2 3
109 4 0 1 2 3
110 4 0 1 2 3
111 4 0 1 2 3
112 4 0 1 2 3
113 4 0 1 2 3
114 4 0 1 2 3
115 4 0 1 2 3
116 4 0 1 2 3
117 4 0 1 2 3
118 4 0 1 2 3
119 4 0 1 2 3
120 4 0 1 2 3
121 4 0 1 2 3
122 4 0 1 2 3
123 4 0 1 2 3
124 4 0 1 2 3
125 4 0 1 2 3
126 4 0 1 2 3
127 4 0 1 2 3
128 4 0 1 2 3
129 4 0 1 2 3
130 4 0 1 2 3
131 4 0 1 2 3
132 4 0 1 2 3
133 4 0 1 2 3
134 4 0 1 2 3
135 4 0 1 2 3
136 4 0 1 2 3
137 4 0 1 2 3
138 4 0 1 2 3
139 4 0 1 2 3
140 4 0 1 2 3
141 4 0 1 2 3
142 4 0 1 2 3
143 4 0 1 2 3
144 4 0 1 2 3
145 4 0 1 2 3
146 4 0 1 2 3
147 4 0 1 2 3
148 4 0 1 2 3
149 4 0 1 2 3
150 4 0 1 2 3
151 4 0 1 2 3
152 4 0 1 2 3
153 4 0 1 2 3
154 4 0 1 2 3
155 4 0 1 2 3
156 4 0 1 2 3
157 4 0 1 2 3
158 4 0 1 2 3
159 4 0 1 2 3
160 4 0 1 2 3
161 4 0 1 2 3
162 4 0 1 2 3
163 4 0 1 2 3
164 4 0 1 2 3
165 4 0 1 2 3
166 4 0 1 2 3
167 4 0 1 2 3
168 4 0 1 2 3
169 4 0 1 2 3
170 4 0 1 2 3
171 4 0 1 2 3
172 4 0 1 2 3
173 4 0 1 2 3
174 4 0 1 2 3
175 4 0 1 2 3
176 4 0 1 2 3
177 4 0 1 2 3
178 4 0 1 2 3
179 4 0 1 2 3
180 4 0 1 2 3
181 4 0 1 2 3
182 4 0 1 2 3
183 4 0 1 2 3
184 4 0 1 2 3
185 4 0 1 2 3
186 4 0 1 2 3
187 4 0 1 2 3
188 4 0 1 2 3
189 4 0 1 2 3
190 4 0 1 2 3
191 4 0 1 2 3
192 4 0 1 2 3
193 4 0 1 2 3
194 4 0 1 2 3
195 4 0 1 2 3
196 4 0 1 2 3
197 4 0 1 2 3
198 4 0 1 2 3
199 4 0 1 2 3
200 4 0 1 2 3
201 4 0 1 2 3
202 4 0 1 2 3
203 4 0 1 2 3
204 4 0 1 2 3
205 4 0 1 2 3
206 4 0 1 2 3
207 4 0 1 2 3
208 4 0 1 2 3
209 4 0 1 2 3
210 4 0 1 2 3
211 4 0 1 2 3
212 4 0 1 2 3
213 4 0 1 2 3
214 4 0 1 2 3
215 4 0 1 2 3
216 4 0 1 2 3
217 4 0 1 2 3
218 4 0 1 2 3
219 4 0 1 2 3
220 4 0 1 2 3
221 4 0 1 2 3
222 4 0 1 2 3
223 4 0 1 2 3
224 4 0 1 2 3
225 4 0 1 2 3
226 4 0 1 2 3
227 4 0 1 2 3
228 4 0 1 2 3
229 4 0 1 2 3
230 4 0 1 2 3
231 4 0 1 2 3
232 4 0 1 2 3
233 4 0 1 2 3
234 4 0 1 2 3
235 4 0 1 2 3
236 4 0 1 2 3
237 4 0 1 2 3
238 4 0 1 2 3
239 4 0 1 2 3
240 4 0 1 2 3
241 4 0 1 2 3
242 4 0 1 2 3
243 4 0 1 2 3
244 4 0 1 2 3
245 4 0 1 2 3
246 4 0 1 2 3
247 4 0 1 2 3
248 4 0 1 2 3
249 4 0 1 2 3
681
1 80 4   0 0   1 1   2 2   3 3
1 166 4   0 0   1 1   2 2   3 3
1 25 4   0 0   1 1   2 2   3 3
2 128 4   0 0   1 1   2 2   3 3
2 130 4   0 0   1 1   2 2   3 3
2 165 4   0 0   1 1   2 2   3 3
2 117 4   0 0   1 1   2 2   3 3
2 11 4   0 0   1 1   2 2   3 3
2 155 4   0 0   1 1   2 2   3 3
2 75 4   0 0   1 1   2 2   3 3
2 45 4   0 0   1 1   2 2   3 3
2 175 4   0 0   1 1   2 2   3 3
3 96 4   0 0   1 1   2 2   3 3
3 33 4   0 0   1 1   2 2   3 3
3 35 4   0 0   1 1   2 2   3 3
3 6 4   0 0   1 1   2 2   3 3
3 70 4   0 0   1 1   2 2   3 3
3 119 4   0 0   1 1   2 2   3 3
3 42 4   0 0   1 1   2 2   3 3
3 75 4   0 0   1 1   2 2   3 3
3 91 4   0 0   1 1   2 2   3 3
4 224 4   0 0   1 1   2 2   3 3
4 100 4   0 0   1 1   2 2   3 3
4 134 4   0 0   1 1   2 2   3 3
4 246 4   0 0   1 1   2 2   3 3
4 201 4   0 0   1 1   2 2   3 3
4 188 4   0 0   1 1   2 2   3 3
4 47 4   0 0   1 1   2 2   3 3
5 241 4   0 0   1 1   2 2   3 3
5 163 4   0 0   1 1   2 2   3 3
5 39 4   0 0   1 1   2 2   3 3
5 184 4   0 0   1 1   2 2   3 3
5 239 4   0 0   1 1   2 2   3 3
6 33 4   0 0   1 1   2 2   3 3
6 35 4   0 0   1 1   2 2   3 3
6 116 4   0 0   1 1   2 2   3 3
6 52 4   0 0   1 1   2 2   3 3
7 67 4   0 0   1 1   2 2   3 3
7 244 4   0 0   1 1   2 2   3 3
7 148 4   0 0   1 1   2 2   3 3
7 88 4   0 0   1 1   2 2   3 3
7 186 4   0 0   1 1   2 2   3 3
8 64 4   0 0   1 1   2 2   3 3
8 82 4   0 0   1 1   2 2   3 3
8 36 4   0 0   1 1   2 2   3 3
8 22 4   0 0   1 1   2 2   3 3
8 248 4   0 0   1 1   2 2   3 3
8 26 4   0 0   1 1   2 2   3 3
9 114 4   0 0   1 1   2 2   3 3
9 54 4   0 0   1 1   2 2   3 3
9 214 4   0 0   1 1   2 2   3 3
9 182 4   0 0   1 1   2 2   3 3
9 185 4   0 0   1 1   2 2   3 3
9 90 4   0 0   1 1   2 2   3 3
10 49 4   0 0   1 1   2 2   3 3
10 210 4   0 0   1 1   2 2   3 3
10 89 4   0 0   1 1   2 2   3 3
10 238 4   0 0   1 1   2 2   3 3
10 15 4   0 0   1 1   2 2   3 3
11 117 4   0 0   1 1   2 2   3 3
11 155 4   0 0   1 1   2 2   3 3
12 115 4   0 0   1 1   2 2   3 3
12 244 4   0 0   1 1   2 2   3 3
12 212 4   0 0   1 1   2 2   3 3
12 152 4   0 0   1 1   2 2   3 3
12 95 4   0 0   1 1   2 2   3 3
13 116 4   0 0   1 1   2 2   3 3
13 52 4   0 0   1 1   2 2   3 3
13 38 4   0 0   1 1   2 2   3 3
13 216 4   0 0   1 1   2 2   3 3
14 177 4   0 0   1 1   2 2   3 3
14 34 4   0 0   1 1   2 2   3 3
14 114 4   0 0   1 1   2 2   3 3
14 230 4   0 0   1 1   2 2   3 3
14 236 4   0 0   1 1   2 2   3 3
14 124 4   0 0   1 1   2 2   3 3
14 206 4   0 0   1 1   2 2   3 3
15 49 4   0 0   1 1   2 2   3 3
15 89 4   0 0   1 1   2 2   3 3
16 100 4   0 0   1 1   2 2   3 3
16 57 4   0 0   1 1   2 2   3 3
16 58 4   0 0   1 1   2 2   3 3
16 140 4   0 0   1 1   2 2   3 3
16 189 4   0 0   1 1   2 2   3 3
17 20 4   0 0   1 1   2 2   3 3
17 229 4   0 0   1 1   2 2   3 3
17 104 4   0 0   1 1   2 2   3 3
17 169 4   0 0   1 1   2 2   3 3
17 170 4   0 0   1 1   2 2   3 3
17 79 4   0 0   1 1   2 2   3 3
18 161 4   0 0   1 1   2 2   3 3
18 146 4   0 0   1 1   2 2   3 3
18 199 4   0 0   1 1   2 2   3 3
18 141 4   0 0   1 1   2 2   3 3
18 126 4   0 0   1 1   2 2   3 3
18 207 4   0 0   1 1   2 2   3 3
19 64 4   0 0   1 1   2 2   3 3
19 84 4   0 0   1 1   2 2   3 3
19 197 4   0 0   1 1   2 2   3 3
19 22 4   0 0   1 1   2 2   3 3
19 249 4   0 0   1 1   2 2   3 3
20 229 4   0 0   1 1   2 2   3 3
20 182 4   0 0   1 1   2 2   3 3
20 185 4   0 0   1 1   2 2   3 3
20 137 4   0 0   1 1   2 2   3 3
20 79 4   0 0   1 1   2 2   3 3
21 96 4   0 0   1 1   2 2   3 3
21 130 4   0 0   1 1   2 2   3 3
21 163 4   0 0   1 1   2 2   3 3
21 71 4   0 0   1 1   2 2   3 3
21 39 4   0 0   1 1   2 2   3 3
21 45 4   0 0   1 1   2 2   3 3
22 64 4   0 0   1 1   2 2   3 3
22 210 4   0 0   1 1   2 2   3 3
22 84 4   0 0   1 1   2 2   3 3
22 248 4   0 0   1 1   2 2   3 3
22 204 4   0 0   1 1   2 2   3 3
23 129 4   0 0   1 1   2 2   3 3
23 213 4   0 0   1 1   2 2   3 3
23 231 4   0 0   1 1   2 2   3 3
23 57 4   0 0   1 1   2 2   3 3
23 154 4   0 0   1 1   2 2   3 3
24 242 4   0 0   1 1   2 2   3 3
24 212 4   0 0   1 1   2 2   3 3
24 165 4   0 0   1 1   2 2   3 3
24 168 4   0 0   1 1   2 2   3 3
24 152 4   0 0   1 1   2 2   3 3
24 237 4   0 0   1 1   2 2   3 3
24 207 4   0 0   1 1   2 2   3 3
25 80 4   0 0   1 1   2 2   3 3
26 36 4   0 0   1 1   2 2   3 3
26 85 4   0 0   1 1   2 2   3 3
26 41 4   0 0   1 1   2 2   3 3
26 159 4   0 0   1 1   2 2   3 3
27 178 4   0 0   1 1   2 2   3 3
27 83 4   0 0   1 1   2 2   3 3
27 218 4   0 0   1 1   2 2   3 3
27 60 4   0 0   1 1   2 2   3 3
28 224 4   0 0   1 1   2 2   3 3
28 147 4   0 0   1 1   2 2   3 3
28 133 4   0 0   1 1   2 2   3 3
28 201 4   0 0   1 1   2 2   3 3
28 122 4   0 0   1 1   2 2   3 3
28 139 4   0 0   1 1   2 2   3 3
28 239 4   0 0   1 1   2 2   3 3
29 192 4   0 0   1 1   2 2   3 3
29 103 4   0 0   1 1   2 2   3 3
29 151 4   0 0   1 1   2 2   3 3
29 138 4   0 0   1 1   2 2   3 3
29 223 4   0 0   1 1   2 2   3 3
29 143 4   0 0   1 1   2 2   3 3
30 195 4   0 0   1 1   2 2   3 3
30 86 4   0 0   1 1   2 2   3 3
30 198 4   0 0   1 1   2 2   3 3
30 44 4   0 0   1 1   2 2   3 3
30 76 4   0 0   1 1   2 2   3 3
30 157 4   0 0   1 1   2 2   3 3
30 190 4   0 0   1 1   2 2   3 3
31 48 4   0 0   1 1   2 2   3 3
31 160 4   0 0   1 1   2 2   3 3
31 129 4   0 0   1 1   2 2   3 3
31 195 4   0 0   1 1   2 2   3 3
31 68 4   0 0   1 1   2 2   3 3
31 213 4   0 0   1 1   2 2   3 3
32 115 4   0 0   1 1   2 2   3 3
32 244 4   0 0   1 1   2 2   3 3
32 197 4   0 0   1 1   2 2   3 3
32 186 4   0 0   1 1   2 2   3 3
32 124 4   0 0   1 1   2 2   3 3
32 191 4   0 0   1 1   2 2   3 3
33 52 4   0 0   1 1   2 2   3 3
33 72 4   0 0   1 1   2 2   3 3
33 91 4   0 0   1 1   2 2   3 3
34 177 4   0 0   1 1   2 2   3 3
34 187 4   0 0   1 1   2 2   3 3
34 191 4   0 0   1 1   2 2   3 3
35 116 4   0 0   1 1   2 2   3 3
35 136 4   0 0   1 1   2 2   3 3
35 75 4   0 0   1 1   2 2   3 3
36 64 4   0 0   1 1   2 2   3 3
36 51 4   0 0   1 1   2 2   3 3
36 41 4   0 0   1 1   2 2   3 3
37 98 4   0 0   1 1   2 2   3 3
37 232 4   0 0   1 1   2 2   3 3
37 105 4   0 0   1 1   2 2   3 3
37 138 4   0 0   1 1   2 2   3 3
37 223 4   0 0   1 1   2 2   3 3
38 193 4   0 0   1 1   2 2   3 3
38 216 4   0 0   1 1   2 2   3 3
38 202 4   0 0   1 1   2 2   3 3
39 163 4   0 0   1 1   2 2   3 3
39 71 4   0 0   1 1   2 2   3 3
39 73 4   0 0   1 1   2 2   3 3
39 139 4   0 0   1 1   2 2   3 3
39 239 4   0 0   1 1   2 2   3 3
40 80 4   0 0   1 1   2 2   3 3
40 97 4   0 0   1 1   2 2   3 3
40 230 4   0 0   1 1   2 2   3 3
40 54 4   0 0   1 1   2 2   3 3
40 56 4   0 0   1 1   2 2   3 3
40 46 4   0 0   1 1   2 2   3 3
41 161 4   0 0   1 1   2 2   3 3
41 51 4   0 0   1 1   2 2   3 3
41 85 4   0 0   1 1   2 2   3 3
41 110 4   0 0   1 1   2 2   3 3
42 96 4   0 0   1 1   2 2   3 3
42 144 4   0 0   1 1   2 2   3 3
42 241 4   0 0   1 1   2 2   3 3
42 163 4   0 0   1 1   2 2   3 3
42 70 4   0 0   1 1   2 2   3 3
43 200 4   0 0   1 1   2 2   3 3
43 61 4   0 0   1 1   2 2   3 3
43 127 4   0 0   1 1   2 2   3 3
44 195 4   0 0   1 1   2 2   3 3
44 86 4   0 0   1 1   2 2   3 3
44 59 4   0 0   1 1   2 2   3 3
44 108 4   0 0   1 1   2 2   3 3
44 205 4   0 0   1 1   2 2   3 3
45 130 4   0 0   1 1   2 2   3 3
45 165 4   0 0   1 1   2 2   3 3
45 71 4   0 0   1 1   2 2   3 3
45 233 4   0 0   1 1   2 2   3 3
46 80 4   0 0   1 1   2 2   3 3
46 112 4   0 0   1 1   2 2   3 3
46 179 4   0 0   1 1   2 2   3 3
46 56 4   0 0   1 1   2 2   3 3
47 134 4   0 0   1 1   2 2   3 3
47 201 4   0 0   1 1   2 2   3 3
47 235 4   0 0   1 1   2 2   3 3
48 160 4   0 0   1 1   2 2   3 3
48 68 4   0 0   1 1   2 2   3 3
49 210 4   0 0   1 1   2 2   3 3
49 248 4   0 0   1 1   2 2   3 3
49 109 4   0 0   1 1   2 2   3 3
50 145 4   0 0   1 1   2 2   3 3
50 150 4   0 0   1 1   2 2   3 3
50 199 4   0 0   1 1   2 2   3 3
51 64 4   0 0   1 1   2 2   3 3
51 161 4   0 0   1 1   2 2   3 3
51 115 4   0 0   1 1   2 2   3 3
51 197 4   0 0   1 1   2 2   3 3
51 95 4   0 0   1 1   2 2   3 3
52 116 4   0 0   1 1   2 2   3 3
53 208 4   0 0   1 1   2 2   3 3
53 97 4   0 0   1 1   2 2   3 3
53 247 4   0 0   1 1   2 2   3 3
53 123 4   0 0   1 1   2 2   3 3
54 97 4   0 0   1 1   2 2   3 3
54 230 4   0 0   1 1   2 2   3 3
54 214 4   0 0   1 1   2 2   3 3
54 90 4   0 0   1 1   2 2   3 3
55 181 4   0 0   1 1   2 2   3 3
55 102 4   0 0   1 1   2 2   3 3
55 183 4   0 0   1 1   2 2   3 3
55 153 4   0 0   1 1   2 2   3 3
55 156 4   0 0   1 1   2 2   3 3
55 142 4   0 0   1 1   2 2   3 3
55 62 4   0 0   1 1   2 2   3 3
56 112 4   0 0   1 1   2 2   3 3
56 97 4   0 0   1 1   2 2   3 3
57 154 4   0 0   1 1   2 2   3 3
57 58 4   0 0   1 1   2 2   3 3
57 140 4   0 0   1 1   2 2   3 3
58 203 4   0 0   1 1   2 2   3 3
59 86 4   0 0   1 1   2 2   3 3
59 106 4   0 0   1 1   2 2   3 3
59 205 4   0 0   1 1   2 2   3 3
60 178 4   0 0   1 1   2 2   3 3
60 83 4   0 0   1 1   2 2   3 3
60 131 4   0 0   1 1   2 2   3 3
60 106 4   0 0   1 1   2 2   3 3
60 219 4   0 0   1 1   2 2   3 3
60 171 4   0 0   1 1   2 2   3 3
60 205 4   0 0   1 1   2 2   3 3
61 72 4   0 0   1 1   2 2   3 3
61 127 4   0 0   1 1   2 2   3 3
62 209 4   0 0   1 1   2 2   3 3
62 177 4   0 0   1 1   2 2   3 3
62 118 4   0 0   1 1   2 2   3 3
62 183 4   0 0   1 1   2 2   3 3
62 234 4   0 0   1 1   2 2   3 3
62 187 4   0 0   1 1   2 2   3 3
62 156 4   0 0   1 1   2 2   3 3
62 142 4   0 0   1 1   2 2   3 3
63 146 4   0 0   1 1   2 2   3 3
63 196 4   0 0   1 1   2 2   3 3
63 150 4   0 0   1 1   2 2   3 3
63 173 4   0 0   1 1   2 2   3 3
64 197 4   0 0   1 1   2 2   3 3
65 133 4   0 0   1 1   2 2   3 3
65 104 4   0 0   1 1   2 2   3 3
65 169 4   0 0   1 1   2 2   3 3
65 94 4   0 0   1 1   2 2   3 3
65 79 4   0 0   1 1   2 2   3 3
66 81 4   0 0   1 1   2 2   3 3
66 74 4   0 0   1 1   2 2   3 3
66 158 4   0 0   1 1   2 2   3 3
67 148 4   0 0   1 1   2 2   3 3
67 88 4   0 0   1 1   2 2   3 3
68 195 4   0 0   1 1   2 2   3 3
69 225 4   0 0   1 1   2 2   3 3
69 228 4   0 0   1 1   2 2   3 3
69 182 4   0 0   1 1   2 2   3 3
69 90 4   0 0   1 1   2 2   3 3
70 144 4   0 0   1 1   2 2   3 3
70 72 4   0 0   1 1   2 2   3 3
70 91 4   0 0   1 1   2 2   3 3
71 233 4   0 0   1 1   2 2   3 3
71 73 4   0 0   1 1   2 2   3 3
71 221 4   0 0   1 1   2 2   3 3
72 144 4   0 0   1 1   2 2   3 3
72 91 4   0 0   1 1   2 2   3 3
72 127 4   0 0   1 1   2 2   3 3
73 122 4   0 0   1 1   2 2   3 3
73 139 4   0 0   1 1   2 2   3 3
73 221 4   0 0   1 1   2 2   3 3
74 176 4   0 0   1 1   2 2   3 3
74 81 4   0 0   1 1   2 2   3 3
74 164 4   0 0   1 1   2 2   3 3
74 220 4   0 0   1 1   2 2   3 3
75 130 4   0 0   1 1   2 2   3 3
75 119 4   0 0   1 1   2 2   3 3
75 136 4   0 0   1 1   2 2   3 3
75 155 4   0 0   1 1   2 2   3 3
76 129 4   0 0   1 1   2 2   3 3
76 195 4   0 0   1 1   2 2   3 3
76 101 4   0 0   1 1   2 2   3 3
76 198 4   0 0   1 1   2 2   3 3
76 231 4   0 0   1 1   2 2   3 3
77 113 4   0 0   1 1   2 2   3 3
77 211 4   0 0   1 1   2 2   3 3
77 248 4   0 0   1 1   2 2   3 3
77 121 4   0 0   1 1   2 2   3 3
77 125 4   0 0   1 1   2 2   3 3
78 227 4   0 0   1 1   2 2   3 3
78 132 4   0 0   1 1   2 2   3 3
78 149 4   0 0   1 1   2 2   3 3
79 135 4   0 0   1 1   2 2   3 3
79 104 4   0 0   1 1   2 2   3 3
79 137 4   0 0   1 1   2 2   3 3
79 94 4   0 0   1 1   2 2   3 3
80 179 4   0 0   1 1   2 2   3 3
80 166 4   0 0   1 1   2 2   3 3
80 118 4   0 0   1 1   2 2   3 3
80 230 4   0 0   1 1   2 2   3 3
80 234 4   0 0   1 1   2 2   3 3
80 236 4   0 0   1 1   2 2   3 3
80 206 4   0 0   1 1   2 2   3 3
81 176 4   0 0   1 1   2 2   3 3
81 120 4   0 0   1 1   2 2   3 3
81 202 4   0 0   1 1   2 2   3 3
81 158 4   0 0   1 1   2 2   3 3
82 113 4   0 0   1 1   2 2   3 3
82 248 4   0 0   1 1   2 2   3 3
82 159 4   0 0   1 1   2 2   3 3
83 131 4   0 0   1 1   2 2   3 3
83 215 4   0 0   1 1   2 2   3 3
83 218 4   0 0   1 1   2 2   3 3
83 94 4   0 0   1 1   2 2   3 3
84 183 4   0 0   1 1   2 2   3 3
84 249 4   0 0   1 1   2 2   3 3
84 204 4   0 0   1 1   2 2   3 3
85 99 4   0 0   1 1   2 2   3 3
85 222 4   0 0   1 1   2 2   3 3
85 110 4   0 0   1 1   2 2   3 3
85 159 4   0 0   1 1   2 2   3 3
86 106 4   0 0   1 1   2 2   3 3
86 157 4   0 0   1 1   2 2   3 3
87 100 4   0 0   1 1   2 2   3 3
87 200 4   0 0   1 1   2 2   3 3
87 203 4   0 0   1 1   2 2   3 3
87 172 4   0 0   1 1   2 2   3 3
88 194 4   0 0   1 1   2 2   3 3
88 212 4   0 0   1 1   2 2   3 3
88 148 4   0 0   1 1   2 2   3 3
88 245 4   0 0   1 1   2 2   3 3
88 167 4   0 0   1 1   2 2   3 3
89 243 4   0 0   1 1   2 2   3 3
89 238 4   0 0   1 1   2 2   3 3
90 97 4   0 0   1 1   2 2   3 3
90 228 4   0 0   1 1   2 2   3 3
90 182 4   0 0   1 1   2 2   3 3
92 198 4   0 0   1 1   2 2   3 3
92 154 4   0 0   1 1   2 2   3 3
92 235 4   0 0   1 1   2 2   3 3
92 140 4   0 0   1 1   2 2   3 3
92 189 4   0 0   1 1   2 2   3 3
92 174 4   0 0   1 1   2 2   3 3
93 98 4   0 0   1 1   2 2   3 3
93 227 4   0 0   1 1   2 2   3 3
93 132 4   0 0   1 1   2 2   3 3
93 180 4   0 0   1 1   2 2   3 3
93 232 4   0 0   1 1   2 2   3 3
93 138 4   0 0   1 1   2 2   3 3
94 133 4   0 0   1 1   2 2   3 3
94 135 4   0 0   1 1   2 2   3 3
94 215 4   0 0   1 1   2 2   3 3
94 218 4   0 0   1 1   2 2   3 3
94 235 4   0 0   1 1   2 2   3 3
95 161 4   0 0   1 1   2 2   3 3
95 115 4   0 0   1 1   2 2   3 3
95 152 4   0 0   1 1   2 2   3 3
95 168 4   0 0   1 1   2 2   3 3
95 126 4   0 0   1 1   2 2   3 3
96 130 4   0 0   1 1   2 2   3 3
96 163 4   0 0   1 1   2 2   3 3
96 119 4   0 0   1 1   2 2   3 3
97 112 4   0 0   1 1   2 2   3 3
97 208 4   0 0   1 1   2 2   3 3
97 228 4   0 0   1 1   2 2   3 3
97 123 4   0 0   1 1   2 2   3 3
98 232 4   0 0   1 1   2 2   3 3
98 138 4   0 0   1 1   2 2   3 3
99 145 4   0 0   1 1   2 2   3 3
99 222 4   0 0   1 1   2 2   3 3
99 110 4   0 0   1 1   2 2   3 3
100 134 4   0 0   1 1   2 2   3 3
100 203 4   0 0   1 1   2 2   3 3
100 188 4   0 0   1 1   2 2   3 3
100 172 4   0 0   1 1   2 2   3 3
100 189 4   0 0   1 1   2 2   3 3
101 198 4   0 0   1 1   2 2   3 3
101 231 4   0 0   1 1   2 2   3 3
101 154 4   0 0   1 1   2 2   3 3
102 209 4   0 0   1 1   2 2   3 3
102 181 4   0 0   1 1   2 2   3 3
102 142 4   0 0   1 1   2 2   3 3
103 226 4   0 0   1 1   2 2   3 3
103 178 4   0 0   1 1   2 2   3 3
103 151 4   0 0   1 1   2 2   3 3
103 218 4   0 0   1 1   2 2   3 3
103 223 4   0 0   1 1   2 2   3 3
104 169 4   0 0   1 1   2 2   3 3
105 247 4   0 0   1 1   2 2   3 3
105 232 4   0 0   1 1   2 2   3 3
105 123 4   0 0   1 1   2 2   3 3
105 107 4   0 0   1 1   2 2   3 3
105 111 4   0 0   1 1   2 2   3 3
105 223 4   0 0   1 1   2 2   3 3
106 171 4   0 0   1 1   2 2   3 3
106 205 4   0 0   1 1   2 2   3 3
106 157 4   0 0   1 1   2 2   3 3
106 174 4   0 0   1 1   2 2   3 3
107 226 4   0 0   1 1   2 2   3 3
107 111 4   0 0   1 1   2 2   3 3
107 223 4   0 0   1 1   2 2   3 3
108 192 4   0 0   1 1   2 2   3 3
108 219 4   0 0   1 1   2 2   3 3
108 205 4   0 0   1 1   2 2   3 3
108 143 4   0 0   1 1   2 2   3 3
109 211 4   0 0   1 1   2 2   3 3
109 248 4   0 0   1 1   2 2   3 3
110 145 4   0 0   1 1   2 2   3 3
110 161 4   0 0   1 1   2 2   3 3
110 199 4   0 0   1 1   2 2   3 3
111 225 4   0 0   1 1   2 2   3 3
111 162 4   0 0   1 1   2 2   3 3
111 226 4   0 0   1 1   2 2   3 3
111 228 4   0 0   1 1   2 2   3 3
111 218 4   0 0   1 1   2 2   3 3
111 123 4   0 0   1 1   2 2   3 3
112 208 4   0 0   1 1   2 2   3 3
112 179 4   0 0   1 1   2 2   3 3
112 247 4   0 0   1 1   2 2   3 3
113 248 4   0 0   1 1   2 2   3 3
113 125 4   0 0   1 1   2 2   3 3
113 222 4   0 0   1 1   2 2   3 3
113 159 4   0 0   1 1   2 2   3 3
114 230 4   0 0   1 1   2 2   3 3
114 214 4   0 0   1 1   2 2   3 3
114 185 4   0 0   1 1   2 2   3 3
114 124 4   0 0   1 1   2 2   3 3
115 244 4   0 0   1 1   2 2   3 3
115 197 4   0 0   1 1   2 2   3 3
116 120 4   0 0   1 1   2 2   3 3
116 136 4   0 0   1 1   2 2   3 3
116 216 4   0 0   1 1   2 2   3 3
116 202 4   0 0   1 1   2 2   3 3
117 240 4   0 0   1 1   2 2   3 3
117 176 4   0 0   1 1   2 2   3 3
117 155 4   0 0   1 1   2 2   3 3
117 220 4   0 0   1 1   2 2   3 3
117 175 4   0 0   1 1   2 2   3 3
118 209 4   0 0   1 1   2 2   3 3
118 166 4   0 0   1 1   2 2   3 3
118 234 4   0 0   1 1   2 2   3 3
119 130 4   0 0   1 1   2 2   3 3
120 176 4   0 0   1 1   2 2   3 3
120 136 4   0 0   1 1   2 2   3 3
120 202 4   0 0   1 1   2 2   3 3
120 155 4   0 0   1 1   2 2   3 3
121 211 4   0 0   1 1   2 2   3 3
121 125 4   0 0   1 1   2 2   3 3
122 245 4   0 0   1 1   2 2   3 3
122 133 4   0 0   1 1   2 2   3 3
122 167 4   0 0   1 1   2 2   3 3
122 170 4   0 0   1 1   2 2   3 3
122 139 4   0 0   1 1   2 2   3 3
122 221 4   0 0   1 1   2 2   3 3
123 228 4   0 0   1 1   2 2   3 3
123 247 4   0 0   1 1   2 2   3 3
124 217 4   0 0   1 1   2 2   3 3
124 185 4   0 0   1 1   2 2   3 3
124 186 4   0 0   1 1   2 2   3 3
124 191 4   0 0   1 1   2 2   3 3
125 222 4   0 0   1 1   2 2   3 3
126 161 4   0 0   1 1   2 2   3 3
126 168 4   0 0   1 1   2 2   3 3
126 207 4   0 0   1 1   2 2   3 3
127 144 4   0 0   1 1   2 2   3 3
127 184 4   0 0   1 1   2 2   3 3
127 200 4   0 0   1 1   2 2   3 3
128 242 4   0 0   1 1   2 2   3 3
128 165 4   0 0   1 1   2 2   3 3
128 175 4   0 0   1 1   2 2   3 3
129 195 4   0 0   1 1   2 2   3 3
129 213 4   0 0   1 1   2 2   3 3
129 231 4   0 0   1 1   2 2   3 3
131 215 4   0 0   1 1   2 2   3 3
131 171 4   0 0   1 1   2 2   3 3
132 227 4   0 0   1 1   2 2   3 3
132 149 4   0 0   1 1   2 2   3 3
132 232 4   0 0   1 1   2 2   3 3
133 169 4   0 0   1 1   2 2   3 3
133 201 4   0 0   1 1   2 2   3 3
133 170 4   0 0   1 1   2 2   3 3
133 235 4   0 0   1 1   2 2   3 3
134 235 4   0 0   1 1   2 2   3 3
134 189 4   0 0   1 1   2 2   3 3
135 162 4   0 0   1 1   2 2   3 3
135 137 4   0 0   1 1   2 2   3 3
135 218 4   0 0   1 1   2 2   3 3
136 155 4   0 0   1 1   2 2   3 3
137 225 4   0 0   1 1   2 2   3 3
137 162 4   0 0   1 1   2 2   3 3
137 182 4   0 0   1 1   2 2   3 3
138 192 4   0 0   1 1   2 2   3 3
138 180 4   0 0   1 1   2 2   3 3
138 223 4   0 0   1 1   2 2   3 3
139 239 4   0 0   1 1   2 2   3 3
140 154 4   0 0   1 1   2 2   3 3
140 189 4   0 0   1 1   2 2   3 3
141 146 4   0 0   1 1   2 2   3 3
141 242 4   0 0   1 1   2 2   3 3
141 196 4   0 0   1 1   2 2   3 3
141 207 4   0 0   1 1   2 2   3 3
141 175 4   0 0   1 1   2 2   3 3
142 209 4   0 0   1 1   2 2   3 3
143 151 4   0 0   1 1   2 2   3 3
143 219 4   0 0   1 1   2 2   3 3
144 241 4   0 0   1 1   2 2   3 3
144 184 4   0 0   1 1   2 2   3 3
145 199 4   0 0   1 1   2 2   3 3
146 196 4   0 0   1 1   2 2   3 3
146 150 4   0 0   1 1   2 2   3 3
146 199 4   0 0   1 1   2 2   3 3
147 224 4   0 0   1 1   2 2   3 3
147 246 4   0 0   1 1   2 2   3 3
147 184 4   0 0   1 1   2 2   3 3
147 239 4   0 0   1 1   2 2   3 3
148 229 4   0 0   1 1   2 2   3 3
148 245 4   0 0   1 1   2 2   3 3
148 217 4   0 0   1 1   2 2   3 3
148 186 4   0 0   1 1   2 2   3 3
148 170 4   0 0   1 1   2 2   3 3
149 179 4   0 0   1 1   2 2   3 3
149 247 4   0 0   1 1   2 2   3 3
149 232 4   0 0   1 1   2 2   3 3
150 199 4   0 0   1 1   2 2   3 3
150 173 4   0 0   1 1   2 2   3 3
151 178 4   0 0   1 1   2 2   3 3
151 219 4   0 0   1 1   2 2   3 3
152 212 4   0 0   1 1   2 2   3 3
152 168 4   0 0   1 1   2 2   3 3
153 243 4   0 0   1 1   2 2   3 3
153 181 4   0 0   1 1   2 2   3 3
153 183 4   0 0   1 1   2 2   3 3
154 198 4   0 0   1 1   2 2   3 3
154 231 4   0 0   1 1   2 2   3 3
155 176 4   0 0   1 1   2 2   3 3
157 174 4   0 0   1 1   2 2   3 3
157 190 4   0 0   1 1   2 2   3 3
158 193 4   0 0   1 1   2 2   3 3
158 202 4   0 0   1 1   2 2   3 3
159 222 4   0 0   1 1   2 2   3 3
160 213 4   0 0   1 1   2 2   3 3
162 225 4   0 0   1 1   2 2   3 3
162 218 4   0 0   1 1   2 2   3 3
163 241 4   0 0   1 1   2 2   3 3
164 220 4   0 0   1 1   2 2   3 3
164 173 4   0 0   1 1   2 2   3 3
165 242 4   0 0   1 1   2 2   3 3
165 233 4   0 0   1 1   2 2   3 3
165 237 4   0 0   1 1   2 2   3 3
166 209 4   0 0   1 1   2 2   3 3
167 194 4   0 0   1 1   2 2   3 3
167 245 4   0 0   1 1   2 2   3 3
167 221 4   0 0   1 1   2 2   3 3
168 207 4   0 0   1 1   2 2   3 3
169 170 4   0 0   1 1   2 2   3 3
170 229 4   0 0   1 1   2 2   3 3
170 245 4   0 0   1 1   2 2   3 3
171 215 4   0 0   1 1   2 2   3 3
171 174 4   0 0   1 1   2 2   3 3
172 200 4   0 0   1 1   2 2   3 3
172 188 4   0 0   1 1   2 2   3 3
173 196 4   0 0   1 1   2 2   3 3
173 220 4   0 0   1 1   2 2   3 3
174 198 4   0 0   1 1   2 2   3 3
174 215 4   0 0   1 1   2 2   3 3
174 235 4   0 0   1 1   2 2   3 3
174 190 4   0 0   1 1   2 2   3 3
175 240 4   0 0   1 1   2 2   3 3
175 242 4   0 0   1 1   2 2   3 3
175 196 4   0 0   1 1   2 2   3 3
176 220 4   0 0   1 1   2 2   3 3
177 234 4   0 0   1 1   2 2   3 3
177 187 4   0 0   1 1   2 2   3 3
177 206 4   0 0   1 1   2 2   3 3
178 218 4   0 0   1 1   2 2   3 3
178 219 4   0 0   1 1   2 2   3 3
179 247 4   0 0   1 1   2 2   3 3
180 192 4   0 0   1 1   2 2   3 3
181 243 4   0 0   1 1   2 2   3 3
182 225 4   0 0   1 1   2 2   3 3
182 185 4   0 0   1 1   2 2   3 3
183 249 4   0 0   1 1   2 2   3 3
183 187 4   0 0   1 1   2 2   3 3
183 238 4   0 0   1 1   2 2   3 3
183 191 4   0 0   1 1   2 2   3 3
184 241 4   0 0   1 1   2 2   3 3
184 246 4   0 0   1 1   2 2   3 3
184 200 4   0 0   1 1   2 2   3 3
184 239 4   0 0   1 1   2 2   3 3
185 229 4   0 0   1 1   2 2   3 3
186 244 4   0 0   1 1   2 2   3 3
186 217 4   0 0   1 1   2 2   3 3
187 191 4   0 0   1 1   2 2   3 3
188 246 4   0 0   1 1   2 2   3 3
188 200 4   0 0   1 1   2 2   3 3
189 235 4   0 0   1 1   2 2   3 3
190 198 4   0 0   1 1   2 2   3 3
191 197 4   0 0   1 1   2 2   3 3
191 249 4   0 0   1 1   2 2   3 3
193 202 4   0 0   1 1   2 2   3 3
194 212 4   0 0   1 1   2 2   3 3
194 233 4   0 0   1 1   2 2   3 3
194 237 4   0 0   1 1   2 2   3 3
194 221 4   0 0   1 1   2 2   3 3
196 240 4   0 0   1 1   2 2   3 3
196 220 4   0 0   1 1   2 2   3 3
197 249 4   0 0   1 1   2 2   3 3
200 246 4   0 0   1 1   2 2   3 3
201 224 4   0 0   1 1   2 2   3 3
201 235 4   0 0   1 1   2 2   3 3
202 216 4   0 0   1 1   2 2   3 3
204 210 4   0 0   1 1   2 2   3 3
204 238 4   0 0   1 1   2 2   3 3
205 219 4   0 0   1 1   2 2   3 3
206 234 4   0 0   1 1   2 2   3 3
206 236 4   0 0   1 1   2 2   3 3
207 242 4   0 0   1 1   2 2   3 3
208 247 4   0 0   1 1   2 2   3 3
210 248 4   0 0   1 1   2 2   3 3
210 238 4   0 0   1 1   2 2   3 3
211 248 4   0 0   1 1   2 2   3 3
212 244 4   0 0   1 1   2 2   3 3
212 237 4   0 0   1 1   2 2   3 3
214 230 4   0 0   1 1   2 2   3 3
215 235 4   0 0   1 1   2 2   3 3
217 229 4   0 0   1 1   2 2   3 3
218 226 4   0 0   1 1   2 2   3 3
220 240 4   0 0   1 1   2 2   3 3
221 233 4   0 0   1 1   2 2   3 3
223 226 4   0 0   1 1   2 2   3 3
224 246 4   0 0   1 1   2 2   3 3
225 228 4   0 0   1 1   2 2   3 3
230 236 4   0 0   1 1   2 2   3 3
232 247 4   0 0   1 1   2 2   3 3
233 237 4   0 0   1 1   2 2   3 3
238 243 4   0 0   1 1   2 2   3 3
