213
1 4 0 1 2 3
2 4 0 1 2 3
3 4 0 1 2 3
4 4 0 1 2 3
5 4 0 1 2 3
6 4 0 1 2 3
7 4 0 1 2 3
8 4 0 1 2 3
9 4 0 1 2 3
10 4 0 1 2 3
11 4 0 1 2 3
12 4 0 1 2 3
13 4 0 1 2 3
14 4 0 1 2 3
15 4 0 1 2 3
16 4 0 1 2 3
17 4 0 1 2 3
18 4 0 1 2 3
19 4 0 1 2 3
20 4 0 1 2 3
21 4 0 1 2 3
22 4 0 1 2 3
23 4 0 1 2 3
24 4 0 1 2 3
25 4 0 1 2 3
26 4 0 1 2 3
27 4 0 1 2 3
28 4 0 1 2 3
29 4 0 1 2 3
30 4 0 1 2 3
31 4 0 1 2 3
32 4 0 1 2 3
33 4 0 1 2 3
34 4 0 1 2 3
35 4 0 1 2 3
36 4 0 1 2 3
37 4 0 1 2 3
38 4 0 1 2 3
39 4 0 1 2 3
40 4 0 1 2 3
41 4 0 1 2 3
42 4 0 1 2 3
43 4 0 1 2 3
44 4 0 1 2 3
45 4 0 1 2 3
46 4 0 1 2 3
47 4 0 1 2 3
48 4 0 1 2 3
49 4 0 1 2 3
50 4 0 1 2 3
51 4 0 1 2 3
52 4 0 1 2 3
53 4 0 1 2 3
54 4 0 1 2 3
55 4 0 1 2 3
56 4 0 1 2 3
57 4 0 1 2 3
58 4 0 1 2 3
59 4 0 1 2 3
60 4 0 1 2 3
61 4 0 1 2 3
62 4 0 1 2 3
63 4 0 1 2 3
64 4 0 1 2 3
65 4 0 1 2 3
66 4 0 1 2 3
67 4 0 1 2 3
68 4 0 1 2 3
69 4 0 1 2 3
70 4 0 1 2 3
71 4 0 1 2 3
72 4 0 1 2 3
73 4 0 1 2 3
74 4 0 1 2 3
75 4 0 1 2 3
76 4 0 1 2 3
77 4 0 1 2 3
78 4 0 1 2 3
79 4 0 1 2 3
80 4 0 1 2 3
81 4 0 1 2 3
82 4 0 1 2 3
83 4 0 1 2 3
84 4 0 1 2 3
85 4 0 1 2 3
86 4 0 1 2 3
87 4 0 1 2 3
88 4 0 1 2 3
89 4 0 1 2 3
90 4 0 1 2 3
91 4 0 1 2 3
92 4 0 1 2 3
93 4 0 1 2 3
94 4 0 1 2 3
95 4 0 1 2 3
96 4 0 1 2 3
97 4 0 1 2 3
98 4 0 1 2 3
99 4 0 1 2 3
100 4 0 1 2 3
101 4 0 1 2 3
102 4 0 1 2 3
103 4 0 1 2 3
104 4 0 1 2 3
105 4 0 1 2 3
106 4 0 1 2 3
107 4 0 1 2 3
108 4 0 1 2 3
109 4 0 1 2 3
110 4 0 1 2 3
111 4 0 1 2 3
112 4 0 1 2 3
113 4 0 1 2 3
114 4 0 1 2 3
115 4 0 1 2 3
116 4 0 1 2 3
117 4 0 1 2 3
118 4 0 1 2 3
119 4 0 1 2 3
120 4 0 1 2 3
121 4 0 1 2 3
122 4 0 1 2 3
123 4 0 1 2 3
124 4 0 1 2 3
125 4 0 1 2 3
126 4 0 1 2 3
127 4 0 1 2 3
128 4 0 1 2 3
129 4 0 1 2 3
130 4 0 1 2 3
131 4 0 1 2 3
132 4 0 1 2 3
133 4 0 1 2 3
134 4 0 1 2 3
135 4 0 1 2 3
136 4 0 1 2 3
137 4 0 1 2 3
138 4 0 1 2 3
139 4 0 1 2 3
140 4 0 1 2 3
141 4 0 1 2 3
142 4 0 1 2 3
143 4 0 1 2 3
144 4 0 1 2 3
145 4 0 1 2 3
146 4 0 1 2 3
147 4 0 1 2 3
148 4 0 1 2 3
149 4 0 1 2 3
150 4 0 1 2 3
151 4 0 1 2 3
152 4 0 1 2 3
153 4 0 1 2 3
154 4 0 1 2 3
155 4 0 1 2 3
156 4 0 1 2 3
157 4 0 1 2 3
158 4 0 1 2 3
159 4 0 1 2 3
160 4 0 1 2 3
161 4 0 1 2 3
162 4 0 1 2 3
163 4 0 1 2 3
164 4 0 1 2 3
165 4 0 1 2 3
166 4 0 1 2 3
167 4 0 1 2 3
168 4 0 1 2 3
169 4 0 1 2 3
170 4 0 1 2 3
171 4 0 1 2 3
172 4 0 1 2 3
173 4 0 1 2 3
174 4 0 1 2 3
175 4 0 1 2 3
176 4 0 1 2 3
177 4 0 1 2 3
178 4 0 1 2 3
179 4 0 1 2 3
180 4 0 1 2 3
181 4 0 1 2 3
182 4 0 1 2 3
183 4 0 1 2 3
184 4 0 1 2 3
185 4 0 1 2 3
186 4 0 1 2 3
187 4 0 1 2 3
188 4 0 1 2 3
189 4 0 1 2 3
190 4 0 1 2 3
191 4 0 1 2 3
192 4 0 1 2 3
193 4 0 1 2 3
194 4 0 1 2 3
195 4 0 1 2 3
196 4 0 1 2 3
197 4 0 1 2 3
198 4 0 1 2 3
199 4 0 1 2 3
200 4 0 1 2 3
201 4 0 1 2 3
202 4 0 1 2 3
203 4 0 1 2 3
204 4 0 1 2 3
205 4 0 1 2 3
206 4 0 1 2 3
207 4 0 1 2 3
208 4 0 1 2 3
209 4 0 1 2 3
210 4 0 1 2 3
211 4 0 1 2 3
212 4 0 1 2 3
213 4 0 1 2 3
584
1 211 4   0 0   1 1   2 2   3 3
1 136 4   0 0   1 1   2 2   3 3
1 137 4   0 0   1 1   2 2   3 3
1 207 4   0 0   1 1   2 2   3 3
1 127 4   0 0   1 1   2 2   3 3
2 99 4   0 0   1 1   2 2   3 3
2 147 4   0 0   1 1   2 2   3 3
2 135 4   0 0   1 1   2 2   3 3
3 213 4   0 0   1 1   2 2   3 3
3 22 4   0 0   1 1   2 2   3 3
3 204 4   0 0   1 1   2 2   3 3
3 108 4   0 0   1 1   2 2   3 3
3 13 4   0 0   1 1   2 2   3 3
4 113 4   0 0   1 1   2 2   3 3
4 178 4   0 0   1 1   2 2   3 3
4 69 4   0 0   1 1   2 2   3 3
4 54 4   0 0   1 1   2 2   3 3
4 8 4   0 0   1 1   2 2   3 3
4 185 4   0 0   1 1   2 2   3 3
4 30 4   0 0   1 1   2 2   3 3
5 198 4   0 0   1 1   2 2   3 3
5 87 4   0 0   1 1   2 2   3 3
5 41 4   0 0   1 1   2 2   3 3
5 59 4   0 0   1 1   2 2   3 3
5 77 4   0 0   1 1   2 2   3 3
6 16 4   0 0   1 1   2 2   3 3
6 114 4   0 0   1 1   2 2   3 3
6 186 4   0 0   1 1   2 2   3 3
6 124 4   0 0   1 1   2 2   3 3
6 93 4   0 0   1 1   2 2   3 3
7 99 4   0 0   1 1   2 2   3 3
7 55 4   0 0   1 1   2 2   3 3
7 206 4   0 0   1 1   2 2   3 3
7 78 4   0 0   1 1   2 2   3 3
8 176 4   0 0   1 1   2 2   3 3
8 161 4   0 0   1 1   2 2   3 3
8 185 4   0 0   1 1   2 2   3 3
8 30 4   0 0   1 1   2 2   3 3
9 177 4   0 0   1 1   2 2   3 3
9 166 4   0 0   1 1   2 2   3 3
9 72 4   0 0   1 1   2 2   3 3
9 203 4   0 0   1 1   2 2   3 3
10 163 4   0 0   1 1   2 2   3 3
10 20 4   0 0   1 1   2 2   3 3
10 117 4   0 0   1 1   2 2   3 3
10 70 4   0 0   1 1   2 2   3 3
10 182 4   0 0   1 1   2 2   3 3
10 154 4   0 0   1 1   2 2   3 3
11 128 4   0 0   1 1   2 2   3 3
11 115 4   0 0   1 1   2 2   3 3
11 39 4   0 0   1 1   2 2   3 3
11 167 4   0 0   1 1   2 2   3 3
11 90 4   0 0   1 1   2 2   3 3
11 28 4   0 0   1 1   2 2   3 3
12 176 4   0 0   1 1   2 2   3 3
12 161 4   0 0   1 1   2 2   3 3
12 164 4   0 0   1 1   2 2   3 3
12 84 4   0 0   1 1   2 2   3 3
12 190 4   0 0   1 1   2 2   3 3
12 174 4   0 0   1 1   2 2   3 3
13 194 4   0 0   1 1   2 2   3 3
13 35 4   0 0   1 1   2 2   3 3
13 213 4   0 0   1 1   2 2   3 3
13 22 4   0 0   1 1   2 2   3 3
13 89 4   0 0   1 1   2 2   3 3
14 176 4   0 0   1 1   2 2   3 3
14 179 4   0 0   1 1   2 2   3 3
14 85 4   0 0   1 1   2 2   3 3
14 75 4   0 0   1 1   2 2   3 3
14 126 4   0 0   1 1   2 2   3 3
15 134 4   0 0   1 1   2 2   3 3
15 199 4   0 0   1 1   2 2   3 3
15 152 4   0 0   1 1   2 2   3 3
15 104 4   0 0   1 1   2 2   3 3
15 122 4   0 0   1 1   2 2   3 3
15 171 4   0 0   1 1   2 2   3 3
16 138 4   0 0   1 1   2 2   3 3
16 186 4   0 0   1 1   2 2   3 3
16 124 4   0 0   1 1   2 2   3 3
16 110 4   0 0   1 1   2 2   3 3
17 114 4   0 0   1 1   2 2   3 3
17 124 4   0 0   1 1   2 2   3 3
17 143 4   0 0   1 1   2 2   3 3
17 95 4   0 0   1 1   2 2   3 3
18 208 4   0 0   1 1   2 2   3 3
18 120 4   0 0   1 1   2 2   3 3
18 123 4   0 0   1 1   2 2   3 3
18 31 4   0 0   1 1   2 2   3 3
19 65 4   0 0   1 1   2 2   3 3
19 67 4   0 0   1 1   2 2   3 3
19 26 4   0 0   1 1   2 2   3 3
19 204 4   0 0   1 1   2 2   3 3
19 94 4   0 0   1 1   2 2   3 3
20 182 4   0 0   1 1   2 2   3 3
20 154 4   0 0   1 1   2 2   3 3
20 123 4   0 0   1 1   2 2   3 3
20 125 4   0 0   1 1   2 2   3 3
20 159 4   0 0   1 1   2 2   3 3
21 80 4   0 0   1 1   2 2   3 3
21 149 4   0 0   1 1   2 2   3 3
21 151 4   0 0   1 1   2 2   3 3
21 103 4   0 0   1 1   2 2   3 3
21 201 4   0 0   1 1   2 2   3 3
21 173 4   0 0   1 1   2 2   3 3
22 160 4   0 0   1 1   2 2   3 3
22 35 4   0 0   1 1   2 2   3 3
22 108 4   0 0   1 1   2 2   3 3
23 130 4   0 0   1 1   2 2   3 3
23 162 4   0 0   1 1   2 2   3 3
23 86 4   0 0   1 1   2 2   3 3
23 74 4   0 0   1 1   2 2   3 3
23 60 4   0 0   1 1   2 2   3 3
23 47 4   0 0   1 1   2 2   3 3
24 162 4   0 0   1 1   2 2   3 3
24 52 4   0 0   1 1   2 2   3 3
24 107 4   0 0   1 1   2 2   3 3
24 175 4   0 0   1 1   2 2   3 3
25 96 4   0 0   1 1   2 2   3 3
25 134 4   0 0   1 1   2 2   3 3
25 153 4   0 0   1 1   2 2   3 3
25 58 4   0 0   1 1   2 2   3 3
25 171 4   0 0   1 1   2 2   3 3
25 188 4   0 0   1 1   2 2   3 3
25 205 4   0 0   1 1   2 2   3 3
26 48 4   0 0   1 1   2 2   3 3
26 67 4   0 0   1 1   2 2   3 3
26 183 4   0 0   1 1   2 2   3 3
27 184 4   0 0   1 1   2 2   3 3
27 105 4   0 0   1 1   2 2   3 3
27 172 4   0 0   1 1   2 2   3 3
28 128 4   0 0   1 1   2 2   3 3
28 82 4   0 0   1 1   2 2   3 3
28 90 4   0 0   1 1   2 2   3 3
29 144 4   0 0   1 1   2 2   3 3
29 129 4   0 0   1 1   2 2   3 3
29 203 4   0 0   1 1   2 2   3 3
30 161 4   0 0   1 1   2 2   3 3
30 69 4   0 0   1 1   2 2   3 3
30 197 4   0 0   1 1   2 2   3 3
30 174 4   0 0   1 1   2 2   3 3
31 96 4   0 0   1 1   2 2   3 3
31 208 4   0 0   1 1   2 2   3 3
31 66 4   0 0   1 1   2 2   3 3
31 199 4   0 0   1 1   2 2   3 3
31 121 4   0 0   1 1   2 2   3 3
31 123 4   0 0   1 1   2 2   3 3
31 111 4   0 0   1 1   2 2   3 3
32 33 4   0 0   1 1   2 2   3 3
32 45 4   0 0   1 1   2 2   3 3
32 190 4   0 0   1 1   2 2   3 3
32 174 4   0 0   1 1   2 2   3 3
32 142 4   0 0   1 1   2 2   3 3
33 112 4   0 0   1 1   2 2   3 3
33 84 4   0 0   1 1   2 2   3 3
33 190 4   0 0   1 1   2 2   3 3
34 116 4   0 0   1 1   2 2   3 3
34 196 4   0 0   1 1   2 2   3 3
34 181 4   0 0   1 1   2 2   3 3
34 167 4   0 0   1 1   2 2   3 3
35 160 4   0 0   1 1   2 2   3 3
35 131 4   0 0   1 1   2 2   3 3
35 150 4   0 0   1 1   2 2   3 3
35 89 4   0 0   1 1   2 2   3 3
35 43 4   0 0   1 1   2 2   3 3
36 114 4   0 0   1 1   2 2   3 3
36 169 4   0 0   1 1   2 2   3 3
36 93 4   0 0   1 1   2 2   3 3
36 95 4   0 0   1 1   2 2   3 3
37 196 4   0 0   1 1   2 2   3 3
37 181 4   0 0   1 1   2 2   3 3
37 182 4   0 0   1 1   2 2   3 3
37 167 4   0 0   1 1   2 2   3 3
37 184 4   0 0   1 1   2 2   3 3
37 105 4   0 0   1 1   2 2   3 3
38 147 4   0 0   1 1   2 2   3 3
38 180 4   0 0   1 1   2 2   3 3
38 40 4   0 0   1 1   2 2   3 3
38 187 4   0 0   1 1   2 2   3 3
38 139 4   0 0   1 1   2 2   3 3
38 206 4   0 0   1 1   2 2   3 3
38 78 4   0 0   1 1   2 2   3 3
38 191 4   0 0   1 1   2 2   3 3
39 128 4   0 0   1 1   2 2   3 3
39 131 4   0 0   1 1   2 2   3 3
39 115 4   0 0   1 1   2 2   3 3
39 150 4   0 0   1 1   2 2   3 3
39 76 4   0 0   1 1   2 2   3 3
40 180 4   0 0   1 1   2 2   3 3
40 198 4   0 0   1 1   2 2   3 3
40 206 4   0 0   1 1   2 2   3 3
41 49 4   0 0   1 1   2 2   3 3
41 180 4   0 0   1 1   2 2   3 3
41 198 4   0 0   1 1   2 2   3 3
41 77 4   0 0   1 1   2 2   3 3
42 178 4   0 0   1 1   2 2   3 3
42 87 4   0 0   1 1   2 2   3 3
42 202 4   0 0   1 1   2 2   3 3
42 77 4   0 0   1 1   2 2   3 3
43 81 4   0 0   1 1   2 2   3 3
43 150 4   0 0   1 1   2 2   3 3
43 89 4   0 0   1 1   2 2   3 3
44 177 4   0 0   1 1   2 2   3 3
44 194 4   0 0   1 1   2 2   3 3
44 67 4   0 0   1 1   2 2   3 3
44 183 4   0 0   1 1   2 2   3 3
44 72 4   0 0   1 1   2 2   3 3
44 89 4   0 0   1 1   2 2   3 3
45 132 4   0 0   1 1   2 2   3 3
45 197 4   0 0   1 1   2 2   3 3
45 142 4   0 0   1 1   2 2   3 3
45 174 4   0 0   1 1   2 2   3 3
45 191 4   0 0   1 1   2 2   3 3
46 195 4   0 0   1 1   2 2   3 3
46 200 4   0 0   1 1   2 2   3 3
46 137 4   0 0   1 1   2 2   3 3
46 153 4   0 0   1 1   2 2   3 3
46 188 4   0 0   1 1   2 2   3 3
46 140 4   0 0   1 1   2 2   3 3
46 127 4   0 0   1 1   2 2   3 3
47 86 4   0 0   1 1   2 2   3 3
47 201 4   0 0   1 1   2 2   3 3
47 60 4   0 0   1 1   2 2   3 3
47 141 4   0 0   1 1   2 2   3 3
48 118 4   0 0   1 1   2 2   3 3
48 183 4   0 0   1 1   2 2   3 3
48 72 4   0 0   1 1   2 2   3 3
49 132 4   0 0   1 1   2 2   3 3
49 180 4   0 0   1 1   2 2   3 3
49 69 4   0 0   1 1   2 2   3 3
49 187 4   0 0   1 1   2 2   3 3
49 77 4   0 0   1 1   2 2   3 3
50 100 4   0 0   1 1   2 2   3 3
50 149 4   0 0   1 1   2 2   3 3
50 103 4   0 0   1 1   2 2   3 3
50 138 4   0 0   1 1   2 2   3 3
51 162 4   0 0   1 1   2 2   3 3
51 211 4   0 0   1 1   2 2   3 3
51 136 4   0 0   1 1   2 2   3 3
51 175 4   0 0   1 1   2 2   3 3
52 146 4   0 0   1 1   2 2   3 3
52 85 4   0 0   1 1   2 2   3 3
52 107 4   0 0   1 1   2 2   3 3
52 75 4   0 0   1 1   2 2   3 3
52 175 4   0 0   1 1   2 2   3 3
53 129 4   0 0   1 1   2 2   3 3
53 130 4   0 0   1 1   2 2   3 3
53 166 4   0 0   1 1   2 2   3 3
53 203 4   0 0   1 1   2 2   3 3
53 156 4   0 0   1 1   2 2   3 3
53 61 4   0 0   1 1   2 2   3 3
54 113 4   0 0   1 1   2 2   3 3
54 178 4   0 0   1 1   2 2   3 3
54 83 4   0 0   1 1   2 2   3 3
54 87 4   0 0   1 1   2 2   3 3
54 189 4   0 0   1 1   2 2   3 3
55 165 4   0 0   1 1   2 2   3 3
55 92 4   0 0   1 1   2 2   3 3
55 206 4   0 0   1 1   2 2   3 3
56 97 4   0 0   1 1   2 2   3 3
56 102 4   0 0   1 1   2 2   3 3
56 122 4   0 0   1 1   2 2   3 3
56 106 4   0 0   1 1   2 2   3 3
56 170 4   0 0   1 1   2 2   3 3
56 111 4   0 0   1 1   2 2   3 3
57 98 4   0 0   1 1   2 2   3 3
57 147 4   0 0   1 1   2 2   3 3
57 135 4   0 0   1 1   2 2   3 3
57 168 4   0 0   1 1   2 2   3 3
57 109 4   0 0   1 1   2 2   3 3
58 96 4   0 0   1 1   2 2   3 3
58 193 4   0 0   1 1   2 2   3 3
58 195 4   0 0   1 1   2 2   3 3
58 188 4   0 0   1 1   2 2   3 3
59 97 4   0 0   1 1   2 2   3 3
59 198 4   0 0   1 1   2 2   3 3
59 87 4   0 0   1 1   2 2   3 3
59 122 4   0 0   1 1   2 2   3 3
59 155 4   0 0   1 1   2 2   3 3
59 157 4   0 0   1 1   2 2   3 3
60 80 4   0 0   1 1   2 2   3 3
60 201 4   0 0   1 1   2 2   3 3
61 210 4   0 0   1 1   2 2   3 3
61 130 4   0 0   1 1   2 2   3 3
61 118 4   0 0   1 1   2 2   3 3
61 156 4   0 0   1 1   2 2   3 3
62 112 4   0 0   1 1   2 2   3 3
62 169 4   0 0   1 1   2 2   3 3
62 95 4   0 0   1 1   2 2   3 3
62 143 4   0 0   1 1   2 2   3 3
63 115 4   0 0   1 1   2 2   3 3
63 200 4   0 0   1 1   2 2   3 3
63 76 4   0 0   1 1   2 2   3 3
63 127 4   0 0   1 1   2 2   3 3
64 144 4   0 0   1 1   2 2   3 3
64 129 4   0 0   1 1   2 2   3 3
64 136 4   0 0   1 1   2 2   3 3
64 76 4   0 0   1 1   2 2   3 3
64 127 4   0 0   1 1   2 2   3 3
64 207 4   0 0   1 1   2 2   3 3
65 204 4   0 0   1 1   2 2   3 3
66 96 4   0 0   1 1   2 2   3 3
66 193 4   0 0   1 1   2 2   3 3
66 163 4   0 0   1 1   2 2   3 3
66 121 4   0 0   1 1   2 2   3 3
67 194 4   0 0   1 1   2 2   3 3
67 213 4   0 0   1 1   2 2   3 3
67 183 4   0 0   1 1   2 2   3 3
67 94 4   0 0   1 1   2 2   3 3
68 192 4   0 0   1 1   2 2   3 3
68 145 4   0 0   1 1   2 2   3 3
68 146 4   0 0   1 1   2 2   3 3
68 148 4   0 0   1 1   2 2   3 3
68 101 4   0 0   1 1   2 2   3 3
68 103 4   0 0   1 1   2 2   3 3
68 73 4   0 0   1 1   2 2   3 3
68 107 4   0 0   1 1   2 2   3 3
69 178 4   0 0   1 1   2 2   3 3
69 132 4   0 0   1 1   2 2   3 3
69 197 4   0 0   1 1   2 2   3 3
69 202 4   0 0   1 1   2 2   3 3
69 77 4   0 0   1 1   2 2   3 3
70 195 4   0 0   1 1   2 2   3 3
70 196 4   0 0   1 1   2 2   3 3
70 117 4   0 0   1 1   2 2   3 3
70 182 4   0 0   1 1   2 2   3 3
70 140 4   0 0   1 1   2 2   3 3
71 112 4   0 0   1 1   2 2   3 3
71 209 4   0 0   1 1   2 2   3 3
71 164 4   0 0   1 1   2 2   3 3
71 169 4   0 0   1 1   2 2   3 3
71 158 4   0 0   1 1   2 2   3 3
72 177 4   0 0   1 1   2 2   3 3
72 166 4   0 0   1 1   2 2   3 3
72 183 4   0 0   1 1   2 2   3 3
72 156 4   0 0   1 1   2 2   3 3
73 192 4   0 0   1 1   2 2   3 3
73 151 4   0 0   1 1   2 2   3 3
73 103 4   0 0   1 1   2 2   3 3
73 173 4   0 0   1 1   2 2   3 3
74 210 4   0 0   1 1   2 2   3 3
74 130 4   0 0   1 1   2 2   3 3
75 212 4   0 0   1 1   2 2   3 3
75 85 4   0 0   1 1   2 2   3 3
75 185 4   0 0   1 1   2 2   3 3
75 126 4   0 0   1 1   2 2   3 3
75 175 4   0 0   1 1   2 2   3 3
76 144 4   0 0   1 1   2 2   3 3
76 115 4   0 0   1 1   2 2   3 3
76 150 4   0 0   1 1   2 2   3 3
76 127 4   0 0   1 1   2 2   3 3
77 87 4   0 0   1 1   2 2   3 3
77 202 4   0 0   1 1   2 2   3 3
78 99 4   0 0   1 1   2 2   3 3
78 139 4   0 0   1 1   2 2   3 3
78 206 4   0 0   1 1   2 2   3 3
79 100 4   0 0   1 1   2 2   3 3
79 88 4   0 0   1 1   2 2   3 3
79 138 4   0 0   1 1   2 2   3 3
79 124 4   0 0   1 1   2 2   3 3
80 149 4   0 0   1 1   2 2   3 3
80 201 4   0 0   1 1   2 2   3 3
81 144 4   0 0   1 1   2 2   3 3
81 177 4   0 0   1 1   2 2   3 3
81 150 4   0 0   1 1   2 2   3 3
81 89 4   0 0   1 1   2 2   3 3
82 160 4   0 0   1 1   2 2   3 3
82 128 4   0 0   1 1   2 2   3 3
82 131 4   0 0   1 1   2 2   3 3
82 108 4   0 0   1 1   2 2   3 3
83 113 4   0 0   1 1   2 2   3 3
83 212 4   0 0   1 1   2 2   3 3
83 119 4   0 0   1 1   2 2   3 3
83 205 4   0 0   1 1   2 2   3 3
83 189 4   0 0   1 1   2 2   3 3
84 112 4   0 0   1 1   2 2   3 3
84 164 4   0 0   1 1   2 2   3 3
84 190 4   0 0   1 1   2 2   3 3
85 146 4   0 0   1 1   2 2   3 3
85 179 4   0 0   1 1   2 2   3 3
86 162 4   0 0   1 1   2 2   3 3
86 148 4   0 0   1 1   2 2   3 3
86 107 4   0 0   1 1   2 2   3 3
86 141 4   0 0   1 1   2 2   3 3
87 178 4   0 0   1 1   2 2   3 3
87 152 4   0 0   1 1   2 2   3 3
87 122 4   0 0   1 1   2 2   3 3
87 189 4   0 0   1 1   2 2   3 3
88 100 4   0 0   1 1   2 2   3 3
89 177 4   0 0   1 1   2 2   3 3
89 194 4   0 0   1 1   2 2   3 3
90 167 4   0 0   1 1   2 2   3 3
90 184 4   0 0   1 1   2 2   3 3
91 101 4   0 0   1 1   2 2   3 3
91 186 4   0 0   1 1   2 2   3 3
91 110 4   0 0   1 1   2 2   3 3
92 165 4   0 0   1 1   2 2   3 3
92 170 4   0 0   1 1   2 2   3 3
92 155 4   0 0   1 1   2 2   3 3
92 206 4   0 0   1 1   2 2   3 3
93 209 4   0 0   1 1   2 2   3 3
93 114 4   0 0   1 1   2 2   3 3
93 169 4   0 0   1 1   2 2   3 3
93 186 4   0 0   1 1   2 2   3 3
94 213 4   0 0   1 1   2 2   3 3
94 204 4   0 0   1 1   2 2   3 3
95 114 4   0 0   1 1   2 2   3 3
95 169 4   0 0   1 1   2 2   3 3
95 143 4   0 0   1 1   2 2   3 3
96 193 4   0 0   1 1   2 2   3 3
96 199 4   0 0   1 1   2 2   3 3
96 171 4   0 0   1 1   2 2   3 3
97 122 4   0 0   1 1   2 2   3 3
97 170 4   0 0   1 1   2 2   3 3
97 155 4   0 0   1 1   2 2   3 3
98 135 4   0 0   1 1   2 2   3 3
98 109 4   0 0   1 1   2 2   3 3
99 147 4   0 0   1 1   2 2   3 3
99 139 4   0 0   1 1   2 2   3 3
100 149 4   0 0   1 1   2 2   3 3
100 138 4   0 0   1 1   2 2   3 3
101 145 4   0 0   1 1   2 2   3 3
101 209 4   0 0   1 1   2 2   3 3
101 103 4   0 0   1 1   2 2   3 3
101 186 4   0 0   1 1   2 2   3 3
101 110 4   0 0   1 1   2 2   3 3
102 199 4   0 0   1 1   2 2   3 3
102 104 4   0 0   1 1   2 2   3 3
102 122 4   0 0   1 1   2 2   3 3
102 111 4   0 0   1 1   2 2   3 3
103 149 4   0 0   1 1   2 2   3 3
103 151 4   0 0   1 1   2 2   3 3
103 138 4   0 0   1 1   2 2   3 3
103 110 4   0 0   1 1   2 2   3 3
104 199 4   0 0   1 1   2 2   3 3
104 122 4   0 0   1 1   2 2   3 3
105 182 4   0 0   1 1   2 2   3 3
105 184 4   0 0   1 1   2 2   3 3
105 172 4   0 0   1 1   2 2   3 3
105 125 4   0 0   1 1   2 2   3 3
105 159 4   0 0   1 1   2 2   3 3
106 120 4   0 0   1 1   2 2   3 3
106 111 4   0 0   1 1   2 2   3 3
107 146 4   0 0   1 1   2 2   3 3
107 162 4   0 0   1 1   2 2   3 3
107 148 4   0 0   1 1   2 2   3 3
108 160 4   0 0   1 1   2 2   3 3
109 168 4   0 0   1 1   2 2   3 3
109 142 4   0 0   1 1   2 2   3 3
110 138 4   0 0   1 1   2 2   3 3
110 186 4   0 0   1 1   2 2   3 3
111 208 4   0 0   1 1   2 2   3 3
111 199 4   0 0   1 1   2 2   3 3
111 120 4   0 0   1 1   2 2   3 3
112 164 4   0 0   1 1   2 2   3 3
112 169 4   0 0   1 1   2 2   3 3
113 212 4   0 0   1 1   2 2   3 3
113 185 4   0 0   1 1   2 2   3 3
114 124 4   0 0   1 1   2 2   3 3
115 116 4   0 0   1 1   2 2   3 3
115 167 4   0 0   1 1   2 2   3 3
115 200 4   0 0   1 1   2 2   3 3
116 167 4   0 0   1 1   2 2   3 3
116 200 4   0 0   1 1   2 2   3 3
117 193 4   0 0   1 1   2 2   3 3
117 195 4   0 0   1 1   2 2   3 3
117 163 4   0 0   1 1   2 2   3 3
118 210 4   0 0   1 1   2 2   3 3
118 156 4   0 0   1 1   2 2   3 3
119 211 4   0 0   1 1   2 2   3 3
119 212 4   0 0   1 1   2 2   3 3
119 137 4   0 0   1 1   2 2   3 3
119 153 4   0 0   1 1   2 2   3 3
119 205 4   0 0   1 1   2 2   3 3
119 175 4   0 0   1 1   2 2   3 3
120 208 4   0 0   1 1   2 2   3 3
121 163 4   0 0   1 1   2 2   3 3
121 154 4   0 0   1 1   2 2   3 3
121 123 4   0 0   1 1   2 2   3 3
122 152 4   0 0   1 1   2 2   3 3
123 154 4   0 0   1 1   2 2   3 3
123 159 4   0 0   1 1   2 2   3 3
124 138 4   0 0   1 1   2 2   3 3
125 182 4   0 0   1 1   2 2   3 3
125 159 4   0 0   1 1   2 2   3 3
126 176 4   0 0   1 1   2 2   3 3
126 185 4   0 0   1 1   2 2   3 3
127 200 4   0 0   1 1   2 2   3 3
127 137 4   0 0   1 1   2 2   3 3
127 207 4   0 0   1 1   2 2   3 3
128 131 4   0 0   1 1   2 2   3 3
129 144 4   0 0   1 1   2 2   3 3
129 130 4   0 0   1 1   2 2   3 3
129 162 4   0 0   1 1   2 2   3 3
129 136 4   0 0   1 1   2 2   3 3
129 203 4   0 0   1 1   2 2   3 3
130 210 4   0 0   1 1   2 2   3 3
131 160 4   0 0   1 1   2 2   3 3
131 150 4   0 0   1 1   2 2   3 3
132 197 4   0 0   1 1   2 2   3 3
132 187 4   0 0   1 1   2 2   3 3
132 191 4   0 0   1 1   2 2   3 3
133 176 4   0 0   1 1   2 2   3 3
133 179 4   0 0   1 1   2 2   3 3
133 164 4   0 0   1 1   2 2   3 3
133 158 4   0 0   1 1   2 2   3 3
134 152 4   0 0   1 1   2 2   3 3
134 171 4   0 0   1 1   2 2   3 3
134 189 4   0 0   1 1   2 2   3 3
134 205 4   0 0   1 1   2 2   3 3
135 147 4   0 0   1 1   2 2   3 3
136 162 4   0 0   1 1   2 2   3 3
136 211 4   0 0   1 1   2 2   3 3
136 207 4   0 0   1 1   2 2   3 3
137 211 4   0 0   1 1   2 2   3 3
137 153 4   0 0   1 1   2 2   3 3
139 147 4   0 0   1 1   2 2   3 3
140 195 4   0 0   1 1   2 2   3 3
140 196 4   0 0   1 1   2 2   3 3
140 200 4   0 0   1 1   2 2   3 3
141 192 4   0 0   1 1   2 2   3 3
141 148 4   0 0   1 1   2 2   3 3
141 201 4   0 0   1 1   2 2   3 3
141 173 4   0 0   1 1   2 2   3 3
142 168 4   0 0   1 1   2 2   3 3
142 191 4   0 0   1 1   2 2   3 3
144 177 4   0 0   1 1   2 2   3 3
144 150 4   0 0   1 1   2 2   3 3
144 203 4   0 0   1 1   2 2   3 3
145 209 4   0 0   1 1   2 2   3 3
145 146 4   0 0   1 1   2 2   3 3
145 179 4   0 0   1 1   2 2   3 3
145 158 4   0 0   1 1   2 2   3 3
146 179 4   0 0   1 1   2 2   3 3
147 168 4   0 0   1 1   2 2   3 3
147 191 4   0 0   1 1   2 2   3 3
148 192 4   0 0   1 1   2 2   3 3
151 173 4   0 0   1 1   2 2   3 3
152 189 4   0 0   1 1   2 2   3 3
153 188 4   0 0   1 1   2 2   3 3
153 205 4   0 0   1 1   2 2   3 3
154 163 4   0 0   1 1   2 2   3 3
155 170 4   0 0   1 1   2 2   3 3
155 157 4   0 0   1 1   2 2   3 3
155 206 4   0 0   1 1   2 2   3 3
156 166 4   0 0   1 1   2 2   3 3
157 198 4   0 0   1 1   2 2   3 3
157 206 4   0 0   1 1   2 2   3 3
158 209 4   0 0   1 1   2 2   3 3
158 179 4   0 0   1 1   2 2   3 3
159 172 4   0 0   1 1   2 2   3 3
161 176 4   0 0   1 1   2 2   3 3
161 174 4   0 0   1 1   2 2   3 3
162 175 4   0 0   1 1   2 2   3 3
163 193 4   0 0   1 1   2 2   3 3
165 170 4   0 0   1 1   2 2   3 3
166 203 4   0 0   1 1   2 2   3 3
167 181 4   0 0   1 1   2 2   3 3
168 191 4   0 0   1 1   2 2   3 3
169 209 4   0 0   1 1   2 2   3 3
171 199 4   0 0   1 1   2 2   3 3
173 192 4   0 0   1 1   2 2   3 3
173 201 4   0 0   1 1   2 2   3 3
174 197 4   0 0   1 1   2 2   3 3
174 190 4   0 0   1 1   2 2   3 3
175 211 4   0 0   1 1   2 2   3 3
175 212 4   0 0   1 1   2 2   3 3
176 179 4   0 0   1 1   2 2   3 3
176 185 4   0 0   1 1   2 2   3 3
177 203 4   0 0   1 1   2 2   3 3
178 202 4   0 0   1 1   2 2   3 3
180 198 4   0 0   1 1   2 2   3 3
180 187 4   0 0   1 1   2 2   3 3
181 196 4   0 0   1 1   2 2   3 3
182 196 4   0 0   1 1   2 2   3 3
185 212 4   0 0   1 1   2 2   3 3
186 209 4   0 0   1 1   2 2   3 3
187 191 4   0 0   1 1   2 2   3 3
188 195 4   0 0   1 1   2 2   3 3
189 205 4   0 0   1 1   2 2   3 3
193 195 4   0 0   1 1   2 2   3 3
194 213 4   0 0   1 1   2 2   3 3
196 200 4   0 0   1 1   2 2   3 3
198 206 4   0 0   1 1   2 2   3 3
204 213 4   0 0   1 1   2 2   3 3
