257
1 4 0 1 2 3
2 4 0 1 2 3
3 4 0 1 2 3
4 4 0 1 2 3
5 4 0 1 2 3
6 4 0 1 2 3
7 4 0 1 2 3
8 4 0 1 2 3
9 4 0 1 2 3
10 4 0 1 2 3
11 4 0 1 2 3
12 4 0 1 2 3
13 4 0 1 2 3
14 4 0 1 2 3
15 4 0 1 2 3
16 4 0 1 2 3
17 4 0 1 2 3
18 4 0 1 2 3
19 4 0 1 2 3
20 4 0 1 2 3
21 4 0 1 2 3
22 4 0 1 2 3
23 4 0 1 2 3
24 4 0 1 2 3
25 4 0 1 2 3
26 4 0 1 2 3
27 4 0 1 2 3
28 4 0 1 2 3
29 4 0 1 2 3
30 4 0 1 2 3
31 4 0 1 2 3
32 4 0 1 2 3
33 4 0 1 2 3
34 4 0 1 2 3
35 4 0 1 2 3
36 4 0 1 2 3
37 4 0 1 2 3
38 4 0 1 2 3
39 4 0 1 2 3
40 4 0 1 2 3
41 4 0 1 2 3
42 4 0 1 2 3
43 4 0 1 2 3
44 4 0 1 2 3
45 4 0 1 2 3
46 4 0 1 2 3
47 4 0 1 2 3
48 4 0 1 2 3
49 4 0 1 2 3
50 4 0 1 2 3
51 4 0 1 2 3
52 4 0 1 2 3
53 4 0 1 2 3
54 4 0 1 2 3
55 4 0 1 2 3
56 4 0 1 2 3
57 4 0 1 2 3
58 4 0 1 2 3
59 4 0 1 2 3
60 4 0 1 2 3
61 4 0 1 2 3
62 4 0 1 2 3
63 4 0 1 2 3
64 4 0 1 2 3
65 4 0 1 2 3
66 4 0 1 2 3
67 4 0 1 2 3
68 4 0 1 2 3
69 4 0 1 2 3
70 4 0 1 2 3
71 4 0 1 2 3
72 4 0 1 2 3
73 4 0 1 2 3
74 4 0 1 2 3
75 4 0 1 2 3
76 4 0 1 2 3
77 4 0 1 2 3
78 4 0 1 2 3
79 4 0 1 2 3
80 4 0 1 2 3
81 4 0 1 2 3
82 4 0 1 2 3
83 4 0 1 2 3
84 4 0 1 2 3
85 4 0 1 2 3
86 4 0 1 2 3
87 4 0 1 2 3
88 4 0 1 2 3
89 4 0 1 2 3
90 4 0 1 2 3
91 4 0 1 2 3
92 4 0 1 2 3
93 4 0 1 2 3
94 4 0 1 2 3
95 4 0 1 2 3
96 4 0 1 2 3
97 4 0 1 2 3
98 4 0 1 2 3
99 4 0 1 2 3
100 4 0 1 2 3
101 4 0 1 2 3
102 4 0 1 2 3
103 4 0 1 2 3
104 4 0 1 2 3
105 4 0 1 2 3
106 4 0 1 2 3
107 4 0 1 2 3
108 4 0 1 2 3
109 4 0 1 2 3
110 4 0 1 2 3
111 4 0 1 2 3
112 4 0 1 2 3
113 4 0 1 2 3
114 4 0 1 2 3
115 4 0 1 2 3
116 4 0 1 2 3
117 4 0 1 2 3
118 4 0 1 2 3
119 4 0 1 2 3
120 4 0 1 2 3
121 4 0 1 2 3
122 4 0 1 2 3
123 4 0 1 2 3
124 4 0 1 2 3
125 4 0 1 2 3
126 4 0 1 2 3
127 4 0 1 2 3
128 4 0 1 2 3
129 4 0 1 2 3
130 4 0 1 2 3
131 4 0 1 2 3
132 4 0 1 2 3
133 4 0 1 2 3
134 4 0 1 2 3
135 4 0 1 2 3
136 4 0 1 2 3
137 4 0 1 2 3
138 4 0 1 2 3
139 4 0 1 2 3
140 4 0 1 2 3
141 4 0 1 2 3
142 4 0 1 2 3
143 4 0 1 2 3
144 4 0 1 2 3
145 4 0 1 2 3
146 4 0 1 2 3
147 4 0 1 2 3
148 4 0 1 2 3
149 4 0 1 2 3
150 4 0 1 2 3
151 4 0 1 2 3
152 4 0 1 2 3
153 4 0 1 2 3
154 4 0 1 2 3
155 4 0 1 2 3
156 4 0 1 2 3
157 4 0 1 2 3
158 4 0 1 2 3
159 4 0 1 2 3
160 4 0 1 2 3
161 4 0 1 2 3
162 4 0 1 2 3
163 4 0 1 2 3
164 4 0 1 2 3
165 4 0 1 2 3
166 4 0 1 2 3
167 4 0 1 2 3
168 4 0 1 2 3
169 4 0 1 2 3
170 4 0 1 2 3
171 4 0 1 2 3
172 4 0 1 2 3
173 4 0 1 2 3
174 4 0 1 2 3
175 4 0 1 2 3
176 4 0 1 2 3
177 4 0 1 2 3
178 4 0 1 2 3
179 4 0 1 2 3
180 4 0 1 2 3
181 4 0 1 2 3
182 4 0 1 2 3
183 4 0 1 2 3
184 4 0 1 2 3
185 4 0 1 2 3
186 4 0 1 2 3
187 4 0 1 2 3
188 4 0 1 2 3
189 4 0 1 2 3
190 4 0 1 2 3
191 4 0 1 2 3
192 4 0 1 2 3
193 4 0 1 2 3
194 4 0 1 2 3
195 4 0 1 2 3
196 4 0 1 2 3
197 4 0 1 2 3
198 4 0 1 2 3
199 4 0 1 2 3
200 4 0 1 2 3
201 4 0 1 2 3
202 4 0 1 2 3
203 4 0 1 2 3
204 4 0 1 2 3
205 4 0 1 2 3
206 4 0 1 2 3
207 4 0 1 2 3
208 4 0 1 2 3
209 4 0 1 2 3
210 4 0 1 2 3
211 4 0 1 2 3
212 4 0 1 2 3
213 4 0 1 2 3
214 4 0 1 2 3
215 4 0 1 2 3
216 4 0 1 2 3
217 4 0 1 2 3
218 4 0 1 2 3
219 4 0 1 2 3
220 4 0 1 2 3
221 4 0 1 2 3
222 4 0 1 2 3
223 4 0 1 2 3
224 4 0 1 2 3
225 4 0 1 2 3
226 4 0 1 2 3
227 4 0 1 2 3
228 4 0 1 2 3
229 4 0 1 2 3
230 4 0 1 2 3
231 4 0 1 2 3
232 4 0 1 2 3
233 4 0 1 2 3
234 4 0 1 2 3
235 4 0 1 2 3
236 4 0 1 2 3
237 4 0 1 2 3
238 4 0 1 2 3
239 4 0 1 2 3
240 4 0 1 2 3
241 4 0 1 2 3
242 4 0 1 2 3
243 4 0 1 2 3
244 4 0 1 2 3
245 4 0 1 2 3
246 4 0 1 2 3
247 4 0 1 2 3
248 4 0 1 2 3
249 4 0 1 2 3
250 4 0 1 2 3
251 4 0 1 2 3
252 4 0 1 2 3
253 4 0 1 2 3
254 4 0 1 2 3
255 4 0 1 2 3
256 4 0 1 2 3
257 4 0 1 2 3
715
1 212 4   0 0   1 1   2 2   3 3
1 200 4   0 0   1 1   2 2   3 3
1 201 4   0 0   1 1   2 2   3 3
1 187 4   0 0   1 1   2 2   3 3
1 238 4   0 0   1 1   2 2   3 3
1 239 4   0 0   1 1   2 2   3 3
2 134 4   0 0   1 1   2 2   3 3
2 120 4   0 0   1 1   2 2   3 3
2 92 4   0 0   1 1   2 2   3 3
2 61 4   0 0   1 1   2 2   3 3
3 69 4   0 0   1 1   2 2   3 3
3 136 4   0 0   1 1   2 2   3 3
3 236 4   0 0   1 1   2 2   3 3
3 158 4   0 0   1 1   2 2   3 3
3 174 4   0 0   1 1   2 2   3 3
4 161 4   0 0   1 1   2 2   3 3
4 211 4   0 0   1 1   2 2   3 3
4 88 4   0 0   1 1   2 2   3 3
4 139 4   0 0   1 1   2 2   3 3
5 65 4   0 0   1 1   2 2   3 3
5 162 4   0 0   1 1   2 2   3 3
5 130 4   0 0   1 1   2 2   3 3
5 115 4   0 0   1 1   2 2   3 3
5 185 4   0 0   1 1   2 2   3 3
5 155 4   0 0   1 1   2 2   3 3
5 220 4   0 0   1 1   2 2   3 3
5 31 4   0 0   1 1   2 2   3 3
6 96 4   0 0   1 1   2 2   3 3
6 209 4   0 0   1 1   2 2   3 3
6 21 4   0 0   1 1   2 2   3 3
6 169 4   0 0   1 1   2 2   3 3
6 124 4   0 0   1 1   2 2   3 3
7 228 4   0 0   1 1   2 2   3 3
7 68 4   0 0   1 1   2 2   3 3
7 121 4   0 0   1 1   2 2   3 3
7 74 4   0 0   1 1   2 2   3 3
7 63 4   0 0   1 1   2 2   3 3
7 111 4   0 0   1 1   2 2   3 3
8 160 4   0 0   1 1   2 2   3 3
8 112 4   0 0   1 1   2 2   3 3
8 129 4   0 0   1 1   2 2   3 3
8 52 4   0 0   1 1   2 2   3 3
8 55 4   0 0   1 1   2 2   3 3
8 217 4   0 0   1 1   2 2   3 3
8 219 4   0 0   1 1   2 2   3 3
8 79 4   0 0   1 1   2 2   3 3
9 241 4   0 0   1 1   2 2   3 3
9 180 4   0 0   1 1   2 2   3 3
9 231 4   0 0   1 1   2 2   3 3
9 188 4   0 0   1 1   2 2   3 3
9 255 4   0 0   1 1   2 2   3 3
10 81 4   0 0   1 1   2 2   3 3
10 228 4   0 0   1 1   2 2   3 3
10 184 4   0 0   1 1   2 2   3 3
10 58 4   0 0   1 1   2 2   3 3
10 234 4   0 0   1 1   2 2   3 3
10 205 4   0 0   1 1   2 2   3 3
10 14 4   0 0   1 1   2 2   3 3
11 128 4   0 0   1 1   2 2   3 3
11 164 4   0 0   1 1   2 2   3 3
11 45 4   0 0   1 1   2 2   3 3
12 96 4   0 0   1 1   2 2   3 3
12 80 4   0 0   1 1   2 2   3 3
12 49 4   0 0   1 1   2 2   3 3
12 21 4   0 0   1 1   2 2   3 3
12 118 4   0 0   1 1   2 2   3 3
12 119 4   0 0   1 1   2 2   3 3
12 91 4   0 0   1 1   2 2   3 3
13 176 4   0 0   1 1   2 2   3 3
13 18 4   0 0   1 1   2 2   3 3
13 131 4   0 0   1 1   2 2   3 3
14 81 4   0 0   1 1   2 2   3 3
14 184 4   0 0   1 1   2 2   3 3
14 111 4   0 0   1 1   2 2   3 3
15 33 4   0 0   1 1   2 2   3 3
15 85 4   0 0   1 1   2 2   3 3
15 230 4   0 0   1 1   2 2   3 3
15 135 4   0 0   1 1   2 2   3 3
15 170 4   0 0   1 1   2 2   3 3
16 118 4   0 0   1 1   2 2   3 3
16 38 4   0 0   1 1   2 2   3 3
16 120 4   0 0   1 1   2 2   3 3
16 216 4   0 0   1 1   2 2   3 3
16 137 4   0 0   1 1   2 2   3 3
16 78 4   0 0   1 1   2 2   3 3
17 97 4   0 0   1 1   2 2   3 3
17 101 4   0 0   1 1   2 2   3 3
17 165 4   0 0   1 1   2 2   3 3
17 42 4   0 0   1 1   2 2   3 3
17 187 4   0 0   1 1   2 2   3 3
17 235 4   0 0   1 1   2 2   3 3
17 108 4   0 0   1 1   2 2   3 3
17 237 4   0 0   1 1   2 2   3 3
17 206 4   0 0   1 1   2 2   3 3
17 143 4   0 0   1 1   2 2   3 3
18 131 4   0 0   1 1   2 2   3 3
18 214 4   0 0   1 1   2 2   3 3
18 200 4   0 0   1 1   2 2   3 3
18 26 4   0 0   1 1   2 2   3 3
19 150 4   0 0   1 1   2 2   3 3
19 59 4   0 0   1 1   2 2   3 3
20 34 4   0 0   1 1   2 2   3 3
20 210 4   0 0   1 1   2 2   3 3
20 168 4   0 0   1 1   2 2   3 3
20 251 4   0 0   1 1   2 2   3 3
20 158 4   0 0   1 1   2 2   3 3
21 96 4   0 0   1 1   2 2   3 3
21 179 4   0 0   1 1   2 2   3 3
21 197 4   0 0   1 1   2 2   3 3
21 72 4   0 0   1 1   2 2   3 3
21 91 4   0 0   1 1   2 2   3 3
21 124 4   0 0   1 1   2 2   3 3
22 162 4   0 0   1 1   2 2   3 3
22 195 4   0 0   1 1   2 2   3 3
22 246 4   0 0   1 1   2 2   3 3
22 220 4   0 0   1 1   2 2   3 3
22 157 4   0 0   1 1   2 2   3 3
23 256 4   0 0   1 1   2 2   3 3
23 211 4   0 0   1 1   2 2   3 3
23 37 4   0 0   1 1   2 2   3 3
23 70 4   0 0   1 1   2 2   3 3
23 45 4   0 0   1 1   2 2   3 3
24 257 4   0 0   1 1   2 2   3 3
24 242 4   0 0   1 1   2 2   3 3
24 116 4   0 0   1 1   2 2   3 3
24 107 4   0 0   1 1   2 2   3 3
24 253 4   0 0   1 1   2 2   3 3
25 34 4   0 0   1 1   2 2   3 3
25 214 4   0 0   1 1   2 2   3 3
25 168 4   0 0   1 1   2 2   3 3
25 26 4   0 0   1 1   2 2   3 3
26 34 4   0 0   1 1   2 2   3 3
26 150 4   0 0   1 1   2 2   3 3
26 214 4   0 0   1 1   2 2   3 3
27 132 4   0 0   1 1   2 2   3 3
27 70 4   0 0   1 1   2 2   3 3
27 183 4   0 0   1 1   2 2   3 3
27 151 4   0 0   1 1   2 2   3 3
27 43 4   0 0   1 1   2 2   3 3
27 139 4   0 0   1 1   2 2   3 3
28 249 4   0 0   1 1   2 2   3 3
28 186 4   0 0   1 1   2 2   3 3
29 98 4   0 0   1 1   2 2   3 3
29 55 4   0 0   1 1   2 2   3 3
29 217 4   0 0   1 1   2 2   3 3
29 250 4   0 0   1 1   2 2   3 3
30 229 4   0 0   1 1   2 2   3 3
30 103 4   0 0   1 1   2 2   3 3
30 253 4   0 0   1 1   2 2   3 3
30 191 4   0 0   1 1   2 2   3 3
31 65 4   0 0   1 1   2 2   3 3
31 89 4   0 0   1 1   2 2   3 3
31 155 4   0 0   1 1   2 2   3 3
31 159 4   0 0   1 1   2 2   3 3
31 95 4   0 0   1 1   2 2   3 3
32 104 4   0 0   1 1   2 2   3 3
32 152 4   0 0   1 1   2 2   3 3
32 248 4   0 0   1 1   2 2   3 3
32 252 4   0 0   1 1   2 2   3 3
33 257 4   0 0   1 1   2 2   3 3
33 85 4   0 0   1 1   2 2   3 3
33 103 4   0 0   1 1   2 2   3 3
33 170 4   0 0   1 1   2 2   3 3
33 253 4   0 0   1 1   2 2   3 3
34 69 4   0 0   1 1   2 2   3 3
34 150 4   0 0   1 1   2 2   3 3
34 168 4   0 0   1 1   2 2   3 3
34 158 4   0 0   1 1   2 2   3 3
35 240 4   0 0   1 1   2 2   3 3
35 82 4   0 0   1 1   2 2   3 3
35 117 4   0 0   1 1   2 2   3 3
35 54 4   0 0   1 1   2 2   3 3
35 41 4   0 0   1 1   2 2   3 3
35 233 4   0 0   1 1   2 2   3 3
35 172 4   0 0   1 1   2 2   3 3
35 223 4   0 0   1 1   2 2   3 3
36 193 4   0 0   1 1   2 2   3 3
36 134 4   0 0   1 1   2 2   3 3
36 249 4   0 0   1 1   2 2   3 3
36 186 4   0 0   1 1   2 2   3 3
36 61 4   0 0   1 1   2 2   3 3
36 141 4   0 0   1 1   2 2   3 3
37 166 4   0 0   1 1   2 2   3 3
37 202 4   0 0   1 1   2 2   3 3
37 45 4   0 0   1 1   2 2   3 3
38 199 4   0 0   1 1   2 2   3 3
38 216 4   0 0   1 1   2 2   3 3
38 78 4   0 0   1 1   2 2   3 3
38 190 4   0 0   1 1   2 2   3 3
38 46 4   0 0   1 1   2 2   3 3
38 127 4   0 0   1 1   2 2   3 3
39 213 4   0 0   1 1   2 2   3 3
39 215 4   0 0   1 1   2 2   3 3
39 218 4   0 0   1 1   2 2   3 3
39 187 4   0 0   1 1   2 2   3 3
39 235 4   0 0   1 1   2 2   3 3
39 175 4   0 0   1 1   2 2   3 3
40 229 4   0 0   1 1   2 2   3 3
40 85 4   0 0   1 1   2 2   3 3
40 103 4   0 0   1 1   2 2   3 3
41 160 4   0 0   1 1   2 2   3 3
41 82 4   0 0   1 1   2 2   3 3
41 93 4   0 0   1 1   2 2   3 3
41 223 4   0 0   1 1   2 2   3 3
41 79 4   0 0   1 1   2 2   3 3
42 187 4   0 0   1 1   2 2   3 3
42 142 4   0 0   1 1   2 2   3 3
42 206 4   0 0   1 1   2 2   3 3
42 239 4   0 0   1 1   2 2   3 3
43 132 4   0 0   1 1   2 2   3 3
43 149 4   0 0   1 1   2 2   3 3
43 70 4   0 0   1 1   2 2   3 3
43 57 4   0 0   1 1   2 2   3 3
43 106 4   0 0   1 1   2 2   3 3
44 231 4   0 0   1 1   2 2   3 3
44 104 4   0 0   1 1   2 2   3 3
44 75 4   0 0   1 1   2 2   3 3
44 91 4   0 0   1 1   2 2   3 3
44 76 4   0 0   1 1   2 2   3 3
44 77 4   0 0   1 1   2 2   3 3
45 256 4   0 0   1 1   2 2   3 3
45 128 4   0 0   1 1   2 2   3 3
45 166 4   0 0   1 1   2 2   3 3
46 225 4   0 0   1 1   2 2   3 3
46 99 4   0 0   1 1   2 2   3 3
46 216 4   0 0   1 1   2 2   3 3
46 190 4   0 0   1 1   2 2   3 3
47 230 4   0 0   1 1   2 2   3 3
47 123 4   0 0   1 1   2 2   3 3
48 145 4   0 0   1 1   2 2   3 3
48 180 4   0 0   1 1   2 2   3 3
48 252 4   0 0   1 1   2 2   3 3
48 77 4   0 0   1 1   2 2   3 3
48 255 4   0 0   1 1   2 2   3 3
49 118 4   0 0   1 1   2 2   3 3
49 104 4   0 0   1 1   2 2   3 3
49 152 4   0 0   1 1   2 2   3 3
49 137 4   0 0   1 1   2 2   3 3
49 154 4   0 0   1 1   2 2   3 3
49 91 4   0 0   1 1   2 2   3 3
50 257 4   0 0   1 1   2 2   3 3
50 146 4   0 0   1 1   2 2   3 3
50 170 4   0 0   1 1   2 2   3 3
50 122 4   0 0   1 1   2 2   3 3
50 222 4   0 0   1 1   2 2   3 3
51 113 4   0 0   1 1   2 2   3 3
51 71 4   0 0   1 1   2 2   3 3
51 105 4   0 0   1 1   2 2   3 3
51 233 4   0 0   1 1   2 2   3 3
51 171 4   0 0   1 1   2 2   3 3
51 110 4   0 0   1 1   2 2   3 3
52 217 4   0 0   1 1   2 2   3 3
52 79 4   0 0   1 1   2 2   3 3
53 94 4   0 0   1 1   2 2   3 3
53 190 4   0 0   1 1   2 2   3 3
53 223 4   0 0   1 1   2 2   3 3
54 240 4   0 0   1 1   2 2   3 3
54 144 4   0 0   1 1   2 2   3 3
54 172 4   0 0   1 1   2 2   3 3
55 129 4   0 0   1 1   2 2   3 3
55 167 4   0 0   1 1   2 2   3 3
55 217 4   0 0   1 1   2 2   3 3
55 250 4   0 0   1 1   2 2   3 3
56 244 4   0 0   1 1   2 2   3 3
56 181 4   0 0   1 1   2 2   3 3
56 245 4   0 0   1 1   2 2   3 3
56 183 4   0 0   1 1   2 2   3 3
56 169 4   0 0   1 1   2 2   3 3
56 156 4   0 0   1 1   2 2   3 3
57 128 4   0 0   1 1   2 2   3 3
57 106 4   0 0   1 1   2 2   3 3
57 221 4   0 0   1 1   2 2   3 3
58 193 4   0 0   1 1   2 2   3 3
58 134 4   0 0   1 1   2 2   3 3
58 234 4   0 0   1 1   2 2   3 3
58 205 4   0 0   1 1   2 2   3 3
59 192 4   0 0   1 1   2 2   3 3
59 229 4   0 0   1 1   2 2   3 3
59 150 4   0 0   1 1   2 2   3 3
59 247 4   0 0   1 1   2 2   3 3
60 96 4   0 0   1 1   2 2   3 3
60 80 4   0 0   1 1   2 2   3 3
60 224 4   0 0   1 1   2 2   3 3
60 169 4   0 0   1 1   2 2   3 3
61 134 4   0 0   1 1   2 2   3 3
61 88 4   0 0   1 1   2 2   3 3
61 186 4   0 0   1 1   2 2   3 3
61 92 4   0 0   1 1   2 2   3 3
62 194 4   0 0   1 1   2 2   3 3
62 99 4   0 0   1 1   2 2   3 3
62 83 4   0 0   1 1   2 2   3 3
62 87 4   0 0   1 1   2 2   3 3
62 94 4   0 0   1 1   2 2   3 3
62 207 4   0 0   1 1   2 2   3 3
63 81 4   0 0   1 1   2 2   3 3
63 228 4   0 0   1 1   2 2   3 3
63 111 4   0 0   1 1   2 2   3 3
64 72 4   0 0   1 1   2 2   3 3
64 75 4   0 0   1 1   2 2   3 3
64 76 4   0 0   1 1   2 2   3 3
64 109 4   0 0   1 1   2 2   3 3
65 130 4   0 0   1 1   2 2   3 3
65 89 4   0 0   1 1   2 2   3 3
65 171 4   0 0   1 1   2 2   3 3
66 145 4   0 0   1 1   2 2   3 3
66 185 4   0 0   1 1   2 2   3 3
66 138 4   0 0   1 1   2 2   3 3
66 173 4   0 0   1 1   2 2   3 3
66 255 4   0 0   1 1   2 2   3 3
67 209 4   0 0   1 1   2 2   3 3
67 179 4   0 0   1 1   2 2   3 3
67 148 4   0 0   1 1   2 2   3 3
67 100 4   0 0   1 1   2 2   3 3
67 153 4   0 0   1 1   2 2   3 3
67 124 4   0 0   1 1   2 2   3 3
68 129 4   0 0   1 1   2 2   3 3
68 227 4   0 0   1 1   2 2   3 3
68 147 4   0 0   1 1   2 2   3 3
68 121 4   0 0   1 1   2 2   3 3
68 74 4   0 0   1 1   2 2   3 3
69 150 4   0 0   1 1   2 2   3 3
69 247 4   0 0   1 1   2 2   3 3
69 174 4   0 0   1 1   2 2   3 3
69 158 4   0 0   1 1   2 2   3 3
70 256 4   0 0   1 1   2 2   3 3
70 178 4   0 0   1 1   2 2   3 3
70 211 4   0 0   1 1   2 2   3 3
70 149 4   0 0   1 1   2 2   3 3
70 139 4   0 0   1 1   2 2   3 3
71 113 4   0 0   1 1   2 2   3 3
71 89 4   0 0   1 1   2 2   3 3
71 233 4   0 0   1 1   2 2   3 3
71 172 4   0 0   1 1   2 2   3 3
72 179 4   0 0   1 1   2 2   3 3
72 197 4   0 0   1 1   2 2   3 3
72 76 4   0 0   1 1   2 2   3 3
72 109 4   0 0   1 1   2 2   3 3
73 145 4   0 0   1 1   2 2   3 3
73 199 4   0 0   1 1   2 2   3 3
73 138 4   0 0   1 1   2 2   3 3
74 227 4   0 0   1 1   2 2   3 3
74 228 4   0 0   1 1   2 2   3 3
74 232 4   0 0   1 1   2 2   3 3
74 223 4   0 0   1 1   2 2   3 3
75 133 4   0 0   1 1   2 2   3 3
75 231 4   0 0   1 1   2 2   3 3
75 136 4   0 0   1 1   2 2   3 3
75 236 4   0 0   1 1   2 2   3 3
75 76 4   0 0   1 1   2 2   3 3
75 109 4   0 0   1 1   2 2   3 3
76 197 4   0 0   1 1   2 2   3 3
76 91 4   0 0   1 1   2 2   3 3
77 180 4   0 0   1 1   2 2   3 3
77 231 4   0 0   1 1   2 2   3 3
77 104 4   0 0   1 1   2 2   3 3
77 252 4   0 0   1 1   2 2   3 3
78 137 4   0 0   1 1   2 2   3 3
78 127 4   0 0   1 1   2 2   3 3
79 160 4   0 0   1 1   2 2   3 3
79 82 4   0 0   1 1   2 2   3 3
79 217 4   0 0   1 1   2 2   3 3
80 96 4   0 0   1 1   2 2   3 3
80 224 4   0 0   1 1   2 2   3 3
80 119 4   0 0   1 1   2 2   3 3
81 228 4   0 0   1 1   2 2   3 3
81 111 4   0 0   1 1   2 2   3 3
82 117 4   0 0   1 1   2 2   3 3
82 217 4   0 0   1 1   2 2   3 3
82 110 4   0 0   1 1   2 2   3 3
83 232 4   0 0   1 1   2 2   3 3
83 94 4   0 0   1 1   2 2   3 3
83 207 4   0 0   1 1   2 2   3 3
84 241 4   0 0   1 1   2 2   3 3
84 242 4   0 0   1 1   2 2   3 3
84 133 4   0 0   1 1   2 2   3 3
84 136 4   0 0   1 1   2 2   3 3
84 107 4   0 0   1 1   2 2   3 3
85 103 4   0 0   1 1   2 2   3 3
86 228 4   0 0   1 1   2 2   3 3
86 87 4   0 0   1 1   2 2   3 3
86 205 4   0 0   1 1   2 2   3 3
86 207 4   0 0   1 1   2 2   3 3
87 225 4   0 0   1 1   2 2   3 3
87 194 4   0 0   1 1   2 2   3 3
87 134 4   0 0   1 1   2 2   3 3
87 216 4   0 0   1 1   2 2   3 3
87 205 4   0 0   1 1   2 2   3 3
87 207 4   0 0   1 1   2 2   3 3
88 161 4   0 0   1 1   2 2   3 3
88 211 4   0 0   1 1   2 2   3 3
88 186 4   0 0   1 1   2 2   3 3
88 92 4   0 0   1 1   2 2   3 3
89 113 4   0 0   1 1   2 2   3 3
89 171 4   0 0   1 1   2 2   3 3
89 172 4   0 0   1 1   2 2   3 3
89 95 4   0 0   1 1   2 2   3 3
90 209 4   0 0   1 1   2 2   3 3
90 163 4   0 0   1 1   2 2   3 3
90 100 4   0 0   1 1   2 2   3 3
90 169 4   0 0   1 1   2 2   3 3
90 108 4   0 0   1 1   2 2   3 3
90 237 4   0 0   1 1   2 2   3 3
91 197 4   0 0   1 1   2 2   3 3
91 104 4   0 0   1 1   2 2   3 3
92 208 4   0 0   1 1   2 2   3 3
92 161 4   0 0   1 1   2 2   3 3
92 120 4   0 0   1 1   2 2   3 3
93 160 4   0 0   1 1   2 2   3 3
93 227 4   0 0   1 1   2 2   3 3
93 254 4   0 0   1 1   2 2   3 3
93 223 4   0 0   1 1   2 2   3 3
94 99 4   0 0   1 1   2 2   3 3
94 232 4   0 0   1 1   2 2   3 3
94 190 4   0 0   1 1   2 2   3 3
94 223 4   0 0   1 1   2 2   3 3
95 144 4   0 0   1 1   2 2   3 3
95 199 4   0 0   1 1   2 2   3 3
95 172 4   0 0   1 1   2 2   3 3
95 159 4   0 0   1 1   2 2   3 3
96 169 4   0 0   1 1   2 2   3 3
97 148 4   0 0   1 1   2 2   3 3
97 215 4   0 0   1 1   2 2   3 3
97 218 4   0 0   1 1   2 2   3 3
97 235 4   0 0   1 1   2 2   3 3
97 108 4   0 0   1 1   2 2   3 3
98 167 4   0 0   1 1   2 2   3 3
98 105 4   0 0   1 1   2 2   3 3
98 217 4   0 0   1 1   2 2   3 3
98 250 4   0 0   1 1   2 2   3 3
98 110 4   0 0   1 1   2 2   3 3
99 225 4   0 0   1 1   2 2   3 3
99 194 4   0 0   1 1   2 2   3 3
99 190 4   0 0   1 1   2 2   3 3
100 209 4   0 0   1 1   2 2   3 3
100 148 4   0 0   1 1   2 2   3 3
100 108 4   0 0   1 1   2 2   3 3
101 226 4   0 0   1 1   2 2   3 3
101 196 4   0 0   1 1   2 2   3 3
101 165 4   0 0   1 1   2 2   3 3
101 143 4   0 0   1 1   2 2   3 3
102 196 4   0 0   1 1   2 2   3 3
102 165 4   0 0   1 1   2 2   3 3
102 140 4   0 0   1 1   2 2   3 3
102 221 4   0 0   1 1   2 2   3 3
103 229 4   0 0   1 1   2 2   3 3
103 253 4   0 0   1 1   2 2   3 3
104 152 4   0 0   1 1   2 2   3 3
104 252 4   0 0   1 1   2 2   3 3
105 171 4   0 0   1 1   2 2   3 3
105 110 4   0 0   1 1   2 2   3 3
106 132 4   0 0   1 1   2 2   3 3
106 181 4   0 0   1 1   2 2   3 3
106 140 4   0 0   1 1   2 2   3 3
106 156 4   0 0   1 1   2 2   3 3
106 221 4   0 0   1 1   2 2   3 3
106 126 4   0 0   1 1   2 2   3 3
107 241 4   0 0   1 1   2 2   3 3
107 242 4   0 0   1 1   2 2   3 3
107 116 4   0 0   1 1   2 2   3 3
108 148 4   0 0   1 1   2 2   3 3
108 237 4   0 0   1 1   2 2   3 3
109 153 4   0 0   1 1   2 2   3 3
109 236 4   0 0   1 1   2 2   3 3
109 158 4   0 0   1 1   2 2   3 3
110 117 4   0 0   1 1   2 2   3 3
110 233 4   0 0   1 1   2 2   3 3
110 217 4   0 0   1 1   2 2   3 3
111 121 4   0 0   1 1   2 2   3 3
112 129 4   0 0   1 1   2 2   3 3
112 219 4   0 0   1 1   2 2   3 3
113 171 4   0 0   1 1   2 2   3 3
114 224 4   0 0   1 1   2 2   3 3
114 198 4   0 0   1 1   2 2   3 3
114 119 4   0 0   1 1   2 2   3 3
114 151 4   0 0   1 1   2 2   3 3
115 130 4   0 0   1 1   2 2   3 3
115 220 4   0 0   1 1   2 2   3 3
116 257 4   0 0   1 1   2 2   3 3
116 241 4   0 0   1 1   2 2   3 3
116 246 4   0 0   1 1   2 2   3 3
117 233 4   0 0   1 1   2 2   3 3
118 208 4   0 0   1 1   2 2   3 3
118 198 4   0 0   1 1   2 2   3 3
118 119 4   0 0   1 1   2 2   3 3
118 120 4   0 0   1 1   2 2   3 3
118 137 4   0 0   1 1   2 2   3 3
119 224 4   0 0   1 1   2 2   3 3
119 198 4   0 0   1 1   2 2   3 3
120 208 4   0 0   1 1   2 2   3 3
120 134 4   0 0   1 1   2 2   3 3
120 216 4   0 0   1 1   2 2   3 3
121 129 4   0 0   1 1   2 2   3 3
122 257 4   0 0   1 1   2 2   3 3
122 246 4   0 0   1 1   2 2   3 3
122 203 4   0 0   1 1   2 2   3 3
122 189 4   0 0   1 1   2 2   3 3
122 157 4   0 0   1 1   2 2   3 3
122 222 4   0 0   1 1   2 2   3 3
123 230 4   0 0   1 1   2 2   3 3
123 135 4   0 0   1 1   2 2   3 3
123 203 4   0 0   1 1   2 2   3 3
123 222 4   0 0   1 1   2 2   3 3
124 209 4   0 0   1 1   2 2   3 3
124 179 4   0 0   1 1   2 2   3 3
125 220 4   0 0   1 1   2 2   3 3
125 189 4   0 0   1 1   2 2   3 3
125 157 4   0 0   1 1   2 2   3 3
126 132 4   0 0   1 1   2 2   3 3
126 181 4   0 0   1 1   2 2   3 3
126 245 4   0 0   1 1   2 2   3 3
126 183 4   0 0   1 1   2 2   3 3
127 182 4   0 0   1 1   2 2   3 3
127 199 4   0 0   1 1   2 2   3 3
127 152 4   0 0   1 1   2 2   3 3
127 248 4   0 0   1 1   2 2   3 3
127 137 4   0 0   1 1   2 2   3 3
128 256 4   0 0   1 1   2 2   3 3
128 178 4   0 0   1 1   2 2   3 3
128 164 4   0 0   1 1   2 2   3 3
128 149 4   0 0   1 1   2 2   3 3
129 147 4   0 0   1 1   2 2   3 3
129 219 4   0 0   1 1   2 2   3 3
130 171 4   0 0   1 1   2 2   3 3
131 176 4   0 0   1 1   2 2   3 3
131 212 4   0 0   1 1   2 2   3 3
131 200 4   0 0   1 1   2 2   3 3
131 201 4   0 0   1 1   2 2   3 3
132 183 4   0 0   1 1   2 2   3 3
133 241 4   0 0   1 1   2 2   3 3
133 231 4   0 0   1 1   2 2   3 3
133 136 4   0 0   1 1   2 2   3 3
134 193 4   0 0   1 1   2 2   3 3
134 216 4   0 0   1 1   2 2   3 3
135 146 4   0 0   1 1   2 2   3 3
135 230 4   0 0   1 1   2 2   3 3
135 170 4   0 0   1 1   2 2   3 3
135 222 4   0 0   1 1   2 2   3 3
136 243 4   0 0   1 1   2 2   3 3
136 236 4   0 0   1 1   2 2   3 3
136 174 4   0 0   1 1   2 2   3 3
137 152 4   0 0   1 1   2 2   3 3
137 154 4   0 0   1 1   2 2   3 3
138 145 4   0 0   1 1   2 2   3 3
138 199 4   0 0   1 1   2 2   3 3
138 185 4   0 0   1 1   2 2   3 3
138 155 4   0 0   1 1   2 2   3 3
138 159 4   0 0   1 1   2 2   3 3
139 208 4   0 0   1 1   2 2   3 3
139 161 4   0 0   1 1   2 2   3 3
139 211 4   0 0   1 1   2 2   3 3
139 151 4   0 0   1 1   2 2   3 3
140 163 4   0 0   1 1   2 2   3 3
140 165 4   0 0   1 1   2 2   3 3
140 156 4   0 0   1 1   2 2   3 3
140 237 4   0 0   1 1   2 2   3 3
140 221 4   0 0   1 1   2 2   3 3
141 193 4   0 0   1 1   2 2   3 3
141 184 4   0 0   1 1   2 2   3 3
141 249 4   0 0   1 1   2 2   3 3
141 234 4   0 0   1 1   2 2   3 3
141 204 4   0 0   1 1   2 2   3 3
142 206 4   0 0   1 1   2 2   3 3
142 239 4   0 0   1 1   2 2   3 3
143 177 4   0 0   1 1   2 2   3 3
143 226 4   0 0   1 1   2 2   3 3
143 206 4   0 0   1 1   2 2   3 3
144 240 4   0 0   1 1   2 2   3 3
144 199 4   0 0   1 1   2 2   3 3
144 172 4   0 0   1 1   2 2   3 3
145 199 4   0 0   1 1   2 2   3 3
145 248 4   0 0   1 1   2 2   3 3
145 252 4   0 0   1 1   2 2   3 3
145 255 4   0 0   1 1   2 2   3 3
146 170 4   0 0   1 1   2 2   3 3
146 222 4   0 0   1 1   2 2   3 3
147 227 4   0 0   1 1   2 2   3 3
147 219 4   0 0   1 1   2 2   3 3
147 254 4   0 0   1 1   2 2   3 3
148 210 4   0 0   1 1   2 2   3 3
148 213 4   0 0   1 1   2 2   3 3
148 153 4   0 0   1 1   2 2   3 3
148 218 4   0 0   1 1   2 2   3 3
149 178 4   0 0   1 1   2 2   3 3
150 247 4   0 0   1 1   2 2   3 3
151 224 4   0 0   1 1   2 2   3 3
151 208 4   0 0   1 1   2 2   3 3
151 198 4   0 0   1 1   2 2   3 3
151 183 4   0 0   1 1   2 2   3 3
152 248 4   0 0   1 1   2 2   3 3
152 154 4   0 0   1 1   2 2   3 3
153 210 4   0 0   1 1   2 2   3 3
153 179 4   0 0   1 1   2 2   3 3
153 158 4   0 0   1 1   2 2   3 3
155 185 4   0 0   1 1   2 2   3 3
155 159 4   0 0   1 1   2 2   3 3
156 163 4   0 0   1 1   2 2   3 3
156 181 4   0 0   1 1   2 2   3 3
156 169 4   0 0   1 1   2 2   3 3
157 246 4   0 0   1 1   2 2   3 3
157 220 4   0 0   1 1   2 2   3 3
157 189 4   0 0   1 1   2 2   3 3
158 210 4   0 0   1 1   2 2   3 3
158 236 4   0 0   1 1   2 2   3 3
159 199 4   0 0   1 1   2 2   3 3
160 219 4   0 0   1 1   2 2   3 3
160 254 4   0 0   1 1   2 2   3 3
161 208 4   0 0   1 1   2 2   3 3
162 195 4   0 0   1 1   2 2   3 3
162 185 4   0 0   1 1   2 2   3 3
162 220 4   0 0   1 1   2 2   3 3
163 169 4   0 0   1 1   2 2   3 3
163 237 4   0 0   1 1   2 2   3 3
165 196 4   0 0   1 1   2 2   3 3
165 237 4   0 0   1 1   2 2   3 3
166 249 4   0 0   1 1   2 2   3 3
166 202 4   0 0   1 1   2 2   3 3
166 186 4   0 0   1 1   2 2   3 3
166 204 4   0 0   1 1   2 2   3 3
167 250 4   0 0   1 1   2 2   3 3
168 214 4   0 0   1 1   2 2   3 3
168 251 4   0 0   1 1   2 2   3 3
169 224 4   0 0   1 1   2 2   3 3
169 209 4   0 0   1 1   2 2   3 3
169 244 4   0 0   1 1   2 2   3 3
170 257 4   0 0   1 1   2 2   3 3
172 233 4   0 0   1 1   2 2   3 3
173 195 4   0 0   1 1   2 2   3 3
173 185 4   0 0   1 1   2 2   3 3
173 188 4   0 0   1 1   2 2   3 3
173 255 4   0 0   1 1   2 2   3 3
174 192 4   0 0   1 1   2 2   3 3
174 243 4   0 0   1 1   2 2   3 3
174 247 4   0 0   1 1   2 2   3 3
174 191 4   0 0   1 1   2 2   3 3
175 213 4   0 0   1 1   2 2   3 3
175 187 4   0 0   1 1   2 2   3 3
175 238 4   0 0   1 1   2 2   3 3
176 212 4   0 0   1 1   2 2   3 3
177 226 4   0 0   1 1   2 2   3 3
177 206 4   0 0   1 1   2 2   3 3
178 256 4   0 0   1 1   2 2   3 3
180 231 4   0 0   1 1   2 2   3 3
180 255 4   0 0   1 1   2 2   3 3
181 245 4   0 0   1 1   2 2   3 3
182 199 4   0 0   1 1   2 2   3 3
182 248 4   0 0   1 1   2 2   3 3
183 224 4   0 0   1 1   2 2   3 3
183 244 4   0 0   1 1   2 2   3 3
183 245 4   0 0   1 1   2 2   3 3
184 234 4   0 0   1 1   2 2   3 3
185 195 4   0 0   1 1   2 2   3 3
186 211 4   0 0   1 1   2 2   3 3
186 249 4   0 0   1 1   2 2   3 3
186 202 4   0 0   1 1   2 2   3 3
187 235 4   0 0   1 1   2 2   3 3
187 238 4   0 0   1 1   2 2   3 3
187 239 4   0 0   1 1   2 2   3 3
188 241 4   0 0   1 1   2 2   3 3
188 195 4   0 0   1 1   2 2   3 3
188 246 4   0 0   1 1   2 2   3 3
188 255 4   0 0   1 1   2 2   3 3
189 203 4   0 0   1 1   2 2   3 3
190 240 4   0 0   1 1   2 2   3 3
190 199 4   0 0   1 1   2 2   3 3
190 223 4   0 0   1 1   2 2   3 3
191 192 4   0 0   1 1   2 2   3 3
191 243 4   0 0   1 1   2 2   3 3
191 229 4   0 0   1 1   2 2   3 3
191 253 4   0 0   1 1   2 2   3 3
192 229 4   0 0   1 1   2 2   3 3
192 247 4   0 0   1 1   2 2   3 3
193 234 4   0 0   1 1   2 2   3 3
194 225 4   0 0   1 1   2 2   3 3
195 246 4   0 0   1 1   2 2   3 3
196 226 4   0 0   1 1   2 2   3 3
196 221 4   0 0   1 1   2 2   3 3
198 208 4   0 0   1 1   2 2   3 3
199 240 4   0 0   1 1   2 2   3 3
199 248 4   0 0   1 1   2 2   3 3
200 214 4   0 0   1 1   2 2   3 3
200 201 4   0 0   1 1   2 2   3 3
200 238 4   0 0   1 1   2 2   3 3
201 212 4   0 0   1 1   2 2   3 3
202 211 4   0 0   1 1   2 2   3 3
203 222 4   0 0   1 1   2 2   3 3
204 249 4   0 0   1 1   2 2   3 3
205 228 4   0 0   1 1   2 2   3 3
207 228 4   0 0   1 1   2 2   3 3
207 232 4   0 0   1 1   2 2   3 3
210 213 4   0 0   1 1   2 2   3 3
210 251 4   0 0   1 1   2 2   3 3
213 218 4   0 0   1 1   2 2   3 3
213 251 4   0 0   1 1   2 2   3 3
213 238 4   0 0   1 1   2 2   3 3
214 251 4   0 0   1 1   2 2   3 3
214 238 4   0 0   1 1   2 2   3 3
215 218 4   0 0   1 1   2 2   3 3
215 235 4   0 0   1 1   2 2   3 3
216 225 4   0 0   1 1   2 2   3 3
219 254 4   0 0   1 1   2 2   3 3
223 240 4   0 0   1 1   2 2   3 3
223 227 4   0 0   1 1   2 2   3 3
223 232 4   0 0   1 1   2 2   3 3
224 244 4   0 0   1 1   2 2   3 3
227 254 4   0 0   1 1   2 2   3 3
228 232 4   0 0   1 1   2 2   3 3
231 241 4   0 0   1 1   2 2   3 3
238 251 4   0 0   1 1   2 2   3 3
241 246 4   0 0   1 1   2 2   3 3
242 243 4   0 0   1 1   2 2   3 3
242 253 4   0 0   1 1   2 2   3 3
243 253 4   0 0   1 1   2 2   3 3
246 257 4   0 0   1 1   2 2   3 3
248 252 4   0 0   1 1   2 2   3 3
253 257 4   0 0   1 1   2 2   3 3
