298
1 4 0 1 2 3
2 4 0 1 2 3
3 4 0 1 2 3
4 4 0 1 2 3
5 4 0 1 2 3
6 4 0 1 2 3
7 4 0 1 2 3
8 4 0 1 2 3
9 4 0 1 2 3
10 4 0 1 2 3
11 4 0 1 2 3
12 4 0 1 2 3
13 4 0 1 2 3
14 4 0 1 2 3
15 4 0 1 2 3
16 4 0 1 2 3
17 4 0 1 2 3
18 4 0 1 2 3
19 4 0 1 2 3
20 4 0 1 2 3
21 4 0 1 2 3
22 4 0 1 2 3
23 4 0 1 2 3
24 4 0 1 2 3
25 4 0 1 2 3
26 4 0 1 2 3
27 4 0 1 2 3
28 4 0 1 2 3
29 4 0 1 2 3
30 4 0 1 2 3
31 4 0 1 2 3
32 4 0 1 2 3
33 4 0 1 2 3
34 4 0 1 2 3
35 4 0 1 2 3
36 4 0 1 2 3
37 4 0 1 2 3
38 4 0 1 2 3
39 4 0 1 2 3
40 4 0 1 2 3
41 4 0 1 2 3
42 4 0 1 2 3
43 4 0 1 2 3
44 4 0 1 2 3
45 4 0 1 2 3
46 4 0 1 2 3
47 4 0 1 2 3
48 4 0 1 2 3
49 4 0 1 2 3
50 4 0 1 2 3
51 4 0 1 2 3
52 4 0 1 2 3
53 4 0 1 2 3
54 4 0 1 2 3
55 4 0 1 2 3
56 4 0 1 2 3
57 4 0 1 2 3
58 4 0 1 2 3
59 4 0 1 2 3
60 4 0 1 2 3
61 4 0 1 2 3
62 4 0 1 2 3
63 4 0 1 2 3
64 4 0 1 2 3
65 4 0 1 2 3
66 4 0 1 2 3
67 4 0 1 2 3
68 4 0 1 2 3
69 4 0 1 2 3
70 4 0 1 2 3
71 4 0 1 2 3
72 4 0 1 2 3
73 4 0 1 2 3
74 4 0 1 2 3
75 4 0 1 2 3
76 4 0 1 2 3
77 4 0 1 2 3
78 4 0 1 2 3
79 4 0 1 2 3
80 4 0 1 2 3
81 4 0 1 2 3
82 4 0 1 2 3
83 4 0 1 2 3
84 4 0 1 2 3
85 4 0 1 2 3
86 4 0 1 2 3
87 4 0 1 2 3
88 4 0 1 2 3
89 4 0 1 2 3
90 4 0 1 2 3
91 4 0 1 2 3
92 4 0 1 2 3
93 4 0 1 2 3
94 4 0 1 2 3
95 4 0 1 2 3
96 4 0 1 2 3
97 4 0 1 2 3
98 4 0 1 2 3
99 4 0 1 2 3
100 4 0 1 2 3
101 4 0 1 2 3
102 4 0 1 2 3
103 4 0 1 2 3
104 4 0 1 2 3
105 4 0 1 2 3
106 4 0 1 2 3
107 4 0 1 2 3
108 4 0 1 2 3
109 4 0 1 2 3
110 4 0 1 2 3
111 4 0 1 2 3
112 4 0 1 2 3
113 4 0 1 2 3
114 4 0 1 2 3
115 4 0 1 2 3
116 4 0 1 2 3
117 4 0 1 2 3
118 4 0 1 2 3
119 4 0 1 2 3
120 4 0 1 2 3
121 4 0 1 2 3
122 4 0 1 2 3
123 4 0 1 2 3
124 4 0 1 2 3
125 4 0 1 2 3
126 4 0 1 2 3
127 4 0 1 2 3
128 4 0 1 2 3
129 4 0 1 2 3
130 4 0 1 2 3
131 4 0 1 2 3
132 4 0 1 2 3
133 4 0 1 2 3
134 4 0 1 2 3
135 4 0 1 2 3
136 4 0 1 2 3
137 4 0 1 2 3
138 4 0 1 2 3
139 4 0 1 2 3
140 4 0 1 2 3
141 4 0 1 2 3
142 4 0 1 2 3
143 4 0 1 2 3
144 4 0 1 2 3
145 4 0 1 2 3
146 4 0 1 2 3
147 4 0 1 2 3
148 4 0 1 2 3
149 4 0 1 2 3
150 4 0 1 2 3
151 4 0 1 2 3
152 4 0 1 2 3
153 4 0 1 2 3
154 4 0 1 2 3
155 4 0 1 2 3
156 4 0 1 2 3
157 4 0 1 2 3
158 4 0 1 2 3
159 4 0 1 2 3
160 4 0 1 2 3
161 4 0 1 2 3
162 4 0 1 2 3
163 4 0 1 2 3
164 4 0 1 2 3
165 4 0 1 2 3
166 4 0 1 2 3
167 4 0 1 2 3
168 4 0 1 2 3
169 4 0 1 2 3
170 4 0 1 2 3
171 4 0 1 2 3
172 4 0 1 2 3
173 4 0 1 2 3
174 4 0 1 2 3
175 4 0 1 2 3
176 4 0 1 2 3
177 4 0 1 2 3
178 4 0 1 2 3
179 4 0 1 2 3
180 4 0 1 2 3
181 4 0 1 2 3
182 4 0 1 2 3
183 4 0 1 2 3
184 4 0 1 2 3
185 4 0 1 2 3
186 4 0 1 2 3
187 4 0 1 2 3
188 4 0 1 2 3
189 4 0 1 2 3
190 4 0 1 2 3
191 4 0 1 2 3
192 4 0 1 2 3
193 4 0 1 2 3
194 4 0 1 2 3
195 4 0 1 2 3
196 4 0 1 2 3
197 4 0 1 2 3
198 4 0 1 2 3
199 4 0 1 2 3
200 4 0 1 2 3
201 4 0 1 2 3
202 4 0 1 2 3
203 4 0 1 2 3
204 4 0 1 2 3
205 4 0 1 2 3
206 4 0 1 2 3
207 4 0 1 2 3
208 4 0 1 2 3
209 4 0 1 2 3
210 4 0 1 2 3
211 4 0 1 2 3
212 4 0 1 2 3
213 4 0 1 2 3
214 4 0 1 2 3
215 4 0 1 2 3
216 4 0 1 2 3
217 4 0 1 2 3
218 4 0 1 2 3
219 4 0 1 2 3
220 4 0 1 2 3
221 4 0 1 2 3
222 4 0 1 2 3
223 4 0 1 2 3
224 4 0 1 2 3
225 4 0 1 2 3
226 4 0 1 2 3
227 4 0 1 2 3
228 4 0 1 2 3
229 4 0 1 2 3
230 4 0 1 2 3
231 4 0 1 2 3
232 4 0 1 2 3
233 4 0 1 2 3
234 4 0 1 2 3
235 4 0 1 2 3
236 4 0 1 2 3
237 4 0 1 2 3
238 4 0 1 2 3
239 4 0 1 2 3
240 4 0 1 2 3
241 4 0 1 2 3
242 4 0 1 2 3
243 4 0 1 2 3
244 4 0 1 2 3
245 4 0 1 2 3
246 4 0 1 2 3
247 4 0 1 2 3
248 4 0 1 2 3
249 4 0 1 2 3
250 4 0 1 2 3
251 4 0 1 2 3
252 4 0 1 2 3
253 4 0 1 2 3
254 4 0 1 2 3
255 4 0 1 2 3
256 4 0 1 2 3
257 4 0 1 2 3
258 4 0 1 2 3
259 4 0 1 2 3
260 4 0 1 2 3
261 4 0 1 2 3
262 4 0 1 2 3
263 4 0 1 2 3
264 4 0 1 2 3
265 4 0 1 2 3
266 4 0 1 2 3
267 4 0 1 2 3
268 4 0 1 2 3
269 4 0 1 2 3
270 4 0 1 2 3
271 4 0 1 2 3
272 4 0 1 2 3
273 4 0 1 2 3
274 4 0 1 2 3
275 4 0 1 2 3
276 4 0 1 2 3
277 4 0 1 2 3
278 4 0 1 2 3
279 4 0 1 2 3
280 4 0 1 2 3
281 4 0 1 2 3
282 4 0 1 2 3
283 4 0 1 2 3
284 4 0 1 2 3
285 4 0 1 2 3
286 4 0 1 2 3
287 4 0 1 2 3
288 4 0 1 2 3
289 4 0 1 2 3
290 4 0 1 2 3
291 4 0 1 2 3
292 4 0 1 2 3
293 4 0 1 2 3
294 4 0 1 2 3
295 4 0 1 2 3
296 4 0 1 2 3
297 4 0 1 2 3
298 4 0 1 2 3
830
1 80 4   0 0   1 1   2 2   3 3
1 292 4   0 0   1 1   2 2   3 3
1 231 4   0 0   1 1   2 2   3 3
1 106 4   0 0   1 1   2 2   3 3
1 31 4   0 0   1 1   2 2   3 3
2 288 4   0 0   1 1   2 2   3 3
2 257 4   0 0   1 1   2 2   3 3
2 26 4   0 0   1 1   2 2   3 3
2 93 4   0 0   1 1   2 2   3 3
3 272 4   0 0   1 1   2 2   3 3
3 225 4   0 0   1 1   2 2   3 3
3 211 4   0 0   1 1   2 2   3 3
3 73 4   0 0   1 1   2 2   3 3
3 138 4   0 0   1 1   2 2   3 3
4 292 4   0 0   1 1   2 2   3 3
4 169 4   0 0   1 1   2 2   3 3
4 106 4   0 0   1 1   2 2   3 3
4 45 4   0 0   1 1   2 2   3 3
4 62 4   0 0   1 1   2 2   3 3
5 289 4   0 0   1 1   2 2   3 3
5 34 4   0 0   1 1   2 2   3 3
5 84 4   0 0   1 1   2 2   3 3
5 71 4   0 0   1 1   2 2   3 3
5 281 4   0 0   1 1   2 2   3 3
5 187 4   0 0   1 1   2 2   3 3
6 21 4   0 0   1 1   2 2   3 3
6 197 4   0 0   1 1   2 2   3 3
6 118 4   0 0   1 1   2 2   3 3
6 153 4   0 0   1 1   2 2   3 3
6 107 4   0 0   1 1   2 2   3 3
6 172 4   0 0   1 1   2 2   3 3
7 18 4   0 0   1 1   2 2   3 3
7 134 4   0 0   1 1   2 2   3 3
7 9 4   0 0   1 1   2 2   3 3
7 154 4   0 0   1 1   2 2   3 3
7 250 4   0 0   1 1   2 2   3 3
7 171 4   0 0   1 1   2 2   3 3
7 254 4   0 0   1 1   2 2   3 3
8 20 4   0 0   1 1   2 2   3 3
8 293 4   0 0   1 1   2 2   3 3
8 103 4   0 0   1 1   2 2   3 3
8 298 4   0 0   1 1   2 2   3 3
8 251 4   0 0   1 1   2 2   3 3
9 273 4   0 0   1 1   2 2   3 3
9 18 4   0 0   1 1   2 2   3 3
9 82 4   0 0   1 1   2 2   3 3
9 70 4   0 0   1 1   2 2   3 3
9 134 4   0 0   1 1   2 2   3 3
9 220 4   0 0   1 1   2 2   3 3
9 271 4   0 0   1 1   2 2   3 3
10 160 4   0 0   1 1   2 2   3 3
10 135 4   0 0   1 1   2 2   3 3
10 90 4   0 0   1 1   2 2   3 3
10 79 4   0 0   1 1   2 2   3 3
11 260 4   0 0   1 1   2 2   3 3
11 140 4   0 0   1 1   2 2   3 3
11 220 4   0 0   1 1   2 2   3 3
11 111 4   0 0   1 1   2 2   3 3
12 178 4   0 0   1 1   2 2   3 3
12 115 4   0 0   1 1   2 2   3 3
12 276 4   0 0   1 1   2 2   3 3
12 283 4   0 0   1 1   2 2   3 3
12 76 4   0 0   1 1   2 2   3 3
12 95 4   0 0   1 1   2 2   3 3
13 81 4   0 0   1 1   2 2   3 3
13 37 4   0 0   1 1   2 2   3 3
13 153 4   0 0   1 1   2 2   3 3
13 61 4   0 0   1 1   2 2   3 3
13 190 4   0 0   1 1   2 2   3 3
14 256 4   0 0   1 1   2 2   3 3
14 132 4   0 0   1 1   2 2   3 3
14 117 4   0 0   1 1   2 2   3 3
14 198 4   0 0   1 1   2 2   3 3
14 22 4   0 0   1 1   2 2   3 3
14 280 4   0 0   1 1   2 2   3 3
14 269 4   0 0   1 1   2 2   3 3
14 158 4   0 0   1 1   2 2   3 3
15 149 4   0 0   1 1   2 2   3 3
15 76 4   0 0   1 1   2 2   3 3
15 285 4   0 0   1 1   2 2   3 3
16 181 4   0 0   1 1   2 2   3 3
16 247 4   0 0   1 1   2 2   3 3
16 58 4   0 0   1 1   2 2   3 3
16 59 4   0 0   1 1   2 2   3 3
17 96 4   0 0   1 1   2 2   3 3
17 161 4   0 0   1 1   2 2   3 3
17 229 4   0 0   1 1   2 2   3 3
17 189 4   0 0   1 1   2 2   3 3
17 255 4   0 0   1 1   2 2   3 3
18 131 4   0 0   1 1   2 2   3 3
18 154 4   0 0   1 1   2 2   3 3
18 220 4   0 0   1 1   2 2   3 3
18 111 4   0 0   1 1   2 2   3 3
19 21 4   0 0   1 1   2 2   3 3
19 203 4   0 0   1 1   2 2   3 3
19 45 4   0 0   1 1   2 2   3 3
19 62 4   0 0   1 1   2 2   3 3
19 63 4   0 0   1 1   2 2   3 3
20 103 4   0 0   1 1   2 2   3 3
20 250 4   0 0   1 1   2 2   3 3
20 251 4   0 0   1 1   2 2   3 3
20 171 4   0 0   1 1   2 2   3 3
20 141 4   0 0   1 1   2 2   3 3
20 254 4   0 0   1 1   2 2   3 3
21 197 4   0 0   1 1   2 2   3 3
21 38 4   0 0   1 1   2 2   3 3
21 279 4   0 0   1 1   2 2   3 3
21 172 4   0 0   1 1   2 2   3 3
21 62 4   0 0   1 1   2 2   3 3
21 63 4   0 0   1 1   2 2   3 3
22 193 4   0 0   1 1   2 2   3 3
22 117 4   0 0   1 1   2 2   3 3
22 280 4   0 0   1 1   2 2   3 3
22 185 4   0 0   1 1   2 2   3 3
22 221 4   0 0   1 1   2 2   3 3
23 152 4   0 0   1 1   2 2   3 3
23 255 4   0 0   1 1   2 2   3 3
24 176 4   0 0   1 1   2 2   3 3
24 49 4   0 0   1 1   2 2   3 3
24 243 4   0 0   1 1   2 2   3 3
24 30 4   0 0   1 1   2 2   3 3
25 192 4   0 0   1 1   2 2   3 3
25 288 4   0 0   1 1   2 2   3 3
25 242 4   0 0   1 1   2 2   3 3
25 61 4   0 0   1 1   2 2   3 3
25 190 4   0 0   1 1   2 2   3 3
26 288 4   0 0   1 1   2 2   3 3
27 210 4   0 0   1 1   2 2   3 3
27 265 4   0 0   1 1   2 2   3 3
27 122 4   0 0   1 1   2 2   3 3
27 108 4   0 0   1 1   2 2   3 3
27 238 4   0 0   1 1   2 2   3 3
28 262 4   0 0   1 1   2 2   3 3
28 42 4   0 0   1 1   2 2   3 3
28 187 4   0 0   1 1   2 2   3 3
28 268 4   0 0   1 1   2 2   3 3
28 47 4   0 0   1 1   2 2   3 3
29 83 4   0 0   1 1   2 2   3 3
29 275 4   0 0   1 1   2 2   3 3
29 68 4   0 0   1 1   2 2   3 3
29 295 4   0 0   1 1   2 2   3 3
29 279 4   0 0   1 1   2 2   3 3
29 287 4   0 0   1 1   2 2   3 3
29 143 4   0 0   1 1   2 2   3 3
30 49 4   0 0   1 1   2 2   3 3
30 243 4   0 0   1 1   2 2   3 3
30 87 4   0 0   1 1   2 2   3 3
30 56 4   0 0   1 1   2 2   3 3
31 80 4   0 0   1 1   2 2   3 3
31 292 4   0 0   1 1   2 2   3 3
31 263 4   0 0   1 1   2 2   3 3
31 203 4   0 0   1 1   2 2   3 3
31 109 4   0 0   1 1   2 2   3 3
31 45 4   0 0   1 1   2 2   3 3
32 245 4   0 0   1 1   2 2   3 3
32 278 4   0 0   1 1   2 2   3 3
32 246 4   0 0   1 1   2 2   3 3
32 119 4   0 0   1 1   2 2   3 3
32 207 4   0 0   1 1   2 2   3 3
33 55 4   0 0   1 1   2 2   3 3
33 104 4   0 0   1 1   2 2   3 3
33 122 4   0 0   1 1   2 2   3 3
33 60 4   0 0   1 1   2 2   3 3
33 108 4   0 0   1 1   2 2   3 3
33 110 4   0 0   1 1   2 2   3 3
33 127 4   0 0   1 1   2 2   3 3
34 289 4   0 0   1 1   2 2   3 3
34 86 4   0 0   1 1   2 2   3 3
34 71 4   0 0   1 1   2 2   3 3
34 124 4   0 0   1 1   2 2   3 3
35 195 4   0 0   1 1   2 2   3 3
35 228 4   0 0   1 1   2 2   3 3
35 261 4   0 0   1 1   2 2   3 3
35 54 4   0 0   1 1   2 2   3 3
35 252 4   0 0   1 1   2 2   3 3
35 159 4   0 0   1 1   2 2   3 3
36 273 4   0 0   1 1   2 2   3 3
36 132 4   0 0   1 1   2 2   3 3
36 70 4   0 0   1 1   2 2   3 3
36 134 4   0 0   1 1   2 2   3 3
36 121 4   0 0   1 1   2 2   3 3
36 92 4   0 0   1 1   2 2   3 3
36 158 4   0 0   1 1   2 2   3 3
37 64 4   0 0   1 1   2 2   3 3
37 275 4   0 0   1 1   2 2   3 3
37 182 4   0 0   1 1   2 2   3 3
37 153 4   0 0   1 1   2 2   3 3
37 108 4   0 0   1 1   2 2   3 3
37 190 4   0 0   1 1   2 2   3 3
37 143 4   0 0   1 1   2 2   3 3
38 295 4   0 0   1 1   2 2   3 3
38 279 4   0 0   1 1   2 2   3 3
38 173 4   0 0   1 1   2 2   3 3
38 63 4   0 0   1 1   2 2   3 3
39 152 4   0 0   1 1   2 2   3 3
39 201 4   0 0   1 1   2 2   3 3
39 188 4   0 0   1 1   2 2   3 3
39 252 4   0 0   1 1   2 2   3 3
39 286 4   0 0   1 1   2 2   3 3
39 159 4   0 0   1 1   2 2   3 3
40 50 4   0 0   1 1   2 2   3 3
40 84 4   0 0   1 1   2 2   3 3
40 151 4   0 0   1 1   2 2   3 3
40 184 4   0 0   1 1   2 2   3 3
40 155 4   0 0   1 1   2 2   3 3
40 267 4   0 0   1 1   2 2   3 3
41 147 4   0 0   1 1   2 2   3 3
41 86 4   0 0   1 1   2 2   3 3
41 168 4   0 0   1 1   2 2   3 3
41 79 4   0 0   1 1   2 2   3 3
42 240 4   0 0   1 1   2 2   3 3
42 66 4   0 0   1 1   2 2   3 3
42 179 4   0 0   1 1   2 2   3 3
42 262 4   0 0   1 1   2 2   3 3
42 217 4   0 0   1 1   2 2   3 3
42 47 4   0 0   1 1   2 2   3 3
43 248 4   0 0   1 1   2 2   3 3
43 265 4   0 0   1 1   2 2   3 3
43 75 4   0 0   1 1   2 2   3 3
43 238 4   0 0   1 1   2 2   3 3
43 126 4   0 0   1 1   2 2   3 3
44 115 4   0 0   1 1   2 2   3 3
44 76 4   0 0   1 1   2 2   3 3
44 156 4   0 0   1 1   2 2   3 3
45 292 4   0 0   1 1   2 2   3 3
45 203 4   0 0   1 1   2 2   3 3
45 62 4   0 0   1 1   2 2   3 3
46 160 4   0 0   1 1   2 2   3 3
46 113 4   0 0   1 1   2 2   3 3
46 177 4   0 0   1 1   2 2   3 3
46 139 4   0 0   1 1   2 2   3 3
47 66 4   0 0   1 1   2 2   3 3
47 259 4   0 0   1 1   2 2   3 3
47 293 4   0 0   1 1   2 2   3 3
47 105 4   0 0   1 1   2 2   3 3
47 187 4   0 0   1 1   2 2   3 3
48 114 4   0 0   1 1   2 2   3 3
48 137 4   0 0   1 1   2 2   3 3
48 57 4   0 0   1 1   2 2   3 3
48 125 4   0 0   1 1   2 2   3 3
48 191 4   0 0   1 1   2 2   3 3
49 176 4   0 0   1 1   2 2   3 3
49 232 4   0 0   1 1   2 2   3 3
49 156 4   0 0   1 1   2 2   3 3
50 259 4   0 0   1 1   2 2   3 3
50 105 4   0 0   1 1   2 2   3 3
50 267 4   0 0   1 1   2 2   3 3
50 187 4   0 0   1 1   2 2   3 3
51 177 4   0 0   1 1   2 2   3 3
51 213 4   0 0   1 1   2 2   3 3
52 72 4   0 0   1 1   2 2   3 3
52 73 4   0 0   1 1   2 2   3 3
52 142 4   0 0   1 1   2 2   3 3
53 128 4   0 0   1 1   2 2   3 3
53 129 4   0 0   1 1   2 2   3 3
53 163 4   0 0   1 1   2 2   3 3
53 164 4   0 0   1 1   2 2   3 3
54 195 4   0 0   1 1   2 2   3 3
54 284 4   0 0   1 1   2 2   3 3
54 159 4   0 0   1 1   2 2   3 3
55 214 4   0 0   1 1   2 2   3 3
55 216 4   0 0   1 1   2 2   3 3
55 122 4   0 0   1 1   2 2   3 3
55 127 4   0 0   1 1   2 2   3 3
56 258 4   0 0   1 1   2 2   3 3
56 243 4   0 0   1 1   2 2   3 3
56 87 4   0 0   1 1   2 2   3 3
56 207 4   0 0   1 1   2 2   3 3
57 240 4   0 0   1 1   2 2   3 3
57 166 4   0 0   1 1   2 2   3 3
57 137 4   0 0   1 1   2 2   3 3
57 74 4   0 0   1 1   2 2   3 3
57 191 4   0 0   1 1   2 2   3 3
58 65 4   0 0   1 1   2 2   3 3
58 258 4   0 0   1 1   2 2   3 3
58 291 4   0 0   1 1   2 2   3 3
58 69 4   0 0   1 1   2 2   3 3
58 247 4   0 0   1 1   2 2   3 3
58 59 4   0 0   1 1   2 2   3 3
58 270 4   0 0   1 1   2 2   3 3
59 258 4   0 0   1 1   2 2   3 3
59 99 4   0 0   1 1   2 2   3 3
59 133 4   0 0   1 1   2 2   3 3
59 181 4   0 0   1 1   2 2   3 3
59 89 4   0 0   1 1   2 2   3 3
60 83 4   0 0   1 1   2 2   3 3
60 275 4   0 0   1 1   2 2   3 3
60 68 4   0 0   1 1   2 2   3 3
60 104 4   0 0   1 1   2 2   3 3
60 108 4   0 0   1 1   2 2   3 3
61 112 4   0 0   1 1   2 2   3 3
61 81 4   0 0   1 1   2 2   3 3
61 190 4   0 0   1 1   2 2   3 3
62 197 4   0 0   1 1   2 2   3 3
62 183 4   0 0   1 1   2 2   3 3
62 169 4   0 0   1 1   2 2   3 3
63 130 4   0 0   1 1   2 2   3 3
63 203 4   0 0   1 1   2 2   3 3
63 173 4   0 0   1 1   2 2   3 3
64 210 4   0 0   1 1   2 2   3 3
64 242 4   0 0   1 1   2 2   3 3
64 182 4   0 0   1 1   2 2   3 3
64 249 4   0 0   1 1   2 2   3 3
64 108 4   0 0   1 1   2 2   3 3
64 126 4   0 0   1 1   2 2   3 3
64 206 4   0 0   1 1   2 2   3 3
65 146 4   0 0   1 1   2 2   3 3
65 291 4   0 0   1 1   2 2   3 3
65 69 4   0 0   1 1   2 2   3 3
65 150 4   0 0   1 1   2 2   3 3
65 170 4   0 0   1 1   2 2   3 3
65 253 4   0 0   1 1   2 2   3 3
66 240 4   0 0   1 1   2 2   3 3
66 293 4   0 0   1 1   2 2   3 3
66 103 4   0 0   1 1   2 2   3 3
66 137 4   0 0   1 1   2 2   3 3
67 112 4   0 0   1 1   2 2   3 3
67 81 4   0 0   1 1   2 2   3 3
67 209 4   0 0   1 1   2 2   3 3
67 197 4   0 0   1 1   2 2   3 3
67 183 4   0 0   1 1   2 2   3 3
67 237 4   0 0   1 1   2 2   3 3
68 83 4   0 0   1 1   2 2   3 3
68 104 4   0 0   1 1   2 2   3 3
68 264 4   0 0   1 1   2 2   3 3
68 287 4   0 0   1 1   2 2   3 3
69 290 4   0 0   1 1   2 2   3 3
69 170 4   0 0   1 1   2 2   3 3
69 270 4   0 0   1 1   2 2   3 3
70 273 4   0 0   1 1   2 2   3 3
70 121 4   0 0   1 1   2 2   3 3
70 271 4   0 0   1 1   2 2   3 3
71 86 4   0 0   1 1   2 2   3 3
71 281 4   0 0   1 1   2 2   3 3
72 99 4   0 0   1 1   2 2   3 3
72 181 4   0 0   1 1   2 2   3 3
72 133 4   0 0   1 1   2 2   3 3
72 247 4   0 0   1 1   2 2   3 3
72 264 4   0 0   1 1   2 2   3 3
72 73 4   0 0   1 1   2 2   3 3
72 142 4   0 0   1 1   2 2   3 3
73 272 4   0 0   1 1   2 2   3 3
73 225 4   0 0   1 1   2 2   3 3
73 264 4   0 0   1 1   2 2   3 3
73 142 4   0 0   1 1   2 2   3 3
73 287 4   0 0   1 1   2 2   3 3
74 162 4   0 0   1 1   2 2   3 3
74 98 4   0 0   1 1   2 2   3 3
74 166 4   0 0   1 1   2 2   3 3
74 218 4   0 0   1 1   2 2   3 3
74 219 4   0 0   1 1   2 2   3 3
74 191 4   0 0   1 1   2 2   3 3
75 165 4   0 0   1 1   2 2   3 3
75 216 4   0 0   1 1   2 2   3 3
75 248 4   0 0   1 1   2 2   3 3
75 238 4   0 0   1 1   2 2   3 3
76 178 4   0 0   1 1   2 2   3 3
76 115 4   0 0   1 1   2 2   3 3
76 149 4   0 0   1 1   2 2   3 3
76 285 4   0 0   1 1   2 2   3 3
77 177 4   0 0   1 1   2 2   3 3
77 145 4   0 0   1 1   2 2   3 3
77 212 4   0 0   1 1   2 2   3 3
77 213 4   0 0   1 1   2 2   3 3
77 136 4   0 0   1 1   2 2   3 3
77 223 4   0 0   1 1   2 2   3 3
78 194 4   0 0   1 1   2 2   3 3
78 277 4   0 0   1 1   2 2   3 3
78 219 4   0 0   1 1   2 2   3 3
78 204 4   0 0   1 1   2 2   3 3
79 144 4   0 0   1 1   2 2   3 3
79 147 4   0 0   1 1   2 2   3 3
79 86 4   0 0   1 1   2 2   3 3
79 135 4   0 0   1 1   2 2   3 3
79 296 4   0 0   1 1   2 2   3 3
79 90 4   0 0   1 1   2 2   3 3
80 129 4   0 0   1 1   2 2   3 3
80 116 4   0 0   1 1   2 2   3 3
80 263 4   0 0   1 1   2 2   3 3
80 231 4   0 0   1 1   2 2   3 3
81 112 4   0 0   1 1   2 2   3 3
81 118 4   0 0   1 1   2 2   3 3
81 153 4   0 0   1 1   2 2   3 3
81 237 4   0 0   1 1   2 2   3 3
82 276 4   0 0   1 1   2 2   3 3
82 85 4   0 0   1 1   2 2   3 3
82 140 4   0 0   1 1   2 2   3 3
82 271 4   0 0   1 1   2 2   3 3
83 275 4   0 0   1 1   2 2   3 3
84 184 4   0 0   1 1   2 2   3 3
84 281 4   0 0   1 1   2 2   3 3
84 267 4   0 0   1 1   2 2   3 3
84 187 4   0 0   1 1   2 2   3 3
85 276 4   0 0   1 1   2 2   3 3
85 121 4   0 0   1 1   2 2   3 3
85 266 4   0 0   1 1   2 2   3 3
85 170 4   0 0   1 1   2 2   3 3
85 253 4   0 0   1 1   2 2   3 3
85 271 4   0 0   1 1   2 2   3 3
86 168 4   0 0   1 1   2 2   3 3
86 281 4   0 0   1 1   2 2   3 3
86 124 4   0 0   1 1   2 2   3 3
87 278 4   0 0   1 1   2 2   3 3
87 207 4   0 0   1 1   2 2   3 3
88 208 4   0 0   1 1   2 2   3 3
88 96 4   0 0   1 1   2 2   3 3
88 229 4   0 0   1 1   2 2   3 3
88 102 4   0 0   1 1   2 2   3 3
88 230 4   0 0   1 1   2 2   3 3
88 218 4   0 0   1 1   2 2   3 3
88 255 4   0 0   1 1   2 2   3 3
89 258 4   0 0   1 1   2 2   3 3
89 133 4   0 0   1 1   2 2   3 3
89 234 4   0 0   1 1   2 2   3 3
89 207 4   0 0   1 1   2 2   3 3
90 160 4   0 0   1 1   2 2   3 3
90 296 4   0 0   1 1   2 2   3 3
90 189 4   0 0   1 1   2 2   3 3
91 163 4   0 0   1 1   2 2   3 3
91 164 4   0 0   1 1   2 2   3 3
91 215 4   0 0   1 1   2 2   3 3
91 223 4   0 0   1 1   2 2   3 3
92 146 4   0 0   1 1   2 2   3 3
92 226 4   0 0   1 1   2 2   3 3
92 132 4   0 0   1 1   2 2   3 3
92 150 4   0 0   1 1   2 2   3 3
92 121 4   0 0   1 1   2 2   3 3
92 253 4   0 0   1 1   2 2   3 3
93 288 4   0 0   1 1   2 2   3 3
93 257 4   0 0   1 1   2 2   3 3
93 242 4   0 0   1 1   2 2   3 3
93 206 4   0 0   1 1   2 2   3 3
94 208 4   0 0   1 1   2 2   3 3
94 148 4   0 0   1 1   2 2   3 3
94 102 4   0 0   1 1   2 2   3 3
94 152 4   0 0   1 1   2 2   3 3
94 202 4   0 0   1 1   2 2   3 3
94 286 4   0 0   1 1   2 2   3 3
94 255 4   0 0   1 1   2 2   3 3
95 176 4   0 0   1 1   2 2   3 3
95 115 4   0 0   1 1   2 2   3 3
95 100 4   0 0   1 1   2 2   3 3
95 232 4   0 0   1 1   2 2   3 3
95 283 4   0 0   1 1   2 2   3 3
95 270 4   0 0   1 1   2 2   3 3
96 229 4   0 0   1 1   2 2   3 3
96 230 4   0 0   1 1   2 2   3 3
96 296 4   0 0   1 1   2 2   3 3
96 189 4   0 0   1 1   2 2   3 3
97 233 4   0 0   1 1   2 2   3 3
97 138 4   0 0   1 1   2 2   3 3
97 202 4   0 0   1 1   2 2   3 3
97 188 4   0 0   1 1   2 2   3 3
97 173 4   0 0   1 1   2 2   3 3
97 286 4   0 0   1 1   2 2   3 3
98 240 4   0 0   1 1   2 2   3 3
98 144 4   0 0   1 1   2 2   3 3
98 166 4   0 0   1 1   2 2   3 3
98 230 4   0 0   1 1   2 2   3 3
98 296 4   0 0   1 1   2 2   3 3
98 217 4   0 0   1 1   2 2   3 3
98 218 4   0 0   1 1   2 2   3 3
99 181 4   0 0   1 1   2 2   3 3
99 133 4   0 0   1 1   2 2   3 3
100 176 4   0 0   1 1   2 2   3 3
100 243 4   0 0   1 1   2 2   3 3
100 270 4   0 0   1 1   2 2   3 3
101 165 4   0 0   1 1   2 2   3 3
101 214 4   0 0   1 1   2 2   3 3
101 216 4   0 0   1 1   2 2   3 3
102 208 4   0 0   1 1   2 2   3 3
102 194 4   0 0   1 1   2 2   3 3
102 148 4   0 0   1 1   2 2   3 3
102 218 4   0 0   1 1   2 2   3 3
102 219 4   0 0   1 1   2 2   3 3
103 293 4   0 0   1 1   2 2   3 3
103 137 4   0 0   1 1   2 2   3 3
103 141 4   0 0   1 1   2 2   3 3
104 264 4   0 0   1 1   2 2   3 3
104 110 4   0 0   1 1   2 2   3 3
105 259 4   0 0   1 1   2 2   3 3
105 293 4   0 0   1 1   2 2   3 3
105 298 4   0 0   1 1   2 2   3 3
106 292 4   0 0   1 1   2 2   3 3
106 169 4   0 0   1 1   2 2   3 3
107 153 4   0 0   1 1   2 2   3 3
107 172 4   0 0   1 1   2 2   3 3
107 143 4   0 0   1 1   2 2   3 3
108 210 4   0 0   1 1   2 2   3 3
108 275 4   0 0   1 1   2 2   3 3
108 122 4   0 0   1 1   2 2   3 3
109 294 4   0 0   1 1   2 2   3 3
109 263 4   0 0   1 1   2 2   3 3
109 201 4   0 0   1 1   2 2   3 3
109 203 4   0 0   1 1   2 2   3 3
109 159 4   0 0   1 1   2 2   3 3
110 245 4   0 0   1 1   2 2   3 3
110 133 4   0 0   1 1   2 2   3 3
110 264 4   0 0   1 1   2 2   3 3
110 234 4   0 0   1 1   2 2   3 3
110 127 4   0 0   1 1   2 2   3 3
111 131 4   0 0   1 1   2 2   3 3
111 220 4   0 0   1 1   2 2   3 3
111 174 4   0 0   1 1   2 2   3 3
112 209 4   0 0   1 1   2 2   3 3
113 160 4   0 0   1 1   2 2   3 3
113 177 4   0 0   1 1   2 2   3 3
113 228 4   0 0   1 1   2 2   3 3
113 175 4   0 0   1 1   2 2   3 3
114 120 4   0 0   1 1   2 2   3 3
114 137 4   0 0   1 1   2 2   3 3
114 250 4   0 0   1 1   2 2   3 3
114 141 4   0 0   1 1   2 2   3 3
114 125 4   0 0   1 1   2 2   3 3
115 232 4   0 0   1 1   2 2   3 3
115 156 4   0 0   1 1   2 2   3 3
116 128 4   0 0   1 1   2 2   3 3
116 224 4   0 0   1 1   2 2   3 3
116 129 4   0 0   1 1   2 2   3 3
116 231 4   0 0   1 1   2 2   3 3
116 157 4   0 0   1 1   2 2   3 3
117 225 4   0 0   1 1   2 2   3 3
117 226 4   0 0   1 1   2 2   3 3
117 132 4   0 0   1 1   2 2   3 3
117 196 4   0 0   1 1   2 2   3 3
117 221 4   0 0   1 1   2 2   3 3
118 197 4   0 0   1 1   2 2   3 3
118 153 4   0 0   1 1   2 2   3 3
118 237 4   0 0   1 1   2 2   3 3
119 245 4   0 0   1 1   2 2   3 3
119 234 4   0 0   1 1   2 2   3 3
119 207 4   0 0   1 1   2 2   3 3
120 134 4   0 0   1 1   2 2   3 3
120 250 4   0 0   1 1   2 2   3 3
120 125 4   0 0   1 1   2 2   3 3
120 158 4   0 0   1 1   2 2   3 3
121 253 4   0 0   1 1   2 2   3 3
121 271 4   0 0   1 1   2 2   3 3
122 216 4   0 0   1 1   2 2   3 3
123 146 4   0 0   1 1   2 2   3 3
123 291 4   0 0   1 1   2 2   3 3
123 196 4   0 0   1 1   2 2   3 3
124 289 4   0 0   1 1   2 2   3 3
124 168 4   0 0   1 1   2 2   3 3
125 158 4   0 0   1 1   2 2   3 3
125 191 4   0 0   1 1   2 2   3 3
126 248 4   0 0   1 1   2 2   3 3
126 265 4   0 0   1 1   2 2   3 3
126 249 4   0 0   1 1   2 2   3 3
126 206 4   0 0   1 1   2 2   3 3
127 227 4   0 0   1 1   2 2   3 3
127 245 4   0 0   1 1   2 2   3 3
127 246 4   0 0   1 1   2 2   3 3
127 214 4   0 0   1 1   2 2   3 3
128 129 4   0 0   1 1   2 2   3 3
128 163 4   0 0   1 1   2 2   3 3
128 215 4   0 0   1 1   2 2   3 3
128 157 4   0 0   1 1   2 2   3 3
129 241 4   0 0   1 1   2 2   3 3
129 164 4   0 0   1 1   2 2   3 3
129 263 4   0 0   1 1   2 2   3 3
130 294 4   0 0   1 1   2 2   3 3
130 201 4   0 0   1 1   2 2   3 3
130 203 4   0 0   1 1   2 2   3 3
130 188 4   0 0   1 1   2 2   3 3
130 173 4   0 0   1 1   2 2   3 3
131 154 4   0 0   1 1   2 2   3 3
131 174 4   0 0   1 1   2 2   3 3
132 226 4   0 0   1 1   2 2   3 3
132 158 4   0 0   1 1   2 2   3 3
133 264 4   0 0   1 1   2 2   3 3
133 234 4   0 0   1 1   2 2   3 3
134 273 4   0 0   1 1   2 2   3 3
134 250 4   0 0   1 1   2 2   3 3
134 158 4   0 0   1 1   2 2   3 3
135 160 4   0 0   1 1   2 2   3 3
135 139 4   0 0   1 1   2 2   3 3
136 177 4   0 0   1 1   2 2   3 3
136 195 4   0 0   1 1   2 2   3 3
136 167 4   0 0   1 1   2 2   3 3
136 223 4   0 0   1 1   2 2   3 3
137 240 4   0 0   1 1   2 2   3 3
137 141 4   0 0   1 1   2 2   3 3
138 272 4   0 0   1 1   2 2   3 3
138 211 4   0 0   1 1   2 2   3 3
138 233 4   0 0   1 1   2 2   3 3
138 185 4   0 0   1 1   2 2   3 3
138 173 4   0 0   1 1   2 2   3 3
139 160 4   0 0   1 1   2 2   3 3
139 177 4   0 0   1 1   2 2   3 3
140 274 4   0 0   1 1   2 2   3 3
140 260 4   0 0   1 1   2 2   3 3
140 276 4   0 0   1 1   2 2   3 3
140 236 4   0 0   1 1   2 2   3 3
140 220 4   0 0   1 1   2 2   3 3
140 222 4   0 0   1 1   2 2   3 3
141 250 4   0 0   1 1   2 2   3 3
142 225 4   0 0   1 1   2 2   3 3
142 291 4   0 0   1 1   2 2   3 3
142 196 4   0 0   1 1   2 2   3 3
142 247 4   0 0   1 1   2 2   3 3
143 275 4   0 0   1 1   2 2   3 3
143 279 4   0 0   1 1   2 2   3 3
143 153 4   0 0   1 1   2 2   3 3
143 172 4   0 0   1 1   2 2   3 3
144 179 4   0 0   1 1   2 2   3 3
144 147 4   0 0   1 1   2 2   3 3
144 296 4   0 0   1 1   2 2   3 3
144 217 4   0 0   1 1   2 2   3 3
145 177 4   0 0   1 1   2 2   3 3
145 244 4   0 0   1 1   2 2   3 3
145 212 4   0 0   1 1   2 2   3 3
145 213 4   0 0   1 1   2 2   3 3
146 226 4   0 0   1 1   2 2   3 3
146 291 4   0 0   1 1   2 2   3 3
146 196 4   0 0   1 1   2 2   3 3
146 150 4   0 0   1 1   2 2   3 3
147 179 4   0 0   1 1   2 2   3 3
147 168 4   0 0   1 1   2 2   3 3
148 194 4   0 0   1 1   2 2   3 3
148 200 4   0 0   1 1   2 2   3 3
148 202 4   0 0   1 1   2 2   3 3
148 204 4   0 0   1 1   2 2   3 3
149 178 4   0 0   1 1   2 2   3 3
149 276 4   0 0   1 1   2 2   3 3
149 297 4   0 0   1 1   2 2   3 3
149 186 4   0 0   1 1   2 2   3 3
149 236 4   0 0   1 1   2 2   3 3
149 285 4   0 0   1 1   2 2   3 3
150 253 4   0 0   1 1   2 2   3 3
151 180 4   0 0   1 1   2 2   3 3
151 155 4   0 0   1 1   2 2   3 3
152 252 4   0 0   1 1   2 2   3 3
152 286 4   0 0   1 1   2 2   3 3
152 255 4   0 0   1 1   2 2   3 3
154 174 4   0 0   1 1   2 2   3 3
154 254 4   0 0   1 1   2 2   3 3
154 239 4   0 0   1 1   2 2   3 3
155 180 4   0 0   1 1   2 2   3 3
155 199 4   0 0   1 1   2 2   3 3
155 184 4   0 0   1 1   2 2   3 3
155 281 4   0 0   1 1   2 2   3 3
156 232 4   0 0   1 1   2 2   3 3
157 224 4   0 0   1 1   2 2   3 3
157 215 4   0 0   1 1   2 2   3 3
158 198 4   0 0   1 1   2 2   3 3
158 191 4   0 0   1 1   2 2   3 3
159 241 4   0 0   1 1   2 2   3 3
159 263 4   0 0   1 1   2 2   3 3
159 201 4   0 0   1 1   2 2   3 3
159 252 4   0 0   1 1   2 2   3 3
159 284 4   0 0   1 1   2 2   3 3
160 189 4   0 0   1 1   2 2   3 3
160 175 4   0 0   1 1   2 2   3 3
161 235 4   0 0   1 1   2 2   3 3
161 252 4   0 0   1 1   2 2   3 3
161 189 4   0 0   1 1   2 2   3 3
161 175 4   0 0   1 1   2 2   3 3
161 255 4   0 0   1 1   2 2   3 3
162 277 4   0 0   1 1   2 2   3 3
162 219 4   0 0   1 1   2 2   3 3
162 205 4   0 0   1 1   2 2   3 3
162 191 4   0 0   1 1   2 2   3 3
163 164 4   0 0   1 1   2 2   3 3
163 215 4   0 0   1 1   2 2   3 3
164 241 4   0 0   1 1   2 2   3 3
164 167 4   0 0   1 1   2 2   3 3
164 284 4   0 0   1 1   2 2   3 3
164 223 4   0 0   1 1   2 2   3 3
165 216 4   0 0   1 1   2 2   3 3
166 240 4   0 0   1 1   2 2   3 3
167 195 4   0 0   1 1   2 2   3 3
167 284 4   0 0   1 1   2 2   3 3
167 223 4   0 0   1 1   2 2   3 3
168 289 4   0 0   1 1   2 2   3 3
168 179 4   0 0   1 1   2 2   3 3
168 268 4   0 0   1 1   2 2   3 3
169 209 4   0 0   1 1   2 2   3 3
169 183 4   0 0   1 1   2 2   3 3
170 290 4   0 0   1 1   2 2   3 3
170 266 4   0 0   1 1   2 2   3 3
170 283 4   0 0   1 1   2 2   3 3
170 253 4   0 0   1 1   2 2   3 3
171 250 4   0 0   1 1   2 2   3 3
171 254 4   0 0   1 1   2 2   3 3
172 279 4   0 0   1 1   2 2   3 3
173 272 4   0 0   1 1   2 2   3 3
173 295 4   0 0   1 1   2 2   3 3
173 188 4   0 0   1 1   2 2   3 3
175 228 4   0 0   1 1   2 2   3 3
175 261 4   0 0   1 1   2 2   3 3
175 235 4   0 0   1 1   2 2   3 3
175 189 4   0 0   1 1   2 2   3 3
176 243 4   0 0   1 1   2 2   3 3
176 232 4   0 0   1 1   2 2   3 3
177 195 4   0 0   1 1   2 2   3 3
177 228 4   0 0   1 1   2 2   3 3
177 213 4   0 0   1 1   2 2   3 3
178 276 4   0 0   1 1   2 2   3 3
179 262 4   0 0   1 1   2 2   3 3
179 217 4   0 0   1 1   2 2   3 3
179 268 4   0 0   1 1   2 2   3 3
180 199 4   0 0   1 1   2 2   3 3
181 247 4   0 0   1 1   2 2   3 3
182 192 4   0 0   1 1   2 2   3 3
182 242 4   0 0   1 1   2 2   3 3
182 190 4   0 0   1 1   2 2   3 3
183 209 4   0 0   1 1   2 2   3 3
183 197 4   0 0   1 1   2 2   3 3
184 281 4   0 0   1 1   2 2   3 3
185 193 4   0 0   1 1   2 2   3 3
185 225 4   0 0   1 1   2 2   3 3
185 211 4   0 0   1 1   2 2   3 3
185 233 4   0 0   1 1   2 2   3 3
185 221 4   0 0   1 1   2 2   3 3
186 276 4   0 0   1 1   2 2   3 3
186 236 4   0 0   1 1   2 2   3 3
186 222 4   0 0   1 1   2 2   3 3
187 289 4   0 0   1 1   2 2   3 3
187 259 4   0 0   1 1   2 2   3 3
187 267 4   0 0   1 1   2 2   3 3
187 268 4   0 0   1 1   2 2   3 3
188 201 4   0 0   1 1   2 2   3 3
188 286 4   0 0   1 1   2 2   3 3
189 296 4   0 0   1 1   2 2   3 3
190 192 4   0 0   1 1   2 2   3 3
191 198 4   0 0   1 1   2 2   3 3
191 205 4   0 0   1 1   2 2   3 3
192 242 4   0 0   1 1   2 2   3 3
193 256 4   0 0   1 1   2 2   3 3
193 280 4   0 0   1 1   2 2   3 3
193 233 4   0 0   1 1   2 2   3 3
194 219 4   0 0   1 1   2 2   3 3
194 204 4   0 0   1 1   2 2   3 3
195 228 4   0 0   1 1   2 2   3 3
195 284 4   0 0   1 1   2 2   3 3
196 225 4   0 0   1 1   2 2   3 3
196 226 4   0 0   1 1   2 2   3 3
196 291 4   0 0   1 1   2 2   3 3
197 237 4   0 0   1 1   2 2   3 3
198 205 4   0 0   1 1   2 2   3 3
198 269 4   0 0   1 1   2 2   3 3
199 281 4   0 0   1 1   2 2   3 3
200 256 4   0 0   1 1   2 2   3 3
200 202 4   0 0   1 1   2 2   3 3
200 204 4   0 0   1 1   2 2   3 3
200 269 4   0 0   1 1   2 2   3 3
200 205 4   0 0   1 1   2 2   3 3
201 294 4   0 0   1 1   2 2   3 3
202 256 4   0 0   1 1   2 2   3 3
202 233 4   0 0   1 1   2 2   3 3
202 286 4   0 0   1 1   2 2   3 3
203 294 4   0 0   1 1   2 2   3 3
204 277 4   0 0   1 1   2 2   3 3
204 205 4   0 0   1 1   2 2   3 3
205 277 4   0 0   1 1   2 2   3 3
205 269 4   0 0   1 1   2 2   3 3
206 257 4   0 0   1 1   2 2   3 3
206 242 4   0 0   1 1   2 2   3 3
206 248 4   0 0   1 1   2 2   3 3
207 258 4   0 0   1 1   2 2   3 3
207 278 4   0 0   1 1   2 2   3 3
207 234 4   0 0   1 1   2 2   3 3
208 255 4   0 0   1 1   2 2   3 3
210 265 4   0 0   1 1   2 2   3 3
210 249 4   0 0   1 1   2 2   3 3
211 225 4   0 0   1 1   2 2   3 3
212 244 4   0 0   1 1   2 2   3 3
212 223 4   0 0   1 1   2 2   3 3
214 227 4   0 0   1 1   2 2   3 3
214 216 4   0 0   1 1   2 2   3 3
214 282 4   0 0   1 1   2 2   3 3
215 223 4   0 0   1 1   2 2   3 3
216 238 4   0 0   1 1   2 2   3 3
217 240 4   0 0   1 1   2 2   3 3
218 230 4   0 0   1 1   2 2   3 3
218 219 4   0 0   1 1   2 2   3 3
219 277 4   0 0   1 1   2 2   3 3
221 225 4   0 0   1 1   2 2   3 3
222 276 4   0 0   1 1   2 2   3 3
222 236 4   0 0   1 1   2 2   3 3
224 231 4   0 0   1 1   2 2   3 3
227 278 4   0 0   1 1   2 2   3 3
227 246 4   0 0   1 1   2 2   3 3
227 282 4   0 0   1 1   2 2   3 3
228 261 4   0 0   1 1   2 2   3 3
229 255 4   0 0   1 1   2 2   3 3
230 296 4   0 0   1 1   2 2   3 3
233 256 4   0 0   1 1   2 2   3 3
234 245 4   0 0   1 1   2 2   3 3
235 261 4   0 0   1 1   2 2   3 3
235 252 4   0 0   1 1   2 2   3 3
236 274 4   0 0   1 1   2 2   3 3
236 297 4   0 0   1 1   2 2   3 3
238 265 4   0 0   1 1   2 2   3 3
239 254 4   0 0   1 1   2 2   3 3
241 263 4   0 0   1 1   2 2   3 3
241 284 4   0 0   1 1   2 2   3 3
242 288 4   0 0   1 1   2 2   3 3
243 258 4   0 0   1 1   2 2   3 3
243 270 4   0 0   1 1   2 2   3 3
245 246 4   0 0   1 1   2 2   3 3
246 278 4   0 0   1 1   2 2   3 3
247 291 4   0 0   1 1   2 2   3 3
248 257 4   0 0   1 1   2 2   3 3
249 265 4   0 0   1 1   2 2   3 3
251 254 4   0 0   1 1   2 2   3 3
252 261 4   0 0   1 1   2 2   3 3
252 255 4   0 0   1 1   2 2   3 3
256 280 4   0 0   1 1   2 2   3 3
256 269 4   0 0   1 1   2 2   3 3
258 270 4   0 0   1 1   2 2   3 3
260 274 4   0 0   1 1   2 2   3 3
262 268 4   0 0   1 1   2 2   3 3
264 287 4   0 0   1 1   2 2   3 3
266 276 4   0 0   1 1   2 2   3 3
266 283 4   0 0   1 1   2 2   3 3
268 289 4   0 0   1 1   2 2   3 3
270 290 4   0 0   1 1   2 2   3 3
270 283 4   0 0   1 1   2 2   3 3
272 295 4   0 0   1 1   2 2   3 3
272 287 4   0 0   1 1   2 2   3 3
274 297 4   0 0   1 1   2 2   3 3
276 283 4   0 0   1 1   2 2   3 3
278 282 4   0 0   1 1   2 2   3 3
279 295 4   0 0   1 1   2 2   3 3
283 290 4   0 0   1 1   2 2   3 3
285 297 4   0 0   1 1   2 2   3 3
287 295 4   0 0   1 1   2 2   3 3
293 298 4   0 0   1 1   2 2   3 3
