226
1 4 0 1 2 3
2 4 0 1 2 3
3 4 0 1 2 3
4 4 0 1 2 3
5 4 0 1 2 3
6 4 0 1 2 3
7 4 0 1 2 3
8 4 0 1 2 3
9 4 0 1 2 3
10 4 0 1 2 3
11 4 0 1 2 3
12 4 0 1 2 3
13 4 0 1 2 3
14 4 0 1 2 3
15 4 0 1 2 3
16 4 0 1 2 3
17 4 0 1 2 3
18 4 0 1 2 3
19 4 0 1 2 3
20 4 0 1 2 3
21 4 0 1 2 3
22 4 0 1 2 3
23 4 0 1 2 3
24 4 0 1 2 3
25 4 0 1 2 3
26 4 0 1 2 3
27 4 0 1 2 3
28 4 0 1 2 3
29 4 0 1 2 3
30 4 0 1 2 3
31 4 0 1 2 3
32 4 0 1 2 3
33 4 0 1 2 3
34 4 0 1 2 3
35 4 0 1 2 3
36 4 0 1 2 3
37 4 0 1 2 3
38 4 0 1 2 3
39 4 0 1 2 3
40 4 0 1 2 3
41 4 0 1 2 3
42 4 0 1 2 3
43 4 0 1 2 3
44 4 0 1 2 3
45 4 0 1 2 3
46 4 0 1 2 3
47 4 0 1 2 3
48 4 0 1 2 3
49 4 0 1 2 3
50 4 0 1 2 3
51 4 0 1 2 3
52 4 0 1 2 3
53 4 0 1 2 3
54 4 0 1 2 3
55 4 0 1 2 3
56 4 0 1 2 3
57 4 0 1 2 3
58 4 0 1 2 3
59 4 0 1 2 3
60 4 0 1 2 3
61 4 0 1 2 3
62 4 0 1 2 3
63 4 0 1 2 3
64 4 0 1 2 3
65 4 0 1 2 3
66 4 0 1 2 3
67 4 0 1 2 3
68 4 0 1 2 3
69 4 0 1 2 3
70 4 0 1 2 3
71 4 0 1 2 3
72 4 0 1 2 3
73 4 0 1 2 3
74 4 0 1 2 3
75 4 0 1 2 3
76 4 0 1 2 3
77 4 0 1 2 3
78 4 0 1 2 3
79 4 0 1 2 3
80 4 0 1 2 3
81 4 0 1 2 3
82 4 0 1 2 3
83 4 0 1 2 3
84 4 0 1 2 3
85 4 0 1 2 3
86 4 0 1 2 3
87 4 0 1 2 3
88 4 0 1 2 3
89 4 0 1 2 3
90 4 0 1 2 3
91 4 0 1 2 3
92 4 0 1 2 3
93 4 0 1 2 3
94 4 0 1 2 3
95 4 0 1 2 3
96 4 0 1 2 3
97 4 0 1 2 3
98 4 0 1 2 3
99 4 0 1 2 3
100 4 0 1 2 3
101 4 0 1 2 3
102 4 0 1 2 3
103 4 0 1 2 3
104 4 0 1 2 3
105 4 0 1 2 3
106 4 0 1 2 3
107 4 0 1 2 3
108 4 0 1 2 3
109 4 0 1 2 3
110 4 0 1 2 3
111 4 0 1 2 3
112 4 0 1 2 3
113 4 0 1 2 3
114 4 0 1 2 3
115 4 0 1 2 3
116 4 0 1 2 3
117 4 0 1 2 3
118 4 0 1 2 3
119 4 0 1 2 3
120 4 0 1 2 3
121 4 0 1 2 3
122 4 0 1 2 3
123 4 0 1 2 3
124 4 0 1 2 3
125 4 0 1 2 3
126 4 0 1 2 3
127 4 0 1 2 3
128 4 0 1 2 3
129 4 0 1 2 3
130 4 0 1 2 3
131 4 0 1 2 3
132 4 0 1 2 3
133 4 0 1 2 3
134 4 0 1 2 3
135 4 0 1 2 3
136 4 0 1 2 3
137 4 0 1 2 3
138 4 0 1 2 3
139 4 0 1 2 3
140 4 0 1 2 3
141 4 0 1 2 3
142 4 0 1 2 3
143 4 0 1 2 3
144 4 0 1 2 3
145 4 0 1 2 3
146 4 0 1 2 3
147 4 0 1 2 3
148 4 0 1 2 3
149 4 0 1 2 3
150 4 0 1 2 3
151 4 0 1 2 3
152 4 0 1 2 3
153 4 0 1 2 3
154 4 0 1 2 3
155 4 0 1 2 3
156 4 0 1 2 3
157 4 0 1 2 3
158 4 0 1 2 3
159 4 0 1 2 3
160 4 0 1 2 3
161 4 0 1 2 3
162 4 0 1 2 3
163 4 0 1 2 3
164 4 0 1 2 3
165 4 0 1 2 3
166 4 0 1 2 3
167 4 0 1 2 3
168 4 0 1 2 3
169 4 0 1 2 3
170 4 0 1 2 3
171 4 0 1 2 3
172 4 0 1 2 3
173 4 0 1 2 3
174 4 0 1 2 3
175 4 0 1 2 3
176 4 0 1 2 3
177 4 0 1 2 3
178 4 0 1 2 3
179 4 0 1 2 3
180 4 0 1 2 3
181 4 0 1 2 3
182 4 0 1 2 3
183 4 0 1 2 3
184 4 0 1 2 3
185 4 0 1 2 3
186 4 0 1 2 3
187 4 0 1 2 3
188 4 0 1 2 3
189 4 0 1 2 3
190 4 0 1 2 3
191 4 0 1 2 3
192 4 0 1 2 3
193 4 0 1 2 3
194 4 0 1 2 3
195 4 0 1 2 3
196 4 0 1 2 3
197 4 0 1 2 3
198 4 0 1 2 3
199 4 0 1 2 3
200 4 0 1 2 3
201 4 0 1 2 3
202 4 0 1 2 3
203 4 0 1 2 3
204 4 0 1 2 3
205 4 0 1 2 3
206 4 0 1 2 3
207 4 0 1 2 3
208 4 0 1 2 3
209 4 0 1 2 3
210 4 0 1 2 3
211 4 0 1 2 3
212 4 0 1 2 3
213 4 0 1 2 3
214 4 0 1 2 3
215 4 0 1 2 3
216 4 0 1 2 3
217 4 0 1 2 3
218 4 0 1 2 3
219 4 0 1 2 3
220 4 0 1 2 3
221 4 0 1 2 3
222 4 0 1 2 3
223 4 0 1 2 3
224 4 0 1 2 3
225 4 0 1 2 3
226 4 0 1 2 3
631
1 22 4   0 0   1 1   2 2   3 3
1 8 4   0 0   1 1   2 2   3 3
1 122 4   0 0   1 1   2 2   3 3
1 158 4   0 0   1 1   2 2   3 3
2 224 4   0 0   1 1   2 2   3 3
2 81 4   0 0   1 1   2 2   3 3
2 60 4   0 0   1 1   2 2   3 3
2 220 4   0 0   1 1   2 2   3 3
2 125 4   0 0   1 1   2 2   3 3
3 112 4   0 0   1 1   2 2   3 3
3 54 4   0 0   1 1   2 2   3 3
3 200 4   0 0   1 1   2 2   3 3
3 75 4   0 0   1 1   2 2   3 3
3 139 4   0 0   1 1   2 2   3 3
3 204 4   0 0   1 1   2 2   3 3
4 135 4   0 0   1 1   2 2   3 3
4 137 4   0 0   1 1   2 2   3 3
4 171 4   0 0   1 1   2 2   3 3
5 51 4   0 0   1 1   2 2   3 3
5 163 4   0 0   1 1   2 2   3 3
5 68 4   0 0   1 1   2 2   3 3
5 215 4   0 0   1 1   2 2   3 3
5 184 4   0 0   1 1   2 2   3 3
6 176 4   0 0   1 1   2 2   3 3
6 49 4   0 0   1 1   2 2   3 3
6 17 4   0 0   1 1   2 2   3 3
6 82 4   0 0   1 1   2 2   3 3
6 71 4   0 0   1 1   2 2   3 3
6 40 4   0 0   1 1   2 2   3 3
6 78 4   0 0   1 1   2 2   3 3
7 147 4   0 0   1 1   2 2   3 3
7 133 4   0 0   1 1   2 2   3 3
7 197 4   0 0   1 1   2 2   3 3
7 136 4   0 0   1 1   2 2   3 3
7 217 4   0 0   1 1   2 2   3 3
7 172 4   0 0   1 1   2 2   3 3
8 69 4   0 0   1 1   2 2   3 3
8 22 4   0 0   1 1   2 2   3 3
8 38 4   0 0   1 1   2 2   3 3
8 71 4   0 0   1 1   2 2   3 3
8 216 4   0 0   1 1   2 2   3 3
8 78 4   0 0   1 1   2 2   3 3
8 158 4   0 0   1 1   2 2   3 3
8 111 4   0 0   1 1   2 2   3 3
8 127 4   0 0   1 1   2 2   3 3
9 149 4   0 0   1 1   2 2   3 3
9 117 4   0 0   1 1   2 2   3 3
9 89 4   0 0   1 1   2 2   3 3
9 26 4   0 0   1 1   2 2   3 3
10 34 4   0 0   1 1   2 2   3 3
10 53 4   0 0   1 1   2 2   3 3
10 39 4   0 0   1 1   2 2   3 3
10 14 4   0 0   1 1   2 2   3 3
11 67 4   0 0   1 1   2 2   3 3
11 117 4   0 0   1 1   2 2   3 3
11 120 4   0 0   1 1   2 2   3 3
11 219 4   0 0   1 1   2 2   3 3
11 187 4   0 0   1 1   2 2   3 3
12 212 4   0 0   1 1   2 2   3 3
12 20 4   0 0   1 1   2 2   3 3
12 165 4   0 0   1 1   2 2   3 3
12 102 4   0 0   1 1   2 2   3 3
12 199 4   0 0   1 1   2 2   3 3
13 32 4   0 0   1 1   2 2   3 3
13 208 4   0 0   1 1   2 2   3 3
13 34 4   0 0   1 1   2 2   3 3
13 115 4   0 0   1 1   2 2   3 3
13 148 4   0 0   1 1   2 2   3 3
13 93 4   0 0   1 1   2 2   3 3
14 34 4   0 0   1 1   2 2   3 3
14 53 4   0 0   1 1   2 2   3 3
14 121 4   0 0   1 1   2 2   3 3
14 202 4   0 0   1 1   2 2   3 3
14 15 4   0 0   1 1   2 2   3 3
15 162 4   0 0   1 1   2 2   3 3
15 34 4   0 0   1 1   2 2   3 3
15 90 4   0 0   1 1   2 2   3 3
15 202 4   0 0   1 1   2 2   3 3
15 29 4   0 0   1 1   2 2   3 3
16 97 4   0 0   1 1   2 2   3 3
16 183 4   0 0   1 1   2 2   3 3
16 138 4   0 0   1 1   2 2   3 3
16 91 4   0 0   1 1   2 2   3 3
16 27 4   0 0   1 1   2 2   3 3
16 219 4   0 0   1 1   2 2   3 3
16 205 4   0 0   1 1   2 2   3 3
16 223 4   0 0   1 1   2 2   3 3
17 40 4   0 0   1 1   2 2   3 3
17 188 4   0 0   1 1   2 2   3 3
17 78 4   0 0   1 1   2 2   3 3
18 210 4   0 0   1 1   2 2   3 3
18 19 4   0 0   1 1   2 2   3 3
18 35 4   0 0   1 1   2 2   3 3
18 197 4   0 0   1 1   2 2   3 3
18 124 4   0 0   1 1   2 2   3 3
18 189 4   0 0   1 1   2 2   3 3
19 35 4   0 0   1 1   2 2   3 3
19 118 4   0 0   1 1   2 2   3 3
19 135 4   0 0   1 1   2 2   3 3
19 171 4   0 0   1 1   2 2   3 3
19 124 4   0 0   1 1   2 2   3 3
19 189 4   0 0   1 1   2 2   3 3
20 226 4   0 0   1 1   2 2   3 3
20 131 4   0 0   1 1   2 2   3 3
20 115 4   0 0   1 1   2 2   3 3
20 212 4   0 0   1 1   2 2   3 3
20 102 4   0 0   1 1   2 2   3 3
20 55 4   0 0   1 1   2 2   3 3
20 58 4   0 0   1 1   2 2   3 3
20 93 4   0 0   1 1   2 2   3 3
21 98 4   0 0   1 1   2 2   3 3
21 149 4   0 0   1 1   2 2   3 3
21 168 4   0 0   1 1   2 2   3 3
21 26 4   0 0   1 1   2 2   3 3
21 139 4   0 0   1 1   2 2   3 3
21 91 4   0 0   1 1   2 2   3 3
21 63 4   0 0   1 1   2 2   3 3
22 122 4   0 0   1 1   2 2   3 3
22 78 4   0 0   1 1   2 2   3 3
23 129 4   0 0   1 1   2 2   3 3
23 196 4   0 0   1 1   2 2   3 3
23 87 4   0 0   1 1   2 2   3 3
23 105 4   0 0   1 1   2 2   3 3
23 44 4   0 0   1 1   2 2   3 3
24 145 4   0 0   1 1   2 2   3 3
24 131 4   0 0   1 1   2 2   3 3
24 100 4   0 0   1 1   2 2   3 3
24 58 4   0 0   1 1   2 2   3 3
24 27 4   0 0   1 1   2 2   3 3
24 47 4   0 0   1 1   2 2   3 3
25 116 4   0 0   1 1   2 2   3 3
25 170 4   0 0   1 1   2 2   3 3
25 76 4   0 0   1 1   2 2   3 3
25 109 4   0 0   1 1   2 2   3 3
25 189 4   0 0   1 1   2 2   3 3
26 149 4   0 0   1 1   2 2   3 3
26 217 4   0 0   1 1   2 2   3 3
26 89 4   0 0   1 1   2 2   3 3
26 63 4   0 0   1 1   2 2   3 3
27 177 4   0 0   1 1   2 2   3 3
27 145 4   0 0   1 1   2 2   3 3
27 183 4   0 0   1 1   2 2   3 3
27 47 4   0 0   1 1   2 2   3 3
28 112 4   0 0   1 1   2 2   3 3
28 54 4   0 0   1 1   2 2   3 3
28 70 4   0 0   1 1   2 2   3 3
28 185 4   0 0   1 1   2 2   3 3
28 106 4   0 0   1 1   2 2   3 3
28 59 4   0 0   1 1   2 2   3 3
28 206 4   0 0   1 1   2 2   3 3
29 128 4   0 0   1 1   2 2   3 3
29 178 4   0 0   1 1   2 2   3 3
29 162 4   0 0   1 1   2 2   3 3
29 90 4   0 0   1 1   2 2   3 3
29 61 4   0 0   1 1   2 2   3 3
30 50 4   0 0   1 1   2 2   3 3
30 35 4   0 0   1 1   2 2   3 3
30 152 4   0 0   1 1   2 2   3 3
30 89 4   0 0   1 1   2 2   3 3
30 61 4   0 0   1 1   2 2   3 3
30 175 4   0 0   1 1   2 2   3 3
30 159 4   0 0   1 1   2 2   3 3
31 209 4   0 0   1 1   2 2   3 3
31 45 4   0 0   1 1   2 2   3 3
31 141 4   0 0   1 1   2 2   3 3
32 144 4   0 0   1 1   2 2   3 3
32 115 4   0 0   1 1   2 2   3 3
32 148 4   0 0   1 1   2 2   3 3
32 55 4   0 0   1 1   2 2   3 3
33 48 4   0 0   1 1   2 2   3 3
33 146 4   0 0   1 1   2 2   3 3
33 153 4   0 0   1 1   2 2   3 3
33 46 4   0 0   1 1   2 2   3 3
34 208 4   0 0   1 1   2 2   3 3
34 162 4   0 0   1 1   2 2   3 3
34 148 4   0 0   1 1   2 2   3 3
35 50 4   0 0   1 1   2 2   3 3
35 197 4   0 0   1 1   2 2   3 3
35 118 4   0 0   1 1   2 2   3 3
35 152 4   0 0   1 1   2 2   3 3
35 217 4   0 0   1 1   2 2   3 3
35 124 4   0 0   1 1   2 2   3 3
35 142 4   0 0   1 1   2 2   3 3
36 114 4   0 0   1 1   2 2   3 3
36 195 4   0 0   1 1   2 2   3 3
36 182 4   0 0   1 1   2 2   3 3
36 154 4   0 0   1 1   2 2   3 3
36 79 4   0 0   1 1   2 2   3 3
37 196 4   0 0   1 1   2 2   3 3
37 213 4   0 0   1 1   2 2   3 3
37 215 4   0 0   1 1   2 2   3 3
37 44 4   0 0   1 1   2 2   3 3
37 174 4   0 0   1 1   2 2   3 3
38 69 4   0 0   1 1   2 2   3 3
38 154 4   0 0   1 1   2 2   3 3
38 111 4   0 0   1 1   2 2   3 3
39 179 4   0 0   1 1   2 2   3 3
39 53 4   0 0   1 1   2 2   3 3
39 103 4   0 0   1 1   2 2   3 3
40 176 4   0 0   1 1   2 2   3 3
40 99 4   0 0   1 1   2 2   3 3
40 164 4   0 0   1 1   2 2   3 3
40 188 4   0 0   1 1   2 2   3 3
40 222 4   0 0   1 1   2 2   3 3
41 65 4   0 0   1 1   2 2   3 3
41 88 4   0 0   1 1   2 2   3 3
41 104 4   0 0   1 1   2 2   3 3
41 75 4   0 0   1 1   2 2   3 3
42 225 4   0 0   1 1   2 2   3 3
42 180 4   0 0   1 1   2 2   3 3
42 182 4   0 0   1 1   2 2   3 3
42 105 4   0 0   1 1   2 2   3 3
42 127 4   0 0   1 1   2 2   3 3
43 114 4   0 0   1 1   2 2   3 3
43 195 4   0 0   1 1   2 2   3 3
43 51 4   0 0   1 1   2 2   3 3
43 184 4   0 0   1 1   2 2   3 3
43 154 4   0 0   1 1   2 2   3 3
43 191 4   0 0   1 1   2 2   3 3
44 225 4   0 0   1 1   2 2   3 3
44 129 4   0 0   1 1   2 2   3 3
44 196 4   0 0   1 1   2 2   3 3
44 174 4   0 0   1 1   2 2   3 3
45 193 4   0 0   1 1   2 2   3 3
45 209 4   0 0   1 1   2 2   3 3
45 199 4   0 0   1 1   2 2   3 3
45 56 4   0 0   1 1   2 2   3 3
45 141 4   0 0   1 1   2 2   3 3
46 48 4   0 0   1 1   2 2   3 3
46 146 4   0 0   1 1   2 2   3 3
46 56 4   0 0   1 1   2 2   3 3
46 140 4   0 0   1 1   2 2   3 3
46 157 4   0 0   1 1   2 2   3 3
47 177 4   0 0   1 1   2 2   3 3
47 209 4   0 0   1 1   2 2   3 3
47 226 4   0 0   1 1   2 2   3 3
47 58 4   0 0   1 1   2 2   3 3
47 141 4   0 0   1 1   2 2   3 3
48 153 4   0 0   1 1   2 2   3 3
48 157 4   0 0   1 1   2 2   3 3
49 176 4   0 0   1 1   2 2   3 3
49 82 4   0 0   1 1   2 2   3 3
49 134 4   0 0   1 1   2 2   3 3
49 198 4   0 0   1 1   2 2   3 3
49 71 4   0 0   1 1   2 2   3 3
49 143 4   0 0   1 1   2 2   3 3
50 113 4   0 0   1 1   2 2   3 3
50 86 4   0 0   1 1   2 2   3 3
50 142 4   0 0   1 1   2 2   3 3
50 159 4   0 0   1 1   2 2   3 3
51 163 4   0 0   1 1   2 2   3 3
51 184 4   0 0   1 1   2 2   3 3
51 191 4   0 0   1 1   2 2   3 3
52 66 4   0 0   1 1   2 2   3 3
52 101 4   0 0   1 1   2 2   3 3
52 165 4   0 0   1 1   2 2   3 3
52 199 4   0 0   1 1   2 2   3 3
52 95 4   0 0   1 1   2 2   3 3
53 130 4   0 0   1 1   2 2   3 3
53 103 4   0 0   1 1   2 2   3 3
53 121 4   0 0   1 1   2 2   3 3
54 70 4   0 0   1 1   2 2   3 3
54 168 4   0 0   1 1   2 2   3 3
54 139 4   0 0   1 1   2 2   3 3
54 204 4   0 0   1 1   2 2   3 3
55 144 4   0 0   1 1   2 2   3 3
55 131 4   0 0   1 1   2 2   3 3
55 115 4   0 0   1 1   2 2   3 3
56 193 4   0 0   1 1   2 2   3 3
56 146 4   0 0   1 1   2 2   3 3
56 199 4   0 0   1 1   2 2   3 3
56 140 4   0 0   1 1   2 2   3 3
57 80 4   0 0   1 1   2 2   3 3
57 210 4   0 0   1 1   2 2   3 3
57 147 4   0 0   1 1   2 2   3 3
57 196 4   0 0   1 1   2 2   3 3
57 213 4   0 0   1 1   2 2   3 3
58 226 4   0 0   1 1   2 2   3 3
58 131 4   0 0   1 1   2 2   3 3
59 81 4   0 0   1 1   2 2   3 3
59 106 4   0 0   1 1   2 2   3 3
59 125 4   0 0   1 1   2 2   3 3
59 206 4   0 0   1 1   2 2   3 3
60 224 4   0 0   1 1   2 2   3 3
60 125 4   0 0   1 1   2 2   3 3
60 206 4   0 0   1 1   2 2   3 3
61 128 4   0 0   1 1   2 2   3 3
61 178 4   0 0   1 1   2 2   3 3
61 120 4   0 0   1 1   2 2   3 3
61 175 4   0 0   1 1   2 2   3 3
61 159 4   0 0   1 1   2 2   3 3
62 84 4   0 0   1 1   2 2   3 3
62 126 4   0 0   1 1   2 2   3 3
62 207 4   0 0   1 1   2 2   3 3
63 150 4   0 0   1 1   2 2   3 3
63 136 4   0 0   1 1   2 2   3 3
63 217 4   0 0   1 1   2 2   3 3
64 167 4   0 0   1 1   2 2   3 3
64 151 4   0 0   1 1   2 2   3 3
64 200 4   0 0   1 1   2 2   3 3
64 88 4   0 0   1 1   2 2   3 3
64 75 4   0 0   1 1   2 2   3 3
64 156 4   0 0   1 1   2 2   3 3
64 206 4   0 0   1 1   2 2   3 3
65 96 4   0 0   1 1   2 2   3 3
65 99 4   0 0   1 1   2 2   3 3
65 104 4   0 0   1 1   2 2   3 3
65 74 4   0 0   1 1   2 2   3 3
65 75 4   0 0   1 1   2 2   3 3
66 146 4   0 0   1 1   2 2   3 3
66 101 4   0 0   1 1   2 2   3 3
66 199 4   0 0   1 1   2 2   3 3
67 145 4   0 0   1 1   2 2   3 3
67 178 4   0 0   1 1   2 2   3 3
67 100 4   0 0   1 1   2 2   3 3
67 120 4   0 0   1 1   2 2   3 3
67 219 4   0 0   1 1   2 2   3 3
68 215 4   0 0   1 1   2 2   3 3
68 218 4   0 0   1 1   2 2   3 3
69 154 4   0 0   1 1   2 2   3 3
69 127 4   0 0   1 1   2 2   3 3
70 168 4   0 0   1 1   2 2   3 3
70 185 4   0 0   1 1   2 2   3 3
70 205 4   0 0   1 1   2 2   3 3
71 216 4   0 0   1 1   2 2   3 3
71 78 4   0 0   1 1   2 2   3 3
71 143 4   0 0   1 1   2 2   3 3
72 224 4   0 0   1 1   2 2   3 3
72 83 4   0 0   1 1   2 2   3 3
72 167 4   0 0   1 1   2 2   3 3
72 155 4   0 0   1 1   2 2   3 3
72 107 4   0 0   1 1   2 2   3 3
73 96 4   0 0   1 1   2 2   3 3
73 99 4   0 0   1 1   2 2   3 3
73 169 4   0 0   1 1   2 2   3 3
73 123 4   0 0   1 1   2 2   3 3
73 188 4   0 0   1 1   2 2   3 3
73 110 4   0 0   1 1   2 2   3 3
74 99 4   0 0   1 1   2 2   3 3
74 164 4   0 0   1 1   2 2   3 3
74 104 4   0 0   1 1   2 2   3 3
74 222 4   0 0   1 1   2 2   3 3
75 96 4   0 0   1 1   2 2   3 3
75 192 4   0 0   1 1   2 2   3 3
75 88 4   0 0   1 1   2 2   3 3
75 200 4   0 0   1 1   2 2   3 3
75 139 4   0 0   1 1   2 2   3 3
76 181 4   0 0   1 1   2 2   3 3
76 171 4   0 0   1 1   2 2   3 3
76 189 4   0 0   1 1   2 2   3 3
76 109 4   0 0   1 1   2 2   3 3
77 166 4   0 0   1 1   2 2   3 3
77 214 4   0 0   1 1   2 2   3 3
77 151 4   0 0   1 1   2 2   3 3
77 203 4   0 0   1 1   2 2   3 3
77 190 4   0 0   1 1   2 2   3 3
78 160 4   0 0   1 1   2 2   3 3
78 122 4   0 0   1 1   2 2   3 3
78 188 4   0 0   1 1   2 2   3 3
79 225 4   0 0   1 1   2 2   3 3
79 114 4   0 0   1 1   2 2   3 3
79 182 4   0 0   1 1   2 2   3 3
79 174 4   0 0   1 1   2 2   3 3
80 210 4   0 0   1 1   2 2   3 3
80 116 4   0 0   1 1   2 2   3 3
80 213 4   0 0   1 1   2 2   3 3
80 218 4   0 0   1 1   2 2   3 3
80 170 4   0 0   1 1   2 2   3 3
81 153 4   0 0   1 1   2 2   3 3
81 106 4   0 0   1 1   2 2   3 3
81 220 4   0 0   1 1   2 2   3 3
81 125 4   0 0   1 1   2 2   3 3
82 176 4   0 0   1 1   2 2   3 3
83 151 4   0 0   1 1   2 2   3 3
83 167 4   0 0   1 1   2 2   3 3
83 107 4   0 0   1 1   2 2   3 3
83 203 4   0 0   1 1   2 2   3 3
84 181 4   0 0   1 1   2 2   3 3
84 137 4   0 0   1 1   2 2   3 3
84 171 4   0 0   1 1   2 2   3 3
84 207 4   0 0   1 1   2 2   3 3
85 113 4   0 0   1 1   2 2   3 3
85 161 4   0 0   1 1   2 2   3 3
85 211 4   0 0   1 1   2 2   3 3
85 86 4   0 0   1 1   2 2   3 3
85 137 4   0 0   1 1   2 2   3 3
85 207 4   0 0   1 1   2 2   3 3
86 113 4   0 0   1 1   2 2   3 3
86 211 4   0 0   1 1   2 2   3 3
86 92 4   0 0   1 1   2 2   3 3
86 159 4   0 0   1 1   2 2   3 3
87 147 4   0 0   1 1   2 2   3 3
87 196 4   0 0   1 1   2 2   3 3
87 133 4   0 0   1 1   2 2   3 3
87 105 4   0 0   1 1   2 2   3 3
88 214 4   0 0   1 1   2 2   3 3
88 119 4   0 0   1 1   2 2   3 3
88 104 4   0 0   1 1   2 2   3 3
88 156 4   0 0   1 1   2 2   3 3
88 221 4   0 0   1 1   2 2   3 3
89 117 4   0 0   1 1   2 2   3 3
89 152 4   0 0   1 1   2 2   3 3
89 217 4   0 0   1 1   2 2   3 3
89 175 4   0 0   1 1   2 2   3 3
90 128 4   0 0   1 1   2 2   3 3
90 202 4   0 0   1 1   2 2   3 3
90 92 4   0 0   1 1   2 2   3 3
91 149 4   0 0   1 1   2 2   3 3
91 117 4   0 0   1 1   2 2   3 3
91 168 4   0 0   1 1   2 2   3 3
91 219 4   0 0   1 1   2 2   3 3
91 223 4   0 0   1 1   2 2   3 3
92 128 4   0 0   1 1   2 2   3 3
92 130 4   0 0   1 1   2 2   3 3
92 211 4   0 0   1 1   2 2   3 3
92 121 4   0 0   1 1   2 2   3 3
92 202 4   0 0   1 1   2 2   3 3
92 159 4   0 0   1 1   2 2   3 3
93 208 4   0 0   1 1   2 2   3 3
93 194 4   0 0   1 1   2 2   3 3
93 115 4   0 0   1 1   2 2   3 3
93 102 4   0 0   1 1   2 2   3 3
93 95 4   0 0   1 1   2 2   3 3
94 153 4   0 0   1 1   2 2   3 3
94 185 4   0 0   1 1   2 2   3 3
94 106 4   0 0   1 1   2 2   3 3
94 138 4   0 0   1 1   2 2   3 3
94 186 4   0 0   1 1   2 2   3 3
94 157 4   0 0   1 1   2 2   3 3
94 205 4   0 0   1 1   2 2   3 3
95 194 4   0 0   1 1   2 2   3 3
95 101 4   0 0   1 1   2 2   3 3
95 165 4   0 0   1 1   2 2   3 3
95 102 4   0 0   1 1   2 2   3 3
96 192 4   0 0   1 1   2 2   3 3
96 98 4   0 0   1 1   2 2   3 3
96 99 4   0 0   1 1   2 2   3 3
96 169 4   0 0   1 1   2 2   3 3
97 183 4   0 0   1 1   2 2   3 3
97 138 4   0 0   1 1   2 2   3 3
97 186 4   0 0   1 1   2 2   3 3
97 108 4   0 0   1 1   2 2   3 3
98 192 4   0 0   1 1   2 2   3 3
98 132 4   0 0   1 1   2 2   3 3
98 150 4   0 0   1 1   2 2   3 3
98 169 4   0 0   1 1   2 2   3 3
99 188 4   0 0   1 1   2 2   3 3
99 222 4   0 0   1 1   2 2   3 3
100 144 4   0 0   1 1   2 2   3 3
100 145 4   0 0   1 1   2 2   3 3
100 178 4   0 0   1 1   2 2   3 3
100 131 4   0 0   1 1   2 2   3 3
102 165 4   0 0   1 1   2 2   3 3
103 161 4   0 0   1 1   2 2   3 3
103 130 4   0 0   1 1   2 2   3 3
103 211 4   0 0   1 1   2 2   3 3
103 179 4   0 0   1 1   2 2   3 3
104 164 4   0 0   1 1   2 2   3 3
104 221 4   0 0   1 1   2 2   3 3
105 225 4   0 0   1 1   2 2   3 3
105 129 4   0 0   1 1   2 2   3 3
105 180 4   0 0   1 1   2 2   3 3
105 133 4   0 0   1 1   2 2   3 3
105 110 4   0 0   1 1   2 2   3 3
106 185 4   0 0   1 1   2 2   3 3
106 153 4   0 0   1 1   2 2   3 3
107 155 4   0 0   1 1   2 2   3 3
108 193 4   0 0   1 1   2 2   3 3
108 177 4   0 0   1 1   2 2   3 3
108 183 4   0 0   1 1   2 2   3 3
108 186 4   0 0   1 1   2 2   3 3
109 181 4   0 0   1 1   2 2   3 3
109 170 4   0 0   1 1   2 2   3 3
110 180 4   0 0   1 1   2 2   3 3
110 133 4   0 0   1 1   2 2   3 3
110 123 4   0 0   1 1   2 2   3 3
110 188 4   0 0   1 1   2 2   3 3
110 172 4   0 0   1 1   2 2   3 3
111 216 4   0 0   1 1   2 2   3 3
112 200 4   0 0   1 1   2 2   3 3
112 204 4   0 0   1 1   2 2   3 3
112 206 4   0 0   1 1   2 2   3 3
113 137 4   0 0   1 1   2 2   3 3
113 142 4   0 0   1 1   2 2   3 3
114 195 4   0 0   1 1   2 2   3 3
114 174 4   0 0   1 1   2 2   3 3
114 191 4   0 0   1 1   2 2   3 3
116 210 4   0 0   1 1   2 2   3 3
116 170 4   0 0   1 1   2 2   3 3
116 189 4   0 0   1 1   2 2   3 3
117 149 4   0 0   1 1   2 2   3 3
117 187 4   0 0   1 1   2 2   3 3
117 219 4   0 0   1 1   2 2   3 3
117 175 4   0 0   1 1   2 2   3 3
118 135 4   0 0   1 1   2 2   3 3
118 142 4   0 0   1 1   2 2   3 3
119 176 4   0 0   1 1   2 2   3 3
119 166 4   0 0   1 1   2 2   3 3
119 214 4   0 0   1 1   2 2   3 3
119 198 4   0 0   1 1   2 2   3 3
119 221 4   0 0   1 1   2 2   3 3
120 178 4   0 0   1 1   2 2   3 3
120 187 4   0 0   1 1   2 2   3 3
120 175 4   0 0   1 1   2 2   3 3
121 130 4   0 0   1 1   2 2   3 3
121 202 4   0 0   1 1   2 2   3 3
122 160 4   0 0   1 1   2 2   3 3
122 180 4   0 0   1 1   2 2   3 3
122 158 4   0 0   1 1   2 2   3 3
123 150 4   0 0   1 1   2 2   3 3
123 136 4   0 0   1 1   2 2   3 3
123 169 4   0 0   1 1   2 2   3 3
123 172 4   0 0   1 1   2 2   3 3
125 206 4   0 0   1 1   2 2   3 3
126 161 4   0 0   1 1   2 2   3 3
126 201 4   0 0   1 1   2 2   3 3
126 207 4   0 0   1 1   2 2   3 3
127 180 4   0 0   1 1   2 2   3 3
127 182 4   0 0   1 1   2 2   3 3
127 154 4   0 0   1 1   2 2   3 3
127 158 4   0 0   1 1   2 2   3 3
128 159 4   0 0   1 1   2 2   3 3
129 225 4   0 0   1 1   2 2   3 3
130 211 4   0 0   1 1   2 2   3 3
131 144 4   0 0   1 1   2 2   3 3
132 192 4   0 0   1 1   2 2   3 3
132 139 4   0 0   1 1   2 2   3 3
133 147 4   0 0   1 1   2 2   3 3
133 172 4   0 0   1 1   2 2   3 3
134 198 4   0 0   1 1   2 2   3 3
134 173 4   0 0   1 1   2 2   3 3
134 143 4   0 0   1 1   2 2   3 3
135 137 4   0 0   1 1   2 2   3 3
135 171 4   0 0   1 1   2 2   3 3
135 142 4   0 0   1 1   2 2   3 3
136 150 4   0 0   1 1   2 2   3 3
136 217 4   0 0   1 1   2 2   3 3
136 172 4   0 0   1 1   2 2   3 3
137 171 4   0 0   1 1   2 2   3 3
137 142 4   0 0   1 1   2 2   3 3
137 207 4   0 0   1 1   2 2   3 3
138 186 4   0 0   1 1   2 2   3 3
138 205 4   0 0   1 1   2 2   3 3
139 192 4   0 0   1 1   2 2   3 3
139 168 4   0 0   1 1   2 2   3 3
140 193 4   0 0   1 1   2 2   3 3
140 186 4   0 0   1 1   2 2   3 3
140 157 4   0 0   1 1   2 2   3 3
141 177 4   0 0   1 1   2 2   3 3
141 193 4   0 0   1 1   2 2   3 3
141 209 4   0 0   1 1   2 2   3 3
143 216 4   0 0   1 1   2 2   3 3
144 178 4   0 0   1 1   2 2   3 3
144 148 4   0 0   1 1   2 2   3 3
145 219 4   0 0   1 1   2 2   3 3
146 199 4   0 0   1 1   2 2   3 3
147 210 4   0 0   1 1   2 2   3 3
147 196 4   0 0   1 1   2 2   3 3
147 197 4   0 0   1 1   2 2   3 3
148 178 4   0 0   1 1   2 2   3 3
148 162 4   0 0   1 1   2 2   3 3
150 169 4   0 0   1 1   2 2   3 3
151 167 4   0 0   1 1   2 2   3 3
151 203 4   0 0   1 1   2 2   3 3
151 156 4   0 0   1 1   2 2   3 3
151 190 4   0 0   1 1   2 2   3 3
152 217 4   0 0   1 1   2 2   3 3
153 220 4   0 0   1 1   2 2   3 3
153 157 4   0 0   1 1   2 2   3 3
154 195 4   0 0   1 1   2 2   3 3
154 182 4   0 0   1 1   2 2   3 3
155 224 4   0 0   1 1   2 2   3 3
156 214 4   0 0   1 1   2 2   3 3
156 190 4   0 0   1 1   2 2   3 3
157 186 4   0 0   1 1   2 2   3 3
158 180 4   0 0   1 1   2 2   3 3
160 180 4   0 0   1 1   2 2   3 3
160 188 4   0 0   1 1   2 2   3 3
161 211 4   0 0   1 1   2 2   3 3
161 179 4   0 0   1 1   2 2   3 3
161 201 4   0 0   1 1   2 2   3 3
161 207 4   0 0   1 1   2 2   3 3
162 178 4   0 0   1 1   2 2   3 3
163 215 4   0 0   1 1   2 2   3 3
163 174 4   0 0   1 1   2 2   3 3
163 191 4   0 0   1 1   2 2   3 3
164 176 4   0 0   1 1   2 2   3 3
164 221 4   0 0   1 1   2 2   3 3
164 222 4   0 0   1 1   2 2   3 3
165 199 4   0 0   1 1   2 2   3 3
166 198 4   0 0   1 1   2 2   3 3
166 214 4   0 0   1 1   2 2   3 3
166 203 4   0 0   1 1   2 2   3 3
166 173 4   0 0   1 1   2 2   3 3
167 224 4   0 0   1 1   2 2   3 3
167 206 4   0 0   1 1   2 2   3 3
168 205 4   0 0   1 1   2 2   3 3
168 223 4   0 0   1 1   2 2   3 3
170 218 4   0 0   1 1   2 2   3 3
171 181 4   0 0   1 1   2 2   3 3
171 189 4   0 0   1 1   2 2   3 3
173 198 4   0 0   1 1   2 2   3 3
174 225 4   0 0   1 1   2 2   3 3
174 215 4   0 0   1 1   2 2   3 3
174 191 4   0 0   1 1   2 2   3 3
175 187 4   0 0   1 1   2 2   3 3
176 198 4   0 0   1 1   2 2   3 3
176 221 4   0 0   1 1   2 2   3 3
177 193 4   0 0   1 1   2 2   3 3
177 183 4   0 0   1 1   2 2   3 3
179 201 4   0 0   1 1   2 2   3 3
180 188 4   0 0   1 1   2 2   3 3
182 225 4   0 0   1 1   2 2   3 3
185 205 4   0 0   1 1   2 2   3 3
186 193 4   0 0   1 1   2 2   3 3
189 210 4   0 0   1 1   2 2   3 3
190 214 4   0 0   1 1   2 2   3 3
196 213 4   0 0   1 1   2 2   3 3
197 210 4   0 0   1 1   2 2   3 3
197 217 4   0 0   1 1   2 2   3 3
199 209 4   0 0   1 1   2 2   3 3
199 212 4   0 0   1 1   2 2   3 3
200 206 4   0 0   1 1   2 2   3 3
205 223 4   0 0   1 1   2 2   3 3
206 224 4   0 0   1 1   2 2   3 3
209 226 4   0 0   1 1   2 2   3 3
209 212 4   0 0   1 1   2 2   3 3
212 226 4   0 0   1 1   2 2   3 3
213 215 4   0 0   1 1   2 2   3 3
213 218 4   0 0   1 1   2 2   3 3
220 224 4   0 0   1 1   2 2   3 3
