244
1 4 0 1 2 3
2 4 0 1 2 3
3 4 0 1 2 3
4 4 0 1 2 3
5 4 0 1 2 3
6 4 0 1 2 3
7 4 0 1 2 3
8 4 0 1 2 3
9 4 0 1 2 3
10 4 0 1 2 3
11 4 0 1 2 3
12 4 0 1 2 3
13 4 0 1 2 3
14 4 0 1 2 3
15 4 0 1 2 3
16 4 0 1 2 3
17 4 0 1 2 3
18 4 0 1 2 3
19 4 0 1 2 3
20 4 0 1 2 3
21 4 0 1 2 3
22 4 0 1 2 3
23 4 0 1 2 3
24 4 0 1 2 3
25 4 0 1 2 3
26 4 0 1 2 3
27 4 0 1 2 3
28 4 0 1 2 3
29 4 0 1 2 3
30 4 0 1 2 3
31 4 0 1 2 3
32 4 0 1 2 3
33 4 0 1 2 3
34 4 0 1 2 3
35 4 0 1 2 3
36 4 0 1 2 3
37 4 0 1 2 3
38 4 0 1 2 3
39 4 0 1 2 3
40 4 0 1 2 3
41 4 0 1 2 3
42 4 0 1 2 3
43 4 0 1 2 3
44 4 0 1 2 3
45 4 0 1 2 3
46 4 0 1 2 3
47 4 0 1 2 3
48 4 0 1 2 3
49 4 0 1 2 3
50 4 0 1 2 3
51 4 0 1 2 3
52 4 0 1 2 3
53 4 0 1 2 3
54 4 0 1 2 3
55 4 0 1 2 3
56 4 0 1 2 3
57 4 0 1 2 3
58 4 0 1 2 3
59 4 0 1 2 3
60 4 0 1 2 3
61 4 0 1 2 3
62 4 0 1 2 3
63 4 0 1 2 3
64 4 0 1 2 3
65 4 0 1 2 3
66 4 0 1 2 3
67 4 0 1 2 3
68 4 0 1 2 3
69 4 0 1 2 3
70 4 0 1 2 3
71 4 0 1 2 3
72 4 0 1 2 3
73 4 0 1 2 3
74 4 0 1 2 3
75 4 0 1 2 3
76 4 0 1 2 3
77 4 0 1 2 3
78 4 0 1 2 3
79 4 0 1 2 3
80 4 0 1 2 3
81 4 0 1 2 3
82 4 0 1 2 3
83 4 0 1 2 3
84 4 0 1 2 3
85 4 0 1 2 3
86 4 0 1 2 3
87 4 0 1 2 3
88 4 0 1 2 3
89 4 0 1 2 3
90 4 0 1 2 3
91 4 0 1 2 3
92 4 0 1 2 3
93 4 0 1 2 3
94 4 0 1 2 3
95 4 0 1 2 3
96 4 0 1 2 3
97 4 0 1 2 3
98 4 0 1 2 3
99 4 0 1 2 3
100 4 0 1 2 3
101 4 0 1 2 3
102 4 0 1 2 3
103 4 0 1 2 3
104 4 0 1 2 3
105 4 0 1 2 3
106 4 0 1 2 3
107 4 0 1 2 3
108 4 0 1 2 3
109 4 0 1 2 3
110 4 0 1 2 3
111 4 0 1 2 3
112 4 0 1 2 3
113 4 0 1 2 3
114 4 0 1 2 3
115 4 0 1 2 3
116 4 0 1 2 3
117 4 0 1 2 3
118 4 0 1 2 3
119 4 0 1 2 3
120 4 0 1 2 3
121 4 0 1 2 3
122 4 0 1 2 3
123 4 0 1 2 3
124 4 0 1 2 3
125 4 0 1 2 3
126 4 0 1 2 3
127 4 0 1 2 3
128 4 0 1 2 3
129 4 0 1 2 3
130 4 0 1 2 3
131 4 0 1 2 3
132 4 0 1 2 3
133 4 0 1 2 3
134 4 0 1 2 3
135 4 0 1 2 3
136 4 0 1 2 3
137 4 0 1 2 3
138 4 0 1 2 3
139 4 0 1 2 3
140 4 0 1 2 3
141 4 0 1 2 3
142 4 0 1 2 3
143 4 0 1 2 3
144 4 0 1 2 3
145 4 0 1 2 3
146 4 0 1 2 3
147 4 0 1 2 3
148 4 0 1 2 3
149 4 0 1 2 3
150 4 0 1 2 3
151 4 0 1 2 3
152 4 0 1 2 3
153 4 0 1 2 3
154 4 0 1 2 3
155 4 0 1 2 3
156 4 0 1 2 3
157 4 0 1 2 3
158 4 0 1 2 3
159 4 0 1 2 3
160 4 0 1 2 3
161 4 0 1 2 3
162 4 0 1 2 3
163 4 0 1 2 3
164 4 0 1 2 3
165 4 0 1 2 3
166 4 0 1 2 3
167 4 0 1 2 3
168 4 0 1 2 3
169 4 0 1 2 3
170 4 0 1 2 3
171 4 0 1 2 3
172 4 0 1 2 3
173 4 0 1 2 3
174 4 0 1 2 3
175 4 0 1 2 3
176 4 0 1 2 3
177 4 0 1 2 3
178 4 0 1 2 3
179 4 0 1 2 3
180 4 0 1 2 3
181 4 0 1 2 3
182 4 0 1 2 3
183 4 0 1 2 3
184 4 0 1 2 3
185 4 0 1 2 3
186 4 0 1 2 3
187 4 0 1 2 3
188 4 0 1 2 3
189 4 0 1 2 3
190 4 0 1 2 3
191 4 0 1 2 3
192 4 0 1 2 3
193 4 0 1 2 3
194 4 0 1 2 3
195 4 0 1 2 3
196 4 0 1 2 3
197 4 0 1 2 3
198 4 0 1 2 3
199 4 0 1 2 3
200 4 0 1 2 3
201 4 0 1 2 3
202 4 0 1 2 3
203 4 0 1 2 3
204 4 0 1 2 3
205 4 0 1 2 3
206 4 0 1 2 3
207 4 0 1 2 3
208 4 0 1 2 3
209 4 0 1 2 3
210 4 0 1 2 3
211 4 0 1 2 3
212 4 0 1 2 3
213 4 0 1 2 3
214 4 0 1 2 3
215 4 0 1 2 3
216 4 0 1 2 3
217 4 0 1 2 3
218 4 0 1 2 3
219 4 0 1 2 3
220 4 0 1 2 3
221 4 0 1 2 3
222 4 0 1 2 3
223 4 0 1 2 3
224 4 0 1 2 3
225 4 0 1 2 3
226 4 0 1 2 3
227 4 0 1 2 3
228 4 0 1 2 3
229 4 0 1 2 3
230 4 0 1 2 3
231 4 0 1 2 3
232 4 0 1 2 3
233 4 0 1 2 3
234 4 0 1 2 3
235 4 0 1 2 3
236 4 0 1 2 3
237 4 0 1 2 3
238 4 0 1 2 3
239 4 0 1 2 3
240 4 0 1 2 3
241 4 0 1 2 3
242 4 0 1 2 3
243 4 0 1 2 3
244 4 0 1 2 3
678
1 64 4   0 0   1 1   2 2   3 3
1 66 4   0 0   1 1   2 2   3 3
1 150 4   0 0   1 1   2 2   3 3
1 41 4   0 0   1 1   2 2   3 3
1 157 4   0 0   1 1   2 2   3 3
1 95 4   0 0   1 1   2 2   3 3
2 244 4   0 0   1 1   2 2   3 3
2 198 4   0 0   1 1   2 2   3 3
2 55 4   0 0   1 1   2 2   3 3
2 23 4   0 0   1 1   2 2   3 3
2 28 4   0 0   1 1   2 2   3 3
2 45 4   0 0   1 1   2 2   3 3
2 30 4   0 0   1 1   2 2   3 3
3 227 4   0 0   1 1   2 2   3 3
3 103 4   0 0   1 1   2 2   3 3
3 220 4   0 0   1 1   2 2   3 3
3 238 4   0 0   1 1   2 2   3 3
4 51 4   0 0   1 1   2 2   3 3
4 68 4   0 0   1 1   2 2   3 3
4 92 4   0 0   1 1   2 2   3 3
4 30 4   0 0   1 1   2 2   3 3
4 207 4   0 0   1 1   2 2   3 3
5 208 4   0 0   1 1   2 2   3 3
5 211 4   0 0   1 1   2 2   3 3
5 169 4   0 0   1 1   2 2   3 3
6 160 4   0 0   1 1   2 2   3 3
6 115 4   0 0   1 1   2 2   3 3
6 149 4   0 0   1 1   2 2   3 3
6 24 4   0 0   1 1   2 2   3 3
6 72 4   0 0   1 1   2 2   3 3
6 185 4   0 0   1 1   2 2   3 3
7 243 4   0 0   1 1   2 2   3 3
7 37 4   0 0   1 1   2 2   3 3
7 135 4   0 0   1 1   2 2   3 3
7 238 4   0 0   1 1   2 2   3 3
7 79 4   0 0   1 1   2 2   3 3
8 32 4   0 0   1 1   2 2   3 3
8 145 4   0 0   1 1   2 2   3 3
8 20 4   0 0   1 1   2 2   3 3
8 214 4   0 0   1 1   2 2   3 3
8 184 4   0 0   1 1   2 2   3 3
8 57 4   0 0   1 1   2 2   3 3
8 109 4   0 0   1 1   2 2   3 3
8 191 4   0 0   1 1   2 2   3 3
9 18 4   0 0   1 1   2 2   3 3
9 75 4   0 0   1 1   2 2   3 3
9 76 4   0 0   1 1   2 2   3 3
10 70 4   0 0   1 1   2 2   3 3
10 232 4   0 0   1 1   2 2   3 3
10 56 4   0 0   1 1   2 2   3 3
10 140 4   0 0   1 1   2 2   3 3
10 62 4   0 0   1 1   2 2   3 3
10 223 4   0 0   1 1   2 2   3 3
10 31 4   0 0   1 1   2 2   3 3
11 240 4   0 0   1 1   2 2   3 3
11 33 4   0 0   1 1   2 2   3 3
11 70 4   0 0   1 1   2 2   3 3
11 118 4   0 0   1 1   2 2   3 3
11 31 4   0 0   1 1   2 2   3 3
12 64 4   0 0   1 1   2 2   3 3
12 66 4   0 0   1 1   2 2   3 3
12 237 4   0 0   1 1   2 2   3 3
12 127 4   0 0   1 1   2 2   3 3
13 19 4   0 0   1 1   2 2   3 3
13 163 4   0 0   1 1   2 2   3 3
13 231 4   0 0   1 1   2 2   3 3
13 159 4   0 0   1 1   2 2   3 3
14 32 4   0 0   1 1   2 2   3 3
14 20 4   0 0   1 1   2 2   3 3
15 17 4   0 0   1 1   2 2   3 3
15 212 4   0 0   1 1   2 2   3 3
15 86 4   0 0   1 1   2 2   3 3
15 87 4   0 0   1 1   2 2   3 3
15 216 4   0 0   1 1   2 2   3 3
15 139 4   0 0   1 1   2 2   3 3
16 96 4   0 0   1 1   2 2   3 3
16 146 4   0 0   1 1   2 2   3 3
16 85 4   0 0   1 1   2 2   3 3
16 71 4   0 0   1 1   2 2   3 3
16 168 4   0 0   1 1   2 2   3 3
16 218 4   0 0   1 1   2 2   3 3
16 222 4   0 0   1 1   2 2   3 3
17 36 4   0 0   1 1   2 2   3 3
17 86 4   0 0   1 1   2 2   3 3
17 56 4   0 0   1 1   2 2   3 3
17 139 4   0 0   1 1   2 2   3 3
18 195 4   0 0   1 1   2 2   3 3
18 182 4   0 0   1 1   2 2   3 3
18 75 4   0 0   1 1   2 2   3 3
18 76 4   0 0   1 1   2 2   3 3
18 173 4   0 0   1 1   2 2   3 3
18 61 4   0 0   1 1   2 2   3 3
19 231 4   0 0   1 1   2 2   3 3
19 137 4   0 0   1 1   2 2   3 3
19 207 4   0 0   1 1   2 2   3 3
19 159 4   0 0   1 1   2 2   3 3
20 32 4   0 0   1 1   2 2   3 3
20 63 4   0 0   1 1   2 2   3 3
20 191 4   0 0   1 1   2 2   3 3
21 49 4   0 0   1 1   2 2   3 3
21 131 4   0 0   1 1   2 2   3 3
21 216 4   0 0   1 1   2 2   3 3
21 190 4   0 0   1 1   2 2   3 3
22 64 4   0 0   1 1   2 2   3 3
22 41 4   0 0   1 1   2 2   3 3
22 58 4   0 0   1 1   2 2   3 3
22 42 4   0 0   1 1   2 2   3 3
23 82 4   0 0   1 1   2 2   3 3
23 50 4   0 0   1 1   2 2   3 3
23 234 4   0 0   1 1   2 2   3 3
23 28 4   0 0   1 1   2 2   3 3
23 92 4   0 0   1 1   2 2   3 3
23 45 4   0 0   1 1   2 2   3 3
24 114 4   0 0   1 1   2 2   3 3
24 149 4   0 0   1 1   2 2   3 3
24 72 4   0 0   1 1   2 2   3 3
24 25 4   0 0   1 1   2 2   3 3
24 175 4   0 0   1 1   2 2   3 3
25 145 4   0 0   1 1   2 2   3 3
25 114 4   0 0   1 1   2 2   3 3
25 149 4   0 0   1 1   2 2   3 3
25 135 4   0 0   1 1   2 2   3 3
25 78 4   0 0   1 1   2 2   3 3
25 79 4   0 0   1 1   2 2   3 3
26 65 4   0 0   1 1   2 2   3 3
26 199 4   0 0   1 1   2 2   3 3
26 119 4   0 0   1 1   2 2   3 3
26 103 4   0 0   1 1   2 2   3 3
26 89 4   0 0   1 1   2 2   3 3
27 209 4   0 0   1 1   2 2   3 3
27 54 4   0 0   1 1   2 2   3 3
27 38 4   0 0   1 1   2 2   3 3
27 188 4   0 0   1 1   2 2   3 3
27 239 4   0 0   1 1   2 2   3 3
27 47 4   0 0   1 1   2 2   3 3
28 92 4   0 0   1 1   2 2   3 3
28 30 4   0 0   1 1   2 2   3 3
29 113 4   0 0   1 1   2 2   3 3
29 162 4   0 0   1 1   2 2   3 3
29 131 4   0 0   1 1   2 2   3 3
29 35 4   0 0   1 1   2 2   3 3
29 215 4   0 0   1 1   2 2   3 3
29 185 4   0 0   1 1   2 2   3 3
29 106 4   0 0   1 1   2 2   3 3
29 219 4   0 0   1 1   2 2   3 3
30 51 4   0 0   1 1   2 2   3 3
30 55 4   0 0   1 1   2 2   3 3
30 92 4   0 0   1 1   2 2   3 3
31 240 4   0 0   1 1   2 2   3 3
31 70 4   0 0   1 1   2 2   3 3
31 62 4   0 0   1 1   2 2   3 3
31 158 4   0 0   1 1   2 2   3 3
32 145 4   0 0   1 1   2 2   3 3
32 79 4   0 0   1 1   2 2   3 3
33 181 4   0 0   1 1   2 2   3 3
33 70 4   0 0   1 1   2 2   3 3
33 118 4   0 0   1 1   2 2   3 3
33 139 4   0 0   1 1   2 2   3 3
34 136 4   0 0   1 1   2 2   3 3
34 59 4   0 0   1 1   2 2   3 3
34 220 4   0 0   1 1   2 2   3 3
34 46 4   0 0   1 1   2 2   3 3
34 47 4   0 0   1 1   2 2   3 3
35 162 4   0 0   1 1   2 2   3 3
35 72 4   0 0   1 1   2 2   3 3
35 185 4   0 0   1 1   2 2   3 3
35 60 4   0 0   1 1   2 2   3 3
36 85 4   0 0   1 1   2 2   3 3
36 86 4   0 0   1 1   2 2   3 3
36 71 4   0 0   1 1   2 2   3 3
36 56 4   0 0   1 1   2 2   3 3
36 222 4   0 0   1 1   2 2   3 3
37 135 4   0 0   1 1   2 2   3 3
37 78 4   0 0   1 1   2 2   3 3
37 79 4   0 0   1 1   2 2   3 3
38 178 4   0 0   1 1   2 2   3 3
38 194 4   0 0   1 1   2 2   3 3
38 132 4   0 0   1 1   2 2   3 3
38 54 4   0 0   1 1   2 2   3 3
38 155 4   0 0   1 1   2 2   3 3
38 188 4   0 0   1 1   2 2   3 3
39 96 4   0 0   1 1   2 2   3 3
39 40 4   0 0   1 1   2 2   3 3
39 168 4   0 0   1 1   2 2   3 3
39 218 4   0 0   1 1   2 2   3 3
39 141 4   0 0   1 1   2 2   3 3
39 205 4   0 0   1 1   2 2   3 3
40 121 4   0 0   1 1   2 2   3 3
40 107 4   0 0   1 1   2 2   3 3
40 141 4   0 0   1 1   2 2   3 3
40 205 4   0 0   1 1   2 2   3 3
40 206 4   0 0   1 1   2 2   3 3
41 64 4   0 0   1 1   2 2   3 3
41 133 4   0 0   1 1   2 2   3 3
41 42 4   0 0   1 1   2 2   3 3
41 75 4   0 0   1 1   2 2   3 3
41 157 4   0 0   1 1   2 2   3 3
42 225 4   0 0   1 1   2 2   3 3
42 58 4   0 0   1 1   2 2   3 3
42 75 4   0 0   1 1   2 2   3 3
42 204 4   0 0   1 1   2 2   3 3
43 48 4   0 0   1 1   2 2   3 3
43 193 4   0 0   1 1   2 2   3 3
43 81 4   0 0   1 1   2 2   3 3
43 199 4   0 0   1 1   2 2   3 3
43 152 4   0 0   1 1   2 2   3 3
44 224 4   0 0   1 1   2 2   3 3
44 69 4   0 0   1 1   2 2   3 3
44 153 4   0 0   1 1   2 2   3 3
45 226 4   0 0   1 1   2 2   3 3
45 82 4   0 0   1 1   2 2   3 3
45 180 4   0 0   1 1   2 2   3 3
45 198 4   0 0   1 1   2 2   3 3
46 224 4   0 0   1 1   2 2   3 3
46 211 4   0 0   1 1   2 2   3 3
46 69 4   0 0   1 1   2 2   3 3
46 169 4   0 0   1 1   2 2   3 3
46 59 4   0 0   1 1   2 2   3 3
46 47 4   0 0   1 1   2 2   3 3
47 209 4   0 0   1 1   2 2   3 3
47 69 4   0 0   1 1   2 2   3 3
47 136 4   0 0   1 1   2 2   3 3
47 153 4   0 0   1 1   2 2   3 3
47 239 4   0 0   1 1   2 2   3 3
48 193 4   0 0   1 1   2 2   3 3
48 199 4   0 0   1 1   2 2   3 3
48 89 4   0 0   1 1   2 2   3 3
48 60 4   0 0   1 1   2 2   3 3
49 216 4   0 0   1 1   2 2   3 3
49 106 4   0 0   1 1   2 2   3 3
49 156 4   0 0   1 1   2 2   3 3
49 143 4   0 0   1 1   2 2   3 3
50 137 4   0 0   1 1   2 2   3 3
50 92 4   0 0   1 1   2 2   3 3
50 207 4   0 0   1 1   2 2   3 3
51 244 4   0 0   1 1   2 2   3 3
51 68 4   0 0   1 1   2 2   3 3
51 230 4   0 0   1 1   2 2   3 3
51 55 4   0 0   1 1   2 2   3 3
51 142 4   0 0   1 1   2 2   3 3
52 225 4   0 0   1 1   2 2   3 3
52 242 4   0 0   1 1   2 2   3 3
52 213 4   0 0   1 1   2 2   3 3
52 217 4   0 0   1 1   2 2   3 3
52 58 4   0 0   1 1   2 2   3 3
52 186 4   0 0   1 1   2 2   3 3
52 125 4   0 0   1 1   2 2   3 3
52 126 4   0 0   1 1   2 2   3 3
53 81 4   0 0   1 1   2 2   3 3
53 65 4   0 0   1 1   2 2   3 3
53 151 4   0 0   1 1   2 2   3 3
53 152 4   0 0   1 1   2 2   3 3
53 124 4   0 0   1 1   2 2   3 3
53 239 4   0 0   1 1   2 2   3 3
54 178 4   0 0   1 1   2 2   3 3
54 151 4   0 0   1 1   2 2   3 3
54 239 4   0 0   1 1   2 2   3 3
55 244 4   0 0   1 1   2 2   3 3
56 70 4   0 0   1 1   2 2   3 3
56 139 4   0 0   1 1   2 2   3 3
56 140 4   0 0   1 1   2 2   3 3
56 222 4   0 0   1 1   2 2   3 3
57 145 4   0 0   1 1   2 2   3 3
57 149 4   0 0   1 1   2 2   3 3
57 109 4   0 0   1 1   2 2   3 3
58 64 4   0 0   1 1   2 2   3 3
58 225 4   0 0   1 1   2 2   3 3
58 217 4   0 0   1 1   2 2   3 3
59 208 4   0 0   1 1   2 2   3 3
59 169 4   0 0   1 1   2 2   3 3
59 220 4   0 0   1 1   2 2   3 3
60 193 4   0 0   1 1   2 2   3 3
60 162 4   0 0   1 1   2 2   3 3
60 72 4   0 0   1 1   2 2   3 3
60 200 4   0 0   1 1   2 2   3 3
60 89 4   0 0   1 1   2 2   3 3
61 225 4   0 0   1 1   2 2   3 3
61 195 4   0 0   1 1   2 2   3 3
61 134 4   0 0   1 1   2 2   3 3
61 183 4   0 0   1 1   2 2   3 3
61 204 4   0 0   1 1   2 2   3 3
61 76 4   0 0   1 1   2 2   3 3
62 228 4   0 0   1 1   2 2   3 3
62 100 4   0 0   1 1   2 2   3 3
62 232 4   0 0   1 1   2 2   3 3
62 158 4   0 0   1 1   2 2   3 3
63 168 4   0 0   1 1   2 2   3 3
63 107 4   0 0   1 1   2 2   3 3
63 191 4   0 0   1 1   2 2   3 3
64 66 4   0 0   1 1   2 2   3 3
64 217 4   0 0   1 1   2 2   3 3
64 127 4   0 0   1 1   2 2   3 3
65 81 4   0 0   1 1   2 2   3 3
65 199 4   0 0   1 1   2 2   3 3
65 136 4   0 0   1 1   2 2   3 3
65 239 4   0 0   1 1   2 2   3 3
66 237 4   0 0   1 1   2 2   3 3
67 208 4   0 0   1 1   2 2   3 3
67 243 4   0 0   1 1   2 2   3 3
67 201 4   0 0   1 1   2 2   3 3
68 147 4   0 0   1 1   2 2   3 3
68 179 4   0 0   1 1   2 2   3 3
68 233 4   0 0   1 1   2 2   3 3
68 142 4   0 0   1 1   2 2   3 3
68 207 4   0 0   1 1   2 2   3 3
69 224 4   0 0   1 1   2 2   3 3
69 153 4   0 0   1 1   2 2   3 3
70 139 4   0 0   1 1   2 2   3 3
71 85 4   0 0   1 1   2 2   3 3
71 86 4   0 0   1 1   2 2   3 3
71 168 4   0 0   1 1   2 2   3 3
71 184 4   0 0   1 1   2 2   3 3
72 119 4   0 0   1 1   2 2   3 3
72 185 4   0 0   1 1   2 2   3 3
72 89 4   0 0   1 1   2 2   3 3
72 175 4   0 0   1 1   2 2   3 3
73 112 4   0 0   1 1   2 2   3 3
73 240 4   0 0   1 1   2 2   3 3
73 187 4   0 0   1 1   2 2   3 3
73 158 4   0 0   1 1   2 2   3 3
74 226 4   0 0   1 1   2 2   3 3
74 84 4   0 0   1 1   2 2   3 3
74 196 4   0 0   1 1   2 2   3 3
74 101 4   0 0   1 1   2 2   3 3
74 198 4   0 0   1 1   2 2   3 3
74 108 4   0 0   1 1   2 2   3 3
75 133 4   0 0   1 1   2 2   3 3
75 76 4   0 0   1 1   2 2   3 3
75 204 4   0 0   1 1   2 2   3 3
75 173 4   0 0   1 1   2 2   3 3
76 204 4   0 0   1 1   2 2   3 3
77 129 4   0 0   1 1   2 2   3 3
77 102 4   0 0   1 1   2 2   3 3
77 105 4   0 0   1 1   2 2   3 3
77 154 4   0 0   1 1   2 2   3 3
77 126 4   0 0   1 1   2 2   3 3
77 174 4   0 0   1 1   2 2   3 3
78 135 4   0 0   1 1   2 2   3 3
78 79 4   0 0   1 1   2 2   3 3
79 145 4   0 0   1 1   2 2   3 3
80 176 4   0 0   1 1   2 2   3 3
80 98 4   0 0   1 1   2 2   3 3
80 198 4   0 0   1 1   2 2   3 3
80 104 4   0 0   1 1   2 2   3 3
80 189 4   0 0   1 1   2 2   3 3
81 199 4   0 0   1 1   2 2   3 3
81 152 4   0 0   1 1   2 2   3 3
82 97 4   0 0   1 1   2 2   3 3
82 226 4   0 0   1 1   2 2   3 3
82 180 4   0 0   1 1   2 2   3 3
82 202 4   0 0   1 1   2 2   3 3
82 234 4   0 0   1 1   2 2   3 3
83 147 4   0 0   1 1   2 2   3 3
83 233 4   0 0   1 1   2 2   3 3
83 122 4   0 0   1 1   2 2   3 3
83 236 4   0 0   1 1   2 2   3 3
83 111 4   0 0   1 1   2 2   3 3
84 161 4   0 0   1 1   2 2   3 3
84 196 4   0 0   1 1   2 2   3 3
84 101 4   0 0   1 1   2 2   3 3
84 183 4   0 0   1 1   2 2   3 3
85 222 4   0 0   1 1   2 2   3 3
86 214 4   0 0   1 1   2 2   3 3
86 87 4   0 0   1 1   2 2   3 3
86 184 4   0 0   1 1   2 2   3 3
87 212 4   0 0   1 1   2 2   3 3
87 214 4   0 0   1 1   2 2   3 3
87 109 4   0 0   1 1   2 2   3 3
88 144 4   0 0   1 1   2 2   3 3
88 129 4   0 0   1 1   2 2   3 3
88 101 4   0 0   1 1   2 2   3 3
88 102 4   0 0   1 1   2 2   3 3
88 183 4   0 0   1 1   2 2   3 3
88 110 4   0 0   1 1   2 2   3 3
89 119 4   0 0   1 1   2 2   3 3
89 199 4   0 0   1 1   2 2   3 3
90 97 4   0 0   1 1   2 2   3 3
90 195 4   0 0   1 1   2 2   3 3
90 134 4   0 0   1 1   2 2   3 3
90 235 4   0 0   1 1   2 2   3 3
91 192 4   0 0   1 1   2 2   3 3
91 176 4   0 0   1 1   2 2   3 3
91 198 4   0 0   1 1   2 2   3 3
91 108 4   0 0   1 1   2 2   3 3
92 207 4   0 0   1 1   2 2   3 3
93 178 4   0 0   1 1   2 2   3 3
93 194 4   0 0   1 1   2 2   3 3
93 116 4   0 0   1 1   2 2   3 3
93 233 4   0 0   1 1   2 2   3 3
93 122 4   0 0   1 1   2 2   3 3
93 124 4   0 0   1 1   2 2   3 3
94 144 4   0 0   1 1   2 2   3 3
94 192 4   0 0   1 1   2 2   3 3
94 176 4   0 0   1 1   2 2   3 3
94 177 4   0 0   1 1   2 2   3 3
94 130 4   0 0   1 1   2 2   3 3
94 98 4   0 0   1 1   2 2   3 3
94 164 4   0 0   1 1   2 2   3 3
95 150 4   0 0   1 1   2 2   3 3
95 173 4   0 0   1 1   2 2   3 3
95 157 4   0 0   1 1   2 2   3 3
96 218 4   0 0   1 1   2 2   3 3
96 141 4   0 0   1 1   2 2   3 3
97 161 4   0 0   1 1   2 2   3 3
97 226 4   0 0   1 1   2 2   3 3
97 196 4   0 0   1 1   2 2   3 3
97 134 4   0 0   1 1   2 2   3 3
97 202 4   0 0   1 1   2 2   3 3
97 235 4   0 0   1 1   2 2   3 3
98 176 4   0 0   1 1   2 2   3 3
98 177 4   0 0   1 1   2 2   3 3
98 104 4   0 0   1 1   2 2   3 3
99 148 4   0 0   1 1   2 2   3 3
99 166 4   0 0   1 1   2 2   3 3
99 237 4   0 0   1 1   2 2   3 3
99 127 4   0 0   1 1   2 2   3 3
100 228 4   0 0   1 1   2 2   3 3
100 138 4   0 0   1 1   2 2   3 3
100 158 4   0 0   1 1   2 2   3 3
101 144 4   0 0   1 1   2 2   3 3
101 192 4   0 0   1 1   2 2   3 3
101 183 4   0 0   1 1   2 2   3 3
101 108 4   0 0   1 1   2 2   3 3
102 144 4   0 0   1 1   2 2   3 3
102 129 4   0 0   1 1   2 2   3 3
102 130 4   0 0   1 1   2 2   3 3
102 154 4   0 0   1 1   2 2   3 3
102 221 4   0 0   1 1   2 2   3 3
103 227 4   0 0   1 1   2 2   3 3
103 119 4   0 0   1 1   2 2   3 3
103 136 4   0 0   1 1   2 2   3 3
103 220 4   0 0   1 1   2 2   3 3
104 177 4   0 0   1 1   2 2   3 3
104 244 4   0 0   1 1   2 2   3 3
104 230 4   0 0   1 1   2 2   3 3
104 200 4   0 0   1 1   2 2   3 3
104 123 4   0 0   1 1   2 2   3 3
104 189 4   0 0   1 1   2 2   3 3
105 210 4   0 0   1 1   2 2   3 3
105 229 4   0 0   1 1   2 2   3 3
105 174 4   0 0   1 1   2 2   3 3
105 126 4   0 0   1 1   2 2   3 3
106 131 4   0 0   1 1   2 2   3 3
106 181 4   0 0   1 1   2 2   3 3
106 203 4   0 0   1 1   2 2   3 3
106 219 4   0 0   1 1   2 2   3 3
106 156 4   0 0   1 1   2 2   3 3
106 174 4   0 0   1 1   2 2   3 3
107 168 4   0 0   1 1   2 2   3 3
107 206 4   0 0   1 1   2 2   3 3
108 192 4   0 0   1 1   2 2   3 3
108 198 4   0 0   1 1   2 2   3 3
109 212 4   0 0   1 1   2 2   3 3
109 149 4   0 0   1 1   2 2   3 3
109 214 4   0 0   1 1   2 2   3 3
110 129 4   0 0   1 1   2 2   3 3
110 242 4   0 0   1 1   2 2   3 3
110 213 4   0 0   1 1   2 2   3 3
110 183 4   0 0   1 1   2 2   3 3
110 186 4   0 0   1 1   2 2   3 3
111 147 4   0 0   1 1   2 2   3 3
111 170 4   0 0   1 1   2 2   3 3
111 236 4   0 0   1 1   2 2   3 3
112 240 4   0 0   1 1   2 2   3 3
112 210 4   0 0   1 1   2 2   3 3
112 117 4   0 0   1 1   2 2   3 3
112 187 4   0 0   1 1   2 2   3 3
112 125 4   0 0   1 1   2 2   3 3
112 126 4   0 0   1 1   2 2   3 3
113 177 4   0 0   1 1   2 2   3 3
113 162 4   0 0   1 1   2 2   3 3
113 200 4   0 0   1 1   2 2   3 3
113 219 4   0 0   1 1   2 2   3 3
114 227 4   0 0   1 1   2 2   3 3
114 135 4   0 0   1 1   2 2   3 3
114 238 4   0 0   1 1   2 2   3 3
114 175 4   0 0   1 1   2 2   3 3
115 160 4   0 0   1 1   2 2   3 3
115 212 4   0 0   1 1   2 2   3 3
115 149 4   0 0   1 1   2 2   3 3
115 190 4   0 0   1 1   2 2   3 3
116 128 4   0 0   1 1   2 2   3 3
116 230 4   0 0   1 1   2 2   3 3
116 233 4   0 0   1 1   2 2   3 3
116 123 4   0 0   1 1   2 2   3 3
116 124 4   0 0   1 1   2 2   3 3
117 217 4   0 0   1 1   2 2   3 3
117 187 4   0 0   1 1   2 2   3 3
117 125 4   0 0   1 1   2 2   3 3
117 127 4   0 0   1 1   2 2   3 3
118 240 4   0 0   1 1   2 2   3 3
118 181 4   0 0   1 1   2 2   3 3
118 229 4   0 0   1 1   2 2   3 3
119 227 4   0 0   1 1   2 2   3 3
119 175 4   0 0   1 1   2 2   3 3
120 171 4   0 0   1 1   2 2   3 3
120 172 4   0 0   1 1   2 2   3 3
121 141 4   0 0   1 1   2 2   3 3
122 194 4   0 0   1 1   2 2   3 3
122 132 4   0 0   1 1   2 2   3 3
122 233 4   0 0   1 1   2 2   3 3
122 236 4   0 0   1 1   2 2   3 3
123 230 4   0 0   1 1   2 2   3 3
123 200 4   0 0   1 1   2 2   3 3
123 152 4   0 0   1 1   2 2   3 3
123 124 4   0 0   1 1   2 2   3 3
124 178 4   0 0   1 1   2 2   3 3
124 151 4   0 0   1 1   2 2   3 3
124 152 4   0 0   1 1   2 2   3 3
125 217 4   0 0   1 1   2 2   3 3
125 126 4   0 0   1 1   2 2   3 3
126 129 4   0 0   1 1   2 2   3 3
126 210 4   0 0   1 1   2 2   3 3
126 213 4   0 0   1 1   2 2   3 3
127 148 4   0 0   1 1   2 2   3 3
127 217 4   0 0   1 1   2 2   3 3
127 187 4   0 0   1 1   2 2   3 3
127 237 4   0 0   1 1   2 2   3 3
128 230 4   0 0   1 1   2 2   3 3
128 233 4   0 0   1 1   2 2   3 3
128 142 4   0 0   1 1   2 2   3 3
129 213 4   0 0   1 1   2 2   3 3
130 144 4   0 0   1 1   2 2   3 3
130 164 4   0 0   1 1   2 2   3 3
130 221 4   0 0   1 1   2 2   3 3
131 215 4   0 0   1 1   2 2   3 3
131 190 4   0 0   1 1   2 2   3 3
132 194 4   0 0   1 1   2 2   3 3
132 170 4   0 0   1 1   2 2   3 3
132 155 4   0 0   1 1   2 2   3 3
132 236 4   0 0   1 1   2 2   3 3
133 157 4   0 0   1 1   2 2   3 3
133 173 4   0 0   1 1   2 2   3 3
134 161 4   0 0   1 1   2 2   3 3
134 195 4   0 0   1 1   2 2   3 3
134 183 4   0 0   1 1   2 2   3 3
135 238 4   0 0   1 1   2 2   3 3
136 220 4   0 0   1 1   2 2   3 3
136 239 4   0 0   1 1   2 2   3 3
137 207 4   0 0   1 1   2 2   3 3
137 159 4   0 0   1 1   2 2   3 3
138 228 4   0 0   1 1   2 2   3 3
138 148 4   0 0   1 1   2 2   3 3
138 187 4   0 0   1 1   2 2   3 3
138 158 4   0 0   1 1   2 2   3 3
139 181 4   0 0   1 1   2 2   3 3
139 216 4   0 0   1 1   2 2   3 3
139 143 4   0 0   1 1   2 2   3 3
140 146 4   0 0   1 1   2 2   3 3
140 197 4   0 0   1 1   2 2   3 3
140 222 4   0 0   1 1   2 2   3 3
140 223 4   0 0   1 1   2 2   3 3
142 230 4   0 0   1 1   2 2   3 3
142 233 4   0 0   1 1   2 2   3 3
143 181 4   0 0   1 1   2 2   3 3
143 216 4   0 0   1 1   2 2   3 3
143 156 4   0 0   1 1   2 2   3 3
144 192 4   0 0   1 1   2 2   3 3
145 149 4   0 0   1 1   2 2   3 3
146 197 4   0 0   1 1   2 2   3 3
146 222 4   0 0   1 1   2 2   3 3
147 179 4   0 0   1 1   2 2   3 3
147 233 4   0 0   1 1   2 2   3 3
147 170 4   0 0   1 1   2 2   3 3
148 228 4   0 0   1 1   2 2   3 3
148 165 4   0 0   1 1   2 2   3 3
148 166 4   0 0   1 1   2 2   3 3
148 187 4   0 0   1 1   2 2   3 3
149 212 4   0 0   1 1   2 2   3 3
150 173 4   0 0   1 1   2 2   3 3
151 178 4   0 0   1 1   2 2   3 3
151 239 4   0 0   1 1   2 2   3 3
152 193 4   0 0   1 1   2 2   3 3
152 200 4   0 0   1 1   2 2   3 3
153 209 4   0 0   1 1   2 2   3 3
154 241 4   0 0   1 1   2 2   3 3
154 203 4   0 0   1 1   2 2   3 3
154 221 4   0 0   1 1   2 2   3 3
154 174 4   0 0   1 1   2 2   3 3
155 170 4   0 0   1 1   2 2   3 3
155 171 4   0 0   1 1   2 2   3 3
155 188 4   0 0   1 1   2 2   3 3
155 172 4   0 0   1 1   2 2   3 3
156 181 4   0 0   1 1   2 2   3 3
157 173 4   0 0   1 1   2 2   3 3
158 187 4   0 0   1 1   2 2   3 3
160 215 4   0 0   1 1   2 2   3 3
160 185 4   0 0   1 1   2 2   3 3
160 190 4   0 0   1 1   2 2   3 3
161 196 4   0 0   1 1   2 2   3 3
161 183 4   0 0   1 1   2 2   3 3
162 200 4   0 0   1 1   2 2   3 3
163 179 4   0 0   1 1   2 2   3 3
163 231 4   0 0   1 1   2 2   3 3
163 167 4   0 0   1 1   2 2   3 3
164 241 4   0 0   1 1   2 2   3 3
164 177 4   0 0   1 1   2 2   3 3
164 219 4   0 0   1 1   2 2   3 3
164 221 4   0 0   1 1   2 2   3 3
165 228 4   0 0   1 1   2 2   3 3
165 166 4   0 0   1 1   2 2   3 3
166 237 4   0 0   1 1   2 2   3 3
167 179 4   0 0   1 1   2 2   3 3
167 171 4   0 0   1 1   2 2   3 3
168 184 4   0 0   1 1   2 2   3 3
168 218 4   0 0   1 1   2 2   3 3
168 205 4   0 0   1 1   2 2   3 3
168 206 4   0 0   1 1   2 2   3 3
168 191 4   0 0   1 1   2 2   3 3
169 208 4   0 0   1 1   2 2   3 3
169 211 4   0 0   1 1   2 2   3 3
170 179 4   0 0   1 1   2 2   3 3
170 171 4   0 0   1 1   2 2   3 3
170 236 4   0 0   1 1   2 2   3 3
171 179 4   0 0   1 1   2 2   3 3
171 172 4   0 0   1 1   2 2   3 3
172 209 4   0 0   1 1   2 2   3 3
172 188 4   0 0   1 1   2 2   3 3
174 229 4   0 0   1 1   2 2   3 3
174 203 4   0 0   1 1   2 2   3 3
175 227 4   0 0   1 1   2 2   3 3
176 192 4   0 0   1 1   2 2   3 3
176 198 4   0 0   1 1   2 2   3 3
177 200 4   0 0   1 1   2 2   3 3
177 219 4   0 0   1 1   2 2   3 3
178 194 4   0 0   1 1   2 2   3 3
179 231 4   0 0   1 1   2 2   3 3
179 207 4   0 0   1 1   2 2   3 3
180 226 4   0 0   1 1   2 2   3 3
181 229 4   0 0   1 1   2 2   3 3
182 195 4   0 0   1 1   2 2   3 3
182 202 4   0 0   1 1   2 2   3 3
182 235 4   0 0   1 1   2 2   3 3
183 225 4   0 0   1 1   2 2   3 3
183 242 4   0 0   1 1   2 2   3 3
184 214 4   0 0   1 1   2 2   3 3
184 191 4   0 0   1 1   2 2   3 3
185 215 4   0 0   1 1   2 2   3 3
186 242 4   0 0   1 1   2 2   3 3
186 213 4   0 0   1 1   2 2   3 3
188 209 4   0 0   1 1   2 2   3 3
189 244 4   0 0   1 1   2 2   3 3
189 198 4   0 0   1 1   2 2   3 3
190 212 4   0 0   1 1   2 2   3 3
190 215 4   0 0   1 1   2 2   3 3
190 216 4   0 0   1 1   2 2   3 3
193 200 4   0 0   1 1   2 2   3 3
195 235 4   0 0   1 1   2 2   3 3
196 226 4   0 0   1 1   2 2   3 3
197 232 4   0 0   1 1   2 2   3 3
197 223 4   0 0   1 1   2 2   3 3
198 226 4   0 0   1 1   2 2   3 3
198 244 4   0 0   1 1   2 2   3 3
201 208 4   0 0   1 1   2 2   3 3
201 243 4   0 0   1 1   2 2   3 3
201 220 4   0 0   1 1   2 2   3 3
201 238 4   0 0   1 1   2 2   3 3
202 234 4   0 0   1 1   2 2   3 3
202 235 4   0 0   1 1   2 2   3 3
203 241 4   0 0   1 1   2 2   3 3
203 219 4   0 0   1 1   2 2   3 3
204 225 4   0 0   1 1   2 2   3 3
205 206 4   0 0   1 1   2 2   3 3
207 231 4   0 0   1 1   2 2   3 3
208 220 4   0 0   1 1   2 2   3 3
210 240 4   0 0   1 1   2 2   3 3
210 229 4   0 0   1 1   2 2   3 3
211 224 4   0 0   1 1   2 2   3 3
212 216 4   0 0   1 1   2 2   3 3
219 241 4   0 0   1 1   2 2   3 3
220 238 4   0 0   1 1   2 2   3 3
221 241 4   0 0   1 1   2 2   3 3
223 232 4   0 0   1 1   2 2   3 3
225 242 4   0 0   1 1   2 2   3 3
227 238 4   0 0   1 1   2 2   3 3
229 240 4   0 0   1 1   2 2   3 3
230 244 4   0 0   1 1   2 2   3 3
238 243 4   0 0   1 1   2 2   3 3
