29
1 4 0 1 2 3
2 4 0 1 2 3
3 4 0 1 2 3
4 4 0 1 2 3
5 4 0 1 2 3
6 4 0 1 2 3
7 4 0 1 2 3
8 4 0 1 2 3
9 4 0 1 2 3
10 4 0 1 2 3
11 4 0 1 2 3
12 4 0 1 2 3
13 4 0 1 2 3
14 4 0 1 2 3
15 4 0 1 2 3
16 4 0 1 2 3
17 4 0 1 2 3
18 4 0 1 2 3
19 4 0 1 2 3
20 4 0 1 2 3
21 4 0 1 2 3
22 4 0 1 2 3
23 4 0 1 2 3
24 4 0 1 2 3
25 4 0 1 2 3
26 4 0 1 2 3
27 4 0 1 2 3
28 4 0 1 2 3
29 4 0 1 2 3
67
1 16 4   0 0   1 1   2 2   3 3
1 19 4   0 0   1 1   2 2   3 3
1 7 4   0 0   1 1   2 2   3 3
1 23 4   0 0   1 1   2 2   3 3
1 25 4   0 0   1 1   2 2   3 3
1 10 4   0 0   1 1   2 2   3 3
1 11 4   0 0   1 1   2 2   3 3
2 18 4   0 0   1 1   2 2   3 3
2 11 4   0 0   1 1   2 2   3 3
2 27 4   0 0   1 1   2 2   3 3
2 29 4   0 0   1 1   2 2   3 3
3 5 4   0 0   1 1   2 2   3 3
3 24 4   0 0   1 1   2 2   3 3
3 28 4   0 0   1 1   2 2   3 3
4 21 4   0 0   1 1   2 2   3 3
4 22 4   0 0   1 1   2 2   3 3
4 23 4   0 0   1 1   2 2   3 3
4 25 4   0 0   1 1   2 2   3 3
4 15 4   0 0   1 1   2 2   3 3
5 6 4   0 0   1 1   2 2   3 3
5 24 4   0 0   1 1   2 2   3 3
5 9 4   0 0   1 1   2 2   3 3
5 28 4   0 0   1 1   2 2   3 3
6 20 4   0 0   1 1   2 2   3 3
6 9 4   0 0   1 1   2 2   3 3
6 28 4   0 0   1 1   2 2   3 3
6 13 4   0 0   1 1   2 2   3 3
6 14 4   0 0   1 1   2 2   3 3
7 18 4   0 0   1 1   2 2   3 3
7 19 4   0 0   1 1   2 2   3 3
7 8 4   0 0   1 1   2 2   3 3
7 11 4   0 0   1 1   2 2   3 3
8 19 4   0 0   1 1   2 2   3 3
9 20 4   0 0   1 1   2 2   3 3
9 24 4   0 0   1 1   2 2   3 3
10 16 4   0 0   1 1   2 2   3 3
10 26 4   0 0   1 1   2 2   3 3
10 27 4   0 0   1 1   2 2   3 3
10 11 4   0 0   1 1   2 2   3 3
10 13 4   0 0   1 1   2 2   3 3
10 14 4   0 0   1 1   2 2   3 3
11 18 4   0 0   1 1   2 2   3 3
11 27 4   0 0   1 1   2 2   3 3
12 17 4   0 0   1 1   2 2   3 3
12 28 4   0 0   1 1   2 2   3 3
12 15 4   0 0   1 1   2 2   3 3
13 16 4   0 0   1 1   2 2   3 3
13 28 4   0 0   1 1   2 2   3 3
13 14 4   0 0   1 1   2 2   3 3
13 15 4   0 0   1 1   2 2   3 3
14 20 4   0 0   1 1   2 2   3 3
14 26 4   0 0   1 1   2 2   3 3
15 16 4   0 0   1 1   2 2   3 3
15 17 4   0 0   1 1   2 2   3 3
15 22 4   0 0   1 1   2 2   3 3
15 25 4   0 0   1 1   2 2   3 3
16 25 4   0 0   1 1   2 2   3 3
17 22 4   0 0   1 1   2 2   3 3
19 21 4   0 0   1 1   2 2   3 3
19 23 4   0 0   1 1   2 2   3 3
20 26 4   0 0   1 1   2 2   3 3
20 29 4   0 0   1 1   2 2   3 3
21 22 4   0 0   1 1   2 2   3 3
21 23 4   0 0   1 1   2 2   3 3
23 25 4   0 0   1 1   2 2   3 3
26 27 4   0 0   1 1   2 2   3 3
27 29 4   0 0   1 1   2 2   3 3
