201
1 4 0 1 2 3
2 4 0 1 2 3
3 4 0 1 2 3
4 4 0 1 2 3
5 4 0 1 2 3
6 4 0 1 2 3
7 4 0 1 2 3
8 4 0 1 2 3
9 4 0 1 2 3
10 4 0 1 2 3
11 4 0 1 2 3
12 4 0 1 2 3
13 4 0 1 2 3
14 4 0 1 2 3
15 4 0 1 2 3
16 4 0 1 2 3
17 4 0 1 2 3
18 4 0 1 2 3
19 4 0 1 2 3
20 4 0 1 2 3
21 4 0 1 2 3
22 4 0 1 2 3
23 4 0 1 2 3
24 4 0 1 2 3
25 4 0 1 2 3
26 4 0 1 2 3
27 4 0 1 2 3
28 4 0 1 2 3
29 4 0 1 2 3
30 4 0 1 2 3
31 4 0 1 2 3
32 4 0 1 2 3
33 4 0 1 2 3
34 4 0 1 2 3
35 4 0 1 2 3
36 4 0 1 2 3
37 4 0 1 2 3
38 4 0 1 2 3
39 4 0 1 2 3
40 4 0 1 2 3
41 4 0 1 2 3
42 4 0 1 2 3
43 4 0 1 2 3
44 4 0 1 2 3
45 4 0 1 2 3
46 4 0 1 2 3
47 4 0 1 2 3
48 4 0 1 2 3
49 4 0 1 2 3
50 4 0 1 2 3
51 4 0 1 2 3
52 4 0 1 2 3
53 4 0 1 2 3
54 4 0 1 2 3
55 4 0 1 2 3
56 4 0 1 2 3
57 4 0 1 2 3
58 4 0 1 2 3
59 4 0 1 2 3
60 4 0 1 2 3
61 4 0 1 2 3
62 4 0 1 2 3
63 4 0 1 2 3
64 4 0 1 2 3
65 4 0 1 2 3
66 4 0 1 2 3
67 4 0 1 2 3
68 4 0 1 2 3
69 4 0 1 2 3
70 4 0 1 2 3
71 4 0 1 2 3
72 4 0 1 2 3
73 4 0 1 2 3
74 4 0 1 2 3
75 4 0 1 2 3
76 4 0 1 2 3
77 4 0 1 2 3
78 4 0 1 2 3
79 4 0 1 2 3
80 4 0 1 2 3
81 4 0 1 2 3
82 4 0 1 2 3
83 4 0 1 2 3
84 4 0 1 2 3
85 4 0 1 2 3
86 4 0 1 2 3
87 4 0 1 2 3
88 4 0 1 2 3
89 4 0 1 2 3
90 4 0 1 2 3
91 4 0 1 2 3
92 4 0 1 2 3
93 4 0 1 2 3
94 4 0 1 2 3
95 4 0 1 2 3
96 4 0 1 2 3
97 4 0 1 2 3
98 4 0 1 2 3
99 4 0 1 2 3
100 4 0 1 2 3
101 4 0 1 2 3
102 4 0 1 2 3
103 4 0 1 2 3
104 4 0 1 2 3
105 4 0 1 2 3
106 4 0 1 2 3
107 4 0 1 2 3
108 4 0 1 2 3
109 4 0 1 2 3
110 4 0 1 2 3
111 4 0 1 2 3
112 4 0 1 2 3
113 4 0 1 2 3
114 4 0 1 2 3
115 4 0 1 2 3
116 4 0 1 2 3
117 4 0 1 2 3
118 4 0 1 2 3
119 4 0 1 2 3
120 4 0 1 2 3
121 4 0 1 2 3
122 4 0 1 2 3
123 4 0 1 2 3
124 4 0 1 2 3
125 4 0 1 2 3
126 4 0 1 2 3
127 4 0 1 2 3
128 4 0 1 2 3
129 4 0 1 2 3
130 4 0 1 2 3
131 4 0 1 2 3
132 4 0 1 2 3
133 4 0 1 2 3
134 4 0 1 2 3
135 4 0 1 2 3
136 4 0 1 2 3
137 4 0 1 2 3
138 4 0 1 2 3
139 4 0 1 2 3
140 4 0 1 2 3
141 4 0 1 2 3
142 4 0 1 2 3
143 4 0 1 2 3
144 4 0 1 2 3
145 4 0 1 2 3
146 4 0 1 2 3
147 4 0 1 2 3
148 4 0 1 2 3
149 4 0 1 2 3
150 4 0 1 2 3
151 4 0 1 2 3
152 4 0 1 2 3
153 4 0 1 2 3
154 4 0 1 2 3
155 4 0 1 2 3
156 4 0 1 2 3
157 4 0 1 2 3
158 4 0 1 2 3
159 4 0 1 2 3
160 4 0 1 2 3
161 4 0 1 2 3
162 4 0 1 2 3
163 4 0 1 2 3
164 4 0 1 2 3
165 4 0 1 2 3
166 4 0 1 2 3
167 4 0 1 2 3
168 4 0 1 2 3
169 4 0 1 2 3
170 4 0 1 2 3
171 4 0 1 2 3
172 4 0 1 2 3
173 4 0 1 2 3
174 4 0 1 2 3
175 4 0 1 2 3
176 4 0 1 2 3
177 4 0 1 2 3
178 4 0 1 2 3
179 4 0 1 2 3
180 4 0 1 2 3
181 4 0 1 2 3
182 4 0 1 2 3
183 4 0 1 2 3
184 4 0 1 2 3
185 4 0 1 2 3
186 4 0 1 2 3
187 4 0 1 2 3
188 4 0 1 2 3
189 4 0 1 2 3
190 4 0 1 2 3
191 4 0 1 2 3
192 4 0 1 2 3
193 4 0 1 2 3
194 4 0 1 2 3
195 4 0 1 2 3
196 4 0 1 2 3
197 4 0 1 2 3
198 4 0 1 2 3
199 4 0 1 2 3
200 4 0 1 2 3
201 4 0 1 2 3
549
1 192 4   0 0   1 1   2 2   3 3
1 128 4   0 0   1 1   2 2   3 3
1 18 4   0 0   1 1   2 2   3 3
1 20 4   0 0   1 1   2 2   3 3
1 101 4   0 0   1 1   2 2   3 3
1 54 4   0 0   1 1   2 2   3 3
1 122 4   0 0   1 1   2 2   3 3
1 15 4   0 0   1 1   2 2   3 3
2 100 4   0 0   1 1   2 2   3 3
2 86 4   0 0   1 1   2 2   3 3
2 183 4   0 0   1 1   2 2   3 3
2 124 4   0 0   1 1   2 2   3 3
2 110 4   0 0   1 1   2 2   3 3
2 31 4   0 0   1 1   2 2   3 3
2 127 4   0 0   1 1   2 2   3 3
3 114 4   0 0   1 1   2 2   3 3
3 163 4   0 0   1 1   2 2   3 3
3 183 4   0 0   1 1   2 2   3 3
3 39 4   0 0   1 1   2 2   3 3
3 9 4   0 0   1 1   2 2   3 3
3 110 4   0 0   1 1   2 2   3 3
4 147 4   0 0   1 1   2 2   3 3
4 70 4   0 0   1 1   2 2   3 3
4 151 4   0 0   1 1   2 2   3 3
4 75 4   0 0   1 1   2 2   3 3
4 77 4   0 0   1 1   2 2   3 3
4 94 4   0 0   1 1   2 2   3 3
4 63 4   0 0   1 1   2 2   3 3
5 115 4   0 0   1 1   2 2   3 3
5 52 4   0 0   1 1   2 2   3 3
5 37 4   0 0   1 1   2 2   3 3
5 89 4   0 0   1 1   2 2   3 3
5 201 4   0 0   1 1   2 2   3 3
5 60 4   0 0   1 1   2 2   3 3
5 157 4   0 0   1 1   2 2   3 3
5 30 4   0 0   1 1   2 2   3 3
6 96 4   0 0   1 1   2 2   3 3
6 160 4   0 0   1 1   2 2   3 3
6 83 4   0 0   1 1   2 2   3 3
6 35 4   0 0   1 1   2 2   3 3
6 169 4   0 0   1 1   2 2   3 3
6 121 4   0 0   1 1   2 2   3 3
6 125 4   0 0   1 1   2 2   3 3
7 129 4   0 0   1 1   2 2   3 3
7 194 4   0 0   1 1   2 2   3 3
7 51 4   0 0   1 1   2 2   3 3
7 149 4   0 0   1 1   2 2   3 3
7 143 4   0 0   1 1   2 2   3 3
8 33 4   0 0   1 1   2 2   3 3
8 84 4   0 0   1 1   2 2   3 3
8 20 4   0 0   1 1   2 2   3 3
8 90 4   0 0   1 1   2 2   3 3
9 65 4   0 0   1 1   2 2   3 3
9 114 4   0 0   1 1   2 2   3 3
9 163 4   0 0   1 1   2 2   3 3
9 133 4   0 0   1 1   2 2   3 3
9 182 4   0 0   1 1   2 2   3 3
9 104 4   0 0   1 1   2 2   3 3
10 80 4   0 0   1 1   2 2   3 3
10 116 4   0 0   1 1   2 2   3 3
10 106 4   0 0   1 1   2 2   3 3
10 11 4   0 0   1 1   2 2   3 3
10 77 4   0 0   1 1   2 2   3 3
11 50 4   0 0   1 1   2 2   3 3
11 195 4   0 0   1 1   2 2   3 3
11 116 4   0 0   1 1   2 2   3 3
11 91 4   0 0   1 1   2 2   3 3
11 189 4   0 0   1 1   2 2   3 3
11 77 4   0 0   1 1   2 2   3 3
12 192 4   0 0   1 1   2 2   3 3
12 177 4   0 0   1 1   2 2   3 3
12 131 4   0 0   1 1   2 2   3 3
12 164 4   0 0   1 1   2 2   3 3
12 167 4   0 0   1 1   2 2   3 3
12 138 4   0 0   1 1   2 2   3 3
13 129 4   0 0   1 1   2 2   3 3
13 67 4   0 0   1 1   2 2   3 3
13 181 4   0 0   1 1   2 2   3 3
13 62 4   0 0   1 1   2 2   3 3
13 143 4   0 0   1 1   2 2   3 3
14 117 4   0 0   1 1   2 2   3 3
14 53 4   0 0   1 1   2 2   3 3
14 22 4   0 0   1 1   2 2   3 3
14 88 4   0 0   1 1   2 2   3 3
14 26 4   0 0   1 1   2 2   3 3
14 107 4   0 0   1 1   2 2   3 3
14 92 4   0 0   1 1   2 2   3 3
14 126 4   0 0   1 1   2 2   3 3
15 33 4   0 0   1 1   2 2   3 3
15 20 4   0 0   1 1   2 2   3 3
15 101 4   0 0   1 1   2 2   3 3
15 138 4   0 0   1 1   2 2   3 3
15 190 4   0 0   1 1   2 2   3 3
16 136 4   0 0   1 1   2 2   3 3
16 172 4   0 0   1 1   2 2   3 3
16 93 4   0 0   1 1   2 2   3 3
16 109 4   0 0   1 1   2 2   3 3
17 98 4   0 0   1 1   2 2   3 3
17 38 4   0 0   1 1   2 2   3 3
17 166 4   0 0   1 1   2 2   3 3
17 59 4   0 0   1 1   2 2   3 3
17 173 4   0 0   1 1   2 2   3 3
17 174 4   0 0   1 1   2 2   3 3
18 128 4   0 0   1 1   2 2   3 3
18 19 4   0 0   1 1   2 2   3 3
18 198 4   0 0   1 1   2 2   3 3
18 122 4   0 0   1 1   2 2   3 3
18 90 4   0 0   1 1   2 2   3 3
19 132 4   0 0   1 1   2 2   3 3
19 198 4   0 0   1 1   2 2   3 3
20 33 4   0 0   1 1   2 2   3 3
20 90 4   0 0   1 1   2 2   3 3
20 122 4   0 0   1 1   2 2   3 3
21 176 4   0 0   1 1   2 2   3 3
21 144 4   0 0   1 1   2 2   3 3
21 130 4   0 0   1 1   2 2   3 3
21 180 4   0 0   1 1   2 2   3 3
21 68 4   0 0   1 1   2 2   3 3
21 74 4   0 0   1 1   2 2   3 3
21 171 4   0 0   1 1   2 2   3 3
22 97 4   0 0   1 1   2 2   3 3
22 179 4   0 0   1 1   2 2   3 3
22 53 4   0 0   1 1   2 2   3 3
22 102 4   0 0   1 1   2 2   3 3
22 87 4   0 0   1 1   2 2   3 3
22 107 4   0 0   1 1   2 2   3 3
23 147 4   0 0   1 1   2 2   3 3
23 67 4   0 0   1 1   2 2   3 3
23 181 4   0 0   1 1   2 2   3 3
23 118 4   0 0   1 1   2 2   3 3
23 135 4   0 0   1 1   2 2   3 3
23 75 4   0 0   1 1   2 2   3 3
23 62 4   0 0   1 1   2 2   3 3
24 176 4   0 0   1 1   2 2   3 3
24 48 4   0 0   1 1   2 2   3 3
24 130 4   0 0   1 1   2 2   3 3
24 52 4   0 0   1 1   2 2   3 3
24 170 4   0 0   1 1   2 2   3 3
25 34 4   0 0   1 1   2 2   3 3
25 99 4   0 0   1 1   2 2   3 3
25 87 4   0 0   1 1   2 2   3 3
25 201 4   0 0   1 1   2 2   3 3
25 157 4   0 0   1 1   2 2   3 3
26 192 4   0 0   1 1   2 2   3 3
26 117 4   0 0   1 1   2 2   3 3
26 167 4   0 0   1 1   2 2   3 3
26 139 4   0 0   1 1   2 2   3 3
26 123 4   0 0   1 1   2 2   3 3
26 92 4   0 0   1 1   2 2   3 3
27 49 4   0 0   1 1   2 2   3 3
27 163 4   0 0   1 1   2 2   3 3
27 69 4   0 0   1 1   2 2   3 3
27 182 4   0 0   1 1   2 2   3 3
27 183 4   0 0   1 1   2 2   3 3
27 41 4   0 0   1 1   2 2   3 3
27 31 4   0 0   1 1   2 2   3 3
28 98 4   0 0   1 1   2 2   3 3
28 150 4   0 0   1 1   2 2   3 3
28 38 4   0 0   1 1   2 2   3 3
28 71 4   0 0   1 1   2 2   3 3
28 56 4   0 0   1 1   2 2   3 3
28 186 4   0 0   1 1   2 2   3 3
28 59 4   0 0   1 1   2 2   3 3
28 188 4   0 0   1 1   2 2   3 3
29 150 4   0 0   1 1   2 2   3 3
29 141 4   0 0   1 1   2 2   3 3
29 47 4   0 0   1 1   2 2   3 3
30 115 4   0 0   1 1   2 2   3 3
30 179 4   0 0   1 1   2 2   3 3
30 108 4   0 0   1 1   2 2   3 3
30 157 4   0 0   1 1   2 2   3 3
31 49 4   0 0   1 1   2 2   3 3
31 86 4   0 0   1 1   2 2   3 3
31 183 4   0 0   1 1   2 2   3 3
32 81 4   0 0   1 1   2 2   3 3
32 193 4   0 0   1 1   2 2   3 3
32 162 4   0 0   1 1   2 2   3 3
32 156 4   0 0   1 1   2 2   3 3
33 84 4   0 0   1 1   2 2   3 3
33 61 4   0 0   1 1   2 2   3 3
33 190 4   0 0   1 1   2 2   3 3
34 99 4   0 0   1 1   2 2   3 3
34 165 4   0 0   1 1   2 2   3 3
34 134 4   0 0   1 1   2 2   3 3
34 201 4   0 0   1 1   2 2   3 3
34 43 4   0 0   1 1   2 2   3 3
35 113 4   0 0   1 1   2 2   3 3
35 177 4   0 0   1 1   2 2   3 3
35 83 4   0 0   1 1   2 2   3 3
35 131 4   0 0   1 1   2 2   3 3
35 136 4   0 0   1 1   2 2   3 3
35 121 4   0 0   1 1   2 2   3 3
36 64 4   0 0   1 1   2 2   3 3
36 178 4   0 0   1 1   2 2   3 3
36 100 4   0 0   1 1   2 2   3 3
36 148 4   0 0   1 1   2 2   3 3
36 197 4   0 0   1 1   2 2   3 3
36 111 4   0 0   1 1   2 2   3 3
37 52 4   0 0   1 1   2 2   3 3
37 55 4   0 0   1 1   2 2   3 3
37 89 4   0 0   1 1   2 2   3 3
38 150 4   0 0   1 1   2 2   3 3
38 59 4   0 0   1 1   2 2   3 3
38 174 4   0 0   1 1   2 2   3 3
39 114 4   0 0   1 1   2 2   3 3
39 197 4   0 0   1 1   2 2   3 3
39 152 4   0 0   1 1   2 2   3 3
39 73 4   0 0   1 1   2 2   3 3
39 110 4   0 0   1 1   2 2   3 3
40 112 4   0 0   1 1   2 2   3 3
40 193 4   0 0   1 1   2 2   3 3
40 103 4   0 0   1 1   2 2   3 3
40 155 4   0 0   1 1   2 2   3 3
40 158 4   0 0   1 1   2 2   3 3
41 69 4   0 0   1 1   2 2   3 3
41 54 4   0 0   1 1   2 2   3 3
41 198 4   0 0   1 1   2 2   3 3
41 182 4   0 0   1 1   2 2   3 3
41 200 4   0 0   1 1   2 2   3 3
42 96 4   0 0   1 1   2 2   3 3
42 160 4   0 0   1 1   2 2   3 3
42 155 4   0 0   1 1   2 2   3 3
42 156 4   0 0   1 1   2 2   3 3
43 146 4   0 0   1 1   2 2   3 3
43 99 4   0 0   1 1   2 2   3 3
43 134 4   0 0   1 1   2 2   3 3
43 44 4   0 0   1 1   2 2   3 3
43 95 4   0 0   1 1   2 2   3 3
44 144 4   0 0   1 1   2 2   3 3
44 146 4   0 0   1 1   2 2   3 3
44 134 4   0 0   1 1   2 2   3 3
44 74 4   0 0   1 1   2 2   3 3
44 46 4   0 0   1 1   2 2   3 3
45 82 4   0 0   1 1   2 2   3 3
45 137 4   0 0   1 1   2 2   3 3
45 172 4   0 0   1 1   2 2   3 3
45 93 4   0 0   1 1   2 2   3 3
46 146 4   0 0   1 1   2 2   3 3
46 195 4   0 0   1 1   2 2   3 3
46 74 4   0 0   1 1   2 2   3 3
46 189 4   0 0   1 1   2 2   3 3
47 178 4   0 0   1 1   2 2   3 3
47 148 4   0 0   1 1   2 2   3 3
47 150 4   0 0   1 1   2 2   3 3
47 199 4   0 0   1 1   2 2   3 3
47 124 4   0 0   1 1   2 2   3 3
47 141 4   0 0   1 1   2 2   3 3
48 130 4   0 0   1 1   2 2   3 3
48 68 4   0 0   1 1   2 2   3 3
48 170 4   0 0   1 1   2 2   3 3
48 58 4   0 0   1 1   2 2   3 3
49 161 4   0 0   1 1   2 2   3 3
49 69 4   0 0   1 1   2 2   3 3
49 86 4   0 0   1 1   2 2   3 3
49 168 4   0 0   1 1   2 2   3 3
50 91 4   0 0   1 1   2 2   3 3
50 77 4   0 0   1 1   2 2   3 3
51 194 4   0 0   1 1   2 2   3 3
51 150 4   0 0   1 1   2 2   3 3
51 199 4   0 0   1 1   2 2   3 3
51 143 4   0 0   1 1   2 2   3 3
52 170 4   0 0   1 1   2 2   3 3
52 60 4   0 0   1 1   2 2   3 3
53 102 4   0 0   1 1   2 2   3 3
53 72 4   0 0   1 1   2 2   3 3
53 92 4   0 0   1 1   2 2   3 3
53 78 4   0 0   1 1   2 2   3 3
54 192 4   0 0   1 1   2 2   3 3
54 128 4   0 0   1 1   2 2   3 3
54 69 4   0 0   1 1   2 2   3 3
54 198 4   0 0   1 1   2 2   3 3
55 162 4   0 0   1 1   2 2   3 3
55 89 4   0 0   1 1   2 2   3 3
56 196 4   0 0   1 1   2 2   3 3
56 71 4   0 0   1 1   2 2   3 3
56 188 4   0 0   1 1   2 2   3 3
56 191 4   0 0   1 1   2 2   3 3
57 97 4   0 0   1 1   2 2   3 3
57 115 4   0 0   1 1   2 2   3 3
57 103 4   0 0   1 1   2 2   3 3
57 108 4   0 0   1 1   2 2   3 3
57 158 4   0 0   1 1   2 2   3 3
58 144 4   0 0   1 1   2 2   3 3
58 68 4   0 0   1 1   2 2   3 3
58 165 4   0 0   1 1   2 2   3 3
58 134 4   0 0   1 1   2 2   3 3
58 201 4   0 0   1 1   2 2   3 3
58 170 4   0 0   1 1   2 2   3 3
58 60 4   0 0   1 1   2 2   3 3
59 98 4   0 0   1 1   2 2   3 3
60 201 4   0 0   1 1   2 2   3 3
60 170 4   0 0   1 1   2 2   3 3
61 84 4   0 0   1 1   2 2   3 3
61 109 4   0 0   1 1   2 2   3 3
61 190 4   0 0   1 1   2 2   3 3
62 67 4   0 0   1 1   2 2   3 3
62 181 4   0 0   1 1   2 2   3 3
63 196 4   0 0   1 1   2 2   3 3
63 70 4   0 0   1 1   2 2   3 3
63 77 4   0 0   1 1   2 2   3 3
63 191 4   0 0   1 1   2 2   3 3
64 148 4   0 0   1 1   2 2   3 3
64 154 4   0 0   1 1   2 2   3 3
64 79 4   0 0   1 1   2 2   3 3
65 133 4   0 0   1 1   2 2   3 3
65 182 4   0 0   1 1   2 2   3 3
65 184 4   0 0   1 1   2 2   3 3
65 120 4   0 0   1 1   2 2   3 3
66 114 4   0 0   1 1   2 2   3 3
66 85 4   0 0   1 1   2 2   3 3
66 152 4   0 0   1 1   2 2   3 3
66 104 4   0 0   1 1   2 2   3 3
66 73 4   0 0   1 1   2 2   3 3
67 135 4   0 0   1 1   2 2   3 3
67 72 4   0 0   1 1   2 2   3 3
67 78 4   0 0   1 1   2 2   3 3
67 95 4   0 0   1 1   2 2   3 3
68 144 4   0 0   1 1   2 2   3 3
68 130 4   0 0   1 1   2 2   3 3
69 192 4   0 0   1 1   2 2   3 3
69 168 4   0 0   1 1   2 2   3 3
69 139 4   0 0   1 1   2 2   3 3
70 196 4   0 0   1 1   2 2   3 3
70 75 4   0 0   1 1   2 2   3 3
71 145 4   0 0   1 1   2 2   3 3
71 186 4   0 0   1 1   2 2   3 3
71 187 4   0 0   1 1   2 2   3 3
71 191 4   0 0   1 1   2 2   3 3
72 129 4   0 0   1 1   2 2   3 3
72 105 4   0 0   1 1   2 2   3 3
72 92 4   0 0   1 1   2 2   3 3
72 78 4   0 0   1 1   2 2   3 3
73 197 4   0 0   1 1   2 2   3 3
73 85 4   0 0   1 1   2 2   3 3
73 152 4   0 0   1 1   2 2   3 3
73 111 4   0 0   1 1   2 2   3 3
74 144 4   0 0   1 1   2 2   3 3
74 171 4   0 0   1 1   2 2   3 3
74 189 4   0 0   1 1   2 2   3 3
74 142 4   0 0   1 1   2 2   3 3
75 147 4   0 0   1 1   2 2   3 3
75 196 4   0 0   1 1   2 2   3 3
75 181 4   0 0   1 1   2 2   3 3
75 188 4   0 0   1 1   2 2   3 3
76 133 4   0 0   1 1   2 2   3 3
76 120 4   0 0   1 1   2 2   3 3
77 80 4   0 0   1 1   2 2   3 3
77 151 4   0 0   1 1   2 2   3 3
78 99 4   0 0   1 1   2 2   3 3
78 102 4   0 0   1 1   2 2   3 3
78 95 4   0 0   1 1   2 2   3 3
79 148 4   0 0   1 1   2 2   3 3
79 154 4   0 0   1 1   2 2   3 3
79 141 4   0 0   1 1   2 2   3 3
79 174 4   0 0   1 1   2 2   3 3
80 147 4   0 0   1 1   2 2   3 3
80 151 4   0 0   1 1   2 2   3 3
80 106 4   0 0   1 1   2 2   3 3
80 94 4   0 0   1 1   2 2   3 3
81 112 4   0 0   1 1   2 2   3 3
81 193 4   0 0   1 1   2 2   3 3
81 162 4   0 0   1 1   2 2   3 3
81 159 4   0 0   1 1   2 2   3 3
82 137 4   0 0   1 1   2 2   3 3
82 125 4   0 0   1 1   2 2   3 3
82 93 4   0 0   1 1   2 2   3 3
83 160 4   0 0   1 1   2 2   3 3
83 113 4   0 0   1 1   2 2   3 3
83 185 4   0 0   1 1   2 2   3 3
84 172 4   0 0   1 1   2 2   3 3
84 109 4   0 0   1 1   2 2   3 3
85 104 4   0 0   1 1   2 2   3 3
86 161 4   0 0   1 1   2 2   3 3
86 127 4   0 0   1 1   2 2   3 3
87 179 4   0 0   1 1   2 2   3 3
87 99 4   0 0   1 1   2 2   3 3
87 102 4   0 0   1 1   2 2   3 3
87 157 4   0 0   1 1   2 2   3 3
88 97 4   0 0   1 1   2 2   3 3
88 107 4   0 0   1 1   2 2   3 3
88 126 4   0 0   1 1   2 2   3 3
89 112 4   0 0   1 1   2 2   3 3
89 162 4   0 0   1 1   2 2   3 3
89 115 4   0 0   1 1   2 2   3 3
89 159 4   0 0   1 1   2 2   3 3
90 122 4   0 0   1 1   2 2   3 3
91 189 4   0 0   1 1   2 2   3 3
91 142 4   0 0   1 1   2 2   3 3
92 105 4   0 0   1 1   2 2   3 3
92 123 4   0 0   1 1   2 2   3 3
92 140 4   0 0   1 1   2 2   3 3
93 136 4   0 0   1 1   2 2   3 3
93 172 4   0 0   1 1   2 2   3 3
93 125 4   0 0   1 1   2 2   3 3
94 147 4   0 0   1 1   2 2   3 3
94 151 4   0 0   1 1   2 2   3 3
95 146 4   0 0   1 1   2 2   3 3
95 99 4   0 0   1 1   2 2   3 3
95 135 4   0 0   1 1   2 2   3 3
96 160 4   0 0   1 1   2 2   3 3
96 169 4   0 0   1 1   2 2   3 3
97 131 4   0 0   1 1   2 2   3 3
97 179 4   0 0   1 1   2 2   3 3
97 164 4   0 0   1 1   2 2   3 3
97 107 4   0 0   1 1   2 2   3 3
97 108 4   0 0   1 1   2 2   3 3
97 126 4   0 0   1 1   2 2   3 3
98 153 4   0 0   1 1   2 2   3 3
98 186 4   0 0   1 1   2 2   3 3
98 173 4   0 0   1 1   2 2   3 3
99 102 4   0 0   1 1   2 2   3 3
100 178 4   0 0   1 1   2 2   3 3
100 197 4   0 0   1 1   2 2   3 3
100 124 4   0 0   1 1   2 2   3 3
100 110 4   0 0   1 1   2 2   3 3
101 192 4   0 0   1 1   2 2   3 3
101 138 4   0 0   1 1   2 2   3 3
103 160 4   0 0   1 1   2 2   3 3
103 113 4   0 0   1 1   2 2   3 3
103 131 4   0 0   1 1   2 2   3 3
103 185 4   0 0   1 1   2 2   3 3
103 155 4   0 0   1 1   2 2   3 3
103 158 4   0 0   1 1   2 2   3 3
104 114 4   0 0   1 1   2 2   3 3
104 133 4   0 0   1 1   2 2   3 3
105 129 4   0 0   1 1   2 2   3 3
105 149 4   0 0   1 1   2 2   3 3
105 140 4   0 0   1 1   2 2   3 3
106 147 4   0 0   1 1   2 2   3 3
106 116 4   0 0   1 1   2 2   3 3
108 115 4   0 0   1 1   2 2   3 3
108 179 4   0 0   1 1   2 2   3 3
109 177 4   0 0   1 1   2 2   3 3
109 136 4   0 0   1 1   2 2   3 3
109 190 4   0 0   1 1   2 2   3 3
110 197 4   0 0   1 1   2 2   3 3
110 183 4   0 0   1 1   2 2   3 3
111 197 4   0 0   1 1   2 2   3 3
112 193 4   0 0   1 1   2 2   3 3
112 115 4   0 0   1 1   2 2   3 3
112 158 4   0 0   1 1   2 2   3 3
112 159 4   0 0   1 1   2 2   3 3
113 131 4   0 0   1 1   2 2   3 3
113 185 4   0 0   1 1   2 2   3 3
114 152 4   0 0   1 1   2 2   3 3
115 158 4   0 0   1 1   2 2   3 3
116 146 4   0 0   1 1   2 2   3 3
116 195 4   0 0   1 1   2 2   3 3
116 147 4   0 0   1 1   2 2   3 3
116 118 4   0 0   1 1   2 2   3 3
117 164 4   0 0   1 1   2 2   3 3
117 167 4   0 0   1 1   2 2   3 3
117 126 4   0 0   1 1   2 2   3 3
118 146 4   0 0   1 1   2 2   3 3
118 147 4   0 0   1 1   2 2   3 3
118 135 4   0 0   1 1   2 2   3 3
119 132 4   0 0   1 1   2 2   3 3
119 182 4   0 0   1 1   2 2   3 3
119 184 4   0 0   1 1   2 2   3 3
119 200 4   0 0   1 1   2 2   3 3
120 133 4   0 0   1 1   2 2   3 3
120 184 4   0 0   1 1   2 2   3 3
121 136 4   0 0   1 1   2 2   3 3
121 125 4   0 0   1 1   2 2   3 3
123 161 4   0 0   1 1   2 2   3 3
123 168 4   0 0   1 1   2 2   3 3
123 139 4   0 0   1 1   2 2   3 3
123 140 4   0 0   1 1   2 2   3 3
124 178 4   0 0   1 1   2 2   3 3
124 199 4   0 0   1 1   2 2   3 3
124 127 4   0 0   1 1   2 2   3 3
124 175 4   0 0   1 1   2 2   3 3
125 136 4   0 0   1 1   2 2   3 3
125 137 4   0 0   1 1   2 2   3 3
125 169 4   0 0   1 1   2 2   3 3
126 164 4   0 0   1 1   2 2   3 3
127 161 4   0 0   1 1   2 2   3 3
127 175 4   0 0   1 1   2 2   3 3
128 198 4   0 0   1 1   2 2   3 3
129 149 4   0 0   1 1   2 2   3 3
129 143 4   0 0   1 1   2 2   3 3
130 176 4   0 0   1 1   2 2   3 3
130 180 4   0 0   1 1   2 2   3 3
131 177 4   0 0   1 1   2 2   3 3
131 164 4   0 0   1 1   2 2   3 3
132 198 4   0 0   1 1   2 2   3 3
132 200 4   0 0   1 1   2 2   3 3
134 144 4   0 0   1 1   2 2   3 3
134 165 4   0 0   1 1   2 2   3 3
135 146 4   0 0   1 1   2 2   3 3
136 177 4   0 0   1 1   2 2   3 3
138 192 4   0 0   1 1   2 2   3 3
138 177 4   0 0   1 1   2 2   3 3
138 190 4   0 0   1 1   2 2   3 3
139 168 4   0 0   1 1   2 2   3 3
140 161 4   0 0   1 1   2 2   3 3
140 149 4   0 0   1 1   2 2   3 3
140 175 4   0 0   1 1   2 2   3 3
141 148 4   0 0   1 1   2 2   3 3
141 150 4   0 0   1 1   2 2   3 3
141 174 4   0 0   1 1   2 2   3 3
142 171 4   0 0   1 1   2 2   3 3
142 189 4   0 0   1 1   2 2   3 3
143 181 4   0 0   1 1   2 2   3 3
143 150 4   0 0   1 1   2 2   3 3
143 188 4   0 0   1 1   2 2   3 3
145 153 4   0 0   1 1   2 2   3 3
145 186 4   0 0   1 1   2 2   3 3
145 187 4   0 0   1 1   2 2   3 3
146 195 4   0 0   1 1   2 2   3 3
148 178 4   0 0   1 1   2 2   3 3
149 194 4   0 0   1 1   2 2   3 3
149 175 4   0 0   1 1   2 2   3 3
150 199 4   0 0   1 1   2 2   3 3
150 188 4   0 0   1 1   2 2   3 3
150 174 4   0 0   1 1   2 2   3 3
153 186 4   0 0   1 1   2 2   3 3
153 173 4   0 0   1 1   2 2   3 3
154 166 4   0 0   1 1   2 2   3 3
154 174 4   0 0   1 1   2 2   3 3
155 160 4   0 0   1 1   2 2   3 3
155 193 4   0 0   1 1   2 2   3 3
155 156 4   0 0   1 1   2 2   3 3
156 193 4   0 0   1 1   2 2   3 3
157 179 4   0 0   1 1   2 2   3 3
157 201 4   0 0   1 1   2 2   3 3
159 162 4   0 0   1 1   2 2   3 3
160 185 4   0 0   1 1   2 2   3 3
161 168 4   0 0   1 1   2 2   3 3
161 175 4   0 0   1 1   2 2   3 3
163 182 4   0 0   1 1   2 2   3 3
163 183 4   0 0   1 1   2 2   3 3
164 167 4   0 0   1 1   2 2   3 3
165 201 4   0 0   1 1   2 2   3 3
166 173 4   0 0   1 1   2 2   3 3
166 174 4   0 0   1 1   2 2   3 3
167 192 4   0 0   1 1   2 2   3 3
175 194 4   0 0   1 1   2 2   3 3
175 199 4   0 0   1 1   2 2   3 3
176 180 4   0 0   1 1   2 2   3 3
177 190 4   0 0   1 1   2 2   3 3
181 188 4   0 0   1 1   2 2   3 3
182 200 4   0 0   1 1   2 2   3 3
182 184 4   0 0   1 1   2 2   3 3
188 196 4   0 0   1 1   2 2   3 3
189 195 4   0 0   1 1   2 2   3 3
191 196 4   0 0   1 1   2 2   3 3
194 199 4   0 0   1 1   2 2   3 3
198 200 4   0 0   1 1   2 2   3 3
