305
1 4 0 1 2 3
2 4 0 1 2 3
3 4 0 1 2 3
4 4 0 1 2 3
5 4 0 1 2 3
6 4 0 1 2 3
7 4 0 1 2 3
8 4 0 1 2 3
9 4 0 1 2 3
10 4 0 1 2 3
11 4 0 1 2 3
12 4 0 1 2 3
13 4 0 1 2 3
14 4 0 1 2 3
15 4 0 1 2 3
16 4 0 1 2 3
17 4 0 1 2 3
18 4 0 1 2 3
19 4 0 1 2 3
20 4 0 1 2 3
21 4 0 1 2 3
22 4 0 1 2 3
23 4 0 1 2 3
24 4 0 1 2 3
25 4 0 1 2 3
26 4 0 1 2 3
27 4 0 1 2 3
28 4 0 1 2 3
29 4 0 1 2 3
30 4 0 1 2 3
31 4 0 1 2 3
32 4 0 1 2 3
33 4 0 1 2 3
34 4 0 1 2 3
35 4 0 1 2 3
36 4 0 1 2 3
37 4 0 1 2 3
38 4 0 1 2 3
39 4 0 1 2 3
40 4 0 1 2 3
41 4 0 1 2 3
42 4 0 1 2 3
43 4 0 1 2 3
44 4 0 1 2 3
45 4 0 1 2 3
46 4 0 1 2 3
47 4 0 1 2 3
48 4 0 1 2 3
49 4 0 1 2 3
50 4 0 1 2 3
51 4 0 1 2 3
52 4 0 1 2 3
53 4 0 1 2 3
54 4 0 1 2 3
55 4 0 1 2 3
56 4 0 1 2 3
57 4 0 1 2 3
58 4 0 1 2 3
59 4 0 1 2 3
60 4 0 1 2 3
61 4 0 1 2 3
62 4 0 1 2 3
63 4 0 1 2 3
64 4 0 1 2 3
65 4 0 1 2 3
66 4 0 1 2 3
67 4 0 1 2 3
68 4 0 1 2 3
69 4 0 1 2 3
70 4 0 1 2 3
71 4 0 1 2 3
72 4 0 1 2 3
73 4 0 1 2 3
74 4 0 1 2 3
75 4 0 1 2 3
76 4 0 1 2 3
77 4 0 1 2 3
78 4 0 1 2 3
79 4 0 1 2 3
80 4 0 1 2 3
81 4 0 1 2 3
82 4 0 1 2 3
83 4 0 1 2 3
84 4 0 1 2 3
85 4 0 1 2 3
86 4 0 1 2 3
87 4 0 1 2 3
88 4 0 1 2 3
89 4 0 1 2 3
90 4 0 1 2 3
91 4 0 1 2 3
92 4 0 1 2 3
93 4 0 1 2 3
94 4 0 1 2 3
95 4 0 1 2 3
96 4 0 1 2 3
97 4 0 1 2 3
98 4 0 1 2 3
99 4 0 1 2 3
100 4 0 1 2 3
101 4 0 1 2 3
102 4 0 1 2 3
103 4 0 1 2 3
104 4 0 1 2 3
105 4 0 1 2 3
106 4 0 1 2 3
107 4 0 1 2 3
108 4 0 1 2 3
109 4 0 1 2 3
110 4 0 1 2 3
111 4 0 1 2 3
112 4 0 1 2 3
113 4 0 1 2 3
114 4 0 1 2 3
115 4 0 1 2 3
116 4 0 1 2 3
117 4 0 1 2 3
118 4 0 1 2 3
119 4 0 1 2 3
120 4 0 1 2 3
121 4 0 1 2 3
122 4 0 1 2 3
123 4 0 1 2 3
124 4 0 1 2 3
125 4 0 1 2 3
126 4 0 1 2 3
127 4 0 1 2 3
128 4 0 1 2 3
129 4 0 1 2 3
130 4 0 1 2 3
131 4 0 1 2 3
132 4 0 1 2 3
133 4 0 1 2 3
134 4 0 1 2 3
135 4 0 1 2 3
136 4 0 1 2 3
137 4 0 1 2 3
138 4 0 1 2 3
139 4 0 1 2 3
140 4 0 1 2 3
141 4 0 1 2 3
142 4 0 1 2 3
143 4 0 1 2 3
144 4 0 1 2 3
145 4 0 1 2 3
146 4 0 1 2 3
147 4 0 1 2 3
148 4 0 1 2 3
149 4 0 1 2 3
150 4 0 1 2 3
151 4 0 1 2 3
152 4 0 1 2 3
153 4 0 1 2 3
154 4 0 1 2 3
155 4 0 1 2 3
156 4 0 1 2 3
157 4 0 1 2 3
158 4 0 1 2 3
159 4 0 1 2 3
160 4 0 1 2 3
161 4 0 1 2 3
162 4 0 1 2 3
163 4 0 1 2 3
164 4 0 1 2 3
165 4 0 1 2 3
166 4 0 1 2 3
167 4 0 1 2 3
168 4 0 1 2 3
169 4 0 1 2 3
170 4 0 1 2 3
171 4 0 1 2 3
172 4 0 1 2 3
173 4 0 1 2 3
174 4 0 1 2 3
175 4 0 1 2 3
176 4 0 1 2 3
177 4 0 1 2 3
178 4 0 1 2 3
179 4 0 1 2 3
180 4 0 1 2 3
181 4 0 1 2 3
182 4 0 1 2 3
183 4 0 1 2 3
184 4 0 1 2 3
185 4 0 1 2 3
186 4 0 1 2 3
187 4 0 1 2 3
188 4 0 1 2 3
189 4 0 1 2 3
190 4 0 1 2 3
191 4 0 1 2 3
192 4 0 1 2 3
193 4 0 1 2 3
194 4 0 1 2 3
195 4 0 1 2 3
196 4 0 1 2 3
197 4 0 1 2 3
198 4 0 1 2 3
199 4 0 1 2 3
200 4 0 1 2 3
201 4 0 1 2 3
202 4 0 1 2 3
203 4 0 1 2 3
204 4 0 1 2 3
205 4 0 1 2 3
206 4 0 1 2 3
207 4 0 1 2 3
208 4 0 1 2 3
209 4 0 1 2 3
210 4 0 1 2 3
211 4 0 1 2 3
212 4 0 1 2 3
213 4 0 1 2 3
214 4 0 1 2 3
215 4 0 1 2 3
216 4 0 1 2 3
217 4 0 1 2 3
218 4 0 1 2 3
219 4 0 1 2 3
220 4 0 1 2 3
221 4 0 1 2 3
222 4 0 1 2 3
223 4 0 1 2 3
224 4 0 1 2 3
225 4 0 1 2 3
226 4 0 1 2 3
227 4 0 1 2 3
228 4 0 1 2 3
229 4 0 1 2 3
230 4 0 1 2 3
231 4 0 1 2 3
232 4 0 1 2 3
233 4 0 1 2 3
234 4 0 1 2 3
235 4 0 1 2 3
236 4 0 1 2 3
237 4 0 1 2 3
238 4 0 1 2 3
239 4 0 1 2 3
240 4 0 1 2 3
241 4 0 1 2 3
242 4 0 1 2 3
243 4 0 1 2 3
244 4 0 1 2 3
245 4 0 1 2 3
246 4 0 1 2 3
247 4 0 1 2 3
248 4 0 1 2 3
249 4 0 1 2 3
250 4 0 1 2 3
251 4 0 1 2 3
252 4 0 1 2 3
253 4 0 1 2 3
254 4 0 1 2 3
255 4 0 1 2 3
256 4 0 1 2 3
257 4 0 1 2 3
258 4 0 1 2 3
259 4 0 1 2 3
260 4 0 1 2 3
261 4 0 1 2 3
262 4 0 1 2 3
263 4 0 1 2 3
264 4 0 1 2 3
265 4 0 1 2 3
266 4 0 1 2 3
267 4 0 1 2 3
268 4 0 1 2 3
269 4 0 1 2 3
270 4 0 1 2 3
271 4 0 1 2 3
272 4 0 1 2 3
273 4 0 1 2 3
274 4 0 1 2 3
275 4 0 1 2 3
276 4 0 1 2 3
277 4 0 1 2 3
278 4 0 1 2 3
279 4 0 1 2 3
280 4 0 1 2 3
281 4 0 1 2 3
282 4 0 1 2 3
283 4 0 1 2 3
284 4 0 1 2 3
285 4 0 1 2 3
286 4 0 1 2 3
287 4 0 1 2 3
288 4 0 1 2 3
289 4 0 1 2 3
290 4 0 1 2 3
291 4 0 1 2 3
292 4 0 1 2 3
293 4 0 1 2 3
294 4 0 1 2 3
295 4 0 1 2 3
296 4 0 1 2 3
297 4 0 1 2 3
298 4 0 1 2 3
299 4 0 1 2 3
300 4 0 1 2 3
301 4 0 1 2 3
302 4 0 1 2 3
303 4 0 1 2 3
304 4 0 1 2 3
305 4 0 1 2 3
860
1 40 4   0 0   1 1   2 2   3 3
1 56 4   0 0   1 1   2 2   3 3
1 174 4   0 0   1 1   2 2   3 3
2 275 4   0 0   1 1   2 2   3 3
2 293 4   0 0   1 1   2 2   3 3
2 277 4   0 0   1 1   2 2   3 3
2 295 4   0 0   1 1   2 2   3 3
2 170 4   0 0   1 1   2 2   3 3
3 210 4   0 0   1 1   2 2   3 3
3 146 4   0 0   1 1   2 2   3 3
3 20 4   0 0   1 1   2 2   3 3
3 107 4   0 0   1 1   2 2   3 3
3 267 4   0 0   1 1   2 2   3 3
3 300 4   0 0   1 1   2 2   3 3
4 256 4   0 0   1 1   2 2   3 3
4 210 4   0 0   1 1   2 2   3 3
4 146 4   0 0   1 1   2 2   3 3
4 292 4   0 0   1 1   2 2   3 3
4 216 4   0 0   1 1   2 2   3 3
4 267 4   0 0   1 1   2 2   3 3
4 283 4   0 0   1 1   2 2   3 3
4 223 4   0 0   1 1   2 2   3 3
4 159 4   0 0   1 1   2 2   3 3
5 113 4   0 0   1 1   2 2   3 3
5 179 4   0 0   1 1   2 2   3 3
5 132 4   0 0   1 1   2 2   3 3
5 108 4   0 0   1 1   2 2   3 3
5 29 4   0 0   1 1   2 2   3 3
6 96 4   0 0   1 1   2 2   3 3
6 35 4   0 0   1 1   2 2   3 3
6 121 4   0 0   1 1   2 2   3 3
6 126 4   0 0   1 1   2 2   3 3
7 17 4   0 0   1 1   2 2   3 3
7 41 4   0 0   1 1   2 2   3 3
7 60 4   0 0   1 1   2 2   3 3
8 276 4   0 0   1 1   2 2   3 3
8 133 4   0 0   1 1   2 2   3 3
8 168 4   0 0   1 1   2 2   3 3
8 186 4   0 0   1 1   2 2   3 3
8 299 4   0 0   1 1   2 2   3 3
8 140 4   0 0   1 1   2 2   3 3
8 190 4   0 0   1 1   2 2   3 3
8 110 4   0 0   1 1   2 2   3 3
9 195 4   0 0   1 1   2 2   3 3
9 291 4   0 0   1 1   2 2   3 3
9 149 4   0 0   1 1   2 2   3 3
9 167 4   0 0   1 1   2 2   3 3
9 296 4   0 0   1 1   2 2   3 3
9 285 4   0 0   1 1   2 2   3 3
9 206 4   0 0   1 1   2 2   3 3
9 30 4   0 0   1 1   2 2   3 3
10 257 4   0 0   1 1   2 2   3 3
10 103 4   0 0   1 1   2 2   3 3
10 104 4   0 0   1 1   2 2   3 3
10 159 4   0 0   1 1   2 2   3 3
11 80 4   0 0   1 1   2 2   3 3
11 51 4   0 0   1 1   2 2   3 3
11 147 4   0 0   1 1   2 2   3 3
11 59 4   0 0   1 1   2 2   3 3
11 301 4   0 0   1 1   2 2   3 3
12 224 4   0 0   1 1   2 2   3 3
12 297 4   0 0   1 1   2 2   3 3
12 191 4   0 0   1 1   2 2   3 3
13 131 4   0 0   1 1   2 2   3 3
13 117 4   0 0   1 1   2 2   3 3
13 198 4   0 0   1 1   2 2   3 3
13 105 4   0 0   1 1   2 2   3 3
13 124 4   0 0   1 1   2 2   3 3
14 129 4   0 0   1 1   2 2   3 3
14 259 4   0 0   1 1   2 2   3 3
14 138 4   0 0   1 1   2 2   3 3
14 139 4   0 0   1 1   2 2   3 3
14 127 4   0 0   1 1   2 2   3 3
15 305 4   0 0   1 1   2 2   3 3
15 33 4   0 0   1 1   2 2   3 3
15 225 4   0 0   1 1   2 2   3 3
15 118 4   0 0   1 1   2 2   3 3
15 41 4   0 0   1 1   2 2   3 3
16 76 4   0 0   1 1   2 2   3 3
16 285 4   0 0   1 1   2 2   3 3
16 222 4   0 0   1 1   2 2   3 3
17 129 4   0 0   1 1   2 2   3 3
17 53 4   0 0   1 1   2 2   3 3
17 231 4   0 0   1 1   2 2   3 3
17 41 4   0 0   1 1   2 2   3 3
18 115 4   0 0   1 1   2 2   3 3
18 38 4   0 0   1 1   2 2   3 3
18 265 4   0 0   1 1   2 2   3 3
18 284 4   0 0   1 1   2 2   3 3
18 238 4   0 0   1 1   2 2   3 3
19 226 4   0 0   1 1   2 2   3 3
19 133 4   0 0   1 1   2 2   3 3
19 168 4   0 0   1 1   2 2   3 3
20 210 4   0 0   1 1   2 2   3 3
20 56 4   0 0   1 1   2 2   3 3
20 265 4   0 0   1 1   2 2   3 3
20 107 4   0 0   1 1   2 2   3 3
21 166 4   0 0   1 1   2 2   3 3
21 218 4   0 0   1 1   2 2   3 3
21 42 4   0 0   1 1   2 2   3 3
21 234 4   0 0   1 1   2 2   3 3
21 299 4   0 0   1 1   2 2   3 3
22 161 4   0 0   1 1   2 2   3 3
22 122 4   0 0   1 1   2 2   3 3
22 298 4   0 0   1 1   2 2   3 3
22 175 4   0 0   1 1   2 2   3 3
22 303 4   0 0   1 1   2 2   3 3
23 274 4   0 0   1 1   2 2   3 3
23 232 4   0 0   1 1   2 2   3 3
23 233 4   0 0   1 1   2 2   3 3
23 188 4   0 0   1 1   2 2   3 3
23 302 4   0 0   1 1   2 2   3 3
24 147 4   0 0   1 1   2 2   3 3
24 197 4   0 0   1 1   2 2   3 3
24 94 4   0 0   1 1   2 2   3 3
24 63 4   0 0   1 1   2 2   3 3
24 47 4   0 0   1 1   2 2   3 3
24 31 4   0 0   1 1   2 2   3 3
25 64 4   0 0   1 1   2 2   3 3
25 65 4   0 0   1 1   2 2   3 3
25 98 4   0 0   1 1   2 2   3 3
25 179 4   0 0   1 1   2 2   3 3
25 200 4   0 0   1 1   2 2   3 3
25 153 4   0 0   1 1   2 2   3 3
25 219 4   0 0   1 1   2 2   3 3
25 29 4   0 0   1 1   2 2   3 3
26 49 4   0 0   1 1   2 2   3 3
26 97 4   0 0   1 1   2 2   3 3
26 37 4   0 0   1 1   2 2   3 3
26 75 4   0 0   1 1   2 2   3 3
26 285 4   0 0   1 1   2 2   3 3
26 79 4   0 0   1 1   2 2   3 3
27 114 4   0 0   1 1   2 2   3 3
27 260 4   0 0   1 1   2 2   3 3
27 215 4   0 0   1 1   2 2   3 3
28 99 4   0 0   1 1   2 2   3 3
28 137 4   0 0   1 1   2 2   3 3
28 155 4   0 0   1 1   2 2   3 3
28 92 4   0 0   1 1   2 2   3 3
28 45 4   0 0   1 1   2 2   3 3
29 98 4   0 0   1 1   2 2   3 3
29 179 4   0 0   1 1   2 2   3 3
29 132 4   0 0   1 1   2 2   3 3
29 54 4   0 0   1 1   2 2   3 3
29 237 4   0 0   1 1   2 2   3 3
30 166 4   0 0   1 1   2 2   3 3
30 234 4   0 0   1 1   2 2   3 3
30 285 4   0 0   1 1   2 2   3 3
30 206 4   0 0   1 1   2 2   3 3
30 222 4   0 0   1 1   2 2   3 3
31 147 4   0 0   1 1   2 2   3 3
31 59 4   0 0   1 1   2 2   3 3
31 94 4   0 0   1 1   2 2   3 3
32 34 4   0 0   1 1   2 2   3 3
32 67 4   0 0   1 1   2 2   3 3
32 89 4   0 0   1 1   2 2   3 3
32 282 4   0 0   1 1   2 2   3 3
32 269 4   0 0   1 1   2 2   3 3
32 221 4   0 0   1 1   2 2   3 3
33 128 4   0 0   1 1   2 2   3 3
33 225 4   0 0   1 1   2 2   3 3
33 280 4   0 0   1 1   2 2   3 3
33 41 4   0 0   1 1   2 2   3 3
34 67 4   0 0   1 1   2 2   3 3
34 70 4   0 0   1 1   2 2   3 3
34 221 4   0 0   1 1   2 2   3 3
34 93 4   0 0   1 1   2 2   3 3
35 96 4   0 0   1 1   2 2   3 3
35 36 4   0 0   1 1   2 2   3 3
35 263 4   0 0   1 1   2 2   3 3
35 121 4   0 0   1 1   2 2   3 3
35 89 4   0 0   1 1   2 2   3 3
35 106 4   0 0   1 1   2 2   3 3
35 236 4   0 0   1 1   2 2   3 3
35 269 4   0 0   1 1   2 2   3 3
36 208 4   0 0   1 1   2 2   3 3
36 96 4   0 0   1 1   2 2   3 3
36 130 4   0 0   1 1   2 2   3 3
36 269 4   0 0   1 1   2 2   3 3
37 49 4   0 0   1 1   2 2   3 3
37 196 4   0 0   1 1   2 2   3 3
37 279 4   0 0   1 1   2 2   3 3
37 76 4   0 0   1 1   2 2   3 3
37 285 4   0 0   1 1   2 2   3 3
38 294 4   0 0   1 1   2 2   3 3
38 40 4   0 0   1 1   2 2   3 3
38 265 4   0 0   1 1   2 2   3 3
38 238 4   0 0   1 1   2 2   3 3
38 174 4   0 0   1 1   2 2   3 3
39 112 4   0 0   1 1   2 2   3 3
39 177 4   0 0   1 1   2 2   3 3
39 242 4   0 0   1 1   2 2   3 3
39 86 4   0 0   1 1   2 2   3 3
39 215 4   0 0   1 1   2 2   3 3
39 247 4   0 0   1 1   2 2   3 3
39 88 4   0 0   1 1   2 2   3 3
39 61 4   0 0   1 1   2 2   3 3
40 56 4   0 0   1 1   2 2   3 3
40 265 4   0 0   1 1   2 2   3 3
40 174 4   0 0   1 1   2 2   3 3
41 305 4   0 0   1 1   2 2   3 3
41 129 4   0 0   1 1   2 2   3 3
41 280 4   0 0   1 1   2 2   3 3
41 60 4   0 0   1 1   2 2   3 3
42 50 4   0 0   1 1   2 2   3 3
42 244 4   0 0   1 1   2 2   3 3
42 218 4   0 0   1 1   2 2   3 3
42 90 4   0 0   1 1   2 2   3 3
42 234 4   0 0   1 1   2 2   3 3
43 119 4   0 0   1 1   2 2   3 3
43 184 4   0 0   1 1   2 2   3 3
43 268 4   0 0   1 1   2 2   3 3
44 66 4   0 0   1 1   2 2   3 3
44 86 4   0 0   1 1   2 2   3 3
44 247 4   0 0   1 1   2 2   3 3
45 178 4   0 0   1 1   2 2   3 3
45 137 4   0 0   1 1   2 2   3 3
45 92 4   0 0   1 1   2 2   3 3
45 142 4   0 0   1 1   2 2   3 3
46 112 4   0 0   1 1   2 2   3 3
46 178 4   0 0   1 1   2 2   3 3
46 163 4   0 0   1 1   2 2   3 3
46 88 4   0 0   1 1   2 2   3 3
46 61 4   0 0   1 1   2 2   3 3
46 142 4   0 0   1 1   2 2   3 3
47 180 4   0 0   1 1   2 2   3 3
47 220 4   0 0   1 1   2 2   3 3
47 94 4   0 0   1 1   2 2   3 3
47 63 4   0 0   1 1   2 2   3 3
48 160 4   0 0   1 1   2 2   3 3
48 50 4   0 0   1 1   2 2   3 3
48 194 4   0 0   1 1   2 2   3 3
48 244 4   0 0   1 1   2 2   3 3
48 303 4   0 0   1 1   2 2   3 3
48 111 4   0 0   1 1   2 2   3 3
49 97 4   0 0   1 1   2 2   3 3
49 242 4   0 0   1 1   2 2   3 3
49 245 4   0 0   1 1   2 2   3 3
49 150 4   0 0   1 1   2 2   3 3
49 279 4   0 0   1 1   2 2   3 3
49 250 4   0 0   1 1   2 2   3 3
50 194 4   0 0   1 1   2 2   3 3
50 244 4   0 0   1 1   2 2   3 3
50 135 4   0 0   1 1   2 2   3 3
50 90 4   0 0   1 1   2 2   3 3
51 147 4   0 0   1 1   2 2   3 3
51 164 4   0 0   1 1   2 2   3 3
51 261 4   0 0   1 1   2 2   3 3
51 153 4   0 0   1 1   2 2   3 3
51 219 4   0 0   1 1   2 2   3 3
51 301 4   0 0   1 1   2 2   3 3
52 144 4   0 0   1 1   2 2   3 3
52 148 4   0 0   1 1   2 2   3 3
52 74 4   0 0   1 1   2 2   3 3
52 252 4   0 0   1 1   2 2   3 3
52 172 4   0 0   1 1   2 2   3 3
52 271 4   0 0   1 1   2 2   3 3
53 231 4   0 0   1 1   2 2   3 3
53 157 4   0 0   1 1   2 2   3 3
54 98 4   0 0   1 1   2 2   3 3
54 183 4   0 0   1 1   2 2   3 3
54 237 4   0 0   1 1   2 2   3 3
54 63 4   0 0   1 1   2 2   3 3
55 240 4   0 0   1 1   2 2   3 3
55 274 4   0 0   1 1   2 2   3 3
55 181 4   0 0   1 1   2 2   3 3
55 151 4   0 0   1 1   2 2   3 3
55 248 4   0 0   1 1   2 2   3 3
56 265 4   0 0   1 1   2 2   3 3
57 88 4   0 0   1 1   2 2   3 3
57 137 4   0 0   1 1   2 2   3 3
57 155 4   0 0   1 1   2 2   3 3
57 142 4   0 0   1 1   2 2   3 3
58 114 4   0 0   1 1   2 2   3 3
58 260 4   0 0   1 1   2 2   3 3
58 103 4   0 0   1 1   2 2   3 3
58 221 4   0 0   1 1   2 2   3 3
58 93 4   0 0   1 1   2 2   3 3
58 159 4   0 0   1 1   2 2   3 3
59 80 4   0 0   1 1   2 2   3 3
59 147 4   0 0   1 1   2 2   3 3
59 227 4   0 0   1 1   2 2   3 3
59 72 4   0 0   1 1   2 2   3 3
59 94 4   0 0   1 1   2 2   3 3
59 143 4   0 0   1 1   2 2   3 3
60 305 4   0 0   1 1   2 2   3 3
60 275 4   0 0   1 1   2 2   3 3
60 118 4   0 0   1 1   2 2   3 3
60 170 4   0 0   1 1   2 2   3 3
60 187 4   0 0   1 1   2 2   3 3
61 112 4   0 0   1 1   2 2   3 3
61 242 4   0 0   1 1   2 2   3 3
61 163 4   0 0   1 1   2 2   3 3
61 245 4   0 0   1 1   2 2   3 3
62 225 4   0 0   1 1   2 2   3 3
62 211 4   0 0   1 1   2 2   3 3
62 116 4   0 0   1 1   2 2   3 3
62 122 4   0 0   1 1   2 2   3 3
63 98 4   0 0   1 1   2 2   3 3
63 197 4   0 0   1 1   2 2   3 3
63 183 4   0 0   1 1   2 2   3 3
63 220 4   0 0   1 1   2 2   3 3
64 65 4   0 0   1 1   2 2   3 3
64 200 4   0 0   1 1   2 2   3 3
65 193 4   0 0   1 1   2 2   3 3
65 164 4   0 0   1 1   2 2   3 3
65 165 4   0 0   1 1   2 2   3 3
65 200 4   0 0   1 1   2 2   3 3
65 152 4   0 0   1 1   2 2   3 3
65 219 4   0 0   1 1   2 2   3 3
66 144 4   0 0   1 1   2 2   3 3
66 86 4   0 0   1 1   2 2   3 3
66 184 4   0 0   1 1   2 2   3 3
66 74 4   0 0   1 1   2 2   3 3
66 268 4   0 0   1 1   2 2   3 3
67 150 4   0 0   1 1   2 2   3 3
67 70 4   0 0   1 1   2 2   3 3
67 89 4   0 0   1 1   2 2   3 3
68 80 4   0 0   1 1   2 2   3 3
68 240 4   0 0   1 1   2 2   3 3
68 241 4   0 0   1 1   2 2   3 3
68 131 4   0 0   1 1   2 2   3 3
68 261 4   0 0   1 1   2 2   3 3
68 72 4   0 0   1 1   2 2   3 3
68 185 4   0 0   1 1   2 2   3 3
68 124 4   0 0   1 1   2 2   3 3
69 209 4   0 0   1 1   2 2   3 3
69 274 4   0 0   1 1   2 2   3 3
69 151 4   0 0   1 1   2 2   3 3
69 248 4   0 0   1 1   2 2   3 3
70 242 4   0 0   1 1   2 2   3 3
70 85 4   0 0   1 1   2 2   3 3
70 150 4   0 0   1 1   2 2   3 3
70 93 4   0 0   1 1   2 2   3 3
71 113 4   0 0   1 1   2 2   3 3
71 109 4   0 0   1 1   2 2   3 3
72 80 4   0 0   1 1   2 2   3 3
72 241 4   0 0   1 1   2 2   3 3
72 227 4   0 0   1 1   2 2   3 3
73 289 4   0 0   1 1   2 2   3 3
73 114 4   0 0   1 1   2 2   3 3
73 91 4   0 0   1 1   2 2   3 3
73 252 4   0 0   1 1   2 2   3 3
73 205 4   0 0   1 1   2 2   3 3
73 159 4   0 0   1 1   2 2   3 3
73 271 4   0 0   1 1   2 2   3 3
74 144 4   0 0   1 1   2 2   3 3
74 86 4   0 0   1 1   2 2   3 3
74 172 4   0 0   1 1   2 2   3 3
75 304 4   0 0   1 1   2 2   3 3
75 273 4   0 0   1 1   2 2   3 3
75 97 4   0 0   1 1   2 2   3 3
75 262 4   0 0   1 1   2 2   3 3
75 79 4   0 0   1 1   2 2   3 3
76 196 4   0 0   1 1   2 2   3 3
76 141 4   0 0   1 1   2 2   3 3
76 222 4   0 0   1 1   2 2   3 3
77 149 4   0 0   1 1   2 2   3 3
77 285 4   0 0   1 1   2 2   3 3
77 79 4   0 0   1 1   2 2   3 3
78 277 4   0 0   1 1   2 2   3 3
78 293 4   0 0   1 1   2 2   3 3
78 120 4   0 0   1 1   2 2   3 3
78 154 4   0 0   1 1   2 2   3 3
78 286 4   0 0   1 1   2 2   3 3
78 239 4   0 0   1 1   2 2   3 3
79 304 4   0 0   1 1   2 2   3 3
79 273 4   0 0   1 1   2 2   3 3
79 149 4   0 0   1 1   2 2   3 3
79 296 4   0 0   1 1   2 2   3 3
79 285 4   0 0   1 1   2 2   3 3
80 261 4   0 0   1 1   2 2   3 3
80 301 4   0 0   1 1   2 2   3 3
81 192 4   0 0   1 1   2 2   3 3
81 224 4   0 0   1 1   2 2   3 3
81 162 4   0 0   1 1   2 2   3 3
81 191 4   0 0   1 1   2 2   3 3
82 257 4   0 0   1 1   2 2   3 3
82 103 4   0 0   1 1   2 2   3 3
82 136 4   0 0   1 1   2 2   3 3
82 104 4   0 0   1 1   2 2   3 3
82 221 4   0 0   1 1   2 2   3 3
83 226 4   0 0   1 1   2 2   3 3
83 84 4   0 0   1 1   2 2   3 3
83 133 4   0 0   1 1   2 2   3 3
83 286 4   0 0   1 1   2 2   3 3
83 110 4   0 0   1 1   2 2   3 3
84 286 4   0 0   1 1   2 2   3 3
84 110 4   0 0   1 1   2 2   3 3
84 239 4   0 0   1 1   2 2   3 3
85 177 4   0 0   1 1   2 2   3 3
85 242 4   0 0   1 1   2 2   3 3
85 260 4   0 0   1 1   2 2   3 3
85 93 4   0 0   1 1   2 2   3 3
86 215 4   0 0   1 1   2 2   3 3
86 247 4   0 0   1 1   2 2   3 3
86 172 4   0 0   1 1   2 2   3 3
86 254 4   0 0   1 1   2 2   3 3
87 241 4   0 0   1 1   2 2   3 3
87 185 4   0 0   1 1   2 2   3 3
87 201 4   0 0   1 1   2 2   3 3
87 171 4   0 0   1 1   2 2   3 3
88 112 4   0 0   1 1   2 2   3 3
88 247 4   0 0   1 1   2 2   3 3
88 142 4   0 0   1 1   2 2   3 3
89 150 4   0 0   1 1   2 2   3 3
89 263 4   0 0   1 1   2 2   3 3
89 269 4   0 0   1 1   2 2   3 3
90 135 4   0 0   1 1   2 2   3 3
90 121 4   0 0   1 1   2 2   3 3
90 234 4   0 0   1 1   2 2   3 3
90 106 4   0 0   1 1   2 2   3 3
91 114 4   0 0   1 1   2 2   3 3
91 252 4   0 0   1 1   2 2   3 3
91 172 4   0 0   1 1   2 2   3 3
91 254 4   0 0   1 1   2 2   3 3
92 178 4   0 0   1 1   2 2   3 3
92 99 4   0 0   1 1   2 2   3 3
92 262 4   0 0   1 1   2 2   3 3
92 253 4   0 0   1 1   2 2   3 3
93 260 4   0 0   1 1   2 2   3 3
93 221 4   0 0   1 1   2 2   3 3
94 180 4   0 0   1 1   2 2   3 3
94 294 4   0 0   1 1   2 2   3 3
94 251 4   0 0   1 1   2 2   3 3
94 143 4   0 0   1 1   2 2   3 3
95 256 4   0 0   1 1   2 2   3 3
95 289 4   0 0   1 1   2 2   3 3
95 228 4   0 0   1 1   2 2   3 3
95 148 4   0 0   1 1   2 2   3 3
95 283 4   0 0   1 1   2 2   3 3
95 271 4   0 0   1 1   2 2   3 3
96 208 4   0 0   1 1   2 2   3 3
96 126 4   0 0   1 1   2 2   3 3
97 178 4   0 0   1 1   2 2   3 3
97 262 4   0 0   1 1   2 2   3 3
97 250 4   0 0   1 1   2 2   3 3
98 197 4   0 0   1 1   2 2   3 3
98 153 4   0 0   1 1   2 2   3 3
99 155 4   0 0   1 1   2 2   3 3
99 253 4   0 0   1 1   2 2   3 3
99 255 4   0 0   1 1   2 2   3 3
100 117 4   0 0   1 1   2 2   3 3
100 198 4   0 0   1 1   2 2   3 3
100 104 4   0 0   1 1   2 2   3 3
100 136 4   0 0   1 1   2 2   3 3
100 105 4   0 0   1 1   2 2   3 3
100 266 4   0 0   1 1   2 2   3 3
101 295 4   0 0   1 1   2 2   3 3
101 173 4   0 0   1 1   2 2   3 3
102 200 4   0 0   1 1   2 2   3 3
102 108 4   0 0   1 1   2 2   3 3
102 157 4   0 0   1 1   2 2   3 3
103 257 4   0 0   1 1   2 2   3 3
103 221 4   0 0   1 1   2 2   3 3
103 159 4   0 0   1 1   2 2   3 3
104 257 4   0 0   1 1   2 2   3 3
104 216 4   0 0   1 1   2 2   3 3
104 136 4   0 0   1 1   2 2   3 3
104 105 4   0 0   1 1   2 2   3 3
104 189 4   0 0   1 1   2 2   3 3
104 159 4   0 0   1 1   2 2   3 3
105 131 4   0 0   1 1   2 2   3 3
105 117 4   0 0   1 1   2 2   3 3
105 185 4   0 0   1 1   2 2   3 3
105 201 4   0 0   1 1   2 2   3 3
105 189 4   0 0   1 1   2 2   3 3
106 182 4   0 0   1 1   2 2   3 3
106 263 4   0 0   1 1   2 2   3 3
106 121 4   0 0   1 1   2 2   3 3
106 234 4   0 0   1 1   2 2   3 3
106 236 4   0 0   1 1   2 2   3 3
107 213 4   0 0   1 1   2 2   3 3
107 217 4   0 0   1 1   2 2   3 3
107 300 4   0 0   1 1   2 2   3 3
108 113 4   0 0   1 1   2 2   3 3
108 179 4   0 0   1 1   2 2   3 3
108 200 4   0 0   1 1   2 2   3 3
109 113 4   0 0   1 1   2 2   3 3
109 264 4   0 0   1 1   2 2   3 3
109 235 4   0 0   1 1   2 2   3 3
109 220 4   0 0   1 1   2 2   3 3
110 133 4   0 0   1 1   2 2   3 3
110 190 4   0 0   1 1   2 2   3 3
110 239 4   0 0   1 1   2 2   3 3
111 194 4   0 0   1 1   2 2   3 3
111 169 4   0 0   1 1   2 2   3 3
111 298 4   0 0   1 1   2 2   3 3
111 204 4   0 0   1 1   2 2   3 3
111 303 4   0 0   1 1   2 2   3 3
113 132 4   0 0   1 1   2 2   3 3
113 264 4   0 0   1 1   2 2   3 3
113 237 4   0 0   1 1   2 2   3 3
114 260 4   0 0   1 1   2 2   3 3
114 215 4   0 0   1 1   2 2   3 3
114 254 4   0 0   1 1   2 2   3 3
114 159 4   0 0   1 1   2 2   3 3
115 290 4   0 0   1 1   2 2   3 3
115 246 4   0 0   1 1   2 2   3 3
115 171 4   0 0   1 1   2 2   3 3
115 284 4   0 0   1 1   2 2   3 3
115 238 4   0 0   1 1   2 2   3 3
116 225 4   0 0   1 1   2 2   3 3
116 211 4   0 0   1 1   2 2   3 3
116 229 4   0 0   1 1   2 2   3 3
116 287 4   0 0   1 1   2 2   3 3
117 198 4   0 0   1 1   2 2   3 3
118 305 4   0 0   1 1   2 2   3 3
118 225 4   0 0   1 1   2 2   3 3
118 187 4   0 0   1 1   2 2   3 3
118 287 4   0 0   1 1   2 2   3 3
119 192 4   0 0   1 1   2 2   3 3
119 224 4   0 0   1 1   2 2   3 3
119 272 4   0 0   1 1   2 2   3 3
119 228 4   0 0   1 1   2 2   3 3
119 148 4   0 0   1 1   2 2   3 3
119 184 4   0 0   1 1   2 2   3 3
119 268 4   0 0   1 1   2 2   3 3
120 145 4   0 0   1 1   2 2   3 3
120 275 4   0 0   1 1   2 2   3 3
120 293 4   0 0   1 1   2 2   3 3
120 134 4   0 0   1 1   2 2   3 3
120 154 4   0 0   1 1   2 2   3 3
120 187 4   0 0   1 1   2 2   3 3
121 194 4   0 0   1 1   2 2   3 3
121 135 4   0 0   1 1   2 2   3 3
121 126 4   0 0   1 1   2 2   3 3
122 225 4   0 0   1 1   2 2   3 3
122 211 4   0 0   1 1   2 2   3 3
122 230 4   0 0   1 1   2 2   3 3
122 199 4   0 0   1 1   2 2   3 3
122 169 4   0 0   1 1   2 2   3 3
122 298 4   0 0   1 1   2 2   3 3
122 270 4   0 0   1 1   2 2   3 3
122 175 4   0 0   1 1   2 2   3 3
123 240 4   0 0   1 1   2 2   3 3
123 274 4   0 0   1 1   2 2   3 3
123 164 4   0 0   1 1   2 2   3 3
123 261 4   0 0   1 1   2 2   3 3
123 232 4   0 0   1 1   2 2   3 3
123 302 4   0 0   1 1   2 2   3 3
124 240 4   0 0   1 1   2 2   3 3
124 131 4   0 0   1 1   2 2   3 3
124 181 4   0 0   1 1   2 2   3 3
124 198 4   0 0   1 1   2 2   3 3
125 243 4   0 0   1 1   2 2   3 3
125 291 4   0 0   1 1   2 2   3 3
125 276 4   0 0   1 1   2 2   3 3
125 167 4   0 0   1 1   2 2   3 3
125 168 4   0 0   1 1   2 2   3 3
125 281 4   0 0   1 1   2 2   3 3
126 208 4   0 0   1 1   2 2   3 3
126 151 4   0 0   1 1   2 2   3 3
126 204 4   0 0   1 1   2 2   3 3
127 128 4   0 0   1 1   2 2   3 3
127 230 4   0 0   1 1   2 2   3 3
127 233 4   0 0   1 1   2 2   3 3
127 138 4   0 0   1 1   2 2   3 3
127 139 4   0 0   1 1   2 2   3 3
127 188 4   0 0   1 1   2 2   3 3
127 158 4   0 0   1 1   2 2   3 3
128 225 4   0 0   1 1   2 2   3 3
128 230 4   0 0   1 1   2 2   3 3
128 280 4   0 0   1 1   2 2   3 3
128 139 4   0 0   1 1   2 2   3 3
128 270 4   0 0   1 1   2 2   3 3
129 259 4   0 0   1 1   2 2   3 3
129 231 4   0 0   1 1   2 2   3 3
129 280 4   0 0   1 1   2 2   3 3
129 139 4   0 0   1 1   2 2   3 3
129 207 4   0 0   1 1   2 2   3 3
130 208 4   0 0   1 1   2 2   3 3
130 136 4   0 0   1 1   2 2   3 3
130 266 4   0 0   1 1   2 2   3 3
130 282 4   0 0   1 1   2 2   3 3
130 269 4   0 0   1 1   2 2   3 3
131 185 4   0 0   1 1   2 2   3 3
132 237 4   0 0   1 1   2 2   3 3
133 226 4   0 0   1 1   2 2   3 3
133 168 4   0 0   1 1   2 2   3 3
134 145 4   0 0   1 1   2 2   3 3
134 258 4   0 0   1 1   2 2   3 3
134 187 4   0 0   1 1   2 2   3 3
135 194 4   0 0   1 1   2 2   3 3
136 266 4   0 0   1 1   2 2   3 3
136 282 4   0 0   1 1   2 2   3 3
136 221 4   0 0   1 1   2 2   3 3
137 155 4   0 0   1 1   2 2   3 3
137 142 4   0 0   1 1   2 2   3 3
138 193 4   0 0   1 1   2 2   3 3
138 259 4   0 0   1 1   2 2   3 3
138 232 4   0 0   1 1   2 2   3 3
138 188 4   0 0   1 1   2 2   3 3
139 280 4   0 0   1 1   2 2   3 3
140 160 4   0 0   1 1   2 2   3 3
140 244 4   0 0   1 1   2 2   3 3
140 186 4   0 0   1 1   2 2   3 3
140 218 4   0 0   1 1   2 2   3 3
140 299 4   0 0   1 1   2 2   3 3
141 196 4   0 0   1 1   2 2   3 3
141 182 4   0 0   1 1   2 2   3 3
141 222 4   0 0   1 1   2 2   3 3
142 178 4   0 0   1 1   2 2   3 3
143 227 4   0 0   1 1   2 2   3 3
143 294 4   0 0   1 1   2 2   3 3
143 246 4   0 0   1 1   2 2   3 3
143 238 4   0 0   1 1   2 2   3 3
144 148 4   0 0   1 1   2 2   3 3
144 184 4   0 0   1 1   2 2   3 3
145 176 4   0 0   1 1   2 2   3 3
145 258 4   0 0   1 1   2 2   3 3
145 154 4   0 0   1 1   2 2   3 3
145 190 4   0 0   1 1   2 2   3 3
146 210 4   0 0   1 1   2 2   3 3
146 267 4   0 0   1 1   2 2   3 3
147 197 4   0 0   1 1   2 2   3 3
147 153 4   0 0   1 1   2 2   3 3
148 228 4   0 0   1 1   2 2   3 3
148 184 4   0 0   1 1   2 2   3 3
148 271 4   0 0   1 1   2 2   3 3
149 296 4   0 0   1 1   2 2   3 3
149 285 4   0 0   1 1   2 2   3 3
150 242 4   0 0   1 1   2 2   3 3
150 263 4   0 0   1 1   2 2   3 3
150 279 4   0 0   1 1   2 2   3 3
151 208 4   0 0   1 1   2 2   3 3
151 209 4   0 0   1 1   2 2   3 3
151 181 4   0 0   1 1   2 2   3 3
151 198 4   0 0   1 1   2 2   3 3
151 248 4   0 0   1 1   2 2   3 3
151 266 4   0 0   1 1   2 2   3 3
151 204 4   0 0   1 1   2 2   3 3
152 164 4   0 0   1 1   2 2   3 3
152 165 4   0 0   1 1   2 2   3 3
152 232 4   0 0   1 1   2 2   3 3
153 197 4   0 0   1 1   2 2   3 3
153 219 4   0 0   1 1   2 2   3 3
154 190 4   0 0   1 1   2 2   3 3
154 239 4   0 0   1 1   2 2   3 3
155 255 4   0 0   1 1   2 2   3 3
156 202 4   0 0   1 1   2 2   3 3
156 173 4   0 0   1 1   2 2   3 3
156 286 4   0 0   1 1   2 2   3 3
157 193 4   0 0   1 1   2 2   3 3
157 231 4   0 0   1 1   2 2   3 3
157 200 4   0 0   1 1   2 2   3 3
157 207 4   0 0   1 1   2 2   3 3
158 209 4   0 0   1 1   2 2   3 3
158 274 4   0 0   1 1   2 2   3 3
158 230 4   0 0   1 1   2 2   3 3
158 199 4   0 0   1 1   2 2   3 3
158 233 4   0 0   1 1   2 2   3 3
159 256 4   0 0   1 1   2 2   3 3
159 216 4   0 0   1 1   2 2   3 3
159 205 4   0 0   1 1   2 2   3 3
160 161 4   0 0   1 1   2 2   3 3
160 244 4   0 0   1 1   2 2   3 3
160 186 4   0 0   1 1   2 2   3 3
160 203 4   0 0   1 1   2 2   3 3
160 303 4   0 0   1 1   2 2   3 3
161 211 4   0 0   1 1   2 2   3 3
161 203 4   0 0   1 1   2 2   3 3
161 175 4   0 0   1 1   2 2   3 3
161 303 4   0 0   1 1   2 2   3 3
162 192 4   0 0   1 1   2 2   3 3
162 217 4   0 0   1 1   2 2   3 3
162 191 4   0 0   1 1   2 2   3 3
163 178 4   0 0   1 1   2 2   3 3
163 245 4   0 0   1 1   2 2   3 3
163 249 4   0 0   1 1   2 2   3 3
163 250 4   0 0   1 1   2 2   3 3
164 261 4   0 0   1 1   2 2   3 3
164 232 4   0 0   1 1   2 2   3 3
164 219 4   0 0   1 1   2 2   3 3
165 193 4   0 0   1 1   2 2   3 3
165 232 4   0 0   1 1   2 2   3 3
166 276 4   0 0   1 1   2 2   3 3
166 281 4   0 0   1 1   2 2   3 3
166 234 4   0 0   1 1   2 2   3 3
166 299 4   0 0   1 1   2 2   3 3
166 206 4   0 0   1 1   2 2   3 3
167 291 4   0 0   1 1   2 2   3 3
167 195 4   0 0   1 1   2 2   3 3
167 281 4   0 0   1 1   2 2   3 3
167 206 4   0 0   1 1   2 2   3 3
168 226 4   0 0   1 1   2 2   3 3
168 243 4   0 0   1 1   2 2   3 3
168 276 4   0 0   1 1   2 2   3 3
169 199 4   0 0   1 1   2 2   3 3
169 298 4   0 0   1 1   2 2   3 3
169 204 4   0 0   1 1   2 2   3 3
170 275 4   0 0   1 1   2 2   3 3
171 241 4   0 0   1 1   2 2   3 3
171 290 4   0 0   1 1   2 2   3 3
171 227 4   0 0   1 1   2 2   3 3
171 246 4   0 0   1 1   2 2   3 3
171 201 4   0 0   1 1   2 2   3 3
172 252 4   0 0   1 1   2 2   3 3
172 254 4   0 0   1 1   2 2   3 3
173 295 4   0 0   1 1   2 2   3 3
173 286 4   0 0   1 1   2 2   3 3
174 294 4   0 0   1 1   2 2   3 3
175 211 4   0 0   1 1   2 2   3 3
176 258 4   0 0   1 1   2 2   3 3
176 211 4   0 0   1 1   2 2   3 3
176 229 4   0 0   1 1   2 2   3 3
176 203 4   0 0   1 1   2 2   3 3
176 190 4   0 0   1 1   2 2   3 3
177 242 4   0 0   1 1   2 2   3 3
177 260 4   0 0   1 1   2 2   3 3
177 215 4   0 0   1 1   2 2   3 3
178 262 4   0 0   1 1   2 2   3 3
178 278 4   0 0   1 1   2 2   3 3
178 249 4   0 0   1 1   2 2   3 3
178 250 4   0 0   1 1   2 2   3 3
179 200 4   0 0   1 1   2 2   3 3
180 251 4   0 0   1 1   2 2   3 3
181 240 4   0 0   1 1   2 2   3 3
181 198 4   0 0   1 1   2 2   3 3
182 196 4   0 0   1 1   2 2   3 3
182 263 4   0 0   1 1   2 2   3 3
182 279 4   0 0   1 1   2 2   3 3
182 234 4   0 0   1 1   2 2   3 3
182 222 4   0 0   1 1   2 2   3 3
183 264 4   0 0   1 1   2 2   3 3
183 235 4   0 0   1 1   2 2   3 3
183 220 4   0 0   1 1   2 2   3 3
183 237 4   0 0   1 1   2 2   3 3
184 268 4   0 0   1 1   2 2   3 3
185 241 4   0 0   1 1   2 2   3 3
185 201 4   0 0   1 1   2 2   3 3
186 203 4   0 0   1 1   2 2   3 3
186 190 4   0 0   1 1   2 2   3 3
187 258 4   0 0   1 1   2 2   3 3
187 275 4   0 0   1 1   2 2   3 3
187 287 4   0 0   1 1   2 2   3 3
188 232 4   0 0   1 1   2 2   3 3
188 233 4   0 0   1 1   2 2   3 3
189 292 4   0 0   1 1   2 2   3 3
189 216 4   0 0   1 1   2 2   3 3
189 201 4   0 0   1 1   2 2   3 3
190 203 4   0 0   1 1   2 2   3 3
190 239 4   0 0   1 1   2 2   3 3
191 224 4   0 0   1 1   2 2   3 3
192 272 4   0 0   1 1   2 2   3 3
192 224 4   0 0   1 1   2 2   3 3
192 214 4   0 0   1 1   2 2   3 3
192 217 4   0 0   1 1   2 2   3 3
193 259 4   0 0   1 1   2 2   3 3
193 200 4   0 0   1 1   2 2   3 3
193 232 4   0 0   1 1   2 2   3 3
193 207 4   0 0   1 1   2 2   3 3
194 204 4   0 0   1 1   2 2   3 3
195 291 4   0 0   1 1   2 2   3 3
196 279 4   0 0   1 1   2 2   3 3
198 266 4   0 0   1 1   2 2   3 3
199 209 4   0 0   1 1   2 2   3 3
199 230 4   0 0   1 1   2 2   3 3
199 204 4   0 0   1 1   2 2   3 3
201 290 4   0 0   1 1   2 2   3 3
201 292 4   0 0   1 1   2 2   3 3
201 223 4   0 0   1 1   2 2   3 3
202 226 4   0 0   1 1   2 2   3 3
202 212 4   0 0   1 1   2 2   3 3
202 286 4   0 0   1 1   2 2   3 3
203 211 4   0 0   1 1   2 2   3 3
204 209 4   0 0   1 1   2 2   3 3
205 256 4   0 0   1 1   2 2   3 3
205 289 4   0 0   1 1   2 2   3 3
206 281 4   0 0   1 1   2 2   3 3
207 259 4   0 0   1 1   2 2   3 3
207 231 4   0 0   1 1   2 2   3 3
208 266 4   0 0   1 1   2 2   3 3
209 274 4   0 0   1 1   2 2   3 3
210 290 4   0 0   1 1   2 2   3 3
210 265 4   0 0   1 1   2 2   3 3
210 284 4   0 0   1 1   2 2   3 3
210 223 4   0 0   1 1   2 2   3 3
211 229 4   0 0   1 1   2 2   3 3
212 226 4   0 0   1 1   2 2   3 3
213 214 4   0 0   1 1   2 2   3 3
213 217 4   0 0   1 1   2 2   3 3
213 267 4   0 0   1 1   2 2   3 3
213 300 4   0 0   1 1   2 2   3 3
214 272 4   0 0   1 1   2 2   3 3
214 228 4   0 0   1 1   2 2   3 3
214 217 4   0 0   1 1   2 2   3 3
214 267 4   0 0   1 1   2 2   3 3
215 260 4   0 0   1 1   2 2   3 3
215 254 4   0 0   1 1   2 2   3 3
216 292 4   0 0   1 1   2 2   3 3
218 244 4   0 0   1 1   2 2   3 3
218 299 4   0 0   1 1   2 2   3 3
220 235 4   0 0   1 1   2 2   3 3
221 282 4   0 0   1 1   2 2   3 3
222 234 4   0 0   1 1   2 2   3 3
222 285 4   0 0   1 1   2 2   3 3
223 290 4   0 0   1 1   2 2   3 3
223 292 4   0 0   1 1   2 2   3 3
224 288 4   0 0   1 1   2 2   3 3
224 297 4   0 0   1 1   2 2   3 3
224 268 4   0 0   1 1   2 2   3 3
225 270 4   0 0   1 1   2 2   3 3
225 287 4   0 0   1 1   2 2   3 3
226 286 4   0 0   1 1   2 2   3 3
227 241 4   0 0   1 1   2 2   3 3
227 246 4   0 0   1 1   2 2   3 3
228 272 4   0 0   1 1   2 2   3 3
228 267 4   0 0   1 1   2 2   3 3
228 283 4   0 0   1 1   2 2   3 3
229 258 4   0 0   1 1   2 2   3 3
229 287 4   0 0   1 1   2 2   3 3
230 270 4   0 0   1 1   2 2   3 3
232 302 4   0 0   1 1   2 2   3 3
233 274 4   0 0   1 1   2 2   3 3
235 264 4   0 0   1 1   2 2   3 3
236 263 4   0 0   1 1   2 2   3 3
237 264 4   0 0   1 1   2 2   3 3
238 246 4   0 0   1 1   2 2   3 3
238 294 4   0 0   1 1   2 2   3 3
239 286 4   0 0   1 1   2 2   3 3
240 274 4   0 0   1 1   2 2   3 3
240 261 4   0 0   1 1   2 2   3 3
242 245 4   0 0   1 1   2 2   3 3
243 291 4   0 0   1 1   2 2   3 3
245 250 4   0 0   1 1   2 2   3 3
248 274 4   0 0   1 1   2 2   3 3
249 278 4   0 0   1 1   2 2   3 3
249 250 4   0 0   1 1   2 2   3 3
250 278 4   0 0   1 1   2 2   3 3
251 294 4   0 0   1 1   2 2   3 3
252 271 4   0 0   1 1   2 2   3 3
253 304 4   0 0   1 1   2 2   3 3
253 262 4   0 0   1 1   2 2   3 3
256 289 4   0 0   1 1   2 2   3 3
256 283 4   0 0   1 1   2 2   3 3
258 287 4   0 0   1 1   2 2   3 3
261 301 4   0 0   1 1   2 2   3 3
262 304 4   0 0   1 1   2 2   3 3
263 279 4   0 0   1 1   2 2   3 3
265 284 4   0 0   1 1   2 2   3 3
267 283 4   0 0   1 1   2 2   3 3
267 300 4   0 0   1 1   2 2   3 3
268 288 4   0 0   1 1   2 2   3 3
269 282 4   0 0   1 1   2 2   3 3
271 289 4   0 0   1 1   2 2   3 3
273 304 4   0 0   1 1   2 2   3 3
274 302 4   0 0   1 1   2 2   3 3
275 293 4   0 0   1 1   2 2   3 3
276 281 4   0 0   1 1   2 2   3 3
276 299 4   0 0   1 1   2 2   3 3
277 293 4   0 0   1 1   2 2   3 3
277 295 4   0 0   1 1   2 2   3 3
277 286 4   0 0   1 1   2 2   3 3
284 290 4   0 0   1 1   2 2   3 3
286 295 4   0 0   1 1   2 2   3 3
288 297 4   0 0   1 1   2 2   3 3
291 296 4   0 0   1 1   2 2   3 3
296 304 4   0 0   1 1   2 2   3 3
298 303 4   0 0   1 1   2 2   3 3
