385
1 4 0 1 2 3
2 4 0 1 2 3
3 4 0 1 2 3
4 4 0 1 2 3
5 4 0 1 2 3
6 4 0 1 2 3
7 4 0 1 2 3
8 4 0 1 2 3
9 4 0 1 2 3
10 4 0 1 2 3
11 4 0 1 2 3
12 4 0 1 2 3
13 4 0 1 2 3
14 4 0 1 2 3
15 4 0 1 2 3
16 4 0 1 2 3
17 4 0 1 2 3
18 4 0 1 2 3
19 4 0 1 2 3
20 4 0 1 2 3
21 4 0 1 2 3
22 4 0 1 2 3
23 4 0 1 2 3
24 4 0 1 2 3
25 4 0 1 2 3
26 4 0 1 2 3
27 4 0 1 2 3
28 4 0 1 2 3
29 4 0 1 2 3
30 4 0 1 2 3
31 4 0 1 2 3
32 4 0 1 2 3
33 4 0 1 2 3
34 4 0 1 2 3
35 4 0 1 2 3
36 4 0 1 2 3
37 4 0 1 2 3
38 4 0 1 2 3
39 4 0 1 2 3
40 4 0 1 2 3
41 4 0 1 2 3
42 4 0 1 2 3
43 4 0 1 2 3
44 4 0 1 2 3
45 4 0 1 2 3
46 4 0 1 2 3
47 4 0 1 2 3
48 4 0 1 2 3
49 4 0 1 2 3
50 4 0 1 2 3
51 4 0 1 2 3
52 4 0 1 2 3
53 4 0 1 2 3
54 4 0 1 2 3
55 4 0 1 2 3
56 4 0 1 2 3
57 4 0 1 2 3
58 4 0 1 2 3
59 4 0 1 2 3
60 4 0 1 2 3
61 4 0 1 2 3
62 4 0 1 2 3
63 4 0 1 2 3
64 4 0 1 2 3
65 4 0 1 2 3
66 4 0 1 2 3
67 4 0 1 2 3
68 4 0 1 2 3
69 4 0 1 2 3
70 4 0 1 2 3
71 4 0 1 2 3
72 4 0 1 2 3
73 4 0 1 2 3
74 4 0 1 2 3
75 4 0 1 2 3
76 4 0 1 2 3
77 4 0 1 2 3
78 4 0 1 2 3
79 4 0 1 2 3
80 4 0 1 2 3
81 4 0 1 2 3
82 4 0 1 2 3
83 4 0 1 2 3
84 4 0 1 2 3
85 4 0 1 2 3
86 4 0 1 2 3
87 4 0 1 2 3
88 4 0 1 2 3
89 4 0 1 2 3
90 4 0 1 2 3
91 4 0 1 2 3
92 4 0 1 2 3
93 4 0 1 2 3
94 4 0 1 2 3
95 4 0 1 2 3
96 4 0 1 2 3
97 4 0 1 2 3
98 4 0 1 2 3
99 4 0 1 2 3
100 4 0 1 2 3
101 4 0 1 2 3
102 4 0 1 2 3
103 4 0 1 2 3
104 4 0 1 2 3
105 4 0 1 2 3
106 4 0 1 2 3
107 4 0 1 2 3
108 4 0 1 2 3
109 4 0 1 2 3
110 4 0 1 2 3
111 4 0 1 2 3
112 4 0 1 2 3
113 4 0 1 2 3
114 4 0 1 2 3
115 4 0 1 2 3
116 4 0 1 2 3
117 4 0 1 2 3
118 4 0 1 2 3
119 4 0 1 2 3
120 4 0 1 2 3
121 4 0 1 2 3
122 4 0 1 2 3
123 4 0 1 2 3
124 4 0 1 2 3
125 4 0 1 2 3
126 4 0 1 2 3
127 4 0 1 2 3
128 4 0 1 2 3
129 4 0 1 2 3
130 4 0 1 2 3
131 4 0 1 2 3
132 4 0 1 2 3
133 4 0 1 2 3
134 4 0 1 2 3
135 4 0 1 2 3
136 4 0 1 2 3
137 4 0 1 2 3
138 4 0 1 2 3
139 4 0 1 2 3
140 4 0 1 2 3
141 4 0 1 2 3
142 4 0 1 2 3
143 4 0 1 2 3
144 4 0 1 2 3
145 4 0 1 2 3
146 4 0 1 2 3
147 4 0 1 2 3
148 4 0 1 2 3
149 4 0 1 2 3
150 4 0 1 2 3
151 4 0 1 2 3
152 4 0 1 2 3
153 4 0 1 2 3
154 4 0 1 2 3
155 4 0 1 2 3
156 4 0 1 2 3
157 4 0 1 2 3
158 4 0 1 2 3
159 4 0 1 2 3
160 4 0 1 2 3
161 4 0 1 2 3
162 4 0 1 2 3
163 4 0 1 2 3
164 4 0 1 2 3
165 4 0 1 2 3
166 4 0 1 2 3
167 4 0 1 2 3
168 4 0 1 2 3
169 4 0 1 2 3
170 4 0 1 2 3
171 4 0 1 2 3
172 4 0 1 2 3
173 4 0 1 2 3
174 4 0 1 2 3
175 4 0 1 2 3
176 4 0 1 2 3
177 4 0 1 2 3
178 4 0 1 2 3
179 4 0 1 2 3
180 4 0 1 2 3
181 4 0 1 2 3
182 4 0 1 2 3
183 4 0 1 2 3
184 4 0 1 2 3
185 4 0 1 2 3
186 4 0 1 2 3
187 4 0 1 2 3
188 4 0 1 2 3
189 4 0 1 2 3
190 4 0 1 2 3
191 4 0 1 2 3
192 4 0 1 2 3
193 4 0 1 2 3
194 4 0 1 2 3
195 4 0 1 2 3
196 4 0 1 2 3
197 4 0 1 2 3
198 4 0 1 2 3
199 4 0 1 2 3
200 4 0 1 2 3
201 4 0 1 2 3
202 4 0 1 2 3
203 4 0 1 2 3
204 4 0 1 2 3
205 4 0 1 2 3
206 4 0 1 2 3
207 4 0 1 2 3
208 4 0 1 2 3
209 4 0 1 2 3
210 4 0 1 2 3
211 4 0 1 2 3
212 4 0 1 2 3
213 4 0 1 2 3
214 4 0 1 2 3
215 4 0 1 2 3
216 4 0 1 2 3
217 4 0 1 2 3
218 4 0 1 2 3
219 4 0 1 2 3
220 4 0 1 2 3
221 4 0 1 2 3
222 4 0 1 2 3
223 4 0 1 2 3
224 4 0 1 2 3
225 4 0 1 2 3
226 4 0 1 2 3
227 4 0 1 2 3
228 4 0 1 2 3
229 4 0 1 2 3
230 4 0 1 2 3
231 4 0 1 2 3
232 4 0 1 2 3
233 4 0 1 2 3
234 4 0 1 2 3
235 4 0 1 2 3
236 4 0 1 2 3
237 4 0 1 2 3
238 4 0 1 2 3
239 4 0 1 2 3
240 4 0 1 2 3
241 4 0 1 2 3
242 4 0 1 2 3
243 4 0 1 2 3
244 4 0 1 2 3
245 4 0 1 2 3
246 4 0 1 2 3
247 4 0 1 2 3
248 4 0 1 2 3
249 4 0 1 2 3
250 4 0 1 2 3
251 4 0 1 2 3
252 4 0 1 2 3
253 4 0 1 2 3
254 4 0 1 2 3
255 4 0 1 2 3
256 4 0 1 2 3
257 4 0 1 2 3
258 4 0 1 2 3
259 4 0 1 2 3
260 4 0 1 2 3
261 4 0 1 2 3
262 4 0 1 2 3
263 4 0 1 2 3
264 4 0 1 2 3
265 4 0 1 2 3
266 4 0 1 2 3
267 4 0 1 2 3
268 4 0 1 2 3
269 4 0 1 2 3
270 4 0 1 2 3
271 4 0 1 2 3
272 4 0 1 2 3
273 4 0 1 2 3
274 4 0 1 2 3
275 4 0 1 2 3
276 4 0 1 2 3
277 4 0 1 2 3
278 4 0 1 2 3
279 4 0 1 2 3
280 4 0 1 2 3
281 4 0 1 2 3
282 4 0 1 2 3
283 4 0 1 2 3
284 4 0 1 2 3
285 4 0 1 2 3
286 4 0 1 2 3
287 4 0 1 2 3
288 4 0 1 2 3
289 4 0 1 2 3
290 4 0 1 2 3
291 4 0 1 2 3
292 4 0 1 2 3
293 4 0 1 2 3
294 4 0 1 2 3
295 4 0 1 2 3
296 4 0 1 2 3
297 4 0 1 2 3
298 4 0 1 2 3
299 4 0 1 2 3
300 4 0 1 2 3
301 4 0 1 2 3
302 4 0 1 2 3
303 4 0 1 2 3
304 4 0 1 2 3
305 4 0 1 2 3
306 4 0 1 2 3
307 4 0 1 2 3
308 4 0 1 2 3
309 4 0 1 2 3
310 4 0 1 2 3
311 4 0 1 2 3
312 4 0 1 2 3
313 4 0 1 2 3
314 4 0 1 2 3
315 4 0 1 2 3
316 4 0 1 2 3
317 4 0 1 2 3
318 4 0 1 2 3
319 4 0 1 2 3
320 4 0 1 2 3
321 4 0 1 2 3
322 4 0 1 2 3
323 4 0 1 2 3
324 4 0 1 2 3
325 4 0 1 2 3
326 4 0 1 2 3
327 4 0 1 2 3
328 4 0 1 2 3
329 4 0 1 2 3
330 4 0 1 2 3
331 4 0 1 2 3
332 4 0 1 2 3
333 4 0 1 2 3
334 4 0 1 2 3
335 4 0 1 2 3
336 4 0 1 2 3
337 4 0 1 2 3
338 4 0 1 2 3
339 4 0 1 2 3
340 4 0 1 2 3
341 4 0 1 2 3
342 4 0 1 2 3
343 4 0 1 2 3
344 4 0 1 2 3
345 4 0 1 2 3
346 4 0 1 2 3
347 4 0 1 2 3
348 4 0 1 2 3
349 4 0 1 2 3
350 4 0 1 2 3
351 4 0 1 2 3
352 4 0 1 2 3
353 4 0 1 2 3
354 4 0 1 2 3
355 4 0 1 2 3
356 4 0 1 2 3
357 4 0 1 2 3
358 4 0 1 2 3
359 4 0 1 2 3
360 4 0 1 2 3
361 4 0 1 2 3
362 4 0 1 2 3
363 4 0 1 2 3
364 4 0 1 2 3
365 4 0 1 2 3
366 4 0 1 2 3
367 4 0 1 2 3
368 4 0 1 2 3
369 4 0 1 2 3
370 4 0 1 2 3
371 4 0 1 2 3
372 4 0 1 2 3
373 4 0 1 2 3
374 4 0 1 2 3
375 4 0 1 2 3
376 4 0 1 2 3
377 4 0 1 2 3
378 4 0 1 2 3
379 4 0 1 2 3
380 4 0 1 2 3
381 4 0 1 2 3
382 4 0 1 2 3
383 4 0 1 2 3
384 4 0 1 2 3
385 4 0 1 2 3
1096
1 288 4   0 0   1 1   2 2   3 3
1 161 4   0 0   1 1   2 2   3 3
1 113 4   0 0   1 1   2 2   3 3
1 232 4   0 0   1 1   2 2   3 3
1 12 4   0 0   1 1   2 2   3 3
1 286 4   0 0   1 1   2 2   3 3
2 82 4   0 0   1 1   2 2   3 3
2 194 4   0 0   1 1   2 2   3 3
2 134 4   0 0   1 1   2 2   3 3
2 246 4   0 0   1 1   2 2   3 3
2 125 4   0 0   1 1   2 2   3 3
2 158 4   0 0   1 1   2 2   3 3
3 369 4   0 0   1 1   2 2   3 3
3 210 4   0 0   1 1   2 2   3 3
3 275 4   0 0   1 1   2 2   3 3
3 181 4   0 0   1 1   2 2   3 3
3 58 4   0 0   1 1   2 2   3 3
3 139 4   0 0   1 1   2 2   3 3
4 37 4   0 0   1 1   2 2   3 3
4 230 4   0 0   1 1   2 2   3 3
4 182 4   0 0   1 1   2 2   3 3
4 72 4   0 0   1 1   2 2   3 3
4 281 4   0 0   1 1   2 2   3 3
4 315 4   0 0   1 1   2 2   3 3
4 285 4   0 0   1 1   2 2   3 3
4 110 4   0 0   1 1   2 2   3 3
5 194 4   0 0   1 1   2 2   3 3
5 178 4   0 0   1 1   2 2   3 3
5 195 4   0 0   1 1   2 2   3 3
5 344 4   0 0   1 1   2 2   3 3
5 204 4   0 0   1 1   2 2   3 3
5 366 4   0 0   1 1   2 2   3 3
5 158 4   0 0   1 1   2 2   3 3
6 384 4   0 0   1 1   2 2   3 3
6 83 4   0 0   1 1   2 2   3 3
6 8 4   0 0   1 1   2 2   3 3
6 266 4   0 0   1 1   2 2   3 3
6 235 4   0 0   1 1   2 2   3 3
6 300 4   0 0   1 1   2 2   3 3
7 16 4   0 0   1 1   2 2   3 3
7 145 4   0 0   1 1   2 2   3 3
7 178 4   0 0   1 1   2 2   3 3
7 312 4   0 0   1 1   2 2   3 3
7 61 4   0 0   1 1   2 2   3 3
7 14 4   0 0   1 1   2 2   3 3
8 384 4   0 0   1 1   2 2   3 3
8 208 4   0 0   1 1   2 2   3 3
8 275 4   0 0   1 1   2 2   3 3
8 292 4   0 0   1 1   2 2   3 3
8 231 4   0 0   1 1   2 2   3 3
8 266 4   0 0   1 1   2 2   3 3
9 305 4   0 0   1 1   2 2   3 3
9 228 4   0 0   1 1   2 2   3 3
9 21 4   0 0   1 1   2 2   3 3
9 104 4   0 0   1 1   2 2   3 3
9 25 4   0 0   1 1   2 2   3 3
9 298 4   0 0   1 1   2 2   3 3
9 367 4   0 0   1 1   2 2   3 3
10 65 4   0 0   1 1   2 2   3 3
10 49 4   0 0   1 1   2 2   3 3
10 247 4   0 0   1 1   2 2   3 3
10 121 4   0 0   1 1   2 2   3 3
10 302 4   0 0   1 1   2 2   3 3
10 143 4   0 0   1 1   2 2   3 3
11 290 4   0 0   1 1   2 2   3 3
11 215 4   0 0   1 1   2 2   3 3
11 218 4   0 0   1 1   2 2   3 3
11 27 4   0 0   1 1   2 2   3 3
11 142 4   0 0   1 1   2 2   3 3
12 64 4   0 0   1 1   2 2   3 3
12 161 4   0 0   1 1   2 2   3 3
12 166 4   0 0   1 1   2 2   3 3
12 93 4   0 0   1 1   2 2   3 3
12 78 4   0 0   1 1   2 2   3 3
12 286 4   0 0   1 1   2 2   3 3
12 47 4   0 0   1 1   2 2   3 3
13 160 4   0 0   1 1   2 2   3 3
13 234 4   0 0   1 1   2 2   3 3
13 363 4   0 0   1 1   2 2   3 3
13 77 4   0 0   1 1   2 2   3 3
13 239 4   0 0   1 1   2 2   3 3
14 16 4   0 0   1 1   2 2   3 3
14 145 4   0 0   1 1   2 2   3 3
14 211 4   0 0   1 1   2 2   3 3
14 196 4   0 0   1 1   2 2   3 3
14 360 4   0 0   1 1   2 2   3 3
14 73 4   0 0   1 1   2 2   3 3
14 236 4   0 0   1 1   2 2   3 3
14 95 4   0 0   1 1   2 2   3 3
15 179 4   0 0   1 1   2 2   3 3
15 343 4   0 0   1 1   2 2   3 3
15 333 4   0 0   1 1   2 2   3 3
15 207 4   0 0   1 1   2 2   3 3
15 175 4   0 0   1 1   2 2   3 3
16 246 4   0 0   1 1   2 2   3 3
16 312 4   0 0   1 1   2 2   3 3
16 158 4   0 0   1 1   2 2   3 3
16 95 4   0 0   1 1   2 2   3 3
17 32 4   0 0   1 1   2 2   3 3
17 182 4   0 0   1 1   2 2   3 3
17 103 4   0 0   1 1   2 2   3 3
17 297 4   0 0   1 1   2 2   3 3
17 268 4   0 0   1 1   2 2   3 3
17 365 4   0 0   1 1   2 2   3 3
18 161 4   0 0   1 1   2 2   3 3
18 93 4   0 0   1 1   2 2   3 3
18 78 4   0 0   1 1   2 2   3 3
18 94 4   0 0   1 1   2 2   3 3
19 289 4   0 0   1 1   2 2   3 3
19 370 4   0 0   1 1   2 2   3 3
19 280 4   0 0   1 1   2 2   3 3
19 105 4   0 0   1 1   2 2   3 3
19 335 4   0 0   1 1   2 2   3 3
20 326 4   0 0   1 1   2 2   3 3
20 104 4   0 0   1 1   2 2   3 3
20 25 4   0 0   1 1   2 2   3 3
20 170 4   0 0   1 1   2 2   3 3
20 172 4   0 0   1 1   2 2   3 3
21 305 4   0 0   1 1   2 2   3 3
21 25 4   0 0   1 1   2 2   3 3
21 186 4   0 0   1 1   2 2   3 3
21 254 4   0 0   1 1   2 2   3 3
21 318 4   0 0   1 1   2 2   3 3
22 87 4   0 0   1 1   2 2   3 3
22 88 4   0 0   1 1   2 2   3 3
22 77 4   0 0   1 1   2 2   3 3
22 31 4   0 0   1 1   2 2   3 3
22 239 4   0 0   1 1   2 2   3 3
23 163 4   0 0   1 1   2 2   3 3
23 371 4   0 0   1 1   2 2   3 3
23 358 4   0 0   1 1   2 2   3 3
23 88 4   0 0   1 1   2 2   3 3
23 90 4   0 0   1 1   2 2   3 3
23 316 4   0 0   1 1   2 2   3 3
23 159 4   0 0   1 1   2 2   3 3
24 162 4   0 0   1 1   2 2   3 3
24 362 4   0 0   1 1   2 2   3 3
24 171 4   0 0   1 1   2 2   3 3
24 204 4   0 0   1 1   2 2   3 3
24 141 4   0 0   1 1   2 2   3 3
24 157 4   0 0   1 1   2 2   3 3
25 353 4   0 0   1 1   2 2   3 3
25 115 4   0 0   1 1   2 2   3 3
25 326 4   0 0   1 1   2 2   3 3
25 318 4   0 0   1 1   2 2   3 3
26 38 4   0 0   1 1   2 2   3 3
26 295 4   0 0   1 1   2 2   3 3
26 152 4   0 0   1 1   2 2   3 3
26 378 4   0 0   1 1   2 2   3 3
26 346 4   0 0   1 1   2 2   3 3
27 258 4   0 0   1 1   2 2   3 3
27 309 4   0 0   1 1   2 2   3 3
27 215 4   0 0   1 1   2 2   3 3
27 205 4   0 0   1 1   2 2   3 3
27 142 4   0 0   1 1   2 2   3 3
28 272 4   0 0   1 1   2 2   3 3
28 183 4   0 0   1 1   2 2   3 3
28 184 4   0 0   1 1   2 2   3 3
28 200 4   0 0   1 1   2 2   3 3
28 333 4   0 0   1 1   2 2   3 3
28 159 4   0 0   1 1   2 2   3 3
29 304 4   0 0   1 1   2 2   3 3
29 290 4   0 0   1 1   2 2   3 3
29 69 4   0 0   1 1   2 2   3 3
29 232 4   0 0   1 1   2 2   3 3
29 249 4   0 0   1 1   2 2   3 3
29 330 4   0 0   1 1   2 2   3 3
29 60 4   0 0   1 1   2 2   3 3
29 237 4   0 0   1 1   2 2   3 3
29 142 4   0 0   1 1   2 2   3 3
30 81 4   0 0   1 1   2 2   3 3
30 147 4   0 0   1 1   2 2   3 3
30 68 4   0 0   1 1   2 2   3 3
30 154 4   0 0   1 1   2 2   3 3
30 189 4   0 0   1 1   2 2   3 3
31 160 4   0 0   1 1   2 2   3 3
31 163 4   0 0   1 1   2 2   3 3
31 149 4   0 0   1 1   2 2   3 3
31 87 4   0 0   1 1   2 2   3 3
31 77 4   0 0   1 1   2 2   3 3
32 182 4   0 0   1 1   2 2   3 3
32 103 4   0 0   1 1   2 2   3 3
33 130 4   0 0   1 1   2 2   3 3
33 322 4   0 0   1 1   2 2   3 3
33 376 4   0 0   1 1   2 2   3 3
33 331 4   0 0   1 1   2 2   3 3
33 187 4   0 0   1 1   2 2   3 3
33 381 4   0 0   1 1   2 2   3 3
33 174 4   0 0   1 1   2 2   3 3
34 306 4   0 0   1 1   2 2   3 3
34 277 4   0 0   1 1   2 2   3 3
34 214 4   0 0   1 1   2 2   3 3
34 202 4   0 0   1 1   2 2   3 3
34 286 4   0 0   1 1   2 2   3 3
34 47 4   0 0   1 1   2 2   3 3
35 320 4   0 0   1 1   2 2   3 3
35 325 4   0 0   1 1   2 2   3 3
35 247 4   0 0   1 1   2 2   3 3
35 121 4   0 0   1 1   2 2   3 3
35 217 4   0 0   1 1   2 2   3 3
35 220 4   0 0   1 1   2 2   3 3
35 191 4   0 0   1 1   2 2   3 3
36 163 4   0 0   1 1   2 2   3 3
36 136 4   0 0   1 1   2 2   3 3
36 57 4   0 0   1 1   2 2   3 3
36 92 4   0 0   1 1   2 2   3 3
36 46 4   0 0   1 1   2 2   3 3
36 350 4   0 0   1 1   2 2   3 3
37 354 4   0 0   1 1   2 2   3 3
37 291 4   0 0   1 1   2 2   3 3
37 356 4   0 0   1 1   2 2   3 3
37 276 4   0 0   1 1   2 2   3 3
37 153 4   0 0   1 1   2 2   3 3
37 315 4   0 0   1 1   2 2   3 3
37 110 4   0 0   1 1   2 2   3 3
38 339 4   0 0   1 1   2 2   3 3
38 260 4   0 0   1 1   2 2   3 3
38 295 4   0 0   1 1   2 2   3 3
38 152 4   0 0   1 1   2 2   3 3
38 364 4   0 0   1 1   2 2   3 3
39 240 4   0 0   1 1   2 2   3 3
39 102 4   0 0   1 1   2 2   3 3
39 248 4   0 0   1 1   2 2   3 3
39 76 4   0 0   1 1   2 2   3 3
39 317 4   0 0   1 1   2 2   3 3
40 64 4   0 0   1 1   2 2   3 3
40 328 4   0 0   1 1   2 2   3 3
40 299 4   0 0   1 1   2 2   3 3
40 45 4   0 0   1 1   2 2   3 3
40 126 4   0 0   1 1   2 2   3 3
40 47 4   0 0   1 1   2 2   3 3
41 320 4   0 0   1 1   2 2   3 3
41 131 4   0 0   1 1   2 2   3 3
41 200 4   0 0   1 1   2 2   3 3
41 220 4   0 0   1 1   2 2   3 3
41 316 4   0 0   1 1   2 2   3 3
41 191 4   0 0   1 1   2 2   3 3
42 114 4   0 0   1 1   2 2   3 3
42 314 4   0 0   1 1   2 2   3 3
42 236 4   0 0   1 1   2 2   3 3
42 190 4   0 0   1 1   2 2   3 3
42 238 4   0 0   1 1   2 2   3 3
42 95 4   0 0   1 1   2 2   3 3
43 272 4   0 0   1 1   2 2   3 3
43 265 4   0 0   1 1   2 2   3 3
43 333 4   0 0   1 1   2 2   3 3
43 207 4   0 0   1 1   2 2   3 3
43 175 4   0 0   1 1   2 2   3 3
44 274 4   0 0   1 1   2 2   3 3
44 53 4   0 0   1 1   2 2   3 3
44 198 4   0 0   1 1   2 2   3 3
44 327 4   0 0   1 1   2 2   3 3
44 255 4   0 0   1 1   2 2   3 3
45 328 4   0 0   1 1   2 2   3 3
45 283 4   0 0   1 1   2 2   3 3
45 299 4   0 0   1 1   2 2   3 3
45 126 4   0 0   1 1   2 2   3 3
46 227 4   0 0   1 1   2 2   3 3
46 341 4   0 0   1 1   2 2   3 3
46 327 4   0 0   1 1   2 2   3 3
46 57 4   0 0   1 1   2 2   3 3
46 350 4   0 0   1 1   2 2   3 3
47 64 4   0 0   1 1   2 2   3 3
47 283 4   0 0   1 1   2 2   3 3
47 126 4   0 0   1 1   2 2   3 3
47 286 4   0 0   1 1   2 2   3 3
48 240 4   0 0   1 1   2 2   3 3
48 99 4   0 0   1 1   2 2   3 3
48 293 4   0 0   1 1   2 2   3 3
48 133 4   0 0   1 1   2 2   3 3
48 317 4   0 0   1 1   2 2   3 3
49 225 4   0 0   1 1   2 2   3 3
49 121 4   0 0   1 1   2 2   3 3
49 217 4   0 0   1 1   2 2   3 3
49 143 4   0 0   1 1   2 2   3 3
50 129 4   0 0   1 1   2 2   3 3
50 259 4   0 0   1 1   2 2   3 3
50 213 4   0 0   1 1   2 2   3 3
50 374 4   0 0   1 1   2 2   3 3
50 363 4   0 0   1 1   2 2   3 3
51 65 4   0 0   1 1   2 2   3 3
51 248 4   0 0   1 1   2 2   3 3
51 317 4   0 0   1 1   2 2   3 3
51 302 4   0 0   1 1   2 2   3 3
52 368 4   0 0   1 1   2 2   3 3
52 66 4   0 0   1 1   2 2   3 3
52 84 4   0 0   1 1   2 2   3 3
52 268 4   0 0   1 1   2 2   3 3
52 365 4   0 0   1 1   2 2   3 3
53 274 4   0 0   1 1   2 2   3 3
53 164 4   0 0   1 1   2 2   3 3
53 279 4   0 0   1 1   2 2   3 3
53 359 4   0 0   1 1   2 2   3 3
53 327 4   0 0   1 1   2 2   3 3
53 59 4   0 0   1 1   2 2   3 3
54 369 4   0 0   1 1   2 2   3 3
54 210 4   0 0   1 1   2 2   3 3
54 332 4   0 0   1 1   2 2   3 3
55 244 4   0 0   1 1   2 2   3 3
55 70 4   0 0   1 1   2 2   3 3
55 71 4   0 0   1 1   2 2   3 3
55 169 4   0 0   1 1   2 2   3 3
56 354 4   0 0   1 1   2 2   3 3
56 153 4   0 0   1 1   2 2   3 3
56 185 4   0 0   1 1   2 2   3 3
56 252 4   0 0   1 1   2 2   3 3
56 124 4   0 0   1 1   2 2   3 3
56 108 4   0 0   1 1   2 2   3 3
57 163 4   0 0   1 1   2 2   3 3
57 341 4   0 0   1 1   2 2   3 3
57 90 4   0 0   1 1   2 2   3 3
57 62 4   0 0   1 1   2 2   3 3
58 209 4   0 0   1 1   2 2   3 3
58 275 4   0 0   1 1   2 2   3 3
58 181 4   0 0   1 1   2 2   3 3
58 235 4   0 0   1 1   2 2   3 3
58 267 4   0 0   1 1   2 2   3 3
59 208 4   0 0   1 1   2 2   3 3
59 144 4   0 0   1 1   2 2   3 3
59 146 4   0 0   1 1   2 2   3 3
59 279 4   0 0   1 1   2 2   3 3
59 359 4   0 0   1 1   2 2   3 3
60 113 4   0 0   1 1   2 2   3 3
60 232 4   0 0   1 1   2 2   3 3
60 205 4   0 0   1 1   2 2   3 3
60 142 4   0 0   1 1   2 2   3 3
61 145 4   0 0   1 1   2 2   3 3
61 178 4   0 0   1 1   2 2   3 3
61 251 4   0 0   1 1   2 2   3 3
61 206 4   0 0   1 1   2 2   3 3
61 382 4   0 0   1 1   2 2   3 3
62 131 4   0 0   1 1   2 2   3 3
62 325 4   0 0   1 1   2 2   3 3
62 341 4   0 0   1 1   2 2   3 3
62 198 4   0 0   1 1   2 2   3 3
62 90 4   0 0   1 1   2 2   3 3
62 220 4   0 0   1 1   2 2   3 3
63 242 4   0 0   1 1   2 2   3 3
63 167 4   0 0   1 1   2 2   3 3
63 135 4   0 0   1 1   2 2   3 3
63 89 4   0 0   1 1   2 2   3 3
63 361 4   0 0   1 1   2 2   3 3
64 166 4   0 0   1 1   2 2   3 3
64 375 4   0 0   1 1   2 2   3 3
64 328 4   0 0   1 1   2 2   3 3
65 317 4   0 0   1 1   2 2   3 3
65 302 4   0 0   1 1   2 2   3 3
65 143 4   0 0   1 1   2 2   3 3
66 192 4   0 0   1 1   2 2   3 3
66 97 4   0 0   1 1   2 2   3 3
66 84 4   0 0   1 1   2 2   3 3
66 268 4   0 0   1 1   2 2   3 3
66 79 4   0 0   1 1   2 2   3 3
67 288 4   0 0   1 1   2 2   3 3
67 113 4   0 0   1 1   2 2   3 3
67 258 4   0 0   1 1   2 2   3 3
67 168 4   0 0   1 1   2 2   3 3
67 205 4   0 0   1 1   2 2   3 3
68 229 4   0 0   1 1   2 2   3 3
68 154 4   0 0   1 1   2 2   3 3
68 189 4   0 0   1 1   2 2   3 3
69 262 4   0 0   1 1   2 2   3 3
69 249 4   0 0   1 1   2 2   3 3
69 345 4   0 0   1 1   2 2   3 3
69 330 4   0 0   1 1   2 2   3 3
69 331 4   0 0   1 1   2 2   3 3
69 237 4   0 0   1 1   2 2   3 3
69 367 4   0 0   1 1   2 2   3 3
70 132 4   0 0   1 1   2 2   3 3
70 244 4   0 0   1 1   2 2   3 3
70 263 4   0 0   1 1   2 2   3 3
70 169 4   0 0   1 1   2 2   3 3
71 96 4   0 0   1 1   2 2   3 3
71 244 4   0 0   1 1   2 2   3 3
72 354 4   0 0   1 1   2 2   3 3
72 291 4   0 0   1 1   2 2   3 3
72 281 4   0 0   1 1   2 2   3 3
72 378 4   0 0   1 1   2 2   3 3
72 75 4   0 0   1 1   2 2   3 3
72 109 4   0 0   1 1   2 2   3 3
72 269 4   0 0   1 1   2 2   3 3
72 110 4   0 0   1 1   2 2   3 3
73 196 4   0 0   1 1   2 2   3 3
73 360 4   0 0   1 1   2 2   3 3
74 241 4   0 0   1 1   2 2   3 3
74 209 4   0 0   1 1   2 2   3 3
74 310 4   0 0   1 1   2 2   3 3
74 150 4   0 0   1 1   2 2   3 3
74 346 4   0 0   1 1   2 2   3 3
74 348 4   0 0   1 1   2 2   3 3
74 252 4   0 0   1 1   2 2   3 3
75 307 4   0 0   1 1   2 2   3 3
75 378 4   0 0   1 1   2 2   3 3
75 203 4   0 0   1 1   2 2   3 3
75 284 4   0 0   1 1   2 2   3 3
75 269 4   0 0   1 1   2 2   3 3
76 240 4   0 0   1 1   2 2   3 3
76 177 4   0 0   1 1   2 2   3 3
76 99 4   0 0   1 1   2 2   3 3
76 102 4   0 0   1 1   2 2   3 3
76 186 4   0 0   1 1   2 2   3 3
77 160 4   0 0   1 1   2 2   3 3
77 234 4   0 0   1 1   2 2   3 3
77 239 4   0 0   1 1   2 2   3 3
78 161 4   0 0   1 1   2 2   3 3
78 93 4   0 0   1 1   2 2   3 3
79 192 4   0 0   1 1   2 2   3 3
79 85 4   0 0   1 1   2 2   3 3
79 250 4   0 0   1 1   2 2   3 3
79 268 4   0 0   1 1   2 2   3 3
79 156 4   0 0   1 1   2 2   3 3
80 129 4   0 0   1 1   2 2   3 3
80 226 4   0 0   1 1   2 2   3 3
80 259 4   0 0   1 1   2 2   3 3
80 138 4   0 0   1 1   2 2   3 3
80 92 4   0 0   1 1   2 2   3 3
81 98 4   0 0   1 1   2 2   3 3
81 147 4   0 0   1 1   2 2   3 3
81 101 4   0 0   1 1   2 2   3 3
81 342 4   0 0   1 1   2 2   3 3
81 154 4   0 0   1 1   2 2   3 3
81 127 4   0 0   1 1   2 2   3 3
82 134 4   0 0   1 1   2 2   3 3
82 246 4   0 0   1 1   2 2   3 3
82 314 4   0 0   1 1   2 2   3 3
82 107 4   0 0   1 1   2 2   3 3
83 339 4   0 0   1 1   2 2   3 3
83 151 4   0 0   1 1   2 2   3 3
83 266 4   0 0   1 1   2 2   3 3
83 347 4   0 0   1 1   2 2   3 3
83 188 4   0 0   1 1   2 2   3 3
83 300 4   0 0   1 1   2 2   3 3
84 368 4   0 0   1 1   2 2   3 3
84 97 4   0 0   1 1   2 2   3 3
84 199 4   0 0   1 1   2 2   3 3
85 192 4   0 0   1 1   2 2   3 3
85 357 4   0 0   1 1   2 2   3 3
85 185 4   0 0   1 1   2 2   3 3
85 156 4   0 0   1 1   2 2   3 3
85 141 4   0 0   1 1   2 2   3 3
85 301 4   0 0   1 1   2 2   3 3
86 352 4   0 0   1 1   2 2   3 3
86 224 4   0 0   1 1   2 2   3 3
86 201 4   0 0   1 1   2 2   3 3
86 362 4   0 0   1 1   2 2   3 3
86 157 4   0 0   1 1   2 2   3 3
86 223 4   0 0   1 1   2 2   3 3
87 163 4   0 0   1 1   2 2   3 3
87 88 4   0 0   1 1   2 2   3 3
88 163 4   0 0   1 1   2 2   3 3
88 371 4   0 0   1 1   2 2   3 3
88 265 4   0 0   1 1   2 2   3 3
88 239 4   0 0   1 1   2 2   3 3
89 242 4   0 0   1 1   2 2   3 3
89 260 4   0 0   1 1   2 2   3 3
89 245 4   0 0   1 1   2 2   3 3
89 214 4   0 0   1 1   2 2   3 3
89 215 4   0 0   1 1   2 2   3 3
89 168 4   0 0   1 1   2 2   3 3
89 361 4   0 0   1 1   2 2   3 3
89 202 4   0 0   1 1   2 2   3 3
90 163 4   0 0   1 1   2 2   3 3
90 131 4   0 0   1 1   2 2   3 3
90 316 4   0 0   1 1   2 2   3 3
91 96 4   0 0   1 1   2 2   3 3
91 323 4   0 0   1 1   2 2   3 3
91 244 4   0 0   1 1   2 2   3 3
91 116 4   0 0   1 1   2 2   3 3
91 278 4   0 0   1 1   2 2   3 3
91 155 4   0 0   1 1   2 2   3 3
91 380 4   0 0   1 1   2 2   3 3
92 226 4   0 0   1 1   2 2   3 3
92 136 4   0 0   1 1   2 2   3 3
92 138 4   0 0   1 1   2 2   3 3
92 350 4   0 0   1 1   2 2   3 3
93 166 4   0 0   1 1   2 2   3 3
93 94 4   0 0   1 1   2 2   3 3
94 161 4   0 0   1 1   2 2   3 3
94 166 4   0 0   1 1   2 2   3 3
94 119 4   0 0   1 1   2 2   3 3
94 137 4   0 0   1 1   2 2   3 3
95 114 4   0 0   1 1   2 2   3 3
95 246 4   0 0   1 1   2 2   3 3
95 236 4   0 0   1 1   2 2   3 3
96 323 4   0 0   1 1   2 2   3 3
96 244 4   0 0   1 1   2 2   3 3
96 277 4   0 0   1 1   2 2   3 3
97 192 4   0 0   1 1   2 2   3 3
97 261 4   0 0   1 1   2 2   3 3
97 199 4   0 0   1 1   2 2   3 3
97 106 4   0 0   1 1   2 2   3 3
98 147 4   0 0   1 1   2 2   3 3
98 355 4   0 0   1 1   2 2   3 3
98 100 4   0 0   1 1   2 2   3 3
98 196 4   0 0   1 1   2 2   3 3
98 101 4   0 0   1 1   2 2   3 3
98 287 4   0 0   1 1   2 2   3 3
99 112 4   0 0   1 1   2 2   3 3
99 240 4   0 0   1 1   2 2   3 3
99 177 4   0 0   1 1   2 2   3 3
99 293 4   0 0   1 1   2 2   3 3
99 271 4   0 0   1 1   2 2   3 3
100 196 4   0 0   1 1   2 2   3 3
100 287 4   0 0   1 1   2 2   3 3
101 196 4   0 0   1 1   2 2   3 3
101 379 4   0 0   1 1   2 2   3 3
101 127 4   0 0   1 1   2 2   3 3
102 193 4   0 0   1 1   2 2   3 3
102 248 4   0 0   1 1   2 2   3 3
102 186 4   0 0   1 1   2 2   3 3
102 318 4   0 0   1 1   2 2   3 3
103 182 4   0 0   1 1   2 2   3 3
103 329 4   0 0   1 1   2 2   3 3
103 315 4   0 0   1 1   2 2   3 3
103 268 4   0 0   1 1   2 2   3 3
104 264 4   0 0   1 1   2 2   3 3
104 172 4   0 0   1 1   2 2   3 3
104 367 4   0 0   1 1   2 2   3 3
105 370 4   0 0   1 1   2 2   3 3
105 132 4   0 0   1 1   2 2   3 3
105 294 4   0 0   1 1   2 2   3 3
105 263 4   0 0   1 1   2 2   3 3
105 280 4   0 0   1 1   2 2   3 3
105 219 4   0 0   1 1   2 2   3 3
106 355 4   0 0   1 1   2 2   3 3
106 180 4   0 0   1 1   2 2   3 3
106 261 4   0 0   1 1   2 2   3 3
106 165 4   0 0   1 1   2 2   3 3
106 199 4   0 0   1 1   2 2   3 3
106 334 4   0 0   1 1   2 2   3 3
107 180 4   0 0   1 1   2 2   3 3
107 261 4   0 0   1 1   2 2   3 3
107 134 4   0 0   1 1   2 2   3 3
107 314 4   0 0   1 1   2 2   3 3
107 222 4   0 0   1 1   2 2   3 3
108 373 4   0 0   1 1   2 2   3 3
108 150 4   0 0   1 1   2 2   3 3
108 185 4   0 0   1 1   2 2   3 3
108 252 4   0 0   1 1   2 2   3 3
109 241 4   0 0   1 1   2 2   3 3
109 354 4   0 0   1 1   2 2   3 3
109 378 4   0 0   1 1   2 2   3 3
109 346 4   0 0   1 1   2 2   3 3
109 348 4   0 0   1 1   2 2   3 3
110 291 4   0 0   1 1   2 2   3 3
111 368 4   0 0   1 1   2 2   3 3
111 257 4   0 0   1 1   2 2   3 3
111 308 4   0 0   1 1   2 2   3 3
111 365 4   0 0   1 1   2 2   3 3
112 177 4   0 0   1 1   2 2   3 3
112 228 4   0 0   1 1   2 2   3 3
112 133 4   0 0   1 1   2 2   3 3
112 293 4   0 0   1 1   2 2   3 3
112 345 4   0 0   1 1   2 2   3 3
112 298 4   0 0   1 1   2 2   3 3
112 381 4   0 0   1 1   2 2   3 3
112 271 4   0 0   1 1   2 2   3 3
113 288 4   0 0   1 1   2 2   3 3
113 232 4   0 0   1 1   2 2   3 3
113 205 4   0 0   1 1   2 2   3 3
114 246 4   0 0   1 1   2 2   3 3
114 314 4   0 0   1 1   2 2   3 3
115 353 4   0 0   1 1   2 2   3 3
115 337 4   0 0   1 1   2 2   3 3
115 193 4   0 0   1 1   2 2   3 3
115 148 4   0 0   1 1   2 2   3 3
115 326 4   0 0   1 1   2 2   3 3
115 122 4   0 0   1 1   2 2   3 3
115 349 4   0 0   1 1   2 2   3 3
116 307 4   0 0   1 1   2 2   3 3
116 244 4   0 0   1 1   2 2   3 3
116 132 4   0 0   1 1   2 2   3 3
116 278 4   0 0   1 1   2 2   3 3
116 203 4   0 0   1 1   2 2   3 3
117 339 4   0 0   1 1   2 2   3 3
117 310 4   0 0   1 1   2 2   3 3
117 295 4   0 0   1 1   2 2   3 3
117 151 4   0 0   1 1   2 2   3 3
117 346 4   0 0   1 1   2 2   3 3
118 209 4   0 0   1 1   2 2   3 3
118 151 4   0 0   1 1   2 2   3 3
118 235 4   0 0   1 1   2 2   3 3
118 300 4   0 0   1 1   2 2   3 3
119 161 4   0 0   1 1   2 2   3 3
119 376 4   0 0   1 1   2 2   3 3
119 137 4   0 0   1 1   2 2   3 3
120 307 4   0 0   1 1   2 2   3 3
120 132 4   0 0   1 1   2 2   3 3
120 294 4   0 0   1 1   2 2   3 3
120 219 4   0 0   1 1   2 2   3 3
120 269 4   0 0   1 1   2 2   3 3
121 247 4   0 0   1 1   2 2   3 3
121 217 4   0 0   1 1   2 2   3 3
122 337 4   0 0   1 1   2 2   3 3
122 193 4   0 0   1 1   2 2   3 3
122 247 4   0 0   1 1   2 2   3 3
122 255 4   0 0   1 1   2 2   3 3
123 213 4   0 0   1 1   2 2   3 3
123 374 4   0 0   1 1   2 2   3 3
123 253 4   0 0   1 1   2 2   3 3
123 206 4   0 0   1 1   2 2   3 3
123 382 4   0 0   1 1   2 2   3 3
124 153 4   0 0   1 1   2 2   3 3
124 185 4   0 0   1 1   2 2   3 3
124 156 4   0 0   1 1   2 2   3 3
125 256 4   0 0   1 1   2 2   3 3
125 194 4   0 0   1 1   2 2   3 3
125 134 4   0 0   1 1   2 2   3 3
125 366 4   0 0   1 1   2 2   3 3
125 270 4   0 0   1 1   2 2   3 3
126 283 4   0 0   1 1   2 2   3 3
127 342 4   0 0   1 1   2 2   3 3
127 154 4   0 0   1 1   2 2   3 3
128 144 4   0 0   1 1   2 2   3 3
128 146 4   0 0   1 1   2 2   3 3
128 210 4   0 0   1 1   2 2   3 3
128 231 4   0 0   1 1   2 2   3 3
128 139 4   0 0   1 1   2 2   3 3
129 160 4   0 0   1 1   2 2   3 3
129 226 4   0 0   1 1   2 2   3 3
129 259 4   0 0   1 1   2 2   3 3
129 149 4   0 0   1 1   2 2   3 3
129 363 4   0 0   1 1   2 2   3 3
130 262 4   0 0   1 1   2 2   3 3
130 345 4   0 0   1 1   2 2   3 3
130 331 4   0 0   1 1   2 2   3 3
130 381 4   0 0   1 1   2 2   3 3
131 220 4   0 0   1 1   2 2   3 3
131 316 4   0 0   1 1   2 2   3 3
132 307 4   0 0   1 1   2 2   3 3
132 244 4   0 0   1 1   2 2   3 3
132 263 4   0 0   1 1   2 2   3 3
132 219 4   0 0   1 1   2 2   3 3
133 322 4   0 0   1 1   2 2   3 3
133 293 4   0 0   1 1   2 2   3 3
133 381 4   0 0   1 1   2 2   3 3
134 192 4   0 0   1 1   2 2   3 3
134 261 4   0 0   1 1   2 2   3 3
134 357 4   0 0   1 1   2 2   3 3
134 301 4   0 0   1 1   2 2   3 3
134 270 4   0 0   1 1   2 2   3 3
135 278 4   0 0   1 1   2 2   3 3
135 167 4   0 0   1 1   2 2   3 3
135 152 4   0 0   1 1   2 2   3 3
135 361 4   0 0   1 1   2 2   3 3
135 380 4   0 0   1 1   2 2   3 3
135 284 4   0 0   1 1   2 2   3 3
135 383 4   0 0   1 1   2 2   3 3
136 226 4   0 0   1 1   2 2   3 3
136 163 4   0 0   1 1   2 2   3 3
136 149 4   0 0   1 1   2 2   3 3
137 322 4   0 0   1 1   2 2   3 3
137 166 4   0 0   1 1   2 2   3 3
137 375 4   0 0   1 1   2 2   3 3
137 376 4   0 0   1 1   2 2   3 3
137 328 4   0 0   1 1   2 2   3 3
137 187 4   0 0   1 1   2 2   3 3
137 174 4   0 0   1 1   2 2   3 3
138 178 4   0 0   1 1   2 2   3 3
138 195 4   0 0   1 1   2 2   3 3
138 259 4   0 0   1 1   2 2   3 3
138 374 4   0 0   1 1   2 2   3 3
138 296 4   0 0   1 1   2 2   3 3
138 377 4   0 0   1 1   2 2   3 3
138 221 4   0 0   1 1   2 2   3 3
138 253 4   0 0   1 1   2 2   3 3
138 350 4   0 0   1 1   2 2   3 3
139 210 4   0 0   1 1   2 2   3 3
139 275 4   0 0   1 1   2 2   3 3
139 231 4   0 0   1 1   2 2   3 3
140 210 4   0 0   1 1   2 2   3 3
140 227 4   0 0   1 1   2 2   3 3
140 164 4   0 0   1 1   2 2   3 3
140 359 4   0 0   1 1   2 2   3 3
140 350 4   0 0   1 1   2 2   3 3
141 162 4   0 0   1 1   2 2   3 3
141 373 4   0 0   1 1   2 2   3 3
141 185 4   0 0   1 1   2 2   3 3
141 157 4   0 0   1 1   2 2   3 3
141 223 4   0 0   1 1   2 2   3 3
142 290 4   0 0   1 1   2 2   3 3
142 205 4   0 0   1 1   2 2   3 3
143 336 4   0 0   1 1   2 2   3 3
143 225 4   0 0   1 1   2 2   3 3
143 179 4   0 0   1 1   2 2   3 3
144 146 4   0 0   1 1   2 2   3 3
144 210 4   0 0   1 1   2 2   3 3
144 359 4   0 0   1 1   2 2   3 3
145 211 4   0 0   1 1   2 2   3 3
145 251 4   0 0   1 1   2 2   3 3
146 208 4   0 0   1 1   2 2   3 3
146 231 4   0 0   1 1   2 2   3 3
147 355 4   0 0   1 1   2 2   3 3
147 189 4   0 0   1 1   2 2   3 3
147 351 4   0 0   1 1   2 2   3 3
148 337 4   0 0   1 1   2 2   3 3
148 274 4   0 0   1 1   2 2   3 3
148 279 4   0 0   1 1   2 2   3 3
148 255 4   0 0   1 1   2 2   3 3
149 160 4   0 0   1 1   2 2   3 3
149 226 4   0 0   1 1   2 2   3 3
149 163 4   0 0   1 1   2 2   3 3
150 209 4   0 0   1 1   2 2   3 3
150 212 4   0 0   1 1   2 2   3 3
150 373 4   0 0   1 1   2 2   3 3
150 252 4   0 0   1 1   2 2   3 3
151 209 4   0 0   1 1   2 2   3 3
151 339 4   0 0   1 1   2 2   3 3
151 310 4   0 0   1 1   2 2   3 3
151 300 4   0 0   1 1   2 2   3 3
152 260 4   0 0   1 1   2 2   3 3
152 361 4   0 0   1 1   2 2   3 3
152 378 4   0 0   1 1   2 2   3 3
152 284 4   0 0   1 1   2 2   3 3
153 354 4   0 0   1 1   2 2   3 3
153 276 4   0 0   1 1   2 2   3 3
153 250 4   0 0   1 1   2 2   3 3
153 156 4   0 0   1 1   2 2   3 3
154 342 4   0 0   1 1   2 2   3 3
155 278 4   0 0   1 1   2 2   3 3
155 380 4   0 0   1 1   2 2   3 3
156 185 4   0 0   1 1   2 2   3 3
156 250 4   0 0   1 1   2 2   3 3
157 362 4   0 0   1 1   2 2   3 3
157 223 4   0 0   1 1   2 2   3 3
158 194 4   0 0   1 1   2 2   3 3
158 246 4   0 0   1 1   2 2   3 3
158 344 4   0 0   1 1   2 2   3 3
158 312 4   0 0   1 1   2 2   3 3
159 272 4   0 0   1 1   2 2   3 3
159 371 4   0 0   1 1   2 2   3 3
159 358 4   0 0   1 1   2 2   3 3
159 200 4   0 0   1 1   2 2   3 3
160 234 4   0 0   1 1   2 2   3 3
160 363 4   0 0   1 1   2 2   3 3
161 232 4   0 0   1 1   2 2   3 3
161 376 4   0 0   1 1   2 2   3 3
161 249 4   0 0   1 1   2 2   3 3
161 331 4   0 0   1 1   2 2   3 3
162 256 4   0 0   1 1   2 2   3 3
162 357 4   0 0   1 1   2 2   3 3
162 171 4   0 0   1 1   2 2   3 3
162 270 4   0 0   1 1   2 2   3 3
164 227 4   0 0   1 1   2 2   3 3
164 359 4   0 0   1 1   2 2   3 3
164 327 4   0 0   1 1   2 2   3 3
165 229 4   0 0   1 1   2 2   3 3
165 199 4   0 0   1 1   2 2   3 3
165 189 4   0 0   1 1   2 2   3 3
165 351 4   0 0   1 1   2 2   3 3
166 375 4   0 0   1 1   2 2   3 3
167 242 4   0 0   1 1   2 2   3 3
167 380 4   0 0   1 1   2 2   3 3
168 288 4   0 0   1 1   2 2   3 3
168 258 4   0 0   1 1   2 2   3 3
168 245 4   0 0   1 1   2 2   3 3
168 309 4   0 0   1 1   2 2   3 3
168 215 4   0 0   1 1   2 2   3 3
170 208 4   0 0   1 1   2 2   3 3
170 326 4   0 0   1 1   2 2   3 3
170 279 4   0 0   1 1   2 2   3 3
170 172 4   0 0   1 1   2 2   3 3
171 256 4   0 0   1 1   2 2   3 3
171 204 4   0 0   1 1   2 2   3 3
171 366 4   0 0   1 1   2 2   3 3
172 208 4   0 0   1 1   2 2   3 3
172 264 4   0 0   1 1   2 2   3 3
173 304 4   0 0   1 1   2 2   3 3
173 290 4   0 0   1 1   2 2   3 3
173 218 4   0 0   1 1   2 2   3 3
173 282 4   0 0   1 1   2 2   3 3
173 266 4   0 0   1 1   2 2   3 3
173 347 4   0 0   1 1   2 2   3 3
174 376 4   0 0   1 1   2 2   3 3
174 187 4   0 0   1 1   2 2   3 3
175 338 4   0 0   1 1   2 2   3 3
175 207 4   0 0   1 1   2 2   3 3
176 242 4   0 0   1 1   2 2   3 3
176 323 4   0 0   1 1   2 2   3 3
176 202 4   0 0   1 1   2 2   3 3
177 305 4   0 0   1 1   2 2   3 3
177 298 4   0 0   1 1   2 2   3 3
177 186 4   0 0   1 1   2 2   3 3
177 254 4   0 0   1 1   2 2   3 3
177 271 4   0 0   1 1   2 2   3 3
178 195 4   0 0   1 1   2 2   3 3
178 344 4   0 0   1 1   2 2   3 3
178 221 4   0 0   1 1   2 2   3 3
178 253 4   0 0   1 1   2 2   3 3
178 206 4   0 0   1 1   2 2   3 3
179 336 4   0 0   1 1   2 2   3 3
179 343 4   0 0   1 1   2 2   3 3
180 261 4   0 0   1 1   2 2   3 3
180 222 4   0 0   1 1   2 2   3 3
180 334 4   0 0   1 1   2 2   3 3
181 352 4   0 0   1 1   2 2   3 3
181 224 4   0 0   1 1   2 2   3 3
181 369 4   0 0   1 1   2 2   3 3
181 201 4   0 0   1 1   2 2   3 3
181 267 4   0 0   1 1   2 2   3 3
182 197 4   0 0   1 1   2 2   3 3
182 230 4   0 0   1 1   2 2   3 3
182 313 4   0 0   1 1   2 2   3 3
182 297 4   0 0   1 1   2 2   3 3
182 315 4   0 0   1 1   2 2   3 3
183 336 4   0 0   1 1   2 2   3 3
183 225 4   0 0   1 1   2 2   3 3
183 200 4   0 0   1 1   2 2   3 3
183 184 4   0 0   1 1   2 2   3 3
183 191 4   0 0   1 1   2 2   3 3
184 336 4   0 0   1 1   2 2   3 3
184 343 4   0 0   1 1   2 2   3 3
184 333 4   0 0   1 1   2 2   3 3
185 373 4   0 0   1 1   2 2   3 3
186 254 4   0 0   1 1   2 2   3 3
186 318 4   0 0   1 1   2 2   3 3
187 322 4   0 0   1 1   2 2   3 3
188 339 4   0 0   1 1   2 2   3 3
188 218 4   0 0   1 1   2 2   3 3
188 347 4   0 0   1 1   2 2   3 3
188 303 4   0 0   1 1   2 2   3 3
189 229 4   0 0   1 1   2 2   3 3
189 351 4   0 0   1 1   2 2   3 3
190 243 4   0 0   1 1   2 2   3 3
190 314 4   0 0   1 1   2 2   3 3
190 222 4   0 0   1 1   2 2   3 3
190 334 4   0 0   1 1   2 2   3 3
190 238 4   0 0   1 1   2 2   3 3
191 320 4   0 0   1 1   2 2   3 3
191 225 4   0 0   1 1   2 2   3 3
191 200 4   0 0   1 1   2 2   3 3
191 217 4   0 0   1 1   2 2   3 3
192 261 4   0 0   1 1   2 2   3 3
192 301 4   0 0   1 1   2 2   3 3
193 247 4   0 0   1 1   2 2   3 3
193 248 4   0 0   1 1   2 2   3 3
193 349 4   0 0   1 1   2 2   3 3
193 318 4   0 0   1 1   2 2   3 3
193 302 4   0 0   1 1   2 2   3 3
194 366 4   0 0   1 1   2 2   3 3
195 296 4   0 0   1 1   2 2   3 3
195 204 4   0 0   1 1   2 2   3 3
196 236 4   0 0   1 1   2 2   3 3
196 287 4   0 0   1 1   2 2   3 3
197 230 4   0 0   1 1   2 2   3 3
197 233 4   0 0   1 1   2 2   3 3
197 313 4   0 0   1 1   2 2   3 3
198 325 4   0 0   1 1   2 2   3 3
198 341 4   0 0   1 1   2 2   3 3
198 327 4   0 0   1 1   2 2   3 3
198 255 4   0 0   1 1   2 2   3 3
199 368 4   0 0   1 1   2 2   3 3
199 340 4   0 0   1 1   2 2   3 3
199 229 4   0 0   1 1   2 2   3 3
200 358 4   0 0   1 1   2 2   3 3
200 316 4   0 0   1 1   2 2   3 3
201 224 4   0 0   1 1   2 2   3 3
201 369 4   0 0   1 1   2 2   3 3
201 372 4   0 0   1 1   2 2   3 3
201 362 4   0 0   1 1   2 2   3 3
201 332 4   0 0   1 1   2 2   3 3
202 242 4   0 0   1 1   2 2   3 3
202 323 4   0 0   1 1   2 2   3 3
202 277 4   0 0   1 1   2 2   3 3
202 214 4   0 0   1 1   2 2   3 3
203 307 4   0 0   1 1   2 2   3 3
203 278 4   0 0   1 1   2 2   3 3
203 284 4   0 0   1 1   2 2   3 3
204 296 4   0 0   1 1   2 2   3 3
204 362 4   0 0   1 1   2 2   3 3
204 366 4   0 0   1 1   2 2   3 3
205 258 4   0 0   1 1   2 2   3 3
206 253 4   0 0   1 1   2 2   3 3
206 382 4   0 0   1 1   2 2   3 3
207 338 4   0 0   1 1   2 2   3 3
207 333 4   0 0   1 1   2 2   3 3
208 292 4   0 0   1 1   2 2   3 3
208 231 4   0 0   1 1   2 2   3 3
208 279 4   0 0   1 1   2 2   3 3
208 264 4   0 0   1 1   2 2   3 3
209 212 4   0 0   1 1   2 2   3 3
209 310 4   0 0   1 1   2 2   3 3
209 267 4   0 0   1 1   2 2   3 3
209 235 4   0 0   1 1   2 2   3 3
210 369 4   0 0   1 1   2 2   3 3
210 385 4   0 0   1 1   2 2   3 3
210 372 4   0 0   1 1   2 2   3 3
210 359 4   0 0   1 1   2 2   3 3
210 332 4   0 0   1 1   2 2   3 3
210 350 4   0 0   1 1   2 2   3 3
211 360 4   0 0   1 1   2 2   3 3
211 251 4   0 0   1 1   2 2   3 3
212 373 4   0 0   1 1   2 2   3 3
212 267 4   0 0   1 1   2 2   3 3
212 223 4   0 0   1 1   2 2   3 3
213 374 4   0 0   1 1   2 2   3 3
213 363 4   0 0   1 1   2 2   3 3
214 306 4   0 0   1 1   2 2   3 3
214 245 4   0 0   1 1   2 2   3 3
215 260 4   0 0   1 1   2 2   3 3
215 309 4   0 0   1 1   2 2   3 3
215 218 4   0 0   1 1   2 2   3 3
215 303 4   0 0   1 1   2 2   3 3
216 273 4   0 0   1 1   2 2   3 3
216 294 4   0 0   1 1   2 2   3 3
216 311 4   0 0   1 1   2 2   3 3
216 281 4   0 0   1 1   2 2   3 3
216 335 4   0 0   1 1   2 2   3 3
217 225 4   0 0   1 1   2 2   3 3
218 290 4   0 0   1 1   2 2   3 3
218 347 4   0 0   1 1   2 2   3 3
218 303 4   0 0   1 1   2 2   3 3
219 294 4   0 0   1 1   2 2   3 3
220 320 4   0 0   1 1   2 2   3 3
220 325 4   0 0   1 1   2 2   3 3
221 253 4   0 0   1 1   2 2   3 3
222 314 4   0 0   1 1   2 2   3 3
222 334 4   0 0   1 1   2 2   3 3
223 352 4   0 0   1 1   2 2   3 3
223 373 4   0 0   1 1   2 2   3 3
223 267 4   0 0   1 1   2 2   3 3
224 352 4   0 0   1 1   2 2   3 3
225 336 4   0 0   1 1   2 2   3 3
227 327 4   0 0   1 1   2 2   3 3
227 350 4   0 0   1 1   2 2   3 3
228 345 4   0 0   1 1   2 2   3 3
228 298 4   0 0   1 1   2 2   3 3
228 367 4   0 0   1 1   2 2   3 3
229 340 4   0 0   1 1   2 2   3 3
230 311 4   0 0   1 1   2 2   3 3
230 233 4   0 0   1 1   2 2   3 3
230 285 4   0 0   1 1   2 2   3 3
231 275 4   0 0   1 1   2 2   3 3
232 249 4   0 0   1 1   2 2   3 3
233 273 4   0 0   1 1   2 2   3 3
233 289 4   0 0   1 1   2 2   3 3
233 311 4   0 0   1 1   2 2   3 3
233 313 4   0 0   1 1   2 2   3 3
235 384 4   0 0   1 1   2 2   3 3
235 275 4   0 0   1 1   2 2   3 3
235 300 4   0 0   1 1   2 2   3 3
236 243 4   0 0   1 1   2 2   3 3
236 238 4   0 0   1 1   2 2   3 3
237 304 4   0 0   1 1   2 2   3 3
237 321 4   0 0   1 1   2 2   3 3
237 330 4   0 0   1 1   2 2   3 3
237 367 4   0 0   1 1   2 2   3 3
238 243 4   0 0   1 1   2 2   3 3
239 265 4   0 0   1 1   2 2   3 3
240 317 4   0 0   1 1   2 2   3 3
241 354 4   0 0   1 1   2 2   3 3
241 348 4   0 0   1 1   2 2   3 3
241 252 4   0 0   1 1   2 2   3 3
242 323 4   0 0   1 1   2 2   3 3
242 380 4   0 0   1 1   2 2   3 3
243 334 4   0 0   1 1   2 2   3 3
243 287 4   0 0   1 1   2 2   3 3
245 288 4   0 0   1 1   2 2   3 3
245 306 4   0 0   1 1   2 2   3 3
246 314 4   0 0   1 1   2 2   3 3
247 325 4   0 0   1 1   2 2   3 3
247 302 4   0 0   1 1   2 2   3 3
247 255 4   0 0   1 1   2 2   3 3
248 317 4   0 0   1 1   2 2   3 3
248 302 4   0 0   1 1   2 2   3 3
249 331 4   0 0   1 1   2 2   3 3
250 276 4   0 0   1 1   2 2   3 3
250 356 4   0 0   1 1   2 2   3 3
250 329 4   0 0   1 1   2 2   3 3
250 268 4   0 0   1 1   2 2   3 3
251 382 4   0 0   1 1   2 2   3 3
252 354 4   0 0   1 1   2 2   3 3
253 374 4   0 0   1 1   2 2   3 3
254 305 4   0 0   1 1   2 2   3 3
255 337 4   0 0   1 1   2 2   3 3
255 274 4   0 0   1 1   2 2   3 3
255 325 4   0 0   1 1   2 2   3 3
256 270 4   0 0   1 1   2 2   3 3
256 366 4   0 0   1 1   2 2   3 3
257 368 4   0 0   1 1   2 2   3 3
257 308 4   0 0   1 1   2 2   3 3
257 340 4   0 0   1 1   2 2   3 3
258 309 4   0 0   1 1   2 2   3 3
259 374 4   0 0   1 1   2 2   3 3
260 361 4   0 0   1 1   2 2   3 3
260 364 4   0 0   1 1   2 2   3 3
260 303 4   0 0   1 1   2 2   3 3
260 319 4   0 0   1 1   2 2   3 3
262 345 4   0 0   1 1   2 2   3 3
262 331 4   0 0   1 1   2 2   3 3
263 370 4   0 0   1 1   2 2   3 3
264 321 4   0 0   1 1   2 2   3 3
264 324 4   0 0   1 1   2 2   3 3
264 292 4   0 0   1 1   2 2   3 3
264 367 4   0 0   1 1   2 2   3 3
265 272 4   0 0   1 1   2 2   3 3
265 371 4   0 0   1 1   2 2   3 3
266 324 4   0 0   1 1   2 2   3 3
266 292 4   0 0   1 1   2 2   3 3
266 282 4   0 0   1 1   2 2   3 3
266 347 4   0 0   1 1   2 2   3 3
267 352 4   0 0   1 1   2 2   3 3
268 329 4   0 0   1 1   2 2   3 3
268 365 4   0 0   1 1   2 2   3 3
269 307 4   0 0   1 1   2 2   3 3
269 294 4   0 0   1 1   2 2   3 3
269 281 4   0 0   1 1   2 2   3 3
270 357 4   0 0   1 1   2 2   3 3
272 371 4   0 0   1 1   2 2   3 3
272 333 4   0 0   1 1   2 2   3 3
273 289 4   0 0   1 1   2 2   3 3
273 311 4   0 0   1 1   2 2   3 3
273 335 4   0 0   1 1   2 2   3 3
274 279 4   0 0   1 1   2 2   3 3
275 384 4   0 0   1 1   2 2   3 3
276 356 4   0 0   1 1   2 2   3 3
277 323 4   0 0   1 1   2 2   3 3
278 380 4   0 0   1 1   2 2   3 3
278 284 4   0 0   1 1   2 2   3 3
278 383 4   0 0   1 1   2 2   3 3
279 326 4   0 0   1 1   2 2   3 3
280 294 4   0 0   1 1   2 2   3 3
280 335 4   0 0   1 1   2 2   3 3
281 294 4   0 0   1 1   2 2   3 3
281 311 4   0 0   1 1   2 2   3 3
281 285 4   0 0   1 1   2 2   3 3
282 304 4   0 0   1 1   2 2   3 3
282 321 4   0 0   1 1   2 2   3 3
282 324 4   0 0   1 1   2 2   3 3
284 378 4   0 0   1 1   2 2   3 3
284 383 4   0 0   1 1   2 2   3 3
285 311 4   0 0   1 1   2 2   3 3
286 288 4   0 0   1 1   2 2   3 3
286 306 4   0 0   1 1   2 2   3 3
287 355 4   0 0   1 1   2 2   3 3
287 334 4   0 0   1 1   2 2   3 3
288 306 4   0 0   1 1   2 2   3 3
289 370 4   0 0   1 1   2 2   3 3
289 313 4   0 0   1 1   2 2   3 3
289 335 4   0 0   1 1   2 2   3 3
290 304 4   0 0   1 1   2 2   3 3
291 354 4   0 0   1 1   2 2   3 3
292 324 4   0 0   1 1   2 2   3 3
294 335 4   0 0   1 1   2 2   3 3
295 339 4   0 0   1 1   2 2   3 3
295 346 4   0 0   1 1   2 2   3 3
296 372 4   0 0   1 1   2 2   3 3
296 377 4   0 0   1 1   2 2   3 3
296 362 4   0 0   1 1   2 2   3 3
297 313 4   0 0   1 1   2 2   3 3
297 365 4   0 0   1 1   2 2   3 3
298 305 4   0 0   1 1   2 2   3 3
299 328 4   0 0   1 1   2 2   3 3
301 357 4   0 0   1 1   2 2   3 3
303 339 4   0 0   1 1   2 2   3 3
303 319 4   0 0   1 1   2 2   3 3
304 321 4   0 0   1 1   2 2   3 3
308 365 4   0 0   1 1   2 2   3 3
310 346 4   0 0   1 1   2 2   3 3
312 344 4   0 0   1 1   2 2   3 3
313 365 4   0 0   1 1   2 2   3 3
315 356 4   0 0   1 1   2 2   3 3
315 329 4   0 0   1 1   2 2   3 3
316 358 4   0 0   1 1   2 2   3 3
318 353 4   0 0   1 1   2 2   3 3
318 349 4   0 0   1 1   2 2   3 3
319 339 4   0 0   1 1   2 2   3 3
319 364 4   0 0   1 1   2 2   3 3
321 324 4   0 0   1 1   2 2   3 3
321 367 4   0 0   1 1   2 2   3 3
322 381 4   0 0   1 1   2 2   3 3
323 380 4   0 0   1 1   2 2   3 3
327 341 4   0 0   1 1   2 2   3 3
328 375 4   0 0   1 1   2 2   3 3
329 356 4   0 0   1 1   2 2   3 3
331 376 4   0 0   1 1   2 2   3 3
332 369 4   0 0   1 1   2 2   3 3
332 385 4   0 0   1 1   2 2   3 3
332 372 4   0 0   1 1   2 2   3 3
333 343 4   0 0   1 1   2 2   3 3
334 355 4   0 0   1 1   2 2   3 3
336 343 4   0 0   1 1   2 2   3 3
339 364 4   0 0   1 1   2 2   3 3
340 368 4   0 0   1 1   2 2   3 3
345 381 4   0 0   1 1   2 2   3 3
345 367 4   0 0   1 1   2 2   3 3
346 378 4   0 0   1 1   2 2   3 3
346 348 4   0 0   1 1   2 2   3 3
349 353 4   0 0   1 1   2 2   3 3
350 372 4   0 0   1 1   2 2   3 3
350 377 4   0 0   1 1   2 2   3 3
351 355 4   0 0   1 1   2 2   3 3
362 372 4   0 0   1 1   2 2   3 3
365 368 4   0 0   1 1   2 2   3 3
372 385 4   0 0   1 1   2 2   3 3
372 377 4   0 0   1 1   2 2   3 3
