396
1 4 0 1 2 3
2 4 0 1 2 3
3 4 0 1 2 3
4 4 0 1 2 3
5 4 0 1 2 3
6 4 0 1 2 3
7 4 0 1 2 3
8 4 0 1 2 3
9 4 0 1 2 3
10 4 0 1 2 3
11 4 0 1 2 3
12 4 0 1 2 3
13 4 0 1 2 3
14 4 0 1 2 3
15 4 0 1 2 3
16 4 0 1 2 3
17 4 0 1 2 3
18 4 0 1 2 3
19 4 0 1 2 3
20 4 0 1 2 3
21 4 0 1 2 3
22 4 0 1 2 3
23 4 0 1 2 3
24 4 0 1 2 3
25 4 0 1 2 3
26 4 0 1 2 3
27 4 0 1 2 3
28 4 0 1 2 3
29 4 0 1 2 3
30 4 0 1 2 3
31 4 0 1 2 3
32 4 0 1 2 3
33 4 0 1 2 3
34 4 0 1 2 3
35 4 0 1 2 3
36 4 0 1 2 3
37 4 0 1 2 3
38 4 0 1 2 3
39 4 0 1 2 3
40 4 0 1 2 3
41 4 0 1 2 3
42 4 0 1 2 3
43 4 0 1 2 3
44 4 0 1 2 3
45 4 0 1 2 3
46 4 0 1 2 3
47 4 0 1 2 3
48 4 0 1 2 3
49 4 0 1 2 3
50 4 0 1 2 3
51 4 0 1 2 3
52 4 0 1 2 3
53 4 0 1 2 3
54 4 0 1 2 3
55 4 0 1 2 3
56 4 0 1 2 3
57 4 0 1 2 3
58 4 0 1 2 3
59 4 0 1 2 3
60 4 0 1 2 3
61 4 0 1 2 3
62 4 0 1 2 3
63 4 0 1 2 3
64 4 0 1 2 3
65 4 0 1 2 3
66 4 0 1 2 3
67 4 0 1 2 3
68 4 0 1 2 3
69 4 0 1 2 3
70 4 0 1 2 3
71 4 0 1 2 3
72 4 0 1 2 3
73 4 0 1 2 3
74 4 0 1 2 3
75 4 0 1 2 3
76 4 0 1 2 3
77 4 0 1 2 3
78 4 0 1 2 3
79 4 0 1 2 3
80 4 0 1 2 3
81 4 0 1 2 3
82 4 0 1 2 3
83 4 0 1 2 3
84 4 0 1 2 3
85 4 0 1 2 3
86 4 0 1 2 3
87 4 0 1 2 3
88 4 0 1 2 3
89 4 0 1 2 3
90 4 0 1 2 3
91 4 0 1 2 3
92 4 0 1 2 3
93 4 0 1 2 3
94 4 0 1 2 3
95 4 0 1 2 3
96 4 0 1 2 3
97 4 0 1 2 3
98 4 0 1 2 3
99 4 0 1 2 3
100 4 0 1 2 3
101 4 0 1 2 3
102 4 0 1 2 3
103 4 0 1 2 3
104 4 0 1 2 3
105 4 0 1 2 3
106 4 0 1 2 3
107 4 0 1 2 3
108 4 0 1 2 3
109 4 0 1 2 3
110 4 0 1 2 3
111 4 0 1 2 3
112 4 0 1 2 3
113 4 0 1 2 3
114 4 0 1 2 3
115 4 0 1 2 3
116 4 0 1 2 3
117 4 0 1 2 3
118 4 0 1 2 3
119 4 0 1 2 3
120 4 0 1 2 3
121 4 0 1 2 3
122 4 0 1 2 3
123 4 0 1 2 3
124 4 0 1 2 3
125 4 0 1 2 3
126 4 0 1 2 3
127 4 0 1 2 3
128 4 0 1 2 3
129 4 0 1 2 3
130 4 0 1 2 3
131 4 0 1 2 3
132 4 0 1 2 3
133 4 0 1 2 3
134 4 0 1 2 3
135 4 0 1 2 3
136 4 0 1 2 3
137 4 0 1 2 3
138 4 0 1 2 3
139 4 0 1 2 3
140 4 0 1 2 3
141 4 0 1 2 3
142 4 0 1 2 3
143 4 0 1 2 3
144 4 0 1 2 3
145 4 0 1 2 3
146 4 0 1 2 3
147 4 0 1 2 3
148 4 0 1 2 3
149 4 0 1 2 3
150 4 0 1 2 3
151 4 0 1 2 3
152 4 0 1 2 3
153 4 0 1 2 3
154 4 0 1 2 3
155 4 0 1 2 3
156 4 0 1 2 3
157 4 0 1 2 3
158 4 0 1 2 3
159 4 0 1 2 3
160 4 0 1 2 3
161 4 0 1 2 3
162 4 0 1 2 3
163 4 0 1 2 3
164 4 0 1 2 3
165 4 0 1 2 3
166 4 0 1 2 3
167 4 0 1 2 3
168 4 0 1 2 3
169 4 0 1 2 3
170 4 0 1 2 3
171 4 0 1 2 3
172 4 0 1 2 3
173 4 0 1 2 3
174 4 0 1 2 3
175 4 0 1 2 3
176 4 0 1 2 3
177 4 0 1 2 3
178 4 0 1 2 3
179 4 0 1 2 3
180 4 0 1 2 3
181 4 0 1 2 3
182 4 0 1 2 3
183 4 0 1 2 3
184 4 0 1 2 3
185 4 0 1 2 3
186 4 0 1 2 3
187 4 0 1 2 3
188 4 0 1 2 3
189 4 0 1 2 3
190 4 0 1 2 3
191 4 0 1 2 3
192 4 0 1 2 3
193 4 0 1 2 3
194 4 0 1 2 3
195 4 0 1 2 3
196 4 0 1 2 3
197 4 0 1 2 3
198 4 0 1 2 3
199 4 0 1 2 3
200 4 0 1 2 3
201 4 0 1 2 3
202 4 0 1 2 3
203 4 0 1 2 3
204 4 0 1 2 3
205 4 0 1 2 3
206 4 0 1 2 3
207 4 0 1 2 3
208 4 0 1 2 3
209 4 0 1 2 3
210 4 0 1 2 3
211 4 0 1 2 3
212 4 0 1 2 3
213 4 0 1 2 3
214 4 0 1 2 3
215 4 0 1 2 3
216 4 0 1 2 3
217 4 0 1 2 3
218 4 0 1 2 3
219 4 0 1 2 3
220 4 0 1 2 3
221 4 0 1 2 3
222 4 0 1 2 3
223 4 0 1 2 3
224 4 0 1 2 3
225 4 0 1 2 3
226 4 0 1 2 3
227 4 0 1 2 3
228 4 0 1 2 3
229 4 0 1 2 3
230 4 0 1 2 3
231 4 0 1 2 3
232 4 0 1 2 3
233 4 0 1 2 3
234 4 0 1 2 3
235 4 0 1 2 3
236 4 0 1 2 3
237 4 0 1 2 3
238 4 0 1 2 3
239 4 0 1 2 3
240 4 0 1 2 3
241 4 0 1 2 3
242 4 0 1 2 3
243 4 0 1 2 3
244 4 0 1 2 3
245 4 0 1 2 3
246 4 0 1 2 3
247 4 0 1 2 3
248 4 0 1 2 3
249 4 0 1 2 3
250 4 0 1 2 3
251 4 0 1 2 3
252 4 0 1 2 3
253 4 0 1 2 3
254 4 0 1 2 3
255 4 0 1 2 3
256 4 0 1 2 3
257 4 0 1 2 3
258 4 0 1 2 3
259 4 0 1 2 3
260 4 0 1 2 3
261 4 0 1 2 3
262 4 0 1 2 3
263 4 0 1 2 3
264 4 0 1 2 3
265 4 0 1 2 3
266 4 0 1 2 3
267 4 0 1 2 3
268 4 0 1 2 3
269 4 0 1 2 3
270 4 0 1 2 3
271 4 0 1 2 3
272 4 0 1 2 3
273 4 0 1 2 3
274 4 0 1 2 3
275 4 0 1 2 3
276 4 0 1 2 3
277 4 0 1 2 3
278 4 0 1 2 3
279 4 0 1 2 3
280 4 0 1 2 3
281 4 0 1 2 3
282 4 0 1 2 3
283 4 0 1 2 3
284 4 0 1 2 3
285 4 0 1 2 3
286 4 0 1 2 3
287 4 0 1 2 3
288 4 0 1 2 3
289 4 0 1 2 3
290 4 0 1 2 3
291 4 0 1 2 3
292 4 0 1 2 3
293 4 0 1 2 3
294 4 0 1 2 3
295 4 0 1 2 3
296 4 0 1 2 3
297 4 0 1 2 3
298 4 0 1 2 3
299 4 0 1 2 3
300 4 0 1 2 3
301 4 0 1 2 3
302 4 0 1 2 3
303 4 0 1 2 3
304 4 0 1 2 3
305 4 0 1 2 3
306 4 0 1 2 3
307 4 0 1 2 3
308 4 0 1 2 3
309 4 0 1 2 3
310 4 0 1 2 3
311 4 0 1 2 3
312 4 0 1 2 3
313 4 0 1 2 3
314 4 0 1 2 3
315 4 0 1 2 3
316 4 0 1 2 3
317 4 0 1 2 3
318 4 0 1 2 3
319 4 0 1 2 3
320 4 0 1 2 3
321 4 0 1 2 3
322 4 0 1 2 3
323 4 0 1 2 3
324 4 0 1 2 3
325 4 0 1 2 3
326 4 0 1 2 3
327 4 0 1 2 3
328 4 0 1 2 3
329 4 0 1 2 3
330 4 0 1 2 3
331 4 0 1 2 3
332 4 0 1 2 3
333 4 0 1 2 3
334 4 0 1 2 3
335 4 0 1 2 3
336 4 0 1 2 3
337 4 0 1 2 3
338 4 0 1 2 3
339 4 0 1 2 3
340 4 0 1 2 3
341 4 0 1 2 3
342 4 0 1 2 3
343 4 0 1 2 3
344 4 0 1 2 3
345 4 0 1 2 3
346 4 0 1 2 3
347 4 0 1 2 3
348 4 0 1 2 3
349 4 0 1 2 3
350 4 0 1 2 3
351 4 0 1 2 3
352 4 0 1 2 3
353 4 0 1 2 3
354 4 0 1 2 3
355 4 0 1 2 3
356 4 0 1 2 3
357 4 0 1 2 3
358 4 0 1 2 3
359 4 0 1 2 3
360 4 0 1 2 3
361 4 0 1 2 3
362 4 0 1 2 3
363 4 0 1 2 3
364 4 0 1 2 3
365 4 0 1 2 3
366 4 0 1 2 3
367 4 0 1 2 3
368 4 0 1 2 3
369 4 0 1 2 3
370 4 0 1 2 3
371 4 0 1 2 3
372 4 0 1 2 3
373 4 0 1 2 3
374 4 0 1 2 3
375 4 0 1 2 3
376 4 0 1 2 3
377 4 0 1 2 3
378 4 0 1 2 3
379 4 0 1 2 3
380 4 0 1 2 3
381 4 0 1 2 3
382 4 0 1 2 3
383 4 0 1 2 3
384 4 0 1 2 3
385 4 0 1 2 3
386 4 0 1 2 3
387 4 0 1 2 3
388 4 0 1 2 3
389 4 0 1 2 3
390 4 0 1 2 3
391 4 0 1 2 3
392 4 0 1 2 3
393 4 0 1 2 3
394 4 0 1 2 3
395 4 0 1 2 3
396 4 0 1 2 3
1131
1 160 4   0 0   1 1   2 2   3 3
1 50 4   0 0   1 1   2 2   3 3
1 229 4   0 0   1 1   2 2   3 3
1 245 4   0 0   1 1   2 2   3 3
1 329 4   0 0   1 1   2 2   3 3
1 122 4   0 0   1 1   2 2   3 3
1 76 4   0 0   1 1   2 2   3 3
1 364 4   0 0   1 1   2 2   3 3
1 239 4   0 0   1 1   2 2   3 3
2 384 4   0 0   1 1   2 2   3 3
2 274 4   0 0   1 1   2 2   3 3
2 312 4   0 0   1 1   2 2   3 3
2 202 4   0 0   1 1   2 2   3 3
2 269 4   0 0   1 1   2 2   3 3
3 323 4   0 0   1 1   2 2   3 3
3 164 4   0 0   1 1   2 2   3 3
3 311 4   0 0   1 1   2 2   3 3
3 284 4   0 0   1 1   2 2   3 3
3 204 4   0 0   1 1   2 2   3 3
3 287 4   0 0   1 1   2 2   3 3
3 95 4   0 0   1 1   2 2   3 3
4 192 4   0 0   1 1   2 2   3 3
4 226 4   0 0   1 1   2 2   3 3
4 229 4   0 0   1 1   2 2   3 3
4 124 4   0 0   1 1   2 2   3 3
5 181 4   0 0   1 1   2 2   3 3
5 295 4   0 0   1 1   2 2   3 3
5 89 4   0 0   1 1   2 2   3 3
5 170 4   0 0   1 1   2 2   3 3
5 189 4   0 0   1 1   2 2   3 3
5 253 4   0 0   1 1   2 2   3 3
6 241 4   0 0   1 1   2 2   3 3
6 24 4   0 0   1 1   2 2   3 3
6 345 4   0 0   1 1   2 2   3 3
6 394 4   0 0   1 1   2 2   3 3
6 173 4   0 0   1 1   2 2   3 3
7 304 4   0 0   1 1   2 2   3 3
7 337 4   0 0   1 1   2 2   3 3
7 179 4   0 0   1 1   2 2   3 3
7 53 4   0 0   1 1   2 2   3 3
7 41 4   0 0   1 1   2 2   3 3
7 223 4   0 0   1 1   2 2   3 3
8 98 4   0 0   1 1   2 2   3 3
8 373 4   0 0   1 1   2 2   3 3
8 135 4   0 0   1 1   2 2   3 3
9 113 4   0 0   1 1   2 2   3 3
9 115 4   0 0   1 1   2 2   3 3
9 339 4   0 0   1 1   2 2   3 3
9 167 4   0 0   1 1   2 2   3 3
9 265 4   0 0   1 1   2 2   3 3
9 204 4   0 0   1 1   2 2   3 3
10 392 4   0 0   1 1   2 2   3 3
10 379 4   0 0   1 1   2 2   3 3
10 139 4   0 0   1 1   2 2   3 3
11 210 4   0 0   1 1   2 2   3 3
11 183 4   0 0   1 1   2 2   3 3
11 377 4   0 0   1 1   2 2   3 3
11 283 4   0 0   1 1   2 2   3 3
11 94 4   0 0   1 1   2 2   3 3
12 149 4   0 0   1 1   2 2   3 3
12 198 4   0 0   1 1   2 2   3 3
12 103 4   0 0   1 1   2 2   3 3
12 248 4   0 0   1 1   2 2   3 3
12 328 4   0 0   1 1   2 2   3 3
12 170 4   0 0   1 1   2 2   3 3
12 28 4   0 0   1 1   2 2   3 3
12 334 4   0 0   1 1   2 2   3 3
13 137 4   0 0   1 1   2 2   3 3
13 314 4   0 0   1 1   2 2   3 3
13 138 4   0 0   1 1   2 2   3 3
13 58 4   0 0   1 1   2 2   3 3
13 346 4   0 0   1 1   2 2   3 3
13 349 4   0 0   1 1   2 2   3 3
14 338 4   0 0   1 1   2 2   3 3
14 262 4   0 0   1 1   2 2   3 3
14 247 4   0 0   1 1   2 2   3 3
14 391 4   0 0   1 1   2 2   3 3
14 335 4   0 0   1 1   2 2   3 3
15 64 4   0 0   1 1   2 2   3 3
15 145 4   0 0   1 1   2 2   3 3
15 258 4   0 0   1 1   2 2   3 3
15 153 4   0 0   1 1   2 2   3 3
16 128 4   0 0   1 1   2 2   3 3
16 320 4   0 0   1 1   2 2   3 3
16 368 4   0 0   1 1   2 2   3 3
16 117 4   0 0   1 1   2 2   3 3
16 361 4   0 0   1 1   2 2   3 3
16 201 4   0 0   1 1   2 2   3 3
16 29 4   0 0   1 1   2 2   3 3
17 129 4   0 0   1 1   2 2   3 3
17 178 4   0 0   1 1   2 2   3 3
17 261 4   0 0   1 1   2 2   3 3
17 278 4   0 0   1 1   2 2   3 3
17 220 4   0 0   1 1   2 2   3 3
18 19 4   0 0   1 1   2 2   3 3
18 280 4   0 0   1 1   2 2   3 3
18 105 4   0 0   1 1   2 2   3 3
18 73 4   0 0   1 1   2 2   3 3
18 218 4   0 0   1 1   2 2   3 3
19 280 4   0 0   1 1   2 2   3 3
19 218 4   0 0   1 1   2 2   3 3
19 79 4   0 0   1 1   2 2   3 3
20 164 4   0 0   1 1   2 2   3 3
20 120 4   0 0   1 1   2 2   3 3
20 219 4   0 0   1 1   2 2   3 3
20 284 4   0 0   1 1   2 2   3 3
20 254 4   0 0   1 1   2 2   3 3
21 197 4   0 0   1 1   2 2   3 3
21 279 4   0 0   1 1   2 2   3 3
21 135 4   0 0   1 1   2 2   3 3
21 366 4   0 0   1 1   2 2   3 3
22 101 4   0 0   1 1   2 2   3 3
22 375 4   0 0   1 1   2 2   3 3
22 360 4   0 0   1 1   2 2   3 3
22 189 4   0 0   1 1   2 2   3 3
22 253 4   0 0   1 1   2 2   3 3
22 335 4   0 0   1 1   2 2   3 3
23 112 4   0 0   1 1   2 2   3 3
23 249 4   0 0   1 1   2 2   3 3
23 93 4   0 0   1 1   2 2   3 3
24 241 4   0 0   1 1   2 2   3 3
24 268 4   0 0   1 1   2 2   3 3
24 173 4   0 0   1 1   2 2   3 3
25 48 4   0 0   1 1   2 2   3 3
25 161 4   0 0   1 1   2 2   3 3
25 260 4   0 0   1 1   2 2   3 3
25 292 4   0 0   1 1   2 2   3 3
25 325 4   0 0   1 1   2 2   3 3
25 149 4   0 0   1 1   2 2   3 3
25 248 4   0 0   1 1   2 2   3 3
25 90 4   0 0   1 1   2 2   3 3
26 176 4   0 0   1 1   2 2   3 3
26 256 4   0 0   1 1   2 2   3 3
26 98 4   0 0   1 1   2 2   3 3
26 74 4   0 0   1 1   2 2   3 3
26 235 4   0 0   1 1   2 2   3 3
26 366 4   0 0   1 1   2 2   3 3
27 160 4   0 0   1 1   2 2   3 3
27 291 4   0 0   1 1   2 2   3 3
27 216 4   0 0   1 1   2 2   3 3
27 329 4   0 0   1 1   2 2   3 3
27 186 4   0 0   1 1   2 2   3 3
27 316 4   0 0   1 1   2 2   3 3
27 332 4   0 0   1 1   2 2   3 3
28 81 4   0 0   1 1   2 2   3 3
28 242 4   0 0   1 1   2 2   3 3
28 149 4   0 0   1 1   2 2   3 3
28 86 4   0 0   1 1   2 2   3 3
28 334 4   0 0   1 1   2 2   3 3
29 288 4   0 0   1 1   2 2   3 3
29 320 4   0 0   1 1   2 2   3 3
29 182 4   0 0   1 1   2 2   3 3
29 361 4   0 0   1 1   2 2   3 3
29 106 4   0 0   1 1   2 2   3 3
29 123 4   0 0   1 1   2 2   3 3
29 285 4   0 0   1 1   2 2   3 3
29 303 4   0 0   1 1   2 2   3 3
29 31 4   0 0   1 1   2 2   3 3
30 259 4   0 0   1 1   2 2   3 3
30 388 4   0 0   1 1   2 2   3 3
30 246 4   0 0   1 1   2 2   3 3
30 266 4   0 0   1 1   2 2   3 3
30 236 4   0 0   1 1   2 2   3 3
31 320 4   0 0   1 1   2 2   3 3
31 106 4   0 0   1 1   2 2   3 3
31 285 4   0 0   1 1   2 2   3 3
31 126 4   0 0   1 1   2 2   3 3
32 290 4   0 0   1 1   2 2   3 3
32 116 4   0 0   1 1   2 2   3 3
32 393 4   0 0   1 1   2 2   3 3
32 234 4   0 0   1 1   2 2   3 3
33 240 4   0 0   1 1   2 2   3 3
33 51 4   0 0   1 1   2 2   3 3
33 324 4   0 0   1 1   2 2   3 3
33 263 4   0 0   1 1   2 2   3 3
33 250 4   0 0   1 1   2 2   3 3
33 191 4   0 0   1 1   2 2   3 3
34 241 4   0 0   1 1   2 2   3 3
34 340 4   0 0   1 1   2 2   3 3
34 345 4   0 0   1 1   2 2   3 3
35 144 4   0 0   1 1   2 2   3 3
35 193 4   0 0   1 1   2 2   3 3
35 100 4   0 0   1 1   2 2   3 3
35 230 4   0 0   1 1   2 2   3 3
35 266 4   0 0   1 1   2 2   3 3
35 45 4   0 0   1 1   2 2   3 3
36 340 4   0 0   1 1   2 2   3 3
36 342 4   0 0   1 1   2 2   3 3
36 375 4   0 0   1 1   2 2   3 3
36 252 4   0 0   1 1   2 2   3 3
36 253 4   0 0   1 1   2 2   3 3
36 157 4   0 0   1 1   2 2   3 3
37 96 4   0 0   1 1   2 2   3 3
37 308 4   0 0   1 1   2 2   3 3
37 311 4   0 0   1 1   2 2   3 3
37 56 4   0 0   1 1   2 2   3 3
37 315 4   0 0   1 1   2 2   3 3
37 317 4   0 0   1 1   2 2   3 3
38 260 4   0 0   1 1   2 2   3 3
38 69 4   0 0   1 1   2 2   3 3
38 107 4   0 0   1 1   2 2   3 3
38 159 4   0 0   1 1   2 2   3 3
39 387 4   0 0   1 1   2 2   3 3
39 131 4   0 0   1 1   2 2   3 3
39 263 4   0 0   1 1   2 2   3 3
39 349 4   0 0   1 1   2 2   3 3
40 243 4   0 0   1 1   2 2   3 3
40 148 4   0 0   1 1   2 2   3 3
40 261 4   0 0   1 1   2 2   3 3
40 278 4   0 0   1 1   2 2   3 3
40 118 4   0 0   1 1   2 2   3 3
40 319 4   0 0   1 1   2 2   3 3
41 308 4   0 0   1 1   2 2   3 3
41 53 4   0 0   1 1   2 2   3 3
41 311 4   0 0   1 1   2 2   3 3
41 119 4   0 0   1 1   2 2   3 3
41 223 4   0 0   1 1   2 2   3 3
42 83 4   0 0   1 1   2 2   3 3
42 333 4   0 0   1 1   2 2   3 3
42 383 4   0 0   1 1   2 2   3 3
43 160 4   0 0   1 1   2 2   3 3
43 146 4   0 0   1 1   2 2   3 3
43 290 4   0 0   1 1   2 2   3 3
43 216 4   0 0   1 1   2 2   3 3
43 281 4   0 0   1 1   2 2   3 3
44 217 4   0 0   1 1   2 2   3 3
44 142 4   0 0   1 1   2 2   3 3
44 350 4   0 0   1 1   2 2   3 3
44 158 4   0 0   1 1   2 2   3 3
45 193 4   0 0   1 1   2 2   3 3
45 227 4   0 0   1 1   2 2   3 3
45 84 4   0 0   1 1   2 2   3 3
45 230 4   0 0   1 1   2 2   3 3
45 88 4   0 0   1 1   2 2   3 3
46 242 4   0 0   1 1   2 2   3 3
46 54 4   0 0   1 1   2 2   3 3
46 103 4   0 0   1 1   2 2   3 3
46 264 4   0 0   1 1   2 2   3 3
46 122 4   0 0   1 1   2 2   3 3
46 382 4   0 0   1 1   2 2   3 3
46 334 4   0 0   1 1   2 2   3 3
47 176 4   0 0   1 1   2 2   3 3
47 273 4   0 0   1 1   2 2   3 3
47 338 4   0 0   1 1   2 2   3 3
47 247 4   0 0   1 1   2 2   3 3
47 74 4   0 0   1 1   2 2   3 3
48 384 4   0 0   1 1   2 2   3 3
48 161 4   0 0   1 1   2 2   3 3
48 386 4   0 0   1 1   2 2   3 3
48 248 4   0 0   1 1   2 2   3 3
48 269 4   0 0   1 1   2 2   3 3
49 98 4   0 0   1 1   2 2   3 3
49 373 4   0 0   1 1   2 2   3 3
49 235 4   0 0   1 1   2 2   3 3
49 190 4   0 0   1 1   2 2   3 3
50 192 4   0 0   1 1   2 2   3 3
50 229 4   0 0   1 1   2 2   3 3
50 245 4   0 0   1 1   2 2   3 3
51 240 4   0 0   1 1   2 2   3 3
51 116 4   0 0   1 1   2 2   3 3
51 216 4   0 0   1 1   2 2   3 3
51 191 4   0 0   1 1   2 2   3 3
52 354 4   0 0   1 1   2 2   3 3
52 339 4   0 0   1 1   2 2   3 3
52 120 4   0 0   1 1   2 2   3 3
52 254 4   0 0   1 1   2 2   3 3
53 179 4   0 0   1 1   2 2   3 3
53 311 4   0 0   1 1   2 2   3 3
53 95 4   0 0   1 1   2 2   3 3
54 103 4   0 0   1 1   2 2   3 3
54 122 4   0 0   1 1   2 2   3 3
54 76 4   0 0   1 1   2 2   3 3
54 110 4   0 0   1 1   2 2   3 3
55 289 4   0 0   1 1   2 2   3 3
55 356 4   0 0   1 1   2 2   3 3
55 85 4   0 0   1 1   2 2   3 3
55 326 4   0 0   1 1   2 2   3 3
55 71 4   0 0   1 1   2 2   3 3
55 184 4   0 0   1 1   2 2   3 3
55 298 4   0 0   1 1   2 2   3 3
56 96 4   0 0   1 1   2 2   3 3
56 305 4   0 0   1 1   2 2   3 3
56 66 4   0 0   1 1   2 2   3 3
56 317 4   0 0   1 1   2 2   3 3
57 193 4   0 0   1 1   2 2   3 3
57 67 4   0 0   1 1   2 2   3 3
57 388 4   0 0   1 1   2 2   3 3
57 166 4   0 0   1 1   2 2   3 3
57 246 4   0 0   1 1   2 2   3 3
57 393 4   0 0   1 1   2 2   3 3
58 240 4   0 0   1 1   2 2   3 3
58 97 4   0 0   1 1   2 2   3 3
58 213 4   0 0   1 1   2 2   3 3
58 137 4   0 0   1 1   2 2   3 3
58 250 4   0 0   1 1   2 2   3 3
58 349 4   0 0   1 1   2 2   3 3
59 68 4   0 0   1 1   2 2   3 3
59 201 4   0 0   1 1   2 2   3 3
59 125 4   0 0   1 1   2 2   3 3
60 292 4   0 0   1 1   2 2   3 3
60 149 4   0 0   1 1   2 2   3 3
60 86 4   0 0   1 1   2 2   3 3
60 330 4   0 0   1 1   2 2   3 3
60 90 4   0 0   1 1   2 2   3 3
60 172 4   0 0   1 1   2 2   3 3
60 111 4   0 0   1 1   2 2   3 3
61 131 4   0 0   1 1   2 2   3 3
61 85 4   0 0   1 1   2 2   3 3
61 214 4   0 0   1 1   2 2   3 3
62 231 4   0 0   1 1   2 2   3 3
62 379 4   0 0   1 1   2 2   3 3
62 365 4   0 0   1 1   2 2   3 3
63 275 4   0 0   1 1   2 2   3 3
63 212 4   0 0   1 1   2 2   3 3
63 396 4   0 0   1 1   2 2   3 3
63 93 4   0 0   1 1   2 2   3 3
64 145 4   0 0   1 1   2 2   3 3
64 163 4   0 0   1 1   2 2   3 3
64 198 4   0 0   1 1   2 2   3 3
64 153 4   0 0   1 1   2 2   3 3
64 110 4   0 0   1 1   2 2   3 3
65 257 4   0 0   1 1   2 2   3 3
65 102 4   0 0   1 1   2 2   3 3
65 214 4   0 0   1 1   2 2   3 3
65 221 4   0 0   1 1   2 2   3 3
65 206 4   0 0   1 1   2 2   3 3
66 96 4   0 0   1 1   2 2   3 3
66 305 4   0 0   1 1   2 2   3 3
66 99 4   0 0   1 1   2 2   3 3
66 134 4   0 0   1 1   2 2   3 3
66 155 4   0 0   1 1   2 2   3 3
66 286 4   0 0   1 1   2 2   3 3
67 321 4   0 0   1 1   2 2   3 3
67 246 4   0 0   1 1   2 2   3 3
67 393 4   0 0   1 1   2 2   3 3
67 234 4   0 0   1 1   2 2   3 3
68 231 4   0 0   1 1   2 2   3 3
68 392 4   0 0   1 1   2 2   3 3
68 379 4   0 0   1 1   2 2   3 3
68 125 4   0 0   1 1   2 2   3 3
68 78 4   0 0   1 1   2 2   3 3
69 194 4   0 0   1 1   2 2   3 3
69 243 4   0 0   1 1   2 2   3 3
69 260 4   0 0   1 1   2 2   3 3
69 278 4   0 0   1 1   2 2   3 3
69 87 4   0 0   1 1   2 2   3 3
69 168 4   0 0   1 1   2 2   3 3
69 330 4   0 0   1 1   2 2   3 3
69 107 4   0 0   1 1   2 2   3 3
69 203 4   0 0   1 1   2 2   3 3
70 337 4   0 0   1 1   2 2   3 3
70 119 4   0 0   1 1   2 2   3 3
70 223 4   0 0   1 1   2 2   3 3
71 289 4   0 0   1 1   2 2   3 3
71 387 4   0 0   1 1   2 2   3 3
71 296 4   0 0   1 1   2 2   3 3
71 184 4   0 0   1 1   2 2   3 3
71 346 4   0 0   1 1   2 2   3 3
72 275 4   0 0   1 1   2 2   3 3
72 138 4   0 0   1 1   2 2   3 3
72 108 4   0 0   1 1   2 2   3 3
72 396 4   0 0   1 1   2 2   3 3
72 271 4   0 0   1 1   2 2   3 3
73 224 4   0 0   1 1   2 2   3 3
73 105 4   0 0   1 1   2 2   3 3
73 218 4   0 0   1 1   2 2   3 3
74 256 4   0 0   1 1   2 2   3 3
74 176 4   0 0   1 1   2 2   3 3
74 309 4   0 0   1 1   2 2   3 3
74 247 4   0 0   1 1   2 2   3 3
74 380 4   0 0   1 1   2 2   3 3
75 336 4   0 0   1 1   2 2   3 3
75 199 4   0 0   1 1   2 2   3 3
75 327 4   0 0   1 1   2 2   3 3
75 380 4   0 0   1 1   2 2   3 3
75 367 4   0 0   1 1   2 2   3 3
76 122 4   0 0   1 1   2 2   3 3
76 364 4   0 0   1 1   2 2   3 3
76 110 4   0 0   1 1   2 2   3 3
77 307 4   0 0   1 1   2 2   3 3
77 228 4   0 0   1 1   2 2   3 3
77 133 4   0 0   1 1   2 2   3 3
77 359 4   0 0   1 1   2 2   3 3
77 174 4   0 0   1 1   2 2   3 3
77 318 4   0 0   1 1   2 2   3 3
77 127 4   0 0   1 1   2 2   3 3
78 128 4   0 0   1 1   2 2   3 3
78 392 4   0 0   1 1   2 2   3 3
78 300 4   0 0   1 1   2 2   3 3
78 125 4   0 0   1 1   2 2   3 3
78 303 4   0 0   1 1   2 2   3 3
79 307 4   0 0   1 1   2 2   3 3
79 280 4   0 0   1 1   2 2   3 3
79 218 4   0 0   1 1   2 2   3 3
80 117 4   0 0   1 1   2 2   3 3
80 277 4   0 0   1 1   2 2   3 3
80 104 4   0 0   1 1   2 2   3 3
80 302 4   0 0   1 1   2 2   3 3
81 225 4   0 0   1 1   2 2   3 3
81 82 4   0 0   1 1   2 2   3 3
81 242 4   0 0   1 1   2 2   3 3
81 86 4   0 0   1 1   2 2   3 3
81 233 4   0 0   1 1   2 2   3 3
82 129 4   0 0   1 1   2 2   3 3
82 86 4   0 0   1 1   2 2   3 3
82 233 4   0 0   1 1   2 2   3 3
82 172 4   0 0   1 1   2 2   3 3
82 111 4   0 0   1 1   2 2   3 3
83 162 4   0 0   1 1   2 2   3 3
83 297 4   0 0   1 1   2 2   3 3
83 154 4   0 0   1 1   2 2   3 3
83 333 4   0 0   1 1   2 2   3 3
83 301 4   0 0   1 1   2 2   3 3
83 221 4   0 0   1 1   2 2   3 3
83 302 4   0 0   1 1   2 2   3 3
83 206 4   0 0   1 1   2 2   3 3
83 383 4   0 0   1 1   2 2   3 3
84 193 4   0 0   1 1   2 2   3 3
84 131 4   0 0   1 1   2 2   3 3
84 227 4   0 0   1 1   2 2   3 3
84 324 4   0 0   1 1   2 2   3 3
84 102 4   0 0   1 1   2 2   3 3
84 166 4   0 0   1 1   2 2   3 3
85 131 4   0 0   1 1   2 2   3 3
85 356 4   0 0   1 1   2 2   3 3
85 214 4   0 0   1 1   2 2   3 3
85 184 4   0 0   1 1   2 2   3 3
86 149 4   0 0   1 1   2 2   3 3
86 172 4   0 0   1 1   2 2   3 3
87 194 4   0 0   1 1   2 2   3 3
87 374 4   0 0   1 1   2 2   3 3
87 107 4   0 0   1 1   2 2   3 3
88 144 4   0 0   1 1   2 2   3 3
88 227 4   0 0   1 1   2 2   3 3
88 293 4   0 0   1 1   2 2   3 3
88 102 4   0 0   1 1   2 2   3 3
88 230 4   0 0   1 1   2 2   3 3
89 353 4   0 0   1 1   2 2   3 3
89 390 4   0 0   1 1   2 2   3 3
89 295 4   0 0   1 1   2 2   3 3
89 136 4   0 0   1 1   2 2   3 3
89 187 4   0 0   1 1   2 2   3 3
89 189 4   0 0   1 1   2 2   3 3
90 292 4   0 0   1 1   2 2   3 3
90 260 4   0 0   1 1   2 2   3 3
90 330 4   0 0   1 1   2 2   3 3
91 146 4   0 0   1 1   2 2   3 3
91 132 4   0 0   1 1   2 2   3 3
91 294 4   0 0   1 1   2 2   3 3
91 281 4   0 0   1 1   2 2   3 3
91 92 4   0 0   1 1   2 2   3 3
92 132 4   0 0   1 1   2 2   3 3
92 294 4   0 0   1 1   2 2   3 3
92 234 4   0 0   1 1   2 2   3 3
92 267 4   0 0   1 1   2 2   3 3
93 112 4   0 0   1 1   2 2   3 3
93 275 4   0 0   1 1   2 2   3 3
93 212 4   0 0   1 1   2 2   3 3
93 249 4   0 0   1 1   2 2   3 3
93 271 4   0 0   1 1   2 2   3 3
94 113 4   0 0   1 1   2 2   3 3
94 210 4   0 0   1 1   2 2   3 3
94 211 4   0 0   1 1   2 2   3 3
94 283 4   0 0   1 1   2 2   3 3
95 179 4   0 0   1 1   2 2   3 3
95 311 4   0 0   1 1   2 2   3 3
95 219 4   0 0   1 1   2 2   3 3
95 284 4   0 0   1 1   2 2   3 3
96 134 4   0 0   1 1   2 2   3 3
96 311 4   0 0   1 1   2 2   3 3
97 240 4   0 0   1 1   2 2   3 3
97 213 4   0 0   1 1   2 2   3 3
97 216 4   0 0   1 1   2 2   3 3
97 313 4   0 0   1 1   2 2   3 3
97 332 4   0 0   1 1   2 2   3 3
98 373 4   0 0   1 1   2 2   3 3
98 135 4   0 0   1 1   2 2   3 3
98 366 4   0 0   1 1   2 2   3 3
99 305 4   0 0   1 1   2 2   3 3
99 394 4   0 0   1 1   2 2   3 3
99 155 4   0 0   1 1   2 2   3 3
99 268 4   0 0   1 1   2 2   3 3
99 173 4   0 0   1 1   2 2   3 3
100 144 4   0 0   1 1   2 2   3 3
100 140 4   0 0   1 1   2 2   3 3
100 255 4   0 0   1 1   2 2   3 3
101 391 4   0 0   1 1   2 2   3 3
101 327 4   0 0   1 1   2 2   3 3
101 360 4   0 0   1 1   2 2   3 3
101 331 4   0 0   1 1   2 2   3 3
101 367 4   0 0   1 1   2 2   3 3
101 335 4   0 0   1 1   2 2   3 3
102 257 4   0 0   1 1   2 2   3 3
102 131 4   0 0   1 1   2 2   3 3
102 227 4   0 0   1 1   2 2   3 3
102 293 4   0 0   1 1   2 2   3 3
102 214 4   0 0   1 1   2 2   3 3
103 163 4   0 0   1 1   2 2   3 3
103 198 4   0 0   1 1   2 2   3 3
103 334 4   0 0   1 1   2 2   3 3
103 110 4   0 0   1 1   2 2   3 3
104 322 4   0 0   1 1   2 2   3 3
104 356 4   0 0   1 1   2 2   3 3
104 117 4   0 0   1 1   2 2   3 3
104 298 4   0 0   1 1   2 2   3 3
104 302 4   0 0   1 1   2 2   3 3
105 224 4   0 0   1 1   2 2   3 3
105 152 4   0 0   1 1   2 2   3 3
105 280 4   0 0   1 1   2 2   3 3
105 362 4   0 0   1 1   2 2   3 3
106 288 4   0 0   1 1   2 2   3 3
106 212 4   0 0   1 1   2 2   3 3
106 389 4   0 0   1 1   2 2   3 3
106 126 4   0 0   1 1   2 2   3 3
107 352 4   0 0   1 1   2 2   3 3
107 244 4   0 0   1 1   2 2   3 3
107 374 4   0 0   1 1   2 2   3 3
107 251 4   0 0   1 1   2 2   3 3
107 159 4   0 0   1 1   2 2   3 3
108 208 4   0 0   1 1   2 2   3 3
108 137 4   0 0   1 1   2 2   3 3
108 138 4   0 0   1 1   2 2   3 3
108 314 4   0 0   1 1   2 2   3 3
108 238 4   0 0   1 1   2 2   3 3
108 271 4   0 0   1 1   2 2   3 3
109 226 4   0 0   1 1   2 2   3 3
109 371 4   0 0   1 1   2 2   3 3
109 357 4   0 0   1 1   2 2   3 3
109 311 4   0 0   1 1   2 2   3 3
109 169 4   0 0   1 1   2 2   3 3
109 124 4   0 0   1 1   2 2   3 3
109 175 4   0 0   1 1   2 2   3 3
110 145 4   0 0   1 1   2 2   3 3
110 163 4   0 0   1 1   2 2   3 3
110 364 4   0 0   1 1   2 2   3 3
111 129 4   0 0   1 1   2 2   3 3
111 278 4   0 0   1 1   2 2   3 3
111 168 4   0 0   1 1   2 2   3 3
111 330 4   0 0   1 1   2 2   3 3
111 172 4   0 0   1 1   2 2   3 3
112 208 4   0 0   1 1   2 2   3 3
112 306 4   0 0   1 1   2 2   3 3
112 118 4   0 0   1 1   2 2   3 3
112 249 4   0 0   1 1   2 2   3 3
112 271 4   0 0   1 1   2 2   3 3
113 211 4   0 0   1 1   2 2   3 3
113 265 4   0 0   1 1   2 2   3 3
113 283 4   0 0   1 1   2 2   3 3
113 204 4   0 0   1 1   2 2   3 3
114 181 4   0 0   1 1   2 2   3 3
114 198 4   0 0   1 1   2 2   3 3
114 328 4   0 0   1 1   2 2   3 3
114 153 4   0 0   1 1   2 2   3 3
114 170 4   0 0   1 1   2 2   3 3
114 282 4   0 0   1 1   2 2   3 3
114 253 4   0 0   1 1   2 2   3 3
115 339 4   0 0   1 1   2 2   3 3
115 164 4   0 0   1 1   2 2   3 3
115 204 4   0 0   1 1   2 2   3 3
115 254 4   0 0   1 1   2 2   3 3
116 290 4   0 0   1 1   2 2   3 3
116 166 4   0 0   1 1   2 2   3 3
116 216 4   0 0   1 1   2 2   3 3
116 393 4   0 0   1 1   2 2   3 3
116 191 4   0 0   1 1   2 2   3 3
117 368 4   0 0   1 1   2 2   3 3
117 322 4   0 0   1 1   2 2   3 3
118 306 4   0 0   1 1   2 2   3 3
118 261 4   0 0   1 1   2 2   3 3
118 343 4   0 0   1 1   2 2   3 3
118 249 4   0 0   1 1   2 2   3 3
118 319 4   0 0   1 1   2 2   3 3
119 308 4   0 0   1 1   2 2   3 3
119 381 4   0 0   1 1   2 2   3 3
119 223 4   0 0   1 1   2 2   3 3
120 337 4   0 0   1 1   2 2   3 3
120 354 4   0 0   1 1   2 2   3 3
120 179 4   0 0   1 1   2 2   3 3
120 219 4   0 0   1 1   2 2   3 3
120 254 4   0 0   1 1   2 2   3 3
121 392 4   0 0   1 1   2 2   3 3
121 232 4   0 0   1 1   2 2   3 3
121 348 4   0 0   1 1   2 2   3 3
121 156 4   0 0   1 1   2 2   3 3
121 141 4   0 0   1 1   2 2   3 3
121 351 4   0 0   1 1   2 2   3 3
122 358 4   0 0   1 1   2 2   3 3
122 264 4   0 0   1 1   2 2   3 3
122 329 4   0 0   1 1   2 2   3 3
122 316 4   0 0   1 1   2 2   3 3
123 285 4   0 0   1 1   2 2   3 3
124 192 4   0 0   1 1   2 2   3 3
124 226 4   0 0   1 1   2 2   3 3
124 169 4   0 0   1 1   2 2   3 3
125 128 4   0 0   1 1   2 2   3 3
125 201 4   0 0   1 1   2 2   3 3
126 320 4   0 0   1 1   2 2   3 3
126 368 4   0 0   1 1   2 2   3 3
126 289 4   0 0   1 1   2 2   3 3
126 195 4   0 0   1 1   2 2   3 3
126 212 4   0 0   1 1   2 2   3 3
126 296 4   0 0   1 1   2 2   3 3
127 307 4   0 0   1 1   2 2   3 3
127 140 4   0 0   1 1   2 2   3 3
127 174 4   0 0   1 1   2 2   3 3
127 255 4   0 0   1 1   2 2   3 3
128 201 4   0 0   1 1   2 2   3 3
128 361 4   0 0   1 1   2 2   3 3
128 300 4   0 0   1 1   2 2   3 3
129 278 4   0 0   1 1   2 2   3 3
129 233 4   0 0   1 1   2 2   3 3
129 220 4   0 0   1 1   2 2   3 3
130 341 4   0 0   1 1   2 2   3 3
130 376 4   0 0   1 1   2 2   3 3
130 299 4   0 0   1 1   2 2   3 3
130 156 4   0 0   1 1   2 2   3 3
130 141 4   0 0   1 1   2 2   3 3
130 143 4   0 0   1 1   2 2   3 3
131 387 4   0 0   1 1   2 2   3 3
131 324 4   0 0   1 1   2 2   3 3
131 214 4   0 0   1 1   2 2   3 3
131 263 4   0 0   1 1   2 2   3 3
131 184 4   0 0   1 1   2 2   3 3
132 281 4   0 0   1 1   2 2   3 3
132 234 4   0 0   1 1   2 2   3 3
133 162 4   0 0   1 1   2 2   3 3
133 228 4   0 0   1 1   2 2   3 3
133 359 4   0 0   1 1   2 2   3 3
133 222 4   0 0   1 1   2 2   3 3
134 226 4   0 0   1 1   2 2   3 3
134 311 4   0 0   1 1   2 2   3 3
134 286 4   0 0   1 1   2 2   3 3
135 197 4   0 0   1 1   2 2   3 3
135 279 4   0 0   1 1   2 2   3 3
135 366 4   0 0   1 1   2 2   3 3
136 353 4   0 0   1 1   2 2   3 3
136 386 4   0 0   1 1   2 2   3 3
136 248 4   0 0   1 1   2 2   3 3
136 378 4   0 0   1 1   2 2   3 3
136 187 4   0 0   1 1   2 2   3 3
137 213 4   0 0   1 1   2 2   3 3
137 314 4   0 0   1 1   2 2   3 3
137 238 4   0 0   1 1   2 2   3 3
137 270 4   0 0   1 1   2 2   3 3
138 314 4   0 0   1 1   2 2   3 3
138 346 4   0 0   1 1   2 2   3 3
138 396 4   0 0   1 1   2 2   3 3
139 355 4   0 0   1 1   2 2   3 3
139 392 4   0 0   1 1   2 2   3 3
139 379 4   0 0   1 1   2 2   3 3
139 299 4   0 0   1 1   2 2   3 3
139 156 4   0 0   1 1   2 2   3 3
139 365 4   0 0   1 1   2 2   3 3
140 307 4   0 0   1 1   2 2   3 3
140 255 4   0 0   1 1   2 2   3 3
141 341 4   0 0   1 1   2 2   3 3
141 156 4   0 0   1 1   2 2   3 3
141 348 4   0 0   1 1   2 2   3 3
142 212 4   0 0   1 1   2 2   3 3
142 389 4   0 0   1 1   2 2   3 3
142 217 4   0 0   1 1   2 2   3 3
142 249 4   0 0   1 1   2 2   3 3
142 158 4   0 0   1 1   2 2   3 3
142 303 4   0 0   1 1   2 2   3 3
143 244 4   0 0   1 1   2 2   3 3
143 341 4   0 0   1 1   2 2   3 3
143 376 4   0 0   1 1   2 2   3 3
143 188 4   0 0   1 1   2 2   3 3
143 205 4   0 0   1 1   2 2   3 3
144 293 4   0 0   1 1   2 2   3 3
144 230 4   0 0   1 1   2 2   3 3
144 174 4   0 0   1 1   2 2   3 3
144 255 4   0 0   1 1   2 2   3 3
145 258 4   0 0   1 1   2 2   3 3
145 364 4   0 0   1 1   2 2   3 3
145 239 4   0 0   1 1   2 2   3 3
146 160 4   0 0   1 1   2 2   3 3
146 192 4   0 0   1 1   2 2   3 3
146 245 4   0 0   1 1   2 2   3 3
146 294 4   0 0   1 1   2 2   3 3
146 281 4   0 0   1 1   2 2   3 3
147 272 4   0 0   1 1   2 2   3 3
147 370 4   0 0   1 1   2 2   3 3
147 148 4   0 0   1 1   2 2   3 3
147 363 4   0 0   1 1   2 2   3 3
147 351 4   0 0   1 1   2 2   3 3
147 207 4   0 0   1 1   2 2   3 3
148 272 4   0 0   1 1   2 2   3 3
148 243 4   0 0   1 1   2 2   3 3
148 363 4   0 0   1 1   2 2   3 3
148 207 4   0 0   1 1   2 2   3 3
148 319 4   0 0   1 1   2 2   3 3
149 292 4   0 0   1 1   2 2   3 3
149 248 4   0 0   1 1   2 2   3 3
150 225 4   0 0   1 1   2 2   3 3
150 209 4   0 0   1 1   2 2   3 3
150 178 4   0 0   1 1   2 2   3 3
150 306 4   0 0   1 1   2 2   3 3
150 358 4   0 0   1 1   2 2   3 3
150 343 4   0 0   1 1   2 2   3 3
150 220 4   0 0   1 1   2 2   3 3
150 237 4   0 0   1 1   2 2   3 3
151 291 4   0 0   1 1   2 2   3 3
151 213 4   0 0   1 1   2 2   3 3
151 358 4   0 0   1 1   2 2   3 3
151 313 4   0 0   1 1   2 2   3 3
151 237 4   0 0   1 1   2 2   3 3
151 270 4   0 0   1 1   2 2   3 3
152 162 4   0 0   1 1   2 2   3 3
152 228 4   0 0   1 1   2 2   3 3
152 280 4   0 0   1 1   2 2   3 3
152 154 4   0 0   1 1   2 2   3 3
152 362 4   0 0   1 1   2 2   3 3
153 198 4   0 0   1 1   2 2   3 3
153 282 4   0 0   1 1   2 2   3 3
153 268 4   0 0   1 1   2 2   3 3
153 157 4   0 0   1 1   2 2   3 3
154 162 4   0 0   1 1   2 2   3 3
154 362 4   0 0   1 1   2 2   3 3
154 333 4   0 0   1 1   2 2   3 3
154 383 4   0 0   1 1   2 2   3 3
155 258 4   0 0   1 1   2 2   3 3
155 226 4   0 0   1 1   2 2   3 3
155 229 4   0 0   1 1   2 2   3 3
155 268 4   0 0   1 1   2 2   3 3
155 286 4   0 0   1 1   2 2   3 3
156 392 4   0 0   1 1   2 2   3 3
156 299 4   0 0   1 1   2 2   3 3
157 241 4   0 0   1 1   2 2   3 3
157 340 4   0 0   1 1   2 2   3 3
157 282 4   0 0   1 1   2 2   3 3
157 252 4   0 0   1 1   2 2   3 3
157 268 4   0 0   1 1   2 2   3 3
158 272 4   0 0   1 1   2 2   3 3
158 249 4   0 0   1 1   2 2   3 3
158 350 4   0 0   1 1   2 2   3 3
158 319 4   0 0   1 1   2 2   3 3
159 260 4   0 0   1 1   2 2   3 3
159 325 4   0 0   1 1   2 2   3 3
159 251 4   0 0   1 1   2 2   3 3
160 245 4   0 0   1 1   2 2   3 3
160 216 4   0 0   1 1   2 2   3 3
160 329 4   0 0   1 1   2 2   3 3
161 384 4   0 0   1 1   2 2   3 3
161 385 4   0 0   1 1   2 2   3 3
161 325 4   0 0   1 1   2 2   3 3
161 395 4   0 0   1 1   2 2   3 3
161 251 4   0 0   1 1   2 2   3 3
162 228 4   0 0   1 1   2 2   3 3
162 221 4   0 0   1 1   2 2   3 3
162 222 4   0 0   1 1   2 2   3 3
163 198 4   0 0   1 1   2 2   3 3
164 284 4   0 0   1 1   2 2   3 3
164 204 4   0 0   1 1   2 2   3 3
164 254 4   0 0   1 1   2 2   3 3
165 352 4   0 0   1 1   2 2   3 3
165 276 4   0 0   1 1   2 2   3 3
165 244 4   0 0   1 1   2 2   3 3
165 344 4   0 0   1 1   2 2   3 3
165 395 4   0 0   1 1   2 2   3 3
165 205 4   0 0   1 1   2 2   3 3
166 193 4   0 0   1 1   2 2   3 3
166 324 4   0 0   1 1   2 2   3 3
166 393 4   0 0   1 1   2 2   3 3
166 191 4   0 0   1 1   2 2   3 3
167 354 4   0 0   1 1   2 2   3 3
167 339 4   0 0   1 1   2 2   3 3
167 196 4   0 0   1 1   2 2   3 3
167 265 4   0 0   1 1   2 2   3 3
168 278 4   0 0   1 1   2 2   3 3
168 330 4   0 0   1 1   2 2   3 3
169 192 4   0 0   1 1   2 2   3 3
169 294 4   0 0   1 1   2 2   3 3
169 175 4   0 0   1 1   2 2   3 3
170 181 4   0 0   1 1   2 2   3 3
170 295 4   0 0   1 1   2 2   3 3
170 248 4   0 0   1 1   2 2   3 3
170 328 4   0 0   1 1   2 2   3 3
171 257 4   0 0   1 1   2 2   3 3
171 359 4   0 0   1 1   2 2   3 3
171 221 4   0 0   1 1   2 2   3 3
173 394 4   0 0   1 1   2 2   3 3
173 268 4   0 0   1 1   2 2   3 3
174 293 4   0 0   1 1   2 2   3 3
174 359 4   0 0   1 1   2 2   3 3
174 255 4   0 0   1 1   2 2   3 3
175 371 4   0 0   1 1   2 2   3 3
175 211 4   0 0   1 1   2 2   3 3
175 294 4   0 0   1 1   2 2   3 3
176 273 4   0 0   1 1   2 2   3 3
176 235 4   0 0   1 1   2 2   3 3
177 273 4   0 0   1 1   2 2   3 3
177 262 4   0 0   1 1   2 2   3 3
177 202 4   0 0   1 1   2 2   3 3
177 378 4   0 0   1 1   2 2   3 3
178 261 4   0 0   1 1   2 2   3 3
178 343 4   0 0   1 1   2 2   3 3
178 220 4   0 0   1 1   2 2   3 3
179 304 4   0 0   1 1   2 2   3 3
179 337 4   0 0   1 1   2 2   3 3
179 219 4   0 0   1 1   2 2   3 3
180 340 4   0 0   1 1   2 2   3 3
180 342 4   0 0   1 1   2 2   3 3
180 199 4   0 0   1 1   2 2   3 3
180 360 4   0 0   1 1   2 2   3 3
180 345 4   0 0   1 1   2 2   3 3
181 253 4   0 0   1 1   2 2   3 3
182 361 4   0 0   1 1   2 2   3 3
182 300 4   0 0   1 1   2 2   3 3
182 303 4   0 0   1 1   2 2   3 3
183 321 4   0 0   1 1   2 2   3 3
183 210 4   0 0   1 1   2 2   3 3
183 377 4   0 0   1 1   2 2   3 3
183 267 4   0 0   1 1   2 2   3 3
184 387 4   0 0   1 1   2 2   3 3
185 354 4   0 0   1 1   2 2   3 3
185 196 4   0 0   1 1   2 2   3 3
185 215 4   0 0   1 1   2 2   3 3
185 377 4   0 0   1 1   2 2   3 3
185 283 4   0 0   1 1   2 2   3 3
186 291 4   0 0   1 1   2 2   3 3
186 358 4   0 0   1 1   2 2   3 3
186 316 4   0 0   1 1   2 2   3 3
187 262 4   0 0   1 1   2 2   3 3
187 378 4   0 0   1 1   2 2   3 3
187 189 4   0 0   1 1   2 2   3 3
188 244 4   0 0   1 1   2 2   3 3
188 341 4   0 0   1 1   2 2   3 3
188 374 4   0 0   1 1   2 2   3 3
189 262 4   0 0   1 1   2 2   3 3
189 253 4   0 0   1 1   2 2   3 3
189 335 4   0 0   1 1   2 2   3 3
190 385 4   0 0   1 1   2 2   3 3
190 274 4   0 0   1 1   2 2   3 3
190 395 4   0 0   1 1   2 2   3 3
190 235 4   0 0   1 1   2 2   3 3
191 324 4   0 0   1 1   2 2   3 3
192 229 4   0 0   1 1   2 2   3 3
192 245 4   0 0   1 1   2 2   3 3
192 294 4   0 0   1 1   2 2   3 3
193 388 4   0 0   1 1   2 2   3 3
193 266 4   0 0   1 1   2 2   3 3
194 341 4   0 0   1 1   2 2   3 3
194 374 4   0 0   1 1   2 2   3 3
194 363 4   0 0   1 1   2 2   3 3
194 203 4   0 0   1 1   2 2   3 3
194 348 4   0 0   1 1   2 2   3 3
195 289 4   0 0   1 1   2 2   3 3
195 296 4   0 0   1 1   2 2   3 3
196 354 4   0 0   1 1   2 2   3 3
196 265 4   0 0   1 1   2 2   3 3
196 283 4   0 0   1 1   2 2   3 3
197 366 4   0 0   1 1   2 2   3 3
198 328 4   0 0   1 1   2 2   3 3
199 327 4   0 0   1 1   2 2   3 3
199 360 4   0 0   1 1   2 2   3 3
199 331 4   0 0   1 1   2 2   3 3
200 289 4   0 0   1 1   2 2   3 3
200 322 4   0 0   1 1   2 2   3 3
200 326 4   0 0   1 1   2 2   3 3
202 273 4   0 0   1 1   2 2   3 3
202 386 4   0 0   1 1   2 2   3 3
202 312 4   0 0   1 1   2 2   3 3
202 378 4   0 0   1 1   2 2   3 3
202 269 4   0 0   1 1   2 2   3 3
203 243 4   0 0   1 1   2 2   3 3
203 363 4   0 0   1 1   2 2   3 3
204 323 4   0 0   1 1   2 2   3 3
204 211 4   0 0   1 1   2 2   3 3
205 355 4   0 0   1 1   2 2   3 3
205 244 4   0 0   1 1   2 2   3 3
205 376 4   0 0   1 1   2 2   3 3
206 356 4   0 0   1 1   2 2   3 3
206 214 4   0 0   1 1   2 2   3 3
206 301 4   0 0   1 1   2 2   3 3
206 221 4   0 0   1 1   2 2   3 3
207 272 4   0 0   1 1   2 2   3 3
208 306 4   0 0   1 1   2 2   3 3
208 238 4   0 0   1 1   2 2   3 3
208 271 4   0 0   1 1   2 2   3 3
209 306 4   0 0   1 1   2 2   3 3
209 237 4   0 0   1 1   2 2   3 3
209 270 4   0 0   1 1   2 2   3 3
210 211 4   0 0   1 1   2 2   3 3
210 294 4   0 0   1 1   2 2   3 3
210 267 4   0 0   1 1   2 2   3 3
211 371 4   0 0   1 1   2 2   3 3
211 323 4   0 0   1 1   2 2   3 3
211 294 4   0 0   1 1   2 2   3 3
212 389 4   0 0   1 1   2 2   3 3
212 296 4   0 0   1 1   2 2   3 3
212 249 4   0 0   1 1   2 2   3 3
212 396 4   0 0   1 1   2 2   3 3
213 313 4   0 0   1 1   2 2   3 3
213 270 4   0 0   1 1   2 2   3 3
214 356 4   0 0   1 1   2 2   3 3
215 321 4   0 0   1 1   2 2   3 3
215 354 4   0 0   1 1   2 2   3 3
215 310 4   0 0   1 1   2 2   3 3
215 377 4   0 0   1 1   2 2   3 3
216 240 4   0 0   1 1   2 2   3 3
216 290 4   0 0   1 1   2 2   3 3
216 332 4   0 0   1 1   2 2   3 3
217 370 4   0 0   1 1   2 2   3 3
217 372 4   0 0   1 1   2 2   3 3
217 392 4   0 0   1 1   2 2   3 3
217 350 4   0 0   1 1   2 2   3 3
217 303 4   0 0   1 1   2 2   3 3
219 284 4   0 0   1 1   2 2   3 3
220 225 4   0 0   1 1   2 2   3 3
220 233 4   0 0   1 1   2 2   3 3
221 257 4   0 0   1 1   2 2   3 3
221 359 4   0 0   1 1   2 2   3 3
221 222 4   0 0   1 1   2 2   3 3
222 359 4   0 0   1 1   2 2   3 3
223 337 4   0 0   1 1   2 2   3 3
224 362 4   0 0   1 1   2 2   3 3
225 242 4   0 0   1 1   2 2   3 3
225 358 4   0 0   1 1   2 2   3 3
225 233 4   0 0   1 1   2 2   3 3
225 382 4   0 0   1 1   2 2   3 3
226 229 4   0 0   1 1   2 2   3 3
226 311 4   0 0   1 1   2 2   3 3
226 286 4   0 0   1 1   2 2   3 3
228 280 4   0 0   1 1   2 2   3 3
228 318 4   0 0   1 1   2 2   3 3
229 258 4   0 0   1 1   2 2   3 3
229 239 4   0 0   1 1   2 2   3 3
231 379 4   0 0   1 1   2 2   3 3
232 363 4   0 0   1 1   2 2   3 3
232 348 4   0 0   1 1   2 2   3 3
232 351 4   0 0   1 1   2 2   3 3
234 321 4   0 0   1 1   2 2   3 3
234 290 4   0 0   1 1   2 2   3 3
234 281 4   0 0   1 1   2 2   3 3
234 393 4   0 0   1 1   2 2   3 3
234 267 4   0 0   1 1   2 2   3 3
235 273 4   0 0   1 1   2 2   3 3
235 274 4   0 0   1 1   2 2   3 3
236 259 4   0 0   1 1   2 2   3 3
236 266 4   0 0   1 1   2 2   3 3
236 347 4   0 0   1 1   2 2   3 3
237 358 4   0 0   1 1   2 2   3 3
237 270 4   0 0   1 1   2 2   3 3
238 306 4   0 0   1 1   2 2   3 3
238 270 4   0 0   1 1   2 2   3 3
239 258 4   0 0   1 1   2 2   3 3
239 364 4   0 0   1 1   2 2   3 3
240 250 4   0 0   1 1   2 2   3 3
241 340 4   0 0   1 1   2 2   3 3
241 345 4   0 0   1 1   2 2   3 3
241 268 4   0 0   1 1   2 2   3 3
242 334 4   0 0   1 1   2 2   3 3
242 382 4   0 0   1 1   2 2   3 3
243 278 4   0 0   1 1   2 2   3 3
243 363 4   0 0   1 1   2 2   3 3
244 352 4   0 0   1 1   2 2   3 3
244 276 4   0 0   1 1   2 2   3 3
244 374 4   0 0   1 1   2 2   3 3
244 344 4   0 0   1 1   2 2   3 3
246 321 4   0 0   1 1   2 2   3 3
246 369 4   0 0   1 1   2 2   3 3
246 259 4   0 0   1 1   2 2   3 3
246 388 4   0 0   1 1   2 2   3 3
247 336 4   0 0   1 1   2 2   3 3
247 338 4   0 0   1 1   2 2   3 3
247 391 4   0 0   1 1   2 2   3 3
247 380 4   0 0   1 1   2 2   3 3
248 353 4   0 0   1 1   2 2   3 3
248 386 4   0 0   1 1   2 2   3 3
248 390 4   0 0   1 1   2 2   3 3
248 295 4   0 0   1 1   2 2   3 3
249 319 4   0 0   1 1   2 2   3 3
250 263 4   0 0   1 1   2 2   3 3
250 349 4   0 0   1 1   2 2   3 3
251 352 4   0 0   1 1   2 2   3 3
251 325 4   0 0   1 1   2 2   3 3
251 395 4   0 0   1 1   2 2   3 3
252 282 4   0 0   1 1   2 2   3 3
252 253 4   0 0   1 1   2 2   3 3
253 375 4   0 0   1 1   2 2   3 3
253 282 4   0 0   1 1   2 2   3 3
254 339 4   0 0   1 1   2 2   3 3
256 309 4   0 0   1 1   2 2   3 3
256 366 4   0 0   1 1   2 2   3 3
257 293 4   0 0   1 1   2 2   3 3
257 359 4   0 0   1 1   2 2   3 3
258 268 4   0 0   1 1   2 2   3 3
259 369 4   0 0   1 1   2 2   3 3
259 347 4   0 0   1 1   2 2   3 3
260 325 4   0 0   1 1   2 2   3 3
260 330 4   0 0   1 1   2 2   3 3
261 278 4   0 0   1 1   2 2   3 3
261 343 4   0 0   1 1   2 2   3 3
262 273 4   0 0   1 1   2 2   3 3
262 338 4   0 0   1 1   2 2   3 3
262 378 4   0 0   1 1   2 2   3 3
262 335 4   0 0   1 1   2 2   3 3
263 324 4   0 0   1 1   2 2   3 3
263 349 4   0 0   1 1   2 2   3 3
264 358 4   0 0   1 1   2 2   3 3
264 382 4   0 0   1 1   2 2   3 3
265 283 4   0 0   1 1   2 2   3 3
266 388 4   0 0   1 1   2 2   3 3
267 321 4   0 0   1 1   2 2   3 3
267 294 4   0 0   1 1   2 2   3 3
269 384 4   0 0   1 1   2 2   3 3
269 386 4   0 0   1 1   2 2   3 3
270 306 4   0 0   1 1   2 2   3 3
271 275 4   0 0   1 1   2 2   3 3
272 370 4   0 0   1 1   2 2   3 3
272 350 4   0 0   1 1   2 2   3 3
272 319 4   0 0   1 1   2 2   3 3
273 274 4   0 0   1 1   2 2   3 3
273 338 4   0 0   1 1   2 2   3 3
273 312 4   0 0   1 1   2 2   3 3
274 384 4   0 0   1 1   2 2   3 3
274 385 4   0 0   1 1   2 2   3 3
274 312 4   0 0   1 1   2 2   3 3
276 344 4   0 0   1 1   2 2   3 3
277 333 4   0 0   1 1   2 2   3 3
277 302 4   0 0   1 1   2 2   3 3
279 309 4   0 0   1 1   2 2   3 3
279 366 4   0 0   1 1   2 2   3 3
280 307 4   0 0   1 1   2 2   3 3
280 318 4   0 0   1 1   2 2   3 3
281 290 4   0 0   1 1   2 2   3 3
283 377 4   0 0   1 1   2 2   3 3
285 320 4   0 0   1 1   2 2   3 3
287 323 4   0 0   1 1   2 2   3 3
287 357 4   0 0   1 1   2 2   3 3
287 311 4   0 0   1 1   2 2   3 3
288 389 4   0 0   1 1   2 2   3 3
288 303 4   0 0   1 1   2 2   3 3
289 368 4   0 0   1 1   2 2   3 3
289 322 4   0 0   1 1   2 2   3 3
289 326 4   0 0   1 1   2 2   3 3
289 296 4   0 0   1 1   2 2   3 3
291 358 4   0 0   1 1   2 2   3 3
291 313 4   0 0   1 1   2 2   3 3
291 332 4   0 0   1 1   2 2   3 3
293 359 4   0 0   1 1   2 2   3 3
295 390 4   0 0   1 1   2 2   3 3
296 346 4   0 0   1 1   2 2   3 3
296 396 4   0 0   1 1   2 2   3 3
297 356 4   0 0   1 1   2 2   3 3
297 301 4   0 0   1 1   2 2   3 3
297 302 4   0 0   1 1   2 2   3 3
298 322 4   0 0   1 1   2 2   3 3
298 356 4   0 0   1 1   2 2   3 3
298 326 4   0 0   1 1   2 2   3 3
299 355 4   0 0   1 1   2 2   3 3
299 376 4   0 0   1 1   2 2   3 3
300 361 4   0 0   1 1   2 2   3 3
300 303 4   0 0   1 1   2 2   3 3
301 356 4   0 0   1 1   2 2   3 3
302 356 4   0 0   1 1   2 2   3 3
302 333 4   0 0   1 1   2 2   3 3
303 389 4   0 0   1 1   2 2   3 3
303 392 4   0 0   1 1   2 2   3 3
304 337 4   0 0   1 1   2 2   3 3
305 394 4   0 0   1 1   2 2   3 3
305 317 4   0 0   1 1   2 2   3 3
306 343 4   0 0   1 1   2 2   3 3
307 318 4   0 0   1 1   2 2   3 3
308 311 4   0 0   1 1   2 2   3 3
308 315 4   0 0   1 1   2 2   3 3
308 381 4   0 0   1 1   2 2   3 3
309 380 4   0 0   1 1   2 2   3 3
309 366 4   0 0   1 1   2 2   3 3
310 369 4   0 0   1 1   2 2   3 3
310 321 4   0 0   1 1   2 2   3 3
310 347 4   0 0   1 1   2 2   3 3
311 357 4   0 0   1 1   2 2   3 3
313 332 4   0 0   1 1   2 2   3 3
315 317 4   0 0   1 1   2 2   3 3
315 381 4   0 0   1 1   2 2   3 3
316 358 4   0 0   1 1   2 2   3 3
316 329 4   0 0   1 1   2 2   3 3
317 394 4   0 0   1 1   2 2   3 3
317 381 4   0 0   1 1   2 2   3 3
320 368 4   0 0   1 1   2 2   3 3
321 369 4   0 0   1 1   2 2   3 3
321 377 4   0 0   1 1   2 2   3 3
322 368 4   0 0   1 1   2 2   3 3
322 326 4   0 0   1 1   2 2   3 3
323 371 4   0 0   1 1   2 2   3 3
323 357 4   0 0   1 1   2 2   3 3
327 331 4   0 0   1 1   2 2   3 3
327 367 4   0 0   1 1   2 2   3 3
331 360 4   0 0   1 1   2 2   3 3
333 362 4   0 0   1 1   2 2   3 3
333 383 4   0 0   1 1   2 2   3 3
335 391 4   0 0   1 1   2 2   3 3
336 391 4   0 0   1 1   2 2   3 3
336 380 4   0 0   1 1   2 2   3 3
336 367 4   0 0   1 1   2 2   3 3
339 354 4   0 0   1 1   2 2   3 3
340 342 4   0 0   1 1   2 2   3 3
340 345 4   0 0   1 1   2 2   3 3
341 374 4   0 0   1 1   2 2   3 3
341 348 4   0 0   1 1   2 2   3 3
342 375 4   0 0   1 1   2 2   3 3
342 360 4   0 0   1 1   2 2   3 3
344 352 4   0 0   1 1   2 2   3 3
346 387 4   0 0   1 1   2 2   3 3
346 396 4   0 0   1 1   2 2   3 3
346 349 4   0 0   1 1   2 2   3 3
347 369 4   0 0   1 1   2 2   3 3
348 363 4   0 0   1 1   2 2   3 3
349 387 4   0 0   1 1   2 2   3 3
350 370 4   0 0   1 1   2 2   3 3
351 370 4   0 0   1 1   2 2   3 3
351 372 4   0 0   1 1   2 2   3 3
351 392 4   0 0   1 1   2 2   3 3
351 363 4   0 0   1 1   2 2   3 3
352 395 4   0 0   1 1   2 2   3 3
353 390 4   0 0   1 1   2 2   3 3
355 376 4   0 0   1 1   2 2   3 3
355 365 4   0 0   1 1   2 2   3 3
357 371 4   0 0   1 1   2 2   3 3
358 382 4   0 0   1 1   2 2   3 3
360 375 4   0 0   1 1   2 2   3 3
365 379 4   0 0   1 1   2 2   3 3
367 391 4   0 0   1 1   2 2   3 3
370 372 4   0 0   1 1   2 2   3 3
372 392 4   0 0   1 1   2 2   3 3
378 386 4   0 0   1 1   2 2   3 3
379 392 4   0 0   1 1   2 2   3 3
384 385 4   0 0   1 1   2 2   3 3
385 395 4   0 0   1 1   2 2   3 3
