364
1 4 0 1 2 3
2 4 0 1 2 3
3 4 0 1 2 3
4 4 0 1 2 3
5 4 0 1 2 3
6 4 0 1 2 3
7 4 0 1 2 3
8 4 0 1 2 3
9 4 0 1 2 3
10 4 0 1 2 3
11 4 0 1 2 3
12 4 0 1 2 3
13 4 0 1 2 3
14 4 0 1 2 3
15 4 0 1 2 3
16 4 0 1 2 3
17 4 0 1 2 3
18 4 0 1 2 3
19 4 0 1 2 3
20 4 0 1 2 3
21 4 0 1 2 3
22 4 0 1 2 3
23 4 0 1 2 3
24 4 0 1 2 3
25 4 0 1 2 3
26 4 0 1 2 3
27 4 0 1 2 3
28 4 0 1 2 3
29 4 0 1 2 3
30 4 0 1 2 3
31 4 0 1 2 3
32 4 0 1 2 3
33 4 0 1 2 3
34 4 0 1 2 3
35 4 0 1 2 3
36 4 0 1 2 3
37 4 0 1 2 3
38 4 0 1 2 3
39 4 0 1 2 3
40 4 0 1 2 3
41 4 0 1 2 3
42 4 0 1 2 3
43 4 0 1 2 3
44 4 0 1 2 3
45 4 0 1 2 3
46 4 0 1 2 3
47 4 0 1 2 3
48 4 0 1 2 3
49 4 0 1 2 3
50 4 0 1 2 3
51 4 0 1 2 3
52 4 0 1 2 3
53 4 0 1 2 3
54 4 0 1 2 3
55 4 0 1 2 3
56 4 0 1 2 3
57 4 0 1 2 3
58 4 0 1 2 3
59 4 0 1 2 3
60 4 0 1 2 3
61 4 0 1 2 3
62 4 0 1 2 3
63 4 0 1 2 3
64 4 0 1 2 3
65 4 0 1 2 3
66 4 0 1 2 3
67 4 0 1 2 3
68 4 0 1 2 3
69 4 0 1 2 3
70 4 0 1 2 3
71 4 0 1 2 3
72 4 0 1 2 3
73 4 0 1 2 3
74 4 0 1 2 3
75 4 0 1 2 3
76 4 0 1 2 3
77 4 0 1 2 3
78 4 0 1 2 3
79 4 0 1 2 3
80 4 0 1 2 3
81 4 0 1 2 3
82 4 0 1 2 3
83 4 0 1 2 3
84 4 0 1 2 3
85 4 0 1 2 3
86 4 0 1 2 3
87 4 0 1 2 3
88 4 0 1 2 3
89 4 0 1 2 3
90 4 0 1 2 3
91 4 0 1 2 3
92 4 0 1 2 3
93 4 0 1 2 3
94 4 0 1 2 3
95 4 0 1 2 3
96 4 0 1 2 3
97 4 0 1 2 3
98 4 0 1 2 3
99 4 0 1 2 3
100 4 0 1 2 3
101 4 0 1 2 3
102 4 0 1 2 3
103 4 0 1 2 3
104 4 0 1 2 3
105 4 0 1 2 3
106 4 0 1 2 3
107 4 0 1 2 3
108 4 0 1 2 3
109 4 0 1 2 3
110 4 0 1 2 3
111 4 0 1 2 3
112 4 0 1 2 3
113 4 0 1 2 3
114 4 0 1 2 3
115 4 0 1 2 3
116 4 0 1 2 3
117 4 0 1 2 3
118 4 0 1 2 3
119 4 0 1 2 3
120 4 0 1 2 3
121 4 0 1 2 3
122 4 0 1 2 3
123 4 0 1 2 3
124 4 0 1 2 3
125 4 0 1 2 3
126 4 0 1 2 3
127 4 0 1 2 3
128 4 0 1 2 3
129 4 0 1 2 3
130 4 0 1 2 3
131 4 0 1 2 3
132 4 0 1 2 3
133 4 0 1 2 3
134 4 0 1 2 3
135 4 0 1 2 3
136 4 0 1 2 3
137 4 0 1 2 3
138 4 0 1 2 3
139 4 0 1 2 3
140 4 0 1 2 3
141 4 0 1 2 3
142 4 0 1 2 3
143 4 0 1 2 3
144 4 0 1 2 3
145 4 0 1 2 3
146 4 0 1 2 3
147 4 0 1 2 3
148 4 0 1 2 3
149 4 0 1 2 3
150 4 0 1 2 3
151 4 0 1 2 3
152 4 0 1 2 3
153 4 0 1 2 3
154 4 0 1 2 3
155 4 0 1 2 3
156 4 0 1 2 3
157 4 0 1 2 3
158 4 0 1 2 3
159 4 0 1 2 3
160 4 0 1 2 3
161 4 0 1 2 3
162 4 0 1 2 3
163 4 0 1 2 3
164 4 0 1 2 3
165 4 0 1 2 3
166 4 0 1 2 3
167 4 0 1 2 3
168 4 0 1 2 3
169 4 0 1 2 3
170 4 0 1 2 3
171 4 0 1 2 3
172 4 0 1 2 3
173 4 0 1 2 3
174 4 0 1 2 3
175 4 0 1 2 3
176 4 0 1 2 3
177 4 0 1 2 3
178 4 0 1 2 3
179 4 0 1 2 3
180 4 0 1 2 3
181 4 0 1 2 3
182 4 0 1 2 3
183 4 0 1 2 3
184 4 0 1 2 3
185 4 0 1 2 3
186 4 0 1 2 3
187 4 0 1 2 3
188 4 0 1 2 3
189 4 0 1 2 3
190 4 0 1 2 3
191 4 0 1 2 3
192 4 0 1 2 3
193 4 0 1 2 3
194 4 0 1 2 3
195 4 0 1 2 3
196 4 0 1 2 3
197 4 0 1 2 3
198 4 0 1 2 3
199 4 0 1 2 3
200 4 0 1 2 3
201 4 0 1 2 3
202 4 0 1 2 3
203 4 0 1 2 3
204 4 0 1 2 3
205 4 0 1 2 3
206 4 0 1 2 3
207 4 0 1 2 3
208 4 0 1 2 3
209 4 0 1 2 3
210 4 0 1 2 3
211 4 0 1 2 3
212 4 0 1 2 3
213 4 0 1 2 3
214 4 0 1 2 3
215 4 0 1 2 3
216 4 0 1 2 3
217 4 0 1 2 3
218 4 0 1 2 3
219 4 0 1 2 3
220 4 0 1 2 3
221 4 0 1 2 3
222 4 0 1 2 3
223 4 0 1 2 3
224 4 0 1 2 3
225 4 0 1 2 3
226 4 0 1 2 3
227 4 0 1 2 3
228 4 0 1 2 3
229 4 0 1 2 3
230 4 0 1 2 3
231 4 0 1 2 3
232 4 0 1 2 3
233 4 0 1 2 3
234 4 0 1 2 3
235 4 0 1 2 3
236 4 0 1 2 3
237 4 0 1 2 3
238 4 0 1 2 3
239 4 0 1 2 3
240 4 0 1 2 3
241 4 0 1 2 3
242 4 0 1 2 3
243 4 0 1 2 3
244 4 0 1 2 3
245 4 0 1 2 3
246 4 0 1 2 3
247 4 0 1 2 3
248 4 0 1 2 3
249 4 0 1 2 3
250 4 0 1 2 3
251 4 0 1 2 3
252 4 0 1 2 3
253 4 0 1 2 3
254 4 0 1 2 3
255 4 0 1 2 3
256 4 0 1 2 3
257 4 0 1 2 3
258 4 0 1 2 3
259 4 0 1 2 3
260 4 0 1 2 3
261 4 0 1 2 3
262 4 0 1 2 3
263 4 0 1 2 3
264 4 0 1 2 3
265 4 0 1 2 3
266 4 0 1 2 3
267 4 0 1 2 3
268 4 0 1 2 3
269 4 0 1 2 3
270 4 0 1 2 3
271 4 0 1 2 3
272 4 0 1 2 3
273 4 0 1 2 3
274 4 0 1 2 3
275 4 0 1 2 3
276 4 0 1 2 3
277 4 0 1 2 3
278 4 0 1 2 3
279 4 0 1 2 3
280 4 0 1 2 3
281 4 0 1 2 3
282 4 0 1 2 3
283 4 0 1 2 3
284 4 0 1 2 3
285 4 0 1 2 3
286 4 0 1 2 3
287 4 0 1 2 3
288 4 0 1 2 3
289 4 0 1 2 3
290 4 0 1 2 3
291 4 0 1 2 3
292 4 0 1 2 3
293 4 0 1 2 3
294 4 0 1 2 3
295 4 0 1 2 3
296 4 0 1 2 3
297 4 0 1 2 3
298 4 0 1 2 3
299 4 0 1 2 3
300 4 0 1 2 3
301 4 0 1 2 3
302 4 0 1 2 3
303 4 0 1 2 3
304 4 0 1 2 3
305 4 0 1 2 3
306 4 0 1 2 3
307 4 0 1 2 3
308 4 0 1 2 3
309 4 0 1 2 3
310 4 0 1 2 3
311 4 0 1 2 3
312 4 0 1 2 3
313 4 0 1 2 3
314 4 0 1 2 3
315 4 0 1 2 3
316 4 0 1 2 3
317 4 0 1 2 3
318 4 0 1 2 3
319 4 0 1 2 3
320 4 0 1 2 3
321 4 0 1 2 3
322 4 0 1 2 3
323 4 0 1 2 3
324 4 0 1 2 3
325 4 0 1 2 3
326 4 0 1 2 3
327 4 0 1 2 3
328 4 0 1 2 3
329 4 0 1 2 3
330 4 0 1 2 3
331 4 0 1 2 3
332 4 0 1 2 3
333 4 0 1 2 3
334 4 0 1 2 3
335 4 0 1 2 3
336 4 0 1 2 3
337 4 0 1 2 3
338 4 0 1 2 3
339 4 0 1 2 3
340 4 0 1 2 3
341 4 0 1 2 3
342 4 0 1 2 3
343 4 0 1 2 3
344 4 0 1 2 3
345 4 0 1 2 3
346 4 0 1 2 3
347 4 0 1 2 3
348 4 0 1 2 3
349 4 0 1 2 3
350 4 0 1 2 3
351 4 0 1 2 3
352 4 0 1 2 3
353 4 0 1 2 3
354 4 0 1 2 3
355 4 0 1 2 3
356 4 0 1 2 3
357 4 0 1 2 3
358 4 0 1 2 3
359 4 0 1 2 3
360 4 0 1 2 3
361 4 0 1 2 3
362 4 0 1 2 3
363 4 0 1 2 3
364 4 0 1 2 3
1032
1 258 4   0 0   1 1   2 2   3 3
1 3 4   0 0   1 1   2 2   3 3
1 84 4   0 0   1 1   2 2   3 3
1 5 4   0 0   1 1   2 2   3 3
1 107 4   0 0   1 1   2 2   3 3
1 11 4   0 0   1 1   2 2   3 3
1 318 4   0 0   1 1   2 2   3 3
2 304 4   0 0   1 1   2 2   3 3
2 115 4   0 0   1 1   2 2   3 3
2 20 4   0 0   1 1   2 2   3 3
2 153 4   0 0   1 1   2 2   3 3
2 269 4   0 0   1 1   2 2   3 3
2 31 4   0 0   1 1   2 2   3 3
3 339 4   0 0   1 1   2 2   3 3
3 212 4   0 0   1 1   2 2   3 3
3 150 4   0 0   1 1   2 2   3 3
3 107 4   0 0   1 1   2 2   3 3
3 220 4   0 0   1 1   2 2   3 3
3 318 4   0 0   1 1   2 2   3 3
3 175 4   0 0   1 1   2 2   3 3
4 226 4   0 0   1 1   2 2   3 3
4 35 4   0 0   1 1   2 2   3 3
4 213 4   0 0   1 1   2 2   3 3
4 6 4   0 0   1 1   2 2   3 3
4 168 4   0 0   1 1   2 2   3 3
4 42 4   0 0   1 1   2 2   3 3
5 258 4   0 0   1 1   2 2   3 3
5 151 4   0 0   1 1   2 2   3 3
5 300 4   0 0   1 1   2 2   3 3
5 61 4   0 0   1 1   2 2   3 3
5 318 4   0 0   1 1   2 2   3 3
6 80 4   0 0   1 1   2 2   3 3
6 213 4   0 0   1 1   2 2   3 3
6 327 4   0 0   1 1   2 2   3 3
6 42 4   0 0   1 1   2 2   3 3
6 174 4   0 0   1 1   2 2   3 3
7 32 4   0 0   1 1   2 2   3 3
7 208 4   0 0   1 1   2 2   3 3
7 162 4   0 0   1 1   2 2   3 3
7 70 4   0 0   1 1   2 2   3 3
7 279 4   0 0   1 1   2 2   3 3
7 334 4   0 0   1 1   2 2   3 3
7 63 4   0 0   1 1   2 2   3 3
8 130 4   0 0   1 1   2 2   3 3
8 357 4   0 0   1 1   2 2   3 3
8 248 4   0 0   1 1   2 2   3 3
8 90 4   0 0   1 1   2 2   3 3
8 58 4   0 0   1 1   2 2   3 3
8 333 4   0 0   1 1   2 2   3 3
9 322 4   0 0   1 1   2 2   3 3
9 116 4   0 0   1 1   2 2   3 3
9 312 4   0 0   1 1   2 2   3 3
9 152 4   0 0   1 1   2 2   3 3
9 233 4   0 0   1 1   2 2   3 3
9 254 4   0 0   1 1   2 2   3 3
10 259 4   0 0   1 1   2 2   3 3
10 275 4   0 0   1 1   2 2   3 3
10 139 4   0 0   1 1   2 2   3 3
10 267 4   0 0   1 1   2 2   3 3
10 287 4   0 0   1 1   2 2   3 3
11 84 4   0 0   1 1   2 2   3 3
11 185 4   0 0   1 1   2 2   3 3
11 26 4   0 0   1 1   2 2   3 3
11 107 4   0 0   1 1   2 2   3 3
12 64 4   0 0   1 1   2 2   3 3
12 65 4   0 0   1 1   2 2   3 3
12 210 4   0 0   1 1   2 2   3 3
12 199 4   0 0   1 1   2 2   3 3
12 285 4   0 0   1 1   2 2   3 3
13 273 4   0 0   1 1   2 2   3 3
13 264 4   0 0   1 1   2 2   3 3
13 268 4   0 0   1 1   2 2   3 3
13 77 4   0 0   1 1   2 2   3 3
13 159 4   0 0   1 1   2 2   3 3
14 49 4   0 0   1 1   2 2   3 3
14 290 4   0 0   1 1   2 2   3 3
14 217 4   0 0   1 1   2 2   3 3
14 298 4   0 0   1 1   2 2   3 3
14 58 4   0 0   1 1   2 2   3 3
14 186 4   0 0   1 1   2 2   3 3
15 103 4   0 0   1 1   2 2   3 3
15 329 4   0 0   1 1   2 2   3 3
15 282 4   0 0   1 1   2 2   3 3
15 347 4   0 0   1 1   2 2   3 3
15 207 4   0 0   1 1   2 2   3 3
16 101 4   0 0   1 1   2 2   3 3
16 135 4   0 0   1 1   2 2   3 3
16 183 4   0 0   1 1   2 2   3 3
16 201 4   0 0   1 1   2 2   3 3
16 299 4   0 0   1 1   2 2   3 3
16 171 4   0 0   1 1   2 2   3 3
16 237 4   0 0   1 1   2 2   3 3
17 211 4   0 0   1 1   2 2   3 3
17 310 4   0 0   1 1   2 2   3 3
17 301 4   0 0   1 1   2 2   3 3
18 81 4   0 0   1 1   2 2   3 3
18 321 4   0 0   1 1   2 2   3 3
18 341 4   0 0   1 1   2 2   3 3
18 249 4   0 0   1 1   2 2   3 3
18 319 4   0 0   1 1   2 2   3 3
19 187 4   0 0   1 1   2 2   3 3
19 252 4   0 0   1 1   2 2   3 3
19 77 4   0 0   1 1   2 2   3 3
19 317 4   0 0   1 1   2 2   3 3
19 159 4   0 0   1 1   2 2   3 3
20 195 4   0 0   1 1   2 2   3 3
20 83 4   0 0   1 1   2 2   3 3
20 115 4   0 0   1 1   2 2   3 3
20 266 4   0 0   1 1   2 2   3 3
20 31 4   0 0   1 1   2 2   3 3
20 271 4   0 0   1 1   2 2   3 3
21 86 4   0 0   1 1   2 2   3 3
21 89 4   0 0   1 1   2 2   3 3
21 234 4   0 0   1 1   2 2   3 3
21 238 4   0 0   1 1   2 2   3 3
22 113 4   0 0   1 1   2 2   3 3
22 339 4   0 0   1 1   2 2   3 3
22 196 4   0 0   1 1   2 2   3 3
22 72 4   0 0   1 1   2 2   3 3
22 175 4   0 0   1 1   2 2   3 3
23 146 4   0 0   1 1   2 2   3 3
23 230 4   0 0   1 1   2 2   3 3
23 121 4   0 0   1 1   2 2   3 3
23 362 4   0 0   1 1   2 2   3 3
23 170 4   0 0   1 1   2 2   3 3
23 332 4   0 0   1 1   2 2   3 3
24 193 4   0 0   1 1   2 2   3 3
24 290 4   0 0   1 1   2 2   3 3
24 294 4   0 0   1 1   2 2   3 3
24 217 4   0 0   1 1   2 2   3 3
24 330 4   0 0   1 1   2 2   3 3
25 114 4   0 0   1 1   2 2   3 3
25 162 4   0 0   1 1   2 2   3 3
25 326 4   0 0   1 1   2 2   3 3
25 294 4   0 0   1 1   2 2   3 3
25 204 4   0 0   1 1   2 2   3 3
26 112 4   0 0   1 1   2 2   3 3
26 353 4   0 0   1 1   2 2   3 3
26 258 4   0 0   1 1   2 2   3 3
26 84 4   0 0   1 1   2 2   3 3
26 185 4   0 0   1 1   2 2   3 3
27 352 4   0 0   1 1   2 2   3 3
27 144 4   0 0   1 1   2 2   3 3
27 314 4   0 0   1 1   2 2   3 3
27 317 4   0 0   1 1   2 2   3 3
27 30 4   0 0   1 1   2 2   3 3
27 111 4   0 0   1 1   2 2   3 3
28 165 4   0 0   1 1   2 2   3 3
28 119 4   0 0   1 1   2 2   3 3
28 121 4   0 0   1 1   2 2   3 3
28 190 4   0 0   1 1   2 2   3 3
28 126 4   0 0   1 1   2 2   3 3
29 227 4   0 0   1 1   2 2   3 3
29 260 4   0 0   1 1   2 2   3 3
29 261 4   0 0   1 1   2 2   3 3
29 102 4   0 0   1 1   2 2   3 3
29 246 4   0 0   1 1   2 2   3 3
29 361 4   0 0   1 1   2 2   3 3
29 94 4   0 0   1 1   2 2   3 3
30 305 4   0 0   1 1   2 2   3 3
30 314 4   0 0   1 1   2 2   3 3
30 187 4   0 0   1 1   2 2   3 3
31 304 4   0 0   1 1   2 2   3 3
31 266 4   0 0   1 1   2 2   3 3
32 162 4   0 0   1 1   2 2   3 3
32 190 4   0 0   1 1   2 2   3 3
32 126 4   0 0   1 1   2 2   3 3
32 63 4   0 0   1 1   2 2   3 3
33 225 4   0 0   1 1   2 2   3 3
33 163 4   0 0   1 1   2 2   3 3
33 316 4   0 0   1 1   2 2   3 3
33 221 4   0 0   1 1   2 2   3 3
34 338 4   0 0   1 1   2 2   3 3
34 68 4   0 0   1 1   2 2   3 3
34 104 4   0 0   1 1   2 2   3 3
34 123 4   0 0   1 1   2 2   3 3
34 332 4   0 0   1 1   2 2   3 3
34 205 4   0 0   1 1   2 2   3 3
35 273 4   0 0   1 1   2 2   3 3
35 213 4   0 0   1 1   2 2   3 3
35 168 4   0 0   1 1   2 2   3 3
35 268 4   0 0   1 1   2 2   3 3
35 223 4   0 0   1 1   2 2   3 3
36 197 4   0 0   1 1   2 2   3 3
36 344 4   0 0   1 1   2 2   3 3
36 202 4   0 0   1 1   2 2   3 3
36 44 4   0 0   1 1   2 2   3 3
37 100 4   0 0   1 1   2 2   3 3
37 105 4   0 0   1 1   2 2   3 3
37 331 4   0 0   1 1   2 2   3 3
37 108 4   0 0   1 1   2 2   3 3
37 205 4   0 0   1 1   2 2   3 3
37 239 4   0 0   1 1   2 2   3 3
38 128 4   0 0   1 1   2 2   3 3
38 65 4   0 0   1 1   2 2   3 3
38 210 4   0 0   1 1   2 2   3 3
38 356 4   0 0   1 1   2 2   3 3
39 272 4   0 0   1 1   2 2   3 3
39 240 4   0 0   1 1   2 2   3 3
39 342 4   0 0   1 1   2 2   3 3
39 104 4   0 0   1 1   2 2   3 3
39 363 4   0 0   1 1   2 2   3 3
39 364 4   0 0   1 1   2 2   3 3
39 188 4   0 0   1 1   2 2   3 3
40 135 4   0 0   1 1   2 2   3 3
40 71 4   0 0   1 1   2 2   3 3
40 218 4   0 0   1 1   2 2   3 3
40 299 4   0 0   1 1   2 2   3 3
40 239 4   0 0   1 1   2 2   3 3
41 208 4   0 0   1 1   2 2   3 3
41 336 4   0 0   1 1   2 2   3 3
41 101 4   0 0   1 1   2 2   3 3
41 53 4   0 0   1 1   2 2   3 3
41 70 4   0 0   1 1   2 2   3 3
41 215 4   0 0   1 1   2 2   3 3
42 80 4   0 0   1 1   2 2   3 3
42 226 4   0 0   1 1   2 2   3 3
42 274 4   0 0   1 1   2 2   3 3
42 358 4   0 0   1 1   2 2   3 3
42 346 4   0 0   1 1   2 2   3 3
43 167 4   0 0   1 1   2 2   3 3
43 296 4   0 0   1 1   2 2   3 3
43 216 4   0 0   1 1   2 2   3 3
43 76 4   0 0   1 1   2 2   3 3
44 197 4   0 0   1 1   2 2   3 3
44 359 4   0 0   1 1   2 2   3 3
44 344 4   0 0   1 1   2 2   3 3
44 90 4   0 0   1 1   2 2   3 3
44 333 4   0 0   1 1   2 2   3 3
45 161 4   0 0   1 1   2 2   3 3
45 226 4   0 0   1 1   2 2   3 3
45 274 4   0 0   1 1   2 2   3 3
45 168 4   0 0   1 1   2 2   3 3
45 189 4   0 0   1 1   2 2   3 3
46 288 4   0 0   1 1   2 2   3 3
46 276 4   0 0   1 1   2 2   3 3
46 183 4   0 0   1 1   2 2   3 3
46 343 4   0 0   1 1   2 2   3 3
46 251 4   0 0   1 1   2 2   3 3
47 354 4   0 0   1 1   2 2   3 3
47 146 4   0 0   1 1   2 2   3 3
47 280 4   0 0   1 1   2 2   3 3
47 344 4   0 0   1 1   2 2   3 3
47 202 4   0 0   1 1   2 2   3 3
47 92 4   0 0   1 1   2 2   3 3
47 253 4   0 0   1 1   2 2   3 3
47 222 4   0 0   1 1   2 2   3 3
47 351 4   0 0   1 1   2 2   3 3
48 289 4   0 0   1 1   2 2   3 3
48 337 4   0 0   1 1   2 2   3 3
48 118 4   0 0   1 1   2 2   3 3
48 169 4   0 0   1 1   2 2   3 3
48 138 4   0 0   1 1   2 2   3 3
49 290 4   0 0   1 1   2 2   3 3
49 360 4   0 0   1 1   2 2   3 3
49 58 4   0 0   1 1   2 2   3 3
49 204 4   0 0   1 1   2 2   3 3
50 130 4   0 0   1 1   2 2   3 3
50 355 4   0 0   1 1   2 2   3 3
50 197 4   0 0   1 1   2 2   3 3
50 359 4   0 0   1 1   2 2   3 3
50 216 4   0 0   1 1   2 2   3 3
50 106 4   0 0   1 1   2 2   3 3
51 176 4   0 0   1 1   2 2   3 3
51 312 4   0 0   1 1   2 2   3 3
51 249 4   0 0   1 1   2 2   3 3
51 142 4   0 0   1 1   2 2   3 3
51 254 4   0 0   1 1   2 2   3 3
51 319 4   0 0   1 1   2 2   3 3
52 322 4   0 0   1 1   2 2   3 3
52 328 4   0 0   1 1   2 2   3 3
52 348 4   0 0   1 1   2 2   3 3
52 95 4   0 0   1 1   2 2   3 3
53 101 4   0 0   1 1   2 2   3 3
53 54 4   0 0   1 1   2 2   3 3
53 215 4   0 0   1 1   2 2   3 3
53 74 4   0 0   1 1   2 2   3 3
54 259 4   0 0   1 1   2 2   3 3
54 275 4   0 0   1 1   2 2   3 3
54 101 4   0 0   1 1   2 2   3 3
54 133 4   0 0   1 1   2 2   3 3
54 201 4   0 0   1 1   2 2   3 3
54 297 4   0 0   1 1   2 2   3 3
54 74 4   0 0   1 1   2 2   3 3
55 129 4   0 0   1 1   2 2   3 3
55 97 4   0 0   1 1   2 2   3 3
55 308 4   0 0   1 1   2 2   3 3
55 85 4   0 0   1 1   2 2   3 3
55 262 4   0 0   1 1   2 2   3 3
55 87 4   0 0   1 1   2 2   3 3
56 306 4   0 0   1 1   2 2   3 3
56 71 4   0 0   1 1   2 2   3 3
56 137 4   0 0   1 1   2 2   3 3
56 299 4   0 0   1 1   2 2   3 3
56 171 4   0 0   1 1   2 2   3 3
57 256 4   0 0   1 1   2 2   3 3
57 209 4   0 0   1 1   2 2   3 3
57 262 4   0 0   1 1   2 2   3 3
57 86 4   0 0   1 1   2 2   3 3
58 357 4   0 0   1 1   2 2   3 3
58 186 4   0 0   1 1   2 2   3 3
58 90 4   0 0   1 1   2 2   3 3
58 204 4   0 0   1 1   2 2   3 3
58 125 4   0 0   1 1   2 2   3 3
58 93 4   0 0   1 1   2 2   3 3
59 210 4   0 0   1 1   2 2   3 3
59 199 4   0 0   1 1   2 2   3 3
59 232 4   0 0   1 1   2 2   3 3
59 236 4   0 0   1 1   2 2   3 3
59 191 4   0 0   1 1   2 2   3 3
60 306 4   0 0   1 1   2 2   3 3
60 324 4   0 0   1 1   2 2   3 3
60 152 4   0 0   1 1   2 2   3 3
60 233 4   0 0   1 1   2 2   3 3
60 137 4   0 0   1 1   2 2   3 3
61 340 4   0 0   1 1   2 2   3 3
61 212 4   0 0   1 1   2 2   3 3
61 229 4   0 0   1 1   2 2   3 3
61 151 4   0 0   1 1   2 2   3 3
61 318 4   0 0   1 1   2 2   3 3
62 176 4   0 0   1 1   2 2   3 3
62 98 4   0 0   1 1   2 2   3 3
62 341 4   0 0   1 1   2 2   3 3
62 117 4   0 0   1 1   2 2   3 3
62 214 4   0 0   1 1   2 2   3 3
62 319 4   0 0   1 1   2 2   3 3
63 279 4   0 0   1 1   2 2   3 3
63 126 4   0 0   1 1   2 2   3 3
64 128 4   0 0   1 1   2 2   3 3
64 65 4   0 0   1 1   2 2   3 3
64 309 4   0 0   1 1   2 2   3 3
64 202 4   0 0   1 1   2 2   3 3
64 75 4   0 0   1 1   2 2   3 3
64 283 4   0 0   1 1   2 2   3 3
64 285 4   0 0   1 1   2 2   3 3
64 335 4   0 0   1 1   2 2   3 3
65 128 4   0 0   1 1   2 2   3 3
65 210 4   0 0   1 1   2 2   3 3
66 224 4   0 0   1 1   2 2   3 3
66 112 4   0 0   1 1   2 2   3 3
66 272 4   0 0   1 1   2 2   3 3
66 353 4   0 0   1 1   2 2   3 3
66 179 4   0 0   1 1   2 2   3 3
67 224 4   0 0   1 1   2 2   3 3
67 147 4   0 0   1 1   2 2   3 3
67 179 4   0 0   1 1   2 2   3 3
67 228 4   0 0   1 1   2 2   3 3
67 283 4   0 0   1 1   2 2   3 3
67 222 4   0 0   1 1   2 2   3 3
67 335 4   0 0   1 1   2 2   3 3
67 255 4   0 0   1 1   2 2   3 3
68 160 4   0 0   1 1   2 2   3 3
68 338 4   0 0   1 1   2 2   3 3
68 230 4   0 0   1 1   2 2   3 3
68 119 4   0 0   1 1   2 2   3 3
68 332 4   0 0   1 1   2 2   3 3
69 113 4   0 0   1 1   2 2   3 3
69 196 4   0 0   1 1   2 2   3 3
69 295 4   0 0   1 1   2 2   3 3
69 89 4   0 0   1 1   2 2   3 3
69 156 4   0 0   1 1   2 2   3 3
69 110 4   0 0   1 1   2 2   3 3
69 238 4   0 0   1 1   2 2   3 3
70 208 4   0 0   1 1   2 2   3 3
70 101 4   0 0   1 1   2 2   3 3
70 279 4   0 0   1 1   2 2   3 3
71 243 4   0 0   1 1   2 2   3 3
71 214 4   0 0   1 1   2 2   3 3
71 137 4   0 0   1 1   2 2   3 3
71 299 4   0 0   1 1   2 2   3 3
71 239 4   0 0   1 1   2 2   3 3
72 242 4   0 0   1 1   2 2   3 3
72 339 4   0 0   1 1   2 2   3 3
72 196 4   0 0   1 1   2 2   3 3
72 150 4   0 0   1 1   2 2   3 3
72 295 4   0 0   1 1   2 2   3 3
73 224 4   0 0   1 1   2 2   3 3
73 228 4   0 0   1 1   2 2   3 3
73 148 4   0 0   1 1   2 2   3 3
73 188 4   0 0   1 1   2 2   3 3
73 222 4   0 0   1 1   2 2   3 3
74 259 4   0 0   1 1   2 2   3 3
74 215 4   0 0   1 1   2 2   3 3
74 139 4   0 0   1 1   2 2   3 3
75 202 4   0 0   1 1   2 2   3 3
75 283 4   0 0   1 1   2 2   3 3
76 320 4   0 0   1 1   2 2   3 3
76 356 4   0 0   1 1   2 2   3 3
76 167 4   0 0   1 1   2 2   3 3
76 216 4   0 0   1 1   2 2   3 3
76 173 4   0 0   1 1   2 2   3 3
76 303 4   0 0   1 1   2 2   3 3
77 252 4   0 0   1 1   2 2   3 3
77 159 4   0 0   1 1   2 2   3 3
78 336 4   0 0   1 1   2 2   3 3
78 194 4   0 0   1 1   2 2   3 3
78 180 4   0 0   1 1   2 2   3 3
78 157 4   0 0   1 1   2 2   3 3
78 302 4   0 0   1 1   2 2   3 3
78 287 4   0 0   1 1   2 2   3 3
79 242 4   0 0   1 1   2 2   3 3
79 150 4   0 0   1 1   2 2   3 3
79 342 4   0 0   1 1   2 2   3 3
79 185 4   0 0   1 1   2 2   3 3
79 107 4   0 0   1 1   2 2   3 3
79 364 4   0 0   1 1   2 2   3 3
80 145 4   0 0   1 1   2 2   3 3
80 178 4   0 0   1 1   2 2   3 3
80 327 4   0 0   1 1   2 2   3 3
80 346 4   0 0   1 1   2 2   3 3
80 156 4   0 0   1 1   2 2   3 3
80 110 4   0 0   1 1   2 2   3 3
81 321 4   0 0   1 1   2 2   3 3
81 245 4   0 0   1 1   2 2   3 3
81 341 4   0 0   1 1   2 2   3 3
81 91 4   0 0   1 1   2 2   3 3
82 193 4   0 0   1 1   2 2   3 3
82 194 4   0 0   1 1   2 2   3 3
82 330 4   0 0   1 1   2 2   3 3
82 155 4   0 0   1 1   2 2   3 3
82 157 4   0 0   1 1   2 2   3 3
82 141 4   0 0   1 1   2 2   3 3
83 291 4   0 0   1 1   2 2   3 3
83 195 4   0 0   1 1   2 2   3 3
83 198 4   0 0   1 1   2 2   3 3
83 345 4   0 0   1 1   2 2   3 3
83 236 4   0 0   1 1   2 2   3 3
83 271 4   0 0   1 1   2 2   3 3
84 258 4   0 0   1 1   2 2   3 3
85 129 4   0 0   1 1   2 2   3 3
85 358 4   0 0   1 1   2 2   3 3
85 87 4   0 0   1 1   2 2   3 3
85 346 4   0 0   1 1   2 2   3 3
86 209 4   0 0   1 1   2 2   3 3
86 262 4   0 0   1 1   2 2   3 3
86 234 4   0 0   1 1   2 2   3 3
86 315 4   0 0   1 1   2 2   3 3
86 238 4   0 0   1 1   2 2   3 3
87 274 4   0 0   1 1   2 2   3 3
87 358 4   0 0   1 1   2 2   3 3
87 189 4   0 0   1 1   2 2   3 3
88 144 4   0 0   1 1   2 2   3 3
88 147 4   0 0   1 1   2 2   3 3
88 309 4   0 0   1 1   2 2   3 3
88 199 4   0 0   1 1   2 2   3 3
88 284 4   0 0   1 1   2 2   3 3
88 300 4   0 0   1 1   2 2   3 3
88 285 4   0 0   1 1   2 2   3 3
88 191 4   0 0   1 1   2 2   3 3
88 335 4   0 0   1 1   2 2   3 3
89 178 4   0 0   1 1   2 2   3 3
89 308 4   0 0   1 1   2 2   3 3
89 234 4   0 0   1 1   2 2   3 3
89 156 4   0 0   1 1   2 2   3 3
89 238 4   0 0   1 1   2 2   3 3
90 344 4   0 0   1 1   2 2   3 3
90 120 4   0 0   1 1   2 2   3 3
90 333 4   0 0   1 1   2 2   3 3
90 349 4   0 0   1 1   2 2   3 3
90 93 4   0 0   1 1   2 2   3 3
91 245 4   0 0   1 1   2 2   3 3
91 341 4   0 0   1 1   2 2   3 3
91 235 4   0 0   1 1   2 2   3 3
91 124 4   0 0   1 1   2 2   3 3
91 206 4   0 0   1 1   2 2   3 3
92 146 4   0 0   1 1   2 2   3 3
92 148 4   0 0   1 1   2 2   3 3
92 222 4   0 0   1 1   2 2   3 3
93 326 4   0 0   1 1   2 2   3 3
93 120 4   0 0   1 1   2 2   3 3
93 204 4   0 0   1 1   2 2   3 3
94 241 4   0 0   1 1   2 2   3 3
94 227 4   0 0   1 1   2 2   3 3
94 246 4   0 0   1 1   2 2   3 3
94 350 4   0 0   1 1   2 2   3 3
95 225 4   0 0   1 1   2 2   3 3
95 325 4   0 0   1 1   2 2   3 3
95 328 4   0 0   1 1   2 2   3 3
95 348 4   0 0   1 1   2 2   3 3
96 323 4   0 0   1 1   2 2   3 3
96 198 4   0 0   1 1   2 2   3 3
96 345 4   0 0   1 1   2 2   3 3
96 329 4   0 0   1 1   2 2   3 3
96 347 4   0 0   1 1   2 2   3 3
96 284 4   0 0   1 1   2 2   3 3
96 191 4   0 0   1 1   2 2   3 3
97 129 4   0 0   1 1   2 2   3 3
97 178 4   0 0   1 1   2 2   3 3
97 308 4   0 0   1 1   2 2   3 3
97 346 4   0 0   1 1   2 2   3 3
98 181 4   0 0   1 1   2 2   3 3
98 341 4   0 0   1 1   2 2   3 3
98 117 4   0 0   1 1   2 2   3 3
98 235 4   0 0   1 1   2 2   3 3
98 206 4   0 0   1 1   2 2   3 3
99 337 4   0 0   1 1   2 2   3 3
99 246 4   0 0   1 1   2 2   3 3
99 361 4   0 0   1 1   2 2   3 3
99 138 4   0 0   1 1   2 2   3 3
99 219 4   0 0   1 1   2 2   3 3
99 221 4   0 0   1 1   2 2   3 3
100 338 4   0 0   1 1   2 2   3 3
100 331 4   0 0   1 1   2 2   3 3
100 205 4   0 0   1 1   2 2   3 3
101 133 4   0 0   1 1   2 2   3 3
101 279 4   0 0   1 1   2 2   3 3
101 201 4   0 0   1 1   2 2   3 3
101 237 4   0 0   1 1   2 2   3 3
102 227 4   0 0   1 1   2 2   3 3
102 260 4   0 0   1 1   2 2   3 3
102 140 4   0 0   1 1   2 2   3 3
103 247 4   0 0   1 1   2 2   3 3
103 329 4   0 0   1 1   2 2   3 3
103 282 4   0 0   1 1   2 2   3 3
103 317 4   0 0   1 1   2 2   3 3
103 111 4   0 0   1 1   2 2   3 3
104 240 4   0 0   1 1   2 2   3 3
104 363 4   0 0   1 1   2 2   3 3
104 123 4   0 0   1 1   2 2   3 3
104 205 4   0 0   1 1   2 2   3 3
105 240 4   0 0   1 1   2 2   3 3
105 181 4   0 0   1 1   2 2   3 3
105 124 4   0 0   1 1   2 2   3 3
105 108 4   0 0   1 1   2 2   3 3
105 205 4   0 0   1 1   2 2   3 3
105 206 4   0 0   1 1   2 2   3 3
106 130 4   0 0   1 1   2 2   3 3
106 296 4   0 0   1 1   2 2   3 3
106 216 4   0 0   1 1   2 2   3 3
106 184 4   0 0   1 1   2 2   3 3
107 150 4   0 0   1 1   2 2   3 3
107 185 4   0 0   1 1   2 2   3 3
108 181 4   0 0   1 1   2 2   3 3
108 117 4   0 0   1 1   2 2   3 3
108 214 4   0 0   1 1   2 2   3 3
108 239 4   0 0   1 1   2 2   3 3
109 194 4   0 0   1 1   2 2   3 3
109 180 4   0 0   1 1   2 2   3 3
109 281 4   0 0   1 1   2 2   3 3
109 267 4   0 0   1 1   2 2   3 3
109 172 4   0 0   1 1   2 2   3 3
109 287 4   0 0   1 1   2 2   3 3
110 113 4   0 0   1 1   2 2   3 3
110 327 4   0 0   1 1   2 2   3 3
110 200 4   0 0   1 1   2 2   3 3
110 156 4   0 0   1 1   2 2   3 3
111 352 4   0 0   1 1   2 2   3 3
111 329 4   0 0   1 1   2 2   3 3
111 317 4   0 0   1 1   2 2   3 3
112 272 4   0 0   1 1   2 2   3 3
112 353 4   0 0   1 1   2 2   3 3
112 185 4   0 0   1 1   2 2   3 3
112 364 4   0 0   1 1   2 2   3 3
113 196 4   0 0   1 1   2 2   3 3
113 200 4   0 0   1 1   2 2   3 3
113 175 4   0 0   1 1   2 2   3 3
114 294 4   0 0   1 1   2 2   3 3
114 360 4   0 0   1 1   2 2   3 3
114 204 4   0 0   1 1   2 2   3 3
115 320 4   0 0   1 1   2 2   3 3
115 164 4   0 0   1 1   2 2   3 3
115 122 4   0 0   1 1   2 2   3 3
115 269 4   0 0   1 1   2 2   3 3
115 173 4   0 0   1 1   2 2   3 3
115 271 4   0 0   1 1   2 2   3 3
116 322 4   0 0   1 1   2 2   3 3
116 254 4   0 0   1 1   2 2   3 3
117 181 4   0 0   1 1   2 2   3 3
117 214 4   0 0   1 1   2 2   3 3
118 337 4   0 0   1 1   2 2   3 3
118 163 4   0 0   1 1   2 2   3 3
118 166 4   0 0   1 1   2 2   3 3
118 182 4   0 0   1 1   2 2   3 3
118 263 4   0 0   1 1   2 2   3 3
118 169 4   0 0   1 1   2 2   3 3
118 265 4   0 0   1 1   2 2   3 3
119 160 4   0 0   1 1   2 2   3 3
119 192 4   0 0   1 1   2 2   3 3
119 230 4   0 0   1 1   2 2   3 3
119 121 4   0 0   1 1   2 2   3 3
119 331 4   0 0   1 1   2 2   3 3
119 126 4   0 0   1 1   2 2   3 3
120 278 4   0 0   1 1   2 2   3 3
120 326 4   0 0   1 1   2 2   3 3
120 349 4   0 0   1 1   2 2   3 3
121 165 4   0 0   1 1   2 2   3 3
121 230 4   0 0   1 1   2 2   3 3
121 170 4   0 0   1 1   2 2   3 3
122 210 4   0 0   1 1   2 2   3 3
122 356 4   0 0   1 1   2 2   3 3
122 232 4   0 0   1 1   2 2   3 3
122 173 4   0 0   1 1   2 2   3 3
122 271 4   0 0   1 1   2 2   3 3
123 146 4   0 0   1 1   2 2   3 3
123 148 4   0 0   1 1   2 2   3 3
123 363 4   0 0   1 1   2 2   3 3
123 188 4   0 0   1 1   2 2   3 3
123 332 4   0 0   1 1   2 2   3 3
124 240 4   0 0   1 1   2 2   3 3
124 242 4   0 0   1 1   2 2   3 3
124 277 4   0 0   1 1   2 2   3 3
124 245 4   0 0   1 1   2 2   3 3
124 342 4   0 0   1 1   2 2   3 3
124 295 4   0 0   1 1   2 2   3 3
124 311 4   0 0   1 1   2 2   3 3
124 206 4   0 0   1 1   2 2   3 3
125 257 4   0 0   1 1   2 2   3 3
125 357 4   0 0   1 1   2 2   3 3
125 248 4   0 0   1 1   2 2   3 3
125 186 4   0 0   1 1   2 2   3 3
125 158 4   0 0   1 1   2 2   3 3
126 192 4   0 0   1 1   2 2   3 3
126 279 4   0 0   1 1   2 2   3 3
126 237 4   0 0   1 1   2 2   3 3
126 190 4   0 0   1 1   2 2   3 3
127 211 4   0 0   1 1   2 2   3 3
127 310 4   0 0   1 1   2 2   3 3
127 328 4   0 0   1 1   2 2   3 3
127 154 4   0 0   1 1   2 2   3 3
128 356 4   0 0   1 1   2 2   3 3
128 313 4   0 0   1 1   2 2   3 3
128 202 4   0 0   1 1   2 2   3 3
129 346 4   0 0   1 1   2 2   3 3
130 257 4   0 0   1 1   2 2   3 3
130 131 4   0 0   1 1   2 2   3 3
130 359 4   0 0   1 1   2 2   3 3
130 184 4   0 0   1 1   2 2   3 3
130 248 4   0 0   1 1   2 2   3 3
130 333 4   0 0   1 1   2 2   3 3
131 184 4   0 0   1 1   2 2   3 3
132 256 4   0 0   1 1   2 2   3 3
132 209 4   0 0   1 1   2 2   3 3
132 227 4   0 0   1 1   2 2   3 3
132 136 4   0 0   1 1   2 2   3 3
132 315 4   0 0   1 1   2 2   3 3
132 140 4   0 0   1 1   2 2   3 3
133 201 4   0 0   1 1   2 2   3 3
134 164 4   0 0   1 1   2 2   3 3
134 167 4   0 0   1 1   2 2   3 3
134 269 4   0 0   1 1   2 2   3 3
134 270 4   0 0   1 1   2 2   3 3
135 192 4   0 0   1 1   2 2   3 3
135 218 4   0 0   1 1   2 2   3 3
135 299 4   0 0   1 1   2 2   3 3
135 237 4   0 0   1 1   2 2   3 3
136 315 4   0 0   1 1   2 2   3 3
136 140 4   0 0   1 1   2 2   3 3
137 176 4   0 0   1 1   2 2   3 3
137 306 4   0 0   1 1   2 2   3 3
137 243 4   0 0   1 1   2 2   3 3
137 233 4   0 0   1 1   2 2   3 3
138 289 4   0 0   1 1   2 2   3 3
138 337 4   0 0   1 1   2 2   3 3
138 361 4   0 0   1 1   2 2   3 3
139 259 4   0 0   1 1   2 2   3 3
139 215 4   0 0   1 1   2 2   3 3
139 287 4   0 0   1 1   2 2   3 3
140 227 4   0 0   1 1   2 2   3 3
140 260 4   0 0   1 1   2 2   3 3
140 277 4   0 0   1 1   2 2   3 3
140 149 4   0 0   1 1   2 2   3 3
140 311 4   0 0   1 1   2 2   3 3
140 315 4   0 0   1 1   2 2   3 3
141 177 4   0 0   1 1   2 2   3 3
141 194 4   0 0   1 1   2 2   3 3
141 281 4   0 0   1 1   2 2   3 3
142 293 4   0 0   1 1   2 2   3 3
142 263 4   0 0   1 1   2 2   3 3
142 249 4   0 0   1 1   2 2   3 3
142 254 4   0 0   1 1   2 2   3 3
143 257 4   0 0   1 1   2 2   3 3
143 217 4   0 0   1 1   2 2   3 3
143 158 4   0 0   1 1   2 2   3 3
144 352 4   0 0   1 1   2 2   3 3
144 305 4   0 0   1 1   2 2   3 3
144 323 4   0 0   1 1   2 2   3 3
144 314 4   0 0   1 1   2 2   3 3
144 300 4   0 0   1 1   2 2   3 3
145 178 4   0 0   1 1   2 2   3 3
145 156 4   0 0   1 1   2 2   3 3
146 148 4   0 0   1 1   2 2   3 3
146 362 4   0 0   1 1   2 2   3 3
146 332 4   0 0   1 1   2 2   3 3
146 253 4   0 0   1 1   2 2   3 3
147 353 4   0 0   1 1   2 2   3 3
147 258 4   0 0   1 1   2 2   3 3
147 179 4   0 0   1 1   2 2   3 3
147 300 4   0 0   1 1   2 2   3 3
147 335 4   0 0   1 1   2 2   3 3
148 188 4   0 0   1 1   2 2   3 3
148 222 4   0 0   1 1   2 2   3 3
149 321 4   0 0   1 1   2 2   3 3
149 289 4   0 0   1 1   2 2   3 3
149 260 4   0 0   1 1   2 2   3 3
149 292 4   0 0   1 1   2 2   3 3
149 277 4   0 0   1 1   2 2   3 3
149 261 4   0 0   1 1   2 2   3 3
149 169 4   0 0   1 1   2 2   3 3
150 242 4   0 0   1 1   2 2   3 3
150 339 4   0 0   1 1   2 2   3 3
151 305 4   0 0   1 1   2 2   3 3
151 229 4   0 0   1 1   2 2   3 3
151 300 4   0 0   1 1   2 2   3 3
152 306 4   0 0   1 1   2 2   3 3
152 276 4   0 0   1 1   2 2   3 3
152 324 4   0 0   1 1   2 2   3 3
152 343 4   0 0   1 1   2 2   3 3
152 233 4   0 0   1 1   2 2   3 3
153 304 4   0 0   1 1   2 2   3 3
153 269 4   0 0   1 1   2 2   3 3
153 286 4   0 0   1 1   2 2   3 3
154 225 4   0 0   1 1   2 2   3 3
154 325 4   0 0   1 1   2 2   3 3
154 310 4   0 0   1 1   2 2   3 3
154 328 4   0 0   1 1   2 2   3 3
155 294 4   0 0   1 1   2 2   3 3
155 330 4   0 0   1 1   2 2   3 3
155 157 4   0 0   1 1   2 2   3 3
155 334 4   0 0   1 1   2 2   3 3
155 302 4   0 0   1 1   2 2   3 3
156 178 4   0 0   1 1   2 2   3 3
157 194 4   0 0   1 1   2 2   3 3
157 302 4   0 0   1 1   2 2   3 3
158 257 4   0 0   1 1   2 2   3 3
158 217 4   0 0   1 1   2 2   3 3
158 186 4   0 0   1 1   2 2   3 3
158 298 4   0 0   1 1   2 2   3 3
159 340 4   0 0   1 1   2 2   3 3
159 264 4   0 0   1 1   2 2   3 3
159 187 4   0 0   1 1   2 2   3 3
160 338 4   0 0   1 1   2 2   3 3
160 331 4   0 0   1 1   2 2   3 3
161 168 4   0 0   1 1   2 2   3 3
161 268 4   0 0   1 1   2 2   3 3
162 165 4   0 0   1 1   2 2   3 3
162 326 4   0 0   1 1   2 2   3 3
162 231 4   0 0   1 1   2 2   3 3
162 190 4   0 0   1 1   2 2   3 3
162 334 4   0 0   1 1   2 2   3 3
163 337 4   0 0   1 1   2 2   3 3
163 182 4   0 0   1 1   2 2   3 3
163 316 4   0 0   1 1   2 2   3 3
163 221 4   0 0   1 1   2 2   3 3
164 320 4   0 0   1 1   2 2   3 3
164 167 4   0 0   1 1   2 2   3 3
164 269 4   0 0   1 1   2 2   3 3
165 278 4   0 0   1 1   2 2   3 3
165 326 4   0 0   1 1   2 2   3 3
165 231 4   0 0   1 1   2 2   3 3
165 170 4   0 0   1 1   2 2   3 3
165 190 4   0 0   1 1   2 2   3 3
166 293 4   0 0   1 1   2 2   3 3
166 182 4   0 0   1 1   2 2   3 3
166 263 4   0 0   1 1   2 2   3 3
166 348 4   0 0   1 1   2 2   3 3
167 320 4   0 0   1 1   2 2   3 3
167 184 4   0 0   1 1   2 2   3 3
167 296 4   0 0   1 1   2 2   3 3
167 270 4   0 0   1 1   2 2   3 3
168 226 4   0 0   1 1   2 2   3 3
168 268 4   0 0   1 1   2 2   3 3
169 321 4   0 0   1 1   2 2   3 3
169 289 4   0 0   1 1   2 2   3 3
169 265 4   0 0   1 1   2 2   3 3
170 278 4   0 0   1 1   2 2   3 3
170 362 4   0 0   1 1   2 2   3 3
170 253 4   0 0   1 1   2 2   3 3
170 351 4   0 0   1 1   2 2   3 3
171 306 4   0 0   1 1   2 2   3 3
171 183 4   0 0   1 1   2 2   3 3
171 343 4   0 0   1 1   2 2   3 3
171 299 4   0 0   1 1   2 2   3 3
171 251 4   0 0   1 1   2 2   3 3
172 177 4   0 0   1 1   2 2   3 3
172 194 4   0 0   1 1   2 2   3 3
172 281 4   0 0   1 1   2 2   3 3
173 320 4   0 0   1 1   2 2   3 3
173 356 4   0 0   1 1   2 2   3 3
174 212 4   0 0   1 1   2 2   3 3
174 213 4   0 0   1 1   2 2   3 3
174 327 4   0 0   1 1   2 2   3 3
174 223 4   0 0   1 1   2 2   3 3
175 339 4   0 0   1 1   2 2   3 3
175 200 4   0 0   1 1   2 2   3 3
175 220 4   0 0   1 1   2 2   3 3
176 243 4   0 0   1 1   2 2   3 3
176 214 4   0 0   1 1   2 2   3 3
176 312 4   0 0   1 1   2 2   3 3
176 233 4   0 0   1 1   2 2   3 3
176 319 4   0 0   1 1   2 2   3 3
177 194 4   0 0   1 1   2 2   3 3
177 281 4   0 0   1 1   2 2   3 3
178 308 4   0 0   1 1   2 2   3 3
178 346 4   0 0   1 1   2 2   3 3
179 224 4   0 0   1 1   2 2   3 3
179 353 4   0 0   1 1   2 2   3 3
180 194 4   0 0   1 1   2 2   3 3
180 287 4   0 0   1 1   2 2   3 3
181 206 4   0 0   1 1   2 2   3 3
182 316 4   0 0   1 1   2 2   3 3
182 348 4   0 0   1 1   2 2   3 3
183 288 4   0 0   1 1   2 2   3 3
183 201 4   0 0   1 1   2 2   3 3
183 297 4   0 0   1 1   2 2   3 3
183 251 4   0 0   1 1   2 2   3 3
184 296 4   0 0   1 1   2 2   3 3
184 270 4   0 0   1 1   2 2   3 3
185 364 4   0 0   1 1   2 2   3 3
186 298 4   0 0   1 1   2 2   3 3
187 305 4   0 0   1 1   2 2   3 3
187 340 4   0 0   1 1   2 2   3 3
187 317 4   0 0   1 1   2 2   3 3
188 224 4   0 0   1 1   2 2   3 3
188 363 4   0 0   1 1   2 2   3 3
189 274 4   0 0   1 1   2 2   3 3
191 199 4   0 0   1 1   2 2   3 3
191 345 4   0 0   1 1   2 2   3 3
191 236 4   0 0   1 1   2 2   3 3
191 284 4   0 0   1 1   2 2   3 3
192 218 4   0 0   1 1   2 2   3 3
192 331 4   0 0   1 1   2 2   3 3
192 237 4   0 0   1 1   2 2   3 3
193 217 4   0 0   1 1   2 2   3 3
193 330 4   0 0   1 1   2 2   3 3
195 291 4   0 0   1 1   2 2   3 3
196 295 4   0 0   1 1   2 2   3 3
197 307 4   0 0   1 1   2 2   3 3
197 355 4   0 0   1 1   2 2   3 3
197 359 4   0 0   1 1   2 2   3 3
197 202 4   0 0   1 1   2 2   3 3
198 291 4   0 0   1 1   2 2   3 3
198 345 4   0 0   1 1   2 2   3 3
198 347 4   0 0   1 1   2 2   3 3
198 207 4   0 0   1 1   2 2   3 3
199 210 4   0 0   1 1   2 2   3 3
199 285 4   0 0   1 1   2 2   3 3
200 327 4   0 0   1 1   2 2   3 3
200 220 4   0 0   1 1   2 2   3 3
201 297 4   0 0   1 1   2 2   3 3
202 307 4   0 0   1 1   2 2   3 3
202 280 4   0 0   1 1   2 2   3 3
202 344 4   0 0   1 1   2 2   3 3
202 313 4   0 0   1 1   2 2   3 3
202 283 4   0 0   1 1   2 2   3 3
203 269 4   0 0   1 1   2 2   3 3
203 286 4   0 0   1 1   2 2   3 3
203 270 4   0 0   1 1   2 2   3 3
204 326 4   0 0   1 1   2 2   3 3
204 360 4   0 0   1 1   2 2   3 3
205 240 4   0 0   1 1   2 2   3 3
205 338 4   0 0   1 1   2 2   3 3
206 235 4   0 0   1 1   2 2   3 3
207 291 4   0 0   1 1   2 2   3 3
207 347 4   0 0   1 1   2 2   3 3
208 336 4   0 0   1 1   2 2   3 3
208 334 4   0 0   1 1   2 2   3 3
209 256 4   0 0   1 1   2 2   3 3
209 315 4   0 0   1 1   2 2   3 3
210 356 4   0 0   1 1   2 2   3 3
210 232 4   0 0   1 1   2 2   3 3
211 322 4   0 0   1 1   2 2   3 3
211 310 4   0 0   1 1   2 2   3 3
211 328 4   0 0   1 1   2 2   3 3
211 301 4   0 0   1 1   2 2   3 3
212 340 4   0 0   1 1   2 2   3 3
212 327 4   0 0   1 1   2 2   3 3
212 220 4   0 0   1 1   2 2   3 3
212 318 4   0 0   1 1   2 2   3 3
212 223 4   0 0   1 1   2 2   3 3
213 223 4   0 0   1 1   2 2   3 3
214 243 4   0 0   1 1   2 2   3 3
214 239 4   0 0   1 1   2 2   3 3
215 336 4   0 0   1 1   2 2   3 3
215 287 4   0 0   1 1   2 2   3 3
216 355 4   0 0   1 1   2 2   3 3
216 296 4   0 0   1 1   2 2   3 3
216 303 4   0 0   1 1   2 2   3 3
217 290 4   0 0   1 1   2 2   3 3
217 298 4   0 0   1 1   2 2   3 3
218 331 4   0 0   1 1   2 2   3 3
218 239 4   0 0   1 1   2 2   3 3
219 246 4   0 0   1 1   2 2   3 3
219 350 4   0 0   1 1   2 2   3 3
220 327 4   0 0   1 1   2 2   3 3
221 337 4   0 0   1 1   2 2   3 3
222 228 4   0 0   1 1   2 2   3 3
222 280 4   0 0   1 1   2 2   3 3
222 255 4   0 0   1 1   2 2   3 3
223 273 4   0 0   1 1   2 2   3 3
223 340 4   0 0   1 1   2 2   3 3
223 264 4   0 0   1 1   2 2   3 3
224 272 4   0 0   1 1   2 2   3 3
224 228 4   0 0   1 1   2 2   3 3
225 325 4   0 0   1 1   2 2   3 3
225 310 4   0 0   1 1   2 2   3 3
225 348 4   0 0   1 1   2 2   3 3
225 316 4   0 0   1 1   2 2   3 3
226 274 4   0 0   1 1   2 2   3 3
227 256 4   0 0   1 1   2 2   3 3
227 241 4   0 0   1 1   2 2   3 3
227 244 4   0 0   1 1   2 2   3 3
229 305 4   0 0   1 1   2 2   3 3
229 340 4   0 0   1 1   2 2   3 3
230 332 4   0 0   1 1   2 2   3 3
231 326 4   0 0   1 1   2 2   3 3
232 236 4   0 0   1 1   2 2   3 3
232 271 4   0 0   1 1   2 2   3 3
233 324 4   0 0   1 1   2 2   3 3
233 312 4   0 0   1 1   2 2   3 3
234 308 4   0 0   1 1   2 2   3 3
234 262 4   0 0   1 1   2 2   3 3
235 341 4   0 0   1 1   2 2   3 3
236 345 4   0 0   1 1   2 2   3 3
236 271 4   0 0   1 1   2 2   3 3
237 279 4   0 0   1 1   2 2   3 3
238 295 4   0 0   1 1   2 2   3 3
238 315 4   0 0   1 1   2 2   3 3
239 331 4   0 0   1 1   2 2   3 3
240 342 4   0 0   1 1   2 2   3 3
241 244 4   0 0   1 1   2 2   3 3
241 350 4   0 0   1 1   2 2   3 3
242 342 4   0 0   1 1   2 2   3 3
242 295 4   0 0   1 1   2 2   3 3
244 256 4   0 0   1 1   2 2   3 3
244 350 4   0 0   1 1   2 2   3 3
245 321 4   0 0   1 1   2 2   3 3
245 292 4   0 0   1 1   2 2   3 3
245 277 4   0 0   1 1   2 2   3 3
246 361 4   0 0   1 1   2 2   3 3
246 350 4   0 0   1 1   2 2   3 3
247 282 4   0 0   1 1   2 2   3 3
247 252 4   0 0   1 1   2 2   3 3
247 317 4   0 0   1 1   2 2   3 3
248 257 4   0 0   1 1   2 2   3 3
248 357 4   0 0   1 1   2 2   3 3
249 321 4   0 0   1 1   2 2   3 3
249 263 4   0 0   1 1   2 2   3 3
249 265 4   0 0   1 1   2 2   3 3
249 319 4   0 0   1 1   2 2   3 3
250 304 4   0 0   1 1   2 2   3 3
250 286 4   0 0   1 1   2 2   3 3
251 343 4   0 0   1 1   2 2   3 3
252 282 4   0 0   1 1   2 2   3 3
252 317 4   0 0   1 1   2 2   3 3
253 362 4   0 0   1 1   2 2   3 3
253 351 4   0 0   1 1   2 2   3 3
254 322 4   0 0   1 1   2 2   3 3
254 293 4   0 0   1 1   2 2   3 3
254 312 4   0 0   1 1   2 2   3 3
255 280 4   0 0   1 1   2 2   3 3
255 283 4   0 0   1 1   2 2   3 3
258 353 4   0 0   1 1   2 2   3 3
258 300 4   0 0   1 1   2 2   3 3
259 275 4   0 0   1 1   2 2   3 3
260 261 4   0 0   1 1   2 2   3 3
261 289 4   0 0   1 1   2 2   3 3
261 361 4   0 0   1 1   2 2   3 3
262 308 4   0 0   1 1   2 2   3 3
263 293 4   0 0   1 1   2 2   3 3
263 265 4   0 0   1 1   2 2   3 3
264 273 4   0 0   1 1   2 2   3 3
264 340 4   0 0   1 1   2 2   3 3
265 321 4   0 0   1 1   2 2   3 3
266 304 4   0 0   1 1   2 2   3 3
266 286 4   0 0   1 1   2 2   3 3
267 275 4   0 0   1 1   2 2   3 3
267 281 4   0 0   1 1   2 2   3 3
267 287 4   0 0   1 1   2 2   3 3
268 273 4   0 0   1 1   2 2   3 3
269 286 4   0 0   1 1   2 2   3 3
269 270 4   0 0   1 1   2 2   3 3
272 364 4   0 0   1 1   2 2   3 3
274 358 4   0 0   1 1   2 2   3 3
275 297 4   0 0   1 1   2 2   3 3
276 288 4   0 0   1 1   2 2   3 3
276 343 4   0 0   1 1   2 2   3 3
277 292 4   0 0   1 1   2 2   3 3
277 311 4   0 0   1 1   2 2   3 3
278 354 4   0 0   1 1   2 2   3 3
278 326 4   0 0   1 1   2 2   3 3
278 349 4   0 0   1 1   2 2   3 3
278 351 4   0 0   1 1   2 2   3 3
280 283 4   0 0   1 1   2 2   3 3
283 335 4   0 0   1 1   2 2   3 3
284 323 4   0 0   1 1   2 2   3 3
285 309 4   0 0   1 1   2 2   3 3
286 304 4   0 0   1 1   2 2   3 3
287 336 4   0 0   1 1   2 2   3 3
288 297 4   0 0   1 1   2 2   3 3
289 361 4   0 0   1 1   2 2   3 3
290 294 4   0 0   1 1   2 2   3 3
290 360 4   0 0   1 1   2 2   3 3
292 321 4   0 0   1 1   2 2   3 3
293 322 4   0 0   1 1   2 2   3 3
293 348 4   0 0   1 1   2 2   3 3
294 360 4   0 0   1 1   2 2   3 3
294 330 4   0 0   1 1   2 2   3 3
294 334 4   0 0   1 1   2 2   3 3
295 311 4   0 0   1 1   2 2   3 3
295 315 4   0 0   1 1   2 2   3 3
300 305 4   0 0   1 1   2 2   3 3
301 322 4   0 0   1 1   2 2   3 3
302 336 4   0 0   1 1   2 2   3 3
302 334 4   0 0   1 1   2 2   3 3
303 307 4   0 0   1 1   2 2   3 3
303 355 4   0 0   1 1   2 2   3 3
303 356 4   0 0   1 1   2 2   3 3
303 313 4   0 0   1 1   2 2   3 3
305 340 4   0 0   1 1   2 2   3 3
305 314 4   0 0   1 1   2 2   3 3
306 343 4   0 0   1 1   2 2   3 3
307 355 4   0 0   1 1   2 2   3 3
307 313 4   0 0   1 1   2 2   3 3
309 335 4   0 0   1 1   2 2   3 3
311 315 4   0 0   1 1   2 2   3 3
313 356 4   0 0   1 1   2 2   3 3
316 348 4   0 0   1 1   2 2   3 3
322 328 4   0 0   1 1   2 2   3 3
322 348 4   0 0   1 1   2 2   3 3
323 352 4   0 0   1 1   2 2   3 3
323 329 4   0 0   1 1   2 2   3 3
325 328 4   0 0   1 1   2 2   3 3
329 352 4   0 0   1 1   2 2   3 3
329 347 4   0 0   1 1   2 2   3 3
331 338 4   0 0   1 1   2 2   3 3
333 359 4   0 0   1 1   2 2   3 3
334 336 4   0 0   1 1   2 2   3 3
344 354 4   0 0   1 1   2 2   3 3
344 349 4   0 0   1 1   2 2   3 3
346 358 4   0 0   1 1   2 2   3 3
349 354 4   0 0   1 1   2 2   3 3
351 354 4   0 0   1 1   2 2   3 3
