30
1 4 0 1 2 3
2 4 0 1 2 3
3 4 0 1 2 3
4 4 0 1 2 3
5 4 0 1 2 3
6 4 0 1 2 3
7 4 0 1 2 3
8 4 0 1 2 3
9 4 0 1 2 3
10 4 0 1 2 3
11 4 0 1 2 3
12 4 0 1 2 3
13 4 0 1 2 3
14 4 0 1 2 3
15 4 0 1 2 3
16 4 0 1 2 3
17 4 0 1 2 3
18 4 0 1 2 3
19 4 0 1 2 3
20 4 0 1 2 3
21 4 0 1 2 3
22 4 0 1 2 3
23 4 0 1 2 3
24 4 0 1 2 3
25 4 0 1 2 3
26 4 0 1 2 3
27 4 0 1 2 3
28 4 0 1 2 3
29 4 0 1 2 3
30 4 0 1 2 3
69
1 21 4   0 0   1 1   2 2   3 3
1 22 4   0 0   1 1   2 2   3 3
1 6 4   0 0   1 1   2 2   3 3
1 9 4   0 0   1 1   2 2   3 3
1 12 4   0 0   1 1   2 2   3 3
2 21 4   0 0   1 1   2 2   3 3
2 5 4   0 0   1 1   2 2   3 3
2 22 4   0 0   1 1   2 2   3 3
2 8 4   0 0   1 1   2 2   3 3
2 25 4   0 0   1 1   2 2   3 3
2 11 4   0 0   1 1   2 2   3 3
2 13 4   0 0   1 1   2 2   3 3
3 27 4   0 0   1 1   2 2   3 3
3 30 4   0 0   1 1   2 2   3 3
4 24 4   0 0   1 1   2 2   3 3
4 27 4   0 0   1 1   2 2   3 3
4 12 4   0 0   1 1   2 2   3 3
4 14 4   0 0   1 1   2 2   3 3
4 30 4   0 0   1 1   2 2   3 3
5 19 4   0 0   1 1   2 2   3 3
5 25 4   0 0   1 1   2 2   3 3
5 13 4   0 0   1 1   2 2   3 3
6 21 4   0 0   1 1   2 2   3 3
6 24 4   0 0   1 1   2 2   3 3
6 26 4   0 0   1 1   2 2   3 3
6 12 4   0 0   1 1   2 2   3 3
6 30 4   0 0   1 1   2 2   3 3
7 23 4   0 0   1 1   2 2   3 3
7 15 4   0 0   1 1   2 2   3 3
8 18 4   0 0   1 1   2 2   3 3
8 11 4   0 0   1 1   2 2   3 3
8 29 4   0 0   1 1   2 2   3 3
8 13 4   0 0   1 1   2 2   3 3
9 22 4   0 0   1 1   2 2   3 3
9 23 4   0 0   1 1   2 2   3 3
9 11 4   0 0   1 1   2 2   3 3
9 12 4   0 0   1 1   2 2   3 3
9 14 4   0 0   1 1   2 2   3 3
10 20 4   0 0   1 1   2 2   3 3
10 28 4   0 0   1 1   2 2   3 3
11 16 4   0 0   1 1   2 2   3 3
11 18 4   0 0   1 1   2 2   3 3
11 22 4   0 0   1 1   2 2   3 3
11 23 4   0 0   1 1   2 2   3 3
12 24 4   0 0   1 1   2 2   3 3
12 14 4   0 0   1 1   2 2   3 3
13 19 4   0 0   1 1   2 2   3 3
13 29 4   0 0   1 1   2 2   3 3
14 23 4   0 0   1 1   2 2   3 3
14 27 4   0 0   1 1   2 2   3 3
14 15 4   0 0   1 1   2 2   3 3
15 23 4   0 0   1 1   2 2   3 3
15 27 4   0 0   1 1   2 2   3 3
16 17 4   0 0   1 1   2 2   3 3
16 18 4   0 0   1 1   2 2   3 3
16 20 4   0 0   1 1   2 2   3 3
16 23 4   0 0   1 1   2 2   3 3
17 23 4   0 0   1 1   2 2   3 3
18 20 4   0 0   1 1   2 2   3 3
18 29 4   0 0   1 1   2 2   3 3
20 29 4   0 0   1 1   2 2   3 3
21 22 4   0 0   1 1   2 2   3 3
21 25 4   0 0   1 1   2 2   3 3
21 26 4   0 0   1 1   2 2   3 3
24 30 4   0 0   1 1   2 2   3 3
25 26 4   0 0   1 1   2 2   3 3
26 30 4   0 0   1 1   2 2   3 3
27 30 4   0 0   1 1   2 2   3 3
28 29 4   0 0   1 1   2 2   3 3
