318
1 4 0 1 2 3
2 4 0 1 2 3
3 4 0 1 2 3
4 4 0 1 2 3
5 4 0 1 2 3
6 4 0 1 2 3
7 4 0 1 2 3
8 4 0 1 2 3
9 4 0 1 2 3
10 4 0 1 2 3
11 4 0 1 2 3
12 4 0 1 2 3
13 4 0 1 2 3
14 4 0 1 2 3
15 4 0 1 2 3
16 4 0 1 2 3
17 4 0 1 2 3
18 4 0 1 2 3
19 4 0 1 2 3
20 4 0 1 2 3
21 4 0 1 2 3
22 4 0 1 2 3
23 4 0 1 2 3
24 4 0 1 2 3
25 4 0 1 2 3
26 4 0 1 2 3
27 4 0 1 2 3
28 4 0 1 2 3
29 4 0 1 2 3
30 4 0 1 2 3
31 4 0 1 2 3
32 4 0 1 2 3
33 4 0 1 2 3
34 4 0 1 2 3
35 4 0 1 2 3
36 4 0 1 2 3
37 4 0 1 2 3
38 4 0 1 2 3
39 4 0 1 2 3
40 4 0 1 2 3
41 4 0 1 2 3
42 4 0 1 2 3
43 4 0 1 2 3
44 4 0 1 2 3
45 4 0 1 2 3
46 4 0 1 2 3
47 4 0 1 2 3
48 4 0 1 2 3
49 4 0 1 2 3
50 4 0 1 2 3
51 4 0 1 2 3
52 4 0 1 2 3
53 4 0 1 2 3
54 4 0 1 2 3
55 4 0 1 2 3
56 4 0 1 2 3
57 4 0 1 2 3
58 4 0 1 2 3
59 4 0 1 2 3
60 4 0 1 2 3
61 4 0 1 2 3
62 4 0 1 2 3
63 4 0 1 2 3
64 4 0 1 2 3
65 4 0 1 2 3
66 4 0 1 2 3
67 4 0 1 2 3
68 4 0 1 2 3
69 4 0 1 2 3
70 4 0 1 2 3
71 4 0 1 2 3
72 4 0 1 2 3
73 4 0 1 2 3
74 4 0 1 2 3
75 4 0 1 2 3
76 4 0 1 2 3
77 4 0 1 2 3
78 4 0 1 2 3
79 4 0 1 2 3
80 4 0 1 2 3
81 4 0 1 2 3
82 4 0 1 2 3
83 4 0 1 2 3
84 4 0 1 2 3
85 4 0 1 2 3
86 4 0 1 2 3
87 4 0 1 2 3
88 4 0 1 2 3
89 4 0 1 2 3
90 4 0 1 2 3
91 4 0 1 2 3
92 4 0 1 2 3
93 4 0 1 2 3
94 4 0 1 2 3
95 4 0 1 2 3
96 4 0 1 2 3
97 4 0 1 2 3
98 4 0 1 2 3
99 4 0 1 2 3
100 4 0 1 2 3
101 4 0 1 2 3
102 4 0 1 2 3
103 4 0 1 2 3
104 4 0 1 2 3
105 4 0 1 2 3
106 4 0 1 2 3
107 4 0 1 2 3
108 4 0 1 2 3
109 4 0 1 2 3
110 4 0 1 2 3
111 4 0 1 2 3
112 4 0 1 2 3
113 4 0 1 2 3
114 4 0 1 2 3
115 4 0 1 2 3
116 4 0 1 2 3
117 4 0 1 2 3
118 4 0 1 2 3
119 4 0 1 2 3
120 4 0 1 2 3
121 4 0 1 2 3
122 4 0 1 2 3
123 4 0 1 2 3
124 4 0 1 2 3
125 4 0 1 2 3
126 4 0 1 2 3
127 4 0 1 2 3
128 4 0 1 2 3
129 4 0 1 2 3
130 4 0 1 2 3
131 4 0 1 2 3
132 4 0 1 2 3
133 4 0 1 2 3
134 4 0 1 2 3
135 4 0 1 2 3
136 4 0 1 2 3
137 4 0 1 2 3
138 4 0 1 2 3
139 4 0 1 2 3
140 4 0 1 2 3
141 4 0 1 2 3
142 4 0 1 2 3
143 4 0 1 2 3
144 4 0 1 2 3
145 4 0 1 2 3
146 4 0 1 2 3
147 4 0 1 2 3
148 4 0 1 2 3
149 4 0 1 2 3
150 4 0 1 2 3
151 4 0 1 2 3
152 4 0 1 2 3
153 4 0 1 2 3
154 4 0 1 2 3
155 4 0 1 2 3
156 4 0 1 2 3
157 4 0 1 2 3
158 4 0 1 2 3
159 4 0 1 2 3
160 4 0 1 2 3
161 4 0 1 2 3
162 4 0 1 2 3
163 4 0 1 2 3
164 4 0 1 2 3
165 4 0 1 2 3
166 4 0 1 2 3
167 4 0 1 2 3
168 4 0 1 2 3
169 4 0 1 2 3
170 4 0 1 2 3
171 4 0 1 2 3
172 4 0 1 2 3
173 4 0 1 2 3
174 4 0 1 2 3
175 4 0 1 2 3
176 4 0 1 2 3
177 4 0 1 2 3
178 4 0 1 2 3
179 4 0 1 2 3
180 4 0 1 2 3
181 4 0 1 2 3
182 4 0 1 2 3
183 4 0 1 2 3
184 4 0 1 2 3
185 4 0 1 2 3
186 4 0 1 2 3
187 4 0 1 2 3
188 4 0 1 2 3
189 4 0 1 2 3
190 4 0 1 2 3
191 4 0 1 2 3
192 4 0 1 2 3
193 4 0 1 2 3
194 4 0 1 2 3
195 4 0 1 2 3
196 4 0 1 2 3
197 4 0 1 2 3
198 4 0 1 2 3
199 4 0 1 2 3
200 4 0 1 2 3
201 4 0 1 2 3
202 4 0 1 2 3
203 4 0 1 2 3
204 4 0 1 2 3
205 4 0 1 2 3
206 4 0 1 2 3
207 4 0 1 2 3
208 4 0 1 2 3
209 4 0 1 2 3
210 4 0 1 2 3
211 4 0 1 2 3
212 4 0 1 2 3
213 4 0 1 2 3
214 4 0 1 2 3
215 4 0 1 2 3
216 4 0 1 2 3
217 4 0 1 2 3
218 4 0 1 2 3
219 4 0 1 2 3
220 4 0 1 2 3
221 4 0 1 2 3
222 4 0 1 2 3
223 4 0 1 2 3
224 4 0 1 2 3
225 4 0 1 2 3
226 4 0 1 2 3
227 4 0 1 2 3
228 4 0 1 2 3
229 4 0 1 2 3
230 4 0 1 2 3
231 4 0 1 2 3
232 4 0 1 2 3
233 4 0 1 2 3
234 4 0 1 2 3
235 4 0 1 2 3
236 4 0 1 2 3
237 4 0 1 2 3
238 4 0 1 2 3
239 4 0 1 2 3
240 4 0 1 2 3
241 4 0 1 2 3
242 4 0 1 2 3
243 4 0 1 2 3
244 4 0 1 2 3
245 4 0 1 2 3
246 4 0 1 2 3
247 4 0 1 2 3
248 4 0 1 2 3
249 4 0 1 2 3
250 4 0 1 2 3
251 4 0 1 2 3
252 4 0 1 2 3
253 4 0 1 2 3
254 4 0 1 2 3
255 4 0 1 2 3
256 4 0 1 2 3
257 4 0 1 2 3
258 4 0 1 2 3
259 4 0 1 2 3
260 4 0 1 2 3
261 4 0 1 2 3
262 4 0 1 2 3
263 4 0 1 2 3
264 4 0 1 2 3
265 4 0 1 2 3
266 4 0 1 2 3
267 4 0 1 2 3
268 4 0 1 2 3
269 4 0 1 2 3
270 4 0 1 2 3
271 4 0 1 2 3
272 4 0 1 2 3
273 4 0 1 2 3
274 4 0 1 2 3
275 4 0 1 2 3
276 4 0 1 2 3
277 4 0 1 2 3
278 4 0 1 2 3
279 4 0 1 2 3
280 4 0 1 2 3
281 4 0 1 2 3
282 4 0 1 2 3
283 4 0 1 2 3
284 4 0 1 2 3
285 4 0 1 2 3
286 4 0 1 2 3
287 4 0 1 2 3
288 4 0 1 2 3
289 4 0 1 2 3
290 4 0 1 2 3
291 4 0 1 2 3
292 4 0 1 2 3
293 4 0 1 2 3
294 4 0 1 2 3
295 4 0 1 2 3
296 4 0 1 2 3
297 4 0 1 2 3
298 4 0 1 2 3
299 4 0 1 2 3
300 4 0 1 2 3
301 4 0 1 2 3
302 4 0 1 2 3
303 4 0 1 2 3
304 4 0 1 2 3
305 4 0 1 2 3
306 4 0 1 2 3
307 4 0 1 2 3
308 4 0 1 2 3
309 4 0 1 2 3
310 4 0 1 2 3
311 4 0 1 2 3
312 4 0 1 2 3
313 4 0 1 2 3
314 4 0 1 2 3
315 4 0 1 2 3
316 4 0 1 2 3
317 4 0 1 2 3
318 4 0 1 2 3
893
1 290 4   0 0   1 1   2 2   3 3
1 233 4   0 0   1 1   2 2   3 3
1 265 4   0 0   1 1   2 2   3 3
1 142 4   0 0   1 1   2 2   3 3
1 95 4   0 0   1 1   2 2   3 3
1 111 4   0 0   1 1   2 2   3 3
2 66 4   0 0   1 1   2 2   3 3
2 166 4   0 0   1 1   2 2   3 3
2 55 4   0 0   1 1   2 2   3 3
2 10 4   0 0   1 1   2 2   3 3
2 107 4   0 0   1 1   2 2   3 3
2 203 4   0 0   1 1   2 2   3 3
2 28 4   0 0   1 1   2 2   3 3
3 192 4   0 0   1 1   2 2   3 3
3 202 4   0 0   1 1   2 2   3 3
3 221 4   0 0   1 1   2 2   3 3
3 15 4   0 0   1 1   2 2   3 3
3 255 4   0 0   1 1   2 2   3 3
4 34 4   0 0   1 1   2 2   3 3
4 229 4   0 0   1 1   2 2   3 3
4 182 4   0 0   1 1   2 2   3 3
4 139 4   0 0   1 1   2 2   3 3
5 293 4   0 0   1 1   2 2   3 3
5 76 4   0 0   1 1   2 2   3 3
5 268 4   0 0   1 1   2 2   3 3
5 237 4   0 0   1 1   2 2   3 3
5 94 4   0 0   1 1   2 2   3 3
6 280 4   0 0   1 1   2 2   3 3
6 282 4   0 0   1 1   2 2   3 3
6 91 4   0 0   1 1   2 2   3 3
6 15 4   0 0   1 1   2 2   3 3
6 47 4   0 0   1 1   2 2   3 3
7 307 4   0 0   1 1   2 2   3 3
7 84 4   0 0   1 1   2 2   3 3
7 69 4   0 0   1 1   2 2   3 3
7 267 4   0 0   1 1   2 2   3 3
7 207 4   0 0   1 1   2 2   3 3
7 223 4   0 0   1 1   2 2   3 3
8 225 4   0 0   1 1   2 2   3 3
8 161 4   0 0   1 1   2 2   3 3
8 98 4   0 0   1 1   2 2   3 3
8 227 4   0 0   1 1   2 2   3 3
8 185 4   0 0   1 1   2 2   3 3
8 153 4   0 0   1 1   2 2   3 3
9 34 4   0 0   1 1   2 2   3 3
9 182 4   0 0   1 1   2 2   3 3
9 294 4   0 0   1 1   2 2   3 3
9 155 4   0 0   1 1   2 2   3 3
10 307 4   0 0   1 1   2 2   3 3
10 84 4   0 0   1 1   2 2   3 3
10 203 4   0 0   1 1   2 2   3 3
10 28 4   0 0   1 1   2 2   3 3
10 124 4   0 0   1 1   2 2   3 3
11 113 4   0 0   1 1   2 2   3 3
11 182 4   0 0   1 1   2 2   3 3
11 26 4   0 0   1 1   2 2   3 3
11 222 4   0 0   1 1   2 2   3 3
12 39 4   0 0   1 1   2 2   3 3
12 120 4   0 0   1 1   2 2   3 3
12 248 4   0 0   1 1   2 2   3 3
12 303 4   0 0   1 1   2 2   3 3
13 244 4   0 0   1 1   2 2   3 3
13 293 4   0 0   1 1   2 2   3 3
13 231 4   0 0   1 1   2 2   3 3
13 92 4   0 0   1 1   2 2   3 3
13 157 4   0 0   1 1   2 2   3 3
14 288 4   0 0   1 1   2 2   3 3
14 80 4   0 0   1 1   2 2   3 3
14 99 4   0 0   1 1   2 2   3 3
14 170 4   0 0   1 1   2 2   3 3
14 300 4   0 0   1 1   2 2   3 3
15 192 4   0 0   1 1   2 2   3 3
15 181 4   0 0   1 1   2 2   3 3
15 198 4   0 0   1 1   2 2   3 3
15 295 4   0 0   1 1   2 2   3 3
15 282 4   0 0   1 1   2 2   3 3
15 91 4   0 0   1 1   2 2   3 3
15 255 4   0 0   1 1   2 2   3 3
16 115 4   0 0   1 1   2 2   3 3
16 23 4   0 0   1 1   2 2   3 3
16 302 4   0 0   1 1   2 2   3 3
16 238 4   0 0   1 1   2 2   3 3
17 209 4   0 0   1 1   2 2   3 3
17 276 4   0 0   1 1   2 2   3 3
17 173 4   0 0   1 1   2 2   3 3
17 253 4   0 0   1 1   2 2   3 3
17 270 4   0 0   1 1   2 2   3 3
18 146 4   0 0   1 1   2 2   3 3
18 35 4   0 0   1 1   2 2   3 3
18 311 4   0 0   1 1   2 2   3 3
18 121 4   0 0   1 1   2 2   3 3
18 42 4   0 0   1 1   2 2   3 3
19 165 4   0 0   1 1   2 2   3 3
19 200 4   0 0   1 1   2 2   3 3
19 104 4   0 0   1 1   2 2   3 3
19 316 4   0 0   1 1   2 2   3 3
19 254 4   0 0   1 1   2 2   3 3
19 127 4   0 0   1 1   2 2   3 3
20 128 4   0 0   1 1   2 2   3 3
20 305 4   0 0   1 1   2 2   3 3
20 130 4   0 0   1 1   2 2   3 3
20 134 4   0 0   1 1   2 2   3 3
20 233 4   0 0   1 1   2 2   3 3
20 122 4   0 0   1 1   2 2   3 3
21 291 4   0 0   1 1   2 2   3 3
21 266 4   0 0   1 1   2 2   3 3
21 43 4   0 0   1 1   2 2   3 3
21 220 4   0 0   1 1   2 2   3 3
21 189 4   0 0   1 1   2 2   3 3
22 37 4   0 0   1 1   2 2   3 3
22 24 4   0 0   1 1   2 2   3 3
22 281 4   0 0   1 1   2 2   3 3
22 201 4   0 0   1 1   2 2   3 3
22 126 4   0 0   1 1   2 2   3 3
22 190 4   0 0   1 1   2 2   3 3
23 49 4   0 0   1 1   2 2   3 3
23 228 4   0 0   1 1   2 2   3 3
23 247 4   0 0   1 1   2 2   3 3
23 302 4   0 0   1 1   2 2   3 3
23 62 4   0 0   1 1   2 2   3 3
23 238 4   0 0   1 1   2 2   3 3
24 260 4   0 0   1 1   2 2   3 3
24 281 4   0 0   1 1   2 2   3 3
24 126 4   0 0   1 1   2 2   3 3
25 100 4   0 0   1 1   2 2   3 3
25 263 4   0 0   1 1   2 2   3 3
25 105 4   0 0   1 1   2 2   3 3
25 76 4   0 0   1 1   2 2   3 3
25 237 4   0 0   1 1   2 2   3 3
26 194 4   0 0   1 1   2 2   3 3
26 182 4   0 0   1 1   2 2   3 3
26 106 4   0 0   1 1   2 2   3 3
26 155 4   0 0   1 1   2 2   3 3
26 318 4   0 0   1 1   2 2   3 3
26 222 4   0 0   1 1   2 2   3 3
26 46 4   0 0   1 1   2 2   3 3
27 224 4   0 0   1 1   2 2   3 3
27 131 4   0 0   1 1   2 2   3 3
27 117 4   0 0   1 1   2 2   3 3
27 151 4   0 0   1 1   2 2   3 3
27 138 4   0 0   1 1   2 2   3 3
27 79 4   0 0   1 1   2 2   3 3
28 144 4   0 0   1 1   2 2   3 3
28 65 4   0 0   1 1   2 2   3 3
28 51 4   0 0   1 1   2 2   3 3
28 55 4   0 0   1 1   2 2   3 3
28 186 4   0 0   1 1   2 2   3 3
28 124 4   0 0   1 1   2 2   3 3
28 239 4   0 0   1 1   2 2   3 3
29 96 4   0 0   1 1   2 2   3 3
29 64 4   0 0   1 1   2 2   3 3
29 227 4   0 0   1 1   2 2   3 3
29 141 4   0 0   1 1   2 2   3 3
30 80 4   0 0   1 1   2 2   3 3
30 256 4   0 0   1 1   2 2   3 3
30 36 4   0 0   1 1   2 2   3 3
30 278 4   0 0   1 1   2 2   3 3
30 234 4   0 0   1 1   2 2   3 3
31 273 4   0 0   1 1   2 2   3 3
31 33 4   0 0   1 1   2 2   3 3
31 162 4   0 0   1 1   2 2   3 3
31 98 4   0 0   1 1   2 2   3 3
31 185 4   0 0   1 1   2 2   3 3
32 275 4   0 0   1 1   2 2   3 3
32 180 4   0 0   1 1   2 2   3 3
32 184 4   0 0   1 1   2 2   3 3
32 236 4   0 0   1 1   2 2   3 3
32 301 4   0 0   1 1   2 2   3 3
32 93 4   0 0   1 1   2 2   3 3
32 286 4   0 0   1 1   2 2   3 3
32 271 4   0 0   1 1   2 2   3 3
33 273 4   0 0   1 1   2 2   3 3
33 150 4   0 0   1 1   2 2   3 3
33 310 4   0 0   1 1   2 2   3 3
33 185 4   0 0   1 1   2 2   3 3
33 298 4   0 0   1 1   2 2   3 3
34 229 4   0 0   1 1   2 2   3 3
34 182 4   0 0   1 1   2 2   3 3
34 294 4   0 0   1 1   2 2   3 3
35 121 4   0 0   1 1   2 2   3 3
35 42 4   0 0   1 1   2 2   3 3
35 187 4   0 0   1 1   2 2   3 3
35 252 4   0 0   1 1   2 2   3 3
36 80 4   0 0   1 1   2 2   3 3
36 65 4   0 0   1 1   2 2   3 3
36 52 4   0 0   1 1   2 2   3 3
36 278 4   0 0   1 1   2 2   3 3
36 300 4   0 0   1 1   2 2   3 3
37 265 4   0 0   1 1   2 2   3 3
37 126 4   0 0   1 1   2 2   3 3
37 190 4   0 0   1 1   2 2   3 3
37 142 4   0 0   1 1   2 2   3 3
38 183 4   0 0   1 1   2 2   3 3
38 201 4   0 0   1 1   2 2   3 3
38 281 4   0 0   1 1   2 2   3 3
38 74 4   0 0   1 1   2 2   3 3
38 44 4   0 0   1 1   2 2   3 3
38 143 4   0 0   1 1   2 2   3 3
39 165 4   0 0   1 1   2 2   3 3
39 102 4   0 0   1 1   2 2   3 3
39 311 4   0 0   1 1   2 2   3 3
39 104 4   0 0   1 1   2 2   3 3
39 248 4   0 0   1 1   2 2   3 3
39 137 4   0 0   1 1   2 2   3 3
39 316 4   0 0   1 1   2 2   3 3
39 303 4   0 0   1 1   2 2   3 3
40 231 4   0 0   1 1   2 2   3 3
40 280 4   0 0   1 1   2 2   3 3
40 315 4   0 0   1 1   2 2   3 3
41 112 4   0 0   1 1   2 2   3 3
41 274 4   0 0   1 1   2 2   3 3
41 116 4   0 0   1 1   2 2   3 3
41 245 4   0 0   1 1   2 2   3 3
41 214 4   0 0   1 1   2 2   3 3
41 125 4   0 0   1 1   2 2   3 3
42 146 4   0 0   1 1   2 2   3 3
42 244 4   0 0   1 1   2 2   3 3
42 187 4   0 0   1 1   2 2   3 3
42 92 4   0 0   1 1   2 2   3 3
42 204 4   0 0   1 1   2 2   3 3
43 220 4   0 0   1 1   2 2   3 3
43 189 4   0 0   1 1   2 2   3 3
43 62 4   0 0   1 1   2 2   3 3
44 103 4   0 0   1 1   2 2   3 3
44 201 4   0 0   1 1   2 2   3 3
44 154 4   0 0   1 1   2 2   3 3
44 235 4   0 0   1 1   2 2   3 3
44 143 4   0 0   1 1   2 2   3 3
45 128 4   0 0   1 1   2 2   3 3
45 134 4   0 0   1 1   2 2   3 3
45 79 4   0 0   1 1   2 2   3 3
46 182 4   0 0   1 1   2 2   3 3
46 155 4   0 0   1 1   2 2   3 3
47 280 4   0 0   1 1   2 2   3 3
47 91 4   0 0   1 1   2 2   3 3
47 187 4   0 0   1 1   2 2   3 3
47 252 4   0 0   1 1   2 2   3 3
48 183 4   0 0   1 1   2 2   3 3
48 296 4   0 0   1 1   2 2   3 3
48 232 4   0 0   1 1   2 2   3 3
48 281 4   0 0   1 1   2 2   3 3
48 60 4   0 0   1 1   2 2   3 3
48 174 4   0 0   1 1   2 2   3 3
49 229 4   0 0   1 1   2 2   3 3
49 294 4   0 0   1 1   2 2   3 3
49 247 4   0 0   1 1   2 2   3 3
49 62 4   0 0   1 1   2 2   3 3
50 145 4   0 0   1 1   2 2   3 3
50 259 4   0 0   1 1   2 2   3 3
50 261 4   0 0   1 1   2 2   3 3
50 101 4   0 0   1 1   2 2   3 3
50 136 4   0 0   1 1   2 2   3 3
50 156 4   0 0   1 1   2 2   3 3
51 178 4   0 0   1 1   2 2   3 3
51 307 4   0 0   1 1   2 2   3 3
51 52 4   0 0   1 1   2 2   3 3
51 85 4   0 0   1 1   2 2   3 3
51 186 4   0 0   1 1   2 2   3 3
51 124 4   0 0   1 1   2 2   3 3
51 108 4   0 0   1 1   2 2   3 3
52 65 4   0 0   1 1   2 2   3 3
52 178 4   0 0   1 1   2 2   3 3
52 242 4   0 0   1 1   2 2   3 3
52 278 4   0 0   1 1   2 2   3 3
52 186 4   0 0   1 1   2 2   3 3
53 199 4   0 0   1 1   2 2   3 3
53 313 4   0 0   1 1   2 2   3 3
53 90 4   0 0   1 1   2 2   3 3
53 158 4   0 0   1 1   2 2   3 3
53 287 4   0 0   1 1   2 2   3 3
54 145 4   0 0   1 1   2 2   3 3
54 260 4   0 0   1 1   2 2   3 3
54 279 4   0 0   1 1   2 2   3 3
54 71 4   0 0   1 1   2 2   3 3
54 119 4   0 0   1 1   2 2   3 3
54 168 4   0 0   1 1   2 2   3 3
54 297 4   0 0   1 1   2 2   3 3
55 144 4   0 0   1 1   2 2   3 3
55 114 4   0 0   1 1   2 2   3 3
55 166 4   0 0   1 1   2 2   3 3
55 249 4   0 0   1 1   2 2   3 3
55 107 4   0 0   1 1   2 2   3 3
55 191 4   0 0   1 1   2 2   3 3
56 135 4   0 0   1 1   2 2   3 3
56 199 4   0 0   1 1   2 2   3 3
56 218 4   0 0   1 1   2 2   3 3
56 90 4   0 0   1 1   2 2   3 3
56 93 4   0 0   1 1   2 2   3 3
57 64 4   0 0   1 1   2 2   3 3
57 96 4   0 0   1 1   2 2   3 3
57 59 4   0 0   1 1   2 2   3 3
57 125 4   0 0   1 1   2 2   3 3
58 272 4   0 0   1 1   2 2   3 3
58 97 4   0 0   1 1   2 2   3 3
58 258 4   0 0   1 1   2 2   3 3
58 167 4   0 0   1 1   2 2   3 3
58 123 4   0 0   1 1   2 2   3 3
58 236 4   0 0   1 1   2 2   3 3
58 110 4   0 0   1 1   2 2   3 3
59 116 4   0 0   1 1   2 2   3 3
59 75 4   0 0   1 1   2 2   3 3
59 125 4   0 0   1 1   2 2   3 3
60 260 4   0 0   1 1   2 2   3 3
60 296 4   0 0   1 1   2 2   3 3
60 232 4   0 0   1 1   2 2   3 3
60 281 4   0 0   1 1   2 2   3 3
61 272 4   0 0   1 1   2 2   3 3
61 212 4   0 0   1 1   2 2   3 3
61 101 4   0 0   1 1   2 2   3 3
61 296 4   0 0   1 1   2 2   3 3
61 207 4   0 0   1 1   2 2   3 3
62 228 4   0 0   1 1   2 2   3 3
62 229 4   0 0   1 1   2 2   3 3
62 220 4   0 0   1 1   2 2   3 3
63 194 4   0 0   1 1   2 2   3 3
63 213 4   0 0   1 1   2 2   3 3
63 215 4   0 0   1 1   2 2   3 3
63 268 4   0 0   1 1   2 2   3 3
63 94 4   0 0   1 1   2 2   3 3
63 222 4   0 0   1 1   2 2   3 3
64 96 4   0 0   1 1   2 2   3 3
64 141 4   0 0   1 1   2 2   3 3
64 125 4   0 0   1 1   2 2   3 3
65 129 4   0 0   1 1   2 2   3 3
65 186 4   0 0   1 1   2 2   3 3
65 300 4   0 0   1 1   2 2   3 3
65 239 4   0 0   1 1   2 2   3 3
66 261 4   0 0   1 1   2 2   3 3
66 262 4   0 0   1 1   2 2   3 3
66 136 4   0 0   1 1   2 2   3 3
66 249 4   0 0   1 1   2 2   3 3
66 107 4   0 0   1 1   2 2   3 3
66 203 4   0 0   1 1   2 2   3 3
66 175 4   0 0   1 1   2 2   3 3
67 103 4   0 0   1 1   2 2   3 3
67 105 4   0 0   1 1   2 2   3 3
67 74 4   0 0   1 1   2 2   3 3
67 171 4   0 0   1 1   2 2   3 3
67 283 4   0 0   1 1   2 2   3 3
67 143 4   0 0   1 1   2 2   3 3
68 198 4   0 0   1 1   2 2   3 3
68 87 4   0 0   1 1   2 2   3 3
68 295 4   0 0   1 1   2 2   3 3
68 314 4   0 0   1 1   2 2   3 3
69 272 4   0 0   1 1   2 2   3 3
69 307 4   0 0   1 1   2 2   3 3
69 264 4   0 0   1 1   2 2   3 3
69 123 4   0 0   1 1   2 2   3 3
69 140 4   0 0   1 1   2 2   3 3
69 223 4   0 0   1 1   2 2   3 3
70 225 4   0 0   1 1   2 2   3 3
70 162 4   0 0   1 1   2 2   3 3
70 180 4   0 0   1 1   2 2   3 3
70 246 4   0 0   1 1   2 2   3 3
71 131 4   0 0   1 1   2 2   3 3
71 151 4   0 0   1 1   2 2   3 3
71 279 4   0 0   1 1   2 2   3 3
71 119 4   0 0   1 1   2 2   3 3
71 285 4   0 0   1 1   2 2   3 3
72 176 4   0 0   1 1   2 2   3 3
72 211 4   0 0   1 1   2 2   3 3
72 88 4   0 0   1 1   2 2   3 3
72 121 4   0 0   1 1   2 2   3 3
72 91 4   0 0   1 1   2 2   3 3
72 252 4   0 0   1 1   2 2   3 3
73 225 4   0 0   1 1   2 2   3 3
73 195 4   0 0   1 1   2 2   3 3
73 277 4   0 0   1 1   2 2   3 3
73 133 4   0 0   1 1   2 2   3 3
73 197 4   0 0   1 1   2 2   3 3
73 246 4   0 0   1 1   2 2   3 3
74 183 4   0 0   1 1   2 2   3 3
74 171 4   0 0   1 1   2 2   3 3
74 143 4   0 0   1 1   2 2   3 3
75 304 4   0 0   1 1   2 2   3 3
75 116 4   0 0   1 1   2 2   3 3
76 118 4   0 0   1 1   2 2   3 3
76 105 4   0 0   1 1   2 2   3 3
76 283 4   0 0   1 1   2 2   3 3
76 268 4   0 0   1 1   2 2   3 3
76 237 4   0 0   1 1   2 2   3 3
77 272 4   0 0   1 1   2 2   3 3
77 81 4   0 0   1 1   2 2   3 3
77 212 4   0 0   1 1   2 2   3 3
77 205 4   0 0   1 1   2 2   3 3
77 110 4   0 0   1 1   2 2   3 3
78 160 4   0 0   1 1   2 2   3 3
78 210 4   0 0   1 1   2 2   3 3
78 179 4   0 0   1 1   2 2   3 3
78 230 4   0 0   1 1   2 2   3 3
78 217 4   0 0   1 1   2 2   3 3
78 250 4   0 0   1 1   2 2   3 3
78 188 4   0 0   1 1   2 2   3 3
79 224 4   0 0   1 1   2 2   3 3
79 134 4   0 0   1 1   2 2   3 3
79 151 4   0 0   1 1   2 2   3 3
80 300 4   0 0   1 1   2 2   3 3
81 212 4   0 0   1 1   2 2   3 3
81 149 4   0 0   1 1   2 2   3 3
81 296 4   0 0   1 1   2 2   3 3
81 205 4   0 0   1 1   2 2   3 3
81 174 4   0 0   1 1   2 2   3 3
81 110 4   0 0   1 1   2 2   3 3
82 192 4   0 0   1 1   2 2   3 3
82 164 4   0 0   1 1   2 2   3 3
82 135 4   0 0   1 1   2 2   3 3
82 221 4   0 0   1 1   2 2   3 3
82 109 4   0 0   1 1   2 2   3 3
83 288 4   0 0   1 1   2 2   3 3
83 163 4   0 0   1 1   2 2   3 3
83 170 4   0 0   1 1   2 2   3 3
83 239 4   0 0   1 1   2 2   3 3
84 307 4   0 0   1 1   2 2   3 3
84 203 4   0 0   1 1   2 2   3 3
84 267 4   0 0   1 1   2 2   3 3
85 307 4   0 0   1 1   2 2   3 3
85 124 4   0 0   1 1   2 2   3 3
86 240 4   0 0   1 1   2 2   3 3
86 147 4   0 0   1 1   2 2   3 3
86 117 4   0 0   1 1   2 2   3 3
86 172 4   0 0   1 1   2 2   3 3
87 164 4   0 0   1 1   2 2   3 3
87 167 4   0 0   1 1   2 2   3 3
87 295 4   0 0   1 1   2 2   3 3
87 314 4   0 0   1 1   2 2   3 3
87 251 4   0 0   1 1   2 2   3 3
87 110 4   0 0   1 1   2 2   3 3
88 176 4   0 0   1 1   2 2   3 3
88 102 4   0 0   1 1   2 2   3 3
88 120 4   0 0   1 1   2 2   3 3
88 121 4   0 0   1 1   2 2   3 3
88 206 4   0 0   1 1   2 2   3 3
88 303 4   0 0   1 1   2 2   3 3
89 241 4   0 0   1 1   2 2   3 3
89 118 4   0 0   1 1   2 2   3 3
89 152 4   0 0   1 1   2 2   3 3
89 219 4   0 0   1 1   2 2   3 3
89 269 4   0 0   1 1   2 2   3 3
89 159 4   0 0   1 1   2 2   3 3
90 150 4   0 0   1 1   2 2   3 3
90 199 4   0 0   1 1   2 2   3 3
90 184 4   0 0   1 1   2 2   3 3
90 93 4   0 0   1 1   2 2   3 3
90 287 4   0 0   1 1   2 2   3 3
91 211 4   0 0   1 1   2 2   3 3
91 252 4   0 0   1 1   2 2   3 3
91 255 4   0 0   1 1   2 2   3 3
92 210 4   0 0   1 1   2 2   3 3
92 244 4   0 0   1 1   2 2   3 3
92 230 4   0 0   1 1   2 2   3 3
92 204 4   0 0   1 1   2 2   3 3
92 157 4   0 0   1 1   2 2   3 3
93 135 4   0 0   1 1   2 2   3 3
93 184 4   0 0   1 1   2 2   3 3
93 286 4   0 0   1 1   2 2   3 3
94 293 4   0 0   1 1   2 2   3 3
94 215 4   0 0   1 1   2 2   3 3
94 268 4   0 0   1 1   2 2   3 3
94 157 4   0 0   1 1   2 2   3 3
95 119 4   0 0   1 1   2 2   3 3
95 265 4   0 0   1 1   2 2   3 3
95 233 4   0 0   1 1   2 2   3 3
95 122 4   0 0   1 1   2 2   3 3
95 126 4   0 0   1 1   2 2   3 3
96 161 4   0 0   1 1   2 2   3 3
96 227 4   0 0   1 1   2 2   3 3
97 258 4   0 0   1 1   2 2   3 3
97 195 4   0 0   1 1   2 2   3 3
97 292 4   0 0   1 1   2 2   3 3
97 180 4   0 0   1 1   2 2   3 3
97 236 4   0 0   1 1   2 2   3 3
97 271 4   0 0   1 1   2 2   3 3
98 225 4   0 0   1 1   2 2   3 3
98 162 4   0 0   1 1   2 2   3 3
98 185 4   0 0   1 1   2 2   3 3
99 288 4   0 0   1 1   2 2   3 3
100 177 4   0 0   1 1   2 2   3 3
100 181 4   0 0   1 1   2 2   3 3
100 263 4   0 0   1 1   2 2   3 3
100 105 4   0 0   1 1   2 2   3 3
100 282 4   0 0   1 1   2 2   3 3
100 171 4   0 0   1 1   2 2   3 3
101 145 4   0 0   1 1   2 2   3 3
101 260 4   0 0   1 1   2 2   3 3
101 136 4   0 0   1 1   2 2   3 3
101 296 4   0 0   1 1   2 2   3 3
101 203 4   0 0   1 1   2 2   3 3
101 267 4   0 0   1 1   2 2   3 3
101 207 4   0 0   1 1   2 2   3 3
102 311 4   0 0   1 1   2 2   3 3
102 121 4   0 0   1 1   2 2   3 3
102 303 4   0 0   1 1   2 2   3 3
103 118 4   0 0   1 1   2 2   3 3
103 154 4   0 0   1 1   2 2   3 3
103 283 4   0 0   1 1   2 2   3 3
103 143 4   0 0   1 1   2 2   3 3
104 146 4   0 0   1 1   2 2   3 3
104 165 4   0 0   1 1   2 2   3 3
104 311 4   0 0   1 1   2 2   3 3
104 312 4   0 0   1 1   2 2   3 3
104 127 4   0 0   1 1   2 2   3 3
105 171 4   0 0   1 1   2 2   3 3
105 283 4   0 0   1 1   2 2   3 3
106 318 4   0 0   1 1   2 2   3 3
107 166 4   0 0   1 1   2 2   3 3
107 249 4   0 0   1 1   2 2   3 3
108 178 4   0 0   1 1   2 2   3 3
108 242 4   0 0   1 1   2 2   3 3
108 258 4   0 0   1 1   2 2   3 3
108 307 4   0 0   1 1   2 2   3 3
108 264 4   0 0   1 1   2 2   3 3
109 176 4   0 0   1 1   2 2   3 3
109 208 4   0 0   1 1   2 2   3 3
109 135 4   0 0   1 1   2 2   3 3
109 218 4   0 0   1 1   2 2   3 3
109 202 4   0 0   1 1   2 2   3 3
109 299 4   0 0   1 1   2 2   3 3
109 221 4   0 0   1 1   2 2   3 3
110 272 4   0 0   1 1   2 2   3 3
110 149 4   0 0   1 1   2 2   3 3
110 167 4   0 0   1 1   2 2   3 3
110 314 4   0 0   1 1   2 2   3 3
111 241 4   0 0   1 1   2 2   3 3
111 290 4   0 0   1 1   2 2   3 3
111 154 4   0 0   1 1   2 2   3 3
111 235 4   0 0   1 1   2 2   3 3
111 142 4   0 0   1 1   2 2   3 3
112 132 4   0 0   1 1   2 2   3 3
112 245 4   0 0   1 1   2 2   3 3
112 214 4   0 0   1 1   2 2   3 3
112 173 4   0 0   1 1   2 2   3 3
112 270 4   0 0   1 1   2 2   3 3
113 160 4   0 0   1 1   2 2   3 3
113 179 4   0 0   1 1   2 2   3 3
113 213 4   0 0   1 1   2 2   3 3
113 182 4   0 0   1 1   2 2   3 3
113 215 4   0 0   1 1   2 2   3 3
113 139 4   0 0   1 1   2 2   3 3
113 222 4   0 0   1 1   2 2   3 3
114 262 4   0 0   1 1   2 2   3 3
114 249 4   0 0   1 1   2 2   3 3
114 191 4   0 0   1 1   2 2   3 3
115 238 4   0 0   1 1   2 2   3 3
116 304 4   0 0   1 1   2 2   3 3
116 245 4   0 0   1 1   2 2   3 3
116 125 4   0 0   1 1   2 2   3 3
117 240 4   0 0   1 1   2 2   3 3
117 131 4   0 0   1 1   2 2   3 3
117 279 4   0 0   1 1   2 2   3 3
117 138 4   0 0   1 1   2 2   3 3
117 172 4   0 0   1 1   2 2   3 3
118 241 4   0 0   1 1   2 2   3 3
118 154 4   0 0   1 1   2 2   3 3
118 283 4   0 0   1 1   2 2   3 3
118 268 4   0 0   1 1   2 2   3 3
118 269 4   0 0   1 1   2 2   3 3
119 168 4   0 0   1 1   2 2   3 3
119 122 4   0 0   1 1   2 2   3 3
119 285 4   0 0   1 1   2 2   3 3
119 126 4   0 0   1 1   2 2   3 3
120 209 4   0 0   1 1   2 2   3 3
120 306 4   0 0   1 1   2 2   3 3
120 276 4   0 0   1 1   2 2   3 3
120 248 4   0 0   1 1   2 2   3 3
120 206 4   0 0   1 1   2 2   3 3
120 303 4   0 0   1 1   2 2   3 3
121 311 4   0 0   1 1   2 2   3 3
121 252 4   0 0   1 1   2 2   3 3
122 305 4   0 0   1 1   2 2   3 3
122 233 4   0 0   1 1   2 2   3 3
122 285 4   0 0   1 1   2 2   3 3
123 272 4   0 0   1 1   2 2   3 3
123 258 4   0 0   1 1   2 2   3 3
123 264 4   0 0   1 1   2 2   3 3
124 307 4   0 0   1 1   2 2   3 3
125 141 4   0 0   1 1   2 2   3 3
126 260 4   0 0   1 1   2 2   3 3
126 168 4   0 0   1 1   2 2   3 3
126 265 4   0 0   1 1   2 2   3 3
127 257 4   0 0   1 1   2 2   3 3
127 312 4   0 0   1 1   2 2   3 3
127 254 4   0 0   1 1   2 2   3 3
128 134 4   0 0   1 1   2 2   3 3
129 163 4   0 0   1 1   2 2   3 3
129 300 4   0 0   1 1   2 2   3 3
129 239 4   0 0   1 1   2 2   3 3
130 290 4   0 0   1 1   2 2   3 3
130 233 4   0 0   1 1   2 2   3 3
130 159 4   0 0   1 1   2 2   3 3
131 279 4   0 0   1 1   2 2   3 3
131 151 4   0 0   1 1   2 2   3 3
132 245 4   0 0   1 1   2 2   3 3
132 253 4   0 0   1 1   2 2   3 3
132 270 4   0 0   1 1   2 2   3 3
133 256 4   0 0   1 1   2 2   3 3
133 242 4   0 0   1 1   2 2   3 3
133 195 4   0 0   1 1   2 2   3 3
133 277 4   0 0   1 1   2 2   3 3
133 234 4   0 0   1 1   2 2   3 3
134 305 4   0 0   1 1   2 2   3 3
134 151 4   0 0   1 1   2 2   3 3
134 285 4   0 0   1 1   2 2   3 3
135 164 4   0 0   1 1   2 2   3 3
135 218 4   0 0   1 1   2 2   3 3
135 301 4   0 0   1 1   2 2   3 3
135 286 4   0 0   1 1   2 2   3 3
136 261 4   0 0   1 1   2 2   3 3
136 203 4   0 0   1 1   2 2   3 3
137 248 4   0 0   1 1   2 2   3 3
137 316 4   0 0   1 1   2 2   3 3
138 224 4   0 0   1 1   2 2   3 3
138 172 4   0 0   1 1   2 2   3 3
139 179 4   0 0   1 1   2 2   3 3
139 229 4   0 0   1 1   2 2   3 3
139 182 4   0 0   1 1   2 2   3 3
139 188 4   0 0   1 1   2 2   3 3
140 272 4   0 0   1 1   2 2   3 3
140 223 4   0 0   1 1   2 2   3 3
141 274 4   0 0   1 1   2 2   3 3
141 227 4   0 0   1 1   2 2   3 3
141 310 4   0 0   1 1   2 2   3 3
141 313 4   0 0   1 1   2 2   3 3
141 287 4   0 0   1 1   2 2   3 3
142 265 4   0 0   1 1   2 2   3 3
142 235 4   0 0   1 1   2 2   3 3
142 190 4   0 0   1 1   2 2   3 3
144 226 4   0 0   1 1   2 2   3 3
144 191 4   0 0   1 1   2 2   3 3
144 239 4   0 0   1 1   2 2   3 3
145 259 4   0 0   1 1   2 2   3 3
145 260 4   0 0   1 1   2 2   3 3
145 216 4   0 0   1 1   2 2   3 3
145 297 4   0 0   1 1   2 2   3 3
146 311 4   0 0   1 1   2 2   3 3
146 312 4   0 0   1 1   2 2   3 3
146 204 4   0 0   1 1   2 2   3 3
147 240 4   0 0   1 1   2 2   3 3
147 289 4   0 0   1 1   2 2   3 3
147 216 4   0 0   1 1   2 2   3 3
147 297 4   0 0   1 1   2 2   3 3
148 308 4   0 0   1 1   2 2   3 3
148 200 4   0 0   1 1   2 2   3 3
148 250 4   0 0   1 1   2 2   3 3
148 254 4   0 0   1 1   2 2   3 3
149 177 4   0 0   1 1   2 2   3 3
149 314 4   0 0   1 1   2 2   3 3
149 174 4   0 0   1 1   2 2   3 3
150 273 4   0 0   1 1   2 2   3 3
150 275 4   0 0   1 1   2 2   3 3
150 310 4   0 0   1 1   2 2   3 3
150 184 4   0 0   1 1   2 2   3 3
150 287 4   0 0   1 1   2 2   3 3
151 285 4   0 0   1 1   2 2   3 3
152 194 4   0 0   1 1   2 2   3 3
152 219 4   0 0   1 1   2 2   3 3
152 268 4   0 0   1 1   2 2   3 3
152 269 4   0 0   1 1   2 2   3 3
152 318 4   0 0   1 1   2 2   3 3
153 227 4   0 0   1 1   2 2   3 3
153 185 4   0 0   1 1   2 2   3 3
153 298 4   0 0   1 1   2 2   3 3
154 241 4   0 0   1 1   2 2   3 3
154 235 4   0 0   1 1   2 2   3 3
155 182 4   0 0   1 1   2 2   3 3
155 294 4   0 0   1 1   2 2   3 3
155 247 4   0 0   1 1   2 2   3 3
155 302 4   0 0   1 1   2 2   3 3
156 243 4   0 0   1 1   2 2   3 3
156 259 4   0 0   1 1   2 2   3 3
156 261 4   0 0   1 1   2 2   3 3
156 216 4   0 0   1 1   2 2   3 3
156 169 4   0 0   1 1   2 2   3 3
156 175 4   0 0   1 1   2 2   3 3
157 293 4   0 0   1 1   2 2   3 3
157 230 4   0 0   1 1   2 2   3 3
157 215 4   0 0   1 1   2 2   3 3
158 208 4   0 0   1 1   2 2   3 3
158 309 4   0 0   1 1   2 2   3 3
158 199 4   0 0   1 1   2 2   3 3
158 313 4   0 0   1 1   2 2   3 3
158 299 4   0 0   1 1   2 2   3 3
159 241 4   0 0   1 1   2 2   3 3
159 290 4   0 0   1 1   2 2   3 3
159 219 4   0 0   1 1   2 2   3 3
160 179 4   0 0   1 1   2 2   3 3
160 230 4   0 0   1 1   2 2   3 3
160 215 4   0 0   1 1   2 2   3 3
161 225 4   0 0   1 1   2 2   3 3
161 227 4   0 0   1 1   2 2   3 3
162 225 4   0 0   1 1   2 2   3 3
162 273 4   0 0   1 1   2 2   3 3
162 275 4   0 0   1 1   2 2   3 3
162 180 4   0 0   1 1   2 2   3 3
163 170 4   0 0   1 1   2 2   3 3
163 300 4   0 0   1 1   2 2   3 3
163 239 4   0 0   1 1   2 2   3 3
164 192 4   0 0   1 1   2 2   3 3
164 295 4   0 0   1 1   2 2   3 3
164 251 4   0 0   1 1   2 2   3 3
164 301 4   0 0   1 1   2 2   3 3
165 316 4   0 0   1 1   2 2   3 3
167 251 4   0 0   1 1   2 2   3 3
167 236 4   0 0   1 1   2 2   3 3
168 260 4   0 0   1 1   2 2   3 3
169 243 4   0 0   1 1   2 2   3 3
169 262 4   0 0   1 1   2 2   3 3
169 175 4   0 0   1 1   2 2   3 3
170 288 4   0 0   1 1   2 2   3 3
170 300 4   0 0   1 1   2 2   3 3
171 177 4   0 0   1 1   2 2   3 3
171 183 4   0 0   1 1   2 2   3 3
171 174 4   0 0   1 1   2 2   3 3
172 224 4   0 0   1 1   2 2   3 3
173 208 4   0 0   1 1   2 2   3 3
173 276 4   0 0   1 1   2 2   3 3
173 214 4   0 0   1 1   2 2   3 3
173 284 4   0 0   1 1   2 2   3 3
173 270 4   0 0   1 1   2 2   3 3
174 177 4   0 0   1 1   2 2   3 3
174 183 4   0 0   1 1   2 2   3 3
174 296 4   0 0   1 1   2 2   3 3
175 261 4   0 0   1 1   2 2   3 3
175 262 4   0 0   1 1   2 2   3 3
176 208 4   0 0   1 1   2 2   3 3
176 211 4   0 0   1 1   2 2   3 3
176 202 4   0 0   1 1   2 2   3 3
176 206 4   0 0   1 1   2 2   3 3
177 181 4   0 0   1 1   2 2   3 3
177 314 4   0 0   1 1   2 2   3 3
178 242 4   0 0   1 1   2 2   3 3
179 188 4   0 0   1 1   2 2   3 3
180 195 4   0 0   1 1   2 2   3 3
180 275 4   0 0   1 1   2 2   3 3
180 246 4   0 0   1 1   2 2   3 3
180 271 4   0 0   1 1   2 2   3 3
181 198 4   0 0   1 1   2 2   3 3
181 314 4   0 0   1 1   2 2   3 3
181 282 4   0 0   1 1   2 2   3 3
183 281 4   0 0   1 1   2 2   3 3
184 275 4   0 0   1 1   2 2   3 3
185 298 4   0 0   1 1   2 2   3 3
187 244 4   0 0   1 1   2 2   3 3
187 231 4   0 0   1 1   2 2   3 3
187 280 4   0 0   1 1   2 2   3 3
187 252 4   0 0   1 1   2 2   3 3
188 196 4   0 0   1 1   2 2   3 3
188 229 4   0 0   1 1   2 2   3 3
188 217 4   0 0   1 1   2 2   3 3
188 189 4   0 0   1 1   2 2   3 3
189 291 4   0 0   1 1   2 2   3 3
189 196 4   0 0   1 1   2 2   3 3
189 308 4   0 0   1 1   2 2   3 3
189 229 4   0 0   1 1   2 2   3 3
190 201 4   0 0   1 1   2 2   3 3
190 235 4   0 0   1 1   2 2   3 3
191 226 4   0 0   1 1   2 2   3 3
191 239 4   0 0   1 1   2 2   3 3
192 295 4   0 0   1 1   2 2   3 3
192 221 4   0 0   1 1   2 2   3 3
193 289 4   0 0   1 1   2 2   3 3
193 243 4   0 0   1 1   2 2   3 3
194 268 4   0 0   1 1   2 2   3 3
194 318 4   0 0   1 1   2 2   3 3
194 222 4   0 0   1 1   2 2   3 3
195 242 4   0 0   1 1   2 2   3 3
195 292 4   0 0   1 1   2 2   3 3
195 246 4   0 0   1 1   2 2   3 3
196 308 4   0 0   1 1   2 2   3 3
196 217 4   0 0   1 1   2 2   3 3
197 225 4   0 0   1 1   2 2   3 3
197 277 4   0 0   1 1   2 2   3 3
197 234 4   0 0   1 1   2 2   3 3
198 295 4   0 0   1 1   2 2   3 3
198 314 4   0 0   1 1   2 2   3 3
199 218 4   0 0   1 1   2 2   3 3
199 299 4   0 0   1 1   2 2   3 3
200 316 4   0 0   1 1   2 2   3 3
200 254 4   0 0   1 1   2 2   3 3
201 281 4   0 0   1 1   2 2   3 3
201 235 4   0 0   1 1   2 2   3 3
202 211 4   0 0   1 1   2 2   3 3
202 221 4   0 0   1 1   2 2   3 3
202 255 4   0 0   1 1   2 2   3 3
203 267 4   0 0   1 1   2 2   3 3
204 257 4   0 0   1 1   2 2   3 3
204 210 4   0 0   1 1   2 2   3 3
204 312 4   0 0   1 1   2 2   3 3
205 212 4   0 0   1 1   2 2   3 3
206 208 4   0 0   1 1   2 2   3 3
206 306 4   0 0   1 1   2 2   3 3
206 284 4   0 0   1 1   2 2   3 3
207 272 4   0 0   1 1   2 2   3 3
207 267 4   0 0   1 1   2 2   3 3
207 223 4   0 0   1 1   2 2   3 3
208 309 4   0 0   1 1   2 2   3 3
208 214 4   0 0   1 1   2 2   3 3
208 299 4   0 0   1 1   2 2   3 3
208 284 4   0 0   1 1   2 2   3 3
209 276 4   0 0   1 1   2 2   3 3
209 248 4   0 0   1 1   2 2   3 3
209 253 4   0 0   1 1   2 2   3 3
210 257 4   0 0   1 1   2 2   3 3
210 230 4   0 0   1 1   2 2   3 3
210 250 4   0 0   1 1   2 2   3 3
210 254 4   0 0   1 1   2 2   3 3
211 255 4   0 0   1 1   2 2   3 3
212 272 4   0 0   1 1   2 2   3 3
212 296 4   0 0   1 1   2 2   3 3
213 215 4   0 0   1 1   2 2   3 3
213 222 4   0 0   1 1   2 2   3 3
214 274 4   0 0   1 1   2 2   3 3
214 309 4   0 0   1 1   2 2   3 3
214 313 4   0 0   1 1   2 2   3 3
215 230 4   0 0   1 1   2 2   3 3
216 289 4   0 0   1 1   2 2   3 3
216 243 4   0 0   1 1   2 2   3 3
216 259 4   0 0   1 1   2 2   3 3
216 297 4   0 0   1 1   2 2   3 3
217 250 4   0 0   1 1   2 2   3 3
218 299 4   0 0   1 1   2 2   3 3
219 318 4   0 0   1 1   2 2   3 3
220 228 4   0 0   1 1   2 2   3 3
220 266 4   0 0   1 1   2 2   3 3
223 272 4   0 0   1 1   2 2   3 3
225 246 4   0 0   1 1   2 2   3 3
226 239 4   0 0   1 1   2 2   3 3
227 310 4   0 0   1 1   2 2   3 3
227 298 4   0 0   1 1   2 2   3 3
227 317 4   0 0   1 1   2 2   3 3
228 238 4   0 0   1 1   2 2   3 3
229 294 4   0 0   1 1   2 2   3 3
231 244 4   0 0   1 1   2 2   3 3
231 293 4   0 0   1 1   2 2   3 3
231 280 4   0 0   1 1   2 2   3 3
231 315 4   0 0   1 1   2 2   3 3
231 237 4   0 0   1 1   2 2   3 3
232 281 4   0 0   1 1   2 2   3 3
233 290 4   0 0   1 1   2 2   3 3
234 256 4   0 0   1 1   2 2   3 3
234 277 4   0 0   1 1   2 2   3 3
236 251 4   0 0   1 1   2 2   3 3
236 301 4   0 0   1 1   2 2   3 3
236 271 4   0 0   1 1   2 2   3 3
237 263 4   0 0   1 1   2 2   3 3
237 315 4   0 0   1 1   2 2   3 3
240 279 4   0 0   1 1   2 2   3 3
240 297 4   0 0   1 1   2 2   3 3
241 290 4   0 0   1 1   2 2   3 3
242 256 4   0 0   1 1   2 2   3 3
242 258 4   0 0   1 1   2 2   3 3
242 292 4   0 0   1 1   2 2   3 3
242 278 4   0 0   1 1   2 2   3 3
243 289 4   0 0   1 1   2 2   3 3
245 304 4   0 0   1 1   2 2   3 3
245 253 4   0 0   1 1   2 2   3 3
247 294 4   0 0   1 1   2 2   3 3
247 302 4   0 0   1 1   2 2   3 3
249 262 4   0 0   1 1   2 2   3 3
250 308 4   0 0   1 1   2 2   3 3
250 254 4   0 0   1 1   2 2   3 3
251 301 4   0 0   1 1   2 2   3 3
253 304 4   0 0   1 1   2 2   3 3
253 270 4   0 0   1 1   2 2   3 3
254 257 4   0 0   1 1   2 2   3 3
256 278 4   0 0   1 1   2 2   3 3
257 312 4   0 0   1 1   2 2   3 3
258 292 4   0 0   1 1   2 2   3 3
258 264 4   0 0   1 1   2 2   3 3
260 296 4   0 0   1 1   2 2   3 3
260 281 4   0 0   1 1   2 2   3 3
263 280 4   0 0   1 1   2 2   3 3
263 282 4   0 0   1 1   2 2   3 3
263 315 4   0 0   1 1   2 2   3 3
264 307 4   0 0   1 1   2 2   3 3
266 291 4   0 0   1 1   2 2   3 3
268 269 4   0 0   1 1   2 2   3 3
273 275 4   0 0   1 1   2 2   3 3
274 313 4   0 0   1 1   2 2   3 3
276 306 4   0 0   1 1   2 2   3 3
276 284 4   0 0   1 1   2 2   3 3
279 297 4   0 0   1 1   2 2   3 3
280 282 4   0 0   1 1   2 2   3 3
280 315 4   0 0   1 1   2 2   3 3
284 306 4   0 0   1 1   2 2   3 3
285 305 4   0 0   1 1   2 2   3 3
286 301 4   0 0   1 1   2 2   3 3
287 310 4   0 0   1 1   2 2   3 3
287 313 4   0 0   1 1   2 2   3 3
291 308 4   0 0   1 1   2 2   3 3
298 310 4   0 0   1 1   2 2   3 3
298 317 4   0 0   1 1   2 2   3 3
309 313 4   0 0   1 1   2 2   3 3
310 317 4   0 0   1 1   2 2   3 3
