382
1 4 0 1 2 3
2 4 0 1 2 3
3 4 0 1 2 3
4 4 0 1 2 3
5 4 0 1 2 3
6 4 0 1 2 3
7 4 0 1 2 3
8 4 0 1 2 3
9 4 0 1 2 3
10 4 0 1 2 3
11 4 0 1 2 3
12 4 0 1 2 3
13 4 0 1 2 3
14 4 0 1 2 3
15 4 0 1 2 3
16 4 0 1 2 3
17 4 0 1 2 3
18 4 0 1 2 3
19 4 0 1 2 3
20 4 0 1 2 3
21 4 0 1 2 3
22 4 0 1 2 3
23 4 0 1 2 3
24 4 0 1 2 3
25 4 0 1 2 3
26 4 0 1 2 3
27 4 0 1 2 3
28 4 0 1 2 3
29 4 0 1 2 3
30 4 0 1 2 3
31 4 0 1 2 3
32 4 0 1 2 3
33 4 0 1 2 3
34 4 0 1 2 3
35 4 0 1 2 3
36 4 0 1 2 3
37 4 0 1 2 3
38 4 0 1 2 3
39 4 0 1 2 3
40 4 0 1 2 3
41 4 0 1 2 3
42 4 0 1 2 3
43 4 0 1 2 3
44 4 0 1 2 3
45 4 0 1 2 3
46 4 0 1 2 3
47 4 0 1 2 3
48 4 0 1 2 3
49 4 0 1 2 3
50 4 0 1 2 3
51 4 0 1 2 3
52 4 0 1 2 3
53 4 0 1 2 3
54 4 0 1 2 3
55 4 0 1 2 3
56 4 0 1 2 3
57 4 0 1 2 3
58 4 0 1 2 3
59 4 0 1 2 3
60 4 0 1 2 3
61 4 0 1 2 3
62 4 0 1 2 3
63 4 0 1 2 3
64 4 0 1 2 3
65 4 0 1 2 3
66 4 0 1 2 3
67 4 0 1 2 3
68 4 0 1 2 3
69 4 0 1 2 3
70 4 0 1 2 3
71 4 0 1 2 3
72 4 0 1 2 3
73 4 0 1 2 3
74 4 0 1 2 3
75 4 0 1 2 3
76 4 0 1 2 3
77 4 0 1 2 3
78 4 0 1 2 3
79 4 0 1 2 3
80 4 0 1 2 3
81 4 0 1 2 3
82 4 0 1 2 3
83 4 0 1 2 3
84 4 0 1 2 3
85 4 0 1 2 3
86 4 0 1 2 3
87 4 0 1 2 3
88 4 0 1 2 3
89 4 0 1 2 3
90 4 0 1 2 3
91 4 0 1 2 3
92 4 0 1 2 3
93 4 0 1 2 3
94 4 0 1 2 3
95 4 0 1 2 3
96 4 0 1 2 3
97 4 0 1 2 3
98 4 0 1 2 3
99 4 0 1 2 3
100 4 0 1 2 3
101 4 0 1 2 3
102 4 0 1 2 3
103 4 0 1 2 3
104 4 0 1 2 3
105 4 0 1 2 3
106 4 0 1 2 3
107 4 0 1 2 3
108 4 0 1 2 3
109 4 0 1 2 3
110 4 0 1 2 3
111 4 0 1 2 3
112 4 0 1 2 3
113 4 0 1 2 3
114 4 0 1 2 3
115 4 0 1 2 3
116 4 0 1 2 3
117 4 0 1 2 3
118 4 0 1 2 3
119 4 0 1 2 3
120 4 0 1 2 3
121 4 0 1 2 3
122 4 0 1 2 3
123 4 0 1 2 3
124 4 0 1 2 3
125 4 0 1 2 3
126 4 0 1 2 3
127 4 0 1 2 3
128 4 0 1 2 3
129 4 0 1 2 3
130 4 0 1 2 3
131 4 0 1 2 3
132 4 0 1 2 3
133 4 0 1 2 3
134 4 0 1 2 3
135 4 0 1 2 3
136 4 0 1 2 3
137 4 0 1 2 3
138 4 0 1 2 3
139 4 0 1 2 3
140 4 0 1 2 3
141 4 0 1 2 3
142 4 0 1 2 3
143 4 0 1 2 3
144 4 0 1 2 3
145 4 0 1 2 3
146 4 0 1 2 3
147 4 0 1 2 3
148 4 0 1 2 3
149 4 0 1 2 3
150 4 0 1 2 3
151 4 0 1 2 3
152 4 0 1 2 3
153 4 0 1 2 3
154 4 0 1 2 3
155 4 0 1 2 3
156 4 0 1 2 3
157 4 0 1 2 3
158 4 0 1 2 3
159 4 0 1 2 3
160 4 0 1 2 3
161 4 0 1 2 3
162 4 0 1 2 3
163 4 0 1 2 3
164 4 0 1 2 3
165 4 0 1 2 3
166 4 0 1 2 3
167 4 0 1 2 3
168 4 0 1 2 3
169 4 0 1 2 3
170 4 0 1 2 3
171 4 0 1 2 3
172 4 0 1 2 3
173 4 0 1 2 3
174 4 0 1 2 3
175 4 0 1 2 3
176 4 0 1 2 3
177 4 0 1 2 3
178 4 0 1 2 3
179 4 0 1 2 3
180 4 0 1 2 3
181 4 0 1 2 3
182 4 0 1 2 3
183 4 0 1 2 3
184 4 0 1 2 3
185 4 0 1 2 3
186 4 0 1 2 3
187 4 0 1 2 3
188 4 0 1 2 3
189 4 0 1 2 3
190 4 0 1 2 3
191 4 0 1 2 3
192 4 0 1 2 3
193 4 0 1 2 3
194 4 0 1 2 3
195 4 0 1 2 3
196 4 0 1 2 3
197 4 0 1 2 3
198 4 0 1 2 3
199 4 0 1 2 3
200 4 0 1 2 3
201 4 0 1 2 3
202 4 0 1 2 3
203 4 0 1 2 3
204 4 0 1 2 3
205 4 0 1 2 3
206 4 0 1 2 3
207 4 0 1 2 3
208 4 0 1 2 3
209 4 0 1 2 3
210 4 0 1 2 3
211 4 0 1 2 3
212 4 0 1 2 3
213 4 0 1 2 3
214 4 0 1 2 3
215 4 0 1 2 3
216 4 0 1 2 3
217 4 0 1 2 3
218 4 0 1 2 3
219 4 0 1 2 3
220 4 0 1 2 3
221 4 0 1 2 3
222 4 0 1 2 3
223 4 0 1 2 3
224 4 0 1 2 3
225 4 0 1 2 3
226 4 0 1 2 3
227 4 0 1 2 3
228 4 0 1 2 3
229 4 0 1 2 3
230 4 0 1 2 3
231 4 0 1 2 3
232 4 0 1 2 3
233 4 0 1 2 3
234 4 0 1 2 3
235 4 0 1 2 3
236 4 0 1 2 3
237 4 0 1 2 3
238 4 0 1 2 3
239 4 0 1 2 3
240 4 0 1 2 3
241 4 0 1 2 3
242 4 0 1 2 3
243 4 0 1 2 3
244 4 0 1 2 3
245 4 0 1 2 3
246 4 0 1 2 3
247 4 0 1 2 3
248 4 0 1 2 3
249 4 0 1 2 3
250 4 0 1 2 3
251 4 0 1 2 3
252 4 0 1 2 3
253 4 0 1 2 3
254 4 0 1 2 3
255 4 0 1 2 3
256 4 0 1 2 3
257 4 0 1 2 3
258 4 0 1 2 3
259 4 0 1 2 3
260 4 0 1 2 3
261 4 0 1 2 3
262 4 0 1 2 3
263 4 0 1 2 3
264 4 0 1 2 3
265 4 0 1 2 3
266 4 0 1 2 3
267 4 0 1 2 3
268 4 0 1 2 3
269 4 0 1 2 3
270 4 0 1 2 3
271 4 0 1 2 3
272 4 0 1 2 3
273 4 0 1 2 3
274 4 0 1 2 3
275 4 0 1 2 3
276 4 0 1 2 3
277 4 0 1 2 3
278 4 0 1 2 3
279 4 0 1 2 3
280 4 0 1 2 3
281 4 0 1 2 3
282 4 0 1 2 3
283 4 0 1 2 3
284 4 0 1 2 3
285 4 0 1 2 3
286 4 0 1 2 3
287 4 0 1 2 3
288 4 0 1 2 3
289 4 0 1 2 3
290 4 0 1 2 3
291 4 0 1 2 3
292 4 0 1 2 3
293 4 0 1 2 3
294 4 0 1 2 3
295 4 0 1 2 3
296 4 0 1 2 3
297 4 0 1 2 3
298 4 0 1 2 3
299 4 0 1 2 3
300 4 0 1 2 3
301 4 0 1 2 3
302 4 0 1 2 3
303 4 0 1 2 3
304 4 0 1 2 3
305 4 0 1 2 3
306 4 0 1 2 3
307 4 0 1 2 3
308 4 0 1 2 3
309 4 0 1 2 3
310 4 0 1 2 3
311 4 0 1 2 3
312 4 0 1 2 3
313 4 0 1 2 3
314 4 0 1 2 3
315 4 0 1 2 3
316 4 0 1 2 3
317 4 0 1 2 3
318 4 0 1 2 3
319 4 0 1 2 3
320 4 0 1 2 3
321 4 0 1 2 3
322 4 0 1 2 3
323 4 0 1 2 3
324 4 0 1 2 3
325 4 0 1 2 3
326 4 0 1 2 3
327 4 0 1 2 3
328 4 0 1 2 3
329 4 0 1 2 3
330 4 0 1 2 3
331 4 0 1 2 3
332 4 0 1 2 3
333 4 0 1 2 3
334 4 0 1 2 3
335 4 0 1 2 3
336 4 0 1 2 3
337 4 0 1 2 3
338 4 0 1 2 3
339 4 0 1 2 3
340 4 0 1 2 3
341 4 0 1 2 3
342 4 0 1 2 3
343 4 0 1 2 3
344 4 0 1 2 3
345 4 0 1 2 3
346 4 0 1 2 3
347 4 0 1 2 3
348 4 0 1 2 3
349 4 0 1 2 3
350 4 0 1 2 3
351 4 0 1 2 3
352 4 0 1 2 3
353 4 0 1 2 3
354 4 0 1 2 3
355 4 0 1 2 3
356 4 0 1 2 3
357 4 0 1 2 3
358 4 0 1 2 3
359 4 0 1 2 3
360 4 0 1 2 3
361 4 0 1 2 3
362 4 0 1 2 3
363 4 0 1 2 3
364 4 0 1 2 3
365 4 0 1 2 3
366 4 0 1 2 3
367 4 0 1 2 3
368 4 0 1 2 3
369 4 0 1 2 3
370 4 0 1 2 3
371 4 0 1 2 3
372 4 0 1 2 3
373 4 0 1 2 3
374 4 0 1 2 3
375 4 0 1 2 3
376 4 0 1 2 3
377 4 0 1 2 3
378 4 0 1 2 3
379 4 0 1 2 3
380 4 0 1 2 3
381 4 0 1 2 3
382 4 0 1 2 3
1070
1 229 4   0 0   1 1   2 2   3 3
1 238 4   0 0   1 1   2 2   3 3
1 95 4   0 0   1 1   2 2   3 3
2 68 4   0 0   1 1   2 2   3 3
2 282 4   0 0   1 1   2 2   3 3
2 28 4   0 0   1 1   2 2   3 3
2 124 4   0 0   1 1   2 2   3 3
2 223 4   0 0   1 1   2 2   3 3
3 66 4   0 0   1 1   2 2   3 3
3 5 4   0 0   1 1   2 2   3 3
3 24 4   0 0   1 1   2 2   3 3
3 329 4   0 0   1 1   2 2   3 3
3 153 4   0 0   1 1   2 2   3 3
4 100 4   0 0   1 1   2 2   3 3
4 292 4   0 0   1 1   2 2   3 3
4 118 4   0 0   1 1   2 2   3 3
4 55 4   0 0   1 1   2 2   3 3
4 184 4   0 0   1 1   2 2   3 3
5 66 4   0 0   1 1   2 2   3 3
5 99 4   0 0   1 1   2 2   3 3
5 358 4   0 0   1 1   2 2   3 3
5 153 4   0 0   1 1   2 2   3 3
5 155 4   0 0   1 1   2 2   3 3
5 159 4   0 0   1 1   2 2   3 3
6 51 4   0 0   1 1   2 2   3 3
6 54 4   0 0   1 1   2 2   3 3
6 232 4   0 0   1 1   2 2   3 3
6 280 4   0 0   1 1   2 2   3 3
6 73 4   0 0   1 1   2 2   3 3
6 284 4   0 0   1 1   2 2   3 3
6 301 4   0 0   1 1   2 2   3 3
6 143 4   0 0   1 1   2 2   3 3
7 369 4   0 0   1 1   2 2   3 3
7 326 4   0 0   1 1   2 2   3 3
7 24 4   0 0   1 1   2 2   3 3
7 106 4   0 0   1 1   2 2   3 3
7 123 4   0 0   1 1   2 2   3 3
7 332 4   0 0   1 1   2 2   3 3
7 109 4   0 0   1 1   2 2   3 3
7 174 4   0 0   1 1   2 2   3 3
8 306 4   0 0   1 1   2 2   3 3
8 246 4   0 0   1 1   2 2   3 3
8 343 4   0 0   1 1   2 2   3 3
8 378 4   0 0   1 1   2 2   3 3
8 379 4   0 0   1 1   2 2   3 3
8 364 4   0 0   1 1   2 2   3 3
8 365 4   0 0   1 1   2 2   3 3
8 239 4   0 0   1 1   2 2   3 3
8 367 4   0 0   1 1   2 2   3 3
9 160 4   0 0   1 1   2 2   3 3
9 129 4   0 0   1 1   2 2   3 3
9 251 4   0 0   1 1   2 2   3 3
9 283 4   0 0   1 1   2 2   3 3
9 12 4   0 0   1 1   2 2   3 3
9 29 4   0 0   1 1   2 2   3 3
10 213 4   0 0   1 1   2 2   3 3
10 326 4   0 0   1 1   2 2   3 3
10 219 4   0 0   1 1   2 2   3 3
10 351 4   0 0   1 1   2 2   3 3
11 257 4   0 0   1 1   2 2   3 3
11 90 4   0 0   1 1   2 2   3 3
11 203 4   0 0   1 1   2 2   3 3
11 108 4   0 0   1 1   2 2   3 3
11 319 4   0 0   1 1   2 2   3 3
12 283 4   0 0   1 1   2 2   3 3
12 29 4   0 0   1 1   2 2   3 3
12 205 4   0 0   1 1   2 2   3 3
12 271 4   0 0   1 1   2 2   3 3
13 96 4   0 0   1 1   2 2   3 3
13 195 4   0 0   1 1   2 2   3 3
13 53 4   0 0   1 1   2 2   3 3
13 86 4   0 0   1 1   2 2   3 3
13 236 4   0 0   1 1   2 2   3 3
14 258 4   0 0   1 1   2 2   3 3
14 146 4   0 0   1 1   2 2   3 3
14 36 4   0 0   1 1   2 2   3 3
14 230 4   0 0   1 1   2 2   3 3
14 44 4   0 0   1 1   2 2   3 3
14 333 4   0 0   1 1   2 2   3 3
14 317 4   0 0   1 1   2 2   3 3
14 15 4   0 0   1 1   2 2   3 3
15 36 4   0 0   1 1   2 2   3 3
15 333 4   0 0   1 1   2 2   3 3
15 143 4   0 0   1 1   2 2   3 3
16 288 4   0 0   1 1   2 2   3 3
16 305 4   0 0   1 1   2 2   3 3
16 152 4   0 0   1 1   2 2   3 3
16 297 4   0 0   1 1   2 2   3 3
16 220 4   0 0   1 1   2 2   3 3
16 45 4   0 0   1 1   2 2   3 3
17 49 4   0 0   1 1   2 2   3 3
17 322 4   0 0   1 1   2 2   3 3
17 119 4   0 0   1 1   2 2   3 3
17 217 4   0 0   1 1   2 2   3 3
17 235 4   0 0   1 1   2 2   3 3
17 204 4   0 0   1 1   2 2   3 3
17 382 4   0 0   1 1   2 2   3 3
17 190 4   0 0   1 1   2 2   3 3
17 303 4   0 0   1 1   2 2   3 3
18 341 4   0 0   1 1   2 2   3 3
18 278 4   0 0   1 1   2 2   3 3
19 32 4   0 0   1 1   2 2   3 3
19 179 4   0 0   1 1   2 2   3 3
19 283 4   0 0   1 1   2 2   3 3
19 187 4   0 0   1 1   2 2   3 3
19 205 4   0 0   1 1   2 2   3 3
19 95 4   0 0   1 1   2 2   3 3
20 80 4   0 0   1 1   2 2   3 3
20 289 4   0 0   1 1   2 2   3 3
20 81 4   0 0   1 1   2 2   3 3
20 374 4   0 0   1 1   2 2   3 3
21 272 4   0 0   1 1   2 2   3 3
21 355 4   0 0   1 1   2 2   3 3
21 373 4   0 0   1 1   2 2   3 3
21 294 4   0 0   1 1   2 2   3 3
21 285 4   0 0   1 1   2 2   3 3
21 207 4   0 0   1 1   2 2   3 3
22 245 4   0 0   1 1   2 2   3 3
22 155 4   0 0   1 1   2 2   3 3
22 222 4   0 0   1 1   2 2   3 3
22 142 4   0 0   1 1   2 2   3 3
22 79 4   0 0   1 1   2 2   3 3
23 199 4   0 0   1 1   2 2   3 3
23 90 4   0 0   1 1   2 2   3 3
23 108 4   0 0   1 1   2 2   3 3
23 47 4   0 0   1 1   2 2   3 3
24 369 4   0 0   1 1   2 2   3 3
24 135 4   0 0   1 1   2 2   3 3
24 153 4   0 0   1 1   2 2   3 3
24 329 4   0 0   1 1   2 2   3 3
24 106 4   0 0   1 1   2 2   3 3
25 368 4   0 0   1 1   2 2   3 3
25 193 4   0 0   1 1   2 2   3 3
25 211 4   0 0   1 1   2 2   3 3
25 275 4   0 0   1 1   2 2   3 3
25 149 4   0 0   1 1   2 2   3 3
25 314 4   0 0   1 1   2 2   3 3
26 115 4   0 0   1 1   2 2   3 3
26 249 4   0 0   1 1   2 2   3 3
26 157 4   0 0   1 1   2 2   3 3
26 302 4   0 0   1 1   2 2   3 3
27 144 4   0 0   1 1   2 2   3 3
27 352 4   0 0   1 1   2 2   3 3
27 33 4   0 0   1 1   2 2   3 3
27 82 4   0 0   1 1   2 2   3 3
27 247 4   0 0   1 1   2 2   3 3
27 44 4   0 0   1 1   2 2   3 3
27 125 4   0 0   1 1   2 2   3 3
27 158 4   0 0   1 1   2 2   3 3
28 209 4   0 0   1 1   2 2   3 3
28 168 4   0 0   1 1   2 2   3 3
28 282 4   0 0   1 1   2 2   3 3
28 364 4   0 0   1 1   2 2   3 3
28 348 4   0 0   1 1   2 2   3 3
28 286 4   0 0   1 1   2 2   3 3
28 223 4   0 0   1 1   2 2   3 3
29 160 4   0 0   1 1   2 2   3 3
29 229 4   0 0   1 1   2 2   3 3
29 271 4   0 0   1 1   2 2   3 3
30 67 4   0 0   1 1   2 2   3 3
30 103 4   0 0   1 1   2 2   3 3
30 55 4   0 0   1 1   2 2   3 3
30 299 4   0 0   1 1   2 2   3 3
30 60 4   0 0   1 1   2 2   3 3
31 65 4   0 0   1 1   2 2   3 3
31 101 4   0 0   1 1   2 2   3 3
31 328 4   0 0   1 1   2 2   3 3
31 346 4   0 0   1 1   2 2   3 3
31 172 4   0 0   1 1   2 2   3 3
31 189 4   0 0   1 1   2 2   3 3
32 179 4   0 0   1 1   2 2   3 3
32 163 4   0 0   1 1   2 2   3 3
32 312 4   0 0   1 1   2 2   3 3
32 187 4   0 0   1 1   2 2   3 3
33 144 4   0 0   1 1   2 2   3 3
33 82 4   0 0   1 1   2 2   3 3
33 140 4   0 0   1 1   2 2   3 3
34 371 4   0 0   1 1   2 2   3 3
34 244 4   0 0   1 1   2 2   3 3
34 344 4   0 0   1 1   2 2   3 3
34 156 4   0 0   1 1   2 2   3 3
34 237 4   0 0   1 1   2 2   3 3
34 191 4   0 0   1 1   2 2   3 3
34 255 4   0 0   1 1   2 2   3 3
35 212 4   0 0   1 1   2 2   3 3
35 164 4   0 0   1 1   2 2   3 3
35 52 4   0 0   1 1   2 2   3 3
35 324 4   0 0   1 1   2 2   3 3
35 197 4   0 0   1 1   2 2   3 3
35 169 4   0 0   1 1   2 2   3 3
36 230 4   0 0   1 1   2 2   3 3
36 54 4   0 0   1 1   2 2   3 3
36 143 4   0 0   1 1   2 2   3 3
37 84 4   0 0   1 1   2 2   3 3
37 117 4   0 0   1 1   2 2   3 3
37 105 4   0 0   1 1   2 2   3 3
37 59 4   0 0   1 1   2 2   3 3
37 349 4   0 0   1 1   2 2   3 3
38 50 4   0 0   1 1   2 2   3 3
38 310 4   0 0   1 1   2 2   3 3
38 281 4   0 0   1 1   2 2   3 3
38 345 4   0 0   1 1   2 2   3 3
38 89 4   0 0   1 1   2 2   3 3
39 102 4   0 0   1 1   2 2   3 3
39 215 4   0 0   1 1   2 2   3 3
39 120 4   0 0   1 1   2 2   3 3
39 190 4   0 0   1 1   2 2   3 3
40 227 4   0 0   1 1   2 2   3 3
40 276 4   0 0   1 1   2 2   3 3
40 248 4   0 0   1 1   2 2   3 3
40 139 4   0 0   1 1   2 2   3 3
41 322 4   0 0   1 1   2 2   3 3
41 198 4   0 0   1 1   2 2   3 3
41 136 4   0 0   1 1   2 2   3 3
41 217 4   0 0   1 1   2 2   3 3
41 204 4   0 0   1 1   2 2   3 3
41 380 4   0 0   1 1   2 2   3 3
42 167 4   0 0   1 1   2 2   3 3
42 168 4   0 0   1 1   2 2   3 3
42 218 4   0 0   1 1   2 2   3 3
42 348 4   0 0   1 1   2 2   3 3
43 306 4   0 0   1 1   2 2   3 3
43 291 4   0 0   1 1   2 2   3 3
43 203 4   0 0   1 1   2 2   3 3
43 319 4   0 0   1 1   2 2   3 3
44 230 4   0 0   1 1   2 2   3 3
44 247 4   0 0   1 1   2 2   3 3
44 89 4   0 0   1 1   2 2   3 3
44 317 4   0 0   1 1   2 2   3 3
44 125 4   0 0   1 1   2 2   3 3
45 193 4   0 0   1 1   2 2   3 3
45 179 4   0 0   1 1   2 2   3 3
45 312 4   0 0   1 1   2 2   3 3
45 152 4   0 0   1 1   2 2   3 3
45 297 4   0 0   1 1   2 2   3 3
46 80 4   0 0   1 1   2 2   3 3
46 374 4   0 0   1 1   2 2   3 3
46 327 4   0 0   1 1   2 2   3 3
46 361 4   0 0   1 1   2 2   3 3
46 75 4   0 0   1 1   2 2   3 3
47 199 4   0 0   1 1   2 2   3 3
47 72 4   0 0   1 1   2 2   3 3
47 90 4   0 0   1 1   2 2   3 3
47 319 4   0 0   1 1   2 2   3 3
48 242 4   0 0   1 1   2 2   3 3
48 194 4   0 0   1 1   2 2   3 3
48 265 4   0 0   1 1   2 2   3 3
48 62 4   0 0   1 1   2 2   3 3
49 102 4   0 0   1 1   2 2   3 3
49 171 4   0 0   1 1   2 2   3 3
49 190 4   0 0   1 1   2 2   3 3
49 303 4   0 0   1 1   2 2   3 3
50 310 4   0 0   1 1   2 2   3 3
50 89 4   0 0   1 1   2 2   3 3
50 317 4   0 0   1 1   2 2   3 3
51 339 4   0 0   1 1   2 2   3 3
51 296 4   0 0   1 1   2 2   3 3
51 73 4   0 0   1 1   2 2   3 3
51 314 4   0 0   1 1   2 2   3 3
51 363 4   0 0   1 1   2 2   3 3
51 284 4   0 0   1 1   2 2   3 3
51 301 4   0 0   1 1   2 2   3 3
52 258 4   0 0   1 1   2 2   3 3
52 164 4   0 0   1 1   2 2   3 3
52 324 4   0 0   1 1   2 2   3 3
52 277 4   0 0   1 1   2 2   3 3
52 154 4   0 0   1 1   2 2   3 3
52 268 4   0 0   1 1   2 2   3 3
53 96 4   0 0   1 1   2 2   3 3
53 81 4   0 0   1 1   2 2   3 3
53 195 4   0 0   1 1   2 2   3 3
53 309 4   0 0   1 1   2 2   3 3
53 279 4   0 0   1 1   2 2   3 3
53 347 4   0 0   1 1   2 2   3 3
54 226 4   0 0   1 1   2 2   3 3
54 230 4   0 0   1 1   2 2   3 3
54 232 4   0 0   1 1   2 2   3 3
54 125 4   0 0   1 1   2 2   3 3
54 143 4   0 0   1 1   2 2   3 3
55 100 4   0 0   1 1   2 2   3 3
55 308 4   0 0   1 1   2 2   3 3
55 118 4   0 0   1 1   2 2   3 3
55 103 4   0 0   1 1   2 2   3 3
56 162 4   0 0   1 1   2 2   3 3
56 259 4   0 0   1 1   2 2   3 3
56 311 4   0 0   1 1   2 2   3 3
57 272 4   0 0   1 1   2 2   3 3
57 320 4   0 0   1 1   2 2   3 3
57 355 4   0 0   1 1   2 2   3 3
57 376 4   0 0   1 1   2 2   3 3
57 157 4   0 0   1 1   2 2   3 3
58 96 4   0 0   1 1   2 2   3 3
58 147 4   0 0   1 1   2 2   3 3
58 117 4   0 0   1 1   2 2   3 3
58 200 4   0 0   1 1   2 2   3 3
58 362 4   0 0   1 1   2 2   3 3
58 347 4   0 0   1 1   2 2   3 3
58 331 4   0 0   1 1   2 2   3 3
58 77 4   0 0   1 1   2 2   3 3
59 117 4   0 0   1 1   2 2   3 3
59 105 4   0 0   1 1   2 2   3 3
59 107 4   0 0   1 1   2 2   3 3
59 173 4   0 0   1 1   2 2   3 3
59 142 4   0 0   1 1   2 2   3 3
60 112 4   0 0   1 1   2 2   3 3
60 118 4   0 0   1 1   2 2   3 3
60 103 4   0 0   1 1   2 2   3 3
60 120 4   0 0   1 1   2 2   3 3
60 216 4   0 0   1 1   2 2   3 3
60 202 4   0 0   1 1   2 2   3 3
60 299 4   0 0   1 1   2 2   3 3
61 118 4   0 0   1 1   2 2   3 3
61 184 4   0 0   1 1   2 2   3 3
61 330 4   0 0   1 1   2 2   3 3
61 334 4   0 0   1 1   2 2   3 3
62 242 4   0 0   1 1   2 2   3 3
62 151 4   0 0   1 1   2 2   3 3
62 359 4   0 0   1 1   2 2   3 3
62 265 4   0 0   1 1   2 2   3 3
63 116 4   0 0   1 1   2 2   3 3
63 70 4   0 0   1 1   2 2   3 3
63 219 4   0 0   1 1   2 2   3 3
63 221 4   0 0   1 1   2 2   3 3
63 141 4   0 0   1 1   2 2   3 3
63 78 4   0 0   1 1   2 2   3 3
64 375 4   0 0   1 1   2 2   3 3
64 248 4   0 0   1 1   2 2   3 3
64 281 4   0 0   1 1   2 2   3 3
64 234 4   0 0   1 1   2 2   3 3
64 139 4   0 0   1 1   2 2   3 3
64 76 4   0 0   1 1   2 2   3 3
64 302 4   0 0   1 1   2 2   3 3
64 367 4   0 0   1 1   2 2   3 3
65 112 4   0 0   1 1   2 2   3 3
65 321 4   0 0   1 1   2 2   3 3
65 346 4   0 0   1 1   2 2   3 3
65 202 4   0 0   1 1   2 2   3 3
66 323 4   0 0   1 1   2 2   3 3
66 99 4   0 0   1 1   2 2   3 3
66 358 4   0 0   1 1   2 2   3 3
66 231 4   0 0   1 1   2 2   3 3
66 329 4   0 0   1 1   2 2   3 3
66 380 4   0 0   1 1   2 2   3 3
67 308 4   0 0   1 1   2 2   3 3
67 185 4   0 0   1 1   2 2   3 3
67 299 4   0 0   1 1   2 2   3 3
68 176 4   0 0   1 1   2 2   3 3
68 274 4   0 0   1 1   2 2   3 3
68 262 4   0 0   1 1   2 2   3 3
68 282 4   0 0   1 1   2 2   3 3
68 124 4   0 0   1 1   2 2   3 3
69 210 4   0 0   1 1   2 2   3 3
69 345 4   0 0   1 1   2 2   3 3
69 89 4   0 0   1 1   2 2   3 3
69 379 4   0 0   1 1   2 2   3 3
69 158 4   0 0   1 1   2 2   3 3
69 367 4   0 0   1 1   2 2   3 3
70 208 4   0 0   1 1   2 2   3 3
70 241 4   0 0   1 1   2 2   3 3
70 116 4   0 0   1 1   2 2   3 3
70 78 4   0 0   1 1   2 2   3 3
70 287 4   0 0   1 1   2 2   3 3
71 338 4   0 0   1 1   2 2   3 3
71 166 4   0 0   1 1   2 2   3 3
71 122 4   0 0   1 1   2 2   3 3
71 138 4   0 0   1 1   2 2   3 3
71 91 4   0 0   1 1   2 2   3 3
72 176 4   0 0   1 1   2 2   3 3
72 356 4   0 0   1 1   2 2   3 3
72 199 4   0 0   1 1   2 2   3 3
72 319 4   0 0   1 1   2 2   3 3
73 363 4   0 0   1 1   2 2   3 3
73 333 4   0 0   1 1   2 2   3 3
73 143 4   0 0   1 1   2 2   3 3
74 337 4   0 0   1 1   2 2   3 3
74 113 4   0 0   1 1   2 2   3 3
75 374 4   0 0   1 1   2 2   3 3
75 327 4   0 0   1 1   2 2   3 3
75 279 4   0 0   1 1   2 2   3 3
75 88 4   0 0   1 1   2 2   3 3
75 264 4   0 0   1 1   2 2   3 3
76 240 4   0 0   1 1   2 2   3 3
76 115 4   0 0   1 1   2 2   3 3
76 281 4   0 0   1 1   2 2   3 3
76 302 4   0 0   1 1   2 2   3 3
77 162 4   0 0   1 1   2 2   3 3
77 147 4   0 0   1 1   2 2   3 3
77 200 4   0 0   1 1   2 2   3 3
78 208 4   0 0   1 1   2 2   3 3
78 328 4   0 0   1 1   2 2   3 3
78 189 4   0 0   1 1   2 2   3 3
78 141 4   0 0   1 1   2 2   3 3
79 155 4   0 0   1 1   2 2   3 3
79 142 4   0 0   1 1   2 2   3 3
79 159 4   0 0   1 1   2 2   3 3
80 289 4   0 0   1 1   2 2   3 3
80 374 4   0 0   1 1   2 2   3 3
80 361 4   0 0   1 1   2 2   3 3
81 289 4   0 0   1 1   2 2   3 3
81 195 4   0 0   1 1   2 2   3 3
81 309 4   0 0   1 1   2 2   3 3
81 374 4   0 0   1 1   2 2   3 3
82 352 4   0 0   1 1   2 2   3 3
82 263 4   0 0   1 1   2 2   3 3
82 140 4   0 0   1 1   2 2   3 3
83 306 4   0 0   1 1   2 2   3 3
83 274 4   0 0   1 1   2 2   3 3
83 291 4   0 0   1 1   2 2   3 3
83 246 4   0 0   1 1   2 2   3 3
83 282 4   0 0   1 1   2 2   3 3
83 364 4   0 0   1 1   2 2   3 3
84 130 4   0 0   1 1   2 2   3 3
84 117 4   0 0   1 1   2 2   3 3
84 362 4   0 0   1 1   2 2   3 3
84 349 4   0 0   1 1   2 2   3 3
84 270 4   0 0   1 1   2 2   3 3
85 180 4   0 0   1 1   2 2   3 3
85 181 4   0 0   1 1   2 2   3 3
85 293 4   0 0   1 1   2 2   3 3
85 251 4   0 0   1 1   2 2   3 3
86 96 4   0 0   1 1   2 2   3 3
86 117 4   0 0   1 1   2 2   3 3
86 236 4   0 0   1 1   2 2   3 3
86 173 4   0 0   1 1   2 2   3 3
87 145 4   0 0   1 1   2 2   3 3
87 341 4   0 0   1 1   2 2   3 3
87 278 4   0 0   1 1   2 2   3 3
87 267 4   0 0   1 1   2 2   3 3
87 316 4   0 0   1 1   2 2   3 3
87 126 4   0 0   1 1   2 2   3 3
88 327 4   0 0   1 1   2 2   3 3
88 265 4   0 0   1 1   2 2   3 3
88 300 4   0 0   1 1   2 2   3 3
89 247 4   0 0   1 1   2 2   3 3
89 345 4   0 0   1 1   2 2   3 3
89 317 4   0 0   1 1   2 2   3 3
89 158 4   0 0   1 1   2 2   3 3
90 108 4   0 0   1 1   2 2   3 3
90 319 4   0 0   1 1   2 2   3 3
91 288 4   0 0   1 1   2 2   3 3
91 129 4   0 0   1 1   2 2   3 3
91 180 4   0 0   1 1   2 2   3 3
91 166 4   0 0   1 1   2 2   3 3
91 138 4   0 0   1 1   2 2   3 3
92 194 4   0 0   1 1   2 2   3 3
92 211 4   0 0   1 1   2 2   3 3
92 243 4   0 0   1 1   2 2   3 3
92 275 4   0 0   1 1   2 2   3 3
92 312 4   0 0   1 1   2 2   3 3
93 240 4   0 0   1 1   2 2   3 3
93 146 4   0 0   1 1   2 2   3 3
93 324 4   0 0   1 1   2 2   3 3
93 310 4   0 0   1 1   2 2   3 3
93 169 4   0 0   1 1   2 2   3 3
93 281 4   0 0   1 1   2 2   3 3
93 127 4   0 0   1 1   2 2   3 3
94 177 4   0 0   1 1   2 2   3 3
94 341 4   0 0   1 1   2 2   3 3
94 366 4   0 0   1 1   2 2   3 3
95 229 4   0 0   1 1   2 2   3 3
95 187 4   0 0   1 1   2 2   3 3
95 205 4   0 0   1 1   2 2   3 3
95 238 4   0 0   1 1   2 2   3 3
95 271 4   0 0   1 1   2 2   3 3
96 117 4   0 0   1 1   2 2   3 3
96 347 4   0 0   1 1   2 2   3 3
96 331 4   0 0   1 1   2 2   3 3
97 340 4   0 0   1 1   2 2   3 3
97 292 4   0 0   1 1   2 2   3 3
97 100 4   0 0   1 1   2 2   3 3
97 377 4   0 0   1 1   2 2   3 3
98 304 4   0 0   1 1   2 2   3 3
98 353 4   0 0   1 1   2 2   3 3
98 354 4   0 0   1 1   2 2   3 3
98 215 4   0 0   1 1   2 2   3 3
99 358 4   0 0   1 1   2 2   3 3
100 292 4   0 0   1 1   2 2   3 3
101 208 4   0 0   1 1   2 2   3 3
101 346 4   0 0   1 1   2 2   3 3
101 171 4   0 0   1 1   2 2   3 3
101 189 4   0 0   1 1   2 2   3 3
101 318 4   0 0   1 1   2 2   3 3
102 120 4   0 0   1 1   2 2   3 3
102 171 4   0 0   1 1   2 2   3 3
102 190 4   0 0   1 1   2 2   3 3
102 318 4   0 0   1 1   2 2   3 3
103 256 4   0 0   1 1   2 2   3 3
103 118 4   0 0   1 1   2 2   3 3
104 227 4   0 0   1 1   2 2   3 3
104 276 4   0 0   1 1   2 2   3 3
105 135 4   0 0   1 1   2 2   3 3
105 107 4   0 0   1 1   2 2   3 3
105 123 4   0 0   1 1   2 2   3 3
105 349 4   0 0   1 1   2 2   3 3
105 270 4   0 0   1 1   2 2   3 3
106 217 4   0 0   1 1   2 2   3 3
106 329 4   0 0   1 1   2 2   3 3
106 298 4   0 0   1 1   2 2   3 3
106 332 4   0 0   1 1   2 2   3 3
107 148 4   0 0   1 1   2 2   3 3
107 135 4   0 0   1 1   2 2   3 3
107 142 4   0 0   1 1   2 2   3 3
108 257 4   0 0   1 1   2 2   3 3
108 261 4   0 0   1 1   2 2   3 3
108 315 4   0 0   1 1   2 2   3 3
109 370 4   0 0   1 1   2 2   3 3
109 326 4   0 0   1 1   2 2   3 3
109 174 4   0 0   1 1   2 2   3 3
110 112 4   0 0   1 1   2 2   3 3
110 321 4   0 0   1 1   2 2   3 3
110 120 4   0 0   1 1   2 2   3 3
110 216 4   0 0   1 1   2 2   3 3
110 346 4   0 0   1 1   2 2   3 3
111 147 4   0 0   1 1   2 2   3 3
111 182 4   0 0   1 1   2 2   3 3
111 279 4   0 0   1 1   2 2   3 3
111 347 4   0 0   1 1   2 2   3 3
111 253 4   0 0   1 1   2 2   3 3
112 321 4   0 0   1 1   2 2   3 3
112 216 4   0 0   1 1   2 2   3 3
112 202 4   0 0   1 1   2 2   3 3
113 337 4   0 0   1 1   2 2   3 3
113 259 4   0 0   1 1   2 2   3 3
113 307 4   0 0   1 1   2 2   3 3
113 228 4   0 0   1 1   2 2   3 3
113 121 4   0 0   1 1   2 2   3 3
113 186 4   0 0   1 1   2 2   3 3
113 123 4   0 0   1 1   2 2   3 3
113 270 4   0 0   1 1   2 2   3 3
114 128 4   0 0   1 1   2 2   3 3
114 219 4   0 0   1 1   2 2   3 3
114 221 4   0 0   1 1   2 2   3 3
115 240 4   0 0   1 1   2 2   3 3
115 132 4   0 0   1 1   2 2   3 3
115 157 4   0 0   1 1   2 2   3 3
115 302 4   0 0   1 1   2 2   3 3
116 128 4   0 0   1 1   2 2   3 3
116 241 4   0 0   1 1   2 2   3 3
116 370 4   0 0   1 1   2 2   3 3
116 221 4   0 0   1 1   2 2   3 3
116 174 4   0 0   1 1   2 2   3 3
117 362 4   0 0   1 1   2 2   3 3
117 173 4   0 0   1 1   2 2   3 3
118 256 4   0 0   1 1   2 2   3 3
118 184 4   0 0   1 1   2 2   3 3
118 120 4   0 0   1 1   2 2   3 3
118 330 4   0 0   1 1   2 2   3 3
119 382 4   0 0   1 1   2 2   3 3
119 190 4   0 0   1 1   2 2   3 3
120 304 4   0 0   1 1   2 2   3 3
120 215 4   0 0   1 1   2 2   3 3
120 216 4   0 0   1 1   2 2   3 3
120 330 4   0 0   1 1   2 2   3 3
120 346 4   0 0   1 1   2 2   3 3
120 318 4   0 0   1 1   2 2   3 3
121 177 4   0 0   1 1   2 2   3 3
121 259 4   0 0   1 1   2 2   3 3
121 228 4   0 0   1 1   2 2   3 3
121 311 4   0 0   1 1   2 2   3 3
122 224 4   0 0   1 1   2 2   3 3
122 338 4   0 0   1 1   2 2   3 3
122 166 4   0 0   1 1   2 2   3 3
122 250 4   0 0   1 1   2 2   3 3
122 381 4   0 0   1 1   2 2   3 3
122 207 4   0 0   1 1   2 2   3 3
123 369 4   0 0   1 1   2 2   3 3
123 326 4   0 0   1 1   2 2   3 3
123 135 4   0 0   1 1   2 2   3 3
123 186 4   0 0   1 1   2 2   3 3
123 270 4   0 0   1 1   2 2   3 3
123 351 4   0 0   1 1   2 2   3 3
124 262 4   0 0   1 1   2 2   3 3
124 223 4   0 0   1 1   2 2   3 3
125 352 4   0 0   1 1   2 2   3 3
125 226 4   0 0   1 1   2 2   3 3
125 323 4   0 0   1 1   2 2   3 3
125 230 4   0 0   1 1   2 2   3 3
125 342 4   0 0   1 1   2 2   3 3
125 358 4   0 0   1 1   2 2   3 3
126 278 4   0 0   1 1   2 2   3 3
126 267 4   0 0   1 1   2 2   3 3
127 240 4   0 0   1 1   2 2   3 3
127 169 4   0 0   1 1   2 2   3 3
128 370 4   0 0   1 1   2 2   3 3
128 219 4   0 0   1 1   2 2   3 3
128 221 4   0 0   1 1   2 2   3 3
129 288 4   0 0   1 1   2 2   3 3
129 179 4   0 0   1 1   2 2   3 3
129 180 4   0 0   1 1   2 2   3 3
129 152 4   0 0   1 1   2 2   3 3
129 251 4   0 0   1 1   2 2   3 3
129 283 4   0 0   1 1   2 2   3 3
130 337 4   0 0   1 1   2 2   3 3
130 162 4   0 0   1 1   2 2   3 3
130 259 4   0 0   1 1   2 2   3 3
130 200 4   0 0   1 1   2 2   3 3
130 362 4   0 0   1 1   2 2   3 3
130 270 4   0 0   1 1   2 2   3 3
131 257 4   0 0   1 1   2 2   3 3
131 306 4   0 0   1 1   2 2   3 3
131 371 4   0 0   1 1   2 2   3 3
131 343 4   0 0   1 1   2 2   3 3
131 378 4   0 0   1 1   2 2   3 3
131 203 4   0 0   1 1   2 2   3 3
132 240 4   0 0   1 1   2 2   3 3
132 197 4   0 0   1 1   2 2   3 3
132 376 4   0 0   1 1   2 2   3 3
132 169 4   0 0   1 1   2 2   3 3
132 157 4   0 0   1 1   2 2   3 3
133 257 4   0 0   1 1   2 2   3 3
133 261 4   0 0   1 1   2 2   3 3
133 344 4   0 0   1 1   2 2   3 3
134 192 4   0 0   1 1   2 2   3 3
134 289 4   0 0   1 1   2 2   3 3
134 195 4   0 0   1 1   2 2   3 3
134 196 4   0 0   1 1   2 2   3 3
134 357 4   0 0   1 1   2 2   3 3
134 280 4   0 0   1 1   2 2   3 3
134 361 4   0 0   1 1   2 2   3 3
134 236 4   0 0   1 1   2 2   3 3
135 369 4   0 0   1 1   2 2   3 3
135 148 4   0 0   1 1   2 2   3 3
135 153 4   0 0   1 1   2 2   3 3
136 214 4   0 0   1 1   2 2   3 3
136 198 4   0 0   1 1   2 2   3 3
136 263 4   0 0   1 1   2 2   3 3
136 204 4   0 0   1 1   2 2   3 3
137 208 4   0 0   1 1   2 2   3 3
137 298 4   0 0   1 1   2 2   3 3
137 171 4   0 0   1 1   2 2   3 3
137 303 4   0 0   1 1   2 2   3 3
137 287 4   0 0   1 1   2 2   3 3
138 288 4   0 0   1 1   2 2   3 3
138 338 4   0 0   1 1   2 2   3 3
138 165 4   0 0   1 1   2 2   3 3
138 296 4   0 0   1 1   2 2   3 3
139 227 4   0 0   1 1   2 2   3 3
139 244 4   0 0   1 1   2 2   3 3
139 150 4   0 0   1 1   2 2   3 3
139 375 4   0 0   1 1   2 2   3 3
139 248 4   0 0   1 1   2 2   3 3
140 144 4   0 0   1 1   2 2   3 3
140 263 4   0 0   1 1   2 2   3 3
140 252 4   0 0   1 1   2 2   3 3
141 213 4   0 0   1 1   2 2   3 3
141 328 4   0 0   1 1   2 2   3 3
141 219 4   0 0   1 1   2 2   3 3
141 172 4   0 0   1 1   2 2   3 3
142 192 4   0 0   1 1   2 2   3 3
142 148 4   0 0   1 1   2 2   3 3
142 173 4   0 0   1 1   2 2   3 3
142 222 4   0 0   1 1   2 2   3 3
142 159 4   0 0   1 1   2 2   3 3
143 333 4   0 0   1 1   2 2   3 3
144 295 4   0 0   1 1   2 2   3 3
144 360 4   0 0   1 1   2 2   3 3
144 252 4   0 0   1 1   2 2   3 3
144 158 4   0 0   1 1   2 2   3 3
145 336 4   0 0   1 1   2 2   3 3
145 162 4   0 0   1 1   2 2   3 3
145 147 4   0 0   1 1   2 2   3 3
145 267 4   0 0   1 1   2 2   3 3
145 316 4   0 0   1 1   2 2   3 3
145 335 4   0 0   1 1   2 2   3 3
146 258 4   0 0   1 1   2 2   3 3
146 324 4   0 0   1 1   2 2   3 3
146 310 4   0 0   1 1   2 2   3 3
146 317 4   0 0   1 1   2 2   3 3
147 162 4   0 0   1 1   2 2   3 3
147 347 4   0 0   1 1   2 2   3 3
147 253 4   0 0   1 1   2 2   3 3
147 335 4   0 0   1 1   2 2   3 3
148 153 4   0 0   1 1   2 2   3 3
148 159 4   0 0   1 1   2 2   3 3
149 368 4   0 0   1 1   2 2   3 3
149 193 4   0 0   1 1   2 2   3 3
149 305 4   0 0   1 1   2 2   3 3
149 297 4   0 0   1 1   2 2   3 3
150 244 4   0 0   1 1   2 2   3 3
150 183 4   0 0   1 1   2 2   3 3
150 375 4   0 0   1 1   2 2   3 3
150 365 4   0 0   1 1   2 2   3 3
150 239 4   0 0   1 1   2 2   3 3
151 242 4   0 0   1 1   2 2   3 3
151 243 4   0 0   1 1   2 2   3 3
151 163 4   0 0   1 1   2 2   3 3
151 359 4   0 0   1 1   2 2   3 3
152 288 4   0 0   1 1   2 2   3 3
152 179 4   0 0   1 1   2 2   3 3
153 159 4   0 0   1 1   2 2   3 3
154 164 4   0 0   1 1   2 2   3 3
154 313 4   0 0   1 1   2 2   3 3
154 268 4   0 0   1 1   2 2   3 3
154 381 4   0 0   1 1   2 2   3 3
155 245 4   0 0   1 1   2 2   3 3
155 342 4   0 0   1 1   2 2   3 3
155 358 4   0 0   1 1   2 2   3 3
155 159 4   0 0   1 1   2 2   3 3
156 371 4   0 0   1 1   2 2   3 3
156 183 4   0 0   1 1   2 2   3 3
156 343 4   0 0   1 1   2 2   3 3
156 365 4   0 0   1 1   2 2   3 3
156 255 4   0 0   1 1   2 2   3 3
157 320 4   0 0   1 1   2 2   3 3
157 376 4   0 0   1 1   2 2   3 3
157 249 4   0 0   1 1   2 2   3 3
158 210 4   0 0   1 1   2 2   3 3
158 295 4   0 0   1 1   2 2   3 3
158 247 4   0 0   1 1   2 2   3 3
161 307 4   0 0   1 1   2 2   3 3
161 228 4   0 0   1 1   2 2   3 3
161 266 4   0 0   1 1   2 2   3 3
161 366 4   0 0   1 1   2 2   3 3
162 259 4   0 0   1 1   2 2   3 3
162 311 4   0 0   1 1   2 2   3 3
162 200 4   0 0   1 1   2 2   3 3
162 316 4   0 0   1 1   2 2   3 3
163 243 4   0 0   1 1   2 2   3 3
163 312 4   0 0   1 1   2 2   3 3
163 187 4   0 0   1 1   2 2   3 3
163 238 4   0 0   1 1   2 2   3 3
164 313 4   0 0   1 1   2 2   3 3
164 285 4   0 0   1 1   2 2   3 3
165 224 4   0 0   1 1   2 2   3 3
165 338 4   0 0   1 1   2 2   3 3
165 296 4   0 0   1 1   2 2   3 3
165 188 4   0 0   1 1   2 2   3 3
166 180 4   0 0   1 1   2 2   3 3
166 293 4   0 0   1 1   2 2   3 3
166 201 4   0 0   1 1   2 2   3 3
166 250 4   0 0   1 1   2 2   3 3
167 214 4   0 0   1 1   2 2   3 3
167 263 4   0 0   1 1   2 2   3 3
167 360 4   0 0   1 1   2 2   3 3
167 218 4   0 0   1 1   2 2   3 3
167 252 4   0 0   1 1   2 2   3 3
167 348 4   0 0   1 1   2 2   3 3
167 204 4   0 0   1 1   2 2   3 3
168 209 4   0 0   1 1   2 2   3 3
168 218 4   0 0   1 1   2 2   3 3
168 348 4   0 0   1 1   2 2   3 3
168 206 4   0 0   1 1   2 2   3 3
168 286 4   0 0   1 1   2 2   3 3
169 240 4   0 0   1 1   2 2   3 3
169 324 4   0 0   1 1   2 2   3 3
169 197 4   0 0   1 1   2 2   3 3
170 372 4   0 0   1 1   2 2   3 3
170 213 4   0 0   1 1   2 2   3 3
170 175 4   0 0   1 1   2 2   3 3
171 208 4   0 0   1 1   2 2   3 3
171 318 4   0 0   1 1   2 2   3 3
171 303 4   0 0   1 1   2 2   3 3
172 328 4   0 0   1 1   2 2   3 3
173 192 4   0 0   1 1   2 2   3 3
173 236 4   0 0   1 1   2 2   3 3
174 241 4   0 0   1 1   2 2   3 3
174 370 4   0 0   1 1   2 2   3 3
174 332 4   0 0   1 1   2 2   3 3
175 372 4   0 0   1 1   2 2   3 3
175 213 4   0 0   1 1   2 2   3 3
175 186 4   0 0   1 1   2 2   3 3
175 266 4   0 0   1 1   2 2   3 3
175 351 4   0 0   1 1   2 2   3 3
176 274 4   0 0   1 1   2 2   3 3
176 356 4   0 0   1 1   2 2   3 3
176 262 4   0 0   1 1   2 2   3 3
176 319 4   0 0   1 1   2 2   3 3
177 228 4   0 0   1 1   2 2   3 3
177 341 4   0 0   1 1   2 2   3 3
177 311 4   0 0   1 1   2 2   3 3
177 366 4   0 0   1 1   2 2   3 3
178 210 4   0 0   1 1   2 2   3 3
178 295 4   0 0   1 1   2 2   3 3
178 379 4   0 0   1 1   2 2   3 3
178 364 4   0 0   1 1   2 2   3 3
178 348 4   0 0   1 1   2 2   3 3
179 312 4   0 0   1 1   2 2   3 3
179 283 4   0 0   1 1   2 2   3 3
180 293 4   0 0   1 1   2 2   3 3
180 251 4   0 0   1 1   2 2   3 3
181 293 4   0 0   1 1   2 2   3 3
181 201 4   0 0   1 1   2 2   3 3
182 225 4   0 0   1 1   2 2   3 3
182 279 4   0 0   1 1   2 2   3 3
182 264 4   0 0   1 1   2 2   3 3
182 233 4   0 0   1 1   2 2   3 3
182 253 4   0 0   1 1   2 2   3 3
183 244 4   0 0   1 1   2 2   3 3
183 365 4   0 0   1 1   2 2   3 3
183 255 4   0 0   1 1   2 2   3 3
184 260 4   0 0   1 1   2 2   3 3
184 340 4   0 0   1 1   2 2   3 3
184 292 4   0 0   1 1   2 2   3 3
184 377 4   0 0   1 1   2 2   3 3
184 286 4   0 0   1 1   2 2   3 3
184 334 4   0 0   1 1   2 2   3 3
185 202 4   0 0   1 1   2 2   3 3
185 299 4   0 0   1 1   2 2   3 3
186 307 4   0 0   1 1   2 2   3 3
186 266 4   0 0   1 1   2 2   3 3
186 351 4   0 0   1 1   2 2   3 3
187 238 4   0 0   1 1   2 2   3 3
188 224 4   0 0   1 1   2 2   3 3
188 277 4   0 0   1 1   2 2   3 3
188 296 4   0 0   1 1   2 2   3 3
188 363 4   0 0   1 1   2 2   3 3
188 333 4   0 0   1 1   2 2   3 3
189 208 4   0 0   1 1   2 2   3 3
189 328 4   0 0   1 1   2 2   3 3
190 353 4   0 0   1 1   2 2   3 3
190 215 4   0 0   1 1   2 2   3 3
190 382 4   0 0   1 1   2 2   3 3
191 227 4   0 0   1 1   2 2   3 3
191 244 4   0 0   1 1   2 2   3 3
191 237 4   0 0   1 1   2 2   3 3
192 196 4   0 0   1 1   2 2   3 3
192 236 4   0 0   1 1   2 2   3 3
192 222 4   0 0   1 1   2 2   3 3
193 211 4   0 0   1 1   2 2   3 3
193 312 4   0 0   1 1   2 2   3 3
193 297 4   0 0   1 1   2 2   3 3
194 242 4   0 0   1 1   2 2   3 3
194 243 4   0 0   1 1   2 2   3 3
194 275 4   0 0   1 1   2 2   3 3
194 265 4   0 0   1 1   2 2   3 3
194 361 4   0 0   1 1   2 2   3 3
195 289 4   0 0   1 1   2 2   3 3
195 357 4   0 0   1 1   2 2   3 3
195 236 4   0 0   1 1   2 2   3 3
196 245 4   0 0   1 1   2 2   3 3
196 280 4   0 0   1 1   2 2   3 3
196 222 4   0 0   1 1   2 2   3 3
197 272 4   0 0   1 1   2 2   3 3
197 212 4   0 0   1 1   2 2   3 3
197 376 4   0 0   1 1   2 2   3 3
198 263 4   0 0   1 1   2 2   3 3
198 231 4   0 0   1 1   2 2   3 3
198 380 4   0 0   1 1   2 2   3 3
199 356 4   0 0   1 1   2 2   3 3
199 325 4   0 0   1 1   2 2   3 3
200 362 4   0 0   1 1   2 2   3 3
201 373 4   0 0   1 1   2 2   3 3
201 293 4   0 0   1 1   2 2   3 3
201 250 4   0 0   1 1   2 2   3 3
202 299 4   0 0   1 1   2 2   3 3
203 257 4   0 0   1 1   2 2   3 3
203 306 4   0 0   1 1   2 2   3 3
203 319 4   0 0   1 1   2 2   3 3
204 322 4   0 0   1 1   2 2   3 3
204 214 4   0 0   1 1   2 2   3 3
204 218 4   0 0   1 1   2 2   3 3
204 235 4   0 0   1 1   2 2   3 3
205 283 4   0 0   1 1   2 2   3 3
205 271 4   0 0   1 1   2 2   3 3
206 273 4   0 0   1 1   2 2   3 3
206 353 4   0 0   1 1   2 2   3 3
206 218 4   0 0   1 1   2 2   3 3
206 235 4   0 0   1 1   2 2   3 3
206 286 4   0 0   1 1   2 2   3 3
207 290 4   0 0   1 1   2 2   3 3
207 373 4   0 0   1 1   2 2   3 3
207 250 4   0 0   1 1   2 2   3 3
207 285 4   0 0   1 1   2 2   3 3
207 381 4   0 0   1 1   2 2   3 3
208 287 4   0 0   1 1   2 2   3 3
210 295 4   0 0   1 1   2 2   3 3
210 379 4   0 0   1 1   2 2   3 3
211 275 4   0 0   1 1   2 2   3 3
211 312 4   0 0   1 1   2 2   3 3
212 272 4   0 0   1 1   2 2   3 3
212 294 4   0 0   1 1   2 2   3 3
212 285 4   0 0   1 1   2 2   3 3
213 351 4   0 0   1 1   2 2   3 3
214 263 4   0 0   1 1   2 2   3 3
215 304 4   0 0   1 1   2 2   3 3
215 353 4   0 0   1 1   2 2   3 3
217 322 4   0 0   1 1   2 2   3 3
217 329 4   0 0   1 1   2 2   3 3
217 298 4   0 0   1 1   2 2   3 3
217 380 4   0 0   1 1   2 2   3 3
217 303 4   0 0   1 1   2 2   3 3
218 235 4   0 0   1 1   2 2   3 3
219 370 4   0 0   1 1   2 2   3 3
219 326 4   0 0   1 1   2 2   3 3
219 221 4   0 0   1 1   2 2   3 3
220 288 4   0 0   1 1   2 2   3 3
220 368 4   0 0   1 1   2 2   3 3
220 305 4   0 0   1 1   2 2   3 3
220 339 4   0 0   1 1   2 2   3 3
220 296 4   0 0   1 1   2 2   3 3
220 314 4   0 0   1 1   2 2   3 3
222 245 4   0 0   1 1   2 2   3 3
223 262 4   0 0   1 1   2 2   3 3
223 377 4   0 0   1 1   2 2   3 3
223 286 4   0 0   1 1   2 2   3 3
224 338 4   0 0   1 1   2 2   3 3
224 277 4   0 0   1 1   2 2   3 3
224 268 4   0 0   1 1   2 2   3 3
224 381 4   0 0   1 1   2 2   3 3
225 336 4   0 0   1 1   2 2   3 3
225 233 4   0 0   1 1   2 2   3 3
225 253 4   0 0   1 1   2 2   3 3
225 335 4   0 0   1 1   2 2   3 3
226 342 4   0 0   1 1   2 2   3 3
226 232 4   0 0   1 1   2 2   3 3
226 280 4   0 0   1 1   2 2   3 3
227 276 4   0 0   1 1   2 2   3 3
227 244 4   0 0   1 1   2 2   3 3
228 307 4   0 0   1 1   2 2   3 3
228 366 4   0 0   1 1   2 2   3 3
229 271 4   0 0   1 1   2 2   3 3
231 352 4   0 0   1 1   2 2   3 3
231 323 4   0 0   1 1   2 2   3 3
231 263 4   0 0   1 1   2 2   3 3
231 380 4   0 0   1 1   2 2   3 3
232 280 4   0 0   1 1   2 2   3 3
233 336 4   0 0   1 1   2 2   3 3
234 248 4   0 0   1 1   2 2   3 3
234 269 4   0 0   1 1   2 2   3 3
234 302 4   0 0   1 1   2 2   3 3
235 353 4   0 0   1 1   2 2   3 3
235 382 4   0 0   1 1   2 2   3 3
237 344 4   0 0   1 1   2 2   3 3
239 375 4   0 0   1 1   2 2   3 3
239 365 4   0 0   1 1   2 2   3 3
239 367 4   0 0   1 1   2 2   3 3
240 281 4   0 0   1 1   2 2   3 3
241 298 4   0 0   1 1   2 2   3 3
241 332 4   0 0   1 1   2 2   3 3
241 287 4   0 0   1 1   2 2   3 3
242 243 4   0 0   1 1   2 2   3 3
243 312 4   0 0   1 1   2 2   3 3
244 255 4   0 0   1 1   2 2   3 3
245 342 4   0 0   1 1   2 2   3 3
245 280 4   0 0   1 1   2 2   3 3
246 306 4   0 0   1 1   2 2   3 3
246 364 4   0 0   1 1   2 2   3 3
248 276 4   0 0   1 1   2 2   3 3
248 269 4   0 0   1 1   2 2   3 3
249 320 4   0 0   1 1   2 2   3 3
249 269 4   0 0   1 1   2 2   3 3
249 350 4   0 0   1 1   2 2   3 3
249 302 4   0 0   1 1   2 2   3 3
250 373 4   0 0   1 1   2 2   3 3
252 263 4   0 0   1 1   2 2   3 3
252 360 4   0 0   1 1   2 2   3 3
253 335 4   0 0   1 1   2 2   3 3
254 314 4   0 0   1 1   2 2   3 3
254 284 4   0 0   1 1   2 2   3 3
257 371 4   0 0   1 1   2 2   3 3
257 261 4   0 0   1 1   2 2   3 3
257 344 4   0 0   1 1   2 2   3 3
257 315 4   0 0   1 1   2 2   3 3
258 324 4   0 0   1 1   2 2   3 3
258 277 4   0 0   1 1   2 2   3 3
258 333 4   0 0   1 1   2 2   3 3
259 337 4   0 0   1 1   2 2   3 3
259 311 4   0 0   1 1   2 2   3 3
260 273 4   0 0   1 1   2 2   3 3
260 354 4   0 0   1 1   2 2   3 3
260 330 4   0 0   1 1   2 2   3 3
260 286 4   0 0   1 1   2 2   3 3
260 334 4   0 0   1 1   2 2   3 3
261 315 4   0 0   1 1   2 2   3 3
262 377 4   0 0   1 1   2 2   3 3
263 352 4   0 0   1 1   2 2   3 3
264 279 4   0 0   1 1   2 2   3 3
265 359 4   0 0   1 1   2 2   3 3
265 327 4   0 0   1 1   2 2   3 3
265 361 4   0 0   1 1   2 2   3 3
265 300 4   0 0   1 1   2 2   3 3
266 307 4   0 0   1 1   2 2   3 3
266 372 4   0 0   1 1   2 2   3 3
266 366 4   0 0   1 1   2 2   3 3
267 336 4   0 0   1 1   2 2   3 3
268 277 4   0 0   1 1   2 2   3 3
268 381 4   0 0   1 1   2 2   3 3
269 276 4   0 0   1 1   2 2   3 3
269 350 4   0 0   1 1   2 2   3 3
269 302 4   0 0   1 1   2 2   3 3
270 337 4   0 0   1 1   2 2   3 3
270 349 4   0 0   1 1   2 2   3 3
272 355 4   0 0   1 1   2 2   3 3
272 294 4   0 0   1 1   2 2   3 3
272 376 4   0 0   1 1   2 2   3 3
273 353 4   0 0   1 1   2 2   3 3
273 354 4   0 0   1 1   2 2   3 3
273 286 4   0 0   1 1   2 2   3 3
274 291 4   0 0   1 1   2 2   3 3
274 282 4   0 0   1 1   2 2   3 3
274 319 4   0 0   1 1   2 2   3 3
275 361 4   0 0   1 1   2 2   3 3
275 314 4   0 0   1 1   2 2   3 3
277 333 4   0 0   1 1   2 2   3 3
278 341 4   0 0   1 1   2 2   3 3
279 309 4   0 0   1 1   2 2   3 3
279 374 4   0 0   1 1   2 2   3 3
279 347 4   0 0   1 1   2 2   3 3
280 342 4   0 0   1 1   2 2   3 3
280 361 4   0 0   1 1   2 2   3 3
280 314 4   0 0   1 1   2 2   3 3
280 284 4   0 0   1 1   2 2   3 3
281 310 4   0 0   1 1   2 2   3 3
281 345 4   0 0   1 1   2 2   3 3
281 367 4   0 0   1 1   2 2   3 3
282 364 4   0 0   1 1   2 2   3 3
284 314 4   0 0   1 1   2 2   3 3
284 301 4   0 0   1 1   2 2   3 3
285 290 4   0 0   1 1   2 2   3 3
285 294 4   0 0   1 1   2 2   3 3
285 313 4   0 0   1 1   2 2   3 3
286 377 4   0 0   1 1   2 2   3 3
287 298 4   0 0   1 1   2 2   3 3
288 296 4   0 0   1 1   2 2   3 3
289 357 4   0 0   1 1   2 2   3 3
289 361 4   0 0   1 1   2 2   3 3
290 313 4   0 0   1 1   2 2   3 3
290 381 4   0 0   1 1   2 2   3 3
291 306 4   0 0   1 1   2 2   3 3
291 319 4   0 0   1 1   2 2   3 3
292 340 4   0 0   1 1   2 2   3 3
295 360 4   0 0   1 1   2 2   3 3
296 339 4   0 0   1 1   2 2   3 3
296 363 4   0 0   1 1   2 2   3 3
297 305 4   0 0   1 1   2 2   3 3
298 332 4   0 0   1 1   2 2   3 3
298 303 4   0 0   1 1   2 2   3 3
300 359 4   0 0   1 1   2 2   3 3
304 354 4   0 0   1 1   2 2   3 3
304 330 4   0 0   1 1   2 2   3 3
305 368 4   0 0   1 1   2 2   3 3
306 378 4   0 0   1 1   2 2   3 3
309 374 4   0 0   1 1   2 2   3 3
310 317 4   0 0   1 1   2 2   3 3
311 341 4   0 0   1 1   2 2   3 3
311 316 4   0 0   1 1   2 2   3 3
313 381 4   0 0   1 1   2 2   3 3
314 368 4   0 0   1 1   2 2   3 3
314 339 4   0 0   1 1   2 2   3 3
314 361 4   0 0   1 1   2 2   3 3
316 341 4   0 0   1 1   2 2   3 3
318 346 4   0 0   1 1   2 2   3 3
320 355 4   0 0   1 1   2 2   3 3
321 346 4   0 0   1 1   2 2   3 3
323 352 4   0 0   1 1   2 2   3 3
323 358 4   0 0   1 1   2 2   3 3
325 356 4   0 0   1 1   2 2   3 3
326 370 4   0 0   1 1   2 2   3 3
326 351 4   0 0   1 1   2 2   3 3
327 361 4   0 0   1 1   2 2   3 3
329 380 4   0 0   1 1   2 2   3 3
330 354 4   0 0   1 1   2 2   3 3
330 334 4   0 0   1 1   2 2   3 3
331 347 4   0 0   1 1   2 2   3 3
333 363 4   0 0   1 1   2 2   3 3
335 336 4   0 0   1 1   2 2   3 3
340 377 4   0 0   1 1   2 2   3 3
342 358 4   0 0   1 1   2 2   3 3
343 371 4   0 0   1 1   2 2   3 3
343 378 4   0 0   1 1   2 2   3 3
343 365 4   0 0   1 1   2 2   3 3
344 371 4   0 0   1 1   2 2   3 3
345 367 4   0 0   1 1   2 2   3 3
348 360 4   0 0   1 1   2 2   3 3
348 364 4   0 0   1 1   2 2   3 3
353 354 4   0 0   1 1   2 2   3 3
353 382 4   0 0   1 1   2 2   3 3
364 379 4   0 0   1 1   2 2   3 3
367 375 4   0 0   1 1   2 2   3 3
367 379 4   0 0   1 1   2 2   3 3
