376
1 4 0 1 2 3
2 4 0 1 2 3
3 4 0 1 2 3
4 4 0 1 2 3
5 4 0 1 2 3
6 4 0 1 2 3
7 4 0 1 2 3
8 4 0 1 2 3
9 4 0 1 2 3
10 4 0 1 2 3
11 4 0 1 2 3
12 4 0 1 2 3
13 4 0 1 2 3
14 4 0 1 2 3
15 4 0 1 2 3
16 4 0 1 2 3
17 4 0 1 2 3
18 4 0 1 2 3
19 4 0 1 2 3
20 4 0 1 2 3
21 4 0 1 2 3
22 4 0 1 2 3
23 4 0 1 2 3
24 4 0 1 2 3
25 4 0 1 2 3
26 4 0 1 2 3
27 4 0 1 2 3
28 4 0 1 2 3
29 4 0 1 2 3
30 4 0 1 2 3
31 4 0 1 2 3
32 4 0 1 2 3
33 4 0 1 2 3
34 4 0 1 2 3
35 4 0 1 2 3
36 4 0 1 2 3
37 4 0 1 2 3
38 4 0 1 2 3
39 4 0 1 2 3
40 4 0 1 2 3
41 4 0 1 2 3
42 4 0 1 2 3
43 4 0 1 2 3
44 4 0 1 2 3
45 4 0 1 2 3
46 4 0 1 2 3
47 4 0 1 2 3
48 4 0 1 2 3
49 4 0 1 2 3
50 4 0 1 2 3
51 4 0 1 2 3
52 4 0 1 2 3
53 4 0 1 2 3
54 4 0 1 2 3
55 4 0 1 2 3
56 4 0 1 2 3
57 4 0 1 2 3
58 4 0 1 2 3
59 4 0 1 2 3
60 4 0 1 2 3
61 4 0 1 2 3
62 4 0 1 2 3
63 4 0 1 2 3
64 4 0 1 2 3
65 4 0 1 2 3
66 4 0 1 2 3
67 4 0 1 2 3
68 4 0 1 2 3
69 4 0 1 2 3
70 4 0 1 2 3
71 4 0 1 2 3
72 4 0 1 2 3
73 4 0 1 2 3
74 4 0 1 2 3
75 4 0 1 2 3
76 4 0 1 2 3
77 4 0 1 2 3
78 4 0 1 2 3
79 4 0 1 2 3
80 4 0 1 2 3
81 4 0 1 2 3
82 4 0 1 2 3
83 4 0 1 2 3
84 4 0 1 2 3
85 4 0 1 2 3
86 4 0 1 2 3
87 4 0 1 2 3
88 4 0 1 2 3
89 4 0 1 2 3
90 4 0 1 2 3
91 4 0 1 2 3
92 4 0 1 2 3
93 4 0 1 2 3
94 4 0 1 2 3
95 4 0 1 2 3
96 4 0 1 2 3
97 4 0 1 2 3
98 4 0 1 2 3
99 4 0 1 2 3
100 4 0 1 2 3
101 4 0 1 2 3
102 4 0 1 2 3
103 4 0 1 2 3
104 4 0 1 2 3
105 4 0 1 2 3
106 4 0 1 2 3
107 4 0 1 2 3
108 4 0 1 2 3
109 4 0 1 2 3
110 4 0 1 2 3
111 4 0 1 2 3
112 4 0 1 2 3
113 4 0 1 2 3
114 4 0 1 2 3
115 4 0 1 2 3
116 4 0 1 2 3
117 4 0 1 2 3
118 4 0 1 2 3
119 4 0 1 2 3
120 4 0 1 2 3
121 4 0 1 2 3
122 4 0 1 2 3
123 4 0 1 2 3
124 4 0 1 2 3
125 4 0 1 2 3
126 4 0 1 2 3
127 4 0 1 2 3
128 4 0 1 2 3
129 4 0 1 2 3
130 4 0 1 2 3
131 4 0 1 2 3
132 4 0 1 2 3
133 4 0 1 2 3
134 4 0 1 2 3
135 4 0 1 2 3
136 4 0 1 2 3
137 4 0 1 2 3
138 4 0 1 2 3
139 4 0 1 2 3
140 4 0 1 2 3
141 4 0 1 2 3
142 4 0 1 2 3
143 4 0 1 2 3
144 4 0 1 2 3
145 4 0 1 2 3
146 4 0 1 2 3
147 4 0 1 2 3
148 4 0 1 2 3
149 4 0 1 2 3
150 4 0 1 2 3
151 4 0 1 2 3
152 4 0 1 2 3
153 4 0 1 2 3
154 4 0 1 2 3
155 4 0 1 2 3
156 4 0 1 2 3
157 4 0 1 2 3
158 4 0 1 2 3
159 4 0 1 2 3
160 4 0 1 2 3
161 4 0 1 2 3
162 4 0 1 2 3
163 4 0 1 2 3
164 4 0 1 2 3
165 4 0 1 2 3
166 4 0 1 2 3
167 4 0 1 2 3
168 4 0 1 2 3
169 4 0 1 2 3
170 4 0 1 2 3
171 4 0 1 2 3
172 4 0 1 2 3
173 4 0 1 2 3
174 4 0 1 2 3
175 4 0 1 2 3
176 4 0 1 2 3
177 4 0 1 2 3
178 4 0 1 2 3
179 4 0 1 2 3
180 4 0 1 2 3
181 4 0 1 2 3
182 4 0 1 2 3
183 4 0 1 2 3
184 4 0 1 2 3
185 4 0 1 2 3
186 4 0 1 2 3
187 4 0 1 2 3
188 4 0 1 2 3
189 4 0 1 2 3
190 4 0 1 2 3
191 4 0 1 2 3
192 4 0 1 2 3
193 4 0 1 2 3
194 4 0 1 2 3
195 4 0 1 2 3
196 4 0 1 2 3
197 4 0 1 2 3
198 4 0 1 2 3
199 4 0 1 2 3
200 4 0 1 2 3
201 4 0 1 2 3
202 4 0 1 2 3
203 4 0 1 2 3
204 4 0 1 2 3
205 4 0 1 2 3
206 4 0 1 2 3
207 4 0 1 2 3
208 4 0 1 2 3
209 4 0 1 2 3
210 4 0 1 2 3
211 4 0 1 2 3
212 4 0 1 2 3
213 4 0 1 2 3
214 4 0 1 2 3
215 4 0 1 2 3
216 4 0 1 2 3
217 4 0 1 2 3
218 4 0 1 2 3
219 4 0 1 2 3
220 4 0 1 2 3
221 4 0 1 2 3
222 4 0 1 2 3
223 4 0 1 2 3
224 4 0 1 2 3
225 4 0 1 2 3
226 4 0 1 2 3
227 4 0 1 2 3
228 4 0 1 2 3
229 4 0 1 2 3
230 4 0 1 2 3
231 4 0 1 2 3
232 4 0 1 2 3
233 4 0 1 2 3
234 4 0 1 2 3
235 4 0 1 2 3
236 4 0 1 2 3
237 4 0 1 2 3
238 4 0 1 2 3
239 4 0 1 2 3
240 4 0 1 2 3
241 4 0 1 2 3
242 4 0 1 2 3
243 4 0 1 2 3
244 4 0 1 2 3
245 4 0 1 2 3
246 4 0 1 2 3
247 4 0 1 2 3
248 4 0 1 2 3
249 4 0 1 2 3
250 4 0 1 2 3
251 4 0 1 2 3
252 4 0 1 2 3
253 4 0 1 2 3
254 4 0 1 2 3
255 4 0 1 2 3
256 4 0 1 2 3
257 4 0 1 2 3
258 4 0 1 2 3
259 4 0 1 2 3
260 4 0 1 2 3
261 4 0 1 2 3
262 4 0 1 2 3
263 4 0 1 2 3
264 4 0 1 2 3
265 4 0 1 2 3
266 4 0 1 2 3
267 4 0 1 2 3
268 4 0 1 2 3
269 4 0 1 2 3
270 4 0 1 2 3
271 4 0 1 2 3
272 4 0 1 2 3
273 4 0 1 2 3
274 4 0 1 2 3
275 4 0 1 2 3
276 4 0 1 2 3
277 4 0 1 2 3
278 4 0 1 2 3
279 4 0 1 2 3
280 4 0 1 2 3
281 4 0 1 2 3
282 4 0 1 2 3
283 4 0 1 2 3
284 4 0 1 2 3
285 4 0 1 2 3
286 4 0 1 2 3
287 4 0 1 2 3
288 4 0 1 2 3
289 4 0 1 2 3
290 4 0 1 2 3
291 4 0 1 2 3
292 4 0 1 2 3
293 4 0 1 2 3
294 4 0 1 2 3
295 4 0 1 2 3
296 4 0 1 2 3
297 4 0 1 2 3
298 4 0 1 2 3
299 4 0 1 2 3
300 4 0 1 2 3
301 4 0 1 2 3
302 4 0 1 2 3
303 4 0 1 2 3
304 4 0 1 2 3
305 4 0 1 2 3
306 4 0 1 2 3
307 4 0 1 2 3
308 4 0 1 2 3
309 4 0 1 2 3
310 4 0 1 2 3
311 4 0 1 2 3
312 4 0 1 2 3
313 4 0 1 2 3
314 4 0 1 2 3
315 4 0 1 2 3
316 4 0 1 2 3
317 4 0 1 2 3
318 4 0 1 2 3
319 4 0 1 2 3
320 4 0 1 2 3
321 4 0 1 2 3
322 4 0 1 2 3
323 4 0 1 2 3
324 4 0 1 2 3
325 4 0 1 2 3
326 4 0 1 2 3
327 4 0 1 2 3
328 4 0 1 2 3
329 4 0 1 2 3
330 4 0 1 2 3
331 4 0 1 2 3
332 4 0 1 2 3
333 4 0 1 2 3
334 4 0 1 2 3
335 4 0 1 2 3
336 4 0 1 2 3
337 4 0 1 2 3
338 4 0 1 2 3
339 4 0 1 2 3
340 4 0 1 2 3
341 4 0 1 2 3
342 4 0 1 2 3
343 4 0 1 2 3
344 4 0 1 2 3
345 4 0 1 2 3
346 4 0 1 2 3
347 4 0 1 2 3
348 4 0 1 2 3
349 4 0 1 2 3
350 4 0 1 2 3
351 4 0 1 2 3
352 4 0 1 2 3
353 4 0 1 2 3
354 4 0 1 2 3
355 4 0 1 2 3
356 4 0 1 2 3
357 4 0 1 2 3
358 4 0 1 2 3
359 4 0 1 2 3
360 4 0 1 2 3
361 4 0 1 2 3
362 4 0 1 2 3
363 4 0 1 2 3
364 4 0 1 2 3
365 4 0 1 2 3
366 4 0 1 2 3
367 4 0 1 2 3
368 4 0 1 2 3
369 4 0 1 2 3
370 4 0 1 2 3
371 4 0 1 2 3
372 4 0 1 2 3
373 4 0 1 2 3
374 4 0 1 2 3
375 4 0 1 2 3
376 4 0 1 2 3
1053
1 288 4   0 0   1 1   2 2   3 3
1 18 4   0 0   1 1   2 2   3 3
1 339 4   0 0   1 1   2 2   3 3
1 215 4   0 0   1 1   2 2   3 3
1 298 4   0 0   1 1   2 2   3 3
1 285 4   0 0   1 1   2 2   3 3
2 112 4   0 0   1 1   2 2   3 3
2 261 4   0 0   1 1   2 2   3 3
2 375 4   0 0   1 1   2 2   3 3
2 360 4   0 0   1 1   2 2   3 3
3 275 4   0 0   1 1   2 2   3 3
3 279 4   0 0   1 1   2 2   3 3
3 347 4   0 0   1 1   2 2   3 3
3 91 4   0 0   1 1   2 2   3 3
3 203 4   0 0   1 1   2 2   3 3
3 123 4   0 0   1 1   2 2   3 3
4 257 4   0 0   1 1   2 2   3 3
4 244 4   0 0   1 1   2 2   3 3
4 87 4   0 0   1 1   2 2   3 3
4 375 4   0 0   1 1   2 2   3 3
4 360 4   0 0   1 1   2 2   3 3
4 345 4   0 0   1 1   2 2   3 3
4 95 4   0 0   1 1   2 2   3 3
5 51 4   0 0   1 1   2 2   3 3
5 374 4   0 0   1 1   2 2   3 3
5 77 4   0 0   1 1   2 2   3 3
5 157 4   0 0   1 1   2 2   3 3
5 207 4   0 0   1 1   2 2   3 3
6 43 4   0 0   1 1   2 2   3 3
6 29 4   0 0   1 1   2 2   3 3
6 333 4   0 0   1 1   2 2   3 3
7 196 4   0 0   1 1   2 2   3 3
7 260 4   0 0   1 1   2 2   3 3
7 117 4   0 0   1 1   2 2   3 3
7 101 4   0 0   1 1   2 2   3 3
7 314 4   0 0   1 1   2 2   3 3
7 154 4   0 0   1 1   2 2   3 3
8 353 4   0 0   1 1   2 2   3 3
8 357 4   0 0   1 1   2 2   3 3
8 103 4   0 0   1 1   2 2   3 3
8 41 4   0 0   1 1   2 2   3 3
8 123 4   0 0   1 1   2 2   3 3
8 91 4   0 0   1 1   2 2   3 3
8 142 4   0 0   1 1   2 2   3 3
8 15 4   0 0   1 1   2 2   3 3
8 111 4   0 0   1 1   2 2   3 3
9 290 4   0 0   1 1   2 2   3 3
9 118 4   0 0   1 1   2 2   3 3
9 38 4   0 0   1 1   2 2   3 3
9 173 4   0 0   1 1   2 2   3 3
9 286 4   0 0   1 1   2 2   3 3
10 265 4   0 0   1 1   2 2   3 3
10 282 4   0 0   1 1   2 2   3 3
10 363 4   0 0   1 1   2 2   3 3
10 187 4   0 0   1 1   2 2   3 3
10 283 4   0 0   1 1   2 2   3 3
11 228 4   0 0   1 1   2 2   3 3
11 38 4   0 0   1 1   2 2   3 3
11 58 4   0 0   1 1   2 2   3 3
11 251 4   0 0   1 1   2 2   3 3
11 220 4   0 0   1 1   2 2   3 3
11 173 4   0 0   1 1   2 2   3 3
11 125 4   0 0   1 1   2 2   3 3
12 211 4   0 0   1 1   2 2   3 3
12 264 4   0 0   1 1   2 2   3 3
12 43 4   0 0   1 1   2 2   3 3
12 252 4   0 0   1 1   2 2   3 3
12 174 4   0 0   1 1   2 2   3 3
12 14 4   0 0   1 1   2 2   3 3
13 100 4   0 0   1 1   2 2   3 3
13 133 4   0 0   1 1   2 2   3 3
13 279 4   0 0   1 1   2 2   3 3
13 270 4   0 0   1 1   2 2   3 3
14 211 4   0 0   1 1   2 2   3 3
14 252 4   0 0   1 1   2 2   3 3
14 317 4   0 0   1 1   2 2   3 3
14 238 4   0 0   1 1   2 2   3 3
15 65 4   0 0   1 1   2 2   3 3
15 52 4   0 0   1 1   2 2   3 3
15 41 4   0 0   1 1   2 2   3 3
15 123 4   0 0   1 1   2 2   3 3
15 204 4   0 0   1 1   2 2   3 3
15 237 4   0 0   1 1   2 2   3 3
15 222 4   0 0   1 1   2 2   3 3
16 291 4   0 0   1 1   2 2   3 3
16 297 4   0 0   1 1   2 2   3 3
16 170 4   0 0   1 1   2 2   3 3
16 28 4   0 0   1 1   2 2   3 3
17 246 4   0 0   1 1   2 2   3 3
17 106 4   0 0   1 1   2 2   3 3
17 26 4   0 0   1 1   2 2   3 3
17 284 4   0 0   1 1   2 2   3 3
18 48 4   0 0   1 1   2 2   3 3
18 339 4   0 0   1 1   2 2   3 3
18 215 4   0 0   1 1   2 2   3 3
18 25 4   0 0   1 1   2 2   3 3
19 208 4   0 0   1 1   2 2   3 3
19 352 4   0 0   1 1   2 2   3 3
19 322 4   0 0   1 1   2 2   3 3
19 211 4   0 0   1 1   2 2   3 3
19 340 4   0 0   1 1   2 2   3 3
19 341 4   0 0   1 1   2 2   3 3
19 43 4   0 0   1 1   2 2   3 3
19 188 4   0 0   1 1   2 2   3 3
19 189 4   0 0   1 1   2 2   3 3
19 30 4   0 0   1 1   2 2   3 3
20 144 4   0 0   1 1   2 2   3 3
20 48 4   0 0   1 1   2 2   3 3
20 241 4   0 0   1 1   2 2   3 3
20 276 4   0 0   1 1   2 2   3 3
20 373 4   0 0   1 1   2 2   3 3
20 357 4   0 0   1 1   2 2   3 3
20 247 4   0 0   1 1   2 2   3 3
20 138 4   0 0   1 1   2 2   3 3
20 75 4   0 0   1 1   2 2   3 3
21 290 4   0 0   1 1   2 2   3 3
21 69 4   0 0   1 1   2 2   3 3
21 118 4   0 0   1 1   2 2   3 3
22 338 4   0 0   1 1   2 2   3 3
22 165 4   0 0   1 1   2 2   3 3
22 182 4   0 0   1 1   2 2   3 3
22 218 4   0 0   1 1   2 2   3 3
22 90 4   0 0   1 1   2 2   3 3
22 171 4   0 0   1 1   2 2   3 3
22 140 4   0 0   1 1   2 2   3 3
23 293 4   0 0   1 1   2 2   3 3
23 310 4   0 0   1 1   2 2   3 3
23 376 4   0 0   1 1   2 2   3 3
23 365 4   0 0   1 1   2 2   3 3
23 221 4   0 0   1 1   2 2   3 3
23 205 4   0 0   1 1   2 2   3 3
24 80 4   0 0   1 1   2 2   3 3
24 193 4   0 0   1 1   2 2   3 3
24 355 4   0 0   1 1   2 2   3 3
24 70 4   0 0   1 1   2 2   3 3
24 39 4   0 0   1 1   2 2   3 3
24 285 4   0 0   1 1   2 2   3 3
25 48 4   0 0   1 1   2 2   3 3
25 305 4   0 0   1 1   2 2   3 3
25 339 4   0 0   1 1   2 2   3 3
25 358 4   0 0   1 1   2 2   3 3
25 105 4   0 0   1 1   2 2   3 3
25 138 4   0 0   1 1   2 2   3 3
25 141 4   0 0   1 1   2 2   3 3
26 320 4   0 0   1 1   2 2   3 3
26 240 4   0 0   1 1   2 2   3 3
26 246 4   0 0   1 1   2 2   3 3
26 263 4   0 0   1 1   2 2   3 3
26 106 4   0 0   1 1   2 2   3 3
26 124 4   0 0   1 1   2 2   3 3
27 369 4   0 0   1 1   2 2   3 3
27 322 4   0 0   1 1   2 2   3 3
27 56 4   0 0   1 1   2 2   3 3
27 188 4   0 0   1 1   2 2   3 3
28 291 4   0 0   1 1   2 2   3 3
28 297 4   0 0   1 1   2 2   3 3
28 126 4   0 0   1 1   2 2   3 3
29 321 4   0 0   1 1   2 2   3 3
29 43 4   0 0   1 1   2 2   3 3
29 333 4   0 0   1 1   2 2   3 3
30 208 4   0 0   1 1   2 2   3 3
30 211 4   0 0   1 1   2 2   3 3
30 317 4   0 0   1 1   2 2   3 3
31 32 4   0 0   1 1   2 2   3 3
31 370 4   0 0   1 1   2 2   3 3
31 195 4   0 0   1 1   2 2   3 3
31 331 4   0 0   1 1   2 2   3 3
31 267 4   0 0   1 1   2 2   3 3
31 206 4   0 0   1 1   2 2   3 3
31 239 4   0 0   1 1   2 2   3 3
32 372 4   0 0   1 1   2 2   3 3
32 71 4   0 0   1 1   2 2   3 3
32 248 4   0 0   1 1   2 2   3 3
32 249 4   0 0   1 1   2 2   3 3
32 202 4   0 0   1 1   2 2   3 3
32 267 4   0 0   1 1   2 2   3 3
32 94 4   0 0   1 1   2 2   3 3
32 239 4   0 0   1 1   2 2   3 3
33 210 4   0 0   1 1   2 2   3 3
33 356 4   0 0   1 1   2 2   3 3
33 134 4   0 0   1 1   2 2   3 3
33 199 4   0 0   1 1   2 2   3 3
33 74 4   0 0   1 1   2 2   3 3
33 93 4   0 0   1 1   2 2   3 3
33 47 4   0 0   1 1   2 2   3 3
34 192 4   0 0   1 1   2 2   3 3
34 194 4   0 0   1 1   2 2   3 3
34 212 4   0 0   1 1   2 2   3 3
34 183 4   0 0   1 1   2 2   3 3
35 68 4   0 0   1 1   2 2   3 3
35 228 4   0 0   1 1   2 2   3 3
35 117 4   0 0   1 1   2 2   3 3
35 230 4   0 0   1 1   2 2   3 3
35 168 4   0 0   1 1   2 2   3 3
35 153 4   0 0   1 1   2 2   3 3
35 316 4   0 0   1 1   2 2   3 3
36 96 4   0 0   1 1   2 2   3 3
36 161 4   0 0   1 1   2 2   3 3
36 264 4   0 0   1 1   2 2   3 3
36 330 4   0 0   1 1   2 2   3 3
36 235 4   0 0   1 1   2 2   3 3
36 46 4   0 0   1 1   2 2   3 3
37 180 4   0 0   1 1   2 2   3 3
37 326 4   0 0   1 1   2 2   3 3
37 119 4   0 0   1 1   2 2   3 3
37 110 4   0 0   1 1   2 2   3 3
37 191 4   0 0   1 1   2 2   3 3
37 255 4   0 0   1 1   2 2   3 3
38 228 4   0 0   1 1   2 2   3 3
38 118 4   0 0   1 1   2 2   3 3
38 55 4   0 0   1 1   2 2   3 3
38 173 4   0 0   1 1   2 2   3 3
39 80 4   0 0   1 1   2 2   3 3
39 285 4   0 0   1 1   2 2   3 3
40 337 4   0 0   1 1   2 2   3 3
40 213 4   0 0   1 1   2 2   3 3
40 103 4   0 0   1 1   2 2   3 3
40 120 4   0 0   1 1   2 2   3 3
40 313 4   0 0   1 1   2 2   3 3
40 186 4   0 0   1 1   2 2   3 3
40 203 4   0 0   1 1   2 2   3 3
40 91 4   0 0   1 1   2 2   3 3
41 65 4   0 0   1 1   2 2   3 3
41 142 4   0 0   1 1   2 2   3 3
42 320 4   0 0   1 1   2 2   3 3
42 97 4   0 0   1 1   2 2   3 3
42 244 4   0 0   1 1   2 2   3 3
42 150 4   0 0   1 1   2 2   3 3
42 217 4   0 0   1 1   2 2   3 3
42 345 4   0 0   1 1   2 2   3 3
42 124 4   0 0   1 1   2 2   3 3
43 321 4   0 0   1 1   2 2   3 3
43 211 4   0 0   1 1   2 2   3 3
43 73 4   0 0   1 1   2 2   3 3
43 174 4   0 0   1 1   2 2   3 3
44 256 4   0 0   1 1   2 2   3 3
44 224 4   0 0   1 1   2 2   3 3
44 80 4   0 0   1 1   2 2   3 3
44 162 4   0 0   1 1   2 2   3 3
44 262 4   0 0   1 1   2 2   3 3
44 88 4   0 0   1 1   2 2   3 3
44 344 4   0 0   1 1   2 2   3 3
44 74 4   0 0   1 1   2 2   3 3
44 47 4   0 0   1 1   2 2   3 3
45 64 4   0 0   1 1   2 2   3 3
45 113 4   0 0   1 1   2 2   3 3
45 179 4   0 0   1 1   2 2   3 3
45 132 4   0 0   1 1   2 2   3 3
45 104 4   0 0   1 1   2 2   3 3
45 121 4   0 0   1 1   2 2   3 3
45 218 4   0 0   1 1   2 2   3 3
46 96 4   0 0   1 1   2 2   3 3
46 116 4   0 0   1 1   2 2   3 3
46 235 4   0 0   1 1   2 2   3 3
47 80 4   0 0   1 1   2 2   3 3
47 355 4   0 0   1 1   2 2   3 3
47 199 4   0 0   1 1   2 2   3 3
47 74 4   0 0   1 1   2 2   3 3
48 241 4   0 0   1 1   2 2   3 3
48 162 4   0 0   1 1   2 2   3 3
48 215 4   0 0   1 1   2 2   3 3
48 138 4   0 0   1 1   2 2   3 3
48 236 4   0 0   1 1   2 2   3 3
49 116 4   0 0   1 1   2 2   3 3
49 231 4   0 0   1 1   2 2   3 3
49 169 4   0 0   1 1   2 2   3 3
49 286 4   0 0   1 1   2 2   3 3
50 208 4   0 0   1 1   2 2   3 3
50 145 4   0 0   1 1   2 2   3 3
50 168 4   0 0   1 1   2 2   3 3
50 58 4   0 0   1 1   2 2   3 3
50 251 4   0 0   1 1   2 2   3 3
50 318 4   0 0   1 1   2 2   3 3
50 143 4   0 0   1 1   2 2   3 3
51 336 4   0 0   1 1   2 2   3 3
51 258 4   0 0   1 1   2 2   3 3
51 89 4   0 0   1 1   2 2   3 3
51 77 4   0 0   1 1   2 2   3 3
51 157 4   0 0   1 1   2 2   3 3
52 196 4   0 0   1 1   2 2   3 3
52 154 4   0 0   1 1   2 2   3 3
52 204 4   0 0   1 1   2 2   3 3
52 221 4   0 0   1 1   2 2   3 3
52 205 4   0 0   1 1   2 2   3 3
52 222 4   0 0   1 1   2 2   3 3
53 202 4   0 0   1 1   2 2   3 3
53 267 4   0 0   1 1   2 2   3 3
53 79 4   0 0   1 1   2 2   3 3
54 354 4   0 0   1 1   2 2   3 3
54 85 4   0 0   1 1   2 2   3 3
54 239 4   0 0   1 1   2 2   3 3
55 228 4   0 0   1 1   2 2   3 3
55 117 4   0 0   1 1   2 2   3 3
55 69 4   0 0   1 1   2 2   3 3
55 118 4   0 0   1 1   2 2   3 3
55 316 4   0 0   1 1   2 2   3 3
56 257 4   0 0   1 1   2 2   3 3
56 369 4   0 0   1 1   2 2   3 3
56 214 4   0 0   1 1   2 2   3 3
56 87 4   0 0   1 1   2 2   3 3
56 188 4   0 0   1 1   2 2   3 3
57 225 4   0 0   1 1   2 2   3 3
58 99 4   0 0   1 1   2 2   3 3
58 251 4   0 0   1 1   2 2   3 3
58 125 4   0 0   1 1   2 2   3 3
58 238 4   0 0   1 1   2 2   3 3
58 143 4   0 0   1 1   2 2   3 3
59 295 4   0 0   1 1   2 2   3 3
59 155 4   0 0   1 1   2 2   3 3
59 61 4   0 0   1 1   2 2   3 3
59 78 4   0 0   1 1   2 2   3 3
59 63 4   0 0   1 1   2 2   3 3
60 274 4   0 0   1 1   2 2   3 3
60 148 4   0 0   1 1   2 2   3 3
60 102 4   0 0   1 1   2 2   3 3
60 315 4   0 0   1 1   2 2   3 3
60 335 4   0 0   1 1   2 2   3 3
60 191 4   0 0   1 1   2 2   3 3
61 98 4   0 0   1 1   2 2   3 3
61 306 4   0 0   1 1   2 2   3 3
61 245 4   0 0   1 1   2 2   3 3
61 155 4   0 0   1 1   2 2   3 3
61 78 4   0 0   1 1   2 2   3 3
62 241 4   0 0   1 1   2 2   3 3
62 226 4   0 0   1 1   2 2   3 3
62 247 4   0 0   1 1   2 2   3 3
62 126 4   0 0   1 1   2 2   3 3
63 295 4   0 0   1 1   2 2   3 3
63 76 4   0 0   1 1   2 2   3 3
63 78 4   0 0   1 1   2 2   3 3
64 132 4   0 0   1 1   2 2   3 3
64 104 4   0 0   1 1   2 2   3 3
64 281 4   0 0   1 1   2 2   3 3
64 139 4   0 0   1 1   2 2   3 3
64 156 4   0 0   1 1   2 2   3 3
65 130 4   0 0   1 1   2 2   3 3
65 292 4   0 0   1 1   2 2   3 3
65 373 4   0 0   1 1   2 2   3 3
65 75 4   0 0   1 1   2 2   3 3
65 237 4   0 0   1 1   2 2   3 3
65 142 4   0 0   1 1   2 2   3 3
66 242 4   0 0   1 1   2 2   3 3
66 179 4   0 0   1 1   2 2   3 3
66 132 4   0 0   1 1   2 2   3 3
66 200 4   0 0   1 1   2 2   3 3
66 253 4   0 0   1 1   2 2   3 3
67 135 4   0 0   1 1   2 2   3 3
67 265 4   0 0   1 1   2 2   3 3
67 362 4   0 0   1 1   2 2   3 3
67 283 4   0 0   1 1   2 2   3 3
67 140 4   0 0   1 1   2 2   3 3
67 268 4   0 0   1 1   2 2   3 3
67 109 4   0 0   1 1   2 2   3 3
68 117 4   0 0   1 1   2 2   3 3
68 316 4   0 0   1 1   2 2   3 3
69 118 4   0 0   1 1   2 2   3 3
70 193 4   0 0   1 1   2 2   3 3
70 312 4   0 0   1 1   2 2   3 3
70 282 4   0 0   1 1   2 2   3 3
70 285 4   0 0   1 1   2 2   3 3
70 158 4   0 0   1 1   2 2   3 3
71 372 4   0 0   1 1   2 2   3 3
71 149 4   0 0   1 1   2 2   3 3
71 248 4   0 0   1 1   2 2   3 3
71 234 4   0 0   1 1   2 2   3 3
71 302 4   0 0   1 1   2 2   3 3
72 309 4   0 0   1 1   2 2   3 3
72 134 4   0 0   1 1   2 2   3 3
72 122 4   0 0   1 1   2 2   3 3
72 187 4   0 0   1 1   2 2   3 3
72 283 4   0 0   1 1   2 2   3 3
72 300 4   0 0   1 1   2 2   3 3
72 268 4   0 0   1 1   2 2   3 3
73 321 4   0 0   1 1   2 2   3 3
73 189 4   0 0   1 1   2 2   3 3
73 333 4   0 0   1 1   2 2   3 3
74 163 4   0 0   1 1   2 2   3 3
74 324 4   0 0   1 1   2 2   3 3
74 356 4   0 0   1 1   2 2   3 3
74 344 4   0 0   1 1   2 2   3 3
75 144 4   0 0   1 1   2 2   3 3
75 243 4   0 0   1 1   2 2   3 3
75 292 4   0 0   1 1   2 2   3 3
75 373 4   0 0   1 1   2 2   3 3
75 185 4   0 0   1 1   2 2   3 3
75 299 4   0 0   1 1   2 2   3 3
76 353 4   0 0   1 1   2 2   3 3
76 295 4   0 0   1 1   2 2   3 3
76 216 4   0 0   1 1   2 2   3 3
76 364 4   0 0   1 1   2 2   3 3
76 78 4   0 0   1 1   2 2   3 3
77 258 4   0 0   1 1   2 2   3 3
77 245 4   0 0   1 1   2 2   3 3
77 374 4   0 0   1 1   2 2   3 3
77 349 4   0 0   1 1   2 2   3 3
78 226 4   0 0   1 1   2 2   3 3
78 98 4   0 0   1 1   2 2   3 3
78 364 4   0 0   1 1   2 2   3 3
78 172 4   0 0   1 1   2 2   3 3
79 336 4   0 0   1 1   2 2   3 3
79 82 4   0 0   1 1   2 2   3 3
79 232 4   0 0   1 1   2 2   3 3
79 202 4   0 0   1 1   2 2   3 3
79 267 4   0 0   1 1   2 2   3 3
79 157 4   0 0   1 1   2 2   3 3
80 355 4   0 0   1 1   2 2   3 3
80 88 4   0 0   1 1   2 2   3 3
80 285 4   0 0   1 1   2 2   3 3
81 309 4   0 0   1 1   2 2   3 3
81 326 4   0 0   1 1   2 2   3 3
81 119 4   0 0   1 1   2 2   3 3
81 122 4   0 0   1 1   2 2   3 3
81 348 4   0 0   1 1   2 2   3 3
81 319 4   0 0   1 1   2 2   3 3
82 232 4   0 0   1 1   2 2   3 3
82 267 4   0 0   1 1   2 2   3 3
82 350 4   0 0   1 1   2 2   3 3
83 179 4   0 0   1 1   2 2   3 3
83 227 4   0 0   1 1   2 2   3 3
83 311 4   0 0   1 1   2 2   3 3
83 184 4   0 0   1 1   2 2   3 3
83 121 4   0 0   1 1   2 2   3 3
83 269 4   0 0   1 1   2 2   3 3
84 288 4   0 0   1 1   2 2   3 3
84 305 4   0 0   1 1   2 2   3 3
84 261 4   0 0   1 1   2 2   3 3
84 360 4   0 0   1 1   2 2   3 3
84 312 4   0 0   1 1   2 2   3 3
84 105 4   0 0   1 1   2 2   3 3
84 298 4   0 0   1 1   2 2   3 3
85 354 4   0 0   1 1   2 2   3 3
85 372 4   0 0   1 1   2 2   3 3
85 266 4   0 0   1 1   2 2   3 3
85 301 4   0 0   1 1   2 2   3 3
85 239 4   0 0   1 1   2 2   3 3
86 128 4   0 0   1 1   2 2   3 3
86 145 4   0 0   1 1   2 2   3 3
86 369 4   0 0   1 1   2 2   3 3
86 214 4   0 0   1 1   2 2   3 3
86 153 4   0 0   1 1   2 2   3 3
86 332 4   0 0   1 1   2 2   3 3
86 190 4   0 0   1 1   2 2   3 3
87 257 4   0 0   1 1   2 2   3 3
87 214 4   0 0   1 1   2 2   3 3
87 95 4   0 0   1 1   2 2   3 3
88 162 4   0 0   1 1   2 2   3 3
88 285 4   0 0   1 1   2 2   3 3
89 336 4   0 0   1 1   2 2   3 3
89 258 4   0 0   1 1   2 2   3 3
90 325 4   0 0   1 1   2 2   3 3
90 182 4   0 0   1 1   2 2   3 3
90 250 4   0 0   1 1   2 2   3 3
90 171 4   0 0   1 1   2 2   3 3
91 103 4   0 0   1 1   2 2   3 3
91 123 4   0 0   1 1   2 2   3 3
91 203 4   0 0   1 1   2 2   3 3
92 128 4   0 0   1 1   2 2   3 3
92 141 4   0 0   1 1   2 2   3 3
92 366 4   0 0   1 1   2 2   3 3
92 334 4   0 0   1 1   2 2   3 3
93 210 4   0 0   1 1   2 2   3 3
93 307 4   0 0   1 1   2 2   3 3
93 195 4   0 0   1 1   2 2   3 3
93 356 4   0 0   1 1   2 2   3 3
93 197 4   0 0   1 1   2 2   3 3
93 137 4   0 0   1 1   2 2   3 3
94 278 4   0 0   1 1   2 2   3 3
94 248 4   0 0   1 1   2 2   3 3
94 249 4   0 0   1 1   2 2   3 3
94 302 4   0 0   1 1   2 2   3 3
95 305 4   0 0   1 1   2 2   3 3
95 214 4   0 0   1 1   2 2   3 3
95 360 4   0 0   1 1   2 2   3 3
96 161 4   0 0   1 1   2 2   3 3
96 116 4   0 0   1 1   2 2   3 3
96 231 4   0 0   1 1   2 2   3 3
96 235 4   0 0   1 1   2 2   3 3
97 341 4   0 0   1 1   2 2   3 3
97 150 4   0 0   1 1   2 2   3 3
97 217 4   0 0   1 1   2 2   3 3
97 189 4   0 0   1 1   2 2   3 3
98 245 4   0 0   1 1   2 2   3 3
98 342 4   0 0   1 1   2 2   3 3
98 151 4   0 0   1 1   2 2   3 3
98 172 4   0 0   1 1   2 2   3 3
99 317 4   0 0   1 1   2 2   3 3
99 238 4   0 0   1 1   2 2   3 3
99 143 4   0 0   1 1   2 2   3 3
100 133 4   0 0   1 1   2 2   3 3
100 279 4   0 0   1 1   2 2   3 3
100 120 4   0 0   1 1   2 2   3 3
100 203 4   0 0   1 1   2 2   3 3
101 260 4   0 0   1 1   2 2   3 3
101 117 4   0 0   1 1   2 2   3 3
101 181 4   0 0   1 1   2 2   3 3
101 343 4   0 0   1 1   2 2   3 3
102 274 4   0 0   1 1   2 2   3 3
102 212 4   0 0   1 1   2 2   3 3
102 110 4   0 0   1 1   2 2   3 3
102 191 4   0 0   1 1   2 2   3 3
102 367 4   0 0   1 1   2 2   3 3
103 213 4   0 0   1 1   2 2   3 3
103 216 4   0 0   1 1   2 2   3 3
103 111 4   0 0   1 1   2 2   3 3
104 113 4   0 0   1 1   2 2   3 3
104 164 4   0 0   1 1   2 2   3 3
104 156 4   0 0   1 1   2 2   3 3
105 288 4   0 0   1 1   2 2   3 3
105 305 4   0 0   1 1   2 2   3 3
105 339 4   0 0   1 1   2 2   3 3
106 263 4   0 0   1 1   2 2   3 3
106 284 4   0 0   1 1   2 2   3 3
107 368 4   0 0   1 1   2 2   3 3
107 192 4   0 0   1 1   2 2   3 3
107 194 4   0 0   1 1   2 2   3 3
107 109 4   0 0   1 1   2 2   3 3
107 254 4   0 0   1 1   2 2   3 3
108 256 4   0 0   1 1   2 2   3 3
108 291 4   0 0   1 1   2 2   3 3
108 342 4   0 0   1 1   2 2   3 3
108 151 4   0 0   1 1   2 2   3 3
108 170 4   0 0   1 1   2 2   3 3
108 207 4   0 0   1 1   2 2   3 3
109 368 4   0 0   1 1   2 2   3 3
109 272 4   0 0   1 1   2 2   3 3
109 296 4   0 0   1 1   2 2   3 3
109 362 4   0 0   1 1   2 2   3 3
109 122 4   0 0   1 1   2 2   3 3
109 268 4   0 0   1 1   2 2   3 3
109 254 4   0 0   1 1   2 2   3 3
110 212 4   0 0   1 1   2 2   3 3
110 191 4   0 0   1 1   2 2   3 3
110 255 4   0 0   1 1   2 2   3 3
111 353 4   0 0   1 1   2 2   3 3
111 216 4   0 0   1 1   2 2   3 3
112 209 4   0 0   1 1   2 2   3 3
112 261 4   0 0   1 1   2 2   3 3
112 375 4   0 0   1 1   2 2   3 3
112 359 4   0 0   1 1   2 2   3 3
112 312 4   0 0   1 1   2 2   3 3
112 136 4   0 0   1 1   2 2   3 3
113 164 4   0 0   1 1   2 2   3 3
113 165 4   0 0   1 1   2 2   3 3
113 265 4   0 0   1 1   2 2   3 3
113 218 4   0 0   1 1   2 2   3 3
113 140 4   0 0   1 1   2 2   3 3
114 229 4   0 0   1 1   2 2   3 3
114 295 4   0 0   1 1   2 2   3 3
114 186 4   0 0   1 1   2 2   3 3
114 346 4   0 0   1 1   2 2   3 3
114 155 4   0 0   1 1   2 2   3 3
115 304 4   0 0   1 1   2 2   3 3
115 337 4   0 0   1 1   2 2   3 3
115 308 4   0 0   1 1   2 2   3 3
115 133 4   0 0   1 1   2 2   3 3
115 313 4   0 0   1 1   2 2   3 3
116 231 4   0 0   1 1   2 2   3 3
117 181 4   0 0   1 1   2 2   3 3
117 230 4   0 0   1 1   2 2   3 3
117 314 4   0 0   1 1   2 2   3 3
117 316 4   0 0   1 1   2 2   3 3
118 290 4   0 0   1 1   2 2   3 3
119 180 4   0 0   1 1   2 2   3 3
119 326 4   0 0   1 1   2 2   3 3
119 319 4   0 0   1 1   2 2   3 3
120 337 4   0 0   1 1   2 2   3 3
120 308 4   0 0   1 1   2 2   3 3
120 133 4   0 0   1 1   2 2   3 3
120 203 4   0 0   1 1   2 2   3 3
121 179 4   0 0   1 1   2 2   3 3
121 227 4   0 0   1 1   2 2   3 3
121 218 4   0 0   1 1   2 2   3 3
122 309 4   0 0   1 1   2 2   3 3
122 326 4   0 0   1 1   2 2   3 3
122 296 4   0 0   1 1   2 2   3 3
122 268 4   0 0   1 1   2 2   3 3
123 275 4   0 0   1 1   2 2   3 3
123 222 4   0 0   1 1   2 2   3 3
124 320 4   0 0   1 1   2 2   3 3
124 150 4   0 0   1 1   2 2   3 3
124 263 4   0 0   1 1   2 2   3 3
125 294 4   0 0   1 1   2 2   3 3
125 169 4   0 0   1 1   2 2   3 3
125 220 4   0 0   1 1   2 2   3 3
125 286 4   0 0   1 1   2 2   3 3
125 238 4   0 0   1 1   2 2   3 3
126 226 4   0 0   1 1   2 2   3 3
126 291 4   0 0   1 1   2 2   3 3
126 297 4   0 0   1 1   2 2   3 3
127 371 4   0 0   1 1   2 2   3 3
127 372 4   0 0   1 1   2 2   3 3
127 234 4   0 0   1 1   2 2   3 3
128 214 4   0 0   1 1   2 2   3 3
128 332 4   0 0   1 1   2 2   3 3
128 366 4   0 0   1 1   2 2   3 3
128 334 4   0 0   1 1   2 2   3 3
129 320 4   0 0   1 1   2 2   3 3
129 240 4   0 0   1 1   2 2   3 3
129 147 4   0 0   1 1   2 2   3 3
129 375 4   0 0   1 1   2 2   3 3
129 359 4   0 0   1 1   2 2   3 3
129 328 4   0 0   1 1   2 2   3 3
129 139 4   0 0   1 1   2 2   3 3
130 243 4   0 0   1 1   2 2   3 3
130 292 4   0 0   1 1   2 2   3 3
130 166 4   0 0   1 1   2 2   3 3
130 204 4   0 0   1 1   2 2   3 3
130 237 4   0 0   1 1   2 2   3 3
131 144 4   0 0   1 1   2 2   3 3
131 167 4   0 0   1 1   2 2   3 3
131 185 4   0 0   1 1   2 2   3 3
131 138 4   0 0   1 1   2 2   3 3
132 179 4   0 0   1 1   2 2   3 3
132 200 4   0 0   1 1   2 2   3 3
132 281 4   0 0   1 1   2 2   3 3
133 308 4   0 0   1 1   2 2   3 3
133 270 4   0 0   1 1   2 2   3 3
134 193 4   0 0   1 1   2 2   3 3
134 210 4   0 0   1 1   2 2   3 3
134 355 4   0 0   1 1   2 2   3 3
134 199 4   0 0   1 1   2 2   3 3
134 187 4   0 0   1 1   2 2   3 3
134 300 4   0 0   1 1   2 2   3 3
135 362 4   0 0   1 1   2 2   3 3
135 140 4   0 0   1 1   2 2   3 3
135 223 4   0 0   1 1   2 2   3 3
136 209 4   0 0   1 1   2 2   3 3
136 323 4   0 0   1 1   2 2   3 3
136 359 4   0 0   1 1   2 2   3 3
136 328 4   0 0   1 1   2 2   3 3
137 210 4   0 0   1 1   2 2   3 3
137 180 4   0 0   1 1   2 2   3 3
137 197 4   0 0   1 1   2 2   3 3
137 198 4   0 0   1 1   2 2   3 3
137 319 4   0 0   1 1   2 2   3 3
138 144 4   0 0   1 1   2 2   3 3
138 167 4   0 0   1 1   2 2   3 3
138 219 4   0 0   1 1   2 2   3 3
138 141 4   0 0   1 1   2 2   3 3
139 240 4   0 0   1 1   2 2   3 3
139 328 4   0 0   1 1   2 2   3 3
139 281 4   0 0   1 1   2 2   3 3
139 156 4   0 0   1 1   2 2   3 3
140 165 4   0 0   1 1   2 2   3 3
140 182 4   0 0   1 1   2 2   3 3
140 265 4   0 0   1 1   2 2   3 3
140 223 4   0 0   1 1   2 2   3 3
141 358 4   0 0   1 1   2 2   3 3
141 219 4   0 0   1 1   2 2   3 3
141 366 4   0 0   1 1   2 2   3 3
141 334 4   0 0   1 1   2 2   3 3
142 276 4   0 0   1 1   2 2   3 3
142 357 4   0 0   1 1   2 2   3 3
142 373 4   0 0   1 1   2 2   3 3
143 208 4   0 0   1 1   2 2   3 3
143 317 4   0 0   1 1   2 2   3 3
144 185 4   0 0   1 1   2 2   3 3
145 168 4   0 0   1 1   2 2   3 3
145 153 4   0 0   1 1   2 2   3 3
145 318 4   0 0   1 1   2 2   3 3
145 190 4   0 0   1 1   2 2   3 3
146 257 4   0 0   1 1   2 2   3 3
146 341 4   0 0   1 1   2 2   3 3
146 217 4   0 0   1 1   2 2   3 3
146 188 4   0 0   1 1   2 2   3 3
147 320 4   0 0   1 1   2 2   3 3
147 375 4   0 0   1 1   2 2   3 3
147 345 4   0 0   1 1   2 2   3 3
148 180 4   0 0   1 1   2 2   3 3
148 198 4   0 0   1 1   2 2   3 3
148 280 4   0 0   1 1   2 2   3 3
148 315 4   0 0   1 1   2 2   3 3
148 301 4   0 0   1 1   2 2   3 3
148 335 4   0 0   1 1   2 2   3 3
149 327 4   0 0   1 1   2 2   3 3
149 234 4   0 0   1 1   2 2   3 3
149 302 4   0 0   1 1   2 2   3 3
149 271 4   0 0   1 1   2 2   3 3
150 263 4   0 0   1 1   2 2   3 3
150 189 4   0 0   1 1   2 2   3 3
151 245 4   0 0   1 1   2 2   3 3
151 342 4   0 0   1 1   2 2   3 3
151 207 4   0 0   1 1   2 2   3 3
152 177 4   0 0   1 1   2 2   3 3
152 361 4   0 0   1 1   2 2   3 3
152 346 4   0 0   1 1   2 2   3 3
152 155 4   0 0   1 1   2 2   3 3
153 230 4   0 0   1 1   2 2   3 3
153 168 4   0 0   1 1   2 2   3 3
153 329 4   0 0   1 1   2 2   3 3
153 332 4   0 0   1 1   2 2   3 3
154 196 4   0 0   1 1   2 2   3 3
154 260 4   0 0   1 1   2 2   3 3
154 204 4   0 0   1 1   2 2   3 3
155 177 4   0 0   1 1   2 2   3 3
155 306 4   0 0   1 1   2 2   3 3
155 295 4   0 0   1 1   2 2   3 3
155 346 4   0 0   1 1   2 2   3 3
156 323 4   0 0   1 1   2 2   3 3
156 164 4   0 0   1 1   2 2   3 3
156 328 4   0 0   1 1   2 2   3 3
157 256 4   0 0   1 1   2 2   3 3
157 336 4   0 0   1 1   2 2   3 3
157 232 4   0 0   1 1   2 2   3 3
157 207 4   0 0   1 1   2 2   3 3
157 159 4   0 0   1 1   2 2   3 3
158 209 4   0 0   1 1   2 2   3 3
158 312 4   0 0   1 1   2 2   3 3
158 282 4   0 0   1 1   2 2   3 3
159 256 4   0 0   1 1   2 2   3 3
159 232 4   0 0   1 1   2 2   3 3
160 354 4   0 0   1 1   2 2   3 3
160 197 4   0 0   1 1   2 2   3 3
160 280 4   0 0   1 1   2 2   3 3
160 301 4   0 0   1 1   2 2   3 3
160 239 4   0 0   1 1   2 2   3 3
161 294 4   0 0   1 1   2 2   3 3
161 231 4   0 0   1 1   2 2   3 3
161 169 4   0 0   1 1   2 2   3 3
161 330 4   0 0   1 1   2 2   3 3
162 256 4   0 0   1 1   2 2   3 3
162 215 4   0 0   1 1   2 2   3 3
162 236 4   0 0   1 1   2 2   3 3
162 285 4   0 0   1 1   2 2   3 3
163 224 4   0 0   1 1   2 2   3 3
163 307 4   0 0   1 1   2 2   3 3
163 324 4   0 0   1 1   2 2   3 3
163 356 4   0 0   1 1   2 2   3 3
163 267 4   0 0   1 1   2 2   3 3
163 331 4   0 0   1 1   2 2   3 3
163 350 4   0 0   1 1   2 2   3 3
164 323 4   0 0   1 1   2 2   3 3
164 265 4   0 0   1 1   2 2   3 3
164 363 4   0 0   1 1   2 2   3 3
165 218 4   0 0   1 1   2 2   3 3
166 243 4   0 0   1 1   2 2   3 3
166 204 4   0 0   1 1   2 2   3 3
167 259 4   0 0   1 1   2 2   3 3
167 343 4   0 0   1 1   2 2   3 3
167 185 4   0 0   1 1   2 2   3 3
167 299 4   0 0   1 1   2 2   3 3
167 219 4   0 0   1 1   2 2   3 3
168 228 4   0 0   1 1   2 2   3 3
168 251 4   0 0   1 1   2 2   3 3
169 294 4   0 0   1 1   2 2   3 3
169 231 4   0 0   1 1   2 2   3 3
169 286 4   0 0   1 1   2 2   3 3
170 342 4   0 0   1 1   2 2   3 3
170 297 4   0 0   1 1   2 2   3 3
171 225 4   0 0   1 1   2 2   3 3
171 338 4   0 0   1 1   2 2   3 3
171 184 4   0 0   1 1   2 2   3 3
171 250 4   0 0   1 1   2 2   3 3
172 226 4   0 0   1 1   2 2   3 3
172 342 4   0 0   1 1   2 2   3 3
172 297 4   0 0   1 1   2 2   3 3
173 220 4   0 0   1 1   2 2   3 3
173 286 4   0 0   1 1   2 2   3 3
174 264 4   0 0   1 1   2 2   3 3
175 272 4   0 0   1 1   2 2   3 3
175 192 4   0 0   1 1   2 2   3 3
175 212 4   0 0   1 1   2 2   3 3
175 254 4   0 0   1 1   2 2   3 3
175 255 4   0 0   1 1   2 2   3 3
176 371 4   0 0   1 1   2 2   3 3
176 266 4   0 0   1 1   2 2   3 3
176 315 4   0 0   1 1   2 2   3 3
177 306 4   0 0   1 1   2 2   3 3
177 361 4   0 0   1 1   2 2   3 3
177 287 4   0 0   1 1   2 2   3 3
178 194 4   0 0   1 1   2 2   3 3
178 325 4   0 0   1 1   2 2   3 3
178 233 4   0 0   1 1   2 2   3 3
178 223 4   0 0   1 1   2 2   3 3
178 351 4   0 0   1 1   2 2   3 3
179 242 4   0 0   1 1   2 2   3 3
179 311 4   0 0   1 1   2 2   3 3
180 198 4   0 0   1 1   2 2   3 3
180 319 4   0 0   1 1   2 2   3 3
180 335 4   0 0   1 1   2 2   3 3
180 191 4   0 0   1 1   2 2   3 3
181 230 4   0 0   1 1   2 2   3 3
181 343 4   0 0   1 1   2 2   3 3
181 219 4   0 0   1 1   2 2   3 3
182 325 4   0 0   1 1   2 2   3 3
182 223 4   0 0   1 1   2 2   3 3
183 212 4   0 0   1 1   2 2   3 3
183 367 4   0 0   1 1   2 2   3 3
184 225 4   0 0   1 1   2 2   3 3
184 338 4   0 0   1 1   2 2   3 3
184 227 4   0 0   1 1   2 2   3 3
184 269 4   0 0   1 1   2 2   3 3
185 299 4   0 0   1 1   2 2   3 3
186 304 4   0 0   1 1   2 2   3 3
186 213 4   0 0   1 1   2 2   3 3
186 229 4   0 0   1 1   2 2   3 3
186 295 4   0 0   1 1   2 2   3 3
186 313 4   0 0   1 1   2 2   3 3
187 193 4   0 0   1 1   2 2   3 3
187 282 4   0 0   1 1   2 2   3 3
187 283 4   0 0   1 1   2 2   3 3
188 257 4   0 0   1 1   2 2   3 3
188 322 4   0 0   1 1   2 2   3 3
188 341 4   0 0   1 1   2 2   3 3
189 341 4   0 0   1 1   2 2   3 3
189 263 4   0 0   1 1   2 2   3 3
189 333 4   0 0   1 1   2 2   3 3
190 369 4   0 0   1 1   2 2   3 3
190 322 4   0 0   1 1   2 2   3 3
190 318 4   0 0   1 1   2 2   3 3
191 335 4   0 0   1 1   2 2   3 3
192 194 4   0 0   1 1   2 2   3 3
192 212 4   0 0   1 1   2 2   3 3
192 254 4   0 0   1 1   2 2   3 3
193 355 4   0 0   1 1   2 2   3 3
193 282 4   0 0   1 1   2 2   3 3
194 368 4   0 0   1 1   2 2   3 3
194 233 4   0 0   1 1   2 2   3 3
194 351 4   0 0   1 1   2 2   3 3
195 307 4   0 0   1 1   2 2   3 3
195 197 4   0 0   1 1   2 2   3 3
195 331 4   0 0   1 1   2 2   3 3
195 206 4   0 0   1 1   2 2   3 3
196 365 4   0 0   1 1   2 2   3 3
196 221 4   0 0   1 1   2 2   3 3
197 198 4   0 0   1 1   2 2   3 3
197 280 4   0 0   1 1   2 2   3 3
197 206 4   0 0   1 1   2 2   3 3
197 239 4   0 0   1 1   2 2   3 3
198 280 4   0 0   1 1   2 2   3 3
199 355 4   0 0   1 1   2 2   3 3
200 281 4   0 0   1 1   2 2   3 3
200 253 4   0 0   1 1   2 2   3 3
201 240 4   0 0   1 1   2 2   3 3
201 246 4   0 0   1 1   2 2   3 3
201 281 4   0 0   1 1   2 2   3 3
202 336 4   0 0   1 1   2 2   3 3
202 249 4   0 0   1 1   2 2   3 3
202 267 4   0 0   1 1   2 2   3 3
203 279 4   0 0   1 1   2 2   3 3
204 243 4   0 0   1 1   2 2   3 3
204 260 4   0 0   1 1   2 2   3 3
204 237 4   0 0   1 1   2 2   3 3
205 293 4   0 0   1 1   2 2   3 3
205 310 4   0 0   1 1   2 2   3 3
205 221 4   0 0   1 1   2 2   3 3
205 222 4   0 0   1 1   2 2   3 3
206 239 4   0 0   1 1   2 2   3 3
207 256 4   0 0   1 1   2 2   3 3
207 245 4   0 0   1 1   2 2   3 3
207 374 4   0 0   1 1   2 2   3 3
208 352 4   0 0   1 1   2 2   3 3
208 317 4   0 0   1 1   2 2   3 3
208 318 4   0 0   1 1   2 2   3 3
209 323 4   0 0   1 1   2 2   3 3
209 312 4   0 0   1 1   2 2   3 3
209 282 4   0 0   1 1   2 2   3 3
209 363 4   0 0   1 1   2 2   3 3
210 300 4   0 0   1 1   2 2   3 3
210 348 4   0 0   1 1   2 2   3 3
210 319 4   0 0   1 1   2 2   3 3
211 317 4   0 0   1 1   2 2   3 3
212 255 4   0 0   1 1   2 2   3 3
212 367 4   0 0   1 1   2 2   3 3
213 295 4   0 0   1 1   2 2   3 3
213 216 4   0 0   1 1   2 2   3 3
214 369 4   0 0   1 1   2 2   3 3
214 305 4   0 0   1 1   2 2   3 3
214 358 4   0 0   1 1   2 2   3 3
214 334 4   0 0   1 1   2 2   3 3
215 285 4   0 0   1 1   2 2   3 3
216 353 4   0 0   1 1   2 2   3 3
216 295 4   0 0   1 1   2 2   3 3
217 257 4   0 0   1 1   2 2   3 3
217 244 4   0 0   1 1   2 2   3 3
217 341 4   0 0   1 1   2 2   3 3
218 338 4   0 0   1 1   2 2   3 3
218 227 4   0 0   1 1   2 2   3 3
219 230 4   0 0   1 1   2 2   3 3
219 343 4   0 0   1 1   2 2   3 3
219 366 4   0 0   1 1   2 2   3 3
220 286 4   0 0   1 1   2 2   3 3
221 365 4   0 0   1 1   2 2   3 3
222 275 4   0 0   1 1   2 2   3 3
222 310 4   0 0   1 1   2 2   3 3
223 325 4   0 0   1 1   2 2   3 3
223 233 4   0 0   1 1   2 2   3 3
223 362 4   0 0   1 1   2 2   3 3
224 256 4   0 0   1 1   2 2   3 3
224 324 4   0 0   1 1   2 2   3 3
224 262 4   0 0   1 1   2 2   3 3
224 232 4   0 0   1 1   2 2   3 3
224 350 4   0 0   1 1   2 2   3 3
225 250 4   0 0   1 1   2 2   3 3
226 247 4   0 0   1 1   2 2   3 3
226 297 4   0 0   1 1   2 2   3 3
226 364 4   0 0   1 1   2 2   3 3
227 338 4   0 0   1 1   2 2   3 3
228 251 4   0 0   1 1   2 2   3 3
228 316 4   0 0   1 1   2 2   3 3
229 304 4   0 0   1 1   2 2   3 3
229 277 4   0 0   1 1   2 2   3 3
229 346 4   0 0   1 1   2 2   3 3
230 329 4   0 0   1 1   2 2   3 3
230 332 4   0 0   1 1   2 2   3 3
230 366 4   0 0   1 1   2 2   3 3
232 256 4   0 0   1 1   2 2   3 3
232 350 4   0 0   1 1   2 2   3 3
233 368 4   0 0   1 1   2 2   3 3
233 362 4   0 0   1 1   2 2   3 3
234 371 4   0 0   1 1   2 2   3 3
234 372 4   0 0   1 1   2 2   3 3
234 327 4   0 0   1 1   2 2   3 3
236 256 4   0 0   1 1   2 2   3 3
236 241 4   0 0   1 1   2 2   3 3
236 291 4   0 0   1 1   2 2   3 3
238 294 4   0 0   1 1   2 2   3 3
238 330 4   0 0   1 1   2 2   3 3
238 252 4   0 0   1 1   2 2   3 3
238 317 4   0 0   1 1   2 2   3 3
239 354 4   0 0   1 1   2 2   3 3
239 372 4   0 0   1 1   2 2   3 3
240 320 4   0 0   1 1   2 2   3 3
240 246 4   0 0   1 1   2 2   3 3
240 281 4   0 0   1 1   2 2   3 3
241 291 4   0 0   1 1   2 2   3 3
241 247 4   0 0   1 1   2 2   3 3
242 289 4   0 0   1 1   2 2   3 3
242 311 4   0 0   1 1   2 2   3 3
243 259 4   0 0   1 1   2 2   3 3
243 260 4   0 0   1 1   2 2   3 3
243 292 4   0 0   1 1   2 2   3 3
243 343 4   0 0   1 1   2 2   3 3
243 299 4   0 0   1 1   2 2   3 3
244 257 4   0 0   1 1   2 2   3 3
244 345 4   0 0   1 1   2 2   3 3
245 306 4   0 0   1 1   2 2   3 3
245 374 4   0 0   1 1   2 2   3 3
245 349 4   0 0   1 1   2 2   3 3
245 287 4   0 0   1 1   2 2   3 3
245 303 4   0 0   1 1   2 2   3 3
246 281 4   0 0   1 1   2 2   3 3
246 253 4   0 0   1 1   2 2   3 3
247 357 4   0 0   1 1   2 2   3 3
247 364 4   0 0   1 1   2 2   3 3
248 302 4   0 0   1 1   2 2   3 3
249 336 4   0 0   1 1   2 2   3 3
249 278 4   0 0   1 1   2 2   3 3
252 264 4   0 0   1 1   2 2   3 3
252 330 4   0 0   1 1   2 2   3 3
253 281 4   0 0   1 1   2 2   3 3
254 272 4   0 0   1 1   2 2   3 3
255 272 4   0 0   1 1   2 2   3 3
255 326 4   0 0   1 1   2 2   3 3
255 296 4   0 0   1 1   2 2   3 3
256 291 4   0 0   1 1   2 2   3 3
258 349 4   0 0   1 1   2 2   3 3
259 343 4   0 0   1 1   2 2   3 3
259 299 4   0 0   1 1   2 2   3 3
260 343 4   0 0   1 1   2 2   3 3
261 360 4   0 0   1 1   2 2   3 3
261 312 4   0 0   1 1   2 2   3 3
262 324 4   0 0   1 1   2 2   3 3
262 344 4   0 0   1 1   2 2   3 3
263 284 4   0 0   1 1   2 2   3 3
263 333 4   0 0   1 1   2 2   3 3
264 330 4   0 0   1 1   2 2   3 3
265 363 4   0 0   1 1   2 2   3 3
265 283 4   0 0   1 1   2 2   3 3
266 371 4   0 0   1 1   2 2   3 3
266 372 4   0 0   1 1   2 2   3 3
266 315 4   0 0   1 1   2 2   3 3
266 301 4   0 0   1 1   2 2   3 3
267 370 4   0 0   1 1   2 2   3 3
267 331 4   0 0   1 1   2 2   3 3
267 350 4   0 0   1 1   2 2   3 3
268 283 4   0 0   1 1   2 2   3 3
269 289 4   0 0   1 1   2 2   3 3
269 311 4   0 0   1 1   2 2   3 3
271 273 4   0 0   1 1   2 2   3 3
271 327 4   0 0   1 1   2 2   3 3
271 302 4   0 0   1 1   2 2   3 3
272 296 4   0 0   1 1   2 2   3 3
273 327 4   0 0   1 1   2 2   3 3
274 315 4   0 0   1 1   2 2   3 3
274 367 4   0 0   1 1   2 2   3 3
275 310 4   0 0   1 1   2 2   3 3
275 347 4   0 0   1 1   2 2   3 3
276 357 4   0 0   1 1   2 2   3 3
276 373 4   0 0   1 1   2 2   3 3
277 304 4   0 0   1 1   2 2   3 3
277 346 4   0 0   1 1   2 2   3 3
278 336 4   0 0   1 1   2 2   3 3
279 347 4   0 0   1 1   2 2   3 3
280 301 4   0 0   1 1   2 2   3 3
282 363 4   0 0   1 1   2 2   3 3
284 333 4   0 0   1 1   2 2   3 3
285 312 4   0 0   1 1   2 2   3 3
285 298 4   0 0   1 1   2 2   3 3
287 306 4   0 0   1 1   2 2   3 3
287 361 4   0 0   1 1   2 2   3 3
287 303 4   0 0   1 1   2 2   3 3
288 339 4   0 0   1 1   2 2   3 3
288 298 4   0 0   1 1   2 2   3 3
289 311 4   0 0   1 1   2 2   3 3
293 310 4   0 0   1 1   2 2   3 3
294 330 4   0 0   1 1   2 2   3 3
296 326 4   0 0   1 1   2 2   3 3
297 342 4   0 0   1 1   2 2   3 3
298 312 4   0 0   1 1   2 2   3 3
300 309 4   0 0   1 1   2 2   3 3
300 348 4   0 0   1 1   2 2   3 3
301 354 4   0 0   1 1   2 2   3 3
301 315 4   0 0   1 1   2 2   3 3
303 361 4   0 0   1 1   2 2   3 3
303 349 4   0 0   1 1   2 2   3 3
304 313 4   0 0   1 1   2 2   3 3
305 358 4   0 0   1 1   2 2   3 3
305 360 4   0 0   1 1   2 2   3 3
307 356 4   0 0   1 1   2 2   3 3
307 331 4   0 0   1 1   2 2   3 3
308 337 4   0 0   1 1   2 2   3 3
309 348 4   0 0   1 1   2 2   3 3
310 376 4   0 0   1 1   2 2   3 3
310 347 4   0 0   1 1   2 2   3 3
313 337 4   0 0   1 1   2 2   3 3
318 352 4   0 0   1 1   2 2   3 3
318 322 4   0 0   1 1   2 2   3 3
318 340 4   0 0   1 1   2 2   3 3
319 348 4   0 0   1 1   2 2   3 3
320 345 4   0 0   1 1   2 2   3 3
321 333 4   0 0   1 1   2 2   3 3
322 369 4   0 0   1 1   2 2   3 3
322 340 4   0 0   1 1   2 2   3 3
323 328 4   0 0   1 1   2 2   3 3
323 363 4   0 0   1 1   2 2   3 3
324 344 4   0 0   1 1   2 2   3 3
325 351 4   0 0   1 1   2 2   3 3
328 359 4   0 0   1 1   2 2   3 3
329 332 4   0 0   1 1   2 2   3 3
331 370 4   0 0   1 1   2 2   3 3
332 366 4   0 0   1 1   2 2   3 3
334 358 4   0 0   1 1   2 2   3 3
340 352 4   0 0   1 1   2 2   3 3
345 375 4   0 0   1 1   2 2   3 3
347 376 4   0 0   1 1   2 2   3 3
353 357 4   0 0   1 1   2 2   3 3
353 364 4   0 0   1 1   2 2   3 3
357 364 4   0 0   1 1   2 2   3 3
359 375 4   0 0   1 1   2 2   3 3
360 375 4   0 0   1 1   2 2   3 3
362 368 4   0 0   1 1   2 2   3 3
371 372 4   0 0   1 1   2 2   3 3
