361
1 4 0 1 2 3
2 4 0 1 2 3
3 4 0 1 2 3
4 4 0 1 2 3
5 4 0 1 2 3
6 4 0 1 2 3
7 4 0 1 2 3
8 4 0 1 2 3
9 4 0 1 2 3
10 4 0 1 2 3
11 4 0 1 2 3
12 4 0 1 2 3
13 4 0 1 2 3
14 4 0 1 2 3
15 4 0 1 2 3
16 4 0 1 2 3
17 4 0 1 2 3
18 4 0 1 2 3
19 4 0 1 2 3
20 4 0 1 2 3
21 4 0 1 2 3
22 4 0 1 2 3
23 4 0 1 2 3
24 4 0 1 2 3
25 4 0 1 2 3
26 4 0 1 2 3
27 4 0 1 2 3
28 4 0 1 2 3
29 4 0 1 2 3
30 4 0 1 2 3
31 4 0 1 2 3
32 4 0 1 2 3
33 4 0 1 2 3
34 4 0 1 2 3
35 4 0 1 2 3
36 4 0 1 2 3
37 4 0 1 2 3
38 4 0 1 2 3
39 4 0 1 2 3
40 4 0 1 2 3
41 4 0 1 2 3
42 4 0 1 2 3
43 4 0 1 2 3
44 4 0 1 2 3
45 4 0 1 2 3
46 4 0 1 2 3
47 4 0 1 2 3
48 4 0 1 2 3
49 4 0 1 2 3
50 4 0 1 2 3
51 4 0 1 2 3
52 4 0 1 2 3
53 4 0 1 2 3
54 4 0 1 2 3
55 4 0 1 2 3
56 4 0 1 2 3
57 4 0 1 2 3
58 4 0 1 2 3
59 4 0 1 2 3
60 4 0 1 2 3
61 4 0 1 2 3
62 4 0 1 2 3
63 4 0 1 2 3
64 4 0 1 2 3
65 4 0 1 2 3
66 4 0 1 2 3
67 4 0 1 2 3
68 4 0 1 2 3
69 4 0 1 2 3
70 4 0 1 2 3
71 4 0 1 2 3
72 4 0 1 2 3
73 4 0 1 2 3
74 4 0 1 2 3
75 4 0 1 2 3
76 4 0 1 2 3
77 4 0 1 2 3
78 4 0 1 2 3
79 4 0 1 2 3
80 4 0 1 2 3
81 4 0 1 2 3
82 4 0 1 2 3
83 4 0 1 2 3
84 4 0 1 2 3
85 4 0 1 2 3
86 4 0 1 2 3
87 4 0 1 2 3
88 4 0 1 2 3
89 4 0 1 2 3
90 4 0 1 2 3
91 4 0 1 2 3
92 4 0 1 2 3
93 4 0 1 2 3
94 4 0 1 2 3
95 4 0 1 2 3
96 4 0 1 2 3
97 4 0 1 2 3
98 4 0 1 2 3
99 4 0 1 2 3
100 4 0 1 2 3
101 4 0 1 2 3
102 4 0 1 2 3
103 4 0 1 2 3
104 4 0 1 2 3
105 4 0 1 2 3
106 4 0 1 2 3
107 4 0 1 2 3
108 4 0 1 2 3
109 4 0 1 2 3
110 4 0 1 2 3
111 4 0 1 2 3
112 4 0 1 2 3
113 4 0 1 2 3
114 4 0 1 2 3
115 4 0 1 2 3
116 4 0 1 2 3
117 4 0 1 2 3
118 4 0 1 2 3
119 4 0 1 2 3
120 4 0 1 2 3
121 4 0 1 2 3
122 4 0 1 2 3
123 4 0 1 2 3
124 4 0 1 2 3
125 4 0 1 2 3
126 4 0 1 2 3
127 4 0 1 2 3
128 4 0 1 2 3
129 4 0 1 2 3
130 4 0 1 2 3
131 4 0 1 2 3
132 4 0 1 2 3
133 4 0 1 2 3
134 4 0 1 2 3
135 4 0 1 2 3
136 4 0 1 2 3
137 4 0 1 2 3
138 4 0 1 2 3
139 4 0 1 2 3
140 4 0 1 2 3
141 4 0 1 2 3
142 4 0 1 2 3
143 4 0 1 2 3
144 4 0 1 2 3
145 4 0 1 2 3
146 4 0 1 2 3
147 4 0 1 2 3
148 4 0 1 2 3
149 4 0 1 2 3
150 4 0 1 2 3
151 4 0 1 2 3
152 4 0 1 2 3
153 4 0 1 2 3
154 4 0 1 2 3
155 4 0 1 2 3
156 4 0 1 2 3
157 4 0 1 2 3
158 4 0 1 2 3
159 4 0 1 2 3
160 4 0 1 2 3
161 4 0 1 2 3
162 4 0 1 2 3
163 4 0 1 2 3
164 4 0 1 2 3
165 4 0 1 2 3
166 4 0 1 2 3
167 4 0 1 2 3
168 4 0 1 2 3
169 4 0 1 2 3
170 4 0 1 2 3
171 4 0 1 2 3
172 4 0 1 2 3
173 4 0 1 2 3
174 4 0 1 2 3
175 4 0 1 2 3
176 4 0 1 2 3
177 4 0 1 2 3
178 4 0 1 2 3
179 4 0 1 2 3
180 4 0 1 2 3
181 4 0 1 2 3
182 4 0 1 2 3
183 4 0 1 2 3
184 4 0 1 2 3
185 4 0 1 2 3
186 4 0 1 2 3
187 4 0 1 2 3
188 4 0 1 2 3
189 4 0 1 2 3
190 4 0 1 2 3
191 4 0 1 2 3
192 4 0 1 2 3
193 4 0 1 2 3
194 4 0 1 2 3
195 4 0 1 2 3
196 4 0 1 2 3
197 4 0 1 2 3
198 4 0 1 2 3
199 4 0 1 2 3
200 4 0 1 2 3
201 4 0 1 2 3
202 4 0 1 2 3
203 4 0 1 2 3
204 4 0 1 2 3
205 4 0 1 2 3
206 4 0 1 2 3
207 4 0 1 2 3
208 4 0 1 2 3
209 4 0 1 2 3
210 4 0 1 2 3
211 4 0 1 2 3
212 4 0 1 2 3
213 4 0 1 2 3
214 4 0 1 2 3
215 4 0 1 2 3
216 4 0 1 2 3
217 4 0 1 2 3
218 4 0 1 2 3
219 4 0 1 2 3
220 4 0 1 2 3
221 4 0 1 2 3
222 4 0 1 2 3
223 4 0 1 2 3
224 4 0 1 2 3
225 4 0 1 2 3
226 4 0 1 2 3
227 4 0 1 2 3
228 4 0 1 2 3
229 4 0 1 2 3
230 4 0 1 2 3
231 4 0 1 2 3
232 4 0 1 2 3
233 4 0 1 2 3
234 4 0 1 2 3
235 4 0 1 2 3
236 4 0 1 2 3
237 4 0 1 2 3
238 4 0 1 2 3
239 4 0 1 2 3
240 4 0 1 2 3
241 4 0 1 2 3
242 4 0 1 2 3
243 4 0 1 2 3
244 4 0 1 2 3
245 4 0 1 2 3
246 4 0 1 2 3
247 4 0 1 2 3
248 4 0 1 2 3
249 4 0 1 2 3
250 4 0 1 2 3
251 4 0 1 2 3
252 4 0 1 2 3
253 4 0 1 2 3
254 4 0 1 2 3
255 4 0 1 2 3
256 4 0 1 2 3
257 4 0 1 2 3
258 4 0 1 2 3
259 4 0 1 2 3
260 4 0 1 2 3
261 4 0 1 2 3
262 4 0 1 2 3
263 4 0 1 2 3
264 4 0 1 2 3
265 4 0 1 2 3
266 4 0 1 2 3
267 4 0 1 2 3
268 4 0 1 2 3
269 4 0 1 2 3
270 4 0 1 2 3
271 4 0 1 2 3
272 4 0 1 2 3
273 4 0 1 2 3
274 4 0 1 2 3
275 4 0 1 2 3
276 4 0 1 2 3
277 4 0 1 2 3
278 4 0 1 2 3
279 4 0 1 2 3
280 4 0 1 2 3
281 4 0 1 2 3
282 4 0 1 2 3
283 4 0 1 2 3
284 4 0 1 2 3
285 4 0 1 2 3
286 4 0 1 2 3
287 4 0 1 2 3
288 4 0 1 2 3
289 4 0 1 2 3
290 4 0 1 2 3
291 4 0 1 2 3
292 4 0 1 2 3
293 4 0 1 2 3
294 4 0 1 2 3
295 4 0 1 2 3
296 4 0 1 2 3
297 4 0 1 2 3
298 4 0 1 2 3
299 4 0 1 2 3
300 4 0 1 2 3
301 4 0 1 2 3
302 4 0 1 2 3
303 4 0 1 2 3
304 4 0 1 2 3
305 4 0 1 2 3
306 4 0 1 2 3
307 4 0 1 2 3
308 4 0 1 2 3
309 4 0 1 2 3
310 4 0 1 2 3
311 4 0 1 2 3
312 4 0 1 2 3
313 4 0 1 2 3
314 4 0 1 2 3
315 4 0 1 2 3
316 4 0 1 2 3
317 4 0 1 2 3
318 4 0 1 2 3
319 4 0 1 2 3
320 4 0 1 2 3
321 4 0 1 2 3
322 4 0 1 2 3
323 4 0 1 2 3
324 4 0 1 2 3
325 4 0 1 2 3
326 4 0 1 2 3
327 4 0 1 2 3
328 4 0 1 2 3
329 4 0 1 2 3
330 4 0 1 2 3
331 4 0 1 2 3
332 4 0 1 2 3
333 4 0 1 2 3
334 4 0 1 2 3
335 4 0 1 2 3
336 4 0 1 2 3
337 4 0 1 2 3
338 4 0 1 2 3
339 4 0 1 2 3
340 4 0 1 2 3
341 4 0 1 2 3
342 4 0 1 2 3
343 4 0 1 2 3
344 4 0 1 2 3
345 4 0 1 2 3
346 4 0 1 2 3
347 4 0 1 2 3
348 4 0 1 2 3
349 4 0 1 2 3
350 4 0 1 2 3
351 4 0 1 2 3
352 4 0 1 2 3
353 4 0 1 2 3
354 4 0 1 2 3
355 4 0 1 2 3
356 4 0 1 2 3
357 4 0 1 2 3
358 4 0 1 2 3
359 4 0 1 2 3
360 4 0 1 2 3
361 4 0 1 2 3
1012
1 322 4   0 0   1 1   2 2   3 3
1 163 4   0 0   1 1   2 2   3 3
1 310 4   0 0   1 1   2 2   3 3
1 119 4   0 0   1 1   2 2   3 3
1 62 4   0 0   1 1   2 2   3 3
2 80 4   0 0   1 1   2 2   3 3
2 210 4   0 0   1 1   2 2   3 3
2 195 4   0 0   1 1   2 2   3 3
2 245 4   0 0   1 1   2 2   3 3
2 88 4   0 0   1 1   2 2   3 3
2 345 4   0 0   1 1   2 2   3 3
2 105 4   0 0   1 1   2 2   3 3
3 242 4   0 0   1 1   2 2   3 3
3 164 4   0 0   1 1   2 2   3 3
3 217 4   0 0   1 1   2 2   3 3
3 251 4   0 0   1 1   2 2   3 3
3 60 4   0 0   1 1   2 2   3 3
3 174 4   0 0   1 1   2 2   3 3
4 99 4   0 0   1 1   2 2   3 3
4 261 4   0 0   1 1   2 2   3 3
4 246 4   0 0   1 1   2 2   3 3
4 250 4   0 0   1 1   2 2   3 3
4 315 4   0 0   1 1   2 2   3 3
5 50 4   0 0   1 1   2 2   3 3
5 279 4   0 0   1 1   2 2   3 3
5 265 4   0 0   1 1   2 2   3 3
5 25 4   0 0   1 1   2 2   3 3
5 349 4   0 0   1 1   2 2   3 3
5 109 4   0 0   1 1   2 2   3 3
5 175 4   0 0   1 1   2 2   3 3
6 320 4   0 0   1 1   2 2   3 3
6 33 4   0 0   1 1   2 2   3 3
6 34 4   0 0   1 1   2 2   3 3
6 291 4   0 0   1 1   2 2   3 3
6 8 4   0 0   1 1   2 2   3 3
6 61 4   0 0   1 1   2 2   3 3
6 333 4   0 0   1 1   2 2   3 3
6 318 4   0 0   1 1   2 2   3 3
7 32 4   0 0   1 1   2 2   3 3
7 148 4   0 0   1 1   2 2   3 3
7 117 4   0 0   1 1   2 2   3 3
7 58 4   0 0   1 1   2 2   3 3
7 140 4   0 0   1 1   2 2   3 3
7 14 4   0 0   1 1   2 2   3 3
7 207 4   0 0   1 1   2 2   3 3
8 33 4   0 0   1 1   2 2   3 3
8 193 4   0 0   1 1   2 2   3 3
8 83 4   0 0   1 1   2 2   3 3
8 291 4   0 0   1 1   2 2   3 3
8 95 4   0 0   1 1   2 2   3 3
9 50 4   0 0   1 1   2 2   3 3
9 227 4   0 0   1 1   2 2   3 3
9 259 4   0 0   1 1   2 2   3 3
9 264 4   0 0   1 1   2 2   3 3
9 156 4   0 0   1 1   2 2   3 3
9 13 4   0 0   1 1   2 2   3 3
9 126 4   0 0   1 1   2 2   3 3
10 291 4   0 0   1 1   2 2   3 3
10 181 4   0 0   1 1   2 2   3 3
10 230 4   0 0   1 1   2 2   3 3
10 359 4   0 0   1 1   2 2   3 3
10 41 4   0 0   1 1   2 2   3 3
10 42 4   0 0   1 1   2 2   3 3
10 11 4   0 0   1 1   2 2   3 3
10 95 4   0 0   1 1   2 2   3 3
11 149 4   0 0   1 1   2 2   3 3
11 181 4   0 0   1 1   2 2   3 3
11 41 4   0 0   1 1   2 2   3 3
11 255 4   0 0   1 1   2 2   3 3
12 17 4   0 0   1 1   2 2   3 3
12 104 4   0 0   1 1   2 2   3 3
12 106 4   0 0   1 1   2 2   3 3
12 173 4   0 0   1 1   2 2   3 3
12 238 4   0 0   1 1   2 2   3 3
13 50 4   0 0   1 1   2 2   3 3
13 259 4   0 0   1 1   2 2   3 3
13 149 4   0 0   1 1   2 2   3 3
13 262 4   0 0   1 1   2 2   3 3
13 346 4   0 0   1 1   2 2   3 3
14 21 4   0 0   1 1   2 2   3 3
14 117 4   0 0   1 1   2 2   3 3
14 188 4   0 0   1 1   2 2   3 3
14 140 4   0 0   1 1   2 2   3 3
14 254 4   0 0   1 1   2 2   3 3
15 198 4   0 0   1 1   2 2   3 3
15 344 4   0 0   1 1   2 2   3 3
15 249 4   0 0   1 1   2 2   3 3
15 348 4   0 0   1 1   2 2   3 3
15 111 4   0 0   1 1   2 2   3 3
16 344 4   0 0   1 1   2 2   3 3
16 153 4   0 0   1 1   2 2   3 3
16 59 4   0 0   1 1   2 2   3 3
16 315 4   0 0   1 1   2 2   3 3
16 302 4   0 0   1 1   2 2   3 3
17 177 4   0 0   1 1   2 2   3 3
17 179 4   0 0   1 1   2 2   3 3
17 70 4   0 0   1 1   2 2   3 3
17 359 4   0 0   1 1   2 2   3 3
17 104 4   0 0   1 1   2 2   3 3
17 42 4   0 0   1 1   2 2   3 3
17 187 4   0 0   1 1   2 2   3 3
17 238 4   0 0   1 1   2 2   3 3
18 128 4   0 0   1 1   2 2   3 3
18 322 4   0 0   1 1   2 2   3 3
18 163 4   0 0   1 1   2 2   3 3
18 228 4   0 0   1 1   2 2   3 3
18 71 4   0 0   1 1   2 2   3 3
18 350 4   0 0   1 1   2 2   3 3
19 145 4   0 0   1 1   2 2   3 3
19 289 4   0 0   1 1   2 2   3 3
19 106 4   0 0   1 1   2 2   3 3
19 92 4   0 0   1 1   2 2   3 3
19 238 4   0 0   1 1   2 2   3 3
20 64 4   0 0   1 1   2 2   3 3
20 304 4   0 0   1 1   2 2   3 3
20 55 4   0 0   1 1   2 2   3 3
20 330 4   0 0   1 1   2 2   3 3
20 332 4   0 0   1 1   2 2   3 3
20 317 4   0 0   1 1   2 2   3 3
20 141 4   0 0   1 1   2 2   3 3
20 206 4   0 0   1 1   2 2   3 3
21 201 4   0 0   1 1   2 2   3 3
21 140 4   0 0   1 1   2 2   3 3
21 254 4   0 0   1 1   2 2   3 3
21 319 4   0 0   1 1   2 2   3 3
22 324 4   0 0   1 1   2 2   3 3
22 184 4   0 0   1 1   2 2   3 3
22 44 4   0 0   1 1   2 2   3 3
22 348 4   0 0   1 1   2 2   3 3
22 350 4   0 0   1 1   2 2   3 3
23 100 4   0 0   1 1   2 2   3 3
23 36 4   0 0   1 1   2 2   3 3
23 261 4   0 0   1 1   2 2   3 3
23 202 4   0 0   1 1   2 2   3 3
23 26 4   0 0   1 1   2 2   3 3
24 310 4   0 0   1 1   2 2   3 3
24 263 4   0 0   1 1   2 2   3 3
24 222 4   0 0   1 1   2 2   3 3
25 50 4   0 0   1 1   2 2   3 3
25 264 4   0 0   1 1   2 2   3 3
25 265 4   0 0   1 1   2 2   3 3
26 353 4   0 0   1 1   2 2   3 3
26 100 4   0 0   1 1   2 2   3 3
26 202 4   0 0   1 1   2 2   3 3
27 56 4   0 0   1 1   2 2   3 3
27 249 4   0 0   1 1   2 2   3 3
27 171 4   0 0   1 1   2 2   3 3
28 160 4   0 0   1 1   2 2   3 3
28 293 4   0 0   1 1   2 2   3 3
28 134 4   0 0   1 1   2 2   3 3
28 328 4   0 0   1 1   2 2   3 3
28 57 4   0 0   1 1   2 2   3 3
28 186 4   0 0   1 1   2 2   3 3
29 358 4   0 0   1 1   2 2   3 3
29 270 4   0 0   1 1   2 2   3 3
29 335 4   0 0   1 1   2 2   3 3
29 287 4   0 0   1 1   2 2   3 3
30 131 4   0 0   1 1   2 2   3 3
30 347 4   0 0   1 1   2 2   3 3
30 123 4   0 0   1 1   2 2   3 3
31 226 4   0 0   1 1   2 2   3 3
31 276 4   0 0   1 1   2 2   3 3
31 319 4   0 0   1 1   2 2   3 3
32 148 4   0 0   1 1   2 2   3 3
32 201 4   0 0   1 1   2 2   3 3
32 58 4   0 0   1 1   2 2   3 3
32 159 4   0 0   1 1   2 2   3 3
33 83 4   0 0   1 1   2 2   3 3
33 61 4   0 0   1 1   2 2   3 3
34 320 4   0 0   1 1   2 2   3 3
34 177 4   0 0   1 1   2 2   3 3
34 291 4   0 0   1 1   2 2   3 3
34 230 4   0 0   1 1   2 2   3 3
34 359 4   0 0   1 1   2 2   3 3
35 179 4   0 0   1 1   2 2   3 3
35 68 4   0 0   1 1   2 2   3 3
35 298 4   0 0   1 1   2 2   3 3
35 301 4   0 0   1 1   2 2   3 3
35 285 4   0 0   1 1   2 2   3 3
35 286 4   0 0   1 1   2 2   3 3
36 100 4   0 0   1 1   2 2   3 3
36 261 4   0 0   1 1   2 2   3 3
36 246 4   0 0   1 1   2 2   3 3
36 328 4   0 0   1 1   2 2   3 3
36 186 4   0 0   1 1   2 2   3 3
37 81 4   0 0   1 1   2 2   3 3
37 337 4   0 0   1 1   2 2   3 3
37 275 4   0 0   1 1   2 2   3 3
37 313 4   0 0   1 1   2 2   3 3
37 347 4   0 0   1 1   2 2   3 3
37 303 4   0 0   1 1   2 2   3 3
38 216 4   0 0   1 1   2 2   3 3
38 253 4   0 0   1 1   2 2   3 3
39 272 4   0 0   1 1   2 2   3 3
39 256 4   0 0   1 1   2 2   3 3
39 116 4   0 0   1 1   2 2   3 3
39 168 4   0 0   1 1   2 2   3 3
39 233 4   0 0   1 1   2 2   3 3
39 266 4   0 0   1 1   2 2   3 3
39 139 4   0 0   1 1   2 2   3 3
40 352 4   0 0   1 1   2 2   3 3
40 97 4   0 0   1 1   2 2   3 3
40 150 4   0 0   1 1   2 2   3 3
40 248 4   0 0   1 1   2 2   3 3
40 185 4   0 0   1 1   2 2   3 3
40 316 4   0 0   1 1   2 2   3 3
40 174 4   0 0   1 1   2 2   3 3
41 231 4   0 0   1 1   2 2   3 3
41 346 4   0 0   1 1   2 2   3 3
41 42 4   0 0   1 1   2 2   3 3
41 255 4   0 0   1 1   2 2   3 3
42 70 4   0 0   1 1   2 2   3 3
42 231 4   0 0   1 1   2 2   3 3
42 359 4   0 0   1 1   2 2   3 3
43 176 4   0 0   1 1   2 2   3 3
43 322 4   0 0   1 1   2 2   3 3
43 132 4   0 0   1 1   2 2   3 3
43 119 4   0 0   1 1   2 2   3 3
43 220 4   0 0   1 1   2 2   3 3
43 46 4   0 0   1 1   2 2   3 3
44 294 4   0 0   1 1   2 2   3 3
44 198 4   0 0   1 1   2 2   3 3
44 184 4   0 0   1 1   2 2   3 3
44 203 4   0 0   1 1   2 2   3 3
44 348 4   0 0   1 1   2 2   3 3
44 239 4   0 0   1 1   2 2   3 3
45 243 4   0 0   1 1   2 2   3 3
45 84 4   0 0   1 1   2 2   3 3
45 325 4   0 0   1 1   2 2   3 3
45 107 4   0 0   1 1   2 2   3 3
46 310 4   0 0   1 1   2 2   3 3
46 119 4   0 0   1 1   2 2   3 3
46 220 4   0 0   1 1   2 2   3 3
46 222 4   0 0   1 1   2 2   3 3
46 62 4   0 0   1 1   2 2   3 3
47 259 4   0 0   1 1   2 2   3 3
47 307 4   0 0   1 1   2 2   3 3
47 245 4   0 0   1 1   2 2   3 3
47 88 4   0 0   1 1   2 2   3 3
47 361 4   0 0   1 1   2 2   3 3
48 307 4   0 0   1 1   2 2   3 3
48 115 4   0 0   1 1   2 2   3 3
48 259 4   0 0   1 1   2 2   3 3
48 262 4   0 0   1 1   2 2   3 3
48 231 4   0 0   1 1   2 2   3 3
48 283 4   0 0   1 1   2 2   3 3
49 336 4   0 0   1 1   2 2   3 3
49 337 4   0 0   1 1   2 2   3 3
49 275 4   0 0   1 1   2 2   3 3
49 342 4   0 0   1 1   2 2   3 3
50 149 4   0 0   1 1   2 2   3 3
50 264 4   0 0   1 1   2 2   3 3
50 175 4   0 0   1 1   2 2   3 3
51 99 4   0 0   1 1   2 2   3 3
51 53 4   0 0   1 1   2 2   3 3
51 183 4   0 0   1 1   2 2   3 3
51 202 4   0 0   1 1   2 2   3 3
51 171 4   0 0   1 1   2 2   3 3
51 142 4   0 0   1 1   2 2   3 3
52 288 4   0 0   1 1   2 2   3 3
52 146 4   0 0   1 1   2 2   3 3
52 211 4   0 0   1 1   2 2   3 3
52 118 4   0 0   1 1   2 2   3 3
52 110 4   0 0   1 1   2 2   3 3
53 353 4   0 0   1 1   2 2   3 3
53 202 4   0 0   1 1   2 2   3 3
53 142 4   0 0   1 1   2 2   3 3
53 110 4   0 0   1 1   2 2   3 3
53 351 4   0 0   1 1   2 2   3 3
54 306 4   0 0   1 1   2 2   3 3
54 165 4   0 0   1 1   2 2   3 3
54 282 4   0 0   1 1   2 2   3 3
54 284 4   0 0   1 1   2 2   3 3
54 333 4   0 0   1 1   2 2   3 3
55 180 4   0 0   1 1   2 2   3 3
55 330 4   0 0   1 1   2 2   3 3
55 317 4   0 0   1 1   2 2   3 3
56 183 4   0 0   1 1   2 2   3 3
56 249 4   0 0   1 1   2 2   3 3
56 171 4   0 0   1 1   2 2   3 3
56 59 4   0 0   1 1   2 2   3 3
56 111 4   0 0   1 1   2 2   3 3
57 134 4   0 0   1 1   2 2   3 3
57 328 4   0 0   1 1   2 2   3 3
57 138 4   0 0   1 1   2 2   3 3
57 219 4   0 0   1 1   2 2   3 3
58 201 4   0 0   1 1   2 2   3 3
58 140 4   0 0   1 1   2 2   3 3
59 183 4   0 0   1 1   2 2   3 3
59 344 4   0 0   1 1   2 2   3 3
59 315 4   0 0   1 1   2 2   3 3
59 111 4   0 0   1 1   2 2   3 3
60 217 4   0 0   1 1   2 2   3 3
60 122 4   0 0   1 1   2 2   3 3
60 251 4   0 0   1 1   2 2   3 3
60 253 4   0 0   1 1   2 2   3 3
61 83 4   0 0   1 1   2 2   3 3
61 182 4   0 0   1 1   2 2   3 3
61 282 4   0 0   1 1   2 2   3 3
61 109 4   0 0   1 1   2 2   3 3
61 318 4   0 0   1 1   2 2   3 3
62 310 4   0 0   1 1   2 2   3 3
62 119 4   0 0   1 1   2 2   3 3
63 320 4   0 0   1 1   2 2   3 3
63 232 4   0 0   1 1   2 2   3 3
63 299 4   0 0   1 1   2 2   3 3
63 333 4   0 0   1 1   2 2   3 3
63 285 4   0 0   1 1   2 2   3 3
63 286 4   0 0   1 1   2 2   3 3
64 208 4   0 0   1 1   2 2   3 3
64 308 4   0 0   1 1   2 2   3 3
64 332 4   0 0   1 1   2 2   3 3
64 206 4   0 0   1 1   2 2   3 3
65 196 4   0 0   1 1   2 2   3 3
65 213 4   0 0   1 1   2 2   3 3
65 326 4   0 0   1 1   2 2   3 3
65 295 4   0 0   1 1   2 2   3 3
65 331 4   0 0   1 1   2 2   3 3
65 157 4   0 0   1 1   2 2   3 3
66 336 4   0 0   1 1   2 2   3 3
66 337 4   0 0   1 1   2 2   3 3
66 97 4   0 0   1 1   2 2   3 3
66 147 4   0 0   1 1   2 2   3 3
66 102 4   0 0   1 1   2 2   3 3
67 289 4   0 0   1 1   2 2   3 3
67 337 4   0 0   1 1   2 2   3 3
67 190 4   0 0   1 1   2 2   3 3
68 179 4   0 0   1 1   2 2   3 3
68 104 4   0 0   1 1   2 2   3 3
68 298 4   0 0   1 1   2 2   3 3
68 303 4   0 0   1 1   2 2   3 3
69 129 4   0 0   1 1   2 2   3 3
69 279 4   0 0   1 1   2 2   3 3
69 265 4   0 0   1 1   2 2   3 3
69 77 4   0 0   1 1   2 2   3 3
70 292 4   0 0   1 1   2 2   3 3
70 231 4   0 0   1 1   2 2   3 3
70 121 4   0 0   1 1   2 2   3 3
70 283 4   0 0   1 1   2 2   3 3
70 238 4   0 0   1 1   2 2   3 3
71 274 4   0 0   1 1   2 2   3 3
71 163 4   0 0   1 1   2 2   3 3
71 152 4   0 0   1 1   2 2   3 3
71 268 4   0 0   1 1   2 2   3 3
71 350 4   0 0   1 1   2 2   3 3
72 241 4   0 0   1 1   2 2   3 3
72 340 4   0 0   1 1   2 2   3 3
72 166 4   0 0   1 1   2 2   3 3
72 278 4   0 0   1 1   2 2   3 3
72 215 4   0 0   1 1   2 2   3 3
72 79 4   0 0   1 1   2 2   3 3
73 339 4   0 0   1 1   2 2   3 3
73 214 4   0 0   1 1   2 2   3 3
73 199 4   0 0   1 1   2 2   3 3
73 188 4   0 0   1 1   2 2   3 3
73 221 4   0 0   1 1   2 2   3 3
74 178 4   0 0   1 1   2 2   3 3
74 326 4   0 0   1 1   2 2   3 3
74 295 4   0 0   1 1   2 2   3 3
74 75 4   0 0   1 1   2 2   3 3
74 287 4   0 0   1 1   2 2   3 3
75 224 4   0 0   1 1   2 2   3 3
75 178 4   0 0   1 1   2 2   3 3
75 355 4   0 0   1 1   2 2   3 3
75 358 4   0 0   1 1   2 2   3 3
75 316 4   0 0   1 1   2 2   3 3
75 287 4   0 0   1 1   2 2   3 3
76 241 4   0 0   1 1   2 2   3 3
76 209 4   0 0   1 1   2 2   3 3
76 305 4   0 0   1 1   2 2   3 3
76 290 4   0 0   1 1   2 2   3 3
76 343 4   0 0   1 1   2 2   3 3
76 103 4   0 0   1 1   2 2   3 3
76 88 4   0 0   1 1   2 2   3 3
76 172 4   0 0   1 1   2 2   3 3
76 79 4   0 0   1 1   2 2   3 3
77 129 4   0 0   1 1   2 2   3 3
77 279 4   0 0   1 1   2 2   3 3
77 93 4   0 0   1 1   2 2   3 3
77 109 4   0 0   1 1   2 2   3 3
77 94 4   0 0   1 1   2 2   3 3
78 144 4   0 0   1 1   2 2   3 3
78 360 4   0 0   1 1   2 2   3 3
78 218 4   0 0   1 1   2 2   3 3
79 241 4   0 0   1 1   2 2   3 3
79 305 4   0 0   1 1   2 2   3 3
79 215 4   0 0   1 1   2 2   3 3
79 103 4   0 0   1 1   2 2   3 3
79 327 4   0 0   1 1   2 2   3 3
80 256 4   0 0   1 1   2 2   3 3
80 116 4   0 0   1 1   2 2   3 3
80 245 4   0 0   1 1   2 2   3 3
80 168 4   0 0   1 1   2 2   3 3
80 105 4   0 0   1 1   2 2   3 3
80 361 4   0 0   1 1   2 2   3 3
80 266 4   0 0   1 1   2 2   3 3
81 275 4   0 0   1 1   2 2   3 3
81 342 4   0 0   1 1   2 2   3 3
81 347 4   0 0   1 1   2 2   3 3
82 258 4   0 0   1 1   2 2   3 3
82 89 4   0 0   1 1   2 2   3 3
82 137 4   0 0   1 1   2 2   3 3
82 220 4   0 0   1 1   2 2   3 3
82 222 4   0 0   1 1   2 2   3 3
83 193 4   0 0   1 1   2 2   3 3
83 181 4   0 0   1 1   2 2   3 3
83 349 4   0 0   1 1   2 2   3 3
83 109 4   0 0   1 1   2 2   3 3
84 243 4   0 0   1 1   2 2   3 3
84 323 4   0 0   1 1   2 2   3 3
84 229 4   0 0   1 1   2 2   3 3
84 107 4   0 0   1 1   2 2   3 3
85 240 4   0 0   1 1   2 2   3 3
85 246 4   0 0   1 1   2 2   3 3
85 108 4   0 0   1 1   2 2   3 3
85 125 4   0 0   1 1   2 2   3 3
85 205 4   0 0   1 1   2 2   3 3
86 354 4   0 0   1 1   2 2   3 3
86 277 4   0 0   1 1   2 2   3 3
86 299 4   0 0   1 1   2 2   3 3
86 285 4   0 0   1 1   2 2   3 3
87 352 4   0 0   1 1   2 2   3 3
87 260 4   0 0   1 1   2 2   3 3
87 295 4   0 0   1 1   2 2   3 3
87 216 4   0 0   1 1   2 2   3 3
87 267 4   0 0   1 1   2 2   3 3
87 223 4   0 0   1 1   2 2   3 3
88 305 4   0 0   1 1   2 2   3 3
88 195 4   0 0   1 1   2 2   3 3
88 227 4   0 0   1 1   2 2   3 3
88 259 4   0 0   1 1   2 2   3 3
88 245 4   0 0   1 1   2 2   3 3
88 278 4   0 0   1 1   2 2   3 3
88 215 4   0 0   1 1   2 2   3 3
88 327 4   0 0   1 1   2 2   3 3
88 172 4   0 0   1 1   2 2   3 3
89 176 4   0 0   1 1   2 2   3 3
89 258 4   0 0   1 1   2 2   3 3
89 137 4   0 0   1 1   2 2   3 3
89 297 4   0 0   1 1   2 2   3 3
90 146 4   0 0   1 1   2 2   3 3
90 211 4   0 0   1 1   2 2   3 3
90 118 4   0 0   1 1   2 2   3 3
90 167 4   0 0   1 1   2 2   3 3
90 170 4   0 0   1 1   2 2   3 3
91 210 4   0 0   1 1   2 2   3 3
91 312 4   0 0   1 1   2 2   3 3
91 200 4   0 0   1 1   2 2   3 3
91 105 4   0 0   1 1   2 2   3 3
91 329 4   0 0   1 1   2 2   3 3
92 224 4   0 0   1 1   2 2   3 3
92 145 4   0 0   1 1   2 2   3 3
92 289 4   0 0   1 1   2 2   3 3
92 102 4   0 0   1 1   2 2   3 3
93 129 4   0 0   1 1   2 2   3 3
93 182 4   0 0   1 1   2 2   3 3
93 151 4   0 0   1 1   2 2   3 3
93 189 4   0 0   1 1   2 2   3 3
94 279 4   0 0   1 1   2 2   3 3
94 109 4   0 0   1 1   2 2   3 3
95 193 4   0 0   1 1   2 2   3 3
95 291 4   0 0   1 1   2 2   3 3
95 181 4   0 0   1 1   2 2   3 3
96 136 4   0 0   1 1   2 2   3 3
96 122 4   0 0   1 1   2 2   3 3
96 253 4   0 0   1 1   2 2   3 3
97 224 4   0 0   1 1   2 2   3 3
97 147 4   0 0   1 1   2 2   3 3
97 102 4   0 0   1 1   2 2   3 3
97 316 4   0 0   1 1   2 2   3 3
98 243 4   0 0   1 1   2 2   3 3
98 165 4   0 0   1 1   2 2   3 3
98 325 4   0 0   1 1   2 2   3 3
98 284 4   0 0   1 1   2 2   3 3
99 261 4   0 0   1 1   2 2   3 3
99 183 4   0 0   1 1   2 2   3 3
99 202 4   0 0   1 1   2 2   3 3
99 315 4   0 0   1 1   2 2   3 3
100 353 4   0 0   1 1   2 2   3 3
100 146 4   0 0   1 1   2 2   3 3
100 328 4   0 0   1 1   2 2   3 3
100 281 4   0 0   1 1   2 2   3 3
100 170 4   0 0   1 1   2 2   3 3
100 314 4   0 0   1 1   2 2   3 3
101 308 4   0 0   1 1   2 2   3 3
101 247 4   0 0   1 1   2 2   3 3
101 233 4   0 0   1 1   2 2   3 3
101 332 4   0 0   1 1   2 2   3 3
101 269 4   0 0   1 1   2 2   3 3
101 270 4   0 0   1 1   2 2   3 3
102 224 4   0 0   1 1   2 2   3 3
102 289 4   0 0   1 1   2 2   3 3
102 337 4   0 0   1 1   2 2   3 3
102 147 4   0 0   1 1   2 2   3 3
103 305 4   0 0   1 1   2 2   3 3
104 179 4   0 0   1 1   2 2   3 3
104 187 4   0 0   1 1   2 2   3 3
104 173 4   0 0   1 1   2 2   3 3
104 190 4   0 0   1 1   2 2   3 3
104 303 4   0 0   1 1   2 2   3 3
105 256 4   0 0   1 1   2 2   3 3
105 210 4   0 0   1 1   2 2   3 3
105 329 4   0 0   1 1   2 2   3 3
106 289 4   0 0   1 1   2 2   3 3
106 173 4   0 0   1 1   2 2   3 3
106 238 4   0 0   1 1   2 2   3 3
106 190 4   0 0   1 1   2 2   3 3
107 257 4   0 0   1 1   2 2   3 3
107 229 4   0 0   1 1   2 2   3 3
107 311 4   0 0   1 1   2 2   3 3
108 240 4   0 0   1 1   2 2   3 3
108 246 4   0 0   1 1   2 2   3 3
108 250 4   0 0   1 1   2 2   3 3
109 182 4   0 0   1 1   2 2   3 3
109 279 4   0 0   1 1   2 2   3 3
109 349 4   0 0   1 1   2 2   3 3
110 288 4   0 0   1 1   2 2   3 3
110 146 4   0 0   1 1   2 2   3 3
110 351 4   0 0   1 1   2 2   3 3
111 344 4   0 0   1 1   2 2   3 3
111 249 4   0 0   1 1   2 2   3 3
112 357 4   0 0   1 1   2 2   3 3
112 311 4   0 0   1 1   2 2   3 3
113 360 4   0 0   1 1   2 2   3 3
113 218 4   0 0   1 1   2 2   3 3
113 124 4   0 0   1 1   2 2   3 3
114 273 4   0 0   1 1   2 2   3 3
114 235 4   0 0   1 1   2 2   3 3
114 124 4   0 0   1 1   2 2   3 3
114 191 4   0 0   1 1   2 2   3 3
115 272 4   0 0   1 1   2 2   3 3
115 307 4   0 0   1 1   2 2   3 3
115 361 4   0 0   1 1   2 2   3 3
115 283 4   0 0   1 1   2 2   3 3
116 256 4   0 0   1 1   2 2   3 3
116 266 4   0 0   1 1   2 2   3 3
117 214 4   0 0   1 1   2 2   3 3
117 188 4   0 0   1 1   2 2   3 3
117 207 4   0 0   1 1   2 2   3 3
118 288 4   0 0   1 1   2 2   3 3
118 194 4   0 0   1 1   2 2   3 3
118 211 4   0 0   1 1   2 2   3 3
118 167 4   0 0   1 1   2 2   3 3
118 158 4   0 0   1 1   2 2   3 3
119 322 4   0 0   1 1   2 2   3 3
120 354 4   0 0   1 1   2 2   3 3
120 277 4   0 0   1 1   2 2   3 3
120 154 4   0 0   1 1   2 2   3 3
120 123 4   0 0   1 1   2 2   3 3
121 292 4   0 0   1 1   2 2   3 3
121 247 4   0 0   1 1   2 2   3 3
121 233 4   0 0   1 1   2 2   3 3
121 283 4   0 0   1 1   2 2   3 3
122 217 4   0 0   1 1   2 2   3 3
122 253 4   0 0   1 1   2 2   3 3
122 127 4   0 0   1 1   2 2   3 3
123 131 4   0 0   1 1   2 2   3 3
123 277 4   0 0   1 1   2 2   3 3
123 313 4   0 0   1 1   2 2   3 3
123 154 4   0 0   1 1   2 2   3 3
123 347 4   0 0   1 1   2 2   3 3
124 293 4   0 0   1 1   2 2   3 3
124 134 4   0 0   1 1   2 2   3 3
124 151 4   0 0   1 1   2 2   3 3
124 360 4   0 0   1 1   2 2   3 3
124 191 4   0 0   1 1   2 2   3 3
125 240 4   0 0   1 1   2 2   3 3
125 321 4   0 0   1 1   2 2   3 3
125 205 4   0 0   1 1   2 2   3 3
125 189 4   0 0   1 1   2 2   3 3
125 126 4   0 0   1 1   2 2   3 3
126 240 4   0 0   1 1   2 2   3 3
126 321 4   0 0   1 1   2 2   3 3
126 264 4   0 0   1 1   2 2   3 3
126 156 4   0 0   1 1   2 2   3 3
127 217 4   0 0   1 1   2 2   3 3
128 241 4   0 0   1 1   2 2   3 3
128 162 4   0 0   1 1   2 2   3 3
128 228 4   0 0   1 1   2 2   3 3
128 166 4   0 0   1 1   2 2   3 3
128 204 4   0 0   1 1   2 2   3 3
128 350 4   0 0   1 1   2 2   3 3
129 321 4   0 0   1 1   2 2   3 3
129 265 4   0 0   1 1   2 2   3 3
129 189 4   0 0   1 1   2 2   3 3
130 161 4   0 0   1 1   2 2   3 3
130 131 4   0 0   1 1   2 2   3 3
130 357 4   0 0   1 1   2 2   3 3
130 154 4   0 0   1 1   2 2   3 3
131 154 4   0 0   1 1   2 2   3 3
132 176 4   0 0   1 1   2 2   3 3
132 322 4   0 0   1 1   2 2   3 3
132 339 4   0 0   1 1   2 2   3 3
132 228 4   0 0   1 1   2 2   3 3
132 297 4   0 0   1 1   2 2   3 3
132 155 4   0 0   1 1   2 2   3 3
132 221 4   0 0   1 1   2 2   3 3
133 309 4   0 0   1 1   2 2   3 3
133 294 4   0 0   1 1   2 2   3 3
133 239 4   0 0   1 1   2 2   3 3
134 273 4   0 0   1 1   2 2   3 3
134 293 4   0 0   1 1   2 2   3 3
134 219 4   0 0   1 1   2 2   3 3
134 191 4   0 0   1 1   2 2   3 3
135 208 4   0 0   1 1   2 2   3 3
135 341 4   0 0   1 1   2 2   3 3
135 326 4   0 0   1 1   2 2   3 3
135 296 4   0 0   1 1   2 2   3 3
136 280 4   0 0   1 1   2 2   3 3
136 253 4   0 0   1 1   2 2   3 3
136 334 4   0 0   1 1   2 2   3 3
137 176 4   0 0   1 1   2 2   3 3
137 220 4   0 0   1 1   2 2   3 3
138 328 4   0 0   1 1   2 2   3 3
138 281 4   0 0   1 1   2 2   3 3
138 314 4   0 0   1 1   2 2   3 3
138 219 4   0 0   1 1   2 2   3 3
139 256 4   0 0   1 1   2 2   3 3
139 233 4   0 0   1 1   2 2   3 3
139 332 4   0 0   1 1   2 2   3 3
139 269 4   0 0   1 1   2 2   3 3
140 201 4   0 0   1 1   2 2   3 3
141 304 4   0 0   1 1   2 2   3 3
141 341 4   0 0   1 1   2 2   3 3
141 157 4   0 0   1 1   2 2   3 3
141 206 4   0 0   1 1   2 2   3 3
142 171 4   0 0   1 1   2 2   3 3
143 241 4   0 0   1 1   2 2   3 3
143 290 4   0 0   1 1   2 2   3 3
143 236 4   0 0   1 1   2 2   3 3
143 237 4   0 0   1 1   2 2   3 3
144 182 4   0 0   1 1   2 2   3 3
144 360 4   0 0   1 1   2 2   3 3
144 218 4   0 0   1 1   2 2   3 3
144 282 4   0 0   1 1   2 2   3 3
144 284 4   0 0   1 1   2 2   3 3
145 224 4   0 0   1 1   2 2   3 3
145 292 4   0 0   1 1   2 2   3 3
145 358 4   0 0   1 1   2 2   3 3
145 238 4   0 0   1 1   2 2   3 3
145 335 4   0 0   1 1   2 2   3 3
146 353 4   0 0   1 1   2 2   3 3
146 211 4   0 0   1 1   2 2   3 3
146 170 4   0 0   1 1   2 2   3 3
146 351 4   0 0   1 1   2 2   3 3
148 329 4   0 0   1 1   2 2   3 3
148 330 4   0 0   1 1   2 2   3 3
148 207 4   0 0   1 1   2 2   3 3
148 159 4   0 0   1 1   2 2   3 3
149 181 4   0 0   1 1   2 2   3 3
149 346 4   0 0   1 1   2 2   3 3
149 175 4   0 0   1 1   2 2   3 3
149 255 4   0 0   1 1   2 2   3 3
150 355 4   0 0   1 1   2 2   3 3
150 248 4   0 0   1 1   2 2   3 3
150 185 4   0 0   1 1   2 2   3 3
151 160 4   0 0   1 1   2 2   3 3
151 293 4   0 0   1 1   2 2   3 3
151 182 4   0 0   1 1   2 2   3 3
151 360 4   0 0   1 1   2 2   3 3
151 189 4   0 0   1 1   2 2   3 3
152 274 4   0 0   1 1   2 2   3 3
152 309 4   0 0   1 1   2 2   3 3
152 184 4   0 0   1 1   2 2   3 3
152 268 4   0 0   1 1   2 2   3 3
152 239 4   0 0   1 1   2 2   3 3
153 225 4   0 0   1 1   2 2   3 3
153 209 4   0 0   1 1   2 2   3 3
153 344 4   0 0   1 1   2 2   3 3
153 236 4   0 0   1 1   2 2   3 3
153 237 4   0 0   1 1   2 2   3 3
153 302 4   0 0   1 1   2 2   3 3
154 161 4   0 0   1 1   2 2   3 3
154 354 4   0 0   1 1   2 2   3 3
154 252 4   0 0   1 1   2 2   3 3
155 297 4   0 0   1 1   2 2   3 3
155 221 4   0 0   1 1   2 2   3 3
155 254 4   0 0   1 1   2 2   3 3
156 240 4   0 0   1 1   2 2   3 3
156 227 4   0 0   1 1   2 2   3 3
156 343 4   0 0   1 1   2 2   3 3
156 302 4   0 0   1 1   2 2   3 3
157 304 4   0 0   1 1   2 2   3 3
157 338 4   0 0   1 1   2 2   3 3
157 326 4   0 0   1 1   2 2   3 3
157 331 4   0 0   1 1   2 2   3 3
158 288 4   0 0   1 1   2 2   3 3
158 194 4   0 0   1 1   2 2   3 3
159 180 4   0 0   1 1   2 2   3 3
159 201 4   0 0   1 1   2 2   3 3
159 330 4   0 0   1 1   2 2   3 3
159 319 4   0 0   1 1   2 2   3 3
160 293 4   0 0   1 1   2 2   3 3
160 186 4   0 0   1 1   2 2   3 3
160 205 4   0 0   1 1   2 2   3 3
160 189 4   0 0   1 1   2 2   3 3
161 257 4   0 0   1 1   2 2   3 3
161 357 4   0 0   1 1   2 2   3 3
161 311 4   0 0   1 1   2 2   3 3
161 252 4   0 0   1 1   2 2   3 3
162 225 4   0 0   1 1   2 2   3 3
162 241 4   0 0   1 1   2 2   3 3
162 236 4   0 0   1 1   2 2   3 3
162 350 4   0 0   1 1   2 2   3 3
163 322 4   0 0   1 1   2 2   3 3
163 244 4   0 0   1 1   2 2   3 3
163 310 4   0 0   1 1   2 2   3 3
163 268 4   0 0   1 1   2 2   3 3
164 242 4   0 0   1 1   2 2   3 3
164 217 4   0 0   1 1   2 2   3 3
165 243 4   0 0   1 1   2 2   3 3
165 284 4   0 0   1 1   2 2   3 3
165 333 4   0 0   1 1   2 2   3 3
166 241 4   0 0   1 1   2 2   3 3
166 340 4   0 0   1 1   2 2   3 3
166 204 4   0 0   1 1   2 2   3 3
167 194 4   0 0   1 1   2 2   3 3
167 170 4   0 0   1 1   2 2   3 3
167 271 4   0 0   1 1   2 2   3 3
168 272 4   0 0   1 1   2 2   3 3
168 361 4   0 0   1 1   2 2   3 3
168 266 4   0 0   1 1   2 2   3 3
169 192 4   0 0   1 1   2 2   3 3
169 338 4   0 0   1 1   2 2   3 3
169 280 4   0 0   1 1   2 2   3 3
169 234 4   0 0   1 1   2 2   3 3
169 331 4   0 0   1 1   2 2   3 3
169 334 4   0 0   1 1   2 2   3 3
170 273 4   0 0   1 1   2 2   3 3
170 281 4   0 0   1 1   2 2   3 3
170 235 4   0 0   1 1   2 2   3 3
170 219 4   0 0   1 1   2 2   3 3
170 271 4   0 0   1 1   2 2   3 3
171 183 4   0 0   1 1   2 2   3 3
172 227 4   0 0   1 1   2 2   3 3
172 343 4   0 0   1 1   2 2   3 3
173 190 4   0 0   1 1   2 2   3 3
174 352 4   0 0   1 1   2 2   3 3
174 251 4   0 0   1 1   2 2   3 3
175 181 4   0 0   1 1   2 2   3 3
175 349 4   0 0   1 1   2 2   3 3
176 297 4   0 0   1 1   2 2   3 3
176 220 4   0 0   1 1   2 2   3 3
177 320 4   0 0   1 1   2 2   3 3
177 179 4   0 0   1 1   2 2   3 3
177 359 4   0 0   1 1   2 2   3 3
177 301 4   0 0   1 1   2 2   3 3
177 286 4   0 0   1 1   2 2   3 3
178 355 4   0 0   1 1   2 2   3 3
178 295 4   0 0   1 1   2 2   3 3
178 248 4   0 0   1 1   2 2   3 3
178 267 4   0 0   1 1   2 2   3 3
179 187 4   0 0   1 1   2 2   3 3
179 301 4   0 0   1 1   2 2   3 3
180 276 4   0 0   1 1   2 2   3 3
180 234 4   0 0   1 1   2 2   3 3
180 317 4   0 0   1 1   2 2   3 3
180 319 4   0 0   1 1   2 2   3 3
181 193 4   0 0   1 1   2 2   3 3
181 349 4   0 0   1 1   2 2   3 3
182 360 4   0 0   1 1   2 2   3 3
182 282 4   0 0   1 1   2 2   3 3
183 315 4   0 0   1 1   2 2   3 3
184 274 4   0 0   1 1   2 2   3 3
184 350 4   0 0   1 1   2 2   3 3
184 239 4   0 0   1 1   2 2   3 3
185 355 4   0 0   1 1   2 2   3 3
185 316 4   0 0   1 1   2 2   3 3
186 246 4   0 0   1 1   2 2   3 3
186 328 4   0 0   1 1   2 2   3 3
186 205 4   0 0   1 1   2 2   3 3
188 214 4   0 0   1 1   2 2   3 3
188 221 4   0 0   1 1   2 2   3 3
188 254 4   0 0   1 1   2 2   3 3
189 321 4   0 0   1 1   2 2   3 3
189 205 4   0 0   1 1   2 2   3 3
190 289 4   0 0   1 1   2 2   3 3
190 303 4   0 0   1 1   2 2   3 3
191 273 4   0 0   1 1   2 2   3 3
192 280 4   0 0   1 1   2 2   3 3
192 234 4   0 0   1 1   2 2   3 3
194 271 4   0 0   1 1   2 2   3 3
195 278 4   0 0   1 1   2 2   3 3
195 345 4   0 0   1 1   2 2   3 3
195 300 4   0 0   1 1   2 2   3 3
196 213 4   0 0   1 1   2 2   3 3
196 295 4   0 0   1 1   2 2   3 3
196 216 4   0 0   1 1   2 2   3 3
196 223 4   0 0   1 1   2 2   3 3
197 228 4   0 0   1 1   2 2   3 3
197 340 4   0 0   1 1   2 2   3 3
197 356 4   0 0   1 1   2 2   3 3
197 214 4   0 0   1 1   2 2   3 3
197 199 4   0 0   1 1   2 2   3 3
197 345 4   0 0   1 1   2 2   3 3
197 204 4   0 0   1 1   2 2   3 3
197 300 4   0 0   1 1   2 2   3 3
198 249 4   0 0   1 1   2 2   3 3
198 203 4   0 0   1 1   2 2   3 3
198 348 4   0 0   1 1   2 2   3 3
199 339 4   0 0   1 1   2 2   3 3
199 228 4   0 0   1 1   2 2   3 3
199 214 4   0 0   1 1   2 2   3 3
200 312 4   0 0   1 1   2 2   3 3
200 329 4   0 0   1 1   2 2   3 3
201 319 4   0 0   1 1   2 2   3 3
202 353 4   0 0   1 1   2 2   3 3
202 261 4   0 0   1 1   2 2   3 3
203 294 4   0 0   1 1   2 2   3 3
203 249 4   0 0   1 1   2 2   3 3
204 228 4   0 0   1 1   2 2   3 3
204 340 4   0 0   1 1   2 2   3 3
205 246 4   0 0   1 1   2 2   3 3
206 208 4   0 0   1 1   2 2   3 3
206 341 4   0 0   1 1   2 2   3 3
206 296 4   0 0   1 1   2 2   3 3
207 356 4   0 0   1 1   2 2   3 3
207 214 4   0 0   1 1   2 2   3 3
207 312 4   0 0   1 1   2 2   3 3
207 329 4   0 0   1 1   2 2   3 3
208 308 4   0 0   1 1   2 2   3 3
208 296 4   0 0   1 1   2 2   3 3
208 270 4   0 0   1 1   2 2   3 3
208 287 4   0 0   1 1   2 2   3 3
209 290 4   0 0   1 1   2 2   3 3
209 343 4   0 0   1 1   2 2   3 3
209 237 4   0 0   1 1   2 2   3 3
209 302 4   0 0   1 1   2 2   3 3
210 312 4   0 0   1 1   2 2   3 3
210 345 4   0 0   1 1   2 2   3 3
212 244 4   0 0   1 1   2 2   3 3
212 309 4   0 0   1 1   2 2   3 3
212 263 4   0 0   1 1   2 2   3 3
212 268 4   0 0   1 1   2 2   3 3
213 216 4   0 0   1 1   2 2   3 3
213 331 4   0 0   1 1   2 2   3 3
213 334 4   0 0   1 1   2 2   3 3
214 356 4   0 0   1 1   2 2   3 3
215 278 4   0 0   1 1   2 2   3 3
215 327 4   0 0   1 1   2 2   3 3
216 352 4   0 0   1 1   2 2   3 3
216 251 4   0 0   1 1   2 2   3 3
216 253 4   0 0   1 1   2 2   3 3
216 334 4   0 0   1 1   2 2   3 3
216 223 4   0 0   1 1   2 2   3 3
218 360 4   0 0   1 1   2 2   3 3
218 284 4   0 0   1 1   2 2   3 3
219 273 4   0 0   1 1   2 2   3 3
219 281 4   0 0   1 1   2 2   3 3
220 222 4   0 0   1 1   2 2   3 3
221 339 4   0 0   1 1   2 2   3 3
221 254 4   0 0   1 1   2 2   3 3
222 258 4   0 0   1 1   2 2   3 3
222 310 4   0 0   1 1   2 2   3 3
223 295 4   0 0   1 1   2 2   3 3
224 358 4   0 0   1 1   2 2   3 3
224 316 4   0 0   1 1   2 2   3 3
225 324 4   0 0   1 1   2 2   3 3
225 344 4   0 0   1 1   2 2   3 3
225 236 4   0 0   1 1   2 2   3 3
225 350 4   0 0   1 1   2 2   3 3
226 276 4   0 0   1 1   2 2   3 3
226 280 4   0 0   1 1   2 2   3 3
226 234 4   0 0   1 1   2 2   3 3
227 259 4   0 0   1 1   2 2   3 3
227 343 4   0 0   1 1   2 2   3 3
228 322 4   0 0   1 1   2 2   3 3
228 339 4   0 0   1 1   2 2   3 3
229 257 4   0 0   1 1   2 2   3 3
229 354 4   0 0   1 1   2 2   3 3
229 323 4   0 0   1 1   2 2   3 3
229 299 4   0 0   1 1   2 2   3 3
230 291 4   0 0   1 1   2 2   3 3
230 359 4   0 0   1 1   2 2   3 3
231 262 4   0 0   1 1   2 2   3 3
231 346 4   0 0   1 1   2 2   3 3
231 283 4   0 0   1 1   2 2   3 3
232 243 4   0 0   1 1   2 2   3 3
232 323 4   0 0   1 1   2 2   3 3
232 299 4   0 0   1 1   2 2   3 3
232 333 4   0 0   1 1   2 2   3 3
233 272 4   0 0   1 1   2 2   3 3
233 247 4   0 0   1 1   2 2   3 3
233 283 4   0 0   1 1   2 2   3 3
233 269 4   0 0   1 1   2 2   3 3
234 338 4   0 0   1 1   2 2   3 3
234 276 4   0 0   1 1   2 2   3 3
234 317 4   0 0   1 1   2 2   3 3
235 273 4   0 0   1 1   2 2   3 3
235 271 4   0 0   1 1   2 2   3 3
236 241 4   0 0   1 1   2 2   3 3
236 237 4   0 0   1 1   2 2   3 3
237 290 4   0 0   1 1   2 2   3 3
238 292 4   0 0   1 1   2 2   3 3
239 309 4   0 0   1 1   2 2   3 3
239 294 4   0 0   1 1   2 2   3 3
240 250 4   0 0   1 1   2 2   3 3
240 302 4   0 0   1 1   2 2   3 3
241 290 4   0 0   1 1   2 2   3 3
243 323 4   0 0   1 1   2 2   3 3
243 325 4   0 0   1 1   2 2   3 3
243 333 4   0 0   1 1   2 2   3 3
244 310 4   0 0   1 1   2 2   3 3
244 263 4   0 0   1 1   2 2   3 3
244 268 4   0 0   1 1   2 2   3 3
245 361 4   0 0   1 1   2 2   3 3
246 261 4   0 0   1 1   2 2   3 3
246 250 4   0 0   1 1   2 2   3 3
247 292 4   0 0   1 1   2 2   3 3
247 270 4   0 0   1 1   2 2   3 3
247 335 4   0 0   1 1   2 2   3 3
248 352 4   0 0   1 1   2 2   3 3
248 355 4   0 0   1 1   2 2   3 3
248 260 4   0 0   1 1   2 2   3 3
248 267 4   0 0   1 1   2 2   3 3
250 315 4   0 0   1 1   2 2   3 3
250 302 4   0 0   1 1   2 2   3 3
251 352 4   0 0   1 1   2 2   3 3
251 253 4   0 0   1 1   2 2   3 3
252 257 4   0 0   1 1   2 2   3 3
252 354 4   0 0   1 1   2 2   3 3
253 334 4   0 0   1 1   2 2   3 3
255 346 4   0 0   1 1   2 2   3 3
256 329 4   0 0   1 1   2 2   3 3
256 330 4   0 0   1 1   2 2   3 3
256 332 4   0 0   1 1   2 2   3 3
257 354 4   0 0   1 1   2 2   3 3
257 311 4   0 0   1 1   2 2   3 3
259 307 4   0 0   1 1   2 2   3 3
259 262 4   0 0   1 1   2 2   3 3
260 352 4   0 0   1 1   2 2   3 3
260 267 4   0 0   1 1   2 2   3 3
262 346 4   0 0   1 1   2 2   3 3
263 310 4   0 0   1 1   2 2   3 3
264 321 4   0 0   1 1   2 2   3 3
264 265 4   0 0   1 1   2 2   3 3
265 321 4   0 0   1 1   2 2   3 3
265 279 4   0 0   1 1   2 2   3 3
267 295 4   0 0   1 1   2 2   3 3
268 309 4   0 0   1 1   2 2   3 3
269 332 4   0 0   1 1   2 2   3 3
270 308 4   0 0   1 1   2 2   3 3
270 335 4   0 0   1 1   2 2   3 3
270 287 4   0 0   1 1   2 2   3 3
272 361 4   0 0   1 1   2 2   3 3
272 283 4   0 0   1 1   2 2   3 3
274 350 4   0 0   1 1   2 2   3 3
275 337 4   0 0   1 1   2 2   3 3
275 342 4   0 0   1 1   2 2   3 3
276 319 4   0 0   1 1   2 2   3 3
277 354 4   0 0   1 1   2 2   3 3
277 313 4   0 0   1 1   2 2   3 3
277 298 4   0 0   1 1   2 2   3 3
277 285 4   0 0   1 1   2 2   3 3
278 340 4   0 0   1 1   2 2   3 3
278 300 4   0 0   1 1   2 2   3 3
280 334 4   0 0   1 1   2 2   3 3
281 314 4   0 0   1 1   2 2   3 3
282 306 4   0 0   1 1   2 2   3 3
282 284 4   0 0   1 1   2 2   3 3
282 318 4   0 0   1 1   2 2   3 3
285 298 4   0 0   1 1   2 2   3 3
285 299 4   0 0   1 1   2 2   3 3
285 286 4   0 0   1 1   2 2   3 3
286 320 4   0 0   1 1   2 2   3 3
286 301 4   0 0   1 1   2 2   3 3
287 326 4   0 0   1 1   2 2   3 3
287 358 4   0 0   1 1   2 2   3 3
289 337 4   0 0   1 1   2 2   3 3
292 335 4   0 0   1 1   2 2   3 3
295 326 4   0 0   1 1   2 2   3 3
296 341 4   0 0   1 1   2 2   3 3
298 313 4   0 0   1 1   2 2   3 3
298 303 4   0 0   1 1   2 2   3 3
299 354 4   0 0   1 1   2 2   3 3
299 323 4   0 0   1 1   2 2   3 3
300 340 4   0 0   1 1   2 2   3 3
300 345 4   0 0   1 1   2 2   3 3
302 343 4   0 0   1 1   2 2   3 3
302 315 4   0 0   1 1   2 2   3 3
303 337 4   0 0   1 1   2 2   3 3
303 313 4   0 0   1 1   2 2   3 3
304 338 4   0 0   1 1   2 2   3 3
304 317 4   0 0   1 1   2 2   3 3
305 327 4   0 0   1 1   2 2   3 3
306 333 4   0 0   1 1   2 2   3 3
306 318 4   0 0   1 1   2 2   3 3
307 361 4   0 0   1 1   2 2   3 3
308 332 4   0 0   1 1   2 2   3 3
311 357 4   0 0   1 1   2 2   3 3
312 356 4   0 0   1 1   2 2   3 3
312 345 4   0 0   1 1   2 2   3 3
312 329 4   0 0   1 1   2 2   3 3
313 347 4   0 0   1 1   2 2   3 3
314 328 4   0 0   1 1   2 2   3 3
316 355 4   0 0   1 1   2 2   3 3
317 338 4   0 0   1 1   2 2   3 3
318 333 4   0 0   1 1   2 2   3 3
320 333 4   0 0   1 1   2 2   3 3
324 344 4   0 0   1 1   2 2   3 3
324 348 4   0 0   1 1   2 2   3 3
324 350 4   0 0   1 1   2 2   3 3
326 341 4   0 0   1 1   2 2   3 3
329 330 4   0 0   1 1   2 2   3 3
330 332 4   0 0   1 1   2 2   3 3
331 338 4   0 0   1 1   2 2   3 3
331 334 4   0 0   1 1   2 2   3 3
335 358 4   0 0   1 1   2 2   3 3
336 337 4   0 0   1 1   2 2   3 3
344 348 4   0 0   1 1   2 2   3 3
345 356 4   0 0   1 1   2 2   3 3
351 353 4   0 0   1 1   2 2   3 3
