341
1 4 0 1 2 3
2 4 0 1 2 3
3 4 0 1 2 3
4 4 0 1 2 3
5 4 0 1 2 3
6 4 0 1 2 3
7 4 0 1 2 3
8 4 0 1 2 3
9 4 0 1 2 3
10 4 0 1 2 3
11 4 0 1 2 3
12 4 0 1 2 3
13 4 0 1 2 3
14 4 0 1 2 3
15 4 0 1 2 3
16 4 0 1 2 3
17 4 0 1 2 3
18 4 0 1 2 3
19 4 0 1 2 3
20 4 0 1 2 3
21 4 0 1 2 3
22 4 0 1 2 3
23 4 0 1 2 3
24 4 0 1 2 3
25 4 0 1 2 3
26 4 0 1 2 3
27 4 0 1 2 3
28 4 0 1 2 3
29 4 0 1 2 3
30 4 0 1 2 3
31 4 0 1 2 3
32 4 0 1 2 3
33 4 0 1 2 3
34 4 0 1 2 3
35 4 0 1 2 3
36 4 0 1 2 3
37 4 0 1 2 3
38 4 0 1 2 3
39 4 0 1 2 3
40 4 0 1 2 3
41 4 0 1 2 3
42 4 0 1 2 3
43 4 0 1 2 3
44 4 0 1 2 3
45 4 0 1 2 3
46 4 0 1 2 3
47 4 0 1 2 3
48 4 0 1 2 3
49 4 0 1 2 3
50 4 0 1 2 3
51 4 0 1 2 3
52 4 0 1 2 3
53 4 0 1 2 3
54 4 0 1 2 3
55 4 0 1 2 3
56 4 0 1 2 3
57 4 0 1 2 3
58 4 0 1 2 3
59 4 0 1 2 3
60 4 0 1 2 3
61 4 0 1 2 3
62 4 0 1 2 3
63 4 0 1 2 3
64 4 0 1 2 3
65 4 0 1 2 3
66 4 0 1 2 3
67 4 0 1 2 3
68 4 0 1 2 3
69 4 0 1 2 3
70 4 0 1 2 3
71 4 0 1 2 3
72 4 0 1 2 3
73 4 0 1 2 3
74 4 0 1 2 3
75 4 0 1 2 3
76 4 0 1 2 3
77 4 0 1 2 3
78 4 0 1 2 3
79 4 0 1 2 3
80 4 0 1 2 3
81 4 0 1 2 3
82 4 0 1 2 3
83 4 0 1 2 3
84 4 0 1 2 3
85 4 0 1 2 3
86 4 0 1 2 3
87 4 0 1 2 3
88 4 0 1 2 3
89 4 0 1 2 3
90 4 0 1 2 3
91 4 0 1 2 3
92 4 0 1 2 3
93 4 0 1 2 3
94 4 0 1 2 3
95 4 0 1 2 3
96 4 0 1 2 3
97 4 0 1 2 3
98 4 0 1 2 3
99 4 0 1 2 3
100 4 0 1 2 3
101 4 0 1 2 3
102 4 0 1 2 3
103 4 0 1 2 3
104 4 0 1 2 3
105 4 0 1 2 3
106 4 0 1 2 3
107 4 0 1 2 3
108 4 0 1 2 3
109 4 0 1 2 3
110 4 0 1 2 3
111 4 0 1 2 3
112 4 0 1 2 3
113 4 0 1 2 3
114 4 0 1 2 3
115 4 0 1 2 3
116 4 0 1 2 3
117 4 0 1 2 3
118 4 0 1 2 3
119 4 0 1 2 3
120 4 0 1 2 3
121 4 0 1 2 3
122 4 0 1 2 3
123 4 0 1 2 3
124 4 0 1 2 3
125 4 0 1 2 3
126 4 0 1 2 3
127 4 0 1 2 3
128 4 0 1 2 3
129 4 0 1 2 3
130 4 0 1 2 3
131 4 0 1 2 3
132 4 0 1 2 3
133 4 0 1 2 3
134 4 0 1 2 3
135 4 0 1 2 3
136 4 0 1 2 3
137 4 0 1 2 3
138 4 0 1 2 3
139 4 0 1 2 3
140 4 0 1 2 3
141 4 0 1 2 3
142 4 0 1 2 3
143 4 0 1 2 3
144 4 0 1 2 3
145 4 0 1 2 3
146 4 0 1 2 3
147 4 0 1 2 3
148 4 0 1 2 3
149 4 0 1 2 3
150 4 0 1 2 3
151 4 0 1 2 3
152 4 0 1 2 3
153 4 0 1 2 3
154 4 0 1 2 3
155 4 0 1 2 3
156 4 0 1 2 3
157 4 0 1 2 3
158 4 0 1 2 3
159 4 0 1 2 3
160 4 0 1 2 3
161 4 0 1 2 3
162 4 0 1 2 3
163 4 0 1 2 3
164 4 0 1 2 3
165 4 0 1 2 3
166 4 0 1 2 3
167 4 0 1 2 3
168 4 0 1 2 3
169 4 0 1 2 3
170 4 0 1 2 3
171 4 0 1 2 3
172 4 0 1 2 3
173 4 0 1 2 3
174 4 0 1 2 3
175 4 0 1 2 3
176 4 0 1 2 3
177 4 0 1 2 3
178 4 0 1 2 3
179 4 0 1 2 3
180 4 0 1 2 3
181 4 0 1 2 3
182 4 0 1 2 3
183 4 0 1 2 3
184 4 0 1 2 3
185 4 0 1 2 3
186 4 0 1 2 3
187 4 0 1 2 3
188 4 0 1 2 3
189 4 0 1 2 3
190 4 0 1 2 3
191 4 0 1 2 3
192 4 0 1 2 3
193 4 0 1 2 3
194 4 0 1 2 3
195 4 0 1 2 3
196 4 0 1 2 3
197 4 0 1 2 3
198 4 0 1 2 3
199 4 0 1 2 3
200 4 0 1 2 3
201 4 0 1 2 3
202 4 0 1 2 3
203 4 0 1 2 3
204 4 0 1 2 3
205 4 0 1 2 3
206 4 0 1 2 3
207 4 0 1 2 3
208 4 0 1 2 3
209 4 0 1 2 3
210 4 0 1 2 3
211 4 0 1 2 3
212 4 0 1 2 3
213 4 0 1 2 3
214 4 0 1 2 3
215 4 0 1 2 3
216 4 0 1 2 3
217 4 0 1 2 3
218 4 0 1 2 3
219 4 0 1 2 3
220 4 0 1 2 3
221 4 0 1 2 3
222 4 0 1 2 3
223 4 0 1 2 3
224 4 0 1 2 3
225 4 0 1 2 3
226 4 0 1 2 3
227 4 0 1 2 3
228 4 0 1 2 3
229 4 0 1 2 3
230 4 0 1 2 3
231 4 0 1 2 3
232 4 0 1 2 3
233 4 0 1 2 3
234 4 0 1 2 3
235 4 0 1 2 3
236 4 0 1 2 3
237 4 0 1 2 3
238 4 0 1 2 3
239 4 0 1 2 3
240 4 0 1 2 3
241 4 0 1 2 3
242 4 0 1 2 3
243 4 0 1 2 3
244 4 0 1 2 3
245 4 0 1 2 3
246 4 0 1 2 3
247 4 0 1 2 3
248 4 0 1 2 3
249 4 0 1 2 3
250 4 0 1 2 3
251 4 0 1 2 3
252 4 0 1 2 3
253 4 0 1 2 3
254 4 0 1 2 3
255 4 0 1 2 3
256 4 0 1 2 3
257 4 0 1 2 3
258 4 0 1 2 3
259 4 0 1 2 3
260 4 0 1 2 3
261 4 0 1 2 3
262 4 0 1 2 3
263 4 0 1 2 3
264 4 0 1 2 3
265 4 0 1 2 3
266 4 0 1 2 3
267 4 0 1 2 3
268 4 0 1 2 3
269 4 0 1 2 3
270 4 0 1 2 3
271 4 0 1 2 3
272 4 0 1 2 3
273 4 0 1 2 3
274 4 0 1 2 3
275 4 0 1 2 3
276 4 0 1 2 3
277 4 0 1 2 3
278 4 0 1 2 3
279 4 0 1 2 3
280 4 0 1 2 3
281 4 0 1 2 3
282 4 0 1 2 3
283 4 0 1 2 3
284 4 0 1 2 3
285 4 0 1 2 3
286 4 0 1 2 3
287 4 0 1 2 3
288 4 0 1 2 3
289 4 0 1 2 3
290 4 0 1 2 3
291 4 0 1 2 3
292 4 0 1 2 3
293 4 0 1 2 3
294 4 0 1 2 3
295 4 0 1 2 3
296 4 0 1 2 3
297 4 0 1 2 3
298 4 0 1 2 3
299 4 0 1 2 3
300 4 0 1 2 3
301 4 0 1 2 3
302 4 0 1 2 3
303 4 0 1 2 3
304 4 0 1 2 3
305 4 0 1 2 3
306 4 0 1 2 3
307 4 0 1 2 3
308 4 0 1 2 3
309 4 0 1 2 3
310 4 0 1 2 3
311 4 0 1 2 3
312 4 0 1 2 3
313 4 0 1 2 3
314 4 0 1 2 3
315 4 0 1 2 3
316 4 0 1 2 3
317 4 0 1 2 3
318 4 0 1 2 3
319 4 0 1 2 3
320 4 0 1 2 3
321 4 0 1 2 3
322 4 0 1 2 3
323 4 0 1 2 3
324 4 0 1 2 3
325 4 0 1 2 3
326 4 0 1 2 3
327 4 0 1 2 3
328 4 0 1 2 3
329 4 0 1 2 3
330 4 0 1 2 3
331 4 0 1 2 3
332 4 0 1 2 3
333 4 0 1 2 3
334 4 0 1 2 3
335 4 0 1 2 3
336 4 0 1 2 3
337 4 0 1 2 3
338 4 0 1 2 3
339 4 0 1 2 3
340 4 0 1 2 3
341 4 0 1 2 3
965
1 160 4   0 0   1 1   2 2   3 3
1 115 4   0 0   1 1   2 2   3 3
1 260 4   0 0   1 1   2 2   3 3
1 164 4   0 0   1 1   2 2   3 3
1 54 4   0 0   1 1   2 2   3 3
1 167 4   0 0   1 1   2 2   3 3
1 90 4   0 0   1 1   2 2   3 3
1 155 4   0 0   1 1   2 2   3 3
2 214 4   0 0   1 1   2 2   3 3
2 24 4   0 0   1 1   2 2   3 3
2 105 4   0 0   1 1   2 2   3 3
2 27 4   0 0   1 1   2 2   3 3
2 30 4   0 0   1 1   2 2   3 3
3 256 4   0 0   1 1   2 2   3 3
3 145 4   0 0   1 1   2 2   3 3
3 148 4   0 0   1 1   2 2   3 3
3 54 4   0 0   1 1   2 2   3 3
3 124 4   0 0   1 1   2 2   3 3
3 126 4   0 0   1 1   2 2   3 3
4 194 4   0 0   1 1   2 2   3 3
4 275 4   0 0   1 1   2 2   3 3
4 138 4   0 0   1 1   2 2   3 3
4 218 4   0 0   1 1   2 2   3 3
4 139 4   0 0   1 1   2 2   3 3
4 333 4   0 0   1 1   2 2   3 3
4 287 4   0 0   1 1   2 2   3 3
5 259 4   0 0   1 1   2 2   3 3
5 212 4   0 0   1 1   2 2   3 3
5 309 4   0 0   1 1   2 2   3 3
5 168 4   0 0   1 1   2 2   3 3
5 268 4   0 0   1 1   2 2   3 3
6 273 4   0 0   1 1   2 2   3 3
6 226 4   0 0   1 1   2 2   3 3
6 180 4   0 0   1 1   2 2   3 3
6 313 4   0 0   1 1   2 2   3 3
6 123 4   0 0   1 1   2 2   3 3
6 172 4   0 0   1 1   2 2   3 3
7 193 4   0 0   1 1   2 2   3 3
7 99 4   0 0   1 1   2 2   3 3
7 67 4   0 0   1 1   2 2   3 3
7 324 4   0 0   1 1   2 2   3 3
7 106 4   0 0   1 1   2 2   3 3
7 285 4   0 0   1 1   2 2   3 3
8 51 4   0 0   1 1   2 2   3 3
8 22 4   0 0   1 1   2 2   3 3
8 263 4   0 0   1 1   2 2   3 3
8 298 4   0 0   1 1   2 2   3 3
9 320 4   0 0   1 1   2 2   3 3
9 336 4   0 0   1 1   2 2   3 3
9 195 4   0 0   1 1   2 2   3 3
9 199 4   0 0   1 1   2 2   3 3
9 252 4   0 0   1 1   2 2   3 3
9 93 4   0 0   1 1   2 2   3 3
9 15 4   0 0   1 1   2 2   3 3
10 65 4   0 0   1 1   2 2   3 3
10 197 4   0 0   1 1   2 2   3 3
10 202 4   0 0   1 1   2 2   3 3
10 235 4   0 0   1 1   2 2   3 3
10 45 4   0 0   1 1   2 2   3 3
11 272 4   0 0   1 1   2 2   3 3
11 242 4   0 0   1 1   2 2   3 3
11 291 4   0 0   1 1   2 2   3 3
11 35 4   0 0   1 1   2 2   3 3
11 164 4   0 0   1 1   2 2   3 3
11 266 4   0 0   1 1   2 2   3 3
11 223 4   0 0   1 1   2 2   3 3
12 34 4   0 0   1 1   2 2   3 3
12 84 4   0 0   1 1   2 2   3 3
12 286 4   0 0   1 1   2 2   3 3
13 243 4   0 0   1 1   2 2   3 3
13 229 4   0 0   1 1   2 2   3 3
13 39 4   0 0   1 1   2 2   3 3
13 24 4   0 0   1 1   2 2   3 3
13 88 4   0 0   1 1   2 2   3 3
13 79 4   0 0   1 1   2 2   3 3
14 21 4   0 0   1 1   2 2   3 3
14 37 4   0 0   1 1   2 2   3 3
14 102 4   0 0   1 1   2 2   3 3
14 152 4   0 0   1 1   2 2   3 3
14 185 4   0 0   1 1   2 2   3 3
14 174 4   0 0   1 1   2 2   3 3
15 320 4   0 0   1 1   2 2   3 3
15 340 4   0 0   1 1   2 2   3 3
15 93 4   0 0   1 1   2 2   3 3
15 206 4   0 0   1 1   2 2   3 3
16 134 4   0 0   1 1   2 2   3 3
16 75 4   0 0   1 1   2 2   3 3
16 28 4   0 0   1 1   2 2   3 3
16 205 4   0 0   1 1   2 2   3 3
16 47 4   0 0   1 1   2 2   3 3
17 288 4   0 0   1 1   2 2   3 3
17 146 4   0 0   1 1   2 2   3 3
17 84 4   0 0   1 1   2 2   3 3
17 265 4   0 0   1 1   2 2   3 3
17 220 4   0 0   1 1   2 2   3 3
17 286 4   0 0   1 1   2 2   3 3
17 143 4   0 0   1 1   2 2   3 3
18 280 4   0 0   1 1   2 2   3 3
18 78 4   0 0   1 1   2 2   3 3
18 207 4   0 0   1 1   2 2   3 3
19 182 4   0 0   1 1   2 2   3 3
19 247 4   0 0   1 1   2 2   3 3
19 204 4   0 0   1 1   2 2   3 3
19 108 4   0 0   1 1   2 2   3 3
20 128 4   0 0   1 1   2 2   3 3
20 292 4   0 0   1 1   2 2   3 3
20 86 4   0 0   1 1   2 2   3 3
20 121 4   0 0   1 1   2 2   3 3
20 137 4   0 0   1 1   2 2   3 3
20 42 4   0 0   1 1   2 2   3 3
20 204 4   0 0   1 1   2 2   3 3
20 316 4   0 0   1 1   2 2   3 3
20 303 4   0 0   1 1   2 2   3 3
21 289 4   0 0   1 1   2 2   3 3
21 184 4   0 0   1 1   2 2   3 3
21 152 4   0 0   1 1   2 2   3 3
21 58 4   0 0   1 1   2 2   3 3
21 174 4   0 0   1 1   2 2   3 3
22 51 4   0 0   1 1   2 2   3 3
22 298 4   0 0   1 1   2 2   3 3
23 80 4   0 0   1 1   2 2   3 3
23 132 4   0 0   1 1   2 2   3 3
23 138 4   0 0   1 1   2 2   3 3
23 218 4   0 0   1 1   2 2   3 3
23 46 4   0 0   1 1   2 2   3 3
24 229 4   0 0   1 1   2 2   3 3
24 105 4   0 0   1 1   2 2   3 3
24 27 4   0 0   1 1   2 2   3 3
24 79 4   0 0   1 1   2 2   3 3
25 243 4   0 0   1 1   2 2   3 3
25 37 4   0 0   1 1   2 2   3 3
25 88 4   0 0   1 1   2 2   3 3
25 185 4   0 0   1 1   2 2   3 3
25 140 4   0 0   1 1   2 2   3 3
26 80 4   0 0   1 1   2 2   3 3
26 145 4   0 0   1 1   2 2   3 3
26 117 4   0 0   1 1   2 2   3 3
26 46 4   0 0   1 1   2 2   3 3
26 319 4   0 0   1 1   2 2   3 3
27 224 4   0 0   1 1   2 2   3 3
27 208 4   0 0   1 1   2 2   3 3
27 161 4   0 0   1 1   2 2   3 3
27 291 4   0 0   1 1   2 2   3 3
27 35 4   0 0   1 1   2 2   3 3
27 30 4   0 0   1 1   2 2   3 3
27 79 4   0 0   1 1   2 2   3 3
28 98 4   0 0   1 1   2 2   3 3
28 134 4   0 0   1 1   2 2   3 3
28 247 4   0 0   1 1   2 2   3 3
28 204 4   0 0   1 1   2 2   3 3
28 61 4   0 0   1 1   2 2   3 3
28 47 4   0 0   1 1   2 2   3 3
29 149 4   0 0   1 1   2 2   3 3
29 310 4   0 0   1 1   2 2   3 3
29 238 4   0 0   1 1   2 2   3 3
30 224 4   0 0   1 1   2 2   3 3
30 194 4   0 0   1 1   2 2   3 3
30 214 4   0 0   1 1   2 2   3 3
30 63 4   0 0   1 1   2 2   3 3
31 320 4   0 0   1 1   2 2   3 3
31 210 4   0 0   1 1   2 2   3 3
31 76 4   0 0   1 1   2 2   3 3
31 271 4   0 0   1 1   2 2   3 3
31 239 4   0 0   1 1   2 2   3 3
32 64 4   0 0   1 1   2 2   3 3
32 257 4   0 0   1 1   2 2   3 3
32 129 4   0 0   1 1   2 2   3 3
32 227 4   0 0   1 1   2 2   3 3
32 294 4   0 0   1 1   2 2   3 3
32 120 4   0 0   1 1   2 2   3 3
32 40 4   0 0   1 1   2 2   3 3
32 154 4   0 0   1 1   2 2   3 3
33 276 4   0 0   1 1   2 2   3 3
33 231 4   0 0   1 1   2 2   3 3
33 122 4   0 0   1 1   2 2   3 3
33 187 4   0 0   1 1   2 2   3 3
33 125 4   0 0   1 1   2 2   3 3
34 84 4   0 0   1 1   2 2   3 3
34 281 4   0 0   1 1   2 2   3 3
34 282 4   0 0   1 1   2 2   3 3
34 250 4   0 0   1 1   2 2   3 3
34 299 4   0 0   1 1   2 2   3 3
34 110 4   0 0   1 1   2 2   3 3
34 286 4   0 0   1 1   2 2   3 3
35 272 4   0 0   1 1   2 2   3 3
35 161 4   0 0   1 1   2 2   3 3
35 338 4   0 0   1 1   2 2   3 3
35 291 4   0 0   1 1   2 2   3 3
36 113 4   0 0   1 1   2 2   3 3
36 50 4   0 0   1 1   2 2   3 3
36 211 4   0 0   1 1   2 2   3 3
36 71 4   0 0   1 1   2 2   3 3
36 280 4   0 0   1 1   2 2   3 3
36 189 4   0 0   1 1   2 2   3 3
37 103 4   0 0   1 1   2 2   3 3
37 152 4   0 0   1 1   2 2   3 3
37 185 4   0 0   1 1   2 2   3 3
37 140 4   0 0   1 1   2 2   3 3
37 271 4   0 0   1 1   2 2   3 3
38 98 4   0 0   1 1   2 2   3 3
38 43 4   0 0   1 1   2 2   3 3
38 61 4   0 0   1 1   2 2   3 3
38 158 4   0 0   1 1   2 2   3 3
39 208 4   0 0   1 1   2 2   3 3
39 161 4   0 0   1 1   2 2   3 3
39 102 4   0 0   1 1   2 2   3 3
39 88 4   0 0   1 1   2 2   3 3
39 41 4   0 0   1 1   2 2   3 3
39 79 4   0 0   1 1   2 2   3 3
40 64 4   0 0   1 1   2 2   3 3
40 146 4   0 0   1 1   2 2   3 3
40 227 4   0 0   1 1   2 2   3 3
40 87 4   0 0   1 1   2 2   3 3
40 231 4   0 0   1 1   2 2   3 3
40 120 4   0 0   1 1   2 2   3 3
40 250 4   0 0   1 1   2 2   3 3
40 143 4   0 0   1 1   2 2   3 3
41 161 4   0 0   1 1   2 2   3 3
41 102 4   0 0   1 1   2 2   3 3
41 184 4   0 0   1 1   2 2   3 3
41 317 4   0 0   1 1   2 2   3 3
42 245 4   0 0   1 1   2 2   3 3
42 121 4   0 0   1 1   2 2   3 3
42 302 4   0 0   1 1   2 2   3 3
42 303 4   0 0   1 1   2 2   3 3
43 48 4   0 0   1 1   2 2   3 3
43 153 4   0 0   1 1   2 2   3 3
43 61 4   0 0   1 1   2 2   3 3
43 158 4   0 0   1 1   2 2   3 3
44 304 4   0 0   1 1   2 2   3 3
44 53 4   0 0   1 1   2 2   3 3
44 329 4   0 0   1 1   2 2   3 3
44 217 4   0 0   1 1   2 2   3 3
44 188 4   0 0   1 1   2 2   3 3
44 237 4   0 0   1 1   2 2   3 3
45 82 4   0 0   1 1   2 2   3 3
45 197 4   0 0   1 1   2 2   3 3
45 279 4   0 0   1 1   2 2   3 3
45 235 4   0 0   1 1   2 2   3 3
45 251 4   0 0   1 1   2 2   3 3
46 80 4   0 0   1 1   2 2   3 3
46 132 4   0 0   1 1   2 2   3 3
46 310 4   0 0   1 1   2 2   3 3
46 238 4   0 0   1 1   2 2   3 3
46 319 4   0 0   1 1   2 2   3 3
47 325 4   0 0   1 1   2 2   3 3
47 121 4   0 0   1 1   2 2   3 3
47 60 4   0 0   1 1   2 2   3 3
47 204 4   0 0   1 1   2 2   3 3
47 205 4   0 0   1 1   2 2   3 3
47 302 4   0 0   1 1   2 2   3 3
48 66 4   0 0   1 1   2 2   3 3
48 339 4   0 0   1 1   2 2   3 3
48 153 4   0 0   1 1   2 2   3 3
48 61 4   0 0   1 1   2 2   3 3
49 130 4   0 0   1 1   2 2   3 3
49 276 4   0 0   1 1   2 2   3 3
49 137 4   0 0   1 1   2 2   3 3
49 316 4   0 0   1 1   2 2   3 3
49 191 4   0 0   1 1   2 2   3 3
50 307 4   0 0   1 1   2 2   3 3
50 280 4   0 0   1 1   2 2   3 3
50 153 4   0 0   1 1   2 2   3 3
50 189 4   0 0   1 1   2 2   3 3
51 230 4   0 0   1 1   2 2   3 3
51 298 4   0 0   1 1   2 2   3 3
52 193 4   0 0   1 1   2 2   3 3
52 147 4   0 0   1 1   2 2   3 3
52 67 4   0 0   1 1   2 2   3 3
52 104 4   0 0   1 1   2 2   3 3
52 253 4   0 0   1 1   2 2   3 3
53 304 4   0 0   1 1   2 2   3 3
53 274 4   0 0   1 1   2 2   3 3
53 69 4   0 0   1 1   2 2   3 3
53 57 4   0 0   1 1   2 2   3 3
53 329 4   0 0   1 1   2 2   3 3
53 78 4   0 0   1 1   2 2   3 3
54 256 4   0 0   1 1   2 2   3 3
54 160 4   0 0   1 1   2 2   3 3
54 115 4   0 0   1 1   2 2   3 3
54 148 4   0 0   1 1   2 2   3 3
54 104 4   0 0   1 1   2 2   3 3
55 341 4   0 0   1 1   2 2   3 3
55 216 4   0 0   1 1   2 2   3 3
55 89 4   0 0   1 1   2 2   3 3
56 97 4   0 0   1 1   2 2   3 3
56 179 4   0 0   1 1   2 2   3 3
56 340 4   0 0   1 1   2 2   3 3
56 293 4   0 0   1 1   2 2   3 3
56 236 4   0 0   1 1   2 2   3 3
56 206 4   0 0   1 1   2 2   3 3
57 69 4   0 0   1 1   2 2   3 3
57 234 4   0 0   1 1   2 2   3 3
57 74 4   0 0   1 1   2 2   3 3
57 207 4   0 0   1 1   2 2   3 3
58 289 4   0 0   1 1   2 2   3 3
58 114 4   0 0   1 1   2 2   3 3
58 181 4   0 0   1 1   2 2   3 3
58 152 4   0 0   1 1   2 2   3 3
59 260 4   0 0   1 1   2 2   3 3
59 119 4   0 0   1 1   2 2   3 3
59 200 4   0 0   1 1   2 2   3 3
59 218 4   0 0   1 1   2 2   3 3
59 90 4   0 0   1 1   2 2   3 3
59 287 4   0 0   1 1   2 2   3 3
60 144 4   0 0   1 1   2 2   3 3
60 325 4   0 0   1 1   2 2   3 3
60 245 4   0 0   1 1   2 2   3 3
60 299 4   0 0   1 1   2 2   3 3
60 302 4   0 0   1 1   2 2   3 3
61 66 4   0 0   1 1   2 2   3 3
61 98 4   0 0   1 1   2 2   3 3
61 341 4   0 0   1 1   2 2   3 3
61 247 4   0 0   1 1   2 2   3 3
61 216 4   0 0   1 1   2 2   3 3
61 169 4   0 0   1 1   2 2   3 3
62 192 4   0 0   1 1   2 2   3 3
62 306 4   0 0   1 1   2 2   3 3
62 196 4   0 0   1 1   2 2   3 3
62 269 4   0 0   1 1   2 2   3 3
63 224 4   0 0   1 1   2 2   3 3
63 194 4   0 0   1 1   2 2   3 3
63 242 4   0 0   1 1   2 2   3 3
63 260 4   0 0   1 1   2 2   3 3
63 262 4   0 0   1 1   2 2   3 3
64 129 4   0 0   1 1   2 2   3 3
64 209 4   0 0   1 1   2 2   3 3
64 226 4   0 0   1 1   2 2   3 3
64 87 4   0 0   1 1   2 2   3 3
64 120 4   0 0   1 1   2 2   3 3
64 123 4   0 0   1 1   2 2   3 3
65 177 4   0 0   1 1   2 2   3 3
65 162 4   0 0   1 1   2 2   3 3
65 197 4   0 0   1 1   2 2   3 3
65 202 4   0 0   1 1   2 2   3 3
65 141 4   0 0   1 1   2 2   3 3
66 96 4   0 0   1 1   2 2   3 3
66 339 4   0 0   1 1   2 2   3 3
66 216 4   0 0   1 1   2 2   3 3
66 335 4   0 0   1 1   2 2   3 3
67 160 4   0 0   1 1   2 2   3 3
67 311 4   0 0   1 1   2 2   3 3
67 104 4   0 0   1 1   2 2   3 3
67 285 4   0 0   1 1   2 2   3 3
68 240 4   0 0   1 1   2 2   3 3
68 244 4   0 0   1 1   2 2   3 3
68 85 4   0 0   1 1   2 2   3 3
68 118 4   0 0   1 1   2 2   3 3
68 314 4   0 0   1 1   2 2   3 3
69 181 4   0 0   1 1   2 2   3 3
69 295 4   0 0   1 1   2 2   3 3
69 329 4   0 0   1 1   2 2   3 3
69 249 4   0 0   1 1   2 2   3 3
69 74 4   0 0   1 1   2 2   3 3
69 92 4   0 0   1 1   2 2   3 3
70 289 4   0 0   1 1   2 2   3 3
70 258 4   0 0   1 1   2 2   3 3
70 181 4   0 0   1 1   2 2   3 3
70 184 4   0 0   1 1   2 2   3 3
70 317 4   0 0   1 1   2 2   3 3
71 113 4   0 0   1 1   2 2   3 3
71 178 4   0 0   1 1   2 2   3 3
71 259 4   0 0   1 1   2 2   3 3
71 168 4   0 0   1 1   2 2   3 3
71 107 4   0 0   1 1   2 2   3 3
71 189 4   0 0   1 1   2 2   3 3
71 111 4   0 0   1 1   2 2   3 3
72 290 4   0 0   1 1   2 2   3 3
72 322 4   0 0   1 1   2 2   3 3
72 264 4   0 0   1 1   2 2   3 3
72 297 4   0 0   1 1   2 2   3 3
72 267 4   0 0   1 1   2 2   3 3
73 241 4   0 0   1 1   2 2   3 3
73 290 4   0 0   1 1   2 2   3 3
73 244 4   0 0   1 1   2 2   3 3
73 232 4   0 0   1 1   2 2   3 3
73 157 4   0 0   1 1   2 2   3 3
73 334 4   0 0   1 1   2 2   3 3
73 142 4   0 0   1 1   2 2   3 3
74 131 4   0 0   1 1   2 2   3 3
74 116 4   0 0   1 1   2 2   3 3
74 151 4   0 0   1 1   2 2   3 3
74 234 4   0 0   1 1   2 2   3 3
74 283 4   0 0   1 1   2 2   3 3
74 92 4   0 0   1 1   2 2   3 3
75 134 4   0 0   1 1   2 2   3 3
75 280 4   0 0   1 1   2 2   3 3
75 205 4   0 0   1 1   2 2   3 3
75 78 4   0 0   1 1   2 2   3 3
76 129 4   0 0   1 1   2 2   3 3
76 209 4   0 0   1 1   2 2   3 3
76 210 4   0 0   1 1   2 2   3 3
76 100 4   0 0   1 1   2 2   3 3
76 103 4   0 0   1 1   2 2   3 3
77 194 4   0 0   1 1   2 2   3 3
77 214 4   0 0   1 1   2 2   3 3
77 139 4   0 0   1 1   2 2   3 3
77 333 4   0 0   1 1   2 2   3 3
77 159 4   0 0   1 1   2 2   3 3
78 274 4   0 0   1 1   2 2   3 3
78 280 4   0 0   1 1   2 2   3 3
78 205 4   0 0   1 1   2 2   3 3
78 207 4   0 0   1 1   2 2   3 3
79 208 4   0 0   1 1   2 2   3 3
80 117 4   0 0   1 1   2 2   3 3
80 201 4   0 0   1 1   2 2   3 3
80 218 4   0 0   1 1   2 2   3 3
81 228 4   0 0   1 1   2 2   3 3
81 150 4   0 0   1 1   2 2   3 3
81 312 4   0 0   1 1   2 2   3 3
81 315 4   0 0   1 1   2 2   3 3
81 284 4   0 0   1 1   2 2   3 3
81 318 4   0 0   1 1   2 2   3 3
81 207 4   0 0   1 1   2 2   3 3
82 240 4   0 0   1 1   2 2   3 3
82 197 4   0 0   1 1   2 2   3 3
82 279 4   0 0   1 1   2 2   3 3
82 328 4   0 0   1 1   2 2   3 3
82 331 4   0 0   1 1   2 2   3 3
82 332 4   0 0   1 1   2 2   3 3
83 339 4   0 0   1 1   2 2   3 3
83 261 4   0 0   1 1   2 2   3 3
83 107 4   0 0   1 1   2 2   3 3
83 189 4   0 0   1 1   2 2   3 3
83 222 4   0 0   1 1   2 2   3 3
83 335 4   0 0   1 1   2 2   3 3
83 95 4   0 0   1 1   2 2   3 3
84 146 4   0 0   1 1   2 2   3 3
84 250 4   0 0   1 1   2 2   3 3
84 286 4   0 0   1 1   2 2   3 3
85 240 4   0 0   1 1   2 2   3 3
85 118 4   0 0   1 1   2 2   3 3
85 328 4   0 0   1 1   2 2   3 3
85 232 4   0 0   1 1   2 2   3 3
85 168 4   0 0   1 1   2 2   3 3
85 330 4   0 0   1 1   2 2   3 3
86 128 4   0 0   1 1   2 2   3 3
86 204 4   0 0   1 1   2 2   3 3
86 108 4   0 0   1 1   2 2   3 3
87 226 4   0 0   1 1   2 2   3 3
87 278 4   0 0   1 1   2 2   3 3
87 231 4   0 0   1 1   2 2   3 3
87 313 4   0 0   1 1   2 2   3 3
87 122 4   0 0   1 1   2 2   3 3
88 243 4   0 0   1 1   2 2   3 3
88 102 4   0 0   1 1   2 2   3 3
88 185 4   0 0   1 1   2 2   3 3
89 341 4   0 0   1 1   2 2   3 3
89 230 4   0 0   1 1   2 2   3 3
89 169 4   0 0   1 1   2 2   3 3
90 115 4   0 0   1 1   2 2   3 3
90 260 4   0 0   1 1   2 2   3 3
90 119 4   0 0   1 1   2 2   3 3
90 201 4   0 0   1 1   2 2   3 3
91 99 4   0 0   1 1   2 2   3 3
91 213 4   0 0   1 1   2 2   3 3
91 311 4   0 0   1 1   2 2   3 3
91 312 4   0 0   1 1   2 2   3 3
91 186 4   0 0   1 1   2 2   3 3
91 171 4   0 0   1 1   2 2   3 3
91 285 4   0 0   1 1   2 2   3 3
92 258 4   0 0   1 1   2 2   3 3
92 131 4   0 0   1 1   2 2   3 3
92 181 4   0 0   1 1   2 2   3 3
93 340 4   0 0   1 1   2 2   3 3
93 252 4   0 0   1 1   2 2   3 3
94 112 4   0 0   1 1   2 2   3 3
94 177 4   0 0   1 1   2 2   3 3
94 202 4   0 0   1 1   2 2   3 3
94 141 4   0 0   1 1   2 2   3 3
94 157 4   0 0   1 1   2 2   3 3
94 270 4   0 0   1 1   2 2   3 3
95 96 4   0 0   1 1   2 2   3 3
95 215 4   0 0   1 1   2 2   3 3
95 107 4   0 0   1 1   2 2   3 3
95 111 4   0 0   1 1   2 2   3 3
95 335 4   0 0   1 1   2 2   3 3
96 215 4   0 0   1 1   2 2   3 3
96 216 4   0 0   1 1   2 2   3 3
96 297 4   0 0   1 1   2 2   3 3
96 335 4   0 0   1 1   2 2   3 3
97 179 4   0 0   1 1   2 2   3 3
97 293 4   0 0   1 1   2 2   3 3
97 166 4   0 0   1 1   2 2   3 3
98 134 4   0 0   1 1   2 2   3 3
98 158 4   0 0   1 1   2 2   3 3
99 225 4   0 0   1 1   2 2   3 3
99 324 4   0 0   1 1   2 2   3 3
99 312 4   0 0   1 1   2 2   3 3
99 219 4   0 0   1 1   2 2   3 3
99 301 4   0 0   1 1   2 2   3 3
99 285 4   0 0   1 1   2 2   3 3
100 129 4   0 0   1 1   2 2   3 3
100 103 4   0 0   1 1   2 2   3 3
101 225 4   0 0   1 1   2 2   3 3
101 321 4   0 0   1 1   2 2   3 3
101 228 4   0 0   1 1   2 2   3 3
101 309 4   0 0   1 1   2 2   3 3
101 150 4   0 0   1 1   2 2   3 3
101 219 4   0 0   1 1   2 2   3 3
102 184 4   0 0   1 1   2 2   3 3
102 185 4   0 0   1 1   2 2   3 3
102 174 4   0 0   1 1   2 2   3 3
103 257 4   0 0   1 1   2 2   3 3
103 129 4   0 0   1 1   2 2   3 3
103 152 4   0 0   1 1   2 2   3 3
103 127 4   0 0   1 1   2 2   3 3
103 271 4   0 0   1 1   2 2   3 3
104 160 4   0 0   1 1   2 2   3 3
104 147 4   0 0   1 1   2 2   3 3
104 148 4   0 0   1 1   2 2   3 3
104 248 4   0 0   1 1   2 2   3 3
105 229 4   0 0   1 1   2 2   3 3
105 214 4   0 0   1 1   2 2   3 3
105 159 4   0 0   1 1   2 2   3 3
106 193 4   0 0   1 1   2 2   3 3
106 324 4   0 0   1 1   2 2   3 3
106 135 4   0 0   1 1   2 2   3 3
106 136 4   0 0   1 1   2 2   3 3
106 109 4   0 0   1 1   2 2   3 3
107 189 4   0 0   1 1   2 2   3 3
107 111 4   0 0   1 1   2 2   3 3
108 128 4   0 0   1 1   2 2   3 3
108 292 4   0 0   1 1   2 2   3 3
108 165 4   0 0   1 1   2 2   3 3
108 182 4   0 0   1 1   2 2   3 3
108 204 4   0 0   1 1   2 2   3 3
109 324 4   0 0   1 1   2 2   3 3
109 136 4   0 0   1 1   2 2   3 3
109 251 4   0 0   1 1   2 2   3 3
110 144 4   0 0   1 1   2 2   3 3
110 217 4   0 0   1 1   2 2   3 3
110 281 4   0 0   1 1   2 2   3 3
110 299 4   0 0   1 1   2 2   3 3
111 322 4   0 0   1 1   2 2   3 3
111 215 4   0 0   1 1   2 2   3 3
111 232 4   0 0   1 1   2 2   3 3
111 168 4   0 0   1 1   2 2   3 3
112 241 4   0 0   1 1   2 2   3 3
112 183 4   0 0   1 1   2 2   3 3
112 267 4   0 0   1 1   2 2   3 3
112 157 4   0 0   1 1   2 2   3 3
112 270 4   0 0   1 1   2 2   3 3
113 178 4   0 0   1 1   2 2   3 3
113 211 4   0 0   1 1   2 2   3 3
113 300 4   0 0   1 1   2 2   3 3
113 318 4   0 0   1 1   2 2   3 3
114 176 4   0 0   1 1   2 2   3 3
114 308 4   0 0   1 1   2 2   3 3
114 181 4   0 0   1 1   2 2   3 3
114 294 4   0 0   1 1   2 2   3 3
114 152 4   0 0   1 1   2 2   3 3
114 127 4   0 0   1 1   2 2   3 3
115 256 4   0 0   1 1   2 2   3 3
115 201 4   0 0   1 1   2 2   3 3
116 312 4   0 0   1 1   2 2   3 3
116 234 4   0 0   1 1   2 2   3 3
116 171 4   0 0   1 1   2 2   3 3
116 283 4   0 0   1 1   2 2   3 3
116 207 4   0 0   1 1   2 2   3 3
117 145 4   0 0   1 1   2 2   3 3
117 201 4   0 0   1 1   2 2   3 3
117 124 4   0 0   1 1   2 2   3 3
118 244 4   0 0   1 1   2 2   3 3
118 232 4   0 0   1 1   2 2   3 3
119 200 4   0 0   1 1   2 2   3 3
119 201 4   0 0   1 1   2 2   3 3
121 204 4   0 0   1 1   2 2   3 3
121 302 4   0 0   1 1   2 2   3 3
122 278 4   0 0   1 1   2 2   3 3
122 231 4   0 0   1 1   2 2   3 3
123 209 4   0 0   1 1   2 2   3 3
123 226 4   0 0   1 1   2 2   3 3
123 172 4   0 0   1 1   2 2   3 3
124 256 4   0 0   1 1   2 2   3 3
124 145 4   0 0   1 1   2 2   3 3
124 201 4   0 0   1 1   2 2   3 3
125 288 4   0 0   1 1   2 2   3 3
125 231 4   0 0   1 1   2 2   3 3
125 265 4   0 0   1 1   2 2   3 3
125 187 4   0 0   1 1   2 2   3 3
126 145 4   0 0   1 1   2 2   3 3
126 148 4   0 0   1 1   2 2   3 3
126 319 4   0 0   1 1   2 2   3 3
127 257 4   0 0   1 1   2 2   3 3
127 294 4   0 0   1 1   2 2   3 3
127 152 4   0 0   1 1   2 2   3 3
128 292 4   0 0   1 1   2 2   3 3
129 257 4   0 0   1 1   2 2   3 3
129 209 4   0 0   1 1   2 2   3 3
130 276 4   0 0   1 1   2 2   3 3
130 265 4   0 0   1 1   2 2   3 3
130 220 4   0 0   1 1   2 2   3 3
130 316 4   0 0   1 1   2 2   3 3
131 258 4   0 0   1 1   2 2   3 3
131 323 4   0 0   1 1   2 2   3 3
131 151 4   0 0   1 1   2 2   3 3
132 149 4   0 0   1 1   2 2   3 3
132 138 4   0 0   1 1   2 2   3 3
132 238 4   0 0   1 1   2 2   3 3
133 165 4   0 0   1 1   2 2   3 3
133 263 4   0 0   1 1   2 2   3 3
133 298 4   0 0   1 1   2 2   3 3
133 191 4   0 0   1 1   2 2   3 3
134 307 4   0 0   1 1   2 2   3 3
134 280 4   0 0   1 1   2 2   3 3
134 158 4   0 0   1 1   2 2   3 3
135 193 4   0 0   1 1   2 2   3 3
135 136 4   0 0   1 1   2 2   3 3
135 253 4   0 0   1 1   2 2   3 3
136 326 4   0 0   1 1   2 2   3 3
136 235 4   0 0   1 1   2 2   3 3
136 251 4   0 0   1 1   2 2   3 3
137 292 4   0 0   1 1   2 2   3 3
137 316 4   0 0   1 1   2 2   3 3
137 191 4   0 0   1 1   2 2   3 3
138 275 4   0 0   1 1   2 2   3 3
138 149 4   0 0   1 1   2 2   3 3
138 218 4   0 0   1 1   2 2   3 3
139 194 4   0 0   1 1   2 2   3 3
139 333 4   0 0   1 1   2 2   3 3
140 243 4   0 0   1 1   2 2   3 3
140 166 4   0 0   1 1   2 2   3 3
140 271 4   0 0   1 1   2 2   3 3
141 177 4   0 0   1 1   2 2   3 3
141 244 4   0 0   1 1   2 2   3 3
141 197 4   0 0   1 1   2 2   3 3
141 314 4   0 0   1 1   2 2   3 3
141 157 4   0 0   1 1   2 2   3 3
142 290 4   0 0   1 1   2 2   3 3
142 322 4   0 0   1 1   2 2   3 3
142 334 4   0 0   1 1   2 2   3 3
143 288 4   0 0   1 1   2 2   3 3
143 146 4   0 0   1 1   2 2   3 3
143 231 4   0 0   1 1   2 2   3 3
144 325 4   0 0   1 1   2 2   3 3
144 217 4   0 0   1 1   2 2   3 3
144 203 4   0 0   1 1   2 2   3 3
144 299 4   0 0   1 1   2 2   3 3
145 319 4   0 0   1 1   2 2   3 3
146 250 4   0 0   1 1   2 2   3 3
147 248 4   0 0   1 1   2 2   3 3
147 253 4   0 0   1 1   2 2   3 3
148 248 4   0 0   1 1   2 2   3 3
148 253 4   0 0   1 1   2 2   3 3
149 238 4   0 0   1 1   2 2   3 3
150 228 4   0 0   1 1   2 2   3 3
150 312 4   0 0   1 1   2 2   3 3
150 219 4   0 0   1 1   2 2   3 3
151 272 4   0 0   1 1   2 2   3 3
151 305 4   0 0   1 1   2 2   3 3
151 338 4   0 0   1 1   2 2   3 3
151 323 4   0 0   1 1   2 2   3 3
151 283 4   0 0   1 1   2 2   3 3
153 339 4   0 0   1 1   2 2   3 3
153 307 4   0 0   1 1   2 2   3 3
153 189 4   0 0   1 1   2 2   3 3
153 222 4   0 0   1 1   2 2   3 3
153 158 4   0 0   1 1   2 2   3 3
154 308 4   0 0   1 1   2 2   3 3
154 294 4   0 0   1 1   2 2   3 3
154 175 4   0 0   1 1   2 2   3 3
155 164 4   0 0   1 1   2 2   3 3
155 167 4   0 0   1 1   2 2   3 3
155 266 4   0 0   1 1   2 2   3 3
156 167 4   0 0   1 1   2 2   3 3
156 186 4   0 0   1 1   2 2   3 3
156 170 4   0 0   1 1   2 2   3 3
156 223 4   0 0   1 1   2 2   3 3
157 241 4   0 0   1 1   2 2   3 3
157 244 4   0 0   1 1   2 2   3 3
158 307 4   0 0   1 1   2 2   3 3
159 229 4   0 0   1 1   2 2   3 3
159 214 4   0 0   1 1   2 2   3 3
160 311 4   0 0   1 1   2 2   3 3
160 167 4   0 0   1 1   2 2   3 3
161 208 4   0 0   1 1   2 2   3 3
161 305 4   0 0   1 1   2 2   3 3
161 338 4   0 0   1 1   2 2   3 3
161 198 4   0 0   1 1   2 2   3 3
161 317 4   0 0   1 1   2 2   3 3
162 177 4   0 0   1 1   2 2   3 3
162 202 4   0 0   1 1   2 2   3 3
163 227 4   0 0   1 1   2 2   3 3
163 327 4   0 0   1 1   2 2   3 3
163 249 4   0 0   1 1   2 2   3 3
163 282 4   0 0   1 1   2 2   3 3
163 237 4   0 0   1 1   2 2   3 3
163 175 4   0 0   1 1   2 2   3 3
164 242 4   0 0   1 1   2 2   3 3
164 260 4   0 0   1 1   2 2   3 3
164 266 4   0 0   1 1   2 2   3 3
165 230 4   0 0   1 1   2 2   3 3
165 182 4   0 0   1 1   2 2   3 3
165 247 4   0 0   1 1   2 2   3 3
165 298 4   0 0   1 1   2 2   3 3
165 191 4   0 0   1 1   2 2   3 3
166 243 4   0 0   1 1   2 2   3 3
166 179 4   0 0   1 1   2 2   3 3
166 196 4   0 0   1 1   2 2   3 3
166 293 4   0 0   1 1   2 2   3 3
166 233 4   0 0   1 1   2 2   3 3
166 269 4   0 0   1 1   2 2   3 3
166 271 4   0 0   1 1   2 2   3 3
167 311 4   0 0   1 1   2 2   3 3
167 186 4   0 0   1 1   2 2   3 3
167 266 4   0 0   1 1   2 2   3 3
167 223 4   0 0   1 1   2 2   3 3
168 259 4   0 0   1 1   2 2   3 3
168 232 4   0 0   1 1   2 2   3 3
168 330 4   0 0   1 1   2 2   3 3
168 268 4   0 0   1 1   2 2   3 3
169 341 4   0 0   1 1   2 2   3 3
169 230 4   0 0   1 1   2 2   3 3
169 247 4   0 0   1 1   2 2   3 3
170 272 4   0 0   1 1   2 2   3 3
170 213 4   0 0   1 1   2 2   3 3
170 186 4   0 0   1 1   2 2   3 3
170 283 4   0 0   1 1   2 2   3 3
170 223 4   0 0   1 1   2 2   3 3
171 213 4   0 0   1 1   2 2   3 3
171 312 4   0 0   1 1   2 2   3 3
171 283 4   0 0   1 1   2 2   3 3
172 209 4   0 0   1 1   2 2   3 3
172 210 4   0 0   1 1   2 2   3 3
172 180 4   0 0   1 1   2 2   3 3
172 246 4   0 0   1 1   2 2   3 3
172 296 4   0 0   1 1   2 2   3 3
173 192 4   0 0   1 1   2 2   3 3
173 306 4   0 0   1 1   2 2   3 3
173 229 4   0 0   1 1   2 2   3 3
174 184 4   0 0   1 1   2 2   3 3
175 227 4   0 0   1 1   2 2   3 3
175 308 4   0 0   1 1   2 2   3 3
175 249 4   0 0   1 1   2 2   3 3
176 308 4   0 0   1 1   2 2   3 3
176 181 4   0 0   1 1   2 2   3 3
176 295 4   0 0   1 1   2 2   3 3
176 249 4   0 0   1 1   2 2   3 3
177 202 4   0 0   1 1   2 2   3 3
178 259 4   0 0   1 1   2 2   3 3
178 212 4   0 0   1 1   2 2   3 3
178 300 4   0 0   1 1   2 2   3 3
179 236 4   0 0   1 1   2 2   3 3
179 271 4   0 0   1 1   2 2   3 3
180 337 4   0 0   1 1   2 2   3 3
180 273 4   0 0   1 1   2 2   3 3
180 195 4   0 0   1 1   2 2   3 3
180 296 4   0 0   1 1   2 2   3 3
181 289 4   0 0   1 1   2 2   3 3
181 258 4   0 0   1 1   2 2   3 3
181 295 4   0 0   1 1   2 2   3 3
182 247 4   0 0   1 1   2 2   3 3
183 264 4   0 0   1 1   2 2   3 3
183 267 4   0 0   1 1   2 2   3 3
183 270 4   0 0   1 1   2 2   3 3
184 289 4   0 0   1 1   2 2   3 3
184 317 4   0 0   1 1   2 2   3 3
186 213 4   0 0   1 1   2 2   3 3
186 311 4   0 0   1 1   2 2   3 3
187 276 4   0 0   1 1   2 2   3 3
187 265 4   0 0   1 1   2 2   3 3
188 327 4   0 0   1 1   2 2   3 3
188 217 4   0 0   1 1   2 2   3 3
188 281 4   0 0   1 1   2 2   3 3
188 237 4   0 0   1 1   2 2   3 3
189 222 4   0 0   1 1   2 2   3 3
190 197 4   0 0   1 1   2 2   3 3
190 332 4   0 0   1 1   2 2   3 3
191 292 4   0 0   1 1   2 2   3 3
191 276 4   0 0   1 1   2 2   3 3
192 306 4   0 0   1 1   2 2   3 3
192 243 4   0 0   1 1   2 2   3 3
192 269 4   0 0   1 1   2 2   3 3
193 253 4   0 0   1 1   2 2   3 3
194 262 4   0 0   1 1   2 2   3 3
194 214 4   0 0   1 1   2 2   3 3
194 287 4   0 0   1 1   2 2   3 3
195 337 4   0 0   1 1   2 2   3 3
195 199 4   0 0   1 1   2 2   3 3
195 252 4   0 0   1 1   2 2   3 3
196 293 4   0 0   1 1   2 2   3 3
196 269 4   0 0   1 1   2 2   3 3
197 314 4   0 0   1 1   2 2   3 3
197 332 4   0 0   1 1   2 2   3 3
198 305 4   0 0   1 1   2 2   3 3
198 338 4   0 0   1 1   2 2   3 3
199 336 4   0 0   1 1   2 2   3 3
199 337 4   0 0   1 1   2 2   3 3
200 201 4   0 0   1 1   2 2   3 3
200 218 4   0 0   1 1   2 2   3 3
201 256 4   0 0   1 1   2 2   3 3
201 218 4   0 0   1 1   2 2   3 3
202 326 4   0 0   1 1   2 2   3 3
202 235 4   0 0   1 1   2 2   3 3
202 270 4   0 0   1 1   2 2   3 3
203 304 4   0 0   1 1   2 2   3 3
203 274 4   0 0   1 1   2 2   3 3
203 325 4   0 0   1 1   2 2   3 3
203 217 4   0 0   1 1   2 2   3 3
203 205 4   0 0   1 1   2 2   3 3
204 247 4   0 0   1 1   2 2   3 3
205 274 4   0 0   1 1   2 2   3 3
205 325 4   0 0   1 1   2 2   3 3
206 320 4   0 0   1 1   2 2   3 3
206 340 4   0 0   1 1   2 2   3 3
206 236 4   0 0   1 1   2 2   3 3
206 239 4   0 0   1 1   2 2   3 3
207 312 4   0 0   1 1   2 2   3 3
207 280 4   0 0   1 1   2 2   3 3
207 234 4   0 0   1 1   2 2   3 3
207 284 4   0 0   1 1   2 2   3 3
207 254 4   0 0   1 1   2 2   3 3
209 210 4   0 0   1 1   2 2   3 3
210 320 4   0 0   1 1   2 2   3 3
210 336 4   0 0   1 1   2 2   3 3
210 246 4   0 0   1 1   2 2   3 3
211 280 4   0 0   1 1   2 2   3 3
211 318 4   0 0   1 1   2 2   3 3
211 254 4   0 0   1 1   2 2   3 3
212 259 4   0 0   1 1   2 2   3 3
212 309 4   0 0   1 1   2 2   3 3
212 315 4   0 0   1 1   2 2   3 3
212 300 4   0 0   1 1   2 2   3 3
212 318 4   0 0   1 1   2 2   3 3
213 283 4   0 0   1 1   2 2   3 3
215 322 4   0 0   1 1   2 2   3 3
215 297 4   0 0   1 1   2 2   3 3
216 341 4   0 0   1 1   2 2   3 3
217 304 4   0 0   1 1   2 2   3 3
217 281 4   0 0   1 1   2 2   3 3
218 287 4   0 0   1 1   2 2   3 3
219 225 4   0 0   1 1   2 2   3 3
219 312 4   0 0   1 1   2 2   3 3
220 245 4   0 0   1 1   2 2   3 3
220 265 4   0 0   1 1   2 2   3 3
220 316 4   0 0   1 1   2 2   3 3
220 286 4   0 0   1 1   2 2   3 3
220 255 4   0 0   1 1   2 2   3 3
221 329 4   0 0   1 1   2 2   3 3
221 249 4   0 0   1 1   2 2   3 3
221 237 4   0 0   1 1   2 2   3 3
222 339 4   0 0   1 1   2 2   3 3
222 261 4   0 0   1 1   2 2   3 3
223 272 4   0 0   1 1   2 2   3 3
223 266 4   0 0   1 1   2 2   3 3
224 242 4   0 0   1 1   2 2   3 3
224 291 4   0 0   1 1   2 2   3 3
225 321 4   0 0   1 1   2 2   3 3
225 279 4   0 0   1 1   2 2   3 3
225 331 4   0 0   1 1   2 2   3 3
225 301 4   0 0   1 1   2 2   3 3
226 313 4   0 0   1 1   2 2   3 3
227 282 4   0 0   1 1   2 2   3 3
227 250 4   0 0   1 1   2 2   3 3
228 309 4   0 0   1 1   2 2   3 3
228 315 4   0 0   1 1   2 2   3 3
229 306 4   0 0   1 1   2 2   3 3
229 243 4   0 0   1 1   2 2   3 3
230 247 4   0 0   1 1   2 2   3 3
230 298 4   0 0   1 1   2 2   3 3
231 288 4   0 0   1 1   2 2   3 3
232 322 4   0 0   1 1   2 2   3 3
232 244 4   0 0   1 1   2 2   3 3
232 334 4   0 0   1 1   2 2   3 3
233 243 4   0 0   1 1   2 2   3 3
233 269 4   0 0   1 1   2 2   3 3
235 326 4   0 0   1 1   2 2   3 3
235 251 4   0 0   1 1   2 2   3 3
236 271 4   0 0   1 1   2 2   3 3
236 239 4   0 0   1 1   2 2   3 3
237 327 4   0 0   1 1   2 2   3 3
237 329 4   0 0   1 1   2 2   3 3
238 310 4   0 0   1 1   2 2   3 3
239 320 4   0 0   1 1   2 2   3 3
239 271 4   0 0   1 1   2 2   3 3
240 328 4   0 0   1 1   2 2   3 3
240 314 4   0 0   1 1   2 2   3 3
240 332 4   0 0   1 1   2 2   3 3
241 290 4   0 0   1 1   2 2   3 3
241 267 4   0 0   1 1   2 2   3 3
242 291 4   0 0   1 1   2 2   3 3
242 260 4   0 0   1 1   2 2   3 3
243 269 4   0 0   1 1   2 2   3 3
244 314 4   0 0   1 1   2 2   3 3
245 299 4   0 0   1 1   2 2   3 3
245 302 4   0 0   1 1   2 2   3 3
245 286 4   0 0   1 1   2 2   3 3
245 255 4   0 0   1 1   2 2   3 3
245 303 4   0 0   1 1   2 2   3 3
246 336 4   0 0   1 1   2 2   3 3
246 337 4   0 0   1 1   2 2   3 3
246 296 4   0 0   1 1   2 2   3 3
248 253 4   0 0   1 1   2 2   3 3
249 308 4   0 0   1 1   2 2   3 3
249 295 4   0 0   1 1   2 2   3 3
249 329 4   0 0   1 1   2 2   3 3
250 282 4   0 0   1 1   2 2   3 3
251 324 4   0 0   1 1   2 2   3 3
251 279 4   0 0   1 1   2 2   3 3
251 301 4   0 0   1 1   2 2   3 3
252 340 4   0 0   1 1   2 2   3 3
254 280 4   0 0   1 1   2 2   3 3
254 284 4   0 0   1 1   2 2   3 3
254 318 4   0 0   1 1   2 2   3 3
255 316 4   0 0   1 1   2 2   3 3
255 303 4   0 0   1 1   2 2   3 3
257 294 4   0 0   1 1   2 2   3 3
258 323 4   0 0   1 1   2 2   3 3
258 317 4   0 0   1 1   2 2   3 3
260 262 4   0 0   1 1   2 2   3 3
260 287 4   0 0   1 1   2 2   3 3
261 339 4   0 0   1 1   2 2   3 3
262 287 4   0 0   1 1   2 2   3 3
263 298 4   0 0   1 1   2 2   3 3
264 267 4   0 0   1 1   2 2   3 3
265 288 4   0 0   1 1   2 2   3 3
265 276 4   0 0   1 1   2 2   3 3
267 290 4   0 0   1 1   2 2   3 3
268 277 4   0 0   1 1   2 2   3 3
268 309 4   0 0   1 1   2 2   3 3
268 330 4   0 0   1 1   2 2   3 3
272 338 4   0 0   1 1   2 2   3 3
272 283 4   0 0   1 1   2 2   3 3
274 304 4   0 0   1 1   2 2   3 3
275 333 4   0 0   1 1   2 2   3 3
277 321 4   0 0   1 1   2 2   3 3
277 309 4   0 0   1 1   2 2   3 3
277 328 4   0 0   1 1   2 2   3 3
277 330 4   0 0   1 1   2 2   3 3
278 313 4   0 0   1 1   2 2   3 3
279 331 4   0 0   1 1   2 2   3 3
279 301 4   0 0   1 1   2 2   3 3
280 307 4   0 0   1 1   2 2   3 3
281 327 4   0 0   1 1   2 2   3 3
281 282 4   0 0   1 1   2 2   3 3
282 327 4   0 0   1 1   2 2   3 3
284 318 4   0 0   1 1   2 2   3 3
285 311 4   0 0   1 1   2 2   3 3
286 299 4   0 0   1 1   2 2   3 3
290 322 4   0 0   1 1   2 2   3 3
293 340 4   0 0   1 1   2 2   3 3
294 308 4   0 0   1 1   2 2   3 3
296 337 4   0 0   1 1   2 2   3 3
297 322 4   0 0   1 1   2 2   3 3
300 318 4   0 0   1 1   2 2   3 3
301 324 4   0 0   1 1   2 2   3 3
303 316 4   0 0   1 1   2 2   3 3
305 338 4   0 0   1 1   2 2   3 3
305 323 4   0 0   1 1   2 2   3 3
305 317 4   0 0   1 1   2 2   3 3
309 321 4   0 0   1 1   2 2   3 3
309 315 4   0 0   1 1   2 2   3 3
310 319 4   0 0   1 1   2 2   3 3
314 332 4   0 0   1 1   2 2   3 3
315 318 4   0 0   1 1   2 2   3 3
317 323 4   0 0   1 1   2 2   3 3
320 336 4   0 0   1 1   2 2   3 3
321 328 4   0 0   1 1   2 2   3 3
321 331 4   0 0   1 1   2 2   3 3
322 334 4   0 0   1 1   2 2   3 3
328 330 4   0 0   1 1   2 2   3 3
328 331 4   0 0   1 1   2 2   3 3
335 339 4   0 0   1 1   2 2   3 3
336 337 4   0 0   1 1   2 2   3 3
