366
1 4 0 1 2 3
2 4 0 1 2 3
3 4 0 1 2 3
4 4 0 1 2 3
5 4 0 1 2 3
6 4 0 1 2 3
7 4 0 1 2 3
8 4 0 1 2 3
9 4 0 1 2 3
10 4 0 1 2 3
11 4 0 1 2 3
12 4 0 1 2 3
13 4 0 1 2 3
14 4 0 1 2 3
15 4 0 1 2 3
16 4 0 1 2 3
17 4 0 1 2 3
18 4 0 1 2 3
19 4 0 1 2 3
20 4 0 1 2 3
21 4 0 1 2 3
22 4 0 1 2 3
23 4 0 1 2 3
24 4 0 1 2 3
25 4 0 1 2 3
26 4 0 1 2 3
27 4 0 1 2 3
28 4 0 1 2 3
29 4 0 1 2 3
30 4 0 1 2 3
31 4 0 1 2 3
32 4 0 1 2 3
33 4 0 1 2 3
34 4 0 1 2 3
35 4 0 1 2 3
36 4 0 1 2 3
37 4 0 1 2 3
38 4 0 1 2 3
39 4 0 1 2 3
40 4 0 1 2 3
41 4 0 1 2 3
42 4 0 1 2 3
43 4 0 1 2 3
44 4 0 1 2 3
45 4 0 1 2 3
46 4 0 1 2 3
47 4 0 1 2 3
48 4 0 1 2 3
49 4 0 1 2 3
50 4 0 1 2 3
51 4 0 1 2 3
52 4 0 1 2 3
53 4 0 1 2 3
54 4 0 1 2 3
55 4 0 1 2 3
56 4 0 1 2 3
57 4 0 1 2 3
58 4 0 1 2 3
59 4 0 1 2 3
60 4 0 1 2 3
61 4 0 1 2 3
62 4 0 1 2 3
63 4 0 1 2 3
64 4 0 1 2 3
65 4 0 1 2 3
66 4 0 1 2 3
67 4 0 1 2 3
68 4 0 1 2 3
69 4 0 1 2 3
70 4 0 1 2 3
71 4 0 1 2 3
72 4 0 1 2 3
73 4 0 1 2 3
74 4 0 1 2 3
75 4 0 1 2 3
76 4 0 1 2 3
77 4 0 1 2 3
78 4 0 1 2 3
79 4 0 1 2 3
80 4 0 1 2 3
81 4 0 1 2 3
82 4 0 1 2 3
83 4 0 1 2 3
84 4 0 1 2 3
85 4 0 1 2 3
86 4 0 1 2 3
87 4 0 1 2 3
88 4 0 1 2 3
89 4 0 1 2 3
90 4 0 1 2 3
91 4 0 1 2 3
92 4 0 1 2 3
93 4 0 1 2 3
94 4 0 1 2 3
95 4 0 1 2 3
96 4 0 1 2 3
97 4 0 1 2 3
98 4 0 1 2 3
99 4 0 1 2 3
100 4 0 1 2 3
101 4 0 1 2 3
102 4 0 1 2 3
103 4 0 1 2 3
104 4 0 1 2 3
105 4 0 1 2 3
106 4 0 1 2 3
107 4 0 1 2 3
108 4 0 1 2 3
109 4 0 1 2 3
110 4 0 1 2 3
111 4 0 1 2 3
112 4 0 1 2 3
113 4 0 1 2 3
114 4 0 1 2 3
115 4 0 1 2 3
116 4 0 1 2 3
117 4 0 1 2 3
118 4 0 1 2 3
119 4 0 1 2 3
120 4 0 1 2 3
121 4 0 1 2 3
122 4 0 1 2 3
123 4 0 1 2 3
124 4 0 1 2 3
125 4 0 1 2 3
126 4 0 1 2 3
127 4 0 1 2 3
128 4 0 1 2 3
129 4 0 1 2 3
130 4 0 1 2 3
131 4 0 1 2 3
132 4 0 1 2 3
133 4 0 1 2 3
134 4 0 1 2 3
135 4 0 1 2 3
136 4 0 1 2 3
137 4 0 1 2 3
138 4 0 1 2 3
139 4 0 1 2 3
140 4 0 1 2 3
141 4 0 1 2 3
142 4 0 1 2 3
143 4 0 1 2 3
144 4 0 1 2 3
145 4 0 1 2 3
146 4 0 1 2 3
147 4 0 1 2 3
148 4 0 1 2 3
149 4 0 1 2 3
150 4 0 1 2 3
151 4 0 1 2 3
152 4 0 1 2 3
153 4 0 1 2 3
154 4 0 1 2 3
155 4 0 1 2 3
156 4 0 1 2 3
157 4 0 1 2 3
158 4 0 1 2 3
159 4 0 1 2 3
160 4 0 1 2 3
161 4 0 1 2 3
162 4 0 1 2 3
163 4 0 1 2 3
164 4 0 1 2 3
165 4 0 1 2 3
166 4 0 1 2 3
167 4 0 1 2 3
168 4 0 1 2 3
169 4 0 1 2 3
170 4 0 1 2 3
171 4 0 1 2 3
172 4 0 1 2 3
173 4 0 1 2 3
174 4 0 1 2 3
175 4 0 1 2 3
176 4 0 1 2 3
177 4 0 1 2 3
178 4 0 1 2 3
179 4 0 1 2 3
180 4 0 1 2 3
181 4 0 1 2 3
182 4 0 1 2 3
183 4 0 1 2 3
184 4 0 1 2 3
185 4 0 1 2 3
186 4 0 1 2 3
187 4 0 1 2 3
188 4 0 1 2 3
189 4 0 1 2 3
190 4 0 1 2 3
191 4 0 1 2 3
192 4 0 1 2 3
193 4 0 1 2 3
194 4 0 1 2 3
195 4 0 1 2 3
196 4 0 1 2 3
197 4 0 1 2 3
198 4 0 1 2 3
199 4 0 1 2 3
200 4 0 1 2 3
201 4 0 1 2 3
202 4 0 1 2 3
203 4 0 1 2 3
204 4 0 1 2 3
205 4 0 1 2 3
206 4 0 1 2 3
207 4 0 1 2 3
208 4 0 1 2 3
209 4 0 1 2 3
210 4 0 1 2 3
211 4 0 1 2 3
212 4 0 1 2 3
213 4 0 1 2 3
214 4 0 1 2 3
215 4 0 1 2 3
216 4 0 1 2 3
217 4 0 1 2 3
218 4 0 1 2 3
219 4 0 1 2 3
220 4 0 1 2 3
221 4 0 1 2 3
222 4 0 1 2 3
223 4 0 1 2 3
224 4 0 1 2 3
225 4 0 1 2 3
226 4 0 1 2 3
227 4 0 1 2 3
228 4 0 1 2 3
229 4 0 1 2 3
230 4 0 1 2 3
231 4 0 1 2 3
232 4 0 1 2 3
233 4 0 1 2 3
234 4 0 1 2 3
235 4 0 1 2 3
236 4 0 1 2 3
237 4 0 1 2 3
238 4 0 1 2 3
239 4 0 1 2 3
240 4 0 1 2 3
241 4 0 1 2 3
242 4 0 1 2 3
243 4 0 1 2 3
244 4 0 1 2 3
245 4 0 1 2 3
246 4 0 1 2 3
247 4 0 1 2 3
248 4 0 1 2 3
249 4 0 1 2 3
250 4 0 1 2 3
251 4 0 1 2 3
252 4 0 1 2 3
253 4 0 1 2 3
254 4 0 1 2 3
255 4 0 1 2 3
256 4 0 1 2 3
257 4 0 1 2 3
258 4 0 1 2 3
259 4 0 1 2 3
260 4 0 1 2 3
261 4 0 1 2 3
262 4 0 1 2 3
263 4 0 1 2 3
264 4 0 1 2 3
265 4 0 1 2 3
266 4 0 1 2 3
267 4 0 1 2 3
268 4 0 1 2 3
269 4 0 1 2 3
270 4 0 1 2 3
271 4 0 1 2 3
272 4 0 1 2 3
273 4 0 1 2 3
274 4 0 1 2 3
275 4 0 1 2 3
276 4 0 1 2 3
277 4 0 1 2 3
278 4 0 1 2 3
279 4 0 1 2 3
280 4 0 1 2 3
281 4 0 1 2 3
282 4 0 1 2 3
283 4 0 1 2 3
284 4 0 1 2 3
285 4 0 1 2 3
286 4 0 1 2 3
287 4 0 1 2 3
288 4 0 1 2 3
289 4 0 1 2 3
290 4 0 1 2 3
291 4 0 1 2 3
292 4 0 1 2 3
293 4 0 1 2 3
294 4 0 1 2 3
295 4 0 1 2 3
296 4 0 1 2 3
297 4 0 1 2 3
298 4 0 1 2 3
299 4 0 1 2 3
300 4 0 1 2 3
301 4 0 1 2 3
302 4 0 1 2 3
303 4 0 1 2 3
304 4 0 1 2 3
305 4 0 1 2 3
306 4 0 1 2 3
307 4 0 1 2 3
308 4 0 1 2 3
309 4 0 1 2 3
310 4 0 1 2 3
311 4 0 1 2 3
312 4 0 1 2 3
313 4 0 1 2 3
314 4 0 1 2 3
315 4 0 1 2 3
316 4 0 1 2 3
317 4 0 1 2 3
318 4 0 1 2 3
319 4 0 1 2 3
320 4 0 1 2 3
321 4 0 1 2 3
322 4 0 1 2 3
323 4 0 1 2 3
324 4 0 1 2 3
325 4 0 1 2 3
326 4 0 1 2 3
327 4 0 1 2 3
328 4 0 1 2 3
329 4 0 1 2 3
330 4 0 1 2 3
331 4 0 1 2 3
332 4 0 1 2 3
333 4 0 1 2 3
334 4 0 1 2 3
335 4 0 1 2 3
336 4 0 1 2 3
337 4 0 1 2 3
338 4 0 1 2 3
339 4 0 1 2 3
340 4 0 1 2 3
341 4 0 1 2 3
342 4 0 1 2 3
343 4 0 1 2 3
344 4 0 1 2 3
345 4 0 1 2 3
346 4 0 1 2 3
347 4 0 1 2 3
348 4 0 1 2 3
349 4 0 1 2 3
350 4 0 1 2 3
351 4 0 1 2 3
352 4 0 1 2 3
353 4 0 1 2 3
354 4 0 1 2 3
355 4 0 1 2 3
356 4 0 1 2 3
357 4 0 1 2 3
358 4 0 1 2 3
359 4 0 1 2 3
360 4 0 1 2 3
361 4 0 1 2 3
362 4 0 1 2 3
363 4 0 1 2 3
364 4 0 1 2 3
365 4 0 1 2 3
366 4 0 1 2 3
1031
1 19 4   0 0   1 1   2 2   3 3
1 147 4   0 0   1 1   2 2   3 3
1 179 4   0 0   1 1   2 2   3 3
1 213 4   0 0   1 1   2 2   3 3
1 246 4   0 0   1 1   2 2   3 3
1 345 4   0 0   1 1   2 2   3 3
1 282 4   0 0   1 1   2 2   3 3
2 229 4   0 0   1 1   2 2   3 3
2 165 4   0 0   1 1   2 2   3 3
2 297 4   0 0   1 1   2 2   3 3
2 249 4   0 0   1 1   2 2   3 3
2 329 4   0 0   1 1   2 2   3 3
2 301 4   0 0   1 1   2 2   3 3
2 270 4   0 0   1 1   2 2   3 3
3 83 4   0 0   1 1   2 2   3 3
3 324 4   0 0   1 1   2 2   3 3
3 202 4   0 0   1 1   2 2   3 3
3 43 4   0 0   1 1   2 2   3 3
3 125 4   0 0   1 1   2 2   3 3
3 126 4   0 0   1 1   2 2   3 3
3 319 4   0 0   1 1   2 2   3 3
4 336 4   0 0   1 1   2 2   3 3
4 113 4   0 0   1 1   2 2   3 3
4 36 4   0 0   1 1   2 2   3 3
4 198 4   0 0   1 1   2 2   3 3
4 24 4   0 0   1 1   2 2   3 3
4 203 4   0 0   1 1   2 2   3 3
5 16 4   0 0   1 1   2 2   3 3
5 325 4   0 0   1 1   2 2   3 3
5 342 4   0 0   1 1   2 2   3 3
5 294 4   0 0   1 1   2 2   3 3
5 28 4   0 0   1 1   2 2   3 3
5 15 4   0 0   1 1   2 2   3 3
6 359 4   0 0   1 1   2 2   3 3
6 298 4   0 0   1 1   2 2   3 3
6 347 4   0 0   1 1   2 2   3 3
6 364 4   0 0   1 1   2 2   3 3
7 193 4   0 0   1 1   2 2   3 3
7 50 4   0 0   1 1   2 2   3 3
7 228 4   0 0   1 1   2 2   3 3
7 133 4   0 0   1 1   2 2   3 3
7 54 4   0 0   1 1   2 2   3 3
7 123 4   0 0   1 1   2 2   3 3
7 335 4   0 0   1 1   2 2   3 3
8 323 4   0 0   1 1   2 2   3 3
8 38 4   0 0   1 1   2 2   3 3
8 23 4   0 0   1 1   2 2   3 3
8 330 4   0 0   1 1   2 2   3 3
8 366 4   0 0   1 1   2 2   3 3
9 354 4   0 0   1 1   2 2   3 3
9 85 4   0 0   1 1   2 2   3 3
9 311 4   0 0   1 1   2 2   3 3
9 248 4   0 0   1 1   2 2   3 3
9 73 4   0 0   1 1   2 2   3 3
9 27 4   0 0   1 1   2 2   3 3
10 176 4   0 0   1 1   2 2   3 3
10 49 4   0 0   1 1   2 2   3 3
10 65 4   0 0   1 1   2 2   3 3
10 159 4   0 0   1 1   2 2   3 3
10 95 4   0 0   1 1   2 2   3 3
11 102 4   0 0   1 1   2 2   3 3
11 215 4   0 0   1 1   2 2   3 3
11 267 4   0 0   1 1   2 2   3 3
11 61 4   0 0   1 1   2 2   3 3
11 31 4   0 0   1 1   2 2   3 3
12 180 4   0 0   1 1   2 2   3 3
12 68 4   0 0   1 1   2 2   3 3
12 100 4   0 0   1 1   2 2   3 3
12 101 4   0 0   1 1   2 2   3 3
12 341 4   0 0   1 1   2 2   3 3
12 264 4   0 0   1 1   2 2   3 3
12 76 4   0 0   1 1   2 2   3 3
13 225 4   0 0   1 1   2 2   3 3
13 258 4   0 0   1 1   2 2   3 3
13 340 4   0 0   1 1   2 2   3 3
13 37 4   0 0   1 1   2 2   3 3
13 182 4   0 0   1 1   2 2   3 3
13 269 4   0 0   1 1   2 2   3 3
13 126 4   0 0   1 1   2 2   3 3
14 163 4   0 0   1 1   2 2   3 3
14 297 4   0 0   1 1   2 2   3 3
14 249 4   0 0   1 1   2 2   3 3
14 185 4   0 0   1 1   2 2   3 3
15 325 4   0 0   1 1   2 2   3 3
15 103 4   0 0   1 1   2 2   3 3
15 346 4   0 0   1 1   2 2   3 3
15 362 4   0 0   1 1   2 2   3 3
15 28 4   0 0   1 1   2 2   3 3
15 237 4   0 0   1 1   2 2   3 3
16 243 4   0 0   1 1   2 2   3 3
16 148 4   0 0   1 1   2 2   3 3
16 342 4   0 0   1 1   2 2   3 3
16 294 4   0 0   1 1   2 2   3 3
16 311 4   0 0   1 1   2 2   3 3
16 139 4   0 0   1 1   2 2   3 3
17 34 4   0 0   1 1   2 2   3 3
17 259 4   0 0   1 1   2 2   3 3
17 220 4   0 0   1 1   2 2   3 3
17 302 4   0 0   1 1   2 2   3 3
17 158 4   0 0   1 1   2 2   3 3
17 255 4   0 0   1 1   2 2   3 3
18 321 4   0 0   1 1   2 2   3 3
18 204 4   0 0   1 1   2 2   3 3
18 268 4   0 0   1 1   2 2   3 3
18 93 4   0 0   1 1   2 2   3 3
18 286 4   0 0   1 1   2 2   3 3
19 161 4   0 0   1 1   2 2   3 3
19 307 4   0 0   1 1   2 2   3 3
19 147 4   0 0   1 1   2 2   3 3
19 246 4   0 0   1 1   2 2   3 3
19 218 4   0 0   1 1   2 2   3 3
20 52 4   0 0   1 1   2 2   3 3
20 116 4   0 0   1 1   2 2   3 3
20 132 4   0 0   1 1   2 2   3 3
20 167 4   0 0   1 1   2 2   3 3
20 41 4   0 0   1 1   2 2   3 3
20 234 4   0 0   1 1   2 2   3 3
21 304 4   0 0   1 1   2 2   3 3
21 343 4   0 0   1 1   2 2   3 3
21 332 4   0 0   1 1   2 2   3 3
21 110 4   0 0   1 1   2 2   3 3
21 303 4   0 0   1 1   2 2   3 3
22 48 4   0 0   1 1   2 2   3 3
22 304 4   0 0   1 1   2 2   3 3
22 343 4   0 0   1 1   2 2   3 3
22 328 4   0 0   1 1   2 2   3 3
22 153 4   0 0   1 1   2 2   3 3
22 284 4   0 0   1 1   2 2   3 3
22 157 4   0 0   1 1   2 2   3 3
23 83 4   0 0   1 1   2 2   3 3
23 230 4   0 0   1 1   2 2   3 3
23 38 4   0 0   1 1   2 2   3 3
23 281 4   0 0   1 1   2 2   3 3
23 348 4   0 0   1 1   2 2   3 3
23 366 4   0 0   1 1   2 2   3 3
24 336 4   0 0   1 1   2 2   3 3
24 288 4   0 0   1 1   2 2   3 3
24 257 4   0 0   1 1   2 2   3 3
24 36 4   0 0   1 1   2 2   3 3
24 166 4   0 0   1 1   2 2   3 3
24 299 4   0 0   1 1   2 2   3 3
25 305 4   0 0   1 1   2 2   3 3
25 329 4   0 0   1 1   2 2   3 3
25 121 4   0 0   1 1   2 2   3 3
25 26 4   0 0   1 1   2 2   3 3
25 124 4   0 0   1 1   2 2   3 3
25 62 4   0 0   1 1   2 2   3 3
26 165 4   0 0   1 1   2 2   3 3
26 329 4   0 0   1 1   2 2   3 3
26 62 4   0 0   1 1   2 2   3 3
27 354 4   0 0   1 1   2 2   3 3
27 248 4   0 0   1 1   2 2   3 3
27 186 4   0 0   1 1   2 2   3 3
28 342 4   0 0   1 1   2 2   3 3
28 346 4   0 0   1 1   2 2   3 3
28 223 4   0 0   1 1   2 2   3 3
29 112 4   0 0   1 1   2 2   3 3
29 33 4   0 0   1 1   2 2   3 3
29 129 4   0 0   1 1   2 2   3 3
29 340 4   0 0   1 1   2 2   3 3
29 175 4   0 0   1 1   2 2   3 3
30 272 4   0 0   1 1   2 2   3 3
30 196 4   0 0   1 1   2 2   3 3
30 149 4   0 0   1 1   2 2   3 3
30 94 4   0 0   1 1   2 2   3 3
30 271 4   0 0   1 1   2 2   3 3
30 63 4   0 0   1 1   2 2   3 3
31 102 4   0 0   1 1   2 2   3 3
31 87 4   0 0   1 1   2 2   3 3
31 215 4   0 0   1 1   2 2   3 3
31 171 4   0 0   1 1   2 2   3 3
32 241 4   0 0   1 1   2 2   3 3
32 162 4   0 0   1 1   2 2   3 3
32 104 4   0 0   1 1   2 2   3 3
32 361 4   0 0   1 1   2 2   3 3
32 45 4   0 0   1 1   2 2   3 3
32 349 4   0 0   1 1   2 2   3 3
33 225 4   0 0   1 1   2 2   3 3
33 340 4   0 0   1 1   2 2   3 3
33 175 4   0 0   1 1   2 2   3 3
33 287 4   0 0   1 1   2 2   3 3
34 259 4   0 0   1 1   2 2   3 3
34 181 4   0 0   1 1   2 2   3 3
34 359 4   0 0   1 1   2 2   3 3
34 105 4   0 0   1 1   2 2   3 3
34 347 4   0 0   1 1   2 2   3 3
34 158 4   0 0   1 1   2 2   3 3
35 353 4   0 0   1 1   2 2   3 3
35 212 4   0 0   1 1   2 2   3 3
35 251 4   0 0   1 1   2 2   3 3
35 365 4   0 0   1 1   2 2   3 3
36 257 4   0 0   1 1   2 2   3 3
36 113 4   0 0   1 1   2 2   3 3
36 281 4   0 0   1 1   2 2   3 3
37 146 4   0 0   1 1   2 2   3 3
37 133 4   0 0   1 1   2 2   3 3
37 182 4   0 0   1 1   2 2   3 3
37 233 4   0 0   1 1   2 2   3 3
37 43 4   0 0   1 1   2 2   3 3
37 77 4   0 0   1 1   2 2   3 3
37 125 4   0 0   1 1   2 2   3 3
37 126 4   0 0   1 1   2 2   3 3
38 323 4   0 0   1 1   2 2   3 3
38 281 4   0 0   1 1   2 2   3 3
38 111 4   0 0   1 1   2 2   3 3
39 320 4   0 0   1 1   2 2   3 3
39 68 4   0 0   1 1   2 2   3 3
39 231 4   0 0   1 1   2 2   3 3
39 107 4   0 0   1 1   2 2   3 3
39 140 4   0 0   1 1   2 2   3 3
39 142 4   0 0   1 1   2 2   3 3
40 67 4   0 0   1 1   2 2   3 3
40 355 4   0 0   1 1   2 2   3 3
40 260 4   0 0   1 1   2 2   3 3
40 309 4   0 0   1 1   2 2   3 3
40 101 4   0 0   1 1   2 2   3 3
40 91 4   0 0   1 1   2 2   3 3
41 272 4   0 0   1 1   2 2   3 3
41 116 4   0 0   1 1   2 2   3 3
41 149 4   0 0   1 1   2 2   3 3
41 234 4   0 0   1 1   2 2   3 3
42 211 4   0 0   1 1   2 2   3 3
42 115 4   0 0   1 1   2 2   3 3
42 245 4   0 0   1 1   2 2   3 3
42 70 4   0 0   1 1   2 2   3 3
42 166 4   0 0   1 1   2 2   3 3
42 280 4   0 0   1 1   2 2   3 3
43 133 4   0 0   1 1   2 2   3 3
43 125 4   0 0   1 1   2 2   3 3
43 319 4   0 0   1 1   2 2   3 3
44 176 4   0 0   1 1   2 2   3 3
44 65 4   0 0   1 1   2 2   3 3
44 339 4   0 0   1 1   2 2   3 3
44 183 4   0 0   1 1   2 2   3 3
44 191 4   0 0   1 1   2 2   3 3
45 209 4   0 0   1 1   2 2   3 3
45 114 4   0 0   1 1   2 2   3 3
45 162 4   0 0   1 1   2 2   3 3
45 56 4   0 0   1 1   2 2   3 3
45 104 4   0 0   1 1   2 2   3 3
45 90 4   0 0   1 1   2 2   3 3
45 300 4   0 0   1 1   2 2   3 3
46 161 4   0 0   1 1   2 2   3 3
46 307 4   0 0   1 1   2 2   3 3
46 147 4   0 0   1 1   2 2   3 3
46 118 4   0 0   1 1   2 2   3 3
46 279 4   0 0   1 1   2 2   3 3
46 345 4   0 0   1 1   2 2   3 3
46 266 4   0 0   1 1   2 2   3 3
47 352 4   0 0   1 1   2 2   3 3
47 84 4   0 0   1 1   2 2   3 3
47 137 4   0 0   1 1   2 2   3 3
48 194 4   0 0   1 1   2 2   3 3
48 167 4   0 0   1 1   2 2   3 3
48 328 4   0 0   1 1   2 2   3 3
48 153 4   0 0   1 1   2 2   3 3
49 65 4   0 0   1 1   2 2   3 3
49 191 4   0 0   1 1   2 2   3 3
50 242 4   0 0   1 1   2 2   3 3
50 133 4   0 0   1 1   2 2   3 3
50 54 4   0 0   1 1   2 2   3 3
50 232 4   0 0   1 1   2 2   3 3
50 88 4   0 0   1 1   2 2   3 3
50 184 4   0 0   1 1   2 2   3 3
50 185 4   0 0   1 1   2 2   3 3
50 350 4   0 0   1 1   2 2   3 3
51 69 4   0 0   1 1   2 2   3 3
51 119 4   0 0   1 1   2 2   3 3
51 153 4   0 0   1 1   2 2   3 3
51 108 4   0 0   1 1   2 2   3 3
51 238 4   0 0   1 1   2 2   3 3
51 351 4   0 0   1 1   2 2   3 3
52 192 4   0 0   1 1   2 2   3 3
52 55 4   0 0   1 1   2 2   3 3
52 234 4   0 0   1 1   2 2   3 3
53 310 4   0 0   1 1   2 2   3 3
53 93 4   0 0   1 1   2 2   3 3
53 221 4   0 0   1 1   2 2   3 3
54 193 4   0 0   1 1   2 2   3 3
54 273 4   0 0   1 1   2 2   3 3
54 242 4   0 0   1 1   2 2   3 3
54 260 4   0 0   1 1   2 2   3 3
54 184 4   0 0   1 1   2 2   3 3
54 91 4   0 0   1 1   2 2   3 3
54 350 4   0 0   1 1   2 2   3 3
55 192 4   0 0   1 1   2 2   3 3
55 71 4   0 0   1 1   2 2   3 3
55 137 4   0 0   1 1   2 2   3 3
56 114 4   0 0   1 1   2 2   3 3
56 214 4   0 0   1 1   2 2   3 3
56 90 4   0 0   1 1   2 2   3 3
56 285 4   0 0   1 1   2 2   3 3
56 206 4   0 0   1 1   2 2   3 3
57 112 4   0 0   1 1   2 2   3 3
57 117 4   0 0   1 1   2 2   3 3
57 120 4   0 0   1 1   2 2   3 3
57 312 4   0 0   1 1   2 2   3 3
57 205 4   0 0   1 1   2 2   3 3
58 164 4   0 0   1 1   2 2   3 3
58 279 4   0 0   1 1   2 2   3 3
58 345 4   0 0   1 1   2 2   3 3
58 268 4   0 0   1 1   2 2   3 3
58 334 4   0 0   1 1   2 2   3 3
59 97 4   0 0   1 1   2 2   3 3
59 353 4   0 0   1 1   2 2   3 3
59 274 4   0 0   1 1   2 2   3 3
59 231 4   0 0   1 1   2 2   3 3
59 360 4   0 0   1 1   2 2   3 3
59 60 4   0 0   1 1   2 2   3 3
59 365 4   0 0   1 1   2 2   3 3
60 97 4   0 0   1 1   2 2   3 3
60 134 4   0 0   1 1   2 2   3 3
60 247 4   0 0   1 1   2 2   3 3
60 360 4   0 0   1 1   2 2   3 3
60 253 4   0 0   1 1   2 2   3 3
61 215 4   0 0   1 1   2 2   3 3
61 267 4   0 0   1 1   2 2   3 3
61 95 4   0 0   1 1   2 2   3 3
62 293 4   0 0   1 1   2 2   3 3
62 165 4   0 0   1 1   2 2   3 3
62 121 4   0 0   1 1   2 2   3 3
63 192 4   0 0   1 1   2 2   3 3
63 272 4   0 0   1 1   2 2   3 3
63 234 4   0 0   1 1   2 2   3 3
63 271 4   0 0   1 1   2 2   3 3
64 96 4   0 0   1 1   2 2   3 3
64 290 4   0 0   1 1   2 2   3 3
64 214 4   0 0   1 1   2 2   3 3
64 136 4   0 0   1 1   2 2   3 3
64 344 4   0 0   1 1   2 2   3 3
64 315 4   0 0   1 1   2 2   3 3
65 176 4   0 0   1 1   2 2   3 3
65 191 4   0 0   1 1   2 2   3 3
66 98 4   0 0   1 1   2 2   3 3
66 278 4   0 0   1 1   2 2   3 3
66 315 4   0 0   1 1   2 2   3 3
66 285 4   0 0   1 1   2 2   3 3
66 206 4   0 0   1 1   2 2   3 3
67 355 4   0 0   1 1   2 2   3 3
67 247 4   0 0   1 1   2 2   3 3
67 106 4   0 0   1 1   2 2   3 3
67 91 4   0 0   1 1   2 2   3 3
67 253 4   0 0   1 1   2 2   3 3
68 320 4   0 0   1 1   2 2   3 3
68 100 4   0 0   1 1   2 2   3 3
68 264 4   0 0   1 1   2 2   3 3
68 140 4   0 0   1 1   2 2   3 3
68 78 4   0 0   1 1   2 2   3 3
69 261 4   0 0   1 1   2 2   3 3
69 108 4   0 0   1 1   2 2   3 3
69 238 4   0 0   1 1   2 2   3 3
69 190 4   0 0   1 1   2 2   3 3
70 245 4   0 0   1 1   2 2   3 3
70 280 4   0 0   1 1   2 2   3 3
70 331 4   0 0   1 1   2 2   3 3
70 287 4   0 0   1 1   2 2   3 3
71 128 4   0 0   1 1   2 2   3 3
71 192 4   0 0   1 1   2 2   3 3
71 137 4   0 0   1 1   2 2   3 3
71 362 4   0 0   1 1   2 2   3 3
71 271 4   0 0   1 1   2 2   3 3
72 131 4   0 0   1 1   2 2   3 3
72 212 4   0 0   1 1   2 2   3 3
72 358 4   0 0   1 1   2 2   3 3
72 119 4   0 0   1 1   2 2   3 3
72 251 4   0 0   1 1   2 2   3 3
72 332 4   0 0   1 1   2 2   3 3
73 354 4   0 0   1 1   2 2   3 3
73 229 4   0 0   1 1   2 2   3 3
73 311 4   0 0   1 1   2 2   3 3
73 297 4   0 0   1 1   2 2   3 3
73 154 4   0 0   1 1   2 2   3 3
73 219 4   0 0   1 1   2 2   3 3
74 180 4   0 0   1 1   2 2   3 3
74 197 4   0 0   1 1   2 2   3 3
74 309 4   0 0   1 1   2 2   3 3
74 101 4   0 0   1 1   2 2   3 3
74 363 4   0 0   1 1   2 2   3 3
75 194 4   0 0   1 1   2 2   3 3
75 116 4   0 0   1 1   2 2   3 3
75 293 4   0 0   1 1   2 2   3 3
75 351 4   0 0   1 1   2 2   3 3
76 180 4   0 0   1 1   2 2   3 3
76 244 4   0 0   1 1   2 2   3 3
76 277 4   0 0   1 1   2 2   3 3
76 341 4   0 0   1 1   2 2   3 3
76 363 4   0 0   1 1   2 2   3 3
77 129 4   0 0   1 1   2 2   3 3
77 275 4   0 0   1 1   2 2   3 3
77 340 4   0 0   1 1   2 2   3 3
77 182 4   0 0   1 1   2 2   3 3
77 233 4   0 0   1 1   2 2   3 3
78 320 4   0 0   1 1   2 2   3 3
78 355 4   0 0   1 1   2 2   3 3
78 264 4   0 0   1 1   2 2   3 3
78 106 4   0 0   1 1   2 2   3 3
79 112 4   0 0   1 1   2 2   3 3
79 129 4   0 0   1 1   2 2   3 3
79 354 4   0 0   1 1   2 2   3 3
79 275 4   0 0   1 1   2 2   3 3
79 219 4   0 0   1 1   2 2   3 3
79 109 4   0 0   1 1   2 2   3 3
80 178 4   0 0   1 1   2 2   3 3
80 169 4   0 0   1 1   2 2   3 3
80 122 4   0 0   1 1   2 2   3 3
80 90 4   0 0   1 1   2 2   3 3
80 172 4   0 0   1 1   2 2   3 3
80 300 4   0 0   1 1   2 2   3 3
80 143 4   0 0   1 1   2 2   3 3
80 127 4   0 0   1 1   2 2   3 3
80 207 4   0 0   1 1   2 2   3 3
81 100 4   0 0   1 1   2 2   3 3
81 263 4   0 0   1 1   2 2   3 3
81 152 4   0 0   1 1   2 2   3 3
81 141 4   0 0   1 1   2 2   3 3
81 222 4   0 0   1 1   2 2   3 3
82 113 4   0 0   1 1   2 2   3 3
82 258 4   0 0   1 1   2 2   3 3
82 357 4   0 0   1 1   2 2   3 3
82 230 4   0 0   1 1   2 2   3 3
82 203 4   0 0   1 1   2 2   3 3
82 348 4   0 0   1 1   2 2   3 3
82 269 4   0 0   1 1   2 2   3 3
83 324 4   0 0   1 1   2 2   3 3
83 357 4   0 0   1 1   2 2   3 3
83 348 4   0 0   1 1   2 2   3 3
83 126 4   0 0   1 1   2 2   3 3
83 366 4   0 0   1 1   2 2   3 3
84 352 4   0 0   1 1   2 2   3 3
84 128 4   0 0   1 1   2 2   3 3
84 137 4   0 0   1 1   2 2   3 3
85 311 4   0 0   1 1   2 2   3 3
85 248 4   0 0   1 1   2 2   3 3
85 139 4   0 0   1 1   2 2   3 3
86 100 4   0 0   1 1   2 2   3 3
86 199 4   0 0   1 1   2 2   3 3
86 263 4   0 0   1 1   2 2   3 3
86 152 4   0 0   1 1   2 2   3 3
87 306 4   0 0   1 1   2 2   3 3
87 245 4   0 0   1 1   2 2   3 3
87 215 4   0 0   1 1   2 2   3 3
87 171 4   0 0   1 1   2 2   3 3
88 256 4   0 0   1 1   2 2   3 3
88 296 4   0 0   1 1   2 2   3 3
88 184 4   0 0   1 1   2 2   3 3
88 185 4   0 0   1 1   2 2   3 3
89 274 4   0 0   1 1   2 2   3 3
89 262 4   0 0   1 1   2 2   3 3
89 217 4   0 0   1 1   2 2   3 3
89 298 4   0 0   1 1   2 2   3 3
89 364 4   0 0   1 1   2 2   3 3
89 142 4   0 0   1 1   2 2   3 3
90 178 4   0 0   1 1   2 2   3 3
90 300 4   0 0   1 1   2 2   3 3
90 285 4   0 0   1 1   2 2   3 3
91 260 4   0 0   1 1   2 2   3 3
91 247 4   0 0   1 1   2 2   3 3
91 184 4   0 0   1 1   2 2   3 3
92 96 4   0 0   1 1   2 2   3 3
92 197 4   0 0   1 1   2 2   3 3
92 136 4   0 0   1 1   2 2   3 3
92 333 4   0 0   1 1   2 2   3 3
93 310 4   0 0   1 1   2 2   3 3
93 286 4   0 0   1 1   2 2   3 3
94 144 4   0 0   1 1   2 2   3 3
94 305 4   0 0   1 1   2 2   3 3
94 196 4   0 0   1 1   2 2   3 3
94 149 4   0 0   1 1   2 2   3 3
94 124 4   0 0   1 1   2 2   3 3
95 176 4   0 0   1 1   2 2   3 3
95 215 4   0 0   1 1   2 2   3 3
95 267 4   0 0   1 1   2 2   3 3
95 331 4   0 0   1 1   2 2   3 3
95 156 4   0 0   1 1   2 2   3 3
95 159 4   0 0   1 1   2 2   3 3
96 197 4   0 0   1 1   2 2   3 3
96 136 4   0 0   1 1   2 2   3 3
96 344 4   0 0   1 1   2 2   3 3
96 363 4   0 0   1 1   2 2   3 3
97 353 4   0 0   1 1   2 2   3 3
97 134 4   0 0   1 1   2 2   3 3
98 178 4   0 0   1 1   2 2   3 3
98 278 4   0 0   1 1   2 2   3 3
98 285 4   0 0   1 1   2 2   3 3
98 127 4   0 0   1 1   2 2   3 3
99 228 4   0 0   1 1   2 2   3 3
99 136 4   0 0   1 1   2 2   3 3
99 314 4   0 0   1 1   2 2   3 3
99 333 4   0 0   1 1   2 2   3 3
100 341 4   0 0   1 1   2 2   3 3
100 199 4   0 0   1 1   2 2   3 3
100 263 4   0 0   1 1   2 2   3 3
100 140 4   0 0   1 1   2 2   3 3
100 141 4   0 0   1 1   2 2   3 3
101 355 4   0 0   1 1   2 2   3 3
101 180 4   0 0   1 1   2 2   3 3
101 309 4   0 0   1 1   2 2   3 3
101 264 4   0 0   1 1   2 2   3 3
102 267 4   0 0   1 1   2 2   3 3
102 171 4   0 0   1 1   2 2   3 3
103 352 4   0 0   1 1   2 2   3 3
103 128 4   0 0   1 1   2 2   3 3
103 362 4   0 0   1 1   2 2   3 3
103 237 4   0 0   1 1   2 2   3 3
104 114 4   0 0   1 1   2 2   3 3
104 361 4   0 0   1 1   2 2   3 3
104 316 4   0 0   1 1   2 2   3 3
105 259 4   0 0   1 1   2 2   3 3
105 347 4   0 0   1 1   2 2   3 3
105 302 4   0 0   1 1   2 2   3 3
106 320 4   0 0   1 1   2 2   3 3
106 355 4   0 0   1 1   2 2   3 3
106 360 4   0 0   1 1   2 2   3 3
106 253 4   0 0   1 1   2 2   3 3
107 322 4   0 0   1 1   2 2   3 3
107 199 4   0 0   1 1   2 2   3 3
107 152 4   0 0   1 1   2 2   3 3
107 140 4   0 0   1 1   2 2   3 3
107 173 4   0 0   1 1   2 2   3 3
107 142 4   0 0   1 1   2 2   3 3
108 261 4   0 0   1 1   2 2   3 3
108 119 4   0 0   1 1   2 2   3 3
108 251 4   0 0   1 1   2 2   3 3
108 252 4   0 0   1 1   2 2   3 3
109 112 4   0 0   1 1   2 2   3 3
109 354 4   0 0   1 1   2 2   3 3
109 226 4   0 0   1 1   2 2   3 3
109 201 4   0 0   1 1   2 2   3 3
110 304 4   0 0   1 1   2 2   3 3
110 119 4   0 0   1 1   2 2   3 3
110 332 4   0 0   1 1   2 2   3 3
111 177 4   0 0   1 1   2 2   3 3
111 323 4   0 0   1 1   2 2   3 3
111 326 4   0 0   1 1   2 2   3 3
111 281 4   0 0   1 1   2 2   3 3
111 268 4   0 0   1 1   2 2   3 3
111 334 4   0 0   1 1   2 2   3 3
112 129 4   0 0   1 1   2 2   3 3
112 226 4   0 0   1 1   2 2   3 3
112 117 4   0 0   1 1   2 2   3 3
112 205 4   0 0   1 1   2 2   3 3
112 175 4   0 0   1 1   2 2   3 3
113 230 4   0 0   1 1   2 2   3 3
113 281 4   0 0   1 1   2 2   3 3
113 203 4   0 0   1 1   2 2   3 3
114 277 4   0 0   1 1   2 2   3 3
114 214 4   0 0   1 1   2 2   3 3
114 316 4   0 0   1 1   2 2   3 3
115 336 4   0 0   1 1   2 2   3 3
115 166 4   0 0   1 1   2 2   3 3
115 280 4   0 0   1 1   2 2   3 3
116 194 4   0 0   1 1   2 2   3 3
116 132 4   0 0   1 1   2 2   3 3
116 149 4   0 0   1 1   2 2   3 3
116 293 4   0 0   1 1   2 2   3 3
117 226 4   0 0   1 1   2 2   3 3
117 120 4   0 0   1 1   2 2   3 3
117 317 4   0 0   1 1   2 2   3 3
117 189 4   0 0   1 1   2 2   3 3
118 279 4   0 0   1 1   2 2   3 3
118 281 4   0 0   1 1   2 2   3 3
118 266 4   0 0   1 1   2 2   3 3
118 334 4   0 0   1 1   2 2   3 3
119 304 4   0 0   1 1   2 2   3 3
119 153 4   0 0   1 1   2 2   3 3
119 251 4   0 0   1 1   2 2   3 3
119 332 4   0 0   1 1   2 2   3 3
120 312 4   0 0   1 1   2 2   3 3
120 317 4   0 0   1 1   2 2   3 3
121 149 4   0 0   1 1   2 2   3 3
121 293 4   0 0   1 1   2 2   3 3
121 124 4   0 0   1 1   2 2   3 3
122 169 4   0 0   1 1   2 2   3 3
122 207 4   0 0   1 1   2 2   3 3
123 133 4   0 0   1 1   2 2   3 3
123 202 4   0 0   1 1   2 2   3 3
123 319 4   0 0   1 1   2 2   3 3
123 335 4   0 0   1 1   2 2   3 3
124 305 4   0 0   1 1   2 2   3 3
124 149 4   0 0   1 1   2 2   3 3
125 126 4   0 0   1 1   2 2   3 3
126 357 4   0 0   1 1   2 2   3 3
126 269 4   0 0   1 1   2 2   3 3
127 240 4   0 0   1 1   2 2   3 3
127 178 4   0 0   1 1   2 2   3 3
127 356 4   0 0   1 1   2 2   3 3
127 278 4   0 0   1 1   2 2   3 3
127 135 4   0 0   1 1   2 2   3 3
127 143 4   0 0   1 1   2 2   3 3
128 352 4   0 0   1 1   2 2   3 3
128 137 4   0 0   1 1   2 2   3 3
128 362 4   0 0   1 1   2 2   3 3
129 275 4   0 0   1 1   2 2   3 3
129 340 4   0 0   1 1   2 2   3 3
130 160 4   0 0   1 1   2 2   3 3
130 342 4   0 0   1 1   2 2   3 3
130 346 4   0 0   1 1   2 2   3 3
130 170 4   0 0   1 1   2 2   3 3
130 223 4   0 0   1 1   2 2   3 3
131 358 4   0 0   1 1   2 2   3 3
131 295 4   0 0   1 1   2 2   3 3
131 332 4   0 0   1 1   2 2   3 3
131 158 4   0 0   1 1   2 2   3 3
132 194 4   0 0   1 1   2 2   3 3
132 167 4   0 0   1 1   2 2   3 3
133 146 4   0 0   1 1   2 2   3 3
133 163 4   0 0   1 1   2 2   3 3
133 232 4   0 0   1 1   2 2   3 3
133 319 4   0 0   1 1   2 2   3 3
134 353 4   0 0   1 1   2 2   3 3
134 247 4   0 0   1 1   2 2   3 3
134 188 4   0 0   1 1   2 2   3 3
134 252 4   0 0   1 1   2 2   3 3
135 224 4   0 0   1 1   2 2   3 3
135 240 4   0 0   1 1   2 2   3 3
135 278 4   0 0   1 1   2 2   3 3
135 313 4   0 0   1 1   2 2   3 3
136 337 4   0 0   1 1   2 2   3 3
136 290 4   0 0   1 1   2 2   3 3
136 314 4   0 0   1 1   2 2   3 3
136 330 4   0 0   1 1   2 2   3 3
136 333 4   0 0   1 1   2 2   3 3
138 144 4   0 0   1 1   2 2   3 3
138 289 4   0 0   1 1   2 2   3 3
138 291 4   0 0   1 1   2 2   3 3
138 196 4   0 0   1 1   2 2   3 3
138 325 4   0 0   1 1   2 2   3 3
138 294 4   0 0   1 1   2 2   3 3
138 271 4   0 0   1 1   2 2   3 3
139 342 4   0 0   1 1   2 2   3 3
139 311 4   0 0   1 1   2 2   3 3
139 248 4   0 0   1 1   2 2   3 3
139 186 4   0 0   1 1   2 2   3 3
140 199 4   0 0   1 1   2 2   3 3
141 244 4   0 0   1 1   2 2   3 3
141 341 4   0 0   1 1   2 2   3 3
141 361 4   0 0   1 1   2 2   3 3
141 316 4   0 0   1 1   2 2   3 3
142 274 4   0 0   1 1   2 2   3 3
142 338 4   0 0   1 1   2 2   3 3
142 262 4   0 0   1 1   2 2   3 3
142 150 4   0 0   1 1   2 2   3 3
142 231 4   0 0   1 1   2 2   3 3
142 173 4   0 0   1 1   2 2   3 3
143 356 4   0 0   1 1   2 2   3 3
143 172 4   0 0   1 1   2 2   3 3
143 286 4   0 0   1 1   2 2   3 3
144 305 4   0 0   1 1   2 2   3 3
144 291 4   0 0   1 1   2 2   3 3
144 196 4   0 0   1 1   2 2   3 3
145 305 4   0 0   1 1   2 2   3 3
145 291 4   0 0   1 1   2 2   3 3
145 148 4   0 0   1 1   2 2   3 3
145 329 4   0 0   1 1   2 2   3 3
145 301 4   0 0   1 1   2 2   3 3
146 163 4   0 0   1 1   2 2   3 3
146 233 4   0 0   1 1   2 2   3 3
146 154 4   0 0   1 1   2 2   3 3
147 307 4   0 0   1 1   2 2   3 3
147 345 4   0 0   1 1   2 2   3 3
148 243 4   0 0   1 1   2 2   3 3
148 291 4   0 0   1 1   2 2   3 3
148 294 4   0 0   1 1   2 2   3 3
148 301 4   0 0   1 1   2 2   3 3
148 174 4   0 0   1 1   2 2   3 3
149 272 4   0 0   1 1   2 2   3 3
149 293 4   0 0   1 1   2 2   3 3
150 338 4   0 0   1 1   2 2   3 3
150 262 4   0 0   1 1   2 2   3 3
150 298 4   0 0   1 1   2 2   3 3
151 209 4   0 0   1 1   2 2   3 3
151 200 4   0 0   1 1   2 2   3 3
151 265 4   0 0   1 1   2 2   3 3
151 300 4   0 0   1 1   2 2   3 3
151 318 4   0 0   1 1   2 2   3 3
152 322 4   0 0   1 1   2 2   3 3
152 199 4   0 0   1 1   2 2   3 3
152 263 4   0 0   1 1   2 2   3 3
152 222 4   0 0   1 1   2 2   3 3
153 304 4   0 0   1 1   2 2   3 3
153 194 4   0 0   1 1   2 2   3 3
153 157 4   0 0   1 1   2 2   3 3
153 351 4   0 0   1 1   2 2   3 3
154 163 4   0 0   1 1   2 2   3 3
154 233 4   0 0   1 1   2 2   3 3
154 297 4   0 0   1 1   2 2   3 3
154 219 4   0 0   1 1   2 2   3 3
155 210 4   0 0   1 1   2 2   3 3
155 200 4   0 0   1 1   2 2   3 3
155 318 4   0 0   1 1   2 2   3 3
156 267 4   0 0   1 1   2 2   3 3
156 159 4   0 0   1 1   2 2   3 3
157 304 4   0 0   1 1   2 2   3 3
158 181 4   0 0   1 1   2 2   3 3
158 358 4   0 0   1 1   2 2   3 3
158 295 4   0 0   1 1   2 2   3 3
158 236 4   0 0   1 1   2 2   3 3
158 255 4   0 0   1 1   2 2   3 3
160 170 4   0 0   1 1   2 2   3 3
160 189 4   0 0   1 1   2 2   3 3
160 317 4   0 0   1 1   2 2   3 3
161 288 4   0 0   1 1   2 2   3 3
161 307 4   0 0   1 1   2 2   3 3
161 292 4   0 0   1 1   2 2   3 3
161 218 4   0 0   1 1   2 2   3 3
161 266 4   0 0   1 1   2 2   3 3
161 299 4   0 0   1 1   2 2   3 3
162 209 4   0 0   1 1   2 2   3 3
162 241 4   0 0   1 1   2 2   3 3
162 265 4   0 0   1 1   2 2   3 3
163 232 4   0 0   1 1   2 2   3 3
163 297 4   0 0   1 1   2 2   3 3
163 185 4   0 0   1 1   2 2   3 3
164 321 4   0 0   1 1   2 2   3 3
164 345 4   0 0   1 1   2 2   3 3
164 282 4   0 0   1 1   2 2   3 3
164 235 4   0 0   1 1   2 2   3 3
164 268 4   0 0   1 1   2 2   3 3
165 293 4   0 0   1 1   2 2   3 3
165 329 4   0 0   1 1   2 2   3 3
165 270 4   0 0   1 1   2 2   3 3
166 336 4   0 0   1 1   2 2   3 3
166 211 4   0 0   1 1   2 2   3 3
166 299 4   0 0   1 1   2 2   3 3
167 194 4   0 0   1 1   2 2   3 3
167 328 4   0 0   1 1   2 2   3 3
168 322 4   0 0   1 1   2 2   3 3
168 338 4   0 0   1 1   2 2   3 3
168 173 4   0 0   1 1   2 2   3 3
168 222 4   0 0   1 1   2 2   3 3
169 283 4   0 0   1 1   2 2   3 3
169 172 4   0 0   1 1   2 2   3 3
169 207 4   0 0   1 1   2 2   3 3
170 342 4   0 0   1 1   2 2   3 3
170 250 4   0 0   1 1   2 2   3 3
170 186 4   0 0   1 1   2 2   3 3
170 189 4   0 0   1 1   2 2   3 3
171 306 4   0 0   1 1   2 2   3 3
172 310 4   0 0   1 1   2 2   3 3
172 283 4   0 0   1 1   2 2   3 3
172 221 4   0 0   1 1   2 2   3 3
172 286 4   0 0   1 1   2 2   3 3
173 338 4   0 0   1 1   2 2   3 3
173 322 4   0 0   1 1   2 2   3 3
174 243 4   0 0   1 1   2 2   3 3
174 229 4   0 0   1 1   2 2   3 3
174 311 4   0 0   1 1   2 2   3 3
174 301 4   0 0   1 1   2 2   3 3
175 339 4   0 0   1 1   2 2   3 3
175 183 4   0 0   1 1   2 2   3 3
175 205 4   0 0   1 1   2 2   3 3
175 287 4   0 0   1 1   2 2   3 3
176 339 4   0 0   1 1   2 2   3 3
176 331 4   0 0   1 1   2 2   3 3
177 323 4   0 0   1 1   2 2   3 3
177 308 4   0 0   1 1   2 2   3 3
177 326 4   0 0   1 1   2 2   3 3
177 327 4   0 0   1 1   2 2   3 3
177 330 4   0 0   1 1   2 2   3 3
178 285 4   0 0   1 1   2 2   3 3
179 213 4   0 0   1 1   2 2   3 3
179 282 4   0 0   1 1   2 2   3 3
179 235 4   0 0   1 1   2 2   3 3
180 363 4   0 0   1 1   2 2   3 3
181 359 4   0 0   1 1   2 2   3 3
181 217 4   0 0   1 1   2 2   3 3
181 236 4   0 0   1 1   2 2   3 3
181 364 4   0 0   1 1   2 2   3 3
182 340 4   0 0   1 1   2 2   3 3
183 339 4   0 0   1 1   2 2   3 3
183 205 4   0 0   1 1   2 2   3 3
183 191 4   0 0   1 1   2 2   3 3
184 247 4   0 0   1 1   2 2   3 3
184 254 4   0 0   1 1   2 2   3 3
184 350 4   0 0   1 1   2 2   3 3
185 256 4   0 0   1 1   2 2   3 3
185 232 4   0 0   1 1   2 2   3 3
185 249 4   0 0   1 1   2 2   3 3
186 354 4   0 0   1 1   2 2   3 3
186 342 4   0 0   1 1   2 2   3 3
186 248 4   0 0   1 1   2 2   3 3
186 201 4   0 0   1 1   2 2   3 3
186 250 4   0 0   1 1   2 2   3 3
187 193 4   0 0   1 1   2 2   3 3
187 273 4   0 0   1 1   2 2   3 3
187 309 4   0 0   1 1   2 2   3 3
188 208 4   0 0   1 1   2 2   3 3
188 247 4   0 0   1 1   2 2   3 3
188 252 4   0 0   1 1   2 2   3 3
188 254 4   0 0   1 1   2 2   3 3
189 226 4   0 0   1 1   2 2   3 3
189 201 4   0 0   1 1   2 2   3 3
189 250 4   0 0   1 1   2 2   3 3
189 317 4   0 0   1 1   2 2   3 3
190 256 4   0 0   1 1   2 2   3 3
190 208 4   0 0   1 1   2 2   3 3
190 276 4   0 0   1 1   2 2   3 3
190 261 4   0 0   1 1   2 2   3 3
190 249 4   0 0   1 1   2 2   3 3
190 252 4   0 0   1 1   2 2   3 3
190 270 4   0 0   1 1   2 2   3 3
190 238 4   0 0   1 1   2 2   3 3
191 312 4   0 0   1 1   2 2   3 3
191 205 4   0 0   1 1   2 2   3 3
192 234 4   0 0   1 1   2 2   3 3
192 271 4   0 0   1 1   2 2   3 3
193 273 4   0 0   1 1   2 2   3 3
193 309 4   0 0   1 1   2 2   3 3
193 333 4   0 0   1 1   2 2   3 3
194 351 4   0 0   1 1   2 2   3 3
195 306 4   0 0   1 1   2 2   3 3
195 211 4   0 0   1 1   2 2   3 3
195 292 4   0 0   1 1   2 2   3 3
195 245 4   0 0   1 1   2 2   3 3
196 271 4   0 0   1 1   2 2   3 3
197 309 4   0 0   1 1   2 2   3 3
197 363 4   0 0   1 1   2 2   3 3
197 333 4   0 0   1 1   2 2   3 3
198 336 4   0 0   1 1   2 2   3 3
198 258 4   0 0   1 1   2 2   3 3
198 203 4   0 0   1 1   2 2   3 3
200 265 4   0 0   1 1   2 2   3 3
200 318 4   0 0   1 1   2 2   3 3
201 226 4   0 0   1 1   2 2   3 3
201 354 4   0 0   1 1   2 2   3 3
201 250 4   0 0   1 1   2 2   3 3
202 324 4   0 0   1 1   2 2   3 3
202 228 4   0 0   1 1   2 2   3 3
202 319 4   0 0   1 1   2 2   3 3
202 335 4   0 0   1 1   2 2   3 3
203 258 4   0 0   1 1   2 2   3 3
204 321 4   0 0   1 1   2 2   3 3
204 213 4   0 0   1 1   2 2   3 3
204 235 4   0 0   1 1   2 2   3 3
205 312 4   0 0   1 1   2 2   3 3
206 214 4   0 0   1 1   2 2   3 3
206 315 4   0 0   1 1   2 2   3 3
206 285 4   0 0   1 1   2 2   3 3
207 283 4   0 0   1 1   2 2   3 3
207 300 4   0 0   1 1   2 2   3 3
208 256 4   0 0   1 1   2 2   3 3
208 296 4   0 0   1 1   2 2   3 3
208 252 4   0 0   1 1   2 2   3 3
208 254 4   0 0   1 1   2 2   3 3
209 265 4   0 0   1 1   2 2   3 3
209 300 4   0 0   1 1   2 2   3 3
210 318 4   0 0   1 1   2 2   3 3
210 239 4   0 0   1 1   2 2   3 3
211 292 4   0 0   1 1   2 2   3 3
211 299 4   0 0   1 1   2 2   3 3
212 274 4   0 0   1 1   2 2   3 3
212 358 4   0 0   1 1   2 2   3 3
212 217 4   0 0   1 1   2 2   3 3
212 251 4   0 0   1 1   2 2   3 3
212 365 4   0 0   1 1   2 2   3 3
213 246 4   0 0   1 1   2 2   3 3
213 235 4   0 0   1 1   2 2   3 3
214 277 4   0 0   1 1   2 2   3 3
214 344 4   0 0   1 1   2 2   3 3
214 315 4   0 0   1 1   2 2   3 3
214 363 4   0 0   1 1   2 2   3 3
215 245 4   0 0   1 1   2 2   3 3
215 331 4   0 0   1 1   2 2   3 3
216 283 4   0 0   1 1   2 2   3 3
216 221 4   0 0   1 1   2 2   3 3
216 239 4   0 0   1 1   2 2   3 3
217 274 4   0 0   1 1   2 2   3 3
217 358 4   0 0   1 1   2 2   3 3
217 236 4   0 0   1 1   2 2   3 3
217 364 4   0 0   1 1   2 2   3 3
218 292 4   0 0   1 1   2 2   3 3
218 246 4   0 0   1 1   2 2   3 3
219 354 4   0 0   1 1   2 2   3 3
219 275 4   0 0   1 1   2 2   3 3
219 233 4   0 0   1 1   2 2   3 3
220 343 4   0 0   1 1   2 2   3 3
220 295 4   0 0   1 1   2 2   3 3
220 303 4   0 0   1 1   2 2   3 3
220 255 4   0 0   1 1   2 2   3 3
221 310 4   0 0   1 1   2 2   3 3
221 283 4   0 0   1 1   2 2   3 3
222 322 4   0 0   1 1   2 2   3 3
223 342 4   0 0   1 1   2 2   3 3
223 346 4   0 0   1 1   2 2   3 3
224 337 4   0 0   1 1   2 2   3 3
224 308 4   0 0   1 1   2 2   3 3
224 278 4   0 0   1 1   2 2   3 3
224 327 4   0 0   1 1   2 2   3 3
224 313 4   0 0   1 1   2 2   3 3
225 258 4   0 0   1 1   2 2   3 3
225 340 4   0 0   1 1   2 2   3 3
225 280 4   0 0   1 1   2 2   3 3
227 308 4   0 0   1 1   2 2   3 3
227 326 4   0 0   1 1   2 2   3 3
227 313 4   0 0   1 1   2 2   3 3
228 324 4   0 0   1 1   2 2   3 3
228 314 4   0 0   1 1   2 2   3 3
228 333 4   0 0   1 1   2 2   3 3
228 335 4   0 0   1 1   2 2   3 3
229 311 4   0 0   1 1   2 2   3 3
229 297 4   0 0   1 1   2 2   3 3
229 301 4   0 0   1 1   2 2   3 3
230 281 4   0 0   1 1   2 2   3 3
230 348 4   0 0   1 1   2 2   3 3
231 320 4   0 0   1 1   2 2   3 3
231 274 4   0 0   1 1   2 2   3 3
231 360 4   0 0   1 1   2 2   3 3
233 275 4   0 0   1 1   2 2   3 3
234 272 4   0 0   1 1   2 2   3 3
235 321 4   0 0   1 1   2 2   3 3
235 282 4   0 0   1 1   2 2   3 3
236 358 4   0 0   1 1   2 2   3 3
237 352 4   0 0   1 1   2 2   3 3
237 346 4   0 0   1 1   2 2   3 3
238 276 4   0 0   1 1   2 2   3 3
238 351 4   0 0   1 1   2 2   3 3
239 283 4   0 0   1 1   2 2   3 3
239 318 4   0 0   1 1   2 2   3 3
240 356 4   0 0   1 1   2 2   3 3
240 313 4   0 0   1 1   2 2   3 3
241 265 4   0 0   1 1   2 2   3 3
241 349 4   0 0   1 1   2 2   3 3
242 350 4   0 0   1 1   2 2   3 3
243 311 4   0 0   1 1   2 2   3 3
244 277 4   0 0   1 1   2 2   3 3
244 341 4   0 0   1 1   2 2   3 3
244 316 4   0 0   1 1   2 2   3 3
245 306 4   0 0   1 1   2 2   3 3
245 331 4   0 0   1 1   2 2   3 3
247 253 4   0 0   1 1   2 2   3 3
247 254 4   0 0   1 1   2 2   3 3
249 256 4   0 0   1 1   2 2   3 3
249 297 4   0 0   1 1   2 2   3 3
249 270 4   0 0   1 1   2 2   3 3
251 353 4   0 0   1 1   2 2   3 3
251 252 4   0 0   1 1   2 2   3 3
252 353 4   0 0   1 1   2 2   3 3
252 261 4   0 0   1 1   2 2   3 3
253 360 4   0 0   1 1   2 2   3 3
254 296 4   0 0   1 1   2 2   3 3
255 295 4   0 0   1 1   2 2   3 3
256 296 4   0 0   1 1   2 2   3 3
257 288 4   0 0   1 1   2 2   3 3
257 281 4   0 0   1 1   2 2   3 3
257 266 4   0 0   1 1   2 2   3 3
258 336 4   0 0   1 1   2 2   3 3
258 280 4   0 0   1 1   2 2   3 3
258 269 4   0 0   1 1   2 2   3 3
259 302 4   0 0   1 1   2 2   3 3
260 273 4   0 0   1 1   2 2   3 3
260 309 4   0 0   1 1   2 2   3 3
262 298 4   0 0   1 1   2 2   3 3
264 355 4   0 0   1 1   2 2   3 3
266 288 4   0 0   1 1   2 2   3 3
266 281 4   0 0   1 1   2 2   3 3
268 321 4   0 0   1 1   2 2   3 3
268 356 4   0 0   1 1   2 2   3 3
268 326 4   0 0   1 1   2 2   3 3
268 313 4   0 0   1 1   2 2   3 3
268 334 4   0 0   1 1   2 2   3 3
268 286 4   0 0   1 1   2 2   3 3
269 357 4   0 0   1 1   2 2   3 3
270 276 4   0 0   1 1   2 2   3 3
270 293 4   0 0   1 1   2 2   3 3
271 289 4   0 0   1 1   2 2   3 3
271 362 4   0 0   1 1   2 2   3 3
273 309 4   0 0   1 1   2 2   3 3
274 365 4   0 0   1 1   2 2   3 3
276 293 4   0 0   1 1   2 2   3 3
276 351 4   0 0   1 1   2 2   3 3
277 363 4   0 0   1 1   2 2   3 3
277 316 4   0 0   1 1   2 2   3 3
278 337 4   0 0   1 1   2 2   3 3
278 315 4   0 0   1 1   2 2   3 3
279 345 4   0 0   1 1   2 2   3 3
279 334 4   0 0   1 1   2 2   3 3
280 336 4   0 0   1 1   2 2   3 3
280 287 4   0 0   1 1   2 2   3 3
281 334 4   0 0   1 1   2 2   3 3
282 345 4   0 0   1 1   2 2   3 3
283 300 4   0 0   1 1   2 2   3 3
283 318 4   0 0   1 1   2 2   3 3
284 328 4   0 0   1 1   2 2   3 3
286 356 4   0 0   1 1   2 2   3 3
286 310 4   0 0   1 1   2 2   3 3
287 339 4   0 0   1 1   2 2   3 3
287 331 4   0 0   1 1   2 2   3 3
288 299 4   0 0   1 1   2 2   3 3
289 325 4   0 0   1 1   2 2   3 3
289 362 4   0 0   1 1   2 2   3 3
290 337 4   0 0   1 1   2 2   3 3
290 315 4   0 0   1 1   2 2   3 3
291 305 4   0 0   1 1   2 2   3 3
291 294 4   0 0   1 1   2 2   3 3
292 299 4   0 0   1 1   2 2   3 3
293 351 4   0 0   1 1   2 2   3 3
294 325 4   0 0   1 1   2 2   3 3
295 332 4   0 0   1 1   2 2   3 3
295 303 4   0 0   1 1   2 2   3 3
298 364 4   0 0   1 1   2 2   3 3
300 318 4   0 0   1 1   2 2   3 3
301 329 4   0 0   1 1   2 2   3 3
303 343 4   0 0   1 1   2 2   3 3
303 332 4   0 0   1 1   2 2   3 3
304 343 4   0 0   1 1   2 2   3 3
305 329 4   0 0   1 1   2 2   3 3
308 326 4   0 0   1 1   2 2   3 3
308 327 4   0 0   1 1   2 2   3 3
308 313 4   0 0   1 1   2 2   3 3
309 333 4   0 0   1 1   2 2   3 3
313 356 4   0 0   1 1   2 2   3 3
313 326 4   0 0   1 1   2 2   3 3
314 324 4   0 0   1 1   2 2   3 3
314 330 4   0 0   1 1   2 2   3 3
314 366 4   0 0   1 1   2 2   3 3
315 337 4   0 0   1 1   2 2   3 3
316 361 4   0 0   1 1   2 2   3 3
320 360 4   0 0   1 1   2 2   3 3
323 330 4   0 0   1 1   2 2   3 3
324 366 4   0 0   1 1   2 2   3 3
325 362 4   0 0   1 1   2 2   3 3
327 337 4   0 0   1 1   2 2   3 3
327 330 4   0 0   1 1   2 2   3 3
330 337 4   0 0   1 1   2 2   3 3
330 366 4   0 0   1 1   2 2   3 3
331 339 4   0 0   1 1   2 2   3 3
344 363 4   0 0   1 1   2 2   3 3
347 359 4   0 0   1 1   2 2   3 3
348 357 4   0 0   1 1   2 2   3 3
353 365 4   0 0   1 1   2 2   3 3
359 364 4   0 0   1 1   2 2   3 3
