319
1 4 0 1 2 3
2 4 0 1 2 3
3 4 0 1 2 3
4 4 0 1 2 3
5 4 0 1 2 3
6 4 0 1 2 3
7 4 0 1 2 3
8 4 0 1 2 3
9 4 0 1 2 3
10 4 0 1 2 3
11 4 0 1 2 3
12 4 0 1 2 3
13 4 0 1 2 3
14 4 0 1 2 3
15 4 0 1 2 3
16 4 0 1 2 3
17 4 0 1 2 3
18 4 0 1 2 3
19 4 0 1 2 3
20 4 0 1 2 3
21 4 0 1 2 3
22 4 0 1 2 3
23 4 0 1 2 3
24 4 0 1 2 3
25 4 0 1 2 3
26 4 0 1 2 3
27 4 0 1 2 3
28 4 0 1 2 3
29 4 0 1 2 3
30 4 0 1 2 3
31 4 0 1 2 3
32 4 0 1 2 3
33 4 0 1 2 3
34 4 0 1 2 3
35 4 0 1 2 3
36 4 0 1 2 3
37 4 0 1 2 3
38 4 0 1 2 3
39 4 0 1 2 3
40 4 0 1 2 3
41 4 0 1 2 3
42 4 0 1 2 3
43 4 0 1 2 3
44 4 0 1 2 3
45 4 0 1 2 3
46 4 0 1 2 3
47 4 0 1 2 3
48 4 0 1 2 3
49 4 0 1 2 3
50 4 0 1 2 3
51 4 0 1 2 3
52 4 0 1 2 3
53 4 0 1 2 3
54 4 0 1 2 3
55 4 0 1 2 3
56 4 0 1 2 3
57 4 0 1 2 3
58 4 0 1 2 3
59 4 0 1 2 3
60 4 0 1 2 3
61 4 0 1 2 3
62 4 0 1 2 3
63 4 0 1 2 3
64 4 0 1 2 3
65 4 0 1 2 3
66 4 0 1 2 3
67 4 0 1 2 3
68 4 0 1 2 3
69 4 0 1 2 3
70 4 0 1 2 3
71 4 0 1 2 3
72 4 0 1 2 3
73 4 0 1 2 3
74 4 0 1 2 3
75 4 0 1 2 3
76 4 0 1 2 3
77 4 0 1 2 3
78 4 0 1 2 3
79 4 0 1 2 3
80 4 0 1 2 3
81 4 0 1 2 3
82 4 0 1 2 3
83 4 0 1 2 3
84 4 0 1 2 3
85 4 0 1 2 3
86 4 0 1 2 3
87 4 0 1 2 3
88 4 0 1 2 3
89 4 0 1 2 3
90 4 0 1 2 3
91 4 0 1 2 3
92 4 0 1 2 3
93 4 0 1 2 3
94 4 0 1 2 3
95 4 0 1 2 3
96 4 0 1 2 3
97 4 0 1 2 3
98 4 0 1 2 3
99 4 0 1 2 3
100 4 0 1 2 3
101 4 0 1 2 3
102 4 0 1 2 3
103 4 0 1 2 3
104 4 0 1 2 3
105 4 0 1 2 3
106 4 0 1 2 3
107 4 0 1 2 3
108 4 0 1 2 3
109 4 0 1 2 3
110 4 0 1 2 3
111 4 0 1 2 3
112 4 0 1 2 3
113 4 0 1 2 3
114 4 0 1 2 3
115 4 0 1 2 3
116 4 0 1 2 3
117 4 0 1 2 3
118 4 0 1 2 3
119 4 0 1 2 3
120 4 0 1 2 3
121 4 0 1 2 3
122 4 0 1 2 3
123 4 0 1 2 3
124 4 0 1 2 3
125 4 0 1 2 3
126 4 0 1 2 3
127 4 0 1 2 3
128 4 0 1 2 3
129 4 0 1 2 3
130 4 0 1 2 3
131 4 0 1 2 3
132 4 0 1 2 3
133 4 0 1 2 3
134 4 0 1 2 3
135 4 0 1 2 3
136 4 0 1 2 3
137 4 0 1 2 3
138 4 0 1 2 3
139 4 0 1 2 3
140 4 0 1 2 3
141 4 0 1 2 3
142 4 0 1 2 3
143 4 0 1 2 3
144 4 0 1 2 3
145 4 0 1 2 3
146 4 0 1 2 3
147 4 0 1 2 3
148 4 0 1 2 3
149 4 0 1 2 3
150 4 0 1 2 3
151 4 0 1 2 3
152 4 0 1 2 3
153 4 0 1 2 3
154 4 0 1 2 3
155 4 0 1 2 3
156 4 0 1 2 3
157 4 0 1 2 3
158 4 0 1 2 3
159 4 0 1 2 3
160 4 0 1 2 3
161 4 0 1 2 3
162 4 0 1 2 3
163 4 0 1 2 3
164 4 0 1 2 3
165 4 0 1 2 3
166 4 0 1 2 3
167 4 0 1 2 3
168 4 0 1 2 3
169 4 0 1 2 3
170 4 0 1 2 3
171 4 0 1 2 3
172 4 0 1 2 3
173 4 0 1 2 3
174 4 0 1 2 3
175 4 0 1 2 3
176 4 0 1 2 3
177 4 0 1 2 3
178 4 0 1 2 3
179 4 0 1 2 3
180 4 0 1 2 3
181 4 0 1 2 3
182 4 0 1 2 3
183 4 0 1 2 3
184 4 0 1 2 3
185 4 0 1 2 3
186 4 0 1 2 3
187 4 0 1 2 3
188 4 0 1 2 3
189 4 0 1 2 3
190 4 0 1 2 3
191 4 0 1 2 3
192 4 0 1 2 3
193 4 0 1 2 3
194 4 0 1 2 3
195 4 0 1 2 3
196 4 0 1 2 3
197 4 0 1 2 3
198 4 0 1 2 3
199 4 0 1 2 3
200 4 0 1 2 3
201 4 0 1 2 3
202 4 0 1 2 3
203 4 0 1 2 3
204 4 0 1 2 3
205 4 0 1 2 3
206 4 0 1 2 3
207 4 0 1 2 3
208 4 0 1 2 3
209 4 0 1 2 3
210 4 0 1 2 3
211 4 0 1 2 3
212 4 0 1 2 3
213 4 0 1 2 3
214 4 0 1 2 3
215 4 0 1 2 3
216 4 0 1 2 3
217 4 0 1 2 3
218 4 0 1 2 3
219 4 0 1 2 3
220 4 0 1 2 3
221 4 0 1 2 3
222 4 0 1 2 3
223 4 0 1 2 3
224 4 0 1 2 3
225 4 0 1 2 3
226 4 0 1 2 3
227 4 0 1 2 3
228 4 0 1 2 3
229 4 0 1 2 3
230 4 0 1 2 3
231 4 0 1 2 3
232 4 0 1 2 3
233 4 0 1 2 3
234 4 0 1 2 3
235 4 0 1 2 3
236 4 0 1 2 3
237 4 0 1 2 3
238 4 0 1 2 3
239 4 0 1 2 3
240 4 0 1 2 3
241 4 0 1 2 3
242 4 0 1 2 3
243 4 0 1 2 3
244 4 0 1 2 3
245 4 0 1 2 3
246 4 0 1 2 3
247 4 0 1 2 3
248 4 0 1 2 3
249 4 0 1 2 3
250 4 0 1 2 3
251 4 0 1 2 3
252 4 0 1 2 3
253 4 0 1 2 3
254 4 0 1 2 3
255 4 0 1 2 3
256 4 0 1 2 3
257 4 0 1 2 3
258 4 0 1 2 3
259 4 0 1 2 3
260 4 0 1 2 3
261 4 0 1 2 3
262 4 0 1 2 3
263 4 0 1 2 3
264 4 0 1 2 3
265 4 0 1 2 3
266 4 0 1 2 3
267 4 0 1 2 3
268 4 0 1 2 3
269 4 0 1 2 3
270 4 0 1 2 3
271 4 0 1 2 3
272 4 0 1 2 3
273 4 0 1 2 3
274 4 0 1 2 3
275 4 0 1 2 3
276 4 0 1 2 3
277 4 0 1 2 3
278 4 0 1 2 3
279 4 0 1 2 3
280 4 0 1 2 3
281 4 0 1 2 3
282 4 0 1 2 3
283 4 0 1 2 3
284 4 0 1 2 3
285 4 0 1 2 3
286 4 0 1 2 3
287 4 0 1 2 3
288 4 0 1 2 3
289 4 0 1 2 3
290 4 0 1 2 3
291 4 0 1 2 3
292 4 0 1 2 3
293 4 0 1 2 3
294 4 0 1 2 3
295 4 0 1 2 3
296 4 0 1 2 3
297 4 0 1 2 3
298 4 0 1 2 3
299 4 0 1 2 3
300 4 0 1 2 3
301 4 0 1 2 3
302 4 0 1 2 3
303 4 0 1 2 3
304 4 0 1 2 3
305 4 0 1 2 3
306 4 0 1 2 3
307 4 0 1 2 3
308 4 0 1 2 3
309 4 0 1 2 3
310 4 0 1 2 3
311 4 0 1 2 3
312 4 0 1 2 3
313 4 0 1 2 3
314 4 0 1 2 3
315 4 0 1 2 3
316 4 0 1 2 3
317 4 0 1 2 3
318 4 0 1 2 3
319 4 0 1 2 3
890
1 179 4   0 0   1 1   2 2   3 3
1 4 4   0 0   1 1   2 2   3 3
1 213 4   0 0   1 1   2 2   3 3
1 126 4   0 0   1 1   2 2   3 3
2 308 4   0 0   1 1   2 2   3 3
2 149 4   0 0   1 1   2 2   3 3
2 248 4   0 0   1 1   2 2   3 3
2 154 4   0 0   1 1   2 2   3 3
2 45 4   0 0   1 1   2 2   3 3
2 29 4   0 0   1 1   2 2   3 3
3 5 4   0 0   1 1   2 2   3 3
3 170 4   0 0   1 1   2 2   3 3
3 139 4   0 0   1 1   2 2   3 3
3 172 4   0 0   1 1   2 2   3 3
3 205 4   0 0   1 1   2 2   3 3
4 133 4   0 0   1 1   2 2   3 3
4 213 4   0 0   1 1   2 2   3 3
4 70 4   0 0   1 1   2 2   3 3
4 183 4   0 0   1 1   2 2   3 3
4 126 4   0 0   1 1   2 2   3 3
5 265 4   0 0   1 1   2 2   3 3
5 140 4   0 0   1 1   2 2   3 3
5 124 4   0 0   1 1   2 2   3 3
5 172 4   0 0   1 1   2 2   3 3
5 205 4   0 0   1 1   2 2   3 3
6 50 4   0 0   1 1   2 2   3 3
6 19 4   0 0   1 1   2 2   3 3
6 7 4   0 0   1 1   2 2   3 3
6 153 4   0 0   1 1   2 2   3 3
6 223 4   0 0   1 1   2 2   3 3
7 49 4   0 0   1 1   2 2   3 3
7 146 4   0 0   1 1   2 2   3 3
7 50 4   0 0   1 1   2 2   3 3
7 19 4   0 0   1 1   2 2   3 3
7 182 4   0 0   1 1   2 2   3 3
7 134 4   0 0   1 1   2 2   3 3
7 295 4   0 0   1 1   2 2   3 3
7 302 4   0 0   1 1   2 2   3 3
7 143 4   0 0   1 1   2 2   3 3
8 115 4   0 0   1 1   2 2   3 3
8 88 4   0 0   1 1   2 2   3 3
8 89 4   0 0   1 1   2 2   3 3
8 139 4   0 0   1 1   2 2   3 3
8 286 4   0 0   1 1   2 2   3 3
9 227 4   0 0   1 1   2 2   3 3
9 68 4   0 0   1 1   2 2   3 3
9 149 4   0 0   1 1   2 2   3 3
9 294 4   0 0   1 1   2 2   3 3
9 282 4   0 0   1 1   2 2   3 3
10 264 4   0 0   1 1   2 2   3 3
10 185 4   0 0   1 1   2 2   3 3
10 42 4   0 0   1 1   2 2   3 3
10 204 4   0 0   1 1   2 2   3 3
10 271 4   0 0   1 1   2 2   3 3
11 178 4   0 0   1 1   2 2   3 3
11 181 4   0 0   1 1   2 2   3 3
11 217 4   0 0   1 1   2 2   3 3
11 299 4   0 0   1 1   2 2   3 3
11 28 4   0 0   1 1   2 2   3 3
11 220 4   0 0   1 1   2 2   3 3
11 237 4   0 0   1 1   2 2   3 3
11 94 4   0 0   1 1   2 2   3 3
12 208 4   0 0   1 1   2 2   3 3
12 100 4   0 0   1 1   2 2   3 3
12 37 4   0 0   1 1   2 2   3 3
12 313 4   0 0   1 1   2 2   3 3
12 250 4   0 0   1 1   2 2   3 3
12 284 4   0 0   1 1   2 2   3 3
12 76 4   0 0   1 1   2 2   3 3
13 208 4   0 0   1 1   2 2   3 3
13 291 4   0 0   1 1   2 2   3 3
14 230 4   0 0   1 1   2 2   3 3
14 22 4   0 0   1 1   2 2   3 3
14 199 4   0 0   1 1   2 2   3 3
14 57 4   0 0   1 1   2 2   3 3
14 137 4   0 0   1 1   2 2   3 3
15 240 4   0 0   1 1   2 2   3 3
15 196 4   0 0   1 1   2 2   3 3
15 22 4   0 0   1 1   2 2   3 3
15 167 4   0 0   1 1   2 2   3 3
15 137 4   0 0   1 1   2 2   3 3
15 90 4   0 0   1 1   2 2   3 3
16 96 4   0 0   1 1   2 2   3 3
16 209 4   0 0   1 1   2 2   3 3
16 260 4   0 0   1 1   2 2   3 3
16 167 4   0 0   1 1   2 2   3 3
16 90 4   0 0   1 1   2 2   3 3
17 115 4   0 0   1 1   2 2   3 3
17 139 4   0 0   1 1   2 2   3 3
17 172 4   0 0   1 1   2 2   3 3
17 286 4   0 0   1 1   2 2   3 3
18 242 4   0 0   1 1   2 2   3 3
18 259 4   0 0   1 1   2 2   3 3
18 43 4   0 0   1 1   2 2   3 3
18 219 4   0 0   1 1   2 2   3 3
18 157 4   0 0   1 1   2 2   3 3
19 112 4   0 0   1 1   2 2   3 3
19 182 4   0 0   1 1   2 2   3 3
19 314 4   0 0   1 1   2 2   3 3
19 222 4   0 0   1 1   2 2   3 3
19 223 4   0 0   1 1   2 2   3 3
20 192 4   0 0   1 1   2 2   3 3
20 99 4   0 0   1 1   2 2   3 3
20 292 4   0 0   1 1   2 2   3 3
20 121 4   0 0   1 1   2 2   3 3
21 145 4   0 0   1 1   2 2   3 3
21 212 4   0 0   1 1   2 2   3 3
21 86 4   0 0   1 1   2 2   3 3
21 239 4   0 0   1 1   2 2   3 3
22 240 4   0 0   1 1   2 2   3 3
22 160 4   0 0   1 1   2 2   3 3
22 230 4   0 0   1 1   2 2   3 3
22 24 4   0 0   1 1   2 2   3 3
22 137 4   0 0   1 1   2 2   3 3
22 236 4   0 0   1 1   2 2   3 3
23 113 4   0 0   1 1   2 2   3 3
23 84 4   0 0   1 1   2 2   3 3
23 301 4   0 0   1 1   2 2   3 3
23 110 4   0 0   1 1   2 2   3 3
24 148 4   0 0   1 1   2 2   3 3
24 230 4   0 0   1 1   2 2   3 3
24 298 4   0 0   1 1   2 2   3 3
24 59 4   0 0   1 1   2 2   3 3
24 236 4   0 0   1 1   2 2   3 3
25 81 4   0 0   1 1   2 2   3 3
25 229 4   0 0   1 1   2 2   3 3
25 134 4   0 0   1 1   2 2   3 3
25 315 4   0 0   1 1   2 2   3 3
26 257 4   0 0   1 1   2 2   3 3
26 306 4   0 0   1 1   2 2   3 3
26 229 4   0 0   1 1   2 2   3 3
26 118 4   0 0   1 1   2 2   3 3
26 87 4   0 0   1 1   2 2   3 3
26 200 4   0 0   1 1   2 2   3 3
27 96 4   0 0   1 1   2 2   3 3
27 260 4   0 0   1 1   2 2   3 3
27 105 4   0 0   1 1   2 2   3 3
27 233 4   0 0   1 1   2 2   3 3
27 42 4   0 0   1 1   2 2   3 3
27 107 4   0 0   1 1   2 2   3 3
28 48 4   0 0   1 1   2 2   3 3
28 181 4   0 0   1 1   2 2   3 3
28 41 4   0 0   1 1   2 2   3 3
28 235 4   0 0   1 1   2 2   3 3
28 94 4   0 0   1 1   2 2   3 3
29 33 4   0 0   1 1   2 2   3 3
29 149 4   0 0   1 1   2 2   3 3
29 101 4   0 0   1 1   2 2   3 3
29 248 4   0 0   1 1   2 2   3 3
29 282 4   0 0   1 1   2 2   3 3
29 60 4   0 0   1 1   2 2   3 3
29 45 4   0 0   1 1   2 2   3 3
29 47 4   0 0   1 1   2 2   3 3
30 80 4   0 0   1 1   2 2   3 3
30 161 4   0 0   1 1   2 2   3 3
30 116 4   0 0   1 1   2 2   3 3
30 312 4   0 0   1 1   2 2   3 3
30 91 4   0 0   1 1   2 2   3 3
30 78 4   0 0   1 1   2 2   3 3
31 99 4   0 0   1 1   2 2   3 3
31 147 4   0 0   1 1   2 2   3 3
31 148 4   0 0   1 1   2 2   3 3
31 296 4   0 0   1 1   2 2   3 3
32 161 4   0 0   1 1   2 2   3 3
32 66 4   0 0   1 1   2 2   3 3
32 46 4   0 0   1 1   2 2   3 3
33 210 4   0 0   1 1   2 2   3 3
33 83 4   0 0   1 1   2 2   3 3
33 101 4   0 0   1 1   2 2   3 3
33 104 4   0 0   1 1   2 2   3 3
33 282 4   0 0   1 1   2 2   3 3
34 117 4   0 0   1 1   2 2   3 3
34 53 4   0 0   1 1   2 2   3 3
34 150 4   0 0   1 1   2 2   3 3
34 214 4   0 0   1 1   2 2   3 3
34 121 4   0 0   1 1   2 2   3 3
34 171 4   0 0   1 1   2 2   3 3
34 142 4   0 0   1 1   2 2   3 3
35 208 4   0 0   1 1   2 2   3 3
35 291 4   0 0   1 1   2 2   3 3
35 263 4   0 0   1 1   2 2   3 3
35 76 4   0 0   1 1   2 2   3 3
36 82 4   0 0   1 1   2 2   3 3
36 146 4   0 0   1 1   2 2   3 3
36 165 4   0 0   1 1   2 2   3 3
36 295 4   0 0   1 1   2 2   3 3
36 40 4   0 0   1 1   2 2   3 3
36 202 4   0 0   1 1   2 2   3 3
36 270 4   0 0   1 1   2 2   3 3
36 127 4   0 0   1 1   2 2   3 3
37 256 4   0 0   1 1   2 2   3 3
37 280 4   0 0   1 1   2 2   3 3
37 313 4   0 0   1 1   2 2   3 3
37 76 4   0 0   1 1   2 2   3 3
38 96 4   0 0   1 1   2 2   3 3
38 66 4   0 0   1 1   2 2   3 3
38 52 4   0 0   1 1   2 2   3 3
38 151 4   0 0   1 1   2 2   3 3
38 105 4   0 0   1 1   2 2   3 3
38 122 4   0 0   1 1   2 2   3 3
38 107 4   0 0   1 1   2 2   3 3
38 46 4   0 0   1 1   2 2   3 3
39 145 4   0 0   1 1   2 2   3 3
39 277 4   0 0   1 1   2 2   3 3
39 136 4   0 0   1 1   2 2   3 3
39 108 4   0 0   1 1   2 2   3 3
39 94 4   0 0   1 1   2 2   3 3
39 207 4   0 0   1 1   2 2   3 3
40 82 4   0 0   1 1   2 2   3 3
40 232 4   0 0   1 1   2 2   3 3
40 216 4   0 0   1 1   2 2   3 3
40 270 4   0 0   1 1   2 2   3 3
40 63 4   0 0   1 1   2 2   3 3
41 48 4   0 0   1 1   2 2   3 3
41 181 4   0 0   1 1   2 2   3 3
41 206 4   0 0   1 1   2 2   3 3
42 260 4   0 0   1 1   2 2   3 3
42 233 4   0 0   1 1   2 2   3 3
42 185 4   0 0   1 1   2 2   3 3
42 204 4   0 0   1 1   2 2   3 3
42 159 4   0 0   1 1   2 2   3 3
43 225 4   0 0   1 1   2 2   3 3
43 242 4   0 0   1 1   2 2   3 3
43 259 4   0 0   1 1   2 2   3 3
43 311 4   0 0   1 1   2 2   3 3
43 232 4   0 0   1 1   2 2   3 3
43 63 4   0 0   1 1   2 2   3 3
44 64 4   0 0   1 1   2 2   3 3
44 224 4   0 0   1 1   2 2   3 3
44 98 4   0 0   1 1   2 2   3 3
44 118 4   0 0   1 1   2 2   3 3
44 198 4   0 0   1 1   2 2   3 3
45 67 4   0 0   1 1   2 2   3 3
45 69 4   0 0   1 1   2 2   3 3
45 154 4   0 0   1 1   2 2   3 3
45 60 4   0 0   1 1   2 2   3 3
46 96 4   0 0   1 1   2 2   3 3
46 161 4   0 0   1 1   2 2   3 3
46 66 4   0 0   1 1   2 2   3 3
46 247 4   0 0   1 1   2 2   3 3
46 155 4   0 0   1 1   2 2   3 3
47 210 4   0 0   1 1   2 2   3 3
47 101 4   0 0   1 1   2 2   3 3
47 201 4   0 0   1 1   2 2   3 3
47 283 4   0 0   1 1   2 2   3 3
47 60 4   0 0   1 1   2 2   3 3
47 156 4   0 0   1 1   2 2   3 3
47 92 4   0 0   1 1   2 2   3 3
48 184 4   0 0   1 1   2 2   3 3
48 235 4   0 0   1 1   2 2   3 3
49 146 4   0 0   1 1   2 2   3 3
49 211 4   0 0   1 1   2 2   3 3
49 165 4   0 0   1 1   2 2   3 3
49 182 4   0 0   1 1   2 2   3 3
49 55 4   0 0   1 1   2 2   3 3
50 134 4   0 0   1 1   2 2   3 3
50 120 4   0 0   1 1   2 2   3 3
50 153 4   0 0   1 1   2 2   3 3
50 58 4   0 0   1 1   2 2   3 3
50 143 4   0 0   1 1   2 2   3 3
51 85 4   0 0   1 1   2 2   3 3
51 184 4   0 0   1 1   2 2   3 3
51 136 4   0 0   1 1   2 2   3 3
51 106 4   0 0   1 1   2 2   3 3
52 66 4   0 0   1 1   2 2   3 3
52 151 4   0 0   1 1   2 2   3 3
52 267 4   0 0   1 1   2 2   3 3
52 205 4   0 0   1 1   2 2   3 3
53 102 4   0 0   1 1   2 2   3 3
53 214 4   0 0   1 1   2 2   3 3
53 74 4   0 0   1 1   2 2   3 3
53 142 4   0 0   1 1   2 2   3 3
54 244 4   0 0   1 1   2 2   3 3
54 293 4   0 0   1 1   2 2   3 3
55 211 4   0 0   1 1   2 2   3 3
55 182 4   0 0   1 1   2 2   3 3
55 185 4   0 0   1 1   2 2   3 3
55 109 4   0 0   1 1   2 2   3 3
56 241 4   0 0   1 1   2 2   3 3
56 147 4   0 0   1 1   2 2   3 3
56 165 4   0 0   1 1   2 2   3 3
56 232 4   0 0   1 1   2 2   3 3
56 216 4   0 0   1 1   2 2   3 3
56 191 4   0 0   1 1   2 2   3 3
57 212 4   0 0   1 1   2 2   3 3
57 230 4   0 0   1 1   2 2   3 3
57 199 4   0 0   1 1   2 2   3 3
58 98 4   0 0   1 1   2 2   3 3
58 229 4   0 0   1 1   2 2   3 3
58 118 4   0 0   1 1   2 2   3 3
58 134 4   0 0   1 1   2 2   3 3
58 120 4   0 0   1 1   2 2   3 3
59 272 4   0 0   1 1   2 2   3 3
59 192 4   0 0   1 1   2 2   3 3
59 99 4   0 0   1 1   2 2   3 3
59 148 4   0 0   1 1   2 2   3 3
59 298 4   0 0   1 1   2 2   3 3
59 62 4   0 0   1 1   2 2   3 3
60 69 4   0 0   1 1   2 2   3 3
60 156 4   0 0   1 1   2 2   3 3
61 304 4   0 0   1 1   2 2   3 3
61 129 4   0 0   1 1   2 2   3 3
61 162 4   0 0   1 1   2 2   3 3
61 307 4   0 0   1 1   2 2   3 3
61 93 4   0 0   1 1   2 2   3 3
61 125 4   0 0   1 1   2 2   3 3
62 272 4   0 0   1 1   2 2   3 3
62 298 4   0 0   1 1   2 2   3 3
63 242 4   0 0   1 1   2 2   3 3
63 232 4   0 0   1 1   2 2   3 3
63 270 4   0 0   1 1   2 2   3 3
64 224 4   0 0   1 1   2 2   3 3
64 164 4   0 0   1 1   2 2   3 3
64 198 4   0 0   1 1   2 2   3 3
65 225 4   0 0   1 1   2 2   3 3
65 292 4   0 0   1 1   2 2   3 3
65 311 4   0 0   1 1   2 2   3 3
65 121 4   0 0   1 1   2 2   3 3
65 142 4   0 0   1 1   2 2   3 3
66 161 4   0 0   1 1   2 2   3 3
66 116 4   0 0   1 1   2 2   3 3
66 168 4   0 0   1 1   2 2   3 3
66 265 4   0 0   1 1   2 2   3 3
66 267 4   0 0   1 1   2 2   3 3
66 79 4   0 0   1 1   2 2   3 3
67 130 4   0 0   1 1   2 2   3 3
67 69 4   0 0   1 1   2 2   3 3
67 154 4   0 0   1 1   2 2   3 3
67 234 4   0 0   1 1   2 2   3 3
68 149 4   0 0   1 1   2 2   3 3
68 294 4   0 0   1 1   2 2   3 3
68 266 4   0 0   1 1   2 2   3 3
68 188 4   0 0   1 1   2 2   3 3
69 234 4   0 0   1 1   2 2   3 3
69 156 4   0 0   1 1   2 2   3 3
70 183 4   0 0   1 1   2 2   3 3
70 89 4   0 0   1 1   2 2   3 3
70 252 4   0 0   1 1   2 2   3 3
70 221 4   0 0   1 1   2 2   3 3
70 189 4   0 0   1 1   2 2   3 3
70 126 4   0 0   1 1   2 2   3 3
71 96 4   0 0   1 1   2 2   3 3
71 80 4   0 0   1 1   2 2   3 3
71 209 4   0 0   1 1   2 2   3 3
71 279 4   0 0   1 1   2 2   3 3
71 312 4   0 0   1 1   2 2   3 3
71 155 4   0 0   1 1   2 2   3 3
72 124 4   0 0   1 1   2 2   3 3
72 172 4   0 0   1 1   2 2   3 3
72 268 4   0 0   1 1   2 2   3 3
73 243 4   0 0   1 1   2 2   3 3
73 83 4   0 0   1 1   2 2   3 3
73 212 4   0 0   1 1   2 2   3 3
73 196 4   0 0   1 1   2 2   3 3
73 86 4   0 0   1 1   2 2   3 3
73 199 4   0 0   1 1   2 2   3 3
73 137 4   0 0   1 1   2 2   3 3
73 173 4   0 0   1 1   2 2   3 3
74 97 4   0 0   1 1   2 2   3 3
74 259 4   0 0   1 1   2 2   3 3
74 163 4   0 0   1 1   2 2   3 3
74 214 4   0 0   1 1   2 2   3 3
74 102 4   0 0   1 1   2 2   3 3
74 219 4   0 0   1 1   2 2   3 3
74 190 4   0 0   1 1   2 2   3 3
75 112 4   0 0   1 1   2 2   3 3
75 132 4   0 0   1 1   2 2   3 3
75 189 4   0 0   1 1   2 2   3 3
75 253 4   0 0   1 1   2 2   3 3
75 222 4   0 0   1 1   2 2   3 3
76 256 4   0 0   1 1   2 2   3 3
76 208 4   0 0   1 1   2 2   3 3
76 263 4   0 0   1 1   2 2   3 3
77 145 4   0 0   1 1   2 2   3 3
77 203 4   0 0   1 1   2 2   3 3
77 254 4   0 0   1 1   2 2   3 3
78 116 4   0 0   1 1   2 2   3 3
78 309 4   0 0   1 1   2 2   3 3
78 91 4   0 0   1 1   2 2   3 3
79 309 4   0 0   1 1   2 2   3 3
79 168 4   0 0   1 1   2 2   3 3
79 265 4   0 0   1 1   2 2   3 3
79 140 4   0 0   1 1   2 2   3 3
80 161 4   0 0   1 1   2 2   3 3
80 312 4   0 0   1 1   2 2   3 3
80 155 4   0 0   1 1   2 2   3 3
81 257 4   0 0   1 1   2 2   3 3
81 229 4   0 0   1 1   2 2   3 3
81 315 4   0 0   1 1   2 2   3 3
82 165 4   0 0   1 1   2 2   3 3
82 216 4   0 0   1 1   2 2   3 3
83 196 4   0 0   1 1   2 2   3 3
83 231 4   0 0   1 1   2 2   3 3
83 104 4   0 0   1 1   2 2   3 3
83 282 4   0 0   1 1   2 2   3 3
83 173 4   0 0   1 1   2 2   3 3
84 113 4   0 0   1 1   2 2   3 3
84 307 4   0 0   1 1   2 2   3 3
84 245 4   0 0   1 1   2 2   3 3
84 119 4   0 0   1 1   2 2   3 3
84 110 4   0 0   1 1   2 2   3 3
84 95 4   0 0   1 1   2 2   3 3
85 184 4   0 0   1 1   2 2   3 3
85 106 4   0 0   1 1   2 2   3 3
85 203 4   0 0   1 1   2 2   3 3
86 243 4   0 0   1 1   2 2   3 3
86 212 4   0 0   1 1   2 2   3 3
86 261 4   0 0   1 1   2 2   3 3
86 317 4   0 0   1 1   2 2   3 3
86 173 4   0 0   1 1   2 2   3 3
86 239 4   0 0   1 1   2 2   3 3
87 278 4   0 0   1 1   2 2   3 3
87 198 4   0 0   1 1   2 2   3 3
87 118 4   0 0   1 1   2 2   3 3
87 200 4   0 0   1 1   2 2   3 3
87 152 4   0 0   1 1   2 2   3 3
88 226 4   0 0   1 1   2 2   3 3
88 115 4   0 0   1 1   2 2   3 3
88 183 4   0 0   1 1   2 2   3 3
88 89 4   0 0   1 1   2 2   3 3
88 300 4   0 0   1 1   2 2   3 3
89 183 4   0 0   1 1   2 2   3 3
89 170 4   0 0   1 1   2 2   3 3
89 139 4   0 0   1 1   2 2   3 3
89 252 4   0 0   1 1   2 2   3 3
89 287 4   0 0   1 1   2 2   3 3
90 209 4   0 0   1 1   2 2   3 3
90 196 4   0 0   1 1   2 2   3 3
90 262 4   0 0   1 1   2 2   3 3
90 231 4   0 0   1 1   2 2   3 3
90 167 4   0 0   1 1   2 2   3 3
91 309 4   0 0   1 1   2 2   3 3
91 312 4   0 0   1 1   2 2   3 3
91 218 4   0 0   1 1   2 2   3 3
92 209 4   0 0   1 1   2 2   3 3
92 210 4   0 0   1 1   2 2   3 3
92 262 4   0 0   1 1   2 2   3 3
92 279 4   0 0   1 1   2 2   3 3
92 201 4   0 0   1 1   2 2   3 3
93 162 4   0 0   1 1   2 2   3 3
93 125 4   0 0   1 1   2 2   3 3
93 255 4   0 0   1 1   2 2   3 3
94 277 4   0 0   1 1   2 2   3 3
94 184 4   0 0   1 1   2 2   3 3
94 136 4   0 0   1 1   2 2   3 3
94 235 4   0 0   1 1   2 2   3 3
94 237 4   0 0   1 1   2 2   3 3
95 273 4   0 0   1 1   2 2   3 3
95 129 4   0 0   1 1   2 2   3 3
95 307 4   0 0   1 1   2 2   3 3
95 110 4   0 0   1 1   2 2   3 3
96 209 4   0 0   1 1   2 2   3 3
96 260 4   0 0   1 1   2 2   3 3
96 247 4   0 0   1 1   2 2   3 3
96 105 4   0 0   1 1   2 2   3 3
96 155 4   0 0   1 1   2 2   3 3
97 163 4   0 0   1 1   2 2   3 3
97 152 4   0 0   1 1   2 2   3 3
97 190 4   0 0   1 1   2 2   3 3
98 118 4   0 0   1 1   2 2   3 3
99 192 4   0 0   1 1   2 2   3 3
99 148 4   0 0   1 1   2 2   3 3
99 292 4   0 0   1 1   2 2   3 3
99 296 4   0 0   1 1   2 2   3 3
100 281 4   0 0   1 1   2 2   3 3
100 250 4   0 0   1 1   2 2   3 3
100 284 4   0 0   1 1   2 2   3 3
100 125 4   0 0   1 1   2 2   3 3
100 285 4   0 0   1 1   2 2   3 3
100 318 4   0 0   1 1   2 2   3 3
101 210 4   0 0   1 1   2 2   3 3
102 225 4   0 0   1 1   2 2   3 3
102 259 4   0 0   1 1   2 2   3 3
102 142 4   0 0   1 1   2 2   3 3
103 293 4   0 0   1 1   2 2   3 3
103 278 4   0 0   1 1   2 2   3 3
103 152 4   0 0   1 1   2 2   3 3
104 210 4   0 0   1 1   2 2   3 3
104 262 4   0 0   1 1   2 2   3 3
104 231 4   0 0   1 1   2 2   3 3
105 107 4   0 0   1 1   2 2   3 3
106 145 4   0 0   1 1   2 2   3 3
106 136 4   0 0   1 1   2 2   3 3
106 203 4   0 0   1 1   2 2   3 3
107 233 4   0 0   1 1   2 2   3 3
107 122 4   0 0   1 1   2 2   3 3
108 145 4   0 0   1 1   2 2   3 3
108 289 4   0 0   1 1   2 2   3 3
108 212 4   0 0   1 1   2 2   3 3
108 207 4   0 0   1 1   2 2   3 3
109 211 4   0 0   1 1   2 2   3 3
109 249 4   0 0   1 1   2 2   3 3
109 169 4   0 0   1 1   2 2   3 3
109 185 4   0 0   1 1   2 2   3 3
109 271 4   0 0   1 1   2 2   3 3
110 176 4   0 0   1 1   2 2   3 3
110 273 4   0 0   1 1   2 2   3 3
110 301 4   0 0   1 1   2 2   3 3
111 224 4   0 0   1 1   2 2   3 3
111 164 4   0 0   1 1   2 2   3 3
111 269 4   0 0   1 1   2 2   3 3
112 132 4   0 0   1 1   2 2   3 3
112 222 4   0 0   1 1   2 2   3 3
112 223 4   0 0   1 1   2 2   3 3
113 245 4   0 0   1 1   2 2   3 3
113 220 4   0 0   1 1   2 2   3 3
113 301 4   0 0   1 1   2 2   3 3
114 272 4   0 0   1 1   2 2   3 3
114 289 4   0 0   1 1   2 2   3 3
114 178 4   0 0   1 1   2 2   3 3
114 310 4   0 0   1 1   2 2   3 3
114 299 4   0 0   1 1   2 2   3 3
114 158 4   0 0   1 1   2 2   3 3
115 226 4   0 0   1 1   2 2   3 3
115 172 4   0 0   1 1   2 2   3 3
115 286 4   0 0   1 1   2 2   3 3
116 161 4   0 0   1 1   2 2   3 3
116 309 4   0 0   1 1   2 2   3 3
116 168 4   0 0   1 1   2 2   3 3
117 195 4   0 0   1 1   2 2   3 3
117 135 4   0 0   1 1   2 2   3 3
117 297 4   0 0   1 1   2 2   3 3
117 121 4   0 0   1 1   2 2   3 3
117 171 4   0 0   1 1   2 2   3 3
117 303 4   0 0   1 1   2 2   3 3
118 229 4   0 0   1 1   2 2   3 3
118 198 4   0 0   1 1   2 2   3 3
119 307 4   0 0   1 1   2 2   3 3
119 245 4   0 0   1 1   2 2   3 3
119 281 4   0 0   1 1   2 2   3 3
119 250 4   0 0   1 1   2 2   3 3
120 288 4   0 0   1 1   2 2   3 3
120 153 4   0 0   1 1   2 2   3 3
121 192 4   0 0   1 1   2 2   3 3
121 195 4   0 0   1 1   2 2   3 3
121 292 4   0 0   1 1   2 2   3 3
121 142 4   0 0   1 1   2 2   3 3
122 193 4   0 0   1 1   2 2   3 3
122 151 4   0 0   1 1   2 2   3 3
122 233 4   0 0   1 1   2 2   3 3
123 128 4   0 0   1 1   2 2   3 3
123 273 4   0 0   1 1   2 2   3 3
123 129 4   0 0   1 1   2 2   3 3
123 194 4   0 0   1 1   2 2   3 3
123 275 4   0 0   1 1   2 2   3 3
123 166 4   0 0   1 1   2 2   3 3
123 316 4   0 0   1 1   2 2   3 3
124 140 4   0 0   1 1   2 2   3 3
124 172 4   0 0   1 1   2 2   3 3
125 307 4   0 0   1 1   2 2   3 3
125 281 4   0 0   1 1   2 2   3 3
125 318 4   0 0   1 1   2 2   3 3
125 255 4   0 0   1 1   2 2   3 3
126 179 4   0 0   1 1   2 2   3 3
126 189 4   0 0   1 1   2 2   3 3
126 253 4   0 0   1 1   2 2   3 3
127 257 4   0 0   1 1   2 2   3 3
127 242 4   0 0   1 1   2 2   3 3
127 306 4   0 0   1 1   2 2   3 3
127 200 4   0 0   1 1   2 2   3 3
127 202 4   0 0   1 1   2 2   3 3
127 187 4   0 0   1 1   2 2   3 3
127 157 4   0 0   1 1   2 2   3 3
127 270 4   0 0   1 1   2 2   3 3
128 176 4   0 0   1 1   2 2   3 3
128 166 4   0 0   1 1   2 2   3 3
128 316 4   0 0   1 1   2 2   3 3
129 304 4   0 0   1 1   2 2   3 3
129 273 4   0 0   1 1   2 2   3 3
129 275 4   0 0   1 1   2 2   3 3
129 307 4   0 0   1 1   2 2   3 3
130 308 4   0 0   1 1   2 2   3 3
130 180 4   0 0   1 1   2 2   3 3
130 266 4   0 0   1 1   2 2   3 3
130 154 4   0 0   1 1   2 2   3 3
130 234 4   0 0   1 1   2 2   3 3
130 188 4   0 0   1 1   2 2   3 3
131 150 4   0 0   1 1   2 2   3 3
131 214 4   0 0   1 1   2 2   3 3
131 190 4   0 0   1 1   2 2   3 3
132 305 4   0 0   1 1   2 2   3 3
132 179 4   0 0   1 1   2 2   3 3
132 253 4   0 0   1 1   2 2   3 3
132 223 4   0 0   1 1   2 2   3 3
133 213 4   0 0   1 1   2 2   3 3
133 183 4   0 0   1 1   2 2   3 3
133 300 4   0 0   1 1   2 2   3 3
133 238 4   0 0   1 1   2 2   3 3
134 229 4   0 0   1 1   2 2   3 3
134 295 4   0 0   1 1   2 2   3 3
134 202 4   0 0   1 1   2 2   3 3
134 187 4   0 0   1 1   2 2   3 3
134 315 4   0 0   1 1   2 2   3 3
134 143 4   0 0   1 1   2 2   3 3
135 208 4   0 0   1 1   2 2   3 3
135 192 4   0 0   1 1   2 2   3 3
135 297 4   0 0   1 1   2 2   3 3
135 284 4   0 0   1 1   2 2   3 3
135 303 4   0 0   1 1   2 2   3 3
136 145 4   0 0   1 1   2 2   3 3
137 196 4   0 0   1 1   2 2   3 3
137 199 4   0 0   1 1   2 2   3 3
138 227 4   0 0   1 1   2 2   3 3
138 276 4   0 0   1 1   2 2   3 3
138 228 4   0 0   1 1   2 2   3 3
138 294 4   0 0   1 1   2 2   3 3
138 188 4   0 0   1 1   2 2   3 3
138 317 4   0 0   1 1   2 2   3 3
139 170 4   0 0   1 1   2 2   3 3
139 172 4   0 0   1 1   2 2   3 3
139 286 4   0 0   1 1   2 2   3 3
140 309 4   0 0   1 1   2 2   3 3
140 265 4   0 0   1 1   2 2   3 3
141 177 4   0 0   1 1   2 2   3 3
141 301 4   0 0   1 1   2 2   3 3
141 206 4   0 0   1 1   2 2   3 3
142 225 4   0 0   1 1   2 2   3 3
144 297 4   0 0   1 1   2 2   3 3
144 284 4   0 0   1 1   2 2   3 3
144 285 4   0 0   1 1   2 2   3 3
144 318 4   0 0   1 1   2 2   3 3
144 174 4   0 0   1 1   2 2   3 3
145 212 4   0 0   1 1   2 2   3 3
145 203 4   0 0   1 1   2 2   3 3
145 254 4   0 0   1 1   2 2   3 3
145 239 4   0 0   1 1   2 2   3 3
146 165 4   0 0   1 1   2 2   3 3
146 295 4   0 0   1 1   2 2   3 3
146 302 4   0 0   1 1   2 2   3 3
147 241 4   0 0   1 1   2 2   3 3
147 148 4   0 0   1 1   2 2   3 3
147 197 4   0 0   1 1   2 2   3 3
147 296 4   0 0   1 1   2 2   3 3
147 232 4   0 0   1 1   2 2   3 3
148 236 4   0 0   1 1   2 2   3 3
148 175 4   0 0   1 1   2 2   3 3
149 180 4   0 0   1 1   2 2   3 3
149 308 4   0 0   1 1   2 2   3 3
149 248 4   0 0   1 1   2 2   3 3
149 266 4   0 0   1 1   2 2   3 3
149 282 4   0 0   1 1   2 2   3 3
150 214 4   0 0   1 1   2 2   3 3
150 215 4   0 0   1 1   2 2   3 3
150 171 4   0 0   1 1   2 2   3 3
151 193 4   0 0   1 1   2 2   3 3
151 170 4   0 0   1 1   2 2   3 3
151 205 4   0 0   1 1   2 2   3 3
151 287 4   0 0   1 1   2 2   3 3
152 163 4   0 0   1 1   2 2   3 3
152 278 4   0 0   1 1   2 2   3 3
152 200 4   0 0   1 1   2 2   3 3
152 219 4   0 0   1 1   2 2   3 3
152 157 4   0 0   1 1   2 2   3 3
153 288 4   0 0   1 1   2 2   3 3
153 223 4   0 0   1 1   2 2   3 3
154 308 4   0 0   1 1   2 2   3 3
155 161 4   0 0   1 1   2 2   3 3
155 247 4   0 0   1 1   2 2   3 3
156 251 4   0 0   1 1   2 2   3 3
156 283 4   0 0   1 1   2 2   3 3
157 242 4   0 0   1 1   2 2   3 3
157 200 4   0 0   1 1   2 2   3 3
157 219 4   0 0   1 1   2 2   3 3
158 289 4   0 0   1 1   2 2   3 3
158 178 4   0 0   1 1   2 2   3 3
158 277 4   0 0   1 1   2 2   3 3
158 237 4   0 0   1 1   2 2   3 3
159 193 4   0 0   1 1   2 2   3 3
159 258 4   0 0   1 1   2 2   3 3
159 182 4   0 0   1 1   2 2   3 3
159 185 4   0 0   1 1   2 2   3 3
159 233 4   0 0   1 1   2 2   3 3
160 240 4   0 0   1 1   2 2   3 3
160 197 4   0 0   1 1   2 2   3 3
160 249 4   0 0   1 1   2 2   3 3
160 236 4   0 0   1 1   2 2   3 3
160 175 4   0 0   1 1   2 2   3 3
162 304 4   0 0   1 1   2 2   3 3
162 194 4   0 0   1 1   2 2   3 3
162 166 4   0 0   1 1   2 2   3 3
163 219 4   0 0   1 1   2 2   3 3
164 224 4   0 0   1 1   2 2   3 3
164 244 4   0 0   1 1   2 2   3 3
164 198 4   0 0   1 1   2 2   3 3
164 269 4   0 0   1 1   2 2   3 3
165 211 4   0 0   1 1   2 2   3 3
165 216 4   0 0   1 1   2 2   3 3
165 169 4   0 0   1 1   2 2   3 3
165 191 4   0 0   1 1   2 2   3 3
166 194 4   0 0   1 1   2 2   3 3
167 240 4   0 0   1 1   2 2   3 3
167 260 4   0 0   1 1   2 2   3 3
168 309 4   0 0   1 1   2 2   3 3
169 211 4   0 0   1 1   2 2   3 3
169 249 4   0 0   1 1   2 2   3 3
169 191 4   0 0   1 1   2 2   3 3
170 205 4   0 0   1 1   2 2   3 3
170 287 4   0 0   1 1   2 2   3 3
171 215 4   0 0   1 1   2 2   3 3
171 297 4   0 0   1 1   2 2   3 3
172 226 4   0 0   1 1   2 2   3 3
172 268 4   0 0   1 1   2 2   3 3
173 243 4   0 0   1 1   2 2   3 3
173 261 4   0 0   1 1   2 2   3 3
173 282 4   0 0   1 1   2 2   3 3
174 215 4   0 0   1 1   2 2   3 3
174 297 4   0 0   1 1   2 2   3 3
174 318 4   0 0   1 1   2 2   3 3
175 197 4   0 0   1 1   2 2   3 3
175 236 4   0 0   1 1   2 2   3 3
176 177 4   0 0   1 1   2 2   3 3
176 273 4   0 0   1 1   2 2   3 3
176 316 4   0 0   1 1   2 2   3 3
176 301 4   0 0   1 1   2 2   3 3
177 301 4   0 0   1 1   2 2   3 3
178 299 4   0 0   1 1   2 2   3 3
178 237 4   0 0   1 1   2 2   3 3
179 253 4   0 0   1 1   2 2   3 3
180 308 4   0 0   1 1   2 2   3 3
180 266 4   0 0   1 1   2 2   3 3
181 220 4   0 0   1 1   2 2   3 3
181 206 4   0 0   1 1   2 2   3 3
182 258 4   0 0   1 1   2 2   3 3
182 185 4   0 0   1 1   2 2   3 3
182 314 4   0 0   1 1   2 2   3 3
183 300 4   0 0   1 1   2 2   3 3
184 235 4   0 0   1 1   2 2   3 3
185 271 4   0 0   1 1   2 2   3 3
186 290 4   0 0   1 1   2 2   3 3
186 300 4   0 0   1 1   2 2   3 3
186 319 4   0 0   1 1   2 2   3 3
187 257 4   0 0   1 1   2 2   3 3
187 202 4   0 0   1 1   2 2   3 3
187 315 4   0 0   1 1   2 2   3 3
188 294 4   0 0   1 1   2 2   3 3
188 266 4   0 0   1 1   2 2   3 3
189 221 4   0 0   1 1   2 2   3 3
189 253 4   0 0   1 1   2 2   3 3
189 222 4   0 0   1 1   2 2   3 3
190 214 4   0 0   1 1   2 2   3 3
191 241 4   0 0   1 1   2 2   3 3
191 197 4   0 0   1 1   2 2   3 3
191 249 4   0 0   1 1   2 2   3 3
192 208 4   0 0   1 1   2 2   3 3
192 272 4   0 0   1 1   2 2   3 3
192 291 4   0 0   1 1   2 2   3 3
192 195 4   0 0   1 1   2 2   3 3
192 310 4   0 0   1 1   2 2   3 3
192 303 4   0 0   1 1   2 2   3 3
193 258 4   0 0   1 1   2 2   3 3
193 233 4   0 0   1 1   2 2   3 3
193 252 4   0 0   1 1   2 2   3 3
193 287 4   0 0   1 1   2 2   3 3
194 304 4   0 0   1 1   2 2   3 3
194 275 4   0 0   1 1   2 2   3 3
195 303 4   0 0   1 1   2 2   3 3
196 231 4   0 0   1 1   2 2   3 3
197 241 4   0 0   1 1   2 2   3 3
197 249 4   0 0   1 1   2 2   3 3
198 244 4   0 0   1 1   2 2   3 3
198 293 4   0 0   1 1   2 2   3 3
198 278 4   0 0   1 1   2 2   3 3
199 212 4   0 0   1 1   2 2   3 3
200 306 4   0 0   1 1   2 2   3 3
201 279 4   0 0   1 1   2 2   3 3
201 218 4   0 0   1 1   2 2   3 3
201 283 4   0 0   1 1   2 2   3 3
202 295 4   0 0   1 1   2 2   3 3
203 254 4   0 0   1 1   2 2   3 3
204 240 4   0 0   1 1   2 2   3 3
204 260 4   0 0   1 1   2 2   3 3
204 264 4   0 0   1 1   2 2   3 3
205 265 4   0 0   1 1   2 2   3 3
205 267 4   0 0   1 1   2 2   3 3
206 220 4   0 0   1 1   2 2   3 3
206 301 4   0 0   1 1   2 2   3 3
207 289 4   0 0   1 1   2 2   3 3
207 277 4   0 0   1 1   2 2   3 3
208 291 4   0 0   1 1   2 2   3 3
208 284 4   0 0   1 1   2 2   3 3
209 262 4   0 0   1 1   2 2   3 3
209 279 4   0 0   1 1   2 2   3 3
210 262 4   0 0   1 1   2 2   3 3
212 272 4   0 0   1 1   2 2   3 3
212 289 4   0 0   1 1   2 2   3 3
212 230 4   0 0   1 1   2 2   3 3
212 298 4   0 0   1 1   2 2   3 3
213 246 4   0 0   1 1   2 2   3 3
213 238 4   0 0   1 1   2 2   3 3
215 297 4   0 0   1 1   2 2   3 3
216 232 4   0 0   1 1   2 2   3 3
217 280 4   0 0   1 1   2 2   3 3
217 313 4   0 0   1 1   2 2   3 3
217 299 4   0 0   1 1   2 2   3 3
217 220 4   0 0   1 1   2 2   3 3
218 279 4   0 0   1 1   2 2   3 3
218 312 4   0 0   1 1   2 2   3 3
218 283 4   0 0   1 1   2 2   3 3
219 259 4   0 0   1 1   2 2   3 3
220 245 4   0 0   1 1   2 2   3 3
220 313 4   0 0   1 1   2 2   3 3
220 301 4   0 0   1 1   2 2   3 3
221 314 4   0 0   1 1   2 2   3 3
221 252 4   0 0   1 1   2 2   3 3
221 222 4   0 0   1 1   2 2   3 3
222 314 4   0 0   1 1   2 2   3 3
223 288 4   0 0   1 1   2 2   3 3
223 305 4   0 0   1 1   2 2   3 3
225 259 4   0 0   1 1   2 2   3 3
225 311 4   0 0   1 1   2 2   3 3
226 268 4   0 0   1 1   2 2   3 3
226 300 4   0 0   1 1   2 2   3 3
226 319 4   0 0   1 1   2 2   3 3
227 261 4   0 0   1 1   2 2   3 3
227 294 4   0 0   1 1   2 2   3 3
227 282 4   0 0   1 1   2 2   3 3
227 317 4   0 0   1 1   2 2   3 3
228 276 4   0 0   1 1   2 2   3 3
228 317 4   0 0   1 1   2 2   3 3
228 254 4   0 0   1 1   2 2   3 3
228 239 4   0 0   1 1   2 2   3 3
229 257 4   0 0   1 1   2 2   3 3
230 298 4   0 0   1 1   2 2   3 3
231 262 4   0 0   1 1   2 2   3 3
232 311 4   0 0   1 1   2 2   3 3
232 296 4   0 0   1 1   2 2   3 3
237 277 4   0 0   1 1   2 2   3 3
238 290 4   0 0   1 1   2 2   3 3
238 246 4   0 0   1 1   2 2   3 3
238 300 4   0 0   1 1   2 2   3 3
239 317 4   0 0   1 1   2 2   3 3
239 254 4   0 0   1 1   2 2   3 3
240 260 4   0 0   1 1   2 2   3 3
240 264 4   0 0   1 1   2 2   3 3
240 249 4   0 0   1 1   2 2   3 3
242 270 4   0 0   1 1   2 2   3 3
244 293 4   0 0   1 1   2 2   3 3
244 269 4   0 0   1 1   2 2   3 3
245 313 4   0 0   1 1   2 2   3 3
245 250 4   0 0   1 1   2 2   3 3
246 290 4   0 0   1 1   2 2   3 3
249 264 4   0 0   1 1   2 2   3 3
249 271 4   0 0   1 1   2 2   3 3
250 313 4   0 0   1 1   2 2   3 3
250 281 4   0 0   1 1   2 2   3 3
251 283 4   0 0   1 1   2 2   3 3
252 258 4   0 0   1 1   2 2   3 3
252 314 4   0 0   1 1   2 2   3 3
252 287 4   0 0   1 1   2 2   3 3
254 276 4   0 0   1 1   2 2   3 3
255 318 4   0 0   1 1   2 2   3 3
256 263 4   0 0   1 1   2 2   3 3
256 280 4   0 0   1 1   2 2   3 3
256 299 4   0 0   1 1   2 2   3 3
257 306 4   0 0   1 1   2 2   3 3
257 315 4   0 0   1 1   2 2   3 3
258 314 4   0 0   1 1   2 2   3 3
261 282 4   0 0   1 1   2 2   3 3
261 317 4   0 0   1 1   2 2   3 3
263 291 4   0 0   1 1   2 2   3 3
263 310 4   0 0   1 1   2 2   3 3
263 299 4   0 0   1 1   2 2   3 3
264 271 4   0 0   1 1   2 2   3 3
265 267 4   0 0   1 1   2 2   3 3
268 274 4   0 0   1 1   2 2   3 3
268 319 4   0 0   1 1   2 2   3 3
272 289 4   0 0   1 1   2 2   3 3
272 310 4   0 0   1 1   2 2   3 3
272 298 4   0 0   1 1   2 2   3 3
273 316 4   0 0   1 1   2 2   3 3
274 319 4   0 0   1 1   2 2   3 3
275 304 4   0 0   1 1   2 2   3 3
277 289 4   0 0   1 1   2 2   3 3
278 293 4   0 0   1 1   2 2   3 3
279 312 4   0 0   1 1   2 2   3 3
280 313 4   0 0   1 1   2 2   3 3
280 299 4   0 0   1 1   2 2   3 3
281 307 4   0 0   1 1   2 2   3 3
284 297 4   0 0   1 1   2 2   3 3
284 285 4   0 0   1 1   2 2   3 3
285 318 4   0 0   1 1   2 2   3 3
288 305 4   0 0   1 1   2 2   3 3
290 300 4   0 0   1 1   2 2   3 3
291 310 4   0 0   1 1   2 2   3 3
292 311 4   0 0   1 1   2 2   3 3
292 296 4   0 0   1 1   2 2   3 3
295 302 4   0 0   1 1   2 2   3 3
296 311 4   0 0   1 1   2 2   3 3
299 310 4   0 0   1 1   2 2   3 3
300 319 4   0 0   1 1   2 2   3 3
