371
1 4 0 1 2 3
2 4 0 1 2 3
3 4 0 1 2 3
4 4 0 1 2 3
5 4 0 1 2 3
6 4 0 1 2 3
7 4 0 1 2 3
8 4 0 1 2 3
9 4 0 1 2 3
10 4 0 1 2 3
11 4 0 1 2 3
12 4 0 1 2 3
13 4 0 1 2 3
14 4 0 1 2 3
15 4 0 1 2 3
16 4 0 1 2 3
17 4 0 1 2 3
18 4 0 1 2 3
19 4 0 1 2 3
20 4 0 1 2 3
21 4 0 1 2 3
22 4 0 1 2 3
23 4 0 1 2 3
24 4 0 1 2 3
25 4 0 1 2 3
26 4 0 1 2 3
27 4 0 1 2 3
28 4 0 1 2 3
29 4 0 1 2 3
30 4 0 1 2 3
31 4 0 1 2 3
32 4 0 1 2 3
33 4 0 1 2 3
34 4 0 1 2 3
35 4 0 1 2 3
36 4 0 1 2 3
37 4 0 1 2 3
38 4 0 1 2 3
39 4 0 1 2 3
40 4 0 1 2 3
41 4 0 1 2 3
42 4 0 1 2 3
43 4 0 1 2 3
44 4 0 1 2 3
45 4 0 1 2 3
46 4 0 1 2 3
47 4 0 1 2 3
48 4 0 1 2 3
49 4 0 1 2 3
50 4 0 1 2 3
51 4 0 1 2 3
52 4 0 1 2 3
53 4 0 1 2 3
54 4 0 1 2 3
55 4 0 1 2 3
56 4 0 1 2 3
57 4 0 1 2 3
58 4 0 1 2 3
59 4 0 1 2 3
60 4 0 1 2 3
61 4 0 1 2 3
62 4 0 1 2 3
63 4 0 1 2 3
64 4 0 1 2 3
65 4 0 1 2 3
66 4 0 1 2 3
67 4 0 1 2 3
68 4 0 1 2 3
69 4 0 1 2 3
70 4 0 1 2 3
71 4 0 1 2 3
72 4 0 1 2 3
73 4 0 1 2 3
74 4 0 1 2 3
75 4 0 1 2 3
76 4 0 1 2 3
77 4 0 1 2 3
78 4 0 1 2 3
79 4 0 1 2 3
80 4 0 1 2 3
81 4 0 1 2 3
82 4 0 1 2 3
83 4 0 1 2 3
84 4 0 1 2 3
85 4 0 1 2 3
86 4 0 1 2 3
87 4 0 1 2 3
88 4 0 1 2 3
89 4 0 1 2 3
90 4 0 1 2 3
91 4 0 1 2 3
92 4 0 1 2 3
93 4 0 1 2 3
94 4 0 1 2 3
95 4 0 1 2 3
96 4 0 1 2 3
97 4 0 1 2 3
98 4 0 1 2 3
99 4 0 1 2 3
100 4 0 1 2 3
101 4 0 1 2 3
102 4 0 1 2 3
103 4 0 1 2 3
104 4 0 1 2 3
105 4 0 1 2 3
106 4 0 1 2 3
107 4 0 1 2 3
108 4 0 1 2 3
109 4 0 1 2 3
110 4 0 1 2 3
111 4 0 1 2 3
112 4 0 1 2 3
113 4 0 1 2 3
114 4 0 1 2 3
115 4 0 1 2 3
116 4 0 1 2 3
117 4 0 1 2 3
118 4 0 1 2 3
119 4 0 1 2 3
120 4 0 1 2 3
121 4 0 1 2 3
122 4 0 1 2 3
123 4 0 1 2 3
124 4 0 1 2 3
125 4 0 1 2 3
126 4 0 1 2 3
127 4 0 1 2 3
128 4 0 1 2 3
129 4 0 1 2 3
130 4 0 1 2 3
131 4 0 1 2 3
132 4 0 1 2 3
133 4 0 1 2 3
134 4 0 1 2 3
135 4 0 1 2 3
136 4 0 1 2 3
137 4 0 1 2 3
138 4 0 1 2 3
139 4 0 1 2 3
140 4 0 1 2 3
141 4 0 1 2 3
142 4 0 1 2 3
143 4 0 1 2 3
144 4 0 1 2 3
145 4 0 1 2 3
146 4 0 1 2 3
147 4 0 1 2 3
148 4 0 1 2 3
149 4 0 1 2 3
150 4 0 1 2 3
151 4 0 1 2 3
152 4 0 1 2 3
153 4 0 1 2 3
154 4 0 1 2 3
155 4 0 1 2 3
156 4 0 1 2 3
157 4 0 1 2 3
158 4 0 1 2 3
159 4 0 1 2 3
160 4 0 1 2 3
161 4 0 1 2 3
162 4 0 1 2 3
163 4 0 1 2 3
164 4 0 1 2 3
165 4 0 1 2 3
166 4 0 1 2 3
167 4 0 1 2 3
168 4 0 1 2 3
169 4 0 1 2 3
170 4 0 1 2 3
171 4 0 1 2 3
172 4 0 1 2 3
173 4 0 1 2 3
174 4 0 1 2 3
175 4 0 1 2 3
176 4 0 1 2 3
177 4 0 1 2 3
178 4 0 1 2 3
179 4 0 1 2 3
180 4 0 1 2 3
181 4 0 1 2 3
182 4 0 1 2 3
183 4 0 1 2 3
184 4 0 1 2 3
185 4 0 1 2 3
186 4 0 1 2 3
187 4 0 1 2 3
188 4 0 1 2 3
189 4 0 1 2 3
190 4 0 1 2 3
191 4 0 1 2 3
192 4 0 1 2 3
193 4 0 1 2 3
194 4 0 1 2 3
195 4 0 1 2 3
196 4 0 1 2 3
197 4 0 1 2 3
198 4 0 1 2 3
199 4 0 1 2 3
200 4 0 1 2 3
201 4 0 1 2 3
202 4 0 1 2 3
203 4 0 1 2 3
204 4 0 1 2 3
205 4 0 1 2 3
206 4 0 1 2 3
207 4 0 1 2 3
208 4 0 1 2 3
209 4 0 1 2 3
210 4 0 1 2 3
211 4 0 1 2 3
212 4 0 1 2 3
213 4 0 1 2 3
214 4 0 1 2 3
215 4 0 1 2 3
216 4 0 1 2 3
217 4 0 1 2 3
218 4 0 1 2 3
219 4 0 1 2 3
220 4 0 1 2 3
221 4 0 1 2 3
222 4 0 1 2 3
223 4 0 1 2 3
224 4 0 1 2 3
225 4 0 1 2 3
226 4 0 1 2 3
227 4 0 1 2 3
228 4 0 1 2 3
229 4 0 1 2 3
230 4 0 1 2 3
231 4 0 1 2 3
232 4 0 1 2 3
233 4 0 1 2 3
234 4 0 1 2 3
235 4 0 1 2 3
236 4 0 1 2 3
237 4 0 1 2 3
238 4 0 1 2 3
239 4 0 1 2 3
240 4 0 1 2 3
241 4 0 1 2 3
242 4 0 1 2 3
243 4 0 1 2 3
244 4 0 1 2 3
245 4 0 1 2 3
246 4 0 1 2 3
247 4 0 1 2 3
248 4 0 1 2 3
249 4 0 1 2 3
250 4 0 1 2 3
251 4 0 1 2 3
252 4 0 1 2 3
253 4 0 1 2 3
254 4 0 1 2 3
255 4 0 1 2 3
256 4 0 1 2 3
257 4 0 1 2 3
258 4 0 1 2 3
259 4 0 1 2 3
260 4 0 1 2 3
261 4 0 1 2 3
262 4 0 1 2 3
263 4 0 1 2 3
264 4 0 1 2 3
265 4 0 1 2 3
266 4 0 1 2 3
267 4 0 1 2 3
268 4 0 1 2 3
269 4 0 1 2 3
270 4 0 1 2 3
271 4 0 1 2 3
272 4 0 1 2 3
273 4 0 1 2 3
274 4 0 1 2 3
275 4 0 1 2 3
276 4 0 1 2 3
277 4 0 1 2 3
278 4 0 1 2 3
279 4 0 1 2 3
280 4 0 1 2 3
281 4 0 1 2 3
282 4 0 1 2 3
283 4 0 1 2 3
284 4 0 1 2 3
285 4 0 1 2 3
286 4 0 1 2 3
287 4 0 1 2 3
288 4 0 1 2 3
289 4 0 1 2 3
290 4 0 1 2 3
291 4 0 1 2 3
292 4 0 1 2 3
293 4 0 1 2 3
294 4 0 1 2 3
295 4 0 1 2 3
296 4 0 1 2 3
297 4 0 1 2 3
298 4 0 1 2 3
299 4 0 1 2 3
300 4 0 1 2 3
301 4 0 1 2 3
302 4 0 1 2 3
303 4 0 1 2 3
304 4 0 1 2 3
305 4 0 1 2 3
306 4 0 1 2 3
307 4 0 1 2 3
308 4 0 1 2 3
309 4 0 1 2 3
310 4 0 1 2 3
311 4 0 1 2 3
312 4 0 1 2 3
313 4 0 1 2 3
314 4 0 1 2 3
315 4 0 1 2 3
316 4 0 1 2 3
317 4 0 1 2 3
318 4 0 1 2 3
319 4 0 1 2 3
320 4 0 1 2 3
321 4 0 1 2 3
322 4 0 1 2 3
323 4 0 1 2 3
324 4 0 1 2 3
325 4 0 1 2 3
326 4 0 1 2 3
327 4 0 1 2 3
328 4 0 1 2 3
329 4 0 1 2 3
330 4 0 1 2 3
331 4 0 1 2 3
332 4 0 1 2 3
333 4 0 1 2 3
334 4 0 1 2 3
335 4 0 1 2 3
336 4 0 1 2 3
337 4 0 1 2 3
338 4 0 1 2 3
339 4 0 1 2 3
340 4 0 1 2 3
341 4 0 1 2 3
342 4 0 1 2 3
343 4 0 1 2 3
344 4 0 1 2 3
345 4 0 1 2 3
346 4 0 1 2 3
347 4 0 1 2 3
348 4 0 1 2 3
349 4 0 1 2 3
350 4 0 1 2 3
351 4 0 1 2 3
352 4 0 1 2 3
353 4 0 1 2 3
354 4 0 1 2 3
355 4 0 1 2 3
356 4 0 1 2 3
357 4 0 1 2 3
358 4 0 1 2 3
359 4 0 1 2 3
360 4 0 1 2 3
361 4 0 1 2 3
362 4 0 1 2 3
363 4 0 1 2 3
364 4 0 1 2 3
365 4 0 1 2 3
366 4 0 1 2 3
367 4 0 1 2 3
368 4 0 1 2 3
369 4 0 1 2 3
370 4 0 1 2 3
371 4 0 1 2 3
1032
1 16 4   0 0   1 1   2 2   3 3
1 49 4   0 0   1 1   2 2   3 3
1 226 4   0 0   1 1   2 2   3 3
1 181 4   0 0   1 1   2 2   3 3
1 357 4   0 0   1 1   2 2   3 3
1 315 4   0 0   1 1   2 2   3 3
1 126 4   0 0   1 1   2 2   3 3
2 337 4   0 0   1 1   2 2   3 3
2 177 4   0 0   1 1   2 2   3 3
2 197 4   0 0   1 1   2 2   3 3
2 303 4   0 0   1 1   2 2   3 3
3 50 4   0 0   1 1   2 2   3 3
3 340 4   0 0   1 1   2 2   3 3
3 310 4   0 0   1 1   2 2   3 3
3 220 4   0 0   1 1   2 2   3 3
3 78 4   0 0   1 1   2 2   3 3
3 318 4   0 0   1 1   2 2   3 3
4 119 4   0 0   1 1   2 2   3 3
4 73 4   0 0   1 1   2 2   3 3
4 237 4   0 0   1 1   2 2   3 3
4 191 4   0 0   1 1   2 2   3 3
5 224 4   0 0   1 1   2 2   3 3
5 112 4   0 0   1 1   2 2   3 3
5 81 4   0 0   1 1   2 2   3 3
5 150 4   0 0   1 1   2 2   3 3
5 14 4   0 0   1 1   2 2   3 3
6 243 4   0 0   1 1   2 2   3 3
6 215 4   0 0   1 1   2 2   3 3
6 55 4   0 0   1 1   2 2   3 3
6 282 4   0 0   1 1   2 2   3 3
6 143 4   0 0   1 1   2 2   3 3
6 207 4   0 0   1 1   2 2   3 3
7 33 4   0 0   1 1   2 2   3 3
7 260 4   0 0   1 1   2 2   3 3
7 266 4   0 0   1 1   2 2   3 3
8 35 4   0 0   1 1   2 2   3 3
8 183 4   0 0   1 1   2 2   3 3
8 280 4   0 0   1 1   2 2   3 3
8 220 4   0 0   1 1   2 2   3 3
8 300 4   0 0   1 1   2 2   3 3
8 124 4   0 0   1 1   2 2   3 3
9 102 4   0 0   1 1   2 2   3 3
9 360 4   0 0   1 1   2 2   3 3
9 105 4   0 0   1 1   2 2   3 3
9 155 4   0 0   1 1   2 2   3 3
9 301 4   0 0   1 1   2 2   3 3
9 319 4   0 0   1 1   2 2   3 3
10 49 4   0 0   1 1   2 2   3 3
10 226 4   0 0   1 1   2 2   3 3
10 85 4   0 0   1 1   2 2   3 3
10 281 4   0 0   1 1   2 2   3 3
10 41 4   0 0   1 1   2 2   3 3
11 179 4   0 0   1 1   2 2   3 3
11 118 4   0 0   1 1   2 2   3 3
11 315 4   0 0   1 1   2 2   3 3
11 108 4   0 0   1 1   2 2   3 3
11 126 4   0 0   1 1   2 2   3 3
12 340 4   0 0   1 1   2 2   3 3
12 342 4   0 0   1 1   2 2   3 3
12 230 4   0 0   1 1   2 2   3 3
12 139 4   0 0   1 1   2 2   3 3
12 318 4   0 0   1 1   2 2   3 3
12 350 4   0 0   1 1   2 2   3 3
12 335 4   0 0   1 1   2 2   3 3
13 341 4   0 0   1 1   2 2   3 3
13 261 4   0 0   1 1   2 2   3 3
13 103 4   0 0   1 1   2 2   3 3
13 135 4   0 0   1 1   2 2   3 3
13 107 4   0 0   1 1   2 2   3 3
13 267 4   0 0   1 1   2 2   3 3
13 190 4   0 0   1 1   2 2   3 3
13 15 4   0 0   1 1   2 2   3 3
14 224 4   0 0   1 1   2 2   3 3
14 112 4   0 0   1 1   2 2   3 3
14 67 4   0 0   1 1   2 2   3 3
14 21 4   0 0   1 1   2 2   3 3
14 140 4   0 0   1 1   2 2   3 3
15 135 4   0 0   1 1   2 2   3 3
15 107 4   0 0   1 1   2 2   3 3
15 157 4   0 0   1 1   2 2   3 3
15 239 4   0 0   1 1   2 2   3 3
16 48 4   0 0   1 1   2 2   3 3
16 49 4   0 0   1 1   2 2   3 3
16 161 4   0 0   1 1   2 2   3 3
16 181 4   0 0   1 1   2 2   3 3
16 149 4   0 0   1 1   2 2   3 3
17 32 4   0 0   1 1   2 2   3 3
17 53 4   0 0   1 1   2 2   3 3
17 85 4   0 0   1 1   2 2   3 3
17 39 4   0 0   1 1   2 2   3 3
17 281 4   0 0   1 1   2 2   3 3
17 201 4   0 0   1 1   2 2   3 3
18 70 4   0 0   1 1   2 2   3 3
18 152 4   0 0   1 1   2 2   3 3
18 299 4   0 0   1 1   2 2   3 3
19 352 4   0 0   1 1   2 2   3 3
19 32 4   0 0   1 1   2 2   3 3
19 39 4   0 0   1 1   2 2   3 3
19 319 4   0 0   1 1   2 2   3 3
20 224 4   0 0   1 1   2 2   3 3
20 263 4   0 0   1 1   2 2   3 3
20 24 4   0 0   1 1   2 2   3 3
20 170 4   0 0   1 1   2 2   3 3
20 172 4   0 0   1 1   2 2   3 3
20 206 4   0 0   1 1   2 2   3 3
21 224 4   0 0   1 1   2 2   3 3
21 338 4   0 0   1 1   2 2   3 3
21 211 4   0 0   1 1   2 2   3 3
21 67 4   0 0   1 1   2 2   3 3
21 165 4   0 0   1 1   2 2   3 3
21 120 4   0 0   1 1   2 2   3 3
21 172 4   0 0   1 1   2 2   3 3
21 140 4   0 0   1 1   2 2   3 3
22 321 4   0 0   1 1   2 2   3 3
22 98 4   0 0   1 1   2 2   3 3
22 343 4   0 0   1 1   2 2   3 3
22 159 4   0 0   1 1   2 2   3 3
23 80 4   0 0   1 1   2 2   3 3
23 210 4   0 0   1 1   2 2   3 3
23 148 4   0 0   1 1   2 2   3 3
23 187 4   0 0   1 1   2 2   3 3
23 236 4   0 0   1 1   2 2   3 3
23 111 4   0 0   1 1   2 2   3 3
24 131 4   0 0   1 1   2 2   3 3
24 263 4   0 0   1 1   2 2   3 3
24 330 4   0 0   1 1   2 2   3 3
24 109 4   0 0   1 1   2 2   3 3
24 206 4   0 0   1 1   2 2   3 3
24 47 4   0 0   1 1   2 2   3 3
25 96 4   0 0   1 1   2 2   3 3
25 262 4   0 0   1 1   2 2   3 3
25 278 4   0 0   1 1   2 2   3 3
25 237 4   0 0   1 1   2 2   3 3
25 127 4   0 0   1 1   2 2   3 3
26 195 4   0 0   1 1   2 2   3 3
26 125 4   0 0   1 1   2 2   3 3
26 175 4   0 0   1 1   2 2   3 3
27 304 4   0 0   1 1   2 2   3 3
27 116 4   0 0   1 1   2 2   3 3
27 55 4   0 0   1 1   2 2   3 3
27 215 4   0 0   1 1   2 2   3 3
27 286 4   0 0   1 1   2 2   3 3
28 323 4   0 0   1 1   2 2   3 3
28 199 4   0 0   1 1   2 2   3 3
28 123 4   0 0   1 1   2 2   3 3
28 156 4   0 0   1 1   2 2   3 3
28 77 4   0 0   1 1   2 2   3 3
29 214 4   0 0   1 1   2 2   3 3
29 87 4   0 0   1 1   2 2   3 3
29 56 4   0 0   1 1   2 2   3 3
29 299 4   0 0   1 1   2 2   3 3
30 275 4   0 0   1 1   2 2   3 3
30 36 4   0 0   1 1   2 2   3 3
30 295 4   0 0   1 1   2 2   3 3
30 217 4   0 0   1 1   2 2   3 3
30 89 4   0 0   1 1   2 2   3 3
30 366 4   0 0   1 1   2 2   3 3
31 369 4   0 0   1 1   2 2   3 3
31 339 4   0 0   1 1   2 2   3 3
31 230 4   0 0   1 1   2 2   3 3
31 246 4   0 0   1 1   2 2   3 3
31 171 4   0 0   1 1   2 2   3 3
31 44 4   0 0   1 1   2 2   3 3
31 127 4   0 0   1 1   2 2   3 3
32 352 4   0 0   1 1   2 2   3 3
32 322 4   0 0   1 1   2 2   3 3
32 357 4   0 0   1 1   2 2   3 3
32 118 4   0 0   1 1   2 2   3 3
32 39 4   0 0   1 1   2 2   3 3
32 281 4   0 0   1 1   2 2   3 3
33 260 4   0 0   1 1   2 2   3 3
33 68 4   0 0   1 1   2 2   3 3
33 70 4   0 0   1 1   2 2   3 3
33 152 4   0 0   1 1   2 2   3 3
33 266 4   0 0   1 1   2 2   3 3
33 334 4   0 0   1 1   2 2   3 3
34 341 4   0 0   1 1   2 2   3 3
34 328 4   0 0   1 1   2 2   3 3
34 106 4   0 0   1 1   2 2   3 3
34 267 4   0 0   1 1   2 2   3 3
35 88 4   0 0   1 1   2 2   3 3
35 220 4   0 0   1 1   2 2   3 3
35 124 4   0 0   1 1   2 2   3 3
35 45 4   0 0   1 1   2 2   3 3
36 184 4   0 0   1 1   2 2   3 3
36 217 4   0 0   1 1   2 2   3 3
36 362 4   0 0   1 1   2 2   3 3
36 234 4   0 0   1 1   2 2   3 3
36 366 4   0 0   1 1   2 2   3 3
36 159 4   0 0   1 1   2 2   3 3
37 274 4   0 0   1 1   2 2   3 3
37 83 4   0 0   1 1   2 2   3 3
37 231 4   0 0   1 1   2 2   3 3
37 139 4   0 0   1 1   2 2   3 3
38 101 4   0 0   1 1   2 2   3 3
38 198 4   0 0   1 1   2 2   3 3
38 76 4   0 0   1 1   2 2   3 3
38 364 4   0 0   1 1   2 2   3 3
38 271 4   0 0   1 1   2 2   3 3
39 292 4   0 0   1 1   2 2   3 3
39 201 4   0 0   1 1   2 2   3 3
39 319 4   0 0   1 1   2 2   3 3
40 176 4   0 0   1 1   2 2   3 3
40 273 4   0 0   1 1   2 2   3 3
40 113 4   0 0   1 1   2 2   3 3
40 232 4   0 0   1 1   2 2   3 3
40 58 4   0 0   1 1   2 2   3 3
40 347 4   0 0   1 1   2 2   3 3
41 49 4   0 0   1 1   2 2   3 3
41 146 4   0 0   1 1   2 2   3 3
41 242 4   0 0   1 1   2 2   3 3
41 66 4   0 0   1 1   2 2   3 3
41 85 4   0 0   1 1   2 2   3 3
41 265 4   0 0   1 1   2 2   3 3
42 48 4   0 0   1 1   2 2   3 3
42 321 4   0 0   1 1   2 2   3 3
42 179 4   0 0   1 1   2 2   3 3
42 245 4   0 0   1 1   2 2   3 3
42 181 4   0 0   1 1   2 2   3 3
42 233 4   0 0   1 1   2 2   3 3
42 221 4   0 0   1 1   2 2   3 3
42 95 4   0 0   1 1   2 2   3 3
43 183 4   0 0   1 1   2 2   3 3
43 124 4   0 0   1 1   2 2   3 3
43 45 4   0 0   1 1   2 2   3 3
43 269 4   0 0   1 1   2 2   3 3
43 223 4   0 0   1 1   2 2   3 3
44 259 4   0 0   1 1   2 2   3 3
44 244 4   0 0   1 1   2 2   3 3
44 246 4   0 0   1 1   2 2   3 3
44 171 4   0 0   1 1   2 2   3 3
44 222 4   0 0   1 1   2 2   3 3
45 309 4   0 0   1 1   2 2   3 3
45 104 4   0 0   1 1   2 2   3 3
45 88 4   0 0   1 1   2 2   3 3
45 124 4   0 0   1 1   2 2   3 3
46 370 4   0 0   1 1   2 2   3 3
46 178 4   0 0   1 1   2 2   3 3
46 117 4   0 0   1 1   2 2   3 3
46 294 4   0 0   1 1   2 2   3 3
46 72 4   0 0   1 1   2 2   3 3
46 298 4   0 0   1 1   2 2   3 3
46 270 4   0 0   1 1   2 2   3 3
47 131 4   0 0   1 1   2 2   3 3
47 102 4   0 0   1 1   2 2   3 3
47 263 4   0 0   1 1   2 2   3 3
47 319 4   0 0   1 1   2 2   3 3
48 225 4   0 0   1 1   2 2   3 3
48 195 4   0 0   1 1   2 2   3 3
48 181 4   0 0   1 1   2 2   3 3
48 149 4   0 0   1 1   2 2   3 3
49 161 4   0 0   1 1   2 2   3 3
49 226 4   0 0   1 1   2 2   3 3
49 66 4   0 0   1 1   2 2   3 3
50 273 4   0 0   1 1   2 2   3 3
50 146 4   0 0   1 1   2 2   3 3
50 182 4   0 0   1 1   2 2   3 3
50 220 4   0 0   1 1   2 2   3 3
50 94 4   0 0   1 1   2 2   3 3
50 78 4   0 0   1 1   2 2   3 3
51 161 4   0 0   1 1   2 2   3 3
51 66 4   0 0   1 1   2 2   3 3
51 149 4   0 0   1 1   2 2   3 3
51 75 4   0 0   1 1   2 2   3 3
51 61 4   0 0   1 1   2 2   3 3
52 64 4   0 0   1 1   2 2   3 3
52 258 4   0 0   1 1   2 2   3 3
52 194 4   0 0   1 1   2 2   3 3
52 100 4   0 0   1 1   2 2   3 3
52 277 4   0 0   1 1   2 2   3 3
52 122 4   0 0   1 1   2 2   3 3
52 252 4   0 0   1 1   2 2   3 3
53 85 4   0 0   1 1   2 2   3 3
53 201 4   0 0   1 1   2 2   3 3
53 265 4   0 0   1 1   2 2   3 3
54 324 4   0 0   1 1   2 2   3 3
54 134 4   0 0   1 1   2 2   3 3
54 203 4   0 0   1 1   2 2   3 3
54 156 4   0 0   1 1   2 2   3 3
54 348 4   0 0   1 1   2 2   3 3
54 157 4   0 0   1 1   2 2   3 3
54 62 4   0 0   1 1   2 2   3 3
54 79 4   0 0   1 1   2 2   3 3
55 215 4   0 0   1 1   2 2   3 3
55 282 4   0 0   1 1   2 2   3 3
55 143 4   0 0   1 1   2 2   3 3
56 144 4   0 0   1 1   2 2   3 3
56 214 4   0 0   1 1   2 2   3 3
56 87 4   0 0   1 1   2 2   3 3
57 355 4   0 0   1 1   2 2   3 3
57 314 4   0 0   1 1   2 2   3 3
57 235 4   0 0   1 1   2 2   3 3
57 365 4   0 0   1 1   2 2   3 3
58 160 4   0 0   1 1   2 2   3 3
58 113 4   0 0   1 1   2 2   3 3
58 328 4   0 0   1 1   2 2   3 3
58 106 4   0 0   1 1   2 2   3 3
58 347 4   0 0   1 1   2 2   3 3
59 227 4   0 0   1 1   2 2   3 3
59 291 4   0 0   1 1   2 2   3 3
59 231 4   0 0   1 1   2 2   3 3
59 249 4   0 0   1 1   2 2   3 3
59 91 4   0 0   1 1   2 2   3 3
59 238 4   0 0   1 1   2 2   3 3
60 213 4   0 0   1 1   2 2   3 3
60 251 4   0 0   1 1   2 2   3 3
60 92 4   0 0   1 1   2 2   3 3
60 268 4   0 0   1 1   2 2   3 3
61 176 4   0 0   1 1   2 2   3 3
61 66 4   0 0   1 1   2 2   3 3
61 264 4   0 0   1 1   2 2   3 3
61 232 4   0 0   1 1   2 2   3 3
61 122 4   0 0   1 1   2 2   3 3
61 75 4   0 0   1 1   2 2   3 3
62 336 4   0 0   1 1   2 2   3 3
62 331 4   0 0   1 1   2 2   3 3
62 123 4   0 0   1 1   2 2   3 3
62 348 4   0 0   1 1   2 2   3 3
62 156 4   0 0   1 1   2 2   3 3
62 79 4   0 0   1 1   2 2   3 3
63 129 4   0 0   1 1   2 2   3 3
63 130 4   0 0   1 1   2 2   3 3
63 116 4   0 0   1 1   2 2   3 3
63 133 4   0 0   1 1   2 2   3 3
63 359 4   0 0   1 1   2 2   3 3
63 136 4   0 0   1 1   2 2   3 3
63 138 4   0 0   1 1   2 2   3 3
63 316 4   0 0   1 1   2 2   3 3
63 367 4   0 0   1 1   2 2   3 3
64 258 4   0 0   1 1   2 2   3 3
64 264 4   0 0   1 1   2 2   3 3
64 122 4   0 0   1 1   2 2   3 3
65 240 4   0 0   1 1   2 2   3 3
65 67 4   0 0   1 1   2 2   3 3
65 182 4   0 0   1 1   2 2   3 3
65 168 4   0 0   1 1   2 2   3 3
65 220 4   0 0   1 1   2 2   3 3
66 161 4   0 0   1 1   2 2   3 3
66 242 4   0 0   1 1   2 2   3 3
66 232 4   0 0   1 1   2 2   3 3
67 112 4   0 0   1 1   2 2   3 3
67 240 4   0 0   1 1   2 2   3 3
67 193 4   0 0   1 1   2 2   3 3
67 211 4   0 0   1 1   2 2   3 3
67 212 4   0 0   1 1   2 2   3 3
67 168 4   0 0   1 1   2 2   3 3
67 250 4   0 0   1 1   2 2   3 3
67 94 4   0 0   1 1   2 2   3 3
68 147 4   0 0   1 1   2 2   3 3
68 200 4   0 0   1 1   2 2   3 3
68 152 4   0 0   1 1   2 2   3 3
68 334 4   0 0   1 1   2 2   3 3
69 368 4   0 0   1 1   2 2   3 3
69 257 4   0 0   1 1   2 2   3 3
69 308 4   0 0   1 1   2 2   3 3
69 167 4   0 0   1 1   2 2   3 3
69 252 4   0 0   1 1   2 2   3 3
69 367 4   0 0   1 1   2 2   3 3
69 303 4   0 0   1 1   2 2   3 3
70 247 4   0 0   1 1   2 2   3 3
70 152 4   0 0   1 1   2 2   3 3
70 186 4   0 0   1 1   2 2   3 3
70 266 4   0 0   1 1   2 2   3 3
70 299 4   0 0   1 1   2 2   3 3
71 306 4   0 0   1 1   2 2   3 3
71 325 4   0 0   1 1   2 2   3 3
71 358 4   0 0   1 1   2 2   3 3
71 361 4   0 0   1 1   2 2   3 3
71 174 4   0 0   1 1   2 2   3 3
71 142 4   0 0   1 1   2 2   3 3
71 302 4   0 0   1 1   2 2   3 3
72 178 4   0 0   1 1   2 2   3 3
72 294 4   0 0   1 1   2 2   3 3
72 119 4   0 0   1 1   2 2   3 3
73 178 4   0 0   1 1   2 2   3 3
73 278 4   0 0   1 1   2 2   3 3
73 119 4   0 0   1 1   2 2   3 3
73 298 4   0 0   1 1   2 2   3 3
73 191 4   0 0   1 1   2 2   3 3
74 198 4   0 0   1 1   2 2   3 3
74 218 4   0 0   1 1   2 2   3 3
74 90 4   0 0   1 1   2 2   3 3
74 138 4   0 0   1 1   2 2   3 3
74 316 4   0 0   1 1   2 2   3 3
74 158 4   0 0   1 1   2 2   3 3
75 241 4   0 0   1 1   2 2   3 3
75 149 4   0 0   1 1   2 2   3 3
75 279 4   0 0   1 1   2 2   3 3
75 264 4   0 0   1 1   2 2   3 3
75 351 4   0 0   1 1   2 2   3 3
76 198 4   0 0   1 1   2 2   3 3
76 90 4   0 0   1 1   2 2   3 3
76 138 4   0 0   1 1   2 2   3 3
76 364 4   0 0   1 1   2 2   3 3
77 208 4   0 0   1 1   2 2   3 3
77 144 4   0 0   1 1   2 2   3 3
77 289 4   0 0   1 1   2 2   3 3
77 199 4   0 0   1 1   2 2   3 3
77 87 4   0 0   1 1   2 2   3 3
77 361 4   0 0   1 1   2 2   3 3
77 121 4   0 0   1 1   2 2   3 3
78 273 4   0 0   1 1   2 2   3 3
78 332 4   0 0   1 1   2 2   3 3
78 318 4   0 0   1 1   2 2   3 3
79 356 4   0 0   1 1   2 2   3 3
79 197 4   0 0   1 1   2 2   3 3
79 134 4   0 0   1 1   2 2   3 3
79 331 4   0 0   1 1   2 2   3 3
79 205 4   0 0   1 1   2 2   3 3
80 210 4   0 0   1 1   2 2   3 3
80 344 4   0 0   1 1   2 2   3 3
80 329 4   0 0   1 1   2 2   3 3
80 236 4   0 0   1 1   2 2   3 3
80 349 4   0 0   1 1   2 2   3 3
81 112 4   0 0   1 1   2 2   3 3
81 150 4   0 0   1 1   2 2   3 3
81 151 4   0 0   1 1   2 2   3 3
82 196 4   0 0   1 1   2 2   3 3
82 235 4   0 0   1 1   2 2   3 3
82 237 4   0 0   1 1   2 2   3 3
83 274 4   0 0   1 1   2 2   3 3
83 228 4   0 0   1 1   2 2   3 3
83 231 4   0 0   1 1   2 2   3 3
84 353 4   0 0   1 1   2 2   3 3
84 276 4   0 0   1 1   2 2   3 3
84 326 4   0 0   1 1   2 2   3 3
84 295 4   0 0   1 1   2 2   3 3
84 329 4   0 0   1 1   2 2   3 3
84 89 4   0 0   1 1   2 2   3 3
84 187 4   0 0   1 1   2 2   3 3
85 281 4   0 0   1 1   2 2   3 3
85 265 4   0 0   1 1   2 2   3 3
86 225 4   0 0   1 1   2 2   3 3
86 279 4   0 0   1 1   2 2   3 3
86 219 4   0 0   1 1   2 2   3 3
86 125 4   0 0   1 1   2 2   3 3
86 175 4   0 0   1 1   2 2   3 3
86 351 4   0 0   1 1   2 2   3 3
87 144 4   0 0   1 1   2 2   3 3
87 323 4   0 0   1 1   2 2   3 3
87 186 4   0 0   1 1   2 2   3 3
87 299 4   0 0   1 1   2 2   3 3
88 212 4   0 0   1 1   2 2   3 3
88 104 4   0 0   1 1   2 2   3 3
88 250 4   0 0   1 1   2 2   3 3
88 220 4   0 0   1 1   2 2   3 3
88 141 4   0 0   1 1   2 2   3 3
89 353 4   0 0   1 1   2 2   3 3
89 275 4   0 0   1 1   2 2   3 3
89 180 4   0 0   1 1   2 2   3 3
89 295 4   0 0   1 1   2 2   3 3
89 175 4   0 0   1 1   2 2   3 3
90 198 4   0 0   1 1   2 2   3 3
90 138 4   0 0   1 1   2 2   3 3
91 227 4   0 0   1 1   2 2   3 3
91 249 4   0 0   1 1   2 2   3 3
91 173 4   0 0   1 1   2 2   3 3
91 142 4   0 0   1 1   2 2   3 3
92 336 4   0 0   1 1   2 2   3 3
92 331 4   0 0   1 1   2 2   3 3
92 251 4   0 0   1 1   2 2   3 3
92 268 4   0 0   1 1   2 2   3 3
93 311 4   0 0   1 1   2 2   3 3
93 206 4   0 0   1 1   2 2   3 3
94 112 4   0 0   1 1   2 2   3 3
94 240 4   0 0   1 1   2 2   3 3
94 146 4   0 0   1 1   2 2   3 3
94 293 4   0 0   1 1   2 2   3 3
94 182 4   0 0   1 1   2 2   3 3
94 216 4   0 0   1 1   2 2   3 3
94 317 4   0 0   1 1   2 2   3 3
95 245 4   0 0   1 1   2 2   3 3
95 233 4   0 0   1 1   2 2   3 3
95 110 4   0 0   1 1   2 2   3 3
96 369 4   0 0   1 1   2 2   3 3
96 370 4   0 0   1 1   2 2   3 3
96 291 4   0 0   1 1   2 2   3 3
96 262 4   0 0   1 1   2 2   3 3
96 298 4   0 0   1 1   2 2   3 3
96 253 4   0 0   1 1   2 2   3 3
96 238 4   0 0   1 1   2 2   3 3
96 127 4   0 0   1 1   2 2   3 3
97 290 4   0 0   1 1   2 2   3 3
97 227 4   0 0   1 1   2 2   3 3
97 345 4   0 0   1 1   2 2   3 3
97 173 4   0 0   1 1   2 2   3 3
97 302 4   0 0   1 1   2 2   3 3
98 321 4   0 0   1 1   2 2   3 3
98 229 4   0 0   1 1   2 2   3 3
98 221 4   0 0   1 1   2 2   3 3
99 360 4   0 0   1 1   2 2   3 3
99 296 4   0 0   1 1   2 2   3 3
99 155 4   0 0   1 1   2 2   3 3
99 109 4   0 0   1 1   2 2   3 3
100 113 4   0 0   1 1   2 2   3 3
100 194 4   0 0   1 1   2 2   3 3
100 354 4   0 0   1 1   2 2   3 3
100 122 4   0 0   1 1   2 2   3 3
100 106 4   0 0   1 1   2 2   3 3
101 192 4   0 0   1 1   2 2   3 3
101 304 4   0 0   1 1   2 2   3 3
101 364 4   0 0   1 1   2 2   3 3
102 131 4   0 0   1 1   2 2   3 3
102 301 4   0 0   1 1   2 2   3 3
102 319 4   0 0   1 1   2 2   3 3
103 261 4   0 0   1 1   2 2   3 3
103 358 4   0 0   1 1   2 2   3 3
103 361 4   0 0   1 1   2 2   3 3
103 267 4   0 0   1 1   2 2   3 3
103 174 4   0 0   1 1   2 2   3 3
104 309 4   0 0   1 1   2 2   3 3
104 141 4   0 0   1 1   2 2   3 3
105 360 4   0 0   1 1   2 2   3 3
105 185 4   0 0   1 1   2 2   3 3
105 346 4   0 0   1 1   2 2   3 3
105 319 4   0 0   1 1   2 2   3 3
106 113 4   0 0   1 1   2 2   3 3
106 354 4   0 0   1 1   2 2   3 3
106 341 4   0 0   1 1   2 2   3 3
106 328 4   0 0   1 1   2 2   3 3
107 177 4   0 0   1 1   2 2   3 3
107 162 4   0 0   1 1   2 2   3 3
107 157 4   0 0   1 1   2 2   3 3
107 190 4   0 0   1 1   2 2   3 3
108 179 4   0 0   1 1   2 2   3 3
108 315 4   0 0   1 1   2 2   3 3
109 131 4   0 0   1 1   2 2   3 3
109 296 4   0 0   1 1   2 2   3 3
109 330 4   0 0   1 1   2 2   3 3
109 155 4   0 0   1 1   2 2   3 3
109 301 4   0 0   1 1   2 2   3 3
110 321 4   0 0   1 1   2 2   3 3
110 245 4   0 0   1 1   2 2   3 3
110 233 4   0 0   1 1   2 2   3 3
110 362 4   0 0   1 1   2 2   3 3
110 234 4   0 0   1 1   2 2   3 3
110 159 4   0 0   1 1   2 2   3 3
111 148 4   0 0   1 1   2 2   3 3
111 236 4   0 0   1 1   2 2   3 3
111 204 4   0 0   1 1   2 2   3 3
112 151 4   0 0   1 1   2 2   3 3
112 216 4   0 0   1 1   2 2   3 3
112 317 4   0 0   1 1   2 2   3 3
113 176 4   0 0   1 1   2 2   3 3
113 122 4   0 0   1 1   2 2   3 3
114 274 4   0 0   1 1   2 2   3 3
114 307 4   0 0   1 1   2 2   3 3
114 132 4   0 0   1 1   2 2   3 3
114 228 4   0 0   1 1   2 2   3 3
114 332 4   0 0   1 1   2 2   3 3
114 255 4   0 0   1 1   2 2   3 3
115 306 4   0 0   1 1   2 2   3 3
115 164 4   0 0   1 1   2 2   3 3
115 345 4   0 0   1 1   2 2   3 3
115 284 4   0 0   1 1   2 2   3 3
115 302 4   0 0   1 1   2 2   3 3
116 304 4   0 0   1 1   2 2   3 3
116 130 4   0 0   1 1   2 2   3 3
116 136 4   0 0   1 1   2 2   3 3
116 312 4   0 0   1 1   2 2   3 3
116 286 4   0 0   1 1   2 2   3 3
117 320 4   0 0   1 1   2 2   3 3
117 370 4   0 0   1 1   2 2   3 3
117 290 4   0 0   1 1   2 2   3 3
117 164 4   0 0   1 1   2 2   3 3
117 253 4   0 0   1 1   2 2   3 3
117 270 4   0 0   1 1   2 2   3 3
118 322 4   0 0   1 1   2 2   3 3
118 179 4   0 0   1 1   2 2   3 3
118 357 4   0 0   1 1   2 2   3 3
118 169 4   0 0   1 1   2 2   3 3
118 346 4   0 0   1 1   2 2   3 3
118 126 4   0 0   1 1   2 2   3 3
119 178 4   0 0   1 1   2 2   3 3
120 211 4   0 0   1 1   2 2   3 3
120 165 4   0 0   1 1   2 2   3 3
120 313 4   0 0   1 1   2 2   3 3
121 289 4   0 0   1 1   2 2   3 3
121 261 4   0 0   1 1   2 2   3 3
121 199 4   0 0   1 1   2 2   3 3
121 361 4   0 0   1 1   2 2   3 3
121 156 4   0 0   1 1   2 2   3 3
121 239 4   0 0   1 1   2 2   3 3
122 176 4   0 0   1 1   2 2   3 3
122 264 4   0 0   1 1   2 2   3 3
123 336 4   0 0   1 1   2 2   3 3
123 323 4   0 0   1 1   2 2   3 3
123 247 4   0 0   1 1   2 2   3 3
123 266 4   0 0   1 1   2 2   3 3
123 186 4   0 0   1 1   2 2   3 3
123 156 4   0 0   1 1   2 2   3 3
124 183 4   0 0   1 1   2 2   3 3
125 225 4   0 0   1 1   2 2   3 3
125 195 4   0 0   1 1   2 2   3 3
125 175 4   0 0   1 1   2 2   3 3
126 357 4   0 0   1 1   2 2   3 3
126 315 4   0 0   1 1   2 2   3 3
127 369 4   0 0   1 1   2 2   3 3
127 355 4   0 0   1 1   2 2   3 3
127 246 4   0 0   1 1   2 2   3 3
127 237 4   0 0   1 1   2 2   3 3
128 275 4   0 0   1 1   2 2   3 3
128 195 4   0 0   1 1   2 2   3 3
128 245 4   0 0   1 1   2 2   3 3
129 359 4   0 0   1 1   2 2   3 3
129 136 4   0 0   1 1   2 2   3 3
129 367 4   0 0   1 1   2 2   3 3
130 192 4   0 0   1 1   2 2   3 3
130 304 4   0 0   1 1   2 2   3 3
130 138 4   0 0   1 1   2 2   3 3
130 364 4   0 0   1 1   2 2   3 3
131 301 4   0 0   1 1   2 2   3 3
132 228 4   0 0   1 1   2 2   3 3
132 325 4   0 0   1 1   2 2   3 3
132 358 4   0 0   1 1   2 2   3 3
132 255 4   0 0   1 1   2 2   3 3
133 353 4   0 0   1 1   2 2   3 3
133 248 4   0 0   1 1   2 2   3 3
133 219 4   0 0   1 1   2 2   3 3
133 158 4   0 0   1 1   2 2   3 3
133 367 4   0 0   1 1   2 2   3 3
134 177 4   0 0   1 1   2 2   3 3
134 324 4   0 0   1 1   2 2   3 3
134 197 4   0 0   1 1   2 2   3 3
135 261 4   0 0   1 1   2 2   3 3
135 239 4   0 0   1 1   2 2   3 3
136 368 4   0 0   1 1   2 2   3 3
136 312 4   0 0   1 1   2 2   3 3
137 275 4   0 0   1 1   2 2   3 3
137 195 4   0 0   1 1   2 2   3 3
137 175 4   0 0   1 1   2 2   3 3
138 316 4   0 0   1 1   2 2   3 3
138 364 4   0 0   1 1   2 2   3 3
139 369 4   0 0   1 1   2 2   3 3
139 274 4   0 0   1 1   2 2   3 3
139 291 4   0 0   1 1   2 2   3 3
139 230 4   0 0   1 1   2 2   3 3
139 231 4   0 0   1 1   2 2   3 3
139 335 4   0 0   1 1   2 2   3 3
140 224 4   0 0   1 1   2 2   3 3
141 193 4   0 0   1 1   2 2   3 3
141 309 4   0 0   1 1   2 2   3 3
141 250 4   0 0   1 1   2 2   3 3
142 325 4   0 0   1 1   2 2   3 3
142 249 4   0 0   1 1   2 2   3 3
142 173 4   0 0   1 1   2 2   3 3
142 302 4   0 0   1 1   2 2   3 3
143 207 4   0 0   1 1   2 2   3 3
144 208 4   0 0   1 1   2 2   3 3
144 371 4   0 0   1 1   2 2   3 3
144 214 4   0 0   1 1   2 2   3 3
144 202 4   0 0   1 1   2 2   3 3
145 164 4   0 0   1 1   2 2   3 3
145 297 4   0 0   1 1   2 2   3 3
145 270 4   0 0   1 1   2 2   3 3
146 273 4   0 0   1 1   2 2   3 3
146 242 4   0 0   1 1   2 2   3 3
146 293 4   0 0   1 1   2 2   3 3
146 265 4   0 0   1 1   2 2   3 3
146 154 4   0 0   1 1   2 2   3 3
147 152 4   0 0   1 1   2 2   3 3
148 218 4   0 0   1 1   2 2   3 3
148 187 4   0 0   1 1   2 2   3 3
148 204 4   0 0   1 1   2 2   3 3
149 225 4   0 0   1 1   2 2   3 3
149 161 4   0 0   1 1   2 2   3 3
149 279 4   0 0   1 1   2 2   3 3
150 224 4   0 0   1 1   2 2   3 3
150 151 4   0 0   1 1   2 2   3 3
150 201 4   0 0   1 1   2 2   3 3
151 216 4   0 0   1 1   2 2   3 3
151 201 4   0 0   1 1   2 2   3 3
151 265 4   0 0   1 1   2 2   3 3
151 154 4   0 0   1 1   2 2   3 3
153 272 4   0 0   1 1   2 2   3 3
153 256 4   0 0   1 1   2 2   3 3
153 343 4   0 0   1 1   2 2   3 3
153 184 4   0 0   1 1   2 2   3 3
153 159 4   0 0   1 1   2 2   3 3
154 293 4   0 0   1 1   2 2   3 3
154 216 4   0 0   1 1   2 2   3 3
154 265 4   0 0   1 1   2 2   3 3
155 360 4   0 0   1 1   2 2   3 3
155 301 4   0 0   1 1   2 2   3 3
156 199 4   0 0   1 1   2 2   3 3
156 348 4   0 0   1 1   2 2   3 3
156 157 4   0 0   1 1   2 2   3 3
156 239 4   0 0   1 1   2 2   3 3
157 162 4   0 0   1 1   2 2   3 3
157 203 4   0 0   1 1   2 2   3 3
157 239 4   0 0   1 1   2 2   3 3
158 353 4   0 0   1 1   2 2   3 3
158 276 4   0 0   1 1   2 2   3 3
158 218 4   0 0   1 1   2 2   3 3
158 316 4   0 0   1 1   2 2   3 3
159 321 4   0 0   1 1   2 2   3 3
159 343 4   0 0   1 1   2 2   3 3
159 362 4   0 0   1 1   2 2   3 3
160 288 4   0 0   1 1   2 2   3 3
160 328 4   0 0   1 1   2 2   3 3
160 347 4   0 0   1 1   2 2   3 3
162 177 4   0 0   1 1   2 2   3 3
162 324 4   0 0   1 1   2 2   3 3
162 203 4   0 0   1 1   2 2   3 3
163 368 4   0 0   1 1   2 2   3 3
163 337 4   0 0   1 1   2 2   3 3
163 308 4   0 0   1 1   2 2   3 3
163 312 4   0 0   1 1   2 2   3 3
164 290 4   0 0   1 1   2 2   3 3
164 371 4   0 0   1 1   2 2   3 3
164 345 4   0 0   1 1   2 2   3 3
164 297 4   0 0   1 1   2 2   3 3
164 202 4   0 0   1 1   2 2   3 3
164 284 4   0 0   1 1   2 2   3 3
164 270 4   0 0   1 1   2 2   3 3
165 338 4   0 0   1 1   2 2   3 3
165 172 4   0 0   1 1   2 2   3 3
166 296 4   0 0   1 1   2 2   3 3
166 330 4   0 0   1 1   2 2   3 3
166 333 4   0 0   1 1   2 2   3 3
167 257 4   0 0   1 1   2 2   3 3
167 354 4   0 0   1 1   2 2   3 3
167 341 4   0 0   1 1   2 2   3 3
167 283 4   0 0   1 1   2 2   3 3
167 303 4   0 0   1 1   2 2   3 3
168 212 4   0 0   1 1   2 2   3 3
168 220 4   0 0   1 1   2 2   3 3
169 185 4   0 0   1 1   2 2   3 3
169 346 4   0 0   1 1   2 2   3 3
170 311 4   0 0   1 1   2 2   3 3
170 172 4   0 0   1 1   2 2   3 3
170 206 4   0 0   1 1   2 2   3 3
171 305 4   0 0   1 1   2 2   3 3
171 339 4   0 0   1 1   2 2   3 3
171 342 4   0 0   1 1   2 2   3 3
171 222 4   0 0   1 1   2 2   3 3
172 224 4   0 0   1 1   2 2   3 3
173 227 4   0 0   1 1   2 2   3 3
173 302 4   0 0   1 1   2 2   3 3
174 358 4   0 0   1 1   2 2   3 3
174 361 4   0 0   1 1   2 2   3 3
175 195 4   0 0   1 1   2 2   3 3
175 275 4   0 0   1 1   2 2   3 3
175 180 4   0 0   1 1   2 2   3 3
175 219 4   0 0   1 1   2 2   3 3
176 232 4   0 0   1 1   2 2   3 3
177 324 4   0 0   1 1   2 2   3 3
177 197 4   0 0   1 1   2 2   3 3
177 283 4   0 0   1 1   2 2   3 3
177 190 4   0 0   1 1   2 2   3 3
177 303 4   0 0   1 1   2 2   3 3
178 298 4   0 0   1 1   2 2   3 3
179 229 4   0 0   1 1   2 2   3 3
179 181 4   0 0   1 1   2 2   3 3
179 315 4   0 0   1 1   2 2   3 3
179 221 4   0 0   1 1   2 2   3 3
180 219 4   0 0   1 1   2 2   3 3
181 315 4   0 0   1 1   2 2   3 3
182 240 4   0 0   1 1   2 2   3 3
182 220 4   0 0   1 1   2 2   3 3
183 280 4   0 0   1 1   2 2   3 3
183 300 4   0 0   1 1   2 2   3 3
183 222 4   0 0   1 1   2 2   3 3
183 223 4   0 0   1 1   2 2   3 3
184 256 4   0 0   1 1   2 2   3 3
184 209 4   0 0   1 1   2 2   3 3
184 217 4   0 0   1 1   2 2   3 3
185 346 4   0 0   1 1   2 2   3 3
186 323 4   0 0   1 1   2 2   3 3
186 247 4   0 0   1 1   2 2   3 3
186 299 4   0 0   1 1   2 2   3 3
187 210 4   0 0   1 1   2 2   3 3
187 276 4   0 0   1 1   2 2   3 3
187 329 4   0 0   1 1   2 2   3 3
187 218 4   0 0   1 1   2 2   3 3
188 259 4   0 0   1 1   2 2   3 3
188 355 4   0 0   1 1   2 2   3 3
188 314 4   0 0   1 1   2 2   3 3
189 305 4   0 0   1 1   2 2   3 3
189 340 4   0 0   1 1   2 2   3 3
189 310 4   0 0   1 1   2 2   3 3
189 220 4   0 0   1 1   2 2   3 3
189 300 4   0 0   1 1   2 2   3 3
190 341 4   0 0   1 1   2 2   3 3
190 283 4   0 0   1 1   2 2   3 3
191 278 4   0 0   1 1   2 2   3 3
191 237 4   0 0   1 1   2 2   3 3
191 287 4   0 0   1 1   2 2   3 3
192 304 4   0 0   1 1   2 2   3 3
192 364 4   0 0   1 1   2 2   3 3
193 211 4   0 0   1 1   2 2   3 3
193 309 4   0 0   1 1   2 2   3 3
193 313 4   0 0   1 1   2 2   3 3
193 250 4   0 0   1 1   2 2   3 3
194 257 4   0 0   1 1   2 2   3 3
194 354 4   0 0   1 1   2 2   3 3
194 252 4   0 0   1 1   2 2   3 3
195 225 4   0 0   1 1   2 2   3 3
195 245 4   0 0   1 1   2 2   3 3
196 355 4   0 0   1 1   2 2   3 3
196 235 4   0 0   1 1   2 2   3 3
196 237 4   0 0   1 1   2 2   3 3
197 337 4   0 0   1 1   2 2   3 3
197 243 4   0 0   1 1   2 2   3 3
197 356 4   0 0   1 1   2 2   3 3
198 218 4   0 0   1 1   2 2   3 3
198 204 4   0 0   1 1   2 2   3 3
198 271 4   0 0   1 1   2 2   3 3
199 289 4   0 0   1 1   2 2   3 3
200 334 4   0 0   1 1   2 2   3 3
201 224 4   0 0   1 1   2 2   3 3
201 292 4   0 0   1 1   2 2   3 3
201 265 4   0 0   1 1   2 2   3 3
202 371 4   0 0   1 1   2 2   3 3
202 214 4   0 0   1 1   2 2   3 3
202 297 4   0 0   1 1   2 2   3 3
202 299 4   0 0   1 1   2 2   3 3
203 324 4   0 0   1 1   2 2   3 3
204 218 4   0 0   1 1   2 2   3 3
204 271 4   0 0   1 1   2 2   3 3
205 356 4   0 0   1 1   2 2   3 3
205 251 4   0 0   1 1   2 2   3 3
205 331 4   0 0   1 1   2 2   3 3
205 207 4   0 0   1 1   2 2   3 3
206 311 4   0 0   1 1   2 2   3 3
206 330 4   0 0   1 1   2 2   3 3
207 243 4   0 0   1 1   2 2   3 3
207 356 4   0 0   1 1   2 2   3 3
207 213 4   0 0   1 1   2 2   3 3
207 251 4   0 0   1 1   2 2   3 3
208 306 4   0 0   1 1   2 2   3 3
208 371 4   0 0   1 1   2 2   3 3
208 361 4   0 0   1 1   2 2   3 3
209 256 4   0 0   1 1   2 2   3 3
209 295 4   0 0   1 1   2 2   3 3
209 217 4   0 0   1 1   2 2   3 3
209 254 4   0 0   1 1   2 2   3 3
210 329 4   0 0   1 1   2 2   3 3
211 313 4   0 0   1 1   2 2   3 3
212 250 4   0 0   1 1   2 2   3 3
212 220 4   0 0   1 1   2 2   3 3
213 251 4   0 0   1 1   2 2   3 3
214 299 4   0 0   1 1   2 2   3 3
215 243 4   0 0   1 1   2 2   3 3
215 282 4   0 0   1 1   2 2   3 3
215 286 4   0 0   1 1   2 2   3 3
216 293 4   0 0   1 1   2 2   3 3
216 317 4   0 0   1 1   2 2   3 3
217 295 4   0 0   1 1   2 2   3 3
218 276 4   0 0   1 1   2 2   3 3
219 353 4   0 0   1 1   2 2   3 3
219 248 4   0 0   1 1   2 2   3 3
219 351 4   0 0   1 1   2 2   3 3
220 310 4   0 0   1 1   2 2   3 3
220 300 4   0 0   1 1   2 2   3 3
221 321 4   0 0   1 1   2 2   3 3
221 229 4   0 0   1 1   2 2   3 3
222 305 4   0 0   1 1   2 2   3 3
222 244 4   0 0   1 1   2 2   3 3
222 300 4   0 0   1 1   2 2   3 3
222 223 4   0 0   1 1   2 2   3 3
223 244 4   0 0   1 1   2 2   3 3
223 269 4   0 0   1 1   2 2   3 3
223 285 4   0 0   1 1   2 2   3 3
224 292 4   0 0   1 1   2 2   3 3
224 263 4   0 0   1 1   2 2   3 3
225 279 4   0 0   1 1   2 2   3 3
226 357 4   0 0   1 1   2 2   3 3
226 281 4   0 0   1 1   2 2   3 3
227 320 4   0 0   1 1   2 2   3 3
227 290 4   0 0   1 1   2 2   3 3
227 238 4   0 0   1 1   2 2   3 3
228 274 4   0 0   1 1   2 2   3 3
228 325 4   0 0   1 1   2 2   3 3
228 231 4   0 0   1 1   2 2   3 3
228 249 4   0 0   1 1   2 2   3 3
230 369 4   0 0   1 1   2 2   3 3
230 339 4   0 0   1 1   2 2   3 3
230 342 4   0 0   1 1   2 2   3 3
231 291 4   0 0   1 1   2 2   3 3
232 273 4   0 0   1 1   2 2   3 3
232 242 4   0 0   1 1   2 2   3 3
233 321 4   0 0   1 1   2 2   3 3
234 245 4   0 0   1 1   2 2   3 3
234 362 4   0 0   1 1   2 2   3 3
234 366 4   0 0   1 1   2 2   3 3
235 355 4   0 0   1 1   2 2   3 3
237 355 4   0 0   1 1   2 2   3 3
237 278 4   0 0   1 1   2 2   3 3
237 287 4   0 0   1 1   2 2   3 3
238 320 4   0 0   1 1   2 2   3 3
238 291 4   0 0   1 1   2 2   3 3
238 253 4   0 0   1 1   2 2   3 3
239 261 4   0 0   1 1   2 2   3 3
241 258 4   0 0   1 1   2 2   3 3
241 248 4   0 0   1 1   2 2   3 3
241 264 4   0 0   1 1   2 2   3 3
241 351 4   0 0   1 1   2 2   3 3
242 273 4   0 0   1 1   2 2   3 3
243 337 4   0 0   1 1   2 2   3 3
243 356 4   0 0   1 1   2 2   3 3
243 312 4   0 0   1 1   2 2   3 3
243 286 4   0 0   1 1   2 2   3 3
244 259 4   0 0   1 1   2 2   3 3
244 314 4   0 0   1 1   2 2   3 3
244 285 4   0 0   1 1   2 2   3 3
245 275 4   0 0   1 1   2 2   3 3
245 366 4   0 0   1 1   2 2   3 3
246 259 4   0 0   1 1   2 2   3 3
246 355 4   0 0   1 1   2 2   3 3
247 266 4   0 0   1 1   2 2   3 3
248 258 4   0 0   1 1   2 2   3 3
248 277 4   0 0   1 1   2 2   3 3
248 351 4   0 0   1 1   2 2   3 3
248 367 4   0 0   1 1   2 2   3 3
249 325 4   0 0   1 1   2 2   3 3
252 257 4   0 0   1 1   2 2   3 3
252 277 4   0 0   1 1   2 2   3 3
252 367 4   0 0   1 1   2 2   3 3
253 320 4   0 0   1 1   2 2   3 3
253 370 4   0 0   1 1   2 2   3 3
254 272 4   0 0   1 1   2 2   3 3
254 256 4   0 0   1 1   2 2   3 3
254 326 4   0 0   1 1   2 2   3 3
254 295 4   0 0   1 1   2 2   3 3
254 344 4   0 0   1 1   2 2   3 3
254 349 4   0 0   1 1   2 2   3 3
255 288 4   0 0   1 1   2 2   3 3
255 307 4   0 0   1 1   2 2   3 3
255 358 4   0 0   1 1   2 2   3 3
255 347 4   0 0   1 1   2 2   3 3
256 272 4   0 0   1 1   2 2   3 3
257 354 4   0 0   1 1   2 2   3 3
258 277 4   0 0   1 1   2 2   3 3
258 264 4   0 0   1 1   2 2   3 3
259 355 4   0 0   1 1   2 2   3 3
259 314 4   0 0   1 1   2 2   3 3
260 336 4   0 0   1 1   2 2   3 3
260 266 4   0 0   1 1   2 2   3 3
260 268 4   0 0   1 1   2 2   3 3
260 334 4   0 0   1 1   2 2   3 3
261 361 4   0 0   1 1   2 2   3 3
262 278 4   0 0   1 1   2 2   3 3
262 298 4   0 0   1 1   2 2   3 3
263 292 4   0 0   1 1   2 2   3 3
263 319 4   0 0   1 1   2 2   3 3
266 336 4   0 0   1 1   2 2   3 3
267 341 4   0 0   1 1   2 2   3 3
267 358 4   0 0   1 1   2 2   3 3
267 328 4   0 0   1 1   2 2   3 3
268 336 4   0 0   1 1   2 2   3 3
268 334 4   0 0   1 1   2 2   3 3
269 285 4   0 0   1 1   2 2   3 3
269 365 4   0 0   1 1   2 2   3 3
270 294 4   0 0   1 1   2 2   3 3
270 363 4   0 0   1 1   2 2   3 3
273 307 4   0 0   1 1   2 2   3 3
273 347 4   0 0   1 1   2 2   3 3
273 332 4   0 0   1 1   2 2   3 3
274 332 4   0 0   1 1   2 2   3 3
274 335 4   0 0   1 1   2 2   3 3
275 366 4   0 0   1 1   2 2   3 3
276 353 4   0 0   1 1   2 2   3 3
277 367 4   0 0   1 1   2 2   3 3
278 298 4   0 0   1 1   2 2   3 3
278 287 4   0 0   1 1   2 2   3 3
279 351 4   0 0   1 1   2 2   3 3
280 300 4   0 0   1 1   2 2   3 3
281 357 4   0 0   1 1   2 2   3 3
283 341 4   0 0   1 1   2 2   3 3
283 303 4   0 0   1 1   2 2   3 3
284 306 4   0 0   1 1   2 2   3 3
284 371 4   0 0   1 1   2 2   3 3
285 314 4   0 0   1 1   2 2   3 3
285 365 4   0 0   1 1   2 2   3 3
286 312 4   0 0   1 1   2 2   3 3
288 358 4   0 0   1 1   2 2   3 3
288 328 4   0 0   1 1   2 2   3 3
288 347 4   0 0   1 1   2 2   3 3
290 320 4   0 0   1 1   2 2   3 3
290 345 4   0 0   1 1   2 2   3 3
291 369 4   0 0   1 1   2 2   3 3
292 319 4   0 0   1 1   2 2   3 3
294 363 4   0 0   1 1   2 2   3 3
295 326 4   0 0   1 1   2 2   3 3
296 330 4   0 0   1 1   2 2   3 3
298 370 4   0 0   1 1   2 2   3 3
300 305 4   0 0   1 1   2 2   3 3
302 306 4   0 0   1 1   2 2   3 3
302 345 4   0 0   1 1   2 2   3 3
303 337 4   0 0   1 1   2 2   3 3
303 308 4   0 0   1 1   2 2   3 3
305 340 4   0 0   1 1   2 2   3 3
305 342 4   0 0   1 1   2 2   3 3
306 371 4   0 0   1 1   2 2   3 3
306 361 4   0 0   1 1   2 2   3 3
307 327 4   0 0   1 1   2 2   3 3
307 347 4   0 0   1 1   2 2   3 3
307 332 4   0 0   1 1   2 2   3 3
308 368 4   0 0   1 1   2 2   3 3
308 337 4   0 0   1 1   2 2   3 3
309 313 4   0 0   1 1   2 2   3 3
310 340 4   0 0   1 1   2 2   3 3
312 368 4   0 0   1 1   2 2   3 3
312 337 4   0 0   1 1   2 2   3 3
314 355 4   0 0   1 1   2 2   3 3
314 365 4   0 0   1 1   2 2   3 3
318 340 4   0 0   1 1   2 2   3 3
318 332 4   0 0   1 1   2 2   3 3
318 350 4   0 0   1 1   2 2   3 3
319 352 4   0 0   1 1   2 2   3 3
319 346 4   0 0   1 1   2 2   3 3
322 352 4   0 0   1 1   2 2   3 3
322 346 4   0 0   1 1   2 2   3 3
325 358 4   0 0   1 1   2 2   3 3
326 329 4   0 0   1 1   2 2   3 3
326 349 4   0 0   1 1   2 2   3 3
327 332 4   0 0   1 1   2 2   3 3
328 358 4   0 0   1 1   2 2   3 3
329 349 4   0 0   1 1   2 2   3 3
330 333 4   0 0   1 1   2 2   3 3
331 336 4   0 0   1 1   2 2   3 3
332 350 4   0 0   1 1   2 2   3 3
332 335 4   0 0   1 1   2 2   3 3
335 350 4   0 0   1 1   2 2   3 3
339 342 4   0 0   1 1   2 2   3 3
340 342 4   0 0   1 1   2 2   3 3
341 354 4   0 0   1 1   2 2   3 3
344 349 4   0 0   1 1   2 2   3 3
346 352 4   0 0   1 1   2 2   3 3
359 367 4   0 0   1 1   2 2   3 3
367 368 4   0 0   1 1   2 2   3 3
