379
1 4 0 1 2 3
2 4 0 1 2 3
3 4 0 1 2 3
4 4 0 1 2 3
5 4 0 1 2 3
6 4 0 1 2 3
7 4 0 1 2 3
8 4 0 1 2 3
9 4 0 1 2 3
10 4 0 1 2 3
11 4 0 1 2 3
12 4 0 1 2 3
13 4 0 1 2 3
14 4 0 1 2 3
15 4 0 1 2 3
16 4 0 1 2 3
17 4 0 1 2 3
18 4 0 1 2 3
19 4 0 1 2 3
20 4 0 1 2 3
21 4 0 1 2 3
22 4 0 1 2 3
23 4 0 1 2 3
24 4 0 1 2 3
25 4 0 1 2 3
26 4 0 1 2 3
27 4 0 1 2 3
28 4 0 1 2 3
29 4 0 1 2 3
30 4 0 1 2 3
31 4 0 1 2 3
32 4 0 1 2 3
33 4 0 1 2 3
34 4 0 1 2 3
35 4 0 1 2 3
36 4 0 1 2 3
37 4 0 1 2 3
38 4 0 1 2 3
39 4 0 1 2 3
40 4 0 1 2 3
41 4 0 1 2 3
42 4 0 1 2 3
43 4 0 1 2 3
44 4 0 1 2 3
45 4 0 1 2 3
46 4 0 1 2 3
47 4 0 1 2 3
48 4 0 1 2 3
49 4 0 1 2 3
50 4 0 1 2 3
51 4 0 1 2 3
52 4 0 1 2 3
53 4 0 1 2 3
54 4 0 1 2 3
55 4 0 1 2 3
56 4 0 1 2 3
57 4 0 1 2 3
58 4 0 1 2 3
59 4 0 1 2 3
60 4 0 1 2 3
61 4 0 1 2 3
62 4 0 1 2 3
63 4 0 1 2 3
64 4 0 1 2 3
65 4 0 1 2 3
66 4 0 1 2 3
67 4 0 1 2 3
68 4 0 1 2 3
69 4 0 1 2 3
70 4 0 1 2 3
71 4 0 1 2 3
72 4 0 1 2 3
73 4 0 1 2 3
74 4 0 1 2 3
75 4 0 1 2 3
76 4 0 1 2 3
77 4 0 1 2 3
78 4 0 1 2 3
79 4 0 1 2 3
80 4 0 1 2 3
81 4 0 1 2 3
82 4 0 1 2 3
83 4 0 1 2 3
84 4 0 1 2 3
85 4 0 1 2 3
86 4 0 1 2 3
87 4 0 1 2 3
88 4 0 1 2 3
89 4 0 1 2 3
90 4 0 1 2 3
91 4 0 1 2 3
92 4 0 1 2 3
93 4 0 1 2 3
94 4 0 1 2 3
95 4 0 1 2 3
96 4 0 1 2 3
97 4 0 1 2 3
98 4 0 1 2 3
99 4 0 1 2 3
100 4 0 1 2 3
101 4 0 1 2 3
102 4 0 1 2 3
103 4 0 1 2 3
104 4 0 1 2 3
105 4 0 1 2 3
106 4 0 1 2 3
107 4 0 1 2 3
108 4 0 1 2 3
109 4 0 1 2 3
110 4 0 1 2 3
111 4 0 1 2 3
112 4 0 1 2 3
113 4 0 1 2 3
114 4 0 1 2 3
115 4 0 1 2 3
116 4 0 1 2 3
117 4 0 1 2 3
118 4 0 1 2 3
119 4 0 1 2 3
120 4 0 1 2 3
121 4 0 1 2 3
122 4 0 1 2 3
123 4 0 1 2 3
124 4 0 1 2 3
125 4 0 1 2 3
126 4 0 1 2 3
127 4 0 1 2 3
128 4 0 1 2 3
129 4 0 1 2 3
130 4 0 1 2 3
131 4 0 1 2 3
132 4 0 1 2 3
133 4 0 1 2 3
134 4 0 1 2 3
135 4 0 1 2 3
136 4 0 1 2 3
137 4 0 1 2 3
138 4 0 1 2 3
139 4 0 1 2 3
140 4 0 1 2 3
141 4 0 1 2 3
142 4 0 1 2 3
143 4 0 1 2 3
144 4 0 1 2 3
145 4 0 1 2 3
146 4 0 1 2 3
147 4 0 1 2 3
148 4 0 1 2 3
149 4 0 1 2 3
150 4 0 1 2 3
151 4 0 1 2 3
152 4 0 1 2 3
153 4 0 1 2 3
154 4 0 1 2 3
155 4 0 1 2 3
156 4 0 1 2 3
157 4 0 1 2 3
158 4 0 1 2 3
159 4 0 1 2 3
160 4 0 1 2 3
161 4 0 1 2 3
162 4 0 1 2 3
163 4 0 1 2 3
164 4 0 1 2 3
165 4 0 1 2 3
166 4 0 1 2 3
167 4 0 1 2 3
168 4 0 1 2 3
169 4 0 1 2 3
170 4 0 1 2 3
171 4 0 1 2 3
172 4 0 1 2 3
173 4 0 1 2 3
174 4 0 1 2 3
175 4 0 1 2 3
176 4 0 1 2 3
177 4 0 1 2 3
178 4 0 1 2 3
179 4 0 1 2 3
180 4 0 1 2 3
181 4 0 1 2 3
182 4 0 1 2 3
183 4 0 1 2 3
184 4 0 1 2 3
185 4 0 1 2 3
186 4 0 1 2 3
187 4 0 1 2 3
188 4 0 1 2 3
189 4 0 1 2 3
190 4 0 1 2 3
191 4 0 1 2 3
192 4 0 1 2 3
193 4 0 1 2 3
194 4 0 1 2 3
195 4 0 1 2 3
196 4 0 1 2 3
197 4 0 1 2 3
198 4 0 1 2 3
199 4 0 1 2 3
200 4 0 1 2 3
201 4 0 1 2 3
202 4 0 1 2 3
203 4 0 1 2 3
204 4 0 1 2 3
205 4 0 1 2 3
206 4 0 1 2 3
207 4 0 1 2 3
208 4 0 1 2 3
209 4 0 1 2 3
210 4 0 1 2 3
211 4 0 1 2 3
212 4 0 1 2 3
213 4 0 1 2 3
214 4 0 1 2 3
215 4 0 1 2 3
216 4 0 1 2 3
217 4 0 1 2 3
218 4 0 1 2 3
219 4 0 1 2 3
220 4 0 1 2 3
221 4 0 1 2 3
222 4 0 1 2 3
223 4 0 1 2 3
224 4 0 1 2 3
225 4 0 1 2 3
226 4 0 1 2 3
227 4 0 1 2 3
228 4 0 1 2 3
229 4 0 1 2 3
230 4 0 1 2 3
231 4 0 1 2 3
232 4 0 1 2 3
233 4 0 1 2 3
234 4 0 1 2 3
235 4 0 1 2 3
236 4 0 1 2 3
237 4 0 1 2 3
238 4 0 1 2 3
239 4 0 1 2 3
240 4 0 1 2 3
241 4 0 1 2 3
242 4 0 1 2 3
243 4 0 1 2 3
244 4 0 1 2 3
245 4 0 1 2 3
246 4 0 1 2 3
247 4 0 1 2 3
248 4 0 1 2 3
249 4 0 1 2 3
250 4 0 1 2 3
251 4 0 1 2 3
252 4 0 1 2 3
253 4 0 1 2 3
254 4 0 1 2 3
255 4 0 1 2 3
256 4 0 1 2 3
257 4 0 1 2 3
258 4 0 1 2 3
259 4 0 1 2 3
260 4 0 1 2 3
261 4 0 1 2 3
262 4 0 1 2 3
263 4 0 1 2 3
264 4 0 1 2 3
265 4 0 1 2 3
266 4 0 1 2 3
267 4 0 1 2 3
268 4 0 1 2 3
269 4 0 1 2 3
270 4 0 1 2 3
271 4 0 1 2 3
272 4 0 1 2 3
273 4 0 1 2 3
274 4 0 1 2 3
275 4 0 1 2 3
276 4 0 1 2 3
277 4 0 1 2 3
278 4 0 1 2 3
279 4 0 1 2 3
280 4 0 1 2 3
281 4 0 1 2 3
282 4 0 1 2 3
283 4 0 1 2 3
284 4 0 1 2 3
285 4 0 1 2 3
286 4 0 1 2 3
287 4 0 1 2 3
288 4 0 1 2 3
289 4 0 1 2 3
290 4 0 1 2 3
291 4 0 1 2 3
292 4 0 1 2 3
293 4 0 1 2 3
294 4 0 1 2 3
295 4 0 1 2 3
296 4 0 1 2 3
297 4 0 1 2 3
298 4 0 1 2 3
299 4 0 1 2 3
300 4 0 1 2 3
301 4 0 1 2 3
302 4 0 1 2 3
303 4 0 1 2 3
304 4 0 1 2 3
305 4 0 1 2 3
306 4 0 1 2 3
307 4 0 1 2 3
308 4 0 1 2 3
309 4 0 1 2 3
310 4 0 1 2 3
311 4 0 1 2 3
312 4 0 1 2 3
313 4 0 1 2 3
314 4 0 1 2 3
315 4 0 1 2 3
316 4 0 1 2 3
317 4 0 1 2 3
318 4 0 1 2 3
319 4 0 1 2 3
320 4 0 1 2 3
321 4 0 1 2 3
322 4 0 1 2 3
323 4 0 1 2 3
324 4 0 1 2 3
325 4 0 1 2 3
326 4 0 1 2 3
327 4 0 1 2 3
328 4 0 1 2 3
329 4 0 1 2 3
330 4 0 1 2 3
331 4 0 1 2 3
332 4 0 1 2 3
333 4 0 1 2 3
334 4 0 1 2 3
335 4 0 1 2 3
336 4 0 1 2 3
337 4 0 1 2 3
338 4 0 1 2 3
339 4 0 1 2 3
340 4 0 1 2 3
341 4 0 1 2 3
342 4 0 1 2 3
343 4 0 1 2 3
344 4 0 1 2 3
345 4 0 1 2 3
346 4 0 1 2 3
347 4 0 1 2 3
348 4 0 1 2 3
349 4 0 1 2 3
350 4 0 1 2 3
351 4 0 1 2 3
352 4 0 1 2 3
353 4 0 1 2 3
354 4 0 1 2 3
355 4 0 1 2 3
356 4 0 1 2 3
357 4 0 1 2 3
358 4 0 1 2 3
359 4 0 1 2 3
360 4 0 1 2 3
361 4 0 1 2 3
362 4 0 1 2 3
363 4 0 1 2 3
364 4 0 1 2 3
365 4 0 1 2 3
366 4 0 1 2 3
367 4 0 1 2 3
368 4 0 1 2 3
369 4 0 1 2 3
370 4 0 1 2 3
371 4 0 1 2 3
372 4 0 1 2 3
373 4 0 1 2 3
374 4 0 1 2 3
375 4 0 1 2 3
376 4 0 1 2 3
377 4 0 1 2 3
378 4 0 1 2 3
379 4 0 1 2 3
1071
1 129 4   0 0   1 1   2 2   3 3
1 373 4   0 0   1 1   2 2   3 3
1 55 4   0 0   1 1   2 2   3 3
1 360 4   0 0   1 1   2 2   3 3
1 330 4   0 0   1 1   2 2   3 3
1 47 4   0 0   1 1   2 2   3 3
2 320 4   0 0   1 1   2 2   3 3
2 304 4   0 0   1 1   2 2   3 3
2 163 4   0 0   1 1   2 2   3 3
2 308 4   0 0   1 1   2 2   3 3
2 174 4   0 0   1 1   2 2   3 3
2 303 4   0 0   1 1   2 2   3 3
2 207 4   0 0   1 1   2 2   3 3
3 290 4   0 0   1 1   2 2   3 3
3 373 4   0 0   1 1   2 2   3 3
3 248 4   0 0   1 1   2 2   3 3
3 360 4   0 0   1 1   2 2   3 3
3 315 4   0 0   1 1   2 2   3 3
3 316 4   0 0   1 1   2 2   3 3
4 342 4   0 0   1 1   2 2   3 3
4 214 4   0 0   1 1   2 2   3 3
4 367 4   0 0   1 1   2 2   3 3
4 127 4   0 0   1 1   2 2   3 3
5 208 4   0 0   1 1   2 2   3 3
5 256 4   0 0   1 1   2 2   3 3
5 356 4   0 0   1 1   2 2   3 3
6 288 4   0 0   1 1   2 2   3 3
6 298 4   0 0   1 1   2 2   3 3
6 94 4   0 0   1 1   2 2   3 3
6 79 4   0 0   1 1   2 2   3 3
7 144 4   0 0   1 1   2 2   3 3
7 272 4   0 0   1 1   2 2   3 3
7 355 4   0 0   1 1   2 2   3 3
7 324 4   0 0   1 1   2 2   3 3
7 30 4   0 0   1 1   2 2   3 3
8 48 4   0 0   1 1   2 2   3 3
8 289 4   0 0   1 1   2 2   3 3
8 35 4   0 0   1 1   2 2   3 3
8 102 4   0 0   1 1   2 2   3 3
9 96 4   0 0   1 1   2 2   3 3
9 17 4   0 0   1 1   2 2   3 3
9 198 4   0 0   1 1   2 2   3 3
9 231 4   0 0   1 1   2 2   3 3
9 201 4   0 0   1 1   2 2   3 3
9 267 4   0 0   1 1   2 2   3 3
9 203 4   0 0   1 1   2 2   3 3
9 142 4   0 0   1 1   2 2   3 3
10 64 4   0 0   1 1   2 2   3 3
10 353 4   0 0   1 1   2 2   3 3
10 200 4   0 0   1 1   2 2   3 3
10 315 4   0 0   1 1   2 2   3 3
10 333 4   0 0   1 1   2 2   3 3
10 255 4   0 0   1 1   2 2   3 3
11 209 4   0 0   1 1   2 2   3 3
11 370 4   0 0   1 1   2 2   3 3
11 114 4   0 0   1 1   2 2   3 3
11 290 4   0 0   1 1   2 2   3 3
11 36 4   0 0   1 1   2 2   3 3
11 199 4   0 0   1 1   2 2   3 3
11 103 4   0 0   1 1   2 2   3 3
11 106 4   0 0   1 1   2 2   3 3
12 55 4   0 0   1 1   2 2   3 3
12 360 4   0 0   1 1   2 2   3 3
12 153 4   0 0   1 1   2 2   3 3
12 379 4   0 0   1 1   2 2   3 3
12 333 4   0 0   1 1   2 2   3 3
13 305 4   0 0   1 1   2 2   3 3
13 36 4   0 0   1 1   2 2   3 3
13 71 4   0 0   1 1   2 2   3 3
13 137 4   0 0   1 1   2 2   3 3
13 106 4   0 0   1 1   2 2   3 3
14 265 4   0 0   1 1   2 2   3 3
14 154 4   0 0   1 1   2 2   3 3
14 155 4   0 0   1 1   2 2   3 3
14 156 4   0 0   1 1   2 2   3 3
14 300 4   0 0   1 1   2 2   3 3
14 237 4   0 0   1 1   2 2   3 3
14 173 4   0 0   1 1   2 2   3 3
15 112 4   0 0   1 1   2 2   3 3
15 305 4   0 0   1 1   2 2   3 3
15 146 4   0 0   1 1   2 2   3 3
15 261 4   0 0   1 1   2 2   3 3
15 103 4   0 0   1 1   2 2   3 3
15 25 4   0 0   1 1   2 2   3 3
16 192 4   0 0   1 1   2 2   3 3
16 349 4   0 0   1 1   2 2   3 3
16 287 4   0 0   1 1   2 2   3 3
17 231 4   0 0   1 1   2 2   3 3
17 203 4   0 0   1 1   2 2   3 3
18 49 4   0 0   1 1   2 2   3 3
18 67 4   0 0   1 1   2 2   3 3
18 358 4   0 0   1 1   2 2   3 3
18 200 4   0 0   1 1   2 2   3 3
19 53 4   0 0   1 1   2 2   3 3
19 166 4   0 0   1 1   2 2   3 3
19 70 4   0 0   1 1   2 2   3 3
19 311 4   0 0   1 1   2 2   3 3
19 60 4   0 0   1 1   2 2   3 3
20 295 4   0 0   1 1   2 2   3 3
20 296 4   0 0   1 1   2 2   3 3
20 345 4   0 0   1 1   2 2   3 3
20 269 4   0 0   1 1   2 2   3 3
20 206 4   0 0   1 1   2 2   3 3
20 334 4   0 0   1 1   2 2   3 3
21 193 4   0 0   1 1   2 2   3 3
21 98 4   0 0   1 1   2 2   3 3
21 116 4   0 0   1 1   2 2   3 3
21 197 4   0 0   1 1   2 2   3 3
21 134 4   0 0   1 1   2 2   3 3
21 155 4   0 0   1 1   2 2   3 3
21 237 4   0 0   1 1   2 2   3 3
22 112 4   0 0   1 1   2 2   3 3
22 257 4   0 0   1 1   2 2   3 3
22 305 4   0 0   1 1   2 2   3 3
22 85 4   0 0   1 1   2 2   3 3
22 230 4   0 0   1 1   2 2   3 3
22 25 4   0 0   1 1   2 2   3 3
22 186 4   0 0   1 1   2 2   3 3
22 107 4   0 0   1 1   2 2   3 3
23 160 4   0 0   1 1   2 2   3 3
23 215 4   0 0   1 1   2 2   3 3
23 104 4   0 0   1 1   2 2   3 3
23 233 4   0 0   1 1   2 2   3 3
23 122 4   0 0   1 1   2 2   3 3
24 288 4   0 0   1 1   2 2   3 3
24 82 4   0 0   1 1   2 2   3 3
24 194 4   0 0   1 1   2 2   3 3
24 354 4   0 0   1 1   2 2   3 3
24 259 4   0 0   1 1   2 2   3 3
24 314 4   0 0   1 1   2 2   3 3
24 298 4   0 0   1 1   2 2   3 3
24 172 4   0 0   1 1   2 2   3 3
25 112 4   0 0   1 1   2 2   3 3
25 85 4   0 0   1 1   2 2   3 3
25 261 4   0 0   1 1   2 2   3 3
25 69 4   0 0   1 1   2 2   3 3
25 39 4   0 0   1 1   2 2   3 3
25 26 4   0 0   1 1   2 2   3 3
26 321 4   0 0   1 1   2 2   3 3
26 369 4   0 0   1 1   2 2   3 3
26 69 4   0 0   1 1   2 2   3 3
26 39 4   0 0   1 1   2 2   3 3
26 41 4   0 0   1 1   2 2   3 3
26 317 4   0 0   1 1   2 2   3 3
27 144 4   0 0   1 1   2 2   3 3
27 158 4   0 0   1 1   2 2   3 3
27 110 4   0 0   1 1   2 2   3 3
28 211 4   0 0   1 1   2 2   3 3
28 228 4   0 0   1 1   2 2   3 3
28 212 4   0 0   1 1   2 2   3 3
28 213 4   0 0   1 1   2 2   3 3
28 107 4   0 0   1 1   2 2   3 3
28 78 4   0 0   1 1   2 2   3 3
29 322 4   0 0   1 1   2 2   3 3
29 325 4   0 0   1 1   2 2   3 3
29 281 4   0 0   1 1   2 2   3 3
29 252 4   0 0   1 1   2 2   3 3
30 355 4   0 0   1 1   2 2   3 3
30 324 4   0 0   1 1   2 2   3 3
30 150 4   0 0   1 1   2 2   3 3
30 54 4   0 0   1 1   2 2   3 3
30 266 4   0 0   1 1   2 2   3 3
31 177 4   0 0   1 1   2 2   3 3
31 260 4   0 0   1 1   2 2   3 3
31 342 4   0 0   1 1   2 2   3 3
31 40 4   0 0   1 1   2 2   3 3
31 157 4   0 0   1 1   2 2   3 3
32 224 4   0 0   1 1   2 2   3 3
32 213 4   0 0   1 1   2 2   3 3
32 186 4   0 0   1 1   2 2   3 3
32 78 4   0 0   1 1   2 2   3 3
33 240 4   0 0   1 1   2 2   3 3
33 162 4   0 0   1 1   2 2   3 3
33 98 4   0 0   1 1   2 2   3 3
33 150 4   0 0   1 1   2 2   3 3
33 54 4   0 0   1 1   2 2   3 3
34 322 4   0 0   1 1   2 2   3 3
34 279 4   0 0   1 1   2 2   3 3
34 188 4   0 0   1 1   2 2   3 3
35 48 4   0 0   1 1   2 2   3 3
35 292 4   0 0   1 1   2 2   3 3
35 102 4   0 0   1 1   2 2   3 3
35 87 4   0 0   1 1   2 2   3 3
35 236 4   0 0   1 1   2 2   3 3
35 366 4   0 0   1 1   2 2   3 3
36 305 4   0 0   1 1   2 2   3 3
36 103 4   0 0   1 1   2 2   3 3
36 106 4   0 0   1 1   2 2   3 3
37 119 4   0 0   1 1   2 2   3 3
37 217 4   0 0   1 1   2 2   3 3
37 365 4   0 0   1 1   2 2   3 3
37 62 4   0 0   1 1   2 2   3 3
37 63 4   0 0   1 1   2 2   3 3
38 288 4   0 0   1 1   2 2   3 3
38 354 4   0 0   1 1   2 2   3 3
38 264 4   0 0   1 1   2 2   3 3
38 216 4   0 0   1 1   2 2   3 3
38 251 4   0 0   1 1   2 2   3 3
39 80 4   0 0   1 1   2 2   3 3
39 52 4   0 0   1 1   2 2   3 3
39 85 4   0 0   1 1   2 2   3 3
39 279 4   0 0   1 1   2 2   3 3
39 41 4   0 0   1 1   2 2   3 3
39 188 4   0 0   1 1   2 2   3 3
40 195 4   0 0   1 1   2 2   3 3
40 342 4   0 0   1 1   2 2   3 3
40 377 4   0 0   1 1   2 2   3 3
40 157 4   0 0   1 1   2 2   3 3
41 321 4   0 0   1 1   2 2   3 3
41 52 4   0 0   1 1   2 2   3 3
41 44 4   0 0   1 1   2 2   3 3
42 86 4   0 0   1 1   2 2   3 3
42 182 4   0 0   1 1   2 2   3 3
42 183 4   0 0   1 1   2 2   3 3
42 361 4   0 0   1 1   2 2   3 3
42 124 4   0 0   1 1   2 2   3 3
43 243 4   0 0   1 1   2 2   3 3
43 340 4   0 0   1 1   2 2   3 3
43 58 4   0 0   1 1   2 2   3 3
43 204 4   0 0   1 1   2 2   3 3
43 62 4   0 0   1 1   2 2   3 3
44 321 4   0 0   1 1   2 2   3 3
44 338 4   0 0   1 1   2 2   3 3
44 52 4   0 0   1 1   2 2   3 3
44 132 4   0 0   1 1   2 2   3 3
44 317 4   0 0   1 1   2 2   3 3
45 291 4   0 0   1 1   2 2   3 3
45 326 4   0 0   1 1   2 2   3 3
45 134 4   0 0   1 1   2 2   3 3
45 135 4   0 0   1 1   2 2   3 3
45 235 4   0 0   1 1   2 2   3 3
45 219 4   0 0   1 1   2 2   3 3
45 237 4   0 0   1 1   2 2   3 3
46 133 4   0 0   1 1   2 2   3 3
46 136 4   0 0   1 1   2 2   3 3
46 249 4   0 0   1 1   2 2   3 3
46 364 4   0 0   1 1   2 2   3 3
46 141 4   0 0   1 1   2 2   3 3
46 47 4   0 0   1 1   2 2   3 3
46 95 4   0 0   1 1   2 2   3 3
47 51 4   0 0   1 1   2 2   3 3
47 99 4   0 0   1 1   2 2   3 3
47 373 4   0 0   1 1   2 2   3 3
47 133 4   0 0   1 1   2 2   3 3
47 136 4   0 0   1 1   2 2   3 3
47 346 4   0 0   1 1   2 2   3 3
47 330 4   0 0   1 1   2 2   3 3
47 191 4   0 0   1 1   2 2   3 3
48 161 4   0 0   1 1   2 2   3 3
48 289 4   0 0   1 1   2 2   3 3
48 178 4   0 0   1 1   2 2   3 3
48 163 4   0 0   1 1   2 2   3 3
48 87 4   0 0   1 1   2 2   3 3
48 361 4   0 0   1 1   2 2   3 3
48 74 4   0 0   1 1   2 2   3 3
48 124 4   0 0   1 1   2 2   3 3
49 227 4   0 0   1 1   2 2   3 3
49 67 4   0 0   1 1   2 2   3 3
49 118 4   0 0   1 1   2 2   3 3
49 358 4   0 0   1 1   2 2   3 3
50 96 4   0 0   1 1   2 2   3 3
50 89 4   0 0   1 1   2 2   3 3
50 234 4   0 0   1 1   2 2   3 3
50 61 4   0 0   1 1   2 2   3 3
50 111 4   0 0   1 1   2 2   3 3
51 146 4   0 0   1 1   2 2   3 3
51 99 4   0 0   1 1   2 2   3 3
51 346 4   0 0   1 1   2 2   3 3
51 191 4   0 0   1 1   2 2   3 3
52 322 4   0 0   1 1   2 2   3 3
52 338 4   0 0   1 1   2 2   3 3
52 277 4   0 0   1 1   2 2   3 3
52 279 4   0 0   1 1   2 2   3 3
53 70 4   0 0   1 1   2 2   3 3
53 311 4   0 0   1 1   2 2   3 3
54 240 4   0 0   1 1   2 2   3 3
54 324 4   0 0   1 1   2 2   3 3
54 150 4   0 0   1 1   2 2   3 3
54 109 4   0 0   1 1   2 2   3 3
55 129 4   0 0   1 1   2 2   3 3
55 359 4   0 0   1 1   2 2   3 3
55 360 4   0 0   1 1   2 2   3 3
55 153 4   0 0   1 1   2 2   3 3
55 90 4   0 0   1 1   2 2   3 3
56 241 4   0 0   1 1   2 2   3 3
56 210 4   0 0   1 1   2 2   3 3
56 245 4   0 0   1 1   2 2   3 3
56 312 4   0 0   1 1   2 2   3 3
56 297 4   0 0   1 1   2 2   3 3
56 252 4   0 0   1 1   2 2   3 3
57 225 4   0 0   1 1   2 2   3 3
57 196 4   0 0   1 1   2 2   3 3
57 284 4   0 0   1 1   2 2   3 3
57 156 4   0 0   1 1   2 2   3 3
57 300 4   0 0   1 1   2 2   3 3
57 286 4   0 0   1 1   2 2   3 3
58 340 4   0 0   1 1   2 2   3 3
58 151 4   0 0   1 1   2 2   3 3
58 204 4   0 0   1 1   2 2   3 3
58 349 4   0 0   1 1   2 2   3 3
59 274 4   0 0   1 1   2 2   3 3
59 308 4   0 0   1 1   2 2   3 3
59 132 4   0 0   1 1   2 2   3 3
59 74 4   0 0   1 1   2 2   3 3
59 317 4   0 0   1 1   2 2   3 3
59 174 4   0 0   1 1   2 2   3 3
60 166 4   0 0   1 1   2 2   3 3
60 70 4   0 0   1 1   2 2   3 3
60 249 4   0 0   1 1   2 2   3 3
60 299 4   0 0   1 1   2 2   3 3
60 348 4   0 0   1 1   2 2   3 3
60 95 4   0 0   1 1   2 2   3 3
61 96 4   0 0   1 1   2 2   3 3
61 147 4   0 0   1 1   2 2   3 3
61 89 4   0 0   1 1   2 2   3 3
61 313 4   0 0   1 1   2 2   3 3
61 267 4   0 0   1 1   2 2   3 3
61 268 4   0 0   1 1   2 2   3 3
62 242 4   0 0   1 1   2 2   3 3
62 243 4   0 0   1 1   2 2   3 3
62 119 4   0 0   1 1   2 2   3 3
62 217 4   0 0   1 1   2 2   3 3
62 204 4   0 0   1 1   2 2   3 3
63 242 4   0 0   1 1   2 2   3 3
63 263 4   0 0   1 1   2 2   3 3
63 119 4   0 0   1 1   2 2   3 3
63 121 4   0 0   1 1   2 2   3 3
63 171 4   0 0   1 1   2 2   3 3
63 365 4   0 0   1 1   2 2   3 3
64 130 4   0 0   1 1   2 2   3 3
64 293 4   0 0   1 1   2 2   3 3
64 309 4   0 0   1 1   2 2   3 3
64 200 4   0 0   1 1   2 2   3 3
64 218 4   0 0   1 1   2 2   3 3
64 315 4   0 0   1 1   2 2   3 3
65 193 4   0 0   1 1   2 2   3 3
65 226 4   0 0   1 1   2 2   3 3
65 197 4   0 0   1 1   2 2   3 3
65 89 4   0 0   1 1   2 2   3 3
65 268 4   0 0   1 1   2 2   3 3
65 140 4   0 0   1 1   2 2   3 3
65 111 4   0 0   1 1   2 2   3 3
66 181 4   0 0   1 1   2 2   3 3
66 245 4   0 0   1 1   2 2   3 3
66 264 4   0 0   1 1   2 2   3 3
66 312 4   0 0   1 1   2 2   3 3
67 176 4   0 0   1 1   2 2   3 3
67 227 4   0 0   1 1   2 2   3 3
67 293 4   0 0   1 1   2 2   3 3
67 200 4   0 0   1 1   2 2   3 3
68 128 4   0 0   1 1   2 2   3 3
68 100 4   0 0   1 1   2 2   3 3
68 231 4   0 0   1 1   2 2   3 3
68 302 4   0 0   1 1   2 2   3 3
69 261 4   0 0   1 1   2 2   3 3
69 317 4   0 0   1 1   2 2   3 3
69 191 4   0 0   1 1   2 2   3 3
70 359 4   0 0   1 1   2 2   3 3
70 90 4   0 0   1 1   2 2   3 3
70 348 4   0 0   1 1   2 2   3 3
71 370 4   0 0   1 1   2 2   3 3
71 276 4   0 0   1 1   2 2   3 3
71 230 4   0 0   1 1   2 2   3 3
71 137 4   0 0   1 1   2 2   3 3
71 106 4   0 0   1 1   2 2   3 3
71 187 4   0 0   1 1   2 2   3 3
71 253 4   0 0   1 1   2 2   3 3
71 350 4   0 0   1 1   2 2   3 3
72 224 4   0 0   1 1   2 2   3 3
72 257 4   0 0   1 1   2 2   3 3
72 117 4   0 0   1 1   2 2   3 3
72 232 4   0 0   1 1   2 2   3 3
73 274 4   0 0   1 1   2 2   3 3
73 86 4   0 0   1 1   2 2   3 3
73 361 4   0 0   1 1   2 2   3 3
73 238 4   0 0   1 1   2 2   3 3
74 161 4   0 0   1 1   2 2   3 3
74 274 4   0 0   1 1   2 2   3 3
74 361 4   0 0   1 1   2 2   3 3
74 174 4   0 0   1 1   2 2   3 3
75 292 4   0 0   1 1   2 2   3 3
75 366 4   0 0   1 1   2 2   3 3
75 223 4   0 0   1 1   2 2   3 3
76 304 4   0 0   1 1   2 2   3 3
76 256 4   0 0   1 1   2 2   3 3
76 320 4   0 0   1 1   2 2   3 3
76 356 4   0 0   1 1   2 2   3 3
76 87 4   0 0   1 1   2 2   3 3
76 223 4   0 0   1 1   2 2   3 3
77 114 4   0 0   1 1   2 2   3 3
77 370 4   0 0   1 1   2 2   3 3
77 309 4   0 0   1 1   2 2   3 3
77 294 4   0 0   1 1   2 2   3 3
77 362 4   0 0   1 1   2 2   3 3
77 334 4   0 0   1 1   2 2   3 3
78 213 4   0 0   1 1   2 2   3 3
78 186 4   0 0   1 1   2 2   3 3
78 107 4   0 0   1 1   2 2   3 3
79 288 4   0 0   1 1   2 2   3 3
79 195 4   0 0   1 1   2 2   3 3
79 328 4   0 0   1 1   2 2   3 3
79 157 4   0 0   1 1   2 2   3 3
79 94 4   0 0   1 1   2 2   3 3
80 257 4   0 0   1 1   2 2   3 3
80 210 4   0 0   1 1   2 2   3 3
80 117 4   0 0   1 1   2 2   3 3
80 85 4   0 0   1 1   2 2   3 3
80 188 4   0 0   1 1   2 2   3 3
81 340 4   0 0   1 1   2 2   3 3
81 120 4   0 0   1 1   2 2   3 3
82 337 4   0 0   1 1   2 2   3 3
82 259 4   0 0   1 1   2 2   3 3
82 88 4   0 0   1 1   2 2   3 3
82 172 4   0 0   1 1   2 2   3 3
82 285 4   0 0   1 1   2 2   3 3
83 372 4   0 0   1 1   2 2   3 3
83 325 4   0 0   1 1   2 2   3 3
83 277 4   0 0   1 1   2 2   3 3
83 167 4   0 0   1 1   2 2   3 3
83 281 4   0 0   1 1   2 2   3 3
83 301 4   0 0   1 1   2 2   3 3
84 294 4   0 0   1 1   2 2   3 3
84 345 4   0 0   1 1   2 2   3 3
84 123 4   0 0   1 1   2 2   3 3
84 108 4   0 0   1 1   2 2   3 3
84 269 4   0 0   1 1   2 2   3 3
84 334 4   0 0   1 1   2 2   3 3
85 257 4   0 0   1 1   2 2   3 3
86 182 4   0 0   1 1   2 2   3 3
86 361 4   0 0   1 1   2 2   3 3
86 141 4   0 0   1 1   2 2   3 3
86 238 4   0 0   1 1   2 2   3 3
86 95 4   0 0   1 1   2 2   3 3
87 320 4   0 0   1 1   2 2   3 3
87 292 4   0 0   1 1   2 2   3 3
87 223 4   0 0   1 1   2 2   3 3
88 337 4   0 0   1 1   2 2   3 3
88 259 4   0 0   1 1   2 2   3 3
88 120 4   0 0   1 1   2 2   3 3
88 217 4   0 0   1 1   2 2   3 3
89 268 4   0 0   1 1   2 2   3 3
89 111 4   0 0   1 1   2 2   3 3
90 359 4   0 0   1 1   2 2   3 3
90 153 4   0 0   1 1   2 2   3 3
91 196 4   0 0   1 1   2 2   3 3
91 246 4   0 0   1 1   2 2   3 3
91 300 4   0 0   1 1   2 2   3 3
92 273 4   0 0   1 1   2 2   3 3
92 323 4   0 0   1 1   2 2   3 3
92 121 4   0 0   1 1   2 2   3 3
92 171 4   0 0   1 1   2 2   3 3
92 363 4   0 0   1 1   2 2   3 3
93 240 4   0 0   1 1   2 2   3 3
93 225 4   0 0   1 1   2 2   3 3
93 284 4   0 0   1 1   2 2   3 3
93 109 4   0 0   1 1   2 2   3 3
93 286 4   0 0   1 1   2 2   3 3
93 159 4   0 0   1 1   2 2   3 3
94 177 4   0 0   1 1   2 2   3 3
94 298 4   0 0   1 1   2 2   3 3
94 157 4   0 0   1 1   2 2   3 3
95 182 4   0 0   1 1   2 2   3 3
95 166 4   0 0   1 1   2 2   3 3
95 249 4   0 0   1 1   2 2   3 3
95 141 4   0 0   1 1   2 2   3 3
96 313 4   0 0   1 1   2 2   3 3
96 234 4   0 0   1 1   2 2   3 3
96 267 4   0 0   1 1   2 2   3 3
96 142 4   0 0   1 1   2 2   3 3
97 262 4   0 0   1 1   2 2   3 3
97 169 4   0 0   1 1   2 2   3 3
97 175 4   0 0   1 1   2 2   3 3
97 351 4   0 0   1 1   2 2   3 3
98 240 4   0 0   1 1   2 2   3 3
98 162 4   0 0   1 1   2 2   3 3
98 116 4   0 0   1 1   2 2   3 3
98 197 4   0 0   1 1   2 2   3 3
98 239 4   0 0   1 1   2 2   3 3
99 146 4   0 0   1 1   2 2   3 3
99 373 4   0 0   1 1   2 2   3 3
99 346 4   0 0   1 1   2 2   3 3
100 306 4   0 0   1 1   2 2   3 3
100 115 4   0 0   1 1   2 2   3 3
100 198 4   0 0   1 1   2 2   3 3
100 231 4   0 0   1 1   2 2   3 3
100 189 4   0 0   1 1   2 2   3 3
100 302 4   0 0   1 1   2 2   3 3
101 352 4   0 0   1 1   2 2   3 3
101 179 4   0 0   1 1   2 2   3 3
101 180 4   0 0   1 1   2 2   3 3
101 244 4   0 0   1 1   2 2   3 3
101 169 4   0 0   1 1   2 2   3 3
101 221 4   0 0   1 1   2 2   3 3
102 289 4   0 0   1 1   2 2   3 3
102 236 4   0 0   1 1   2 2   3 3
103 305 4   0 0   1 1   2 2   3 3
103 209 4   0 0   1 1   2 2   3 3
103 146 4   0 0   1 1   2 2   3 3
104 160 4   0 0   1 1   2 2   3 3
104 113 4   0 0   1 1   2 2   3 3
104 228 4   0 0   1 1   2 2   3 3
104 233 4   0 0   1 1   2 2   3 3
105 241 4   0 0   1 1   2 2   3 3
105 278 4   0 0   1 1   2 2   3 3
105 232 4   0 0   1 1   2 2   3 3
105 122 4   0 0   1 1   2 2   3 3
105 271 4   0 0   1 1   2 2   3 3
106 370 4   0 0   1 1   2 2   3 3
107 211 4   0 0   1 1   2 2   3 3
107 230 4   0 0   1 1   2 2   3 3
107 186 4   0 0   1 1   2 2   3 3
107 187 4   0 0   1 1   2 2   3 3
108 168 4   0 0   1 1   2 2   3 3
108 345 4   0 0   1 1   2 2   3 3
108 123 4   0 0   1 1   2 2   3 3
109 240 4   0 0   1 1   2 2   3 3
109 324 4   0 0   1 1   2 2   3 3
109 159 4   0 0   1 1   2 2   3 3
110 336 4   0 0   1 1   2 2   3 3
110 144 4   0 0   1 1   2 2   3 3
110 283 4   0 0   1 1   2 2   3 3
110 158 4   0 0   1 1   2 2   3 3
111 326 4   0 0   1 1   2 2   3 3
111 234 4   0 0   1 1   2 2   3 3
111 140 4   0 0   1 1   2 2   3 3
112 305 4   0 0   1 1   2 2   3 3
113 164 4   0 0   1 1   2 2   3 3
113 212 4   0 0   1 1   2 2   3 3
113 228 4   0 0   1 1   2 2   3 3
113 233 4   0 0   1 1   2 2   3 3
113 154 4   0 0   1 1   2 2   3 3
113 139 4   0 0   1 1   2 2   3 3
114 370 4   0 0   1 1   2 2   3 3
114 290 4   0 0   1 1   2 2   3 3
114 130 4   0 0   1 1   2 2   3 3
114 309 4   0 0   1 1   2 2   3 3
114 248 4   0 0   1 1   2 2   3 3
115 306 4   0 0   1 1   2 2   3 3
115 149 4   0 0   1 1   2 2   3 3
115 198 4   0 0   1 1   2 2   3 3
115 319 4   0 0   1 1   2 2   3 3
116 240 4   0 0   1 1   2 2   3 3
116 275 4   0 0   1 1   2 2   3 3
116 155 4   0 0   1 1   2 2   3 3
117 241 4   0 0   1 1   2 2   3 3
117 210 4   0 0   1 1   2 2   3 3
117 232 4   0 0   1 1   2 2   3 3
118 227 4   0 0   1 1   2 2   3 3
119 242 4   0 0   1 1   2 2   3 3
120 243 4   0 0   1 1   2 2   3 3
120 259 4   0 0   1 1   2 2   3 3
120 340 4   0 0   1 1   2 2   3 3
120 151 4   0 0   1 1   2 2   3 3
120 217 4   0 0   1 1   2 2   3 3
120 298 4   0 0   1 1   2 2   3 3
121 337 4   0 0   1 1   2 2   3 3
121 357 4   0 0   1 1   2 2   3 3
121 171 4   0 0   1 1   2 2   3 3
121 363 4   0 0   1 1   2 2   3 3
121 365 4   0 0   1 1   2 2   3 3
121 285 4   0 0   1 1   2 2   3 3
121 143 4   0 0   1 1   2 2   3 3
122 160 4   0 0   1 1   2 2   3 3
122 224 4   0 0   1 1   2 2   3 3
122 213 4   0 0   1 1   2 2   3 3
122 215 4   0 0   1 1   2 2   3 3
122 280 4   0 0   1 1   2 2   3 3
122 232 4   0 0   1 1   2 2   3 3
122 190 4   0 0   1 1   2 2   3 3
122 271 4   0 0   1 1   2 2   3 3
123 307 4   0 0   1 1   2 2   3 3
123 276 4   0 0   1 1   2 2   3 3
123 294 4   0 0   1 1   2 2   3 3
123 168 4   0 0   1 1   2 2   3 3
123 253 4   0 0   1 1   2 2   3 3
123 350 4   0 0   1 1   2 2   3 3
124 178 4   0 0   1 1   2 2   3 3
124 182 4   0 0   1 1   2 2   3 3
124 183 4   0 0   1 1   2 2   3 3
124 361 4   0 0   1 1   2 2   3 3
124 205 4   0 0   1 1   2 2   3 3
125 306 4   0 0   1 1   2 2   3 3
125 323 4   0 0   1 1   2 2   3 3
125 148 4   0 0   1 1   2 2   3 3
125 180 4   0 0   1 1   2 2   3 3
125 282 4   0 0   1 1   2 2   3 3
125 189 4   0 0   1 1   2 2   3 3
125 319 4   0 0   1 1   2 2   3 3
126 128 4   0 0   1 1   2 2   3 3
126 263 4   0 0   1 1   2 2   3 3
126 247 4   0 0   1 1   2 2   3 3
126 302 4   0 0   1 1   2 2   3 3
126 254 4   0 0   1 1   2 2   3 3
127 371 4   0 0   1 1   2 2   3 3
127 308 4   0 0   1 1   2 2   3 3
127 342 4   0 0   1 1   2 2   3 3
127 214 4   0 0   1 1   2 2   3 3
127 303 4   0 0   1 1   2 2   3 3
128 231 4   0 0   1 1   2 2   3 3
128 302 4   0 0   1 1   2 2   3 3
129 133 4   0 0   1 1   2 2   3 3
129 359 4   0 0   1 1   2 2   3 3
129 330 4   0 0   1 1   2 2   3 3
129 348 4   0 0   1 1   2 2   3 3
130 309 4   0 0   1 1   2 2   3 3
130 248 4   0 0   1 1   2 2   3 3
130 315 4   0 0   1 1   2 2   3 3
131 196 4   0 0   1 1   2 2   3 3
131 295 4   0 0   1 1   2 2   3 3
131 184 4   0 0   1 1   2 2   3 3
131 296 4   0 0   1 1   2 2   3 3
131 286 4   0 0   1 1   2 2   3 3
132 338 4   0 0   1 1   2 2   3 3
132 372 4   0 0   1 1   2 2   3 3
132 308 4   0 0   1 1   2 2   3 3
132 317 4   0 0   1 1   2 2   3 3
133 249 4   0 0   1 1   2 2   3 3
133 330 4   0 0   1 1   2 2   3 3
133 348 4   0 0   1 1   2 2   3 3
134 193 4   0 0   1 1   2 2   3 3
134 140 4   0 0   1 1   2 2   3 3
134 237 4   0 0   1 1   2 2   3 3
135 291 4   0 0   1 1   2 2   3 3
135 179 4   0 0   1 1   2 2   3 3
135 326 4   0 0   1 1   2 2   3 3
135 374 4   0 0   1 1   2 2   3 3
135 202 4   0 0   1 1   2 2   3 3
135 235 4   0 0   1 1   2 2   3 3
135 318 4   0 0   1 1   2 2   3 3
136 364 4   0 0   1 1   2 2   3 3
136 191 4   0 0   1 1   2 2   3 3
137 305 4   0 0   1 1   2 2   3 3
137 230 4   0 0   1 1   2 2   3 3
138 180 4   0 0   1 1   2 2   3 3
138 229 4   0 0   1 1   2 2   3 3
138 198 4   0 0   1 1   2 2   3 3
138 201 4   0 0   1 1   2 2   3 3
138 202 4   0 0   1 1   2 2   3 3
138 331 4   0 0   1 1   2 2   3 3
139 164 4   0 0   1 1   2 2   3 3
139 233 4   0 0   1 1   2 2   3 3
139 347 4   0 0   1 1   2 2   3 3
139 318 4   0 0   1 1   2 2   3 3
140 193 4   0 0   1 1   2 2   3 3
140 326 4   0 0   1 1   2 2   3 3
141 274 4   0 0   1 1   2 2   3 3
141 364 4   0 0   1 1   2 2   3 3
141 317 4   0 0   1 1   2 2   3 3
141 238 4   0 0   1 1   2 2   3 3
141 191 4   0 0   1 1   2 2   3 3
142 229 4   0 0   1 1   2 2   3 3
142 201 4   0 0   1 1   2 2   3 3
142 234 4   0 0   1 1   2 2   3 3
143 357 4   0 0   1 1   2 2   3 3
143 165 4   0 0   1 1   2 2   3 3
143 185 4   0 0   1 1   2 2   3 3
143 172 4   0 0   1 1   2 2   3 3
143 285 4   0 0   1 1   2 2   3 3
144 336 4   0 0   1 1   2 2   3 3
144 355 4   0 0   1 1   2 2   3 3
144 266 4   0 0   1 1   2 2   3 3
145 181 4   0 0   1 1   2 2   3 3
145 344 4   0 0   1 1   2 2   3 3
145 264 4   0 0   1 1   2 2   3 3
145 270 4   0 0   1 1   2 2   3 3
146 209 4   0 0   1 1   2 2   3 3
146 261 4   0 0   1 1   2 2   3 3
146 373 4   0 0   1 1   2 2   3 3
146 191 4   0 0   1 1   2 2   3 3
147 226 4   0 0   1 1   2 2   3 3
147 170 4   0 0   1 1   2 2   3 3
147 268 4   0 0   1 1   2 2   3 3
147 335 4   0 0   1 1   2 2   3 3
148 282 4   0 0   1 1   2 2   3 3
148 331 4   0 0   1 1   2 2   3 3
148 319 4   0 0   1 1   2 2   3 3
149 198 4   0 0   1 1   2 2   3 3
149 331 4   0 0   1 1   2 2   3 3
149 319 4   0 0   1 1   2 2   3 3
150 162 4   0 0   1 1   2 2   3 3
150 266 4   0 0   1 1   2 2   3 3
151 177 4   0 0   1 1   2 2   3 3
151 340 4   0 0   1 1   2 2   3 3
151 298 4   0 0   1 1   2 2   3 3
152 211 4   0 0   1 1   2 2   3 3
152 212 4   0 0   1 1   2 2   3 3
152 276 4   0 0   1 1   2 2   3 3
152 168 4   0 0   1 1   2 2   3 3
152 187 4   0 0   1 1   2 2   3 3
152 173 4   0 0   1 1   2 2   3 3
153 379 4   0 0   1 1   2 2   3 3
153 222 4   0 0   1 1   2 2   3 3
154 164 4   0 0   1 1   2 2   3 3
154 212 4   0 0   1 1   2 2   3 3
154 265 4   0 0   1 1   2 2   3 3
154 219 4   0 0   1 1   2 2   3 3
154 237 4   0 0   1 1   2 2   3 3
154 173 4   0 0   1 1   2 2   3 3
155 275 4   0 0   1 1   2 2   3 3
155 156 4   0 0   1 1   2 2   3 3
155 237 4   0 0   1 1   2 2   3 3
156 275 4   0 0   1 1   2 2   3 3
156 284 4   0 0   1 1   2 2   3 3
156 300 4   0 0   1 1   2 2   3 3
157 177 4   0 0   1 1   2 2   3 3
157 195 4   0 0   1 1   2 2   3 3
158 283 4   0 0   1 1   2 2   3 3
159 272 4   0 0   1 1   2 2   3 3
159 324 4   0 0   1 1   2 2   3 3
159 250 4   0 0   1 1   2 2   3 3
159 332 4   0 0   1 1   2 2   3 3
159 286 4   0 0   1 1   2 2   3 3
160 228 4   0 0   1 1   2 2   3 3
160 213 4   0 0   1 1   2 2   3 3
161 163 4   0 0   1 1   2 2   3 3
161 174 4   0 0   1 1   2 2   3 3
162 341 4   0 0   1 1   2 2   3 3
162 310 4   0 0   1 1   2 2   3 3
162 266 4   0 0   1 1   2 2   3 3
162 239 4   0 0   1 1   2 2   3 3
163 320 4   0 0   1 1   2 2   3 3
163 174 4   0 0   1 1   2 2   3 3
164 219 4   0 0   1 1   2 2   3 3
164 347 4   0 0   1 1   2 2   3 3
165 194 4   0 0   1 1   2 2   3 3
165 354 4   0 0   1 1   2 2   3 3
165 344 4   0 0   1 1   2 2   3 3
165 185 4   0 0   1 1   2 2   3 3
165 172 4   0 0   1 1   2 2   3 3
166 182 4   0 0   1 1   2 2   3 3
166 311 4   0 0   1 1   2 2   3 3
167 371 4   0 0   1 1   2 2   3 3
167 372 4   0 0   1 1   2 2   3 3
167 377 4   0 0   1 1   2 2   3 3
167 301 4   0 0   1 1   2 2   3 3
168 276 4   0 0   1 1   2 2   3 3
168 345 4   0 0   1 1   2 2   3 3
168 300 4   0 0   1 1   2 2   3 3
168 220 4   0 0   1 1   2 2   3 3
168 173 4   0 0   1 1   2 2   3 3
169 244 4   0 0   1 1   2 2   3 3
169 262 4   0 0   1 1   2 2   3 3
169 221 4   0 0   1 1   2 2   3 3
169 190 4   0 0   1 1   2 2   3 3
169 351 4   0 0   1 1   2 2   3 3
169 271 4   0 0   1 1   2 2   3 3
170 341 4   0 0   1 1   2 2   3 3
170 310 4   0 0   1 1   2 2   3 3
170 283 4   0 0   1 1   2 2   3 3
170 335 4   0 0   1 1   2 2   3 3
171 273 4   0 0   1 1   2 2   3 3
171 263 4   0 0   1 1   2 2   3 3
171 329 4   0 0   1 1   2 2   3 3
172 194 4   0 0   1 1   2 2   3 3
172 285 4   0 0   1 1   2 2   3 3
173 212 4   0 0   1 1   2 2   3 3
173 265 4   0 0   1 1   2 2   3 3
173 300 4   0 0   1 1   2 2   3 3
174 308 4   0 0   1 1   2 2   3 3
175 262 4   0 0   1 1   2 2   3 3
175 221 4   0 0   1 1   2 2   3 3
175 270 4   0 0   1 1   2 2   3 3
175 351 4   0 0   1 1   2 2   3 3
176 368 4   0 0   1 1   2 2   3 3
176 227 4   0 0   1 1   2 2   3 3
176 293 4   0 0   1 1   2 2   3 3
177 298 4   0 0   1 1   2 2   3 3
178 289 4   0 0   1 1   2 2   3 3
178 205 4   0 0   1 1   2 2   3 3
179 352 4   0 0   1 1   2 2   3 3
179 180 4   0 0   1 1   2 2   3 3
179 202 4   0 0   1 1   2 2   3 3
179 318 4   0 0   1 1   2 2   3 3
180 323 4   0 0   1 1   2 2   3 3
180 202 4   0 0   1 1   2 2   3 3
180 282 4   0 0   1 1   2 2   3 3
180 331 4   0 0   1 1   2 2   3 3
180 221 4   0 0   1 1   2 2   3 3
181 264 4   0 0   1 1   2 2   3 3
181 312 4   0 0   1 1   2 2   3 3
181 270 4   0 0   1 1   2 2   3 3
181 351 4   0 0   1 1   2 2   3 3
182 183 4   0 0   1 1   2 2   3 3
182 311 4   0 0   1 1   2 2   3 3
182 205 4   0 0   1 1   2 2   3 3
184 196 4   0 0   1 1   2 2   3 3
184 246 4   0 0   1 1   2 2   3 3
184 296 4   0 0   1 1   2 2   3 3
184 220 4   0 0   1 1   2 2   3 3
184 300 4   0 0   1 1   2 2   3 3
185 357 4   0 0   1 1   2 2   3 3
185 344 4   0 0   1 1   2 2   3 3
185 270 4   0 0   1 1   2 2   3 3
186 224 4   0 0   1 1   2 2   3 3
186 257 4   0 0   1 1   2 2   3 3
187 211 4   0 0   1 1   2 2   3 3
187 276 4   0 0   1 1   2 2   3 3
187 230 4   0 0   1 1   2 2   3 3
188 210 4   0 0   1 1   2 2   3 3
188 279 4   0 0   1 1   2 2   3 3
188 252 4   0 0   1 1   2 2   3 3
189 273 4   0 0   1 1   2 2   3 3
189 306 4   0 0   1 1   2 2   3 3
189 323 4   0 0   1 1   2 2   3 3
189 302 4   0 0   1 1   2 2   3 3
190 244 4   0 0   1 1   2 2   3 3
190 215 4   0 0   1 1   2 2   3 3
190 280 4   0 0   1 1   2 2   3 3
190 271 4   0 0   1 1   2 2   3 3
191 261 4   0 0   1 1   2 2   3 3
191 364 4   0 0   1 1   2 2   3 3
191 317 4   0 0   1 1   2 2   3 3
192 242 4   0 0   1 1   2 2   3 3
192 287 4   0 0   1 1   2 2   3 3
193 197 4   0 0   1 1   2 2   3 3
194 354 4   0 0   1 1   2 2   3 3
195 328 4   0 0   1 1   2 2   3 3
195 377 4   0 0   1 1   2 2   3 3
196 246 4   0 0   1 1   2 2   3 3
196 300 4   0 0   1 1   2 2   3 3
196 286 4   0 0   1 1   2 2   3 3
197 226 4   0 0   1 1   2 2   3 3
197 239 4   0 0   1 1   2 2   3 3
197 335 4   0 0   1 1   2 2   3 3
198 231 4   0 0   1 1   2 2   3 3
198 201 4   0 0   1 1   2 2   3 3
198 331 4   0 0   1 1   2 2   3 3
199 370 4   0 0   1 1   2 2   3 3
200 353 4   0 0   1 1   2 2   3 3
200 293 4   0 0   1 1   2 2   3 3
200 358 4   0 0   1 1   2 2   3 3
201 229 4   0 0   1 1   2 2   3 3
202 229 4   0 0   1 1   2 2   3 3
202 374 4   0 0   1 1   2 2   3 3
203 267 4   0 0   1 1   2 2   3 3
204 242 4   0 0   1 1   2 2   3 3
204 287 4   0 0   1 1   2 2   3 3
205 289 4   0 0   1 1   2 2   3 3
205 258 4   0 0   1 1   2 2   3 3
205 311 4   0 0   1 1   2 2   3 3
205 236 4   0 0   1 1   2 2   3 3
206 296 4   0 0   1 1   2 2   3 3
206 345 4   0 0   1 1   2 2   3 3
206 220 4   0 0   1 1   2 2   3 3
207 208 4   0 0   1 1   2 2   3 3
207 304 4   0 0   1 1   2 2   3 3
207 214 4   0 0   1 1   2 2   3 3
207 343 4   0 0   1 1   2 2   3 3
207 367 4   0 0   1 1   2 2   3 3
207 303 4   0 0   1 1   2 2   3 3
208 304 4   0 0   1 1   2 2   3 3
208 256 4   0 0   1 1   2 2   3 3
208 343 4   0 0   1 1   2 2   3 3
209 290 4   0 0   1 1   2 2   3 3
209 373 4   0 0   1 1   2 2   3 3
210 241 4   0 0   1 1   2 2   3 3
210 252 4   0 0   1 1   2 2   3 3
211 212 4   0 0   1 1   2 2   3 3
212 228 4   0 0   1 1   2 2   3 3
213 224 4   0 0   1 1   2 2   3 3
213 228 4   0 0   1 1   2 2   3 3
214 367 4   0 0   1 1   2 2   3 3
214 303 4   0 0   1 1   2 2   3 3
215 352 4   0 0   1 1   2 2   3 3
215 244 4   0 0   1 1   2 2   3 3
215 233 4   0 0   1 1   2 2   3 3
215 318 4   0 0   1 1   2 2   3 3
216 288 4   0 0   1 1   2 2   3 3
216 339 4   0 0   1 1   2 2   3 3
216 378 4   0 0   1 1   2 2   3 3
216 251 4   0 0   1 1   2 2   3 3
217 337 4   0 0   1 1   2 2   3 3
217 243 4   0 0   1 1   2 2   3 3
217 365 4   0 0   1 1   2 2   3 3
218 368 4   0 0   1 1   2 2   3 3
218 309 4   0 0   1 1   2 2   3 3
218 293 4   0 0   1 1   2 2   3 3
218 362 4   0 0   1 1   2 2   3 3
219 235 4   0 0   1 1   2 2   3 3
219 347 4   0 0   1 1   2 2   3 3
219 237 4   0 0   1 1   2 2   3 3
220 296 4   0 0   1 1   2 2   3 3
220 345 4   0 0   1 1   2 2   3 3
220 300 4   0 0   1 1   2 2   3 3
221 323 4   0 0   1 1   2 2   3 3
221 262 4   0 0   1 1   2 2   3 3
221 270 4   0 0   1 1   2 2   3 3
222 353 4   0 0   1 1   2 2   3 3
222 358 4   0 0   1 1   2 2   3 3
222 379 4   0 0   1 1   2 2   3 3
222 255 4   0 0   1 1   2 2   3 3
223 356 4   0 0   1 1   2 2   3 3
223 292 4   0 0   1 1   2 2   3 3
223 366 4   0 0   1 1   2 2   3 3
224 257 4   0 0   1 1   2 2   3 3
224 232 4   0 0   1 1   2 2   3 3
225 284 4   0 0   1 1   2 2   3 3
225 286 4   0 0   1 1   2 2   3 3
226 268 4   0 0   1 1   2 2   3 3
226 335 4   0 0   1 1   2 2   3 3
227 368 4   0 0   1 1   2 2   3 3
229 326 4   0 0   1 1   2 2   3 3
229 374 4   0 0   1 1   2 2   3 3
229 234 4   0 0   1 1   2 2   3 3
230 305 4   0 0   1 1   2 2   3 3
232 241 4   0 0   1 1   2 2   3 3
233 318 4   0 0   1 1   2 2   3 3
234 326 4   0 0   1 1   2 2   3 3
235 291 4   0 0   1 1   2 2   3 3
235 347 4   0 0   1 1   2 2   3 3
235 318 4   0 0   1 1   2 2   3 3
236 289 4   0 0   1 1   2 2   3 3
236 258 4   0 0   1 1   2 2   3 3
236 366 4   0 0   1 1   2 2   3 3
238 274 4   0 0   1 1   2 2   3 3
239 310 4   0 0   1 1   2 2   3 3
239 335 4   0 0   1 1   2 2   3 3
240 275 4   0 0   1 1   2 2   3 3
240 284 4   0 0   1 1   2 2   3 3
241 278 4   0 0   1 1   2 2   3 3
241 312 4   0 0   1 1   2 2   3 3
242 263 4   0 0   1 1   2 2   3 3
242 287 4   0 0   1 1   2 2   3 3
243 340 4   0 0   1 1   2 2   3 3
244 352 4   0 0   1 1   2 2   3 3
245 264 4   0 0   1 1   2 2   3 3
245 312 4   0 0   1 1   2 2   3 3
245 297 4   0 0   1 1   2 2   3 3
245 378 4   0 0   1 1   2 2   3 3
245 251 4   0 0   1 1   2 2   3 3
246 300 4   0 0   1 1   2 2   3 3
247 263 4   0 0   1 1   2 2   3 3
247 329 4   0 0   1 1   2 2   3 3
247 254 4   0 0   1 1   2 2   3 3
248 290 4   0 0   1 1   2 2   3 3
248 315 4   0 0   1 1   2 2   3 3
249 299 4   0 0   1 1   2 2   3 3
249 348 4   0 0   1 1   2 2   3 3
250 272 4   0 0   1 1   2 2   3 3
250 375 4   0 0   1 1   2 2   3 3
250 332 4   0 0   1 1   2 2   3 3
251 264 4   0 0   1 1   2 2   3 3
251 378 4   0 0   1 1   2 2   3 3
252 322 4   0 0   1 1   2 2   3 3
252 325 4   0 0   1 1   2 2   3 3
252 297 4   0 0   1 1   2 2   3 3
253 276 4   0 0   1 1   2 2   3 3
253 350 4   0 0   1 1   2 2   3 3
254 273 4   0 0   1 1   2 2   3 3
254 329 4   0 0   1 1   2 2   3 3
254 302 4   0 0   1 1   2 2   3 3
255 353 4   0 0   1 1   2 2   3 3
255 379 4   0 0   1 1   2 2   3 3
255 333 4   0 0   1 1   2 2   3 3
256 304 4   0 0   1 1   2 2   3 3
256 356 4   0 0   1 1   2 2   3 3
258 366 4   0 0   1 1   2 2   3 3
259 314 4   0 0   1 1   2 2   3 3
259 298 4   0 0   1 1   2 2   3 3
260 342 4   0 0   1 1   2 2   3 3
260 343 4   0 0   1 1   2 2   3 3
260 367 4   0 0   1 1   2 2   3 3
263 329 4   0 0   1 1   2 2   3 3
264 354 4   0 0   1 1   2 2   3 3
264 344 4   0 0   1 1   2 2   3 3
266 336 4   0 0   1 1   2 2   3 3
266 355 4   0 0   1 1   2 2   3 3
266 341 4   0 0   1 1   2 2   3 3
266 283 4   0 0   1 1   2 2   3 3
267 313 4   0 0   1 1   2 2   3 3
269 345 4   0 0   1 1   2 2   3 3
269 334 4   0 0   1 1   2 2   3 3
270 357 4   0 0   1 1   2 2   3 3
270 344 4   0 0   1 1   2 2   3 3
270 363 4   0 0   1 1   2 2   3 3
270 351 4   0 0   1 1   2 2   3 3
271 278 4   0 0   1 1   2 2   3 3
271 280 4   0 0   1 1   2 2   3 3
271 351 4   0 0   1 1   2 2   3 3
272 324 4   0 0   1 1   2 2   3 3
273 323 4   0 0   1 1   2 2   3 3
273 329 4   0 0   1 1   2 2   3 3
273 302 4   0 0   1 1   2 2   3 3
274 361 4   0 0   1 1   2 2   3 3
274 317 4   0 0   1 1   2 2   3 3
275 284 4   0 0   1 1   2 2   3 3
277 322 4   0 0   1 1   2 2   3 3
277 338 4   0 0   1 1   2 2   3 3
277 372 4   0 0   1 1   2 2   3 3
277 281 4   0 0   1 1   2 2   3 3
278 312 4   0 0   1 1   2 2   3 3
278 351 4   0 0   1 1   2 2   3 3
279 322 4   0 0   1 1   2 2   3 3
281 322 4   0 0   1 1   2 2   3 3
281 325 4   0 0   1 1   2 2   3 3
282 331 4   0 0   1 1   2 2   3 3
283 336 4   0 0   1 1   2 2   3 3
283 341 4   0 0   1 1   2 2   3 3
285 337 4   0 0   1 1   2 2   3 3
286 295 4   0 0   1 1   2 2   3 3
286 332 4   0 0   1 1   2 2   3 3
287 349 4   0 0   1 1   2 2   3 3
288 354 4   0 0   1 1   2 2   3 3
288 339 4   0 0   1 1   2 2   3 3
288 328 4   0 0   1 1   2 2   3 3
290 373 4   0 0   1 1   2 2   3 3
292 366 4   0 0   1 1   2 2   3 3
293 368 4   0 0   1 1   2 2   3 3
294 370 4   0 0   1 1   2 2   3 3
294 307 4   0 0   1 1   2 2   3 3
294 334 4   0 0   1 1   2 2   3 3
295 327 4   0 0   1 1   2 2   3 3
295 375 4   0 0   1 1   2 2   3 3
295 296 4   0 0   1 1   2 2   3 3
295 332 4   0 0   1 1   2 2   3 3
297 339 4   0 0   1 1   2 2   3 3
297 325 4   0 0   1 1   2 2   3 3
297 376 4   0 0   1 1   2 2   3 3
297 378 4   0 0   1 1   2 2   3 3
299 348 4   0 0   1 1   2 2   3 3
301 325 4   0 0   1 1   2 2   3 3
301 376 4   0 0   1 1   2 2   3 3
301 328 4   0 0   1 1   2 2   3 3
301 377 4   0 0   1 1   2 2   3 3
303 308 4   0 0   1 1   2 2   3 3
304 320 4   0 0   1 1   2 2   3 3
306 319 4   0 0   1 1   2 2   3 3
307 370 4   0 0   1 1   2 2   3 3
307 350 4   0 0   1 1   2 2   3 3
308 371 4   0 0   1 1   2 2   3 3
308 372 4   0 0   1 1   2 2   3 3
309 362 4   0 0   1 1   2 2   3 3
310 341 4   0 0   1 1   2 2   3 3
310 335 4   0 0   1 1   2 2   3 3
312 351 4   0 0   1 1   2 2   3 3
315 316 4   0 0   1 1   2 2   3 3
315 333 4   0 0   1 1   2 2   3 3
316 360 4   0 0   1 1   2 2   3 3
316 333 4   0 0   1 1   2 2   3 3
317 321 4   0 0   1 1   2 2   3 3
317 369 4   0 0   1 1   2 2   3 3
318 352 4   0 0   1 1   2 2   3 3
318 347 4   0 0   1 1   2 2   3 3
319 331 4   0 0   1 1   2 2   3 3
321 369 4   0 0   1 1   2 2   3 3
323 363 4   0 0   1 1   2 2   3 3
325 376 4   0 0   1 1   2 2   3 3
326 374 4   0 0   1 1   2 2   3 3
327 332 4   0 0   1 1   2 2   3 3
328 339 4   0 0   1 1   2 2   3 3
328 376 4   0 0   1 1   2 2   3 3
332 375 4   0 0   1 1   2 2   3 3
333 360 4   0 0   1 1   2 2   3 3
333 379 4   0 0   1 1   2 2   3 3
334 362 4   0 0   1 1   2 2   3 3
337 365 4   0 0   1 1   2 2   3 3
338 372 4   0 0   1 1   2 2   3 3
339 376 4   0 0   1 1   2 2   3 3
339 378 4   0 0   1 1   2 2   3 3
342 371 4   0 0   1 1   2 2   3 3
342 377 4   0 0   1 1   2 2   3 3
342 367 4   0 0   1 1   2 2   3 3
343 367 4   0 0   1 1   2 2   3 3
344 354 4   0 0   1 1   2 2   3 3
348 359 4   0 0   1 1   2 2   3 3
350 370 4   0 0   1 1   2 2   3 3
353 358 4   0 0   1 1   2 2   3 3
357 363 4   0 0   1 1   2 2   3 3
360 373 4   0 0   1 1   2 2   3 3
371 372 4   0 0   1 1   2 2   3 3
371 377 4   0 0   1 1   2 2   3 3
