367
1 4 0 1 2 3
2 4 0 1 2 3
3 4 0 1 2 3
4 4 0 1 2 3
5 4 0 1 2 3
6 4 0 1 2 3
7 4 0 1 2 3
8 4 0 1 2 3
9 4 0 1 2 3
10 4 0 1 2 3
11 4 0 1 2 3
12 4 0 1 2 3
13 4 0 1 2 3
14 4 0 1 2 3
15 4 0 1 2 3
16 4 0 1 2 3
17 4 0 1 2 3
18 4 0 1 2 3
19 4 0 1 2 3
20 4 0 1 2 3
21 4 0 1 2 3
22 4 0 1 2 3
23 4 0 1 2 3
24 4 0 1 2 3
25 4 0 1 2 3
26 4 0 1 2 3
27 4 0 1 2 3
28 4 0 1 2 3
29 4 0 1 2 3
30 4 0 1 2 3
31 4 0 1 2 3
32 4 0 1 2 3
33 4 0 1 2 3
34 4 0 1 2 3
35 4 0 1 2 3
36 4 0 1 2 3
37 4 0 1 2 3
38 4 0 1 2 3
39 4 0 1 2 3
40 4 0 1 2 3
41 4 0 1 2 3
42 4 0 1 2 3
43 4 0 1 2 3
44 4 0 1 2 3
45 4 0 1 2 3
46 4 0 1 2 3
47 4 0 1 2 3
48 4 0 1 2 3
49 4 0 1 2 3
50 4 0 1 2 3
51 4 0 1 2 3
52 4 0 1 2 3
53 4 0 1 2 3
54 4 0 1 2 3
55 4 0 1 2 3
56 4 0 1 2 3
57 4 0 1 2 3
58 4 0 1 2 3
59 4 0 1 2 3
60 4 0 1 2 3
61 4 0 1 2 3
62 4 0 1 2 3
63 4 0 1 2 3
64 4 0 1 2 3
65 4 0 1 2 3
66 4 0 1 2 3
67 4 0 1 2 3
68 4 0 1 2 3
69 4 0 1 2 3
70 4 0 1 2 3
71 4 0 1 2 3
72 4 0 1 2 3
73 4 0 1 2 3
74 4 0 1 2 3
75 4 0 1 2 3
76 4 0 1 2 3
77 4 0 1 2 3
78 4 0 1 2 3
79 4 0 1 2 3
80 4 0 1 2 3
81 4 0 1 2 3
82 4 0 1 2 3
83 4 0 1 2 3
84 4 0 1 2 3
85 4 0 1 2 3
86 4 0 1 2 3
87 4 0 1 2 3
88 4 0 1 2 3
89 4 0 1 2 3
90 4 0 1 2 3
91 4 0 1 2 3
92 4 0 1 2 3
93 4 0 1 2 3
94 4 0 1 2 3
95 4 0 1 2 3
96 4 0 1 2 3
97 4 0 1 2 3
98 4 0 1 2 3
99 4 0 1 2 3
100 4 0 1 2 3
101 4 0 1 2 3
102 4 0 1 2 3
103 4 0 1 2 3
104 4 0 1 2 3
105 4 0 1 2 3
106 4 0 1 2 3
107 4 0 1 2 3
108 4 0 1 2 3
109 4 0 1 2 3
110 4 0 1 2 3
111 4 0 1 2 3
112 4 0 1 2 3
113 4 0 1 2 3
114 4 0 1 2 3
115 4 0 1 2 3
116 4 0 1 2 3
117 4 0 1 2 3
118 4 0 1 2 3
119 4 0 1 2 3
120 4 0 1 2 3
121 4 0 1 2 3
122 4 0 1 2 3
123 4 0 1 2 3
124 4 0 1 2 3
125 4 0 1 2 3
126 4 0 1 2 3
127 4 0 1 2 3
128 4 0 1 2 3
129 4 0 1 2 3
130 4 0 1 2 3
131 4 0 1 2 3
132 4 0 1 2 3
133 4 0 1 2 3
134 4 0 1 2 3
135 4 0 1 2 3
136 4 0 1 2 3
137 4 0 1 2 3
138 4 0 1 2 3
139 4 0 1 2 3
140 4 0 1 2 3
141 4 0 1 2 3
142 4 0 1 2 3
143 4 0 1 2 3
144 4 0 1 2 3
145 4 0 1 2 3
146 4 0 1 2 3
147 4 0 1 2 3
148 4 0 1 2 3
149 4 0 1 2 3
150 4 0 1 2 3
151 4 0 1 2 3
152 4 0 1 2 3
153 4 0 1 2 3
154 4 0 1 2 3
155 4 0 1 2 3
156 4 0 1 2 3
157 4 0 1 2 3
158 4 0 1 2 3
159 4 0 1 2 3
160 4 0 1 2 3
161 4 0 1 2 3
162 4 0 1 2 3
163 4 0 1 2 3
164 4 0 1 2 3
165 4 0 1 2 3
166 4 0 1 2 3
167 4 0 1 2 3
168 4 0 1 2 3
169 4 0 1 2 3
170 4 0 1 2 3
171 4 0 1 2 3
172 4 0 1 2 3
173 4 0 1 2 3
174 4 0 1 2 3
175 4 0 1 2 3
176 4 0 1 2 3
177 4 0 1 2 3
178 4 0 1 2 3
179 4 0 1 2 3
180 4 0 1 2 3
181 4 0 1 2 3
182 4 0 1 2 3
183 4 0 1 2 3
184 4 0 1 2 3
185 4 0 1 2 3
186 4 0 1 2 3
187 4 0 1 2 3
188 4 0 1 2 3
189 4 0 1 2 3
190 4 0 1 2 3
191 4 0 1 2 3
192 4 0 1 2 3
193 4 0 1 2 3
194 4 0 1 2 3
195 4 0 1 2 3
196 4 0 1 2 3
197 4 0 1 2 3
198 4 0 1 2 3
199 4 0 1 2 3
200 4 0 1 2 3
201 4 0 1 2 3
202 4 0 1 2 3
203 4 0 1 2 3
204 4 0 1 2 3
205 4 0 1 2 3
206 4 0 1 2 3
207 4 0 1 2 3
208 4 0 1 2 3
209 4 0 1 2 3
210 4 0 1 2 3
211 4 0 1 2 3
212 4 0 1 2 3
213 4 0 1 2 3
214 4 0 1 2 3
215 4 0 1 2 3
216 4 0 1 2 3
217 4 0 1 2 3
218 4 0 1 2 3
219 4 0 1 2 3
220 4 0 1 2 3
221 4 0 1 2 3
222 4 0 1 2 3
223 4 0 1 2 3
224 4 0 1 2 3
225 4 0 1 2 3
226 4 0 1 2 3
227 4 0 1 2 3
228 4 0 1 2 3
229 4 0 1 2 3
230 4 0 1 2 3
231 4 0 1 2 3
232 4 0 1 2 3
233 4 0 1 2 3
234 4 0 1 2 3
235 4 0 1 2 3
236 4 0 1 2 3
237 4 0 1 2 3
238 4 0 1 2 3
239 4 0 1 2 3
240 4 0 1 2 3
241 4 0 1 2 3
242 4 0 1 2 3
243 4 0 1 2 3
244 4 0 1 2 3
245 4 0 1 2 3
246 4 0 1 2 3
247 4 0 1 2 3
248 4 0 1 2 3
249 4 0 1 2 3
250 4 0 1 2 3
251 4 0 1 2 3
252 4 0 1 2 3
253 4 0 1 2 3
254 4 0 1 2 3
255 4 0 1 2 3
256 4 0 1 2 3
257 4 0 1 2 3
258 4 0 1 2 3
259 4 0 1 2 3
260 4 0 1 2 3
261 4 0 1 2 3
262 4 0 1 2 3
263 4 0 1 2 3
264 4 0 1 2 3
265 4 0 1 2 3
266 4 0 1 2 3
267 4 0 1 2 3
268 4 0 1 2 3
269 4 0 1 2 3
270 4 0 1 2 3
271 4 0 1 2 3
272 4 0 1 2 3
273 4 0 1 2 3
274 4 0 1 2 3
275 4 0 1 2 3
276 4 0 1 2 3
277 4 0 1 2 3
278 4 0 1 2 3
279 4 0 1 2 3
280 4 0 1 2 3
281 4 0 1 2 3
282 4 0 1 2 3
283 4 0 1 2 3
284 4 0 1 2 3
285 4 0 1 2 3
286 4 0 1 2 3
287 4 0 1 2 3
288 4 0 1 2 3
289 4 0 1 2 3
290 4 0 1 2 3
291 4 0 1 2 3
292 4 0 1 2 3
293 4 0 1 2 3
294 4 0 1 2 3
295 4 0 1 2 3
296 4 0 1 2 3
297 4 0 1 2 3
298 4 0 1 2 3
299 4 0 1 2 3
300 4 0 1 2 3
301 4 0 1 2 3
302 4 0 1 2 3
303 4 0 1 2 3
304 4 0 1 2 3
305 4 0 1 2 3
306 4 0 1 2 3
307 4 0 1 2 3
308 4 0 1 2 3
309 4 0 1 2 3
310 4 0 1 2 3
311 4 0 1 2 3
312 4 0 1 2 3
313 4 0 1 2 3
314 4 0 1 2 3
315 4 0 1 2 3
316 4 0 1 2 3
317 4 0 1 2 3
318 4 0 1 2 3
319 4 0 1 2 3
320 4 0 1 2 3
321 4 0 1 2 3
322 4 0 1 2 3
323 4 0 1 2 3
324 4 0 1 2 3
325 4 0 1 2 3
326 4 0 1 2 3
327 4 0 1 2 3
328 4 0 1 2 3
329 4 0 1 2 3
330 4 0 1 2 3
331 4 0 1 2 3
332 4 0 1 2 3
333 4 0 1 2 3
334 4 0 1 2 3
335 4 0 1 2 3
336 4 0 1 2 3
337 4 0 1 2 3
338 4 0 1 2 3
339 4 0 1 2 3
340 4 0 1 2 3
341 4 0 1 2 3
342 4 0 1 2 3
343 4 0 1 2 3
344 4 0 1 2 3
345 4 0 1 2 3
346 4 0 1 2 3
347 4 0 1 2 3
348 4 0 1 2 3
349 4 0 1 2 3
350 4 0 1 2 3
351 4 0 1 2 3
352 4 0 1 2 3
353 4 0 1 2 3
354 4 0 1 2 3
355 4 0 1 2 3
356 4 0 1 2 3
357 4 0 1 2 3
358 4 0 1 2 3
359 4 0 1 2 3
360 4 0 1 2 3
361 4 0 1 2 3
362 4 0 1 2 3
363 4 0 1 2 3
364 4 0 1 2 3
365 4 0 1 2 3
366 4 0 1 2 3
367 4 0 1 2 3
1036
1 81 4   0 0   1 1   2 2   3 3
1 164 4   0 0   1 1   2 2   3 3
1 294 4   0 0   1 1   2 2   3 3
1 105 4   0 0   1 1   2 2   3 3
1 297 4   0 0   1 1   2 2   3 3
1 236 4   0 0   1 1   2 2   3 3
1 172 4   0 0   1 1   2 2   3 3
1 367 4   0 0   1 1   2 2   3 3
2 160 4   0 0   1 1   2 2   3 3
2 224 4   0 0   1 1   2 2   3 3
2 354 4   0 0   1 1   2 2   3 3
2 124 4   0 0   1 1   2 2   3 3
3 65 4   0 0   1 1   2 2   3 3
3 131 4   0 0   1 1   2 2   3 3
3 115 4   0 0   1 1   2 2   3 3
3 355 4   0 0   1 1   2 2   3 3
3 153 4   0 0   1 1   2 2   3 3
4 132 4   0 0   1 1   2 2   3 3
4 166 4   0 0   1 1   2 2   3 3
4 310 4   0 0   1 1   2 2   3 3
4 217 4   0 0   1 1   2 2   3 3
4 363 4   0 0   1 1   2 2   3 3
4 75 4   0 0   1 1   2 2   3 3
4 79 4   0 0   1 1   2 2   3 3
5 208 4   0 0   1 1   2 2   3 3
5 164 4   0 0   1 1   2 2   3 3
5 39 4   0 0   1 1   2 2   3 3
5 23 4   0 0   1 1   2 2   3 3
5 297 4   0 0   1 1   2 2   3 3
5 122 4   0 0   1 1   2 2   3 3
5 301 4   0 0   1 1   2 2   3 3
6 240 4   0 0   1 1   2 2   3 3
6 278 4   0 0   1 1   2 2   3 3
6 214 4   0 0   1 1   2 2   3 3
6 87 4   0 0   1 1   2 2   3 3
6 135 4   0 0   1 1   2 2   3 3
6 311 4   0 0   1 1   2 2   3 3
6 362 4   0 0   1 1   2 2   3 3
6 220 4   0 0   1 1   2 2   3 3
6 207 4   0 0   1 1   2 2   3 3
6 175 4   0 0   1 1   2 2   3 3
7 114 4   0 0   1 1   2 2   3 3
7 228 4   0 0   1 1   2 2   3 3
7 70 4   0 0   1 1   2 2   3 3
7 348 4   0 0   1 1   2 2   3 3
8 163 4   0 0   1 1   2 2   3 3
8 181 4   0 0   1 1   2 2   3 3
8 55 4   0 0   1 1   2 2   3 3
8 361 4   0 0   1 1   2 2   3 3
8 270 4   0 0   1 1   2 2   3 3
8 223 4   0 0   1 1   2 2   3 3
9 321 4   0 0   1 1   2 2   3 3
9 198 4   0 0   1 1   2 2   3 3
9 26 4   0 0   1 1   2 2   3 3
9 43 4   0 0   1 1   2 2   3 3
9 318 4   0 0   1 1   2 2   3 3
10 48 4   0 0   1 1   2 2   3 3
10 309 4   0 0   1 1   2 2   3 3
10 166 4   0 0   1 1   2 2   3 3
10 327 4   0 0   1 1   2 2   3 3
10 75 4   0 0   1 1   2 2   3 3
10 27 4   0 0   1 1   2 2   3 3
10 45 4   0 0   1 1   2 2   3 3
10 79 4   0 0   1 1   2 2   3 3
11 19 4   0 0   1 1   2 2   3 3
11 324 4   0 0   1 1   2 2   3 3
11 142 4   0 0   1 1   2 2   3 3
11 158 4   0 0   1 1   2 2   3 3
12 128 4   0 0   1 1   2 2   3 3
12 162 4   0 0   1 1   2 2   3 3
12 199 4   0 0   1 1   2 2   3 3
12 249 4   0 0   1 1   2 2   3 3
12 43 4   0 0   1 1   2 2   3 3
12 175 4   0 0   1 1   2 2   3 3
13 145 4   0 0   1 1   2 2   3 3
13 117 4   0 0   1 1   2 2   3 3
13 168 4   0 0   1 1   2 2   3 3
13 331 4   0 0   1 1   2 2   3 3
13 191 4   0 0   1 1   2 2   3 3
14 357 4   0 0   1 1   2 2   3 3
14 229 4   0 0   1 1   2 2   3 3
14 186 4   0 0   1 1   2 2   3 3
14 365 4   0 0   1 1   2 2   3 3
15 80 4   0 0   1 1   2 2   3 3
15 50 4   0 0   1 1   2 2   3 3
15 259 4   0 0   1 1   2 2   3 3
15 74 4   0 0   1 1   2 2   3 3
15 269 4   0 0   1 1   2 2   3 3
16 132 4   0 0   1 1   2 2   3 3
16 213 4   0 0   1 1   2 2   3 3
16 89 4   0 0   1 1   2 2   3 3
16 298 4   0 0   1 1   2 2   3 3
16 363 4   0 0   1 1   2 2   3 3
16 140 4   0 0   1 1   2 2   3 3
16 46 4   0 0   1 1   2 2   3 3
17 230 4   0 0   1 1   2 2   3 3
17 74 4   0 0   1 1   2 2   3 3
17 108 4   0 0   1 1   2 2   3 3
17 333 4   0 0   1 1   2 2   3 3
17 63 4   0 0   1 1   2 2   3 3
18 68 4   0 0   1 1   2 2   3 3
18 308 4   0 0   1 1   2 2   3 3
18 167 4   0 0   1 1   2 2   3 3
18 200 4   0 0   1 1   2 2   3 3
18 265 4   0 0   1 1   2 2   3 3
18 303 4   0 0   1 1   2 2   3 3
19 114 4   0 0   1 1   2 2   3 3
19 197 4   0 0   1 1   2 2   3 3
19 119 4   0 0   1 1   2 2   3 3
19 348 4   0 0   1 1   2 2   3 3
19 142 4   0 0   1 1   2 2   3 3
20 208 4   0 0   1 1   2 2   3 3
20 66 4   0 0   1 1   2 2   3 3
20 136 4   0 0   1 1   2 2   3 3
20 90 4   0 0   1 1   2 2   3 3
20 60 4   0 0   1 1   2 2   3 3
20 239 4   0 0   1 1   2 2   3 3
21 34 4   0 0   1 1   2 2   3 3
21 133 4   0 0   1 1   2 2   3 3
21 149 4   0 0   1 1   2 2   3 3
21 283 4   0 0   1 1   2 2   3 3
21 351 4   0 0   1 1   2 2   3 3
22 312 4   0 0   1 1   2 2   3 3
22 238 4   0 0   1 1   2 2   3 3
22 46 4   0 0   1 1   2 2   3 3
22 319 4   0 0   1 1   2 2   3 3
23 208 4   0 0   1 1   2 2   3 3
23 136 4   0 0   1 1   2 2   3 3
23 57 4   0 0   1 1   2 2   3 3
23 301 4   0 0   1 1   2 2   3 3
24 193 4   0 0   1 1   2 2   3 3
24 67 4   0 0   1 1   2 2   3 3
24 328 4   0 0   1 1   2 2   3 3
24 334 4   0 0   1 1   2 2   3 3
24 62 4   0 0   1 1   2 2   3 3
25 240 4   0 0   1 1   2 2   3 3
25 227 4   0 0   1 1   2 2   3 3
25 87 4   0 0   1 1   2 2   3 3
25 220 4   0 0   1 1   2 2   3 3
25 207 4   0 0   1 1   2 2   3 3
26 318 4   0 0   1 1   2 2   3 3
27 130 4   0 0   1 1   2 2   3 3
27 244 4   0 0   1 1   2 2   3 3
27 213 4   0 0   1 1   2 2   3 3
27 309 4   0 0   1 1   2 2   3 3
27 166 4   0 0   1 1   2 2   3 3
27 312 4   0 0   1 1   2 2   3 3
27 319 4   0 0   1 1   2 2   3 3
28 36 4   0 0   1 1   2 2   3 3
28 88 4   0 0   1 1   2 2   3 3
28 155 4   0 0   1 1   2 2   3 3
28 93 4   0 0   1 1   2 2   3 3
28 319 4   0 0   1 1   2 2   3 3
29 129 4   0 0   1 1   2 2   3 3
29 275 4   0 0   1 1   2 2   3 3
29 170 4   0 0   1 1   2 2   3 3
30 306 4   0 0   1 1   2 2   3 3
30 98 4   0 0   1 1   2 2   3 3
30 235 4   0 0   1 1   2 2   3 3
31 343 4   0 0   1 1   2 2   3 3
31 345 4   0 0   1 1   2 2   3 3
31 156 4   0 0   1 1   2 2   3 3
31 268 4   0 0   1 1   2 2   3 3
32 272 4   0 0   1 1   2 2   3 3
32 307 4   0 0   1 1   2 2   3 3
32 157 4   0 0   1 1   2 2   3 3
32 206 4   0 0   1 1   2 2   3 3
32 111 4   0 0   1 1   2 2   3 3
33 112 4   0 0   1 1   2 2   3 3
33 289 4   0 0   1 1   2 2   3 3
33 49 4   0 0   1 1   2 2   3 3
33 343 4   0 0   1 1   2 2   3 3
33 156 4   0 0   1 1   2 2   3 3
34 146 4   0 0   1 1   2 2   3 3
34 294 4   0 0   1 1   2 2   3 3
34 283 4   0 0   1 1   2 2   3 3
34 284 4   0 0   1 1   2 2   3 3
34 351 4   0 0   1 1   2 2   3 3
35 144 4   0 0   1 1   2 2   3 3
35 273 4   0 0   1 1   2 2   3 3
35 89 4   0 0   1 1   2 2   3 3
35 140 4   0 0   1 1   2 2   3 3
35 253 4   0 0   1 1   2 2   3 3
36 71 4   0 0   1 1   2 2   3 3
36 88 4   0 0   1 1   2 2   3 3
36 248 4   0 0   1 1   2 2   3 3
36 319 4   0 0   1 1   2 2   3 3
37 259 4   0 0   1 1   2 2   3 3
37 356 4   0 0   1 1   2 2   3 3
37 134 4   0 0   1 1   2 2   3 3
37 74 4   0 0   1 1   2 2   3 3
37 63 4   0 0   1 1   2 2   3 3
38 354 4   0 0   1 1   2 2   3 3
38 291 4   0 0   1 1   2 2   3 3
38 341 4   0 0   1 1   2 2   3 3
38 152 4   0 0   1 1   2 2   3 3
39 272 4   0 0   1 1   2 2   3 3
39 164 4   0 0   1 1   2 2   3 3
39 59 4   0 0   1 1   2 2   3 3
39 301 4   0 0   1 1   2 2   3 3
39 206 4   0 0   1 1   2 2   3 3
40 275 4   0 0   1 1   2 2   3 3
40 291 4   0 0   1 1   2 2   3 3
40 53 4   0 0   1 1   2 2   3 3
40 360 4   0 0   1 1   2 2   3 3
40 170 4   0 0   1 1   2 2   3 3
41 356 4   0 0   1 1   2 2   3 3
41 100 4   0 0   1 1   2 2   3 3
41 326 4   0 0   1 1   2 2   3 3
41 233 4   0 0   1 1   2 2   3 3
41 314 4   0 0   1 1   2 2   3 3
41 63 4   0 0   1 1   2 2   3 3
42 226 4   0 0   1 1   2 2   3 3
42 99 4   0 0   1 1   2 2   3 3
42 52 4   0 0   1 1   2 2   3 3
42 92 4   0 0   1 1   2 2   3 3
42 108 4   0 0   1 1   2 2   3 3
43 321 4   0 0   1 1   2 2   3 3
43 199 4   0 0   1 1   2 2   3 3
43 249 4   0 0   1 1   2 2   3 3
43 318 4   0 0   1 1   2 2   3 3
44 320 4   0 0   1 1   2 2   3 3
44 337 4   0 0   1 1   2 2   3 3
44 129 4   0 0   1 1   2 2   3 3
44 275 4   0 0   1 1   2 2   3 3
44 360 4   0 0   1 1   2 2   3 3
44 154 4   0 0   1 1   2 2   3 3
45 48 4   0 0   1 1   2 2   3 3
45 211 4   0 0   1 1   2 2   3 3
45 292 4   0 0   1 1   2 2   3 3
45 79 4   0 0   1 1   2 2   3 3
46 213 4   0 0   1 1   2 2   3 3
46 312 4   0 0   1 1   2 2   3 3
46 298 4   0 0   1 1   2 2   3 3
46 238 4   0 0   1 1   2 2   3 3
47 64 4   0 0   1 1   2 2   3 3
47 242 4   0 0   1 1   2 2   3 3
47 146 4   0 0   1 1   2 2   3 3
47 346 4   0 0   1 1   2 2   3 3
48 323 4   0 0   1 1   2 2   3 3
48 292 4   0 0   1 1   2 2   3 3
48 327 4   0 0   1 1   2 2   3 3
48 174 4   0 0   1 1   2 2   3 3
49 112 4   0 0   1 1   2 2   3 3
49 274 4   0 0   1 1   2 2   3 3
49 343 4   0 0   1 1   2 2   3 3
49 345 4   0 0   1 1   2 2   3 3
49 315 4   0 0   1 1   2 2   3 3
50 80 4   0 0   1 1   2 2   3 3
50 226 4   0 0   1 1   2 2   3 3
50 52 4   0 0   1 1   2 2   3 3
50 185 4   0 0   1 1   2 2   3 3
50 74 4   0 0   1 1   2 2   3 3
51 293 4   0 0   1 1   2 2   3 3
51 296 4   0 0   1 1   2 2   3 3
51 317 4   0 0   1 1   2 2   3 3
52 226 4   0 0   1 1   2 2   3 3
52 74 4   0 0   1 1   2 2   3 3
52 108 4   0 0   1 1   2 2   3 3
53 338 4   0 0   1 1   2 2   3 3
53 291 4   0 0   1 1   2 2   3 3
53 341 4   0 0   1 1   2 2   3 3
53 325 4   0 0   1 1   2 2   3 3
53 264 4   0 0   1 1   2 2   3 3
53 170 4   0 0   1 1   2 2   3 3
54 82 4   0 0   1 1   2 2   3 3
54 218 4   0 0   1 1   2 2   3 3
54 186 4   0 0   1 1   2 2   3 3
54 190 4   0 0   1 1   2 2   3 3
55 112 4   0 0   1 1   2 2   3 3
55 163 4   0 0   1 1   2 2   3 3
55 270 4   0 0   1 1   2 2   3 3
55 143 4   0 0   1 1   2 2   3 3
56 163 4   0 0   1 1   2 2   3 3
56 276 4   0 0   1 1   2 2   3 3
56 180 4   0 0   1 1   2 2   3 3
56 86 4   0 0   1 1   2 2   3 3
56 246 4   0 0   1 1   2 2   3 3
56 316 4   0 0   1 1   2 2   3 3
56 223 4   0 0   1 1   2 2   3 3
57 176 4   0 0   1 1   2 2   3 3
57 323 4   0 0   1 1   2 2   3 3
57 229 4   0 0   1 1   2 2   3 3
57 358 4   0 0   1 1   2 2   3 3
57 136 4   0 0   1 1   2 2   3 3
57 137 4   0 0   1 1   2 2   3 3
57 60 4   0 0   1 1   2 2   3 3
57 301 4   0 0   1 1   2 2   3 3
57 190 4   0 0   1 1   2 2   3 3
58 150 4   0 0   1 1   2 2   3 3
58 215 4   0 0   1 1   2 2   3 3
58 73 4   0 0   1 1   2 2   3 3
58 125 4   0 0   1 1   2 2   3 3
58 95 4   0 0   1 1   2 2   3 3
59 68 4   0 0   1 1   2 2   3 3
59 308 4   0 0   1 1   2 2   3 3
59 301 4   0 0   1 1   2 2   3 3
59 206 4   0 0   1 1   2 2   3 3
60 176 4   0 0   1 1   2 2   3 3
60 136 4   0 0   1 1   2 2   3 3
60 90 4   0 0   1 1   2 2   3 3
61 192 4   0 0   1 1   2 2   3 3
61 113 4   0 0   1 1   2 2   3 3
61 212 4   0 0   1 1   2 2   3 3
61 204 4   0 0   1 1   2 2   3 3
61 127 4   0 0   1 1   2 2   3 3
62 336 4   0 0   1 1   2 2   3 3
62 193 4   0 0   1 1   2 2   3 3
62 344 4   0 0   1 1   2 2   3 3
62 334 4   0 0   1 1   2 2   3 3
63 356 4   0 0   1 1   2 2   3 3
63 74 4   0 0   1 1   2 2   3 3
63 314 4   0 0   1 1   2 2   3 3
63 333 4   0 0   1 1   2 2   3 3
63 78 4   0 0   1 1   2 2   3 3
63 111 4   0 0   1 1   2 2   3 3
64 242 4   0 0   1 1   2 2   3 3
64 146 4   0 0   1 1   2 2   3 3
64 69 4   0 0   1 1   2 2   3 3
64 133 4   0 0   1 1   2 2   3 3
65 226 4   0 0   1 1   2 2   3 3
65 131 4   0 0   1 1   2 2   3 3
65 99 4   0 0   1 1   2 2   3 3
65 185 4   0 0   1 1   2 2   3 3
65 153 4   0 0   1 1   2 2   3 3
65 255 4   0 0   1 1   2 2   3 3
66 340 4   0 0   1 1   2 2   3 3
66 219 4   0 0   1 1   2 2   3 3
66 300 4   0 0   1 1   2 2   3 3
66 95 4   0 0   1 1   2 2   3 3
66 239 4   0 0   1 1   2 2   3 3
67 225 4   0 0   1 1   2 2   3 3
67 177 4   0 0   1 1   2 2   3 3
67 274 4   0 0   1 1   2 2   3 3
67 277 4   0 0   1 1   2 2   3 3
67 182 4   0 0   1 1   2 2   3 3
67 184 4   0 0   1 1   2 2   3 3
67 328 4   0 0   1 1   2 2   3 3
67 349 4   0 0   1 1   2 2   3 3
67 334 4   0 0   1 1   2 2   3 3
68 308 4   0 0   1 1   2 2   3 3
68 265 4   0 0   1 1   2 2   3 3
68 157 4   0 0   1 1   2 2   3 3
68 206 4   0 0   1 1   2 2   3 3
69 242 4   0 0   1 1   2 2   3 3
69 115 4   0 0   1 1   2 2   3 3
69 355 4   0 0   1 1   2 2   3 3
69 133 4   0 0   1 1   2 2   3 3
69 149 4   0 0   1 1   2 2   3 3
69 267 4   0 0   1 1   2 2   3 3
69 94 4   0 0   1 1   2 2   3 3
70 228 4   0 0   1 1   2 2   3 3
70 348 4   0 0   1 1   2 2   3 3
70 109 4   0 0   1 1   2 2   3 3
71 244 4   0 0   1 1   2 2   3 3
71 248 4   0 0   1 1   2 2   3 3
71 319 4   0 0   1 1   2 2   3 3
72 296 4   0 0   1 1   2 2   3 3
72 284 4   0 0   1 1   2 2   3 3
72 125 4   0 0   1 1   2 2   3 3
72 317 4   0 0   1 1   2 2   3 3
73 352 4   0 0   1 1   2 2   3 3
73 297 4   0 0   1 1   2 2   3 3
73 125 4   0 0   1 1   2 2   3 3
73 287 4   0 0   1 1   2 2   3 3
73 95 4   0 0   1 1   2 2   3 3
74 259 4   0 0   1 1   2 2   3 3
74 108 4   0 0   1 1   2 2   3 3
75 166 4   0 0   1 1   2 2   3 3
75 79 4   0 0   1 1   2 2   3 3
76 307 4   0 0   1 1   2 2   3 3
76 295 4   0 0   1 1   2 2   3 3
76 333 4   0 0   1 1   2 2   3 3
76 111 4   0 0   1 1   2 2   3 3
77 327 4   0 0   1 1   2 2   3 3
77 120 4   0 0   1 1   2 2   3 3
77 202 4   0 0   1 1   2 2   3 3
77 254 4   0 0   1 1   2 2   3 3
78 326 4   0 0   1 1   2 2   3 3
78 265 4   0 0   1 1   2 2   3 3
78 314 4   0 0   1 1   2 2   3 3
78 111 4   0 0   1 1   2 2   3 3
79 211 4   0 0   1 1   2 2   3 3
79 217 4   0 0   1 1   2 2   3 3
80 101 4   0 0   1 1   2 2   3 3
80 245 4   0 0   1 1   2 2   3 3
80 185 4   0 0   1 1   2 2   3 3
80 107 4   0 0   1 1   2 2   3 3
80 269 4   0 0   1 1   2 2   3 3
81 258 4   0 0   1 1   2 2   3 3
81 149 4   0 0   1 1   2 2   3 3
81 283 4   0 0   1 1   2 2   3 3
81 236 4   0 0   1 1   2 2   3 3
81 367 4   0 0   1 1   2 2   3 3
82 323 4   0 0   1 1   2 2   3 3
82 218 4   0 0   1 1   2 2   3 3
82 190 4   0 0   1 1   2 2   3 3
83 258 4   0 0   1 1   2 2   3 3
83 99 4   0 0   1 1   2 2   3 3
83 355 4   0 0   1 1   2 2   3 3
83 267 4   0 0   1 1   2 2   3 3
83 92 4   0 0   1 1   2 2   3 3
84 321 4   0 0   1 1   2 2   3 3
84 104 4   0 0   1 1   2 2   3 3
84 201 4   0 0   1 1   2 2   3 3
84 237 4   0 0   1 1   2 2   3 3
85 209 4   0 0   1 1   2 2   3 3
85 245 4   0 0   1 1   2 2   3 3
85 168 4   0 0   1 1   2 2   3 3
85 364 4   0 0   1 1   2 2   3 3
85 269 4   0 0   1 1   2 2   3 3
86 192 4   0 0   1 1   2 2   3 3
86 180 4   0 0   1 1   2 2   3 3
86 212 4   0 0   1 1   2 2   3 3
86 246 4   0 0   1 1   2 2   3 3
86 204 4   0 0   1 1   2 2   3 3
87 240 4   0 0   1 1   2 2   3 3
87 311 4   0 0   1 1   2 2   3 3
87 318 4   0 0   1 1   2 2   3 3
88 304 4   0 0   1 1   2 2   3 3
88 338 4   0 0   1 1   2 2   3 3
88 325 4   0 0   1 1   2 2   3 3
88 155 4   0 0   1 1   2 2   3 3
88 350 4   0 0   1 1   2 2   3 3
88 302 4   0 0   1 1   2 2   3 3
89 178 4   0 0   1 1   2 2   3 3
89 298 4   0 0   1 1   2 2   3 3
89 140 4   0 0   1 1   2 2   3 3
89 253 4   0 0   1 1   2 2   3 3
90 176 4   0 0   1 1   2 2   3 3
90 342 4   0 0   1 1   2 2   3 3
91 356 4   0 0   1 1   2 2   3 3
91 134 4   0 0   1 1   2 2   3 3
91 263 4   0 0   1 1   2 2   3 3
91 141 4   0 0   1 1   2 2   3 3
91 189 4   0 0   1 1   2 2   3 3
92 258 4   0 0   1 1   2 2   3 3
92 99 4   0 0   1 1   2 2   3 3
92 108 4   0 0   1 1   2 2   3 3
92 252 4   0 0   1 1   2 2   3 3
93 155 4   0 0   1 1   2 2   3 3
93 238 4   0 0   1 1   2 2   3 3
93 319 4   0 0   1 1   2 2   3 3
94 242 4   0 0   1 1   2 2   3 3
94 115 4   0 0   1 1   2 2   3 3
94 266 4   0 0   1 1   2 2   3 3
94 106 4   0 0   1 1   2 2   3 3
94 346 4   0 0   1 1   2 2   3 3
95 260 4   0 0   1 1   2 2   3 3
95 340 4   0 0   1 1   2 2   3 3
95 215 4   0 0   1 1   2 2   3 3
95 300 4   0 0   1 1   2 2   3 3
95 287 4   0 0   1 1   2 2   3 3
96 256 4   0 0   1 1   2 2   3 3
96 162 4   0 0   1 1   2 2   3 3
96 249 4   0 0   1 1   2 2   3 3
96 347 4   0 0   1 1   2 2   3 3
96 286 4   0 0   1 1   2 2   3 3
97 289 4   0 0   1 1   2 2   3 3
97 195 4   0 0   1 1   2 2   3 3
97 156 4   0 0   1 1   2 2   3 3
97 268 4   0 0   1 1   2 2   3 3
97 237 4   0 0   1 1   2 2   3 3
97 270 4   0 0   1 1   2 2   3 3
98 263 4   0 0   1 1   2 2   3 3
98 232 4   0 0   1 1   2 2   3 3
98 235 4   0 0   1 1   2 2   3 3
98 141 4   0 0   1 1   2 2   3 3
99 226 4   0 0   1 1   2 2   3 3
99 355 4   0 0   1 1   2 2   3 3
99 153 4   0 0   1 1   2 2   3 3
100 356 4   0 0   1 1   2 2   3 3
100 233 4   0 0   1 1   2 2   3 3
100 138 4   0 0   1 1   2 2   3 3
100 189 4   0 0   1 1   2 2   3 3
101 177 4   0 0   1 1   2 2   3 3
101 245 4   0 0   1 1   2 2   3 3
101 107 4   0 0   1 1   2 2   3 3
101 364 4   0 0   1 1   2 2   3 3
101 110 4   0 0   1 1   2 2   3 3
102 320 4   0 0   1 1   2 2   3 3
102 227 4   0 0   1 1   2 2   3 3
102 135 4   0 0   1 1   2 2   3 3
102 282 4   0 0   1 1   2 2   3 3
102 220 4   0 0   1 1   2 2   3 3
102 335 4   0 0   1 1   2 2   3 3
103 273 4   0 0   1 1   2 2   3 3
103 322 4   0 0   1 1   2 2   3 3
103 196 4   0 0   1 1   2 2   3 3
103 253 4   0 0   1 1   2 2   3 3
104 181 4   0 0   1 1   2 2   3 3
104 359 4   0 0   1 1   2 2   3 3
104 201 4   0 0   1 1   2 2   3 3
104 237 4   0 0   1 1   2 2   3 3
104 270 4   0 0   1 1   2 2   3 3
105 258 4   0 0   1 1   2 2   3 3
105 295 4   0 0   1 1   2 2   3 3
105 252 4   0 0   1 1   2 2   3 3
105 236 4   0 0   1 1   2 2   3 3
105 172 4   0 0   1 1   2 2   3 3
106 113 4   0 0   1 1   2 2   3 3
106 131 4   0 0   1 1   2 2   3 3
106 115 4   0 0   1 1   2 2   3 3
106 165 4   0 0   1 1   2 2   3 3
106 281 4   0 0   1 1   2 2   3 3
106 266 4   0 0   1 1   2 2   3 3
106 123 4   0 0   1 1   2 2   3 3
107 177 4   0 0   1 1   2 2   3 3
107 161 4   0 0   1 1   2 2   3 3
107 185 4   0 0   1 1   2 2   3 3
108 230 4   0 0   1 1   2 2   3 3
108 252 4   0 0   1 1   2 2   3 3
109 228 4   0 0   1 1   2 2   3 3
109 327 4   0 0   1 1   2 2   3 3
109 119 4   0 0   1 1   2 2   3 3
109 348 4   0 0   1 1   2 2   3 3
109 254 4   0 0   1 1   2 2   3 3
110 177 4   0 0   1 1   2 2   3 3
110 209 4   0 0   1 1   2 2   3 3
110 118 4   0 0   1 1   2 2   3 3
110 182 4   0 0   1 1   2 2   3 3
110 364 4   0 0   1 1   2 2   3 3
111 307 4   0 0   1 1   2 2   3 3
111 265 4   0 0   1 1   2 2   3 3
111 333 4   0 0   1 1   2 2   3 3
111 157 4   0 0   1 1   2 2   3 3
112 289 4   0 0   1 1   2 2   3 3
112 274 4   0 0   1 1   2 2   3 3
112 270 4   0 0   1 1   2 2   3 3
112 143 4   0 0   1 1   2 2   3 3
113 165 4   0 0   1 1   2 2   3 3
113 123 4   0 0   1 1   2 2   3 3
113 204 4   0 0   1 1   2 2   3 3
113 127 4   0 0   1 1   2 2   3 3
114 348 4   0 0   1 1   2 2   3 3
115 131 4   0 0   1 1   2 2   3 3
115 355 4   0 0   1 1   2 2   3 3
116 256 4   0 0   1 1   2 2   3 3
116 195 4   0 0   1 1   2 2   3 3
116 139 4   0 0   1 1   2 2   3 3
116 286 4   0 0   1 1   2 2   3 3
117 179 4   0 0   1 1   2 2   3 3
117 183 4   0 0   1 1   2 2   3 3
117 168 4   0 0   1 1   2 2   3 3
117 331 4   0 0   1 1   2 2   3 3
118 209 4   0 0   1 1   2 2   3 3
118 182 4   0 0   1 1   2 2   3 3
118 231 4   0 0   1 1   2 2   3 3
118 345 4   0 0   1 1   2 2   3 3
118 366 4   0 0   1 1   2 2   3 3
119 197 4   0 0   1 1   2 2   3 3
119 348 4   0 0   1 1   2 2   3 3
119 254 4   0 0   1 1   2 2   3 3
120 147 4   0 0   1 1   2 2   3 3
120 327 4   0 0   1 1   2 2   3 3
120 250 4   0 0   1 1   2 2   3 3
120 202 4   0 0   1 1   2 2   3 3
120 174 4   0 0   1 1   2 2   3 3
121 272 4   0 0   1 1   2 2   3 3
121 307 4   0 0   1 1   2 2   3 3
121 164 4   0 0   1 1   2 2   3 3
121 295 4   0 0   1 1   2 2   3 3
121 172 4   0 0   1 1   2 2   3 3
122 352 4   0 0   1 1   2 2   3 3
122 208 4   0 0   1 1   2 2   3 3
122 297 4   0 0   1 1   2 2   3 3
122 287 4   0 0   1 1   2 2   3 3
123 193 4   0 0   1 1   2 2   3 3
123 344 4   0 0   1 1   2 2   3 3
123 281 4   0 0   1 1   2 2   3 3
123 127 4   0 0   1 1   2 2   3 3
124 160 4   0 0   1 1   2 2   3 3
124 354 4   0 0   1 1   2 2   3 3
124 243 4   0 0   1 1   2 2   3 3
124 291 4   0 0   1 1   2 2   3 3
124 148 4   0 0   1 1   2 2   3 3
124 151 4   0 0   1 1   2 2   3 3
124 154 4   0 0   1 1   2 2   3 3
125 294 4   0 0   1 1   2 2   3 3
125 150 4   0 0   1 1   2 2   3 3
125 296 4   0 0   1 1   2 2   3 3
125 297 4   0 0   1 1   2 2   3 3
125 284 4   0 0   1 1   2 2   3 3
125 332 4   0 0   1 1   2 2   3 3
126 224 4   0 0   1 1   2 2   3 3
126 257 4   0 0   1 1   2 2   3 3
126 306 4   0 0   1 1   2 2   3 3
126 322 4   0 0   1 1   2 2   3 3
126 210 4   0 0   1 1   2 2   3 3
126 339 4   0 0   1 1   2 2   3 3
126 329 4   0 0   1 1   2 2   3 3
127 192 4   0 0   1 1   2 2   3 3
127 193 4   0 0   1 1   2 2   3 3
128 162 4   0 0   1 1   2 2   3 3
128 187 4   0 0   1 1   2 2   3 3
128 175 4   0 0   1 1   2 2   3 3
129 337 4   0 0   1 1   2 2   3 3
129 275 4   0 0   1 1   2 2   3 3
130 244 4   0 0   1 1   2 2   3 3
130 309 4   0 0   1 1   2 2   3 3
130 327 4   0 0   1 1   2 2   3 3
131 281 4   0 0   1 1   2 2   3 3
131 222 4   0 0   1 1   2 2   3 3
131 255 4   0 0   1 1   2 2   3 3
132 213 4   0 0   1 1   2 2   3 3
132 166 4   0 0   1 1   2 2   3 3
133 146 4   0 0   1 1   2 2   3 3
133 149 4   0 0   1 1   2 2   3 3
133 351 4   0 0   1 1   2 2   3 3
134 259 4   0 0   1 1   2 2   3 3
134 356 4   0 0   1 1   2 2   3 3
134 269 4   0 0   1 1   2 2   3 3
134 141 4   0 0   1 1   2 2   3 3
134 271 4   0 0   1 1   2 2   3 3
135 320 4   0 0   1 1   2 2   3 3
135 362 4   0 0   1 1   2 2   3 3
135 220 4   0 0   1 1   2 2   3 3
136 208 4   0 0   1 1   2 2   3 3
137 229 4   0 0   1 1   2 2   3 3
137 357 4   0 0   1 1   2 2   3 3
137 186 4   0 0   1 1   2 2   3 3
137 190 4   0 0   1 1   2 2   3 3
138 194 4   0 0   1 1   2 2   3 3
138 169 4   0 0   1 1   2 2   3 3
138 233 4   0 0   1 1   2 2   3 3
138 330 4   0 0   1 1   2 2   3 3
138 189 4   0 0   1 1   2 2   3 3
139 256 4   0 0   1 1   2 2   3 3
139 195 4   0 0   1 1   2 2   3 3
139 268 4   0 0   1 1   2 2   3 3
139 205 4   0 0   1 1   2 2   3 3
140 144 4   0 0   1 1   2 2   3 3
140 194 4   0 0   1 1   2 2   3 3
140 169 4   0 0   1 1   2 2   3 3
140 363 4   0 0   1 1   2 2   3 3
140 173 4   0 0   1 1   2 2   3 3
141 263 4   0 0   1 1   2 2   3 3
141 232 4   0 0   1 1   2 2   3 3
141 271 4   0 0   1 1   2 2   3 3
142 197 4   0 0   1 1   2 2   3 3
142 158 4   0 0   1 1   2 2   3 3
143 274 4   0 0   1 1   2 2   3 3
143 163 4   0 0   1 1   2 2   3 3
143 316 4   0 0   1 1   2 2   3 3
144 273 4   0 0   1 1   2 2   3 3
144 169 4   0 0   1 1   2 2   3 3
145 257 4   0 0   1 1   2 2   3 3
145 232 4   0 0   1 1   2 2   3 3
145 329 4   0 0   1 1   2 2   3 3
145 331 4   0 0   1 1   2 2   3 3
145 235 4   0 0   1 1   2 2   3 3
145 191 4   0 0   1 1   2 2   3 3
146 351 4   0 0   1 1   2 2   3 3
147 197 4   0 0   1 1   2 2   3 3
147 262 4   0 0   1 1   2 2   3 3
147 279 4   0 0   1 1   2 2   3 3
147 250 4   0 0   1 1   2 2   3 3
147 202 4   0 0   1 1   2 2   3 3
147 203 4   0 0   1 1   2 2   3 3
147 158 4   0 0   1 1   2 2   3 3
148 160 4   0 0   1 1   2 2   3 3
148 261 4   0 0   1 1   2 2   3 3
148 151 4   0 0   1 1   2 2   3 3
148 280 4   0 0   1 1   2 2   3 3
148 285 4   0 0   1 1   2 2   3 3
149 258 4   0 0   1 1   2 2   3 3
149 267 4   0 0   1 1   2 2   3 3
149 283 4   0 0   1 1   2 2   3 3
150 215 4   0 0   1 1   2 2   3 3
150 332 4   0 0   1 1   2 2   3 3
151 243 4   0 0   1 1   2 2   3 3
151 261 4   0 0   1 1   2 2   3 3
151 278 4   0 0   1 1   2 2   3 3
151 216 4   0 0   1 1   2 2   3 3
152 288 4   0 0   1 1   2 2   3 3
152 354 4   0 0   1 1   2 2   3 3
152 341 4   0 0   1 1   2 2   3 3
153 355 4   0 0   1 1   2 2   3 3
154 320 4   0 0   1 1   2 2   3 3
154 290 4   0 0   1 1   2 2   3 3
154 243 4   0 0   1 1   2 2   3 3
154 291 4   0 0   1 1   2 2   3 3
154 360 4   0 0   1 1   2 2   3 3
155 350 4   0 0   1 1   2 2   3 3
155 238 4   0 0   1 1   2 2   3 3
155 302 4   0 0   1 1   2 2   3 3
155 159 4   0 0   1 1   2 2   3 3
156 289 4   0 0   1 1   2 2   3 3
156 343 4   0 0   1 1   2 2   3 3
156 268 4   0 0   1 1   2 2   3 3
157 265 4   0 0   1 1   2 2   3 3
157 206 4   0 0   1 1   2 2   3 3
158 305 4   0 0   1 1   2 2   3 3
158 324 4   0 0   1 1   2 2   3 3
158 197 4   0 0   1 1   2 2   3 3
158 203 4   0 0   1 1   2 2   3 3
158 251 4   0 0   1 1   2 2   3 3
159 288 4   0 0   1 1   2 2   3 3
159 178 4   0 0   1 1   2 2   3 3
159 196 4   0 0   1 1   2 2   3 3
159 341 4   0 0   1 1   2 2   3 3
159 325 4   0 0   1 1   2 2   3 3
159 253 4   0 0   1 1   2 2   3 3
159 350 4   0 0   1 1   2 2   3 3
159 238 4   0 0   1 1   2 2   3 3
160 224 4   0 0   1 1   2 2   3 3
160 339 4   0 0   1 1   2 2   3 3
160 285 4   0 0   1 1   2 2   3 3
161 336 4   0 0   1 1   2 2   3 3
161 177 4   0 0   1 1   2 2   3 3
161 185 4   0 0   1 1   2 2   3 3
161 255 4   0 0   1 1   2 2   3 3
162 249 4   0 0   1 1   2 2   3 3
162 187 4   0 0   1 1   2 2   3 3
162 347 4   0 0   1 1   2 2   3 3
163 316 4   0 0   1 1   2 2   3 3
163 223 4   0 0   1 1   2 2   3 3
164 272 4   0 0   1 1   2 2   3 3
164 297 4   0 0   1 1   2 2   3 3
164 172 4   0 0   1 1   2 2   3 3
165 266 4   0 0   1 1   2 2   3 3
166 213 4   0 0   1 1   2 2   3 3
167 292 4   0 0   1 1   2 2   3 3
167 358 4   0 0   1 1   2 2   3 3
167 200 4   0 0   1 1   2 2   3 3
167 303 4   0 0   1 1   2 2   3 3
168 209 4   0 0   1 1   2 2   3 3
168 179 4   0 0   1 1   2 2   3 3
168 269 4   0 0   1 1   2 2   3 3
168 191 4   0 0   1 1   2 2   3 3
168 271 4   0 0   1 1   2 2   3 3
169 273 4   0 0   1 1   2 2   3 3
169 210 4   0 0   1 1   2 2   3 3
169 194 4   0 0   1 1   2 2   3 3
169 189 4   0 0   1 1   2 2   3 3
170 275 4   0 0   1 1   2 2   3 3
170 264 4   0 0   1 1   2 2   3 3
171 256 4   0 0   1 1   2 2   3 3
171 339 4   0 0   1 1   2 2   3 3
171 183 4   0 0   1 1   2 2   3 3
171 347 4   0 0   1 1   2 2   3 3
171 331 4   0 0   1 1   2 2   3 3
171 299 4   0 0   1 1   2 2   3 3
171 205 4   0 0   1 1   2 2   3 3
171 285 4   0 0   1 1   2 2   3 3
172 295 4   0 0   1 1   2 2   3 3
173 194 4   0 0   1 1   2 2   3 3
173 310 4   0 0   1 1   2 2   3 3
173 363 4   0 0   1 1   2 2   3 3
174 323 4   0 0   1 1   2 2   3 3
174 262 4   0 0   1 1   2 2   3 3
174 327 4   0 0   1 1   2 2   3 3
174 247 4   0 0   1 1   2 2   3 3
174 250 4   0 0   1 1   2 2   3 3
175 278 4   0 0   1 1   2 2   3 3
175 199 4   0 0   1 1   2 2   3 3
175 311 4   0 0   1 1   2 2   3 3
175 216 4   0 0   1 1   2 2   3 3
175 187 4   0 0   1 1   2 2   3 3
176 229 4   0 0   1 1   2 2   3 3
176 342 4   0 0   1 1   2 2   3 3
177 336 4   0 0   1 1   2 2   3 3
177 182 4   0 0   1 1   2 2   3 3
177 334 4   0 0   1 1   2 2   3 3
178 298 4   0 0   1 1   2 2   3 3
178 253 4   0 0   1 1   2 2   3 3
178 238 4   0 0   1 1   2 2   3 3
179 209 4   0 0   1 1   2 2   3 3
179 183 4   0 0   1 1   2 2   3 3
180 276 4   0 0   1 1   2 2   3 3
180 313 4   0 0   1 1   2 2   3 3
180 204 4   0 0   1 1   2 2   3 3
181 359 4   0 0   1 1   2 2   3 3
181 270 4   0 0   1 1   2 2   3 3
182 225 4   0 0   1 1   2 2   3 3
182 277 4   0 0   1 1   2 2   3 3
182 315 4   0 0   1 1   2 2   3 3
182 366 4   0 0   1 1   2 2   3 3
183 209 4   0 0   1 1   2 2   3 3
183 231 4   0 0   1 1   2 2   3 3
183 331 4   0 0   1 1   2 2   3 3
183 268 4   0 0   1 1   2 2   3 3
183 205 4   0 0   1 1   2 2   3 3
184 274 4   0 0   1 1   2 2   3 3
184 246 4   0 0   1 1   2 2   3 3
184 316 4   0 0   1 1   2 2   3 3
184 349 4   0 0   1 1   2 2   3 3
185 226 4   0 0   1 1   2 2   3 3
185 255 4   0 0   1 1   2 2   3 3
186 241 4   0 0   1 1   2 2   3 3
186 357 4   0 0   1 1   2 2   3 3
186 218 4   0 0   1 1   2 2   3 3
186 365 4   0 0   1 1   2 2   3 3
186 190 4   0 0   1 1   2 2   3 3
187 216 4   0 0   1 1   2 2   3 3
187 347 4   0 0   1 1   2 2   3 3
188 290 4   0 0   1 1   2 2   3 3
188 243 4   0 0   1 1   2 2   3 3
188 278 4   0 0   1 1   2 2   3 3
188 214 4   0 0   1 1   2 2   3 3
188 362 4   0 0   1 1   2 2   3 3
189 210 4   0 0   1 1   2 2   3 3
189 356 4   0 0   1 1   2 2   3 3
189 263 4   0 0   1 1   2 2   3 3
190 323 4   0 0   1 1   2 2   3 3
191 232 4   0 0   1 1   2 2   3 3
191 271 4   0 0   1 1   2 2   3 3
192 193 4   0 0   1 1   2 2   3 3
192 212 4   0 0   1 1   2 2   3 3
192 246 4   0 0   1 1   2 2   3 3
192 328 4   0 0   1 1   2 2   3 3
192 349 4   0 0   1 1   2 2   3 3
193 328 4   0 0   1 1   2 2   3 3
193 344 4   0 0   1 1   2 2   3 3
194 310 4   0 0   1 1   2 2   3 3
194 330 4   0 0   1 1   2 2   3 3
195 321 4   0 0   1 1   2 2   3 3
195 249 4   0 0   1 1   2 2   3 3
195 268 4   0 0   1 1   2 2   3 3
195 237 4   0 0   1 1   2 2   3 3
195 286 4   0 0   1 1   2 2   3 3
196 224 4   0 0   1 1   2 2   3 3
196 288 4   0 0   1 1   2 2   3 3
196 354 4   0 0   1 1   2 2   3 3
196 322 4   0 0   1 1   2 2   3 3
196 253 4   0 0   1 1   2 2   3 3
197 202 4   0 0   1 1   2 2   3 3
197 254 4   0 0   1 1   2 2   3 3
198 321 4   0 0   1 1   2 2   3 3
198 201 4   0 0   1 1   2 2   3 3
198 221 4   0 0   1 1   2 2   3 3
199 311 4   0 0   1 1   2 2   3 3
199 318 4   0 0   1 1   2 2   3 3
200 211 4   0 0   1 1   2 2   3 3
200 292 4   0 0   1 1   2 2   3 3
200 326 4   0 0   1 1   2 2   3 3
200 310 4   0 0   1 1   2 2   3 3
200 265 4   0 0   1 1   2 2   3 3
200 217 4   0 0   1 1   2 2   3 3
201 321 4   0 0   1 1   2 2   3 3
201 234 4   0 0   1 1   2 2   3 3
201 221 4   0 0   1 1   2 2   3 3
202 254 4   0 0   1 1   2 2   3 3
203 305 4   0 0   1 1   2 2   3 3
203 241 4   0 0   1 1   2 2   3 3
203 279 4   0 0   1 1   2 2   3 3
203 251 4   0 0   1 1   2 2   3 3
203 365 4   0 0   1 1   2 2   3 3
204 212 4   0 0   1 1   2 2   3 3
205 256 4   0 0   1 1   2 2   3 3
205 268 4   0 0   1 1   2 2   3 3
206 272 4   0 0   1 1   2 2   3 3
207 240 4   0 0   1 1   2 2   3 3
207 220 4   0 0   1 1   2 2   3 3
208 340 4   0 0   1 1   2 2   3 3
208 287 4   0 0   1 1   2 2   3 3
208 239 4   0 0   1 1   2 2   3 3
209 231 4   0 0   1 1   2 2   3 3
209 364 4   0 0   1 1   2 2   3 3
210 273 4   0 0   1 1   2 2   3 3
210 306 4   0 0   1 1   2 2   3 3
210 322 4   0 0   1 1   2 2   3 3
210 263 4   0 0   1 1   2 2   3 3
211 292 4   0 0   1 1   2 2   3 3
211 217 4   0 0   1 1   2 2   3 3
213 312 4   0 0   1 1   2 2   3 3
214 278 4   0 0   1 1   2 2   3 3
214 362 4   0 0   1 1   2 2   3 3
215 260 4   0 0   1 1   2 2   3 3
215 332 4   0 0   1 1   2 2   3 3
216 261 4   0 0   1 1   2 2   3 3
216 278 4   0 0   1 1   2 2   3 3
216 347 4   0 0   1 1   2 2   3 3
217 310 4   0 0   1 1   2 2   3 3
218 241 4   0 0   1 1   2 2   3 3
218 323 4   0 0   1 1   2 2   3 3
218 247 4   0 0   1 1   2 2   3 3
219 293 4   0 0   1 1   2 2   3 3
219 300 4   0 0   1 1   2 2   3 3
220 227 4   0 0   1 1   2 2   3 3
221 321 4   0 0   1 1   2 2   3 3
221 234 4   0 0   1 1   2 2   3 3
222 344 4   0 0   1 1   2 2   3 3
222 281 4   0 0   1 1   2 2   3 3
222 255 4   0 0   1 1   2 2   3 3
223 276 4   0 0   1 1   2 2   3 3
223 361 4   0 0   1 1   2 2   3 3
224 354 4   0 0   1 1   2 2   3 3
224 322 4   0 0   1 1   2 2   3 3
224 339 4   0 0   1 1   2 2   3 3
225 274 4   0 0   1 1   2 2   3 3
225 277 4   0 0   1 1   2 2   3 3
225 315 4   0 0   1 1   2 2   3 3
227 282 4   0 0   1 1   2 2   3 3
229 357 4   0 0   1 1   2 2   3 3
229 342 4   0 0   1 1   2 2   3 3
230 295 4   0 0   1 1   2 2   3 3
230 252 4   0 0   1 1   2 2   3 3
230 333 4   0 0   1 1   2 2   3 3
231 345 4   0 0   1 1   2 2   3 3
231 268 4   0 0   1 1   2 2   3 3
232 235 4   0 0   1 1   2 2   3 3
232 271 4   0 0   1 1   2 2   3 3
233 326 4   0 0   1 1   2 2   3 3
233 330 4   0 0   1 1   2 2   3 3
235 257 4   0 0   1 1   2 2   3 3
235 306 4   0 0   1 1   2 2   3 3
236 258 4   0 0   1 1   2 2   3 3
237 321 4   0 0   1 1   2 2   3 3
237 270 4   0 0   1 1   2 2   3 3
238 298 4   0 0   1 1   2 2   3 3
238 319 4   0 0   1 1   2 2   3 3
239 340 4   0 0   1 1   2 2   3 3
241 247 4   0 0   1 1   2 2   3 3
241 279 4   0 0   1 1   2 2   3 3
241 365 4   0 0   1 1   2 2   3 3
242 346 4   0 0   1 1   2 2   3 3
243 290 4   0 0   1 1   2 2   3 3
243 278 4   0 0   1 1   2 2   3 3
244 327 4   0 0   1 1   2 2   3 3
244 248 4   0 0   1 1   2 2   3 3
244 319 4   0 0   1 1   2 2   3 3
245 364 4   0 0   1 1   2 2   3 3
245 269 4   0 0   1 1   2 2   3 3
246 316 4   0 0   1 1   2 2   3 3
246 349 4   0 0   1 1   2 2   3 3
247 323 4   0 0   1 1   2 2   3 3
247 262 4   0 0   1 1   2 2   3 3
247 279 4   0 0   1 1   2 2   3 3
249 321 4   0 0   1 1   2 2   3 3
249 286 4   0 0   1 1   2 2   3 3
250 262 4   0 0   1 1   2 2   3 3
251 305 4   0 0   1 1   2 2   3 3
251 324 4   0 0   1 1   2 2   3 3
251 365 4   0 0   1 1   2 2   3 3
252 258 4   0 0   1 1   2 2   3 3
252 295 4   0 0   1 1   2 2   3 3
253 273 4   0 0   1 1   2 2   3 3
254 327 4   0 0   1 1   2 2   3 3
255 336 4   0 0   1 1   2 2   3 3
255 344 4   0 0   1 1   2 2   3 3
256 347 4   0 0   1 1   2 2   3 3
256 286 4   0 0   1 1   2 2   3 3
257 306 4   0 0   1 1   2 2   3 3
257 329 4   0 0   1 1   2 2   3 3
258 267 4   0 0   1 1   2 2   3 3
259 269 4   0 0   1 1   2 2   3 3
260 296 4   0 0   1 1   2 2   3 3
260 332 4   0 0   1 1   2 2   3 3
260 300 4   0 0   1 1   2 2   3 3
261 280 4   0 0   1 1   2 2   3 3
261 347 4   0 0   1 1   2 2   3 3
262 279 4   0 0   1 1   2 2   3 3
263 306 4   0 0   1 1   2 2   3 3
264 304 4   0 0   1 1   2 2   3 3
264 338 4   0 0   1 1   2 2   3 3
265 326 4   0 0   1 1   2 2   3 3
266 346 4   0 0   1 1   2 2   3 3
267 355 4   0 0   1 1   2 2   3 3
268 345 4   0 0   1 1   2 2   3 3
269 271 4   0 0   1 1   2 2   3 3
270 289 4   0 0   1 1   2 2   3 3
272 307 4   0 0   1 1   2 2   3 3
273 322 4   0 0   1 1   2 2   3 3
274 315 4   0 0   1 1   2 2   3 3
274 316 4   0 0   1 1   2 2   3 3
275 360 4   0 0   1 1   2 2   3 3
276 313 4   0 0   1 1   2 2   3 3
276 361 4   0 0   1 1   2 2   3 3
280 347 4   0 0   1 1   2 2   3 3
280 285 4   0 0   1 1   2 2   3 3
281 344 4   0 0   1 1   2 2   3 3
282 353 4   0 0   1 1   2 2   3 3
282 337 4   0 0   1 1   2 2   3 3
282 335 4   0 0   1 1   2 2   3 3
283 294 4   0 0   1 1   2 2   3 3
284 294 4   0 0   1 1   2 2   3 3
285 339 4   0 0   1 1   2 2   3 3
285 347 4   0 0   1 1   2 2   3 3
285 299 4   0 0   1 1   2 2   3 3
287 352 4   0 0   1 1   2 2   3 3
287 340 4   0 0   1 1   2 2   3 3
288 354 4   0 0   1 1   2 2   3 3
288 341 4   0 0   1 1   2 2   3 3
290 362 4   0 0   1 1   2 2   3 3
291 354 4   0 0   1 1   2 2   3 3
291 360 4   0 0   1 1   2 2   3 3
292 323 4   0 0   1 1   2 2   3 3
292 358 4   0 0   1 1   2 2   3 3
293 296 4   0 0   1 1   2 2   3 3
293 300 4   0 0   1 1   2 2   3 3
294 297 4   0 0   1 1   2 2   3 3
294 367 4   0 0   1 1   2 2   3 3
295 307 4   0 0   1 1   2 2   3 3
295 333 4   0 0   1 1   2 2   3 3
296 332 4   0 0   1 1   2 2   3 3
296 300 4   0 0   1 1   2 2   3 3
296 317 4   0 0   1 1   2 2   3 3
297 352 4   0 0   1 1   2 2   3 3
299 339 4   0 0   1 1   2 2   3 3
301 308 4   0 0   1 1   2 2   3 3
301 358 4   0 0   1 1   2 2   3 3
301 303 4   0 0   1 1   2 2   3 3
302 350 4   0 0   1 1   2 2   3 3
303 308 4   0 0   1 1   2 2   3 3
303 358 4   0 0   1 1   2 2   3 3
304 338 4   0 0   1 1   2 2   3 3
309 327 4   0 0   1 1   2 2   3 3
310 326 4   0 0   1 1   2 2   3 3
310 330 4   0 0   1 1   2 2   3 3
310 363 4   0 0   1 1   2 2   3 3
311 318 4   0 0   1 1   2 2   3 3
312 319 4   0 0   1 1   2 2   3 3
313 361 4   0 0   1 1   2 2   3 3
314 326 4   0 0   1 1   2 2   3 3
315 345 4   0 0   1 1   2 2   3 3
315 366 4   0 0   1 1   2 2   3 3
320 353 4   0 0   1 1   2 2   3 3
320 337 4   0 0   1 1   2 2   3 3
320 362 4   0 0   1 1   2 2   3 3
320 335 4   0 0   1 1   2 2   3 3
323 358 4   0 0   1 1   2 2   3 3
325 338 4   0 0   1 1   2 2   3 3
325 341 4   0 0   1 1   2 2   3 3
325 350 4   0 0   1 1   2 2   3 3
326 330 4   0 0   1 1   2 2   3 3
328 349 4   0 0   1 1   2 2   3 3
329 339 4   0 0   1 1   2 2   3 3
329 331 4   0 0   1 1   2 2   3 3
331 339 4   0 0   1 1   2 2   3 3
334 336 4   0 0   1 1   2 2   3 3
335 353 4   0 0   1 1   2 2   3 3
336 344 4   0 0   1 1   2 2   3 3
337 353 4   0 0   1 1   2 2   3 3
343 345 4   0 0   1 1   2 2   3 3
345 366 4   0 0   1 1   2 2   3 3
