315
1 4 0 1 2 3
2 4 0 1 2 3
3 4 0 1 2 3
4 4 0 1 2 3
5 4 0 1 2 3
6 4 0 1 2 3
7 4 0 1 2 3
8 4 0 1 2 3
9 4 0 1 2 3
10 4 0 1 2 3
11 4 0 1 2 3
12 4 0 1 2 3
13 4 0 1 2 3
14 4 0 1 2 3
15 4 0 1 2 3
16 4 0 1 2 3
17 4 0 1 2 3
18 4 0 1 2 3
19 4 0 1 2 3
20 4 0 1 2 3
21 4 0 1 2 3
22 4 0 1 2 3
23 4 0 1 2 3
24 4 0 1 2 3
25 4 0 1 2 3
26 4 0 1 2 3
27 4 0 1 2 3
28 4 0 1 2 3
29 4 0 1 2 3
30 4 0 1 2 3
31 4 0 1 2 3
32 4 0 1 2 3
33 4 0 1 2 3
34 4 0 1 2 3
35 4 0 1 2 3
36 4 0 1 2 3
37 4 0 1 2 3
38 4 0 1 2 3
39 4 0 1 2 3
40 4 0 1 2 3
41 4 0 1 2 3
42 4 0 1 2 3
43 4 0 1 2 3
44 4 0 1 2 3
45 4 0 1 2 3
46 4 0 1 2 3
47 4 0 1 2 3
48 4 0 1 2 3
49 4 0 1 2 3
50 4 0 1 2 3
51 4 0 1 2 3
52 4 0 1 2 3
53 4 0 1 2 3
54 4 0 1 2 3
55 4 0 1 2 3
56 4 0 1 2 3
57 4 0 1 2 3
58 4 0 1 2 3
59 4 0 1 2 3
60 4 0 1 2 3
61 4 0 1 2 3
62 4 0 1 2 3
63 4 0 1 2 3
64 4 0 1 2 3
65 4 0 1 2 3
66 4 0 1 2 3
67 4 0 1 2 3
68 4 0 1 2 3
69 4 0 1 2 3
70 4 0 1 2 3
71 4 0 1 2 3
72 4 0 1 2 3
73 4 0 1 2 3
74 4 0 1 2 3
75 4 0 1 2 3
76 4 0 1 2 3
77 4 0 1 2 3
78 4 0 1 2 3
79 4 0 1 2 3
80 4 0 1 2 3
81 4 0 1 2 3
82 4 0 1 2 3
83 4 0 1 2 3
84 4 0 1 2 3
85 4 0 1 2 3
86 4 0 1 2 3
87 4 0 1 2 3
88 4 0 1 2 3
89 4 0 1 2 3
90 4 0 1 2 3
91 4 0 1 2 3
92 4 0 1 2 3
93 4 0 1 2 3
94 4 0 1 2 3
95 4 0 1 2 3
96 4 0 1 2 3
97 4 0 1 2 3
98 4 0 1 2 3
99 4 0 1 2 3
100 4 0 1 2 3
101 4 0 1 2 3
102 4 0 1 2 3
103 4 0 1 2 3
104 4 0 1 2 3
105 4 0 1 2 3
106 4 0 1 2 3
107 4 0 1 2 3
108 4 0 1 2 3
109 4 0 1 2 3
110 4 0 1 2 3
111 4 0 1 2 3
112 4 0 1 2 3
113 4 0 1 2 3
114 4 0 1 2 3
115 4 0 1 2 3
116 4 0 1 2 3
117 4 0 1 2 3
118 4 0 1 2 3
119 4 0 1 2 3
120 4 0 1 2 3
121 4 0 1 2 3
122 4 0 1 2 3
123 4 0 1 2 3
124 4 0 1 2 3
125 4 0 1 2 3
126 4 0 1 2 3
127 4 0 1 2 3
128 4 0 1 2 3
129 4 0 1 2 3
130 4 0 1 2 3
131 4 0 1 2 3
132 4 0 1 2 3
133 4 0 1 2 3
134 4 0 1 2 3
135 4 0 1 2 3
136 4 0 1 2 3
137 4 0 1 2 3
138 4 0 1 2 3
139 4 0 1 2 3
140 4 0 1 2 3
141 4 0 1 2 3
142 4 0 1 2 3
143 4 0 1 2 3
144 4 0 1 2 3
145 4 0 1 2 3
146 4 0 1 2 3
147 4 0 1 2 3
148 4 0 1 2 3
149 4 0 1 2 3
150 4 0 1 2 3
151 4 0 1 2 3
152 4 0 1 2 3
153 4 0 1 2 3
154 4 0 1 2 3
155 4 0 1 2 3
156 4 0 1 2 3
157 4 0 1 2 3
158 4 0 1 2 3
159 4 0 1 2 3
160 4 0 1 2 3
161 4 0 1 2 3
162 4 0 1 2 3
163 4 0 1 2 3
164 4 0 1 2 3
165 4 0 1 2 3
166 4 0 1 2 3
167 4 0 1 2 3
168 4 0 1 2 3
169 4 0 1 2 3
170 4 0 1 2 3
171 4 0 1 2 3
172 4 0 1 2 3
173 4 0 1 2 3
174 4 0 1 2 3
175 4 0 1 2 3
176 4 0 1 2 3
177 4 0 1 2 3
178 4 0 1 2 3
179 4 0 1 2 3
180 4 0 1 2 3
181 4 0 1 2 3
182 4 0 1 2 3
183 4 0 1 2 3
184 4 0 1 2 3
185 4 0 1 2 3
186 4 0 1 2 3
187 4 0 1 2 3
188 4 0 1 2 3
189 4 0 1 2 3
190 4 0 1 2 3
191 4 0 1 2 3
192 4 0 1 2 3
193 4 0 1 2 3
194 4 0 1 2 3
195 4 0 1 2 3
196 4 0 1 2 3
197 4 0 1 2 3
198 4 0 1 2 3
199 4 0 1 2 3
200 4 0 1 2 3
201 4 0 1 2 3
202 4 0 1 2 3
203 4 0 1 2 3
204 4 0 1 2 3
205 4 0 1 2 3
206 4 0 1 2 3
207 4 0 1 2 3
208 4 0 1 2 3
209 4 0 1 2 3
210 4 0 1 2 3
211 4 0 1 2 3
212 4 0 1 2 3
213 4 0 1 2 3
214 4 0 1 2 3
215 4 0 1 2 3
216 4 0 1 2 3
217 4 0 1 2 3
218 4 0 1 2 3
219 4 0 1 2 3
220 4 0 1 2 3
221 4 0 1 2 3
222 4 0 1 2 3
223 4 0 1 2 3
224 4 0 1 2 3
225 4 0 1 2 3
226 4 0 1 2 3
227 4 0 1 2 3
228 4 0 1 2 3
229 4 0 1 2 3
230 4 0 1 2 3
231 4 0 1 2 3
232 4 0 1 2 3
233 4 0 1 2 3
234 4 0 1 2 3
235 4 0 1 2 3
236 4 0 1 2 3
237 4 0 1 2 3
238 4 0 1 2 3
239 4 0 1 2 3
240 4 0 1 2 3
241 4 0 1 2 3
242 4 0 1 2 3
243 4 0 1 2 3
244 4 0 1 2 3
245 4 0 1 2 3
246 4 0 1 2 3
247 4 0 1 2 3
248 4 0 1 2 3
249 4 0 1 2 3
250 4 0 1 2 3
251 4 0 1 2 3
252 4 0 1 2 3
253 4 0 1 2 3
254 4 0 1 2 3
255 4 0 1 2 3
256 4 0 1 2 3
257 4 0 1 2 3
258 4 0 1 2 3
259 4 0 1 2 3
260 4 0 1 2 3
261 4 0 1 2 3
262 4 0 1 2 3
263 4 0 1 2 3
264 4 0 1 2 3
265 4 0 1 2 3
266 4 0 1 2 3
267 4 0 1 2 3
268 4 0 1 2 3
269 4 0 1 2 3
270 4 0 1 2 3
271 4 0 1 2 3
272 4 0 1 2 3
273 4 0 1 2 3
274 4 0 1 2 3
275 4 0 1 2 3
276 4 0 1 2 3
277 4 0 1 2 3
278 4 0 1 2 3
279 4 0 1 2 3
280 4 0 1 2 3
281 4 0 1 2 3
282 4 0 1 2 3
283 4 0 1 2 3
284 4 0 1 2 3
285 4 0 1 2 3
286 4 0 1 2 3
287 4 0 1 2 3
288 4 0 1 2 3
289 4 0 1 2 3
290 4 0 1 2 3
291 4 0 1 2 3
292 4 0 1 2 3
293 4 0 1 2 3
294 4 0 1 2 3
295 4 0 1 2 3
296 4 0 1 2 3
297 4 0 1 2 3
298 4 0 1 2 3
299 4 0 1 2 3
300 4 0 1 2 3
301 4 0 1 2 3
302 4 0 1 2 3
303 4 0 1 2 3
304 4 0 1 2 3
305 4 0 1 2 3
306 4 0 1 2 3
307 4 0 1 2 3
308 4 0 1 2 3
309 4 0 1 2 3
310 4 0 1 2 3
311 4 0 1 2 3
312 4 0 1 2 3
313 4 0 1 2 3
314 4 0 1 2 3
315 4 0 1 2 3
885
1 192 4   0 0   1 1   2 2   3 3
1 242 4   0 0   1 1   2 2   3 3
1 36 4   0 0   1 1   2 2   3 3
1 297 4   0 0   1 1   2 2   3 3
1 89 4   0 0   1 1   2 2   3 3
1 271 4   0 0   1 1   2 2   3 3
2 65 4   0 0   1 1   2 2   3 3
2 148 4   0 0   1 1   2 2   3 3
2 118 4   0 0   1 1   2 2   3 3
2 278 4   0 0   1 1   2 2   3 3
2 55 4   0 0   1 1   2 2   3 3
2 142 4   0 0   1 1   2 2   3 3
3 308 4   0 0   1 1   2 2   3 3
3 245 4   0 0   1 1   2 2   3 3
3 151 4   0 0   1 1   2 2   3 3
3 202 4   0 0   1 1   2 2   3 3
3 175 4   0 0   1 1   2 2   3 3
4 304 4   0 0   1 1   2 2   3 3
4 292 4   0 0   1 1   2 2   3 3
4 262 4   0 0   1 1   2 2   3 3
4 73 4   0 0   1 1   2 2   3 3
4 126 4   0 0   1 1   2 2   3 3
4 30 4   0 0   1 1   2 2   3 3
4 79 4   0 0   1 1   2 2   3 3
5 230 4   0 0   1 1   2 2   3 3
5 168 4   0 0   1 1   2 2   3 3
5 267 4   0 0   1 1   2 2   3 3
5 31 4   0 0   1 1   2 2   3 3
6 307 4   0 0   1 1   2 2   3 3
6 213 4   0 0   1 1   2 2   3 3
6 279 4   0 0   1 1   2 2   3 3
6 234 4   0 0   1 1   2 2   3 3
6 91 4   0 0   1 1   2 2   3 3
6 15 4   0 0   1 1   2 2   3 3
6 303 4   0 0   1 1   2 2   3 3
7 289 4   0 0   1 1   2 2   3 3
7 147 4   0 0   1 1   2 2   3 3
7 294 4   0 0   1 1   2 2   3 3
7 221 4   0 0   1 1   2 2   3 3
7 62 4   0 0   1 1   2 2   3 3
8 208 4   0 0   1 1   2 2   3 3
8 214 4   0 0   1 1   2 2   3 3
8 201 4   0 0   1 1   2 2   3 3
8 237 4   0 0   1 1   2 2   3 3
9 162 4   0 0   1 1   2 2   3 3
9 100 4   0 0   1 1   2 2   3 3
9 119 4   0 0   1 1   2 2   3 3
9 185 4   0 0   1 1   2 2   3 3
10 144 4   0 0   1 1   2 2   3 3
10 240 4   0 0   1 1   2 2   3 3
10 67 4   0 0   1 1   2 2   3 3
10 74 4   0 0   1 1   2 2   3 3
10 123 4   0 0   1 1   2 2   3 3
10 63 4   0 0   1 1   2 2   3 3
11 193 4   0 0   1 1   2 2   3 3
11 73 4   0 0   1 1   2 2   3 3
11 223 4   0 0   1 1   2 2   3 3
11 79 4   0 0   1 1   2 2   3 3
12 64 4   0 0   1 1   2 2   3 3
12 144 4   0 0   1 1   2 2   3 3
12 214 4   0 0   1 1   2 2   3 3
12 43 4   0 0   1 1   2 2   3 3
12 141 4   0 0   1 1   2 2   3 3
13 100 4   0 0   1 1   2 2   3 3
13 39 4   0 0   1 1   2 2   3 3
13 58 4   0 0   1 1   2 2   3 3
13 287 4   0 0   1 1   2 2   3 3
14 16 4   0 0   1 1   2 2   3 3
14 263 4   0 0   1 1   2 2   3 3
14 219 4   0 0   1 1   2 2   3 3
15 145 4   0 0   1 1   2 2   3 3
15 213 4   0 0   1 1   2 2   3 3
15 169 4   0 0   1 1   2 2   3 3
15 155 4   0 0   1 1   2 2   3 3
15 91 4   0 0   1 1   2 2   3 3
16 101 4   0 0   1 1   2 2   3 3
16 263 4   0 0   1 1   2 2   3 3
16 264 4   0 0   1 1   2 2   3 3
16 219 4   0 0   1 1   2 2   3 3
17 288 4   0 0   1 1   2 2   3 3
17 164 4   0 0   1 1   2 2   3 3
17 38 4   0 0   1 1   2 2   3 3
17 250 4   0 0   1 1   2 2   3 3
17 189 4   0 0   1 1   2 2   3 3
17 127 4   0 0   1 1   2 2   3 3
18 259 4   0 0   1 1   2 2   3 3
18 277 4   0 0   1 1   2 2   3 3
18 133 4   0 0   1 1   2 2   3 3
18 313 4   0 0   1 1   2 2   3 3
18 249 4   0 0   1 1   2 2   3 3
18 157 4   0 0   1 1   2 2   3 3
18 159 4   0 0   1 1   2 2   3 3
19 240 4   0 0   1 1   2 2   3 3
19 85 4   0 0   1 1   2 2   3 3
19 55 4   0 0   1 1   2 2   3 3
19 90 4   0 0   1 1   2 2   3 3
19 173 4   0 0   1 1   2 2   3 3
19 63 4   0 0   1 1   2 2   3 3
20 161 4   0 0   1 1   2 2   3 3
20 215 4   0 0   1 1   2 2   3 3
20 315 4   0 0   1 1   2 2   3 3
20 187 4   0 0   1 1   2 2   3 3
20 141 4   0 0   1 1   2 2   3 3
21 161 4   0 0   1 1   2 2   3 3
21 215 4   0 0   1 1   2 2   3 3
21 169 4   0 0   1 1   2 2   3 3
21 59 4   0 0   1 1   2 2   3 3
21 76 4   0 0   1 1   2 2   3 3
21 61 4   0 0   1 1   2 2   3 3
22 304 4   0 0   1 1   2 2   3 3
22 225 4   0 0   1 1   2 2   3 3
22 166 4   0 0   1 1   2 2   3 3
22 158 4   0 0   1 1   2 2   3 3
22 79 4   0 0   1 1   2 2   3 3
23 257 4   0 0   1 1   2 2   3 3
23 258 4   0 0   1 1   2 2   3 3
23 182 4   0 0   1 1   2 2   3 3
23 120 4   0 0   1 1   2 2   3 3
23 121 4   0 0   1 1   2 2   3 3
23 299 4   0 0   1 1   2 2   3 3
23 92 4   0 0   1 1   2 2   3 3
24 33 4   0 0   1 1   2 2   3 3
24 309 4   0 0   1 1   2 2   3 3
24 152 4   0 0   1 1   2 2   3 3
24 124 4   0 0   1 1   2 2   3 3
25 192 4   0 0   1 1   2 2   3 3
25 290 4   0 0   1 1   2 2   3 3
25 52 4   0 0   1 1   2 2   3 3
25 246 4   0 0   1 1   2 2   3 3
25 266 4   0 0   1 1   2 2   3 3
26 296 4   0 0   1 1   2 2   3 3
26 57 4   0 0   1 1   2 2   3 3
26 137 4   0 0   1 1   2 2   3 3
26 58 4   0 0   1 1   2 2   3 3
26 314 4   0 0   1 1   2 2   3 3
27 261 4   0 0   1 1   2 2   3 3
27 87 4   0 0   1 1   2 2   3 3
27 217 4   0 0   1 1   2 2   3 3
27 220 4   0 0   1 1   2 2   3 3
27 205 4   0 0   1 1   2 2   3 3
28 289 4   0 0   1 1   2 2   3 3
28 216 4   0 0   1 1   2 2   3 3
28 281 4   0 0   1 1   2 2   3 3
28 202 4   0 0   1 1   2 2   3 3
28 284 4   0 0   1 1   2 2   3 3
29 179 4   0 0   1 1   2 2   3 3
29 153 4   0 0   1 1   2 2   3 3
29 268 4   0 0   1 1   2 2   3 3
29 222 4   0 0   1 1   2 2   3 3
29 95 4   0 0   1 1   2 2   3 3
30 210 4   0 0   1 1   2 2   3 3
30 262 4   0 0   1 1   2 2   3 3
30 72 4   0 0   1 1   2 2   3 3
30 126 4   0 0   1 1   2 2   3 3
30 206 4   0 0   1 1   2 2   3 3
30 111 4   0 0   1 1   2 2   3 3
31 176 4   0 0   1 1   2 2   3 3
31 288 4   0 0   1 1   2 2   3 3
31 276 4   0 0   1 1   2 2   3 3
31 230 4   0 0   1 1   2 2   3 3
31 168 4   0 0   1 1   2 2   3 3
31 89 4   0 0   1 1   2 2   3 3
31 266 4   0 0   1 1   2 2   3 3
31 270 4   0 0   1 1   2 2   3 3
31 271 4   0 0   1 1   2 2   3 3
32 208 4   0 0   1 1   2 2   3 3
32 114 4   0 0   1 1   2 2   3 3
32 312 4   0 0   1 1   2 2   3 3
32 109 4   0 0   1 1   2 2   3 3
33 226 4   0 0   1 1   2 2   3 3
33 116 4   0 0   1 1   2 2   3 3
33 152 4   0 0   1 1   2 2   3 3
33 252 4   0 0   1 1   2 2   3 3
33 124 4   0 0   1 1   2 2   3 3
34 102 4   0 0   1 1   2 2   3 3
34 139 4   0 0   1 1   2 2   3 3
34 172 4   0 0   1 1   2 2   3 3
34 125 4   0 0   1 1   2 2   3 3
34 190 4   0 0   1 1   2 2   3 3
35 225 4   0 0   1 1   2 2   3 3
35 193 4   0 0   1 1   2 2   3 3
35 166 4   0 0   1 1   2 2   3 3
35 104 4   0 0   1 1   2 2   3 3
35 265 4   0 0   1 1   2 2   3 3
35 138 4   0 0   1 1   2 2   3 3
35 303 4   0 0   1 1   2 2   3 3
36 192 4   0 0   1 1   2 2   3 3
36 306 4   0 0   1 1   2 2   3 3
36 86 4   0 0   1 1   2 2   3 3
36 248 4   0 0   1 1   2 2   3 3
36 297 4   0 0   1 1   2 2   3 3
37 149 4   0 0   1 1   2 2   3 3
37 261 4   0 0   1 1   2 2   3 3
37 165 4   0 0   1 1   2 2   3 3
37 70 4   0 0   1 1   2 2   3 3
37 44 4   0 0   1 1   2 2   3 3
37 108 4   0 0   1 1   2 2   3 3
38 304 4   0 0   1 1   2 2   3 3
38 232 4   0 0   1 1   2 2   3 3
38 189 4   0 0   1 1   2 2   3 3
38 126 4   0 0   1 1   2 2   3 3
38 127 4   0 0   1 1   2 2   3 3
39 100 4   0 0   1 1   2 2   3 3
39 150 4   0 0   1 1   2 2   3 3
39 294 4   0 0   1 1   2 2   3 3
39 287 4   0 0   1 1   2 2   3 3
40 277 4   0 0   1 1   2 2   3 3
40 135 4   0 0   1 1   2 2   3 3
40 295 4   0 0   1 1   2 2   3 3
40 188 4   0 0   1 1   2 2   3 3
41 296 4   0 0   1 1   2 2   3 3
41 281 4   0 0   1 1   2 2   3 3
41 314 4   0 0   1 1   2 2   3 3
41 300 4   0 0   1 1   2 2   3 3
41 94 4   0 0   1 1   2 2   3 3
41 287 4   0 0   1 1   2 2   3 3
42 211 4   0 0   1 1   2 2   3 3
42 115 4   0 0   1 1   2 2   3 3
42 229 4   0 0   1 1   2 2   3 3
42 263 4   0 0   1 1   2 2   3 3
42 264 4   0 0   1 1   2 2   3 3
42 124 4   0 0   1 1   2 2   3 3
42 45 4   0 0   1 1   2 2   3 3
42 191 4   0 0   1 1   2 2   3 3
43 144 4   0 0   1 1   2 2   3 3
43 214 4   0 0   1 1   2 2   3 3
43 280 4   0 0   1 1   2 2   3 3
43 74 4   0 0   1 1   2 2   3 3
43 237 4   0 0   1 1   2 2   3 3
44 161 4   0 0   1 1   2 2   3 3
44 70 4   0 0   1 1   2 2   3 3
44 279 4   0 0   1 1   2 2   3 3
44 217 4   0 0   1 1   2 2   3 3
44 234 4   0 0   1 1   2 2   3 3
44 315 4   0 0   1 1   2 2   3 3
44 220 4   0 0   1 1   2 2   3 3
45 115 4   0 0   1 1   2 2   3 3
45 263 4   0 0   1 1   2 2   3 3
45 207 4   0 0   1 1   2 2   3 3
46 227 4   0 0   1 1   2 2   3 3
46 106 4   0 0   1 1   2 2   3 3
46 239 4   0 0   1 1   2 2   3 3
47 172 4   0 0   1 1   2 2   3 3
48 181 4   0 0   1 1   2 2   3 3
48 199 4   0 0   1 1   2 2   3 3
48 60 4   0 0   1 1   2 2   3 3
48 253 4   0 0   1 1   2 2   3 3
48 207 4   0 0   1 1   2 2   3 3
49 304 4   0 0   1 1   2 2   3 3
49 196 4   0 0   1 1   2 2   3 3
49 166 4   0 0   1 1   2 2   3 3
49 103 4   0 0   1 1   2 2   3 3
49 232 4   0 0   1 1   2 2   3 3
49 265 4   0 0   1 1   2 2   3 3
49 158 4   0 0   1 1   2 2   3 3
50 229 4   0 0   1 1   2 2   3 3
50 71 4   0 0   1 1   2 2   3 3
50 298 4   0 0   1 1   2 2   3 3
50 124 4   0 0   1 1   2 2   3 3
50 143 4   0 0   1 1   2 2   3 3
51 240 4   0 0   1 1   2 2   3 3
51 67 4   0 0   1 1   2 2   3 3
51 187 4   0 0   1 1   2 2   3 3
51 235 4   0 0   1 1   2 2   3 3
51 141 4   0 0   1 1   2 2   3 3
52 290 4   0 0   1 1   2 2   3 3
52 246 4   0 0   1 1   2 2   3 3
52 154 4   0 0   1 1   2 2   3 3
52 75 4   0 0   1 1   2 2   3 3
53 68 4   0 0   1 1   2 2   3 3
53 293 4   0 0   1 1   2 2   3 3
53 107 4   0 0   1 1   2 2   3 3
53 251 4   0 0   1 1   2 2   3 3
53 143 4   0 0   1 1   2 2   3 3
54 96 4   0 0   1 1   2 2   3 3
54 160 4   0 0   1 1   2 2   3 3
54 272 4   0 0   1 1   2 2   3 3
54 305 4   0 0   1 1   2 2   3 3
54 299 4   0 0   1 1   2 2   3 3
55 65 4   0 0   1 1   2 2   3 3
55 118 4   0 0   1 1   2 2   3 3
55 90 4   0 0   1 1   2 2   3 3
55 173 4   0 0   1 1   2 2   3 3
56 178 4   0 0   1 1   2 2   3 3
56 262 4   0 0   1 1   2 2   3 3
56 236 4   0 0   1 1   2 2   3 3
56 206 4   0 0   1 1   2 2   3 3
57 88 4   0 0   1 1   2 2   3 3
57 137 4   0 0   1 1   2 2   3 3
57 58 4   0 0   1 1   2 2   3 3
57 251 4   0 0   1 1   2 2   3 3
58 296 4   0 0   1 1   2 2   3 3
58 287 4   0 0   1 1   2 2   3 3
59 82 4   0 0   1 1   2 2   3 3
59 131 4   0 0   1 1   2 2   3 3
59 231 4   0 0   1 1   2 2   3 3
59 215 4   0 0   1 1   2 2   3 3
59 76 4   0 0   1 1   2 2   3 3
60 115 4   0 0   1 1   2 2   3 3
60 253 4   0 0   1 1   2 2   3 3
60 191 4   0 0   1 1   2 2   3 3
60 207 4   0 0   1 1   2 2   3 3
61 184 4   0 0   1 1   2 2   3 3
61 169 4   0 0   1 1   2 2   3 3
61 122 4   0 0   1 1   2 2   3 3
61 204 4   0 0   1 1   2 2   3 3
61 76 4   0 0   1 1   2 2   3 3
61 269 4   0 0   1 1   2 2   3 3
62 81 4   0 0   1 1   2 2   3 3
62 289 4   0 0   1 1   2 2   3 3
62 311 4   0 0   1 1   2 2   3 3
62 233 4   0 0   1 1   2 2   3 3
62 284 4   0 0   1 1   2 2   3 3
62 140 4   0 0   1 1   2 2   3 3
62 221 4   0 0   1 1   2 2   3 3
62 238 4   0 0   1 1   2 2   3 3
63 240 4   0 0   1 1   2 2   3 3
63 85 4   0 0   1 1   2 2   3 3
63 123 4   0 0   1 1   2 2   3 3
64 82 4   0 0   1 1   2 2   3 3
64 131 4   0 0   1 1   2 2   3 3
64 214 4   0 0   1 1   2 2   3 3
64 215 4   0 0   1 1   2 2   3 3
64 201 4   0 0   1 1   2 2   3 3
64 141 4   0 0   1 1   2 2   3 3
65 278 4   0 0   1 1   2 2   3 3
65 90 4   0 0   1 1   2 2   3 3
66 99 4   0 0   1 1   2 2   3 3
66 228 4   0 0   1 1   2 2   3 3
66 309 4   0 0   1 1   2 2   3 3
66 152 4   0 0   1 1   2 2   3 3
66 268 4   0 0   1 1   2 2   3 3
66 222 4   0 0   1 1   2 2   3 3
67 144 4   0 0   1 1   2 2   3 3
67 240 4   0 0   1 1   2 2   3 3
67 141 4   0 0   1 1   2 2   3 3
68 293 4   0 0   1 1   2 2   3 3
68 107 4   0 0   1 1   2 2   3 3
69 129 4   0 0   1 1   2 2   3 3
69 106 4   0 0   1 1   2 2   3 3
69 286 4   0 0   1 1   2 2   3 3
69 239 4   0 0   1 1   2 2   3 3
70 261 4   0 0   1 1   2 2   3 3
70 220 4   0 0   1 1   2 2   3 3
71 229 4   0 0   1 1   2 2   3 3
71 203 4   0 0   1 1   2 2   3 3
71 143 4   0 0   1 1   2 2   3 3
72 210 4   0 0   1 1   2 2   3 3
72 230 4   0 0   1 1   2 2   3 3
72 136 4   0 0   1 1   2 2   3 3
72 267 4   0 0   1 1   2 2   3 3
72 111 4   0 0   1 1   2 2   3 3
73 292 4   0 0   1 1   2 2   3 3
73 223 4   0 0   1 1   2 2   3 3
73 79 4   0 0   1 1   2 2   3 3
74 144 4   0 0   1 1   2 2   3 3
74 305 4   0 0   1 1   2 2   3 3
74 247 4   0 0   1 1   2 2   3 3
74 280 4   0 0   1 1   2 2   3 3
74 123 4   0 0   1 1   2 2   3 3
74 92 4   0 0   1 1   2 2   3 3
74 302 4   0 0   1 1   2 2   3 3
75 176 4   0 0   1 1   2 2   3 3
75 246 4   0 0   1 1   2 2   3 3
75 154 4   0 0   1 1   2 2   3 3
75 301 4   0 0   1 1   2 2   3 3
76 231 4   0 0   1 1   2 2   3 3
76 122 4   0 0   1 1   2 2   3 3
77 210 4   0 0   1 1   2 2   3 3
77 275 4   0 0   1 1   2 2   3 3
77 244 4   0 0   1 1   2 2   3 3
77 198 4   0 0   1 1   2 2   3 3
77 206 4   0 0   1 1   2 2   3 3
77 175 4   0 0   1 1   2 2   3 3
78 209 4   0 0   1 1   2 2   3 3
78 277 4   0 0   1 1   2 2   3 3
78 313 4   0 0   1 1   2 2   3 3
78 186 4   0 0   1 1   2 2   3 3
78 219 4   0 0   1 1   2 2   3 3
79 304 4   0 0   1 1   2 2   3 3
79 225 4   0 0   1 1   2 2   3 3
80 180 4   0 0   1 1   2 2   3 3
80 148 4   0 0   1 1   2 2   3 3
80 183 4   0 0   1 1   2 2   3 3
80 282 4   0 0   1 1   2 2   3 3
80 218 4   0 0   1 1   2 2   3 3
81 117 4   0 0   1 1   2 2   3 3
81 150 4   0 0   1 1   2 2   3 3
81 119 4   0 0   1 1   2 2   3 3
81 233 4   0 0   1 1   2 2   3 3
81 221 4   0 0   1 1   2 2   3 3
82 131 4   0 0   1 1   2 2   3 3
82 231 4   0 0   1 1   2 2   3 3
82 201 4   0 0   1 1   2 2   3 3
83 128 4   0 0   1 1   2 2   3 3
83 195 4   0 0   1 1   2 2   3 3
83 148 4   0 0   1 1   2 2   3 3
83 118 4   0 0   1 1   2 2   3 3
83 218 4   0 0   1 1   2 2   3 3
83 173 4   0 0   1 1   2 2   3 3
83 142 4   0 0   1 1   2 2   3 3
84 196 4   0 0   1 1   2 2   3 3
84 310 4   0 0   1 1   2 2   3 3
84 103 4   0 0   1 1   2 2   3 3
84 139 4   0 0   1 1   2 2   3 3
85 128 4   0 0   1 1   2 2   3 3
85 123 4   0 0   1 1   2 2   3 3
85 173 4   0 0   1 1   2 2   3 3
85 302 4   0 0   1 1   2 2   3 3
86 224 4   0 0   1 1   2 2   3 3
86 192 4   0 0   1 1   2 2   3 3
86 290 4   0 0   1 1   2 2   3 3
86 306 4   0 0   1 1   2 2   3 3
86 154 4   0 0   1 1   2 2   3 3
87 273 4   0 0   1 1   2 2   3 3
87 261 4   0 0   1 1   2 2   3 3
87 205 4   0 0   1 1   2 2   3 3
87 93 4   0 0   1 1   2 2   3 3
87 285 4   0 0   1 1   2 2   3 3
88 226 4   0 0   1 1   2 2   3 3
88 212 4   0 0   1 1   2 2   3 3
88 137 4   0 0   1 1   2 2   3 3
88 251 4   0 0   1 1   2 2   3 3
89 242 4   0 0   1 1   2 2   3 3
89 168 4   0 0   1 1   2 2   3 3
89 271 4   0 0   1 1   2 2   3 3
90 240 4   0 0   1 1   2 2   3 3
90 260 4   0 0   1 1   2 2   3 3
90 278 4   0 0   1 1   2 2   3 3
90 235 4   0 0   1 1   2 2   3 3
91 161 4   0 0   1 1   2 2   3 3
91 169 4   0 0   1 1   2 2   3 3
91 234 4   0 0   1 1   2 2   3 3
92 305 4   0 0   1 1   2 2   3 3
92 258 4   0 0   1 1   2 2   3 3
92 247 4   0 0   1 1   2 2   3 3
92 299 4   0 0   1 1   2 2   3 3
93 260 4   0 0   1 1   2 2   3 3
93 235 4   0 0   1 1   2 2   3 3
93 205 4   0 0   1 1   2 2   3 3
93 285 4   0 0   1 1   2 2   3 3
94 289 4   0 0   1 1   2 2   3 3
94 147 4   0 0   1 1   2 2   3 3
94 281 4   0 0   1 1   2 2   3 3
94 287 4   0 0   1 1   2 2   3 3
95 179 4   0 0   1 1   2 2   3 3
95 245 4   0 0   1 1   2 2   3 3
95 200 4   0 0   1 1   2 2   3 3
95 184 4   0 0   1 1   2 2   3 3
95 153 4   0 0   1 1   2 2   3 3
95 156 4   0 0   1 1   2 2   3 3
96 272 4   0 0   1 1   2 2   3 3
96 160 4   0 0   1 1   2 2   3 3
96 259 4   0 0   1 1   2 2   3 3
96 243 4   0 0   1 1   2 2   3 3
96 249 4   0 0   1 1   2 2   3 3
96 109 4   0 0   1 1   2 2   3 3
97 178 4   0 0   1 1   2 2   3 3
97 292 4   0 0   1 1   2 2   3 3
97 184 4   0 0   1 1   2 2   3 3
97 269 4   0 0   1 1   2 2   3 3
97 174 4   0 0   1 1   2 2   3 3
97 223 4   0 0   1 1   2 2   3 3
98 258 4   0 0   1 1   2 2   3 3
98 130 4   0 0   1 1   2 2   3 3
98 180 4   0 0   1 1   2 2   3 3
98 182 4   0 0   1 1   2 2   3 3
99 228 4   0 0   1 1   2 2   3 3
99 167 4   0 0   1 1   2 2   3 3
99 216 4   0 0   1 1   2 2   3 3
99 152 4   0 0   1 1   2 2   3 3
99 281 4   0 0   1 1   2 2   3 3
99 283 4   0 0   1 1   2 2   3 3
99 300 4   0 0   1 1   2 2   3 3
100 150 4   0 0   1 1   2 2   3 3
100 119 4   0 0   1 1   2 2   3 3
101 256 4   0 0   1 1   2 2   3 3
101 264 4   0 0   1 1   2 2   3 3
101 219 4   0 0   1 1   2 2   3 3
101 124 4   0 0   1 1   2 2   3 3
101 110 4   0 0   1 1   2 2   3 3
102 197 4   0 0   1 1   2 2   3 3
102 172 4   0 0   1 1   2 2   3 3
102 125 4   0 0   1 1   2 2   3 3
103 196 4   0 0   1 1   2 2   3 3
103 310 4   0 0   1 1   2 2   3 3
103 232 4   0 0   1 1   2 2   3 3
104 193 4   0 0   1 1   2 2   3 3
104 145 4   0 0   1 1   2 2   3 3
104 213 4   0 0   1 1   2 2   3 3
104 303 4   0 0   1 1   2 2   3 3
105 129 4   0 0   1 1   2 2   3 3
105 257 4   0 0   1 1   2 2   3 3
105 180 4   0 0   1 1   2 2   3 3
105 182 4   0 0   1 1   2 2   3 3
105 120 4   0 0   1 1   2 2   3 3
105 282 4   0 0   1 1   2 2   3 3
106 241 4   0 0   1 1   2 2   3 3
106 286 4   0 0   1 1   2 2   3 3
106 239 4   0 0   1 1   2 2   3 3
107 251 4   0 0   1 1   2 2   3 3
108 149 4   0 0   1 1   2 2   3 3
108 197 4   0 0   1 1   2 2   3 3
108 165 4   0 0   1 1   2 2   3 3
108 125 4   0 0   1 1   2 2   3 3
109 208 4   0 0   1 1   2 2   3 3
109 160 4   0 0   1 1   2 2   3 3
109 277 4   0 0   1 1   2 2   3 3
109 295 4   0 0   1 1   2 2   3 3
109 312 4   0 0   1 1   2 2   3 3
109 249 4   0 0   1 1   2 2   3 3
109 159 4   0 0   1 1   2 2   3 3
110 256 4   0 0   1 1   2 2   3 3
110 291 4   0 0   1 1   2 2   3 3
110 309 4   0 0   1 1   2 2   3 3
110 124 4   0 0   1 1   2 2   3 3
110 268 4   0 0   1 1   2 2   3 3
110 188 4   0 0   1 1   2 2   3 3
111 230 4   0 0   1 1   2 2   3 3
111 270 4   0 0   1 1   2 2   3 3
111 126 4   0 0   1 1   2 2   3 3
112 227 4   0 0   1 1   2 2   3 3
112 183 4   0 0   1 1   2 2   3 3
113 260 4   0 0   1 1   2 2   3 3
113 278 4   0 0   1 1   2 2   3 3
114 208 4   0 0   1 1   2 2   3 3
114 312 4   0 0   1 1   2 2   3 3
114 201 4   0 0   1 1   2 2   3 3
115 191 4   0 0   1 1   2 2   3 3
115 207 4   0 0   1 1   2 2   3 3
116 226 4   0 0   1 1   2 2   3 3
116 212 4   0 0   1 1   2 2   3 3
116 152 4   0 0   1 1   2 2   3 3
116 137 4   0 0   1 1   2 2   3 3
116 283 4   0 0   1 1   2 2   3 3
117 132 4   0 0   1 1   2 2   3 3
117 119 4   0 0   1 1   2 2   3 3
117 297 4   0 0   1 1   2 2   3 3
117 233 4   0 0   1 1   2 2   3 3
118 173 4   0 0   1 1   2 2   3 3
118 142 4   0 0   1 1   2 2   3 3
119 162 4   0 0   1 1   2 2   3 3
119 150 4   0 0   1 1   2 2   3 3
119 297 4   0 0   1 1   2 2   3 3
120 257 4   0 0   1 1   2 2   3 3
120 182 4   0 0   1 1   2 2   3 3
121 257 4   0 0   1 1   2 2   3 3
121 129 4   0 0   1 1   2 2   3 3
121 299 4   0 0   1 1   2 2   3 3
121 286 4   0 0   1 1   2 2   3 3
122 231 4   0 0   1 1   2 2   3 3
122 295 4   0 0   1 1   2 2   3 3
122 184 4   0 0   1 1   2 2   3 3
122 201 4   0 0   1 1   2 2   3 3
123 302 4   0 0   1 1   2 2   3 3
124 229 4   0 0   1 1   2 2   3 3
124 309 4   0 0   1 1   2 2   3 3
124 264 4   0 0   1 1   2 2   3 3
124 298 4   0 0   1 1   2 2   3 3
124 252 4   0 0   1 1   2 2   3 3
125 149 4   0 0   1 1   2 2   3 3
125 197 4   0 0   1 1   2 2   3 3
125 190 4   0 0   1 1   2 2   3 3
126 288 4   0 0   1 1   2 2   3 3
126 304 4   0 0   1 1   2 2   3 3
126 189 4   0 0   1 1   2 2   3 3
126 270 4   0 0   1 1   2 2   3 3
127 189 4   0 0   1 1   2 2   3 3
128 195 4   0 0   1 1   2 2   3 3
128 173 4   0 0   1 1   2 2   3 3
128 302 4   0 0   1 1   2 2   3 3
129 257 4   0 0   1 1   2 2   3 3
129 282 4   0 0   1 1   2 2   3 3
129 286 4   0 0   1 1   2 2   3 3
129 239 4   0 0   1 1   2 2   3 3
130 258 4   0 0   1 1   2 2   3 3
130 195 4   0 0   1 1   2 2   3 3
130 180 4   0 0   1 1   2 2   3 3
130 247 4   0 0   1 1   2 2   3 3
130 218 4   0 0   1 1   2 2   3 3
131 215 4   0 0   1 1   2 2   3 3
132 242 4   0 0   1 1   2 2   3 3
132 168 4   0 0   1 1   2 2   3 3
132 297 4   0 0   1 1   2 2   3 3
132 233 4   0 0   1 1   2 2   3 3
132 170 4   0 0   1 1   2 2   3 3
133 241 4   0 0   1 1   2 2   3 3
133 313 4   0 0   1 1   2 2   3 3
133 157 4   0 0   1 1   2 2   3 3
133 255 4   0 0   1 1   2 2   3 3
134 209 4   0 0   1 1   2 2   3 3
134 135 4   0 0   1 1   2 2   3 3
134 219 4   0 0   1 1   2 2   3 3
134 188 4   0 0   1 1   2 2   3 3
135 209 4   0 0   1 1   2 2   3 3
135 277 4   0 0   1 1   2 2   3 3
135 188 4   0 0   1 1   2 2   3 3
136 274 4   0 0   1 1   2 2   3 3
136 210 4   0 0   1 1   2 2   3 3
136 198 4   0 0   1 1   2 2   3 3
136 311 4   0 0   1 1   2 2   3 3
136 267 4   0 0   1 1   2 2   3 3
137 212 4   0 0   1 1   2 2   3 3
137 314 4   0 0   1 1   2 2   3 3
137 283 4   0 0   1 1   2 2   3 3
137 300 4   0 0   1 1   2 2   3 3
138 307 4   0 0   1 1   2 2   3 3
138 265 4   0 0   1 1   2 2   3 3
138 190 4   0 0   1 1   2 2   3 3
138 303 4   0 0   1 1   2 2   3 3
139 196 4   0 0   1 1   2 2   3 3
139 310 4   0 0   1 1   2 2   3 3
139 190 4   0 0   1 1   2 2   3 3
140 198 4   0 0   1 1   2 2   3 3
140 311 4   0 0   1 1   2 2   3 3
140 238 4   0 0   1 1   2 2   3 3
141 144 4   0 0   1 1   2 2   3 3
141 215 4   0 0   1 1   2 2   3 3
141 187 4   0 0   1 1   2 2   3 3
142 148 4   0 0   1 1   2 2   3 3
143 298 4   0 0   1 1   2 2   3 3
143 251 4   0 0   1 1   2 2   3 3
145 193 4   0 0   1 1   2 2   3 3
145 213 4   0 0   1 1   2 2   3 3
145 155 4   0 0   1 1   2 2   3 3
146 226 4   0 0   1 1   2 2   3 3
146 298 4   0 0   1 1   2 2   3 3
146 251 4   0 0   1 1   2 2   3 3
146 252 4   0 0   1 1   2 2   3 3
147 289 4   0 0   1 1   2 2   3 3
147 294 4   0 0   1 1   2 2   3 3
147 287 4   0 0   1 1   2 2   3 3
148 218 4   0 0   1 1   2 2   3 3
149 307 4   0 0   1 1   2 2   3 3
149 279 4   0 0   1 1   2 2   3 3
149 190 4   0 0   1 1   2 2   3 3
150 294 4   0 0   1 1   2 2   3 3
150 221 4   0 0   1 1   2 2   3 3
151 177 4   0 0   1 1   2 2   3 3
151 245 4   0 0   1 1   2 2   3 3
151 200 4   0 0   1 1   2 2   3 3
151 202 4   0 0   1 1   2 2   3 3
152 309 4   0 0   1 1   2 2   3 3
152 283 4   0 0   1 1   2 2   3 3
153 291 4   0 0   1 1   2 2   3 3
153 295 4   0 0   1 1   2 2   3 3
153 268 4   0 0   1 1   2 2   3 3
153 156 4   0 0   1 1   2 2   3 3
154 290 4   0 0   1 1   2 2   3 3
155 193 4   0 0   1 1   2 2   3 3
155 169 4   0 0   1 1   2 2   3 3
155 204 4   0 0   1 1   2 2   3 3
155 223 4   0 0   1 1   2 2   3 3
156 295 4   0 0   1 1   2 2   3 3
156 184 4   0 0   1 1   2 2   3 3
157 241 4   0 0   1 1   2 2   3 3
157 259 4   0 0   1 1   2 2   3 3
158 304 4   0 0   1 1   2 2   3 3
158 166 4   0 0   1 1   2 2   3 3
159 277 4   0 0   1 1   2 2   3 3
159 249 4   0 0   1 1   2 2   3 3
160 208 4   0 0   1 1   2 2   3 3
160 305 4   0 0   1 1   2 2   3 3
160 280 4   0 0   1 1   2 2   3 3
160 237 4   0 0   1 1   2 2   3 3
161 215 4   0 0   1 1   2 2   3 3
161 169 4   0 0   1 1   2 2   3 3
161 234 4   0 0   1 1   2 2   3 3
161 315 4   0 0   1 1   2 2   3 3
162 306 4   0 0   1 1   2 2   3 3
162 163 4   0 0   1 1   2 2   3 3
162 248 4   0 0   1 1   2 2   3 3
162 185 4   0 0   1 1   2 2   3 3
162 297 4   0 0   1 1   2 2   3 3
163 224 4   0 0   1 1   2 2   3 3
163 306 4   0 0   1 1   2 2   3 3
163 185 4   0 0   1 1   2 2   3 3
164 288 4   0 0   1 1   2 2   3 3
164 250 4   0 0   1 1   2 2   3 3
165 273 4   0 0   1 1   2 2   3 3
165 261 4   0 0   1 1   2 2   3 3
165 197 4   0 0   1 1   2 2   3 3
166 225 4   0 0   1 1   2 2   3 3
166 265 4   0 0   1 1   2 2   3 3
167 177 4   0 0   1 1   2 2   3 3
167 228 4   0 0   1 1   2 2   3 3
167 216 4   0 0   1 1   2 2   3 3
167 202 4   0 0   1 1   2 2   3 3
167 222 4   0 0   1 1   2 2   3 3
168 242 4   0 0   1 1   2 2   3 3
168 274 4   0 0   1 1   2 2   3 3
168 170 4   0 0   1 1   2 2   3 3
168 267 4   0 0   1 1   2 2   3 3
169 204 4   0 0   1 1   2 2   3 3
170 274 4   0 0   1 1   2 2   3 3
170 311 4   0 0   1 1   2 2   3 3
170 233 4   0 0   1 1   2 2   3 3
171 275 4   0 0   1 1   2 2   3 3
171 244 4   0 0   1 1   2 2   3 3
171 308 4   0 0   1 1   2 2   3 3
171 254 4   0 0   1 1   2 2   3 3
171 238 4   0 0   1 1   2 2   3 3
171 175 4   0 0   1 1   2 2   3 3
174 178 4   0 0   1 1   2 2   3 3
174 184 4   0 0   1 1   2 2   3 3
175 308 4   0 0   1 1   2 2   3 3
175 244 4   0 0   1 1   2 2   3 3
175 245 4   0 0   1 1   2 2   3 3
175 236 4   0 0   1 1   2 2   3 3
175 206 4   0 0   1 1   2 2   3 3
176 276 4   0 0   1 1   2 2   3 3
176 246 4   0 0   1 1   2 2   3 3
176 266 4   0 0   1 1   2 2   3 3
176 301 4   0 0   1 1   2 2   3 3
177 179 4   0 0   1 1   2 2   3 3
177 200 4   0 0   1 1   2 2   3 3
177 202 4   0 0   1 1   2 2   3 3
177 222 4   0 0   1 1   2 2   3 3
178 292 4   0 0   1 1   2 2   3 3
178 245 4   0 0   1 1   2 2   3 3
178 262 4   0 0   1 1   2 2   3 3
178 184 4   0 0   1 1   2 2   3 3
178 236 4   0 0   1 1   2 2   3 3
179 200 4   0 0   1 1   2 2   3 3
179 222 4   0 0   1 1   2 2   3 3
180 182 4   0 0   1 1   2 2   3 3
180 282 4   0 0   1 1   2 2   3 3
180 218 4   0 0   1 1   2 2   3 3
181 194 4   0 0   1 1   2 2   3 3
181 199 4   0 0   1 1   2 2   3 3
181 263 4   0 0   1 1   2 2   3 3
181 186 4   0 0   1 1   2 2   3 3
181 207 4   0 0   1 1   2 2   3 3
182 258 4   0 0   1 1   2 2   3 3
183 227 4   0 0   1 1   2 2   3 3
183 282 4   0 0   1 1   2 2   3 3
184 245 4   0 0   1 1   2 2   3 3
184 295 4   0 0   1 1   2 2   3 3
184 269 4   0 0   1 1   2 2   3 3
186 194 4   0 0   1 1   2 2   3 3
186 263 4   0 0   1 1   2 2   3 3
186 313 4   0 0   1 1   2 2   3 3
186 219 4   0 0   1 1   2 2   3 3
187 217 4   0 0   1 1   2 2   3 3
187 315 4   0 0   1 1   2 2   3 3
187 235 4   0 0   1 1   2 2   3 3
187 205 4   0 0   1 1   2 2   3 3
188 256 4   0 0   1 1   2 2   3 3
188 291 4   0 0   1 1   2 2   3 3
188 295 4   0 0   1 1   2 2   3 3
188 219 4   0 0   1 1   2 2   3 3
189 288 4   0 0   1 1   2 2   3 3
190 307 4   0 0   1 1   2 2   3 3
190 196 4   0 0   1 1   2 2   3 3
190 265 4   0 0   1 1   2 2   3 3
191 229 4   0 0   1 1   2 2   3 3
191 203 4   0 0   1 1   2 2   3 3
191 253 4   0 0   1 1   2 2   3 3
192 290 4   0 0   1 1   2 2   3 3
192 266 4   0 0   1 1   2 2   3 3
192 271 4   0 0   1 1   2 2   3 3
193 225 4   0 0   1 1   2 2   3 3
193 223 4   0 0   1 1   2 2   3 3
194 199 4   0 0   1 1   2 2   3 3
194 313 4   0 0   1 1   2 2   3 3
194 255 4   0 0   1 1   2 2   3 3
195 247 4   0 0   1 1   2 2   3 3
195 218 4   0 0   1 1   2 2   3 3
195 302 4   0 0   1 1   2 2   3 3
196 265 4   0 0   1 1   2 2   3 3
198 210 4   0 0   1 1   2 2   3 3
198 275 4   0 0   1 1   2 2   3 3
198 311 4   0 0   1 1   2 2   3 3
198 238 4   0 0   1 1   2 2   3 3
199 255 4   0 0   1 1   2 2   3 3
200 245 4   0 0   1 1   2 2   3 3
201 208 4   0 0   1 1   2 2   3 3
201 214 4   0 0   1 1   2 2   3 3
201 295 4   0 0   1 1   2 2   3 3
201 231 4   0 0   1 1   2 2   3 3
201 312 4   0 0   1 1   2 2   3 3
202 308 4   0 0   1 1   2 2   3 3
202 216 4   0 0   1 1   2 2   3 3
202 284 4   0 0   1 1   2 2   3 3
203 229 4   0 0   1 1   2 2   3 3
203 253 4   0 0   1 1   2 2   3 3
204 269 4   0 0   1 1   2 2   3 3
204 223 4   0 0   1 1   2 2   3 3
205 217 4   0 0   1 1   2 2   3 3
205 235 4   0 0   1 1   2 2   3 3
206 210 4   0 0   1 1   2 2   3 3
206 262 4   0 0   1 1   2 2   3 3
206 236 4   0 0   1 1   2 2   3 3
207 263 4   0 0   1 1   2 2   3 3
208 237 4   0 0   1 1   2 2   3 3
209 277 4   0 0   1 1   2 2   3 3
209 219 4   0 0   1 1   2 2   3 3
211 263 4   0 0   1 1   2 2   3 3
211 264 4   0 0   1 1   2 2   3 3
212 226 4   0 0   1 1   2 2   3 3
213 303 4   0 0   1 1   2 2   3 3
214 237 4   0 0   1 1   2 2   3 3
216 281 4   0 0   1 1   2 2   3 3
217 315 4   0 0   1 1   2 2   3 3
217 220 4   0 0   1 1   2 2   3 3
219 256 4   0 0   1 1   2 2   3 3
219 263 4   0 0   1 1   2 2   3 3
220 261 4   0 0   1 1   2 2   3 3
221 294 4   0 0   1 1   2 2   3 3
222 228 4   0 0   1 1   2 2   3 3
222 268 4   0 0   1 1   2 2   3 3
223 292 4   0 0   1 1   2 2   3 3
223 269 4   0 0   1 1   2 2   3 3
226 251 4   0 0   1 1   2 2   3 3
226 252 4   0 0   1 1   2 2   3 3
227 282 4   0 0   1 1   2 2   3 3
227 239 4   0 0   1 1   2 2   3 3
230 267 4   0 0   1 1   2 2   3 3
230 270 4   0 0   1 1   2 2   3 3
232 304 4   0 0   1 1   2 2   3 3
233 311 4   0 0   1 1   2 2   3 3
234 279 4   0 0   1 1   2 2   3 3
235 240 4   0 0   1 1   2 2   3 3
235 260 4   0 0   1 1   2 2   3 3
236 245 4   0 0   1 1   2 2   3 3
237 280 4   0 0   1 1   2 2   3 3
238 275 4   0 0   1 1   2 2   3 3
238 284 4   0 0   1 1   2 2   3 3
238 254 4   0 0   1 1   2 2   3 3
239 282 4   0 0   1 1   2 2   3 3
241 259 4   0 0   1 1   2 2   3 3
241 243 4   0 0   1 1   2 2   3 3
241 299 4   0 0   1 1   2 2   3 3
241 286 4   0 0   1 1   2 2   3 3
241 255 4   0 0   1 1   2 2   3 3
242 297 4   0 0   1 1   2 2   3 3
243 272 4   0 0   1 1   2 2   3 3
243 259 4   0 0   1 1   2 2   3 3
243 299 4   0 0   1 1   2 2   3 3
244 275 4   0 0   1 1   2 2   3 3
246 266 4   0 0   1 1   2 2   3 3
247 258 4   0 0   1 1   2 2   3 3
247 302 4   0 0   1 1   2 2   3 3
248 306 4   0 0   1 1   2 2   3 3
248 297 4   0 0   1 1   2 2   3 3
249 259 4   0 0   1 1   2 2   3 3
250 288 4   0 0   1 1   2 2   3 3
250 276 4   0 0   1 1   2 2   3 3
250 301 4   0 0   1 1   2 2   3 3
252 298 4   0 0   1 1   2 2   3 3
254 308 4   0 0   1 1   2 2   3 3
254 284 4   0 0   1 1   2 2   3 3
255 313 4   0 0   1 1   2 2   3 3
260 278 4   0 0   1 1   2 2   3 3
261 273 4   0 0   1 1   2 2   3 3
262 292 4   0 0   1 1   2 2   3 3
263 264 4   0 0   1 1   2 2   3 3
266 271 4   0 0   1 1   2 2   3 3
267 274 4   0 0   1 1   2 2   3 3
268 291 4   0 0   1 1   2 2   3 3
268 309 4   0 0   1 1   2 2   3 3
270 288 4   0 0   1 1   2 2   3 3
272 299 4   0 0   1 1   2 2   3 3
273 285 4   0 0   1 1   2 2   3 3
274 311 4   0 0   1 1   2 2   3 3
276 288 4   0 0   1 1   2 2   3 3
276 301 4   0 0   1 1   2 2   3 3
277 295 4   0 0   1 1   2 2   3 3
277 313 4   0 0   1 1   2 2   3 3
279 307 4   0 0   1 1   2 2   3 3
280 305 4   0 0   1 1   2 2   3 3
281 289 4   0 0   1 1   2 2   3 3
281 300 4   0 0   1 1   2 2   3 3
283 300 4   0 0   1 1   2 2   3 3
284 289 4   0 0   1 1   2 2   3 3
284 308 4   0 0   1 1   2 2   3 3
286 299 4   0 0   1 1   2 2   3 3
287 294 4   0 0   1 1   2 2   3 3
287 296 4   0 0   1 1   2 2   3 3
291 295 4   0 0   1 1   2 2   3 3
295 312 4   0 0   1 1   2 2   3 3
296 314 4   0 0   1 1   2 2   3 3
299 305 4   0 0   1 1   2 2   3 3
300 314 4   0 0   1 1   2 2   3 3
303 307 4   0 0   1 1   2 2   3 3
