344
1 4 0 1 2 3
2 4 0 1 2 3
3 4 0 1 2 3
4 4 0 1 2 3
5 4 0 1 2 3
6 4 0 1 2 3
7 4 0 1 2 3
8 4 0 1 2 3
9 4 0 1 2 3
10 4 0 1 2 3
11 4 0 1 2 3
12 4 0 1 2 3
13 4 0 1 2 3
14 4 0 1 2 3
15 4 0 1 2 3
16 4 0 1 2 3
17 4 0 1 2 3
18 4 0 1 2 3
19 4 0 1 2 3
20 4 0 1 2 3
21 4 0 1 2 3
22 4 0 1 2 3
23 4 0 1 2 3
24 4 0 1 2 3
25 4 0 1 2 3
26 4 0 1 2 3
27 4 0 1 2 3
28 4 0 1 2 3
29 4 0 1 2 3
30 4 0 1 2 3
31 4 0 1 2 3
32 4 0 1 2 3
33 4 0 1 2 3
34 4 0 1 2 3
35 4 0 1 2 3
36 4 0 1 2 3
37 4 0 1 2 3
38 4 0 1 2 3
39 4 0 1 2 3
40 4 0 1 2 3
41 4 0 1 2 3
42 4 0 1 2 3
43 4 0 1 2 3
44 4 0 1 2 3
45 4 0 1 2 3
46 4 0 1 2 3
47 4 0 1 2 3
48 4 0 1 2 3
49 4 0 1 2 3
50 4 0 1 2 3
51 4 0 1 2 3
52 4 0 1 2 3
53 4 0 1 2 3
54 4 0 1 2 3
55 4 0 1 2 3
56 4 0 1 2 3
57 4 0 1 2 3
58 4 0 1 2 3
59 4 0 1 2 3
60 4 0 1 2 3
61 4 0 1 2 3
62 4 0 1 2 3
63 4 0 1 2 3
64 4 0 1 2 3
65 4 0 1 2 3
66 4 0 1 2 3
67 4 0 1 2 3
68 4 0 1 2 3
69 4 0 1 2 3
70 4 0 1 2 3
71 4 0 1 2 3
72 4 0 1 2 3
73 4 0 1 2 3
74 4 0 1 2 3
75 4 0 1 2 3
76 4 0 1 2 3
77 4 0 1 2 3
78 4 0 1 2 3
79 4 0 1 2 3
80 4 0 1 2 3
81 4 0 1 2 3
82 4 0 1 2 3
83 4 0 1 2 3
84 4 0 1 2 3
85 4 0 1 2 3
86 4 0 1 2 3
87 4 0 1 2 3
88 4 0 1 2 3
89 4 0 1 2 3
90 4 0 1 2 3
91 4 0 1 2 3
92 4 0 1 2 3
93 4 0 1 2 3
94 4 0 1 2 3
95 4 0 1 2 3
96 4 0 1 2 3
97 4 0 1 2 3
98 4 0 1 2 3
99 4 0 1 2 3
100 4 0 1 2 3
101 4 0 1 2 3
102 4 0 1 2 3
103 4 0 1 2 3
104 4 0 1 2 3
105 4 0 1 2 3
106 4 0 1 2 3
107 4 0 1 2 3
108 4 0 1 2 3
109 4 0 1 2 3
110 4 0 1 2 3
111 4 0 1 2 3
112 4 0 1 2 3
113 4 0 1 2 3
114 4 0 1 2 3
115 4 0 1 2 3
116 4 0 1 2 3
117 4 0 1 2 3
118 4 0 1 2 3
119 4 0 1 2 3
120 4 0 1 2 3
121 4 0 1 2 3
122 4 0 1 2 3
123 4 0 1 2 3
124 4 0 1 2 3
125 4 0 1 2 3
126 4 0 1 2 3
127 4 0 1 2 3
128 4 0 1 2 3
129 4 0 1 2 3
130 4 0 1 2 3
131 4 0 1 2 3
132 4 0 1 2 3
133 4 0 1 2 3
134 4 0 1 2 3
135 4 0 1 2 3
136 4 0 1 2 3
137 4 0 1 2 3
138 4 0 1 2 3
139 4 0 1 2 3
140 4 0 1 2 3
141 4 0 1 2 3
142 4 0 1 2 3
143 4 0 1 2 3
144 4 0 1 2 3
145 4 0 1 2 3
146 4 0 1 2 3
147 4 0 1 2 3
148 4 0 1 2 3
149 4 0 1 2 3
150 4 0 1 2 3
151 4 0 1 2 3
152 4 0 1 2 3
153 4 0 1 2 3
154 4 0 1 2 3
155 4 0 1 2 3
156 4 0 1 2 3
157 4 0 1 2 3
158 4 0 1 2 3
159 4 0 1 2 3
160 4 0 1 2 3
161 4 0 1 2 3
162 4 0 1 2 3
163 4 0 1 2 3
164 4 0 1 2 3
165 4 0 1 2 3
166 4 0 1 2 3
167 4 0 1 2 3
168 4 0 1 2 3
169 4 0 1 2 3
170 4 0 1 2 3
171 4 0 1 2 3
172 4 0 1 2 3
173 4 0 1 2 3
174 4 0 1 2 3
175 4 0 1 2 3
176 4 0 1 2 3
177 4 0 1 2 3
178 4 0 1 2 3
179 4 0 1 2 3
180 4 0 1 2 3
181 4 0 1 2 3
182 4 0 1 2 3
183 4 0 1 2 3
184 4 0 1 2 3
185 4 0 1 2 3
186 4 0 1 2 3
187 4 0 1 2 3
188 4 0 1 2 3
189 4 0 1 2 3
190 4 0 1 2 3
191 4 0 1 2 3
192 4 0 1 2 3
193 4 0 1 2 3
194 4 0 1 2 3
195 4 0 1 2 3
196 4 0 1 2 3
197 4 0 1 2 3
198 4 0 1 2 3
199 4 0 1 2 3
200 4 0 1 2 3
201 4 0 1 2 3
202 4 0 1 2 3
203 4 0 1 2 3
204 4 0 1 2 3
205 4 0 1 2 3
206 4 0 1 2 3
207 4 0 1 2 3
208 4 0 1 2 3
209 4 0 1 2 3
210 4 0 1 2 3
211 4 0 1 2 3
212 4 0 1 2 3
213 4 0 1 2 3
214 4 0 1 2 3
215 4 0 1 2 3
216 4 0 1 2 3
217 4 0 1 2 3
218 4 0 1 2 3
219 4 0 1 2 3
220 4 0 1 2 3
221 4 0 1 2 3
222 4 0 1 2 3
223 4 0 1 2 3
224 4 0 1 2 3
225 4 0 1 2 3
226 4 0 1 2 3
227 4 0 1 2 3
228 4 0 1 2 3
229 4 0 1 2 3
230 4 0 1 2 3
231 4 0 1 2 3
232 4 0 1 2 3
233 4 0 1 2 3
234 4 0 1 2 3
235 4 0 1 2 3
236 4 0 1 2 3
237 4 0 1 2 3
238 4 0 1 2 3
239 4 0 1 2 3
240 4 0 1 2 3
241 4 0 1 2 3
242 4 0 1 2 3
243 4 0 1 2 3
244 4 0 1 2 3
245 4 0 1 2 3
246 4 0 1 2 3
247 4 0 1 2 3
248 4 0 1 2 3
249 4 0 1 2 3
250 4 0 1 2 3
251 4 0 1 2 3
252 4 0 1 2 3
253 4 0 1 2 3
254 4 0 1 2 3
255 4 0 1 2 3
256 4 0 1 2 3
257 4 0 1 2 3
258 4 0 1 2 3
259 4 0 1 2 3
260 4 0 1 2 3
261 4 0 1 2 3
262 4 0 1 2 3
263 4 0 1 2 3
264 4 0 1 2 3
265 4 0 1 2 3
266 4 0 1 2 3
267 4 0 1 2 3
268 4 0 1 2 3
269 4 0 1 2 3
270 4 0 1 2 3
271 4 0 1 2 3
272 4 0 1 2 3
273 4 0 1 2 3
274 4 0 1 2 3
275 4 0 1 2 3
276 4 0 1 2 3
277 4 0 1 2 3
278 4 0 1 2 3
279 4 0 1 2 3
280 4 0 1 2 3
281 4 0 1 2 3
282 4 0 1 2 3
283 4 0 1 2 3
284 4 0 1 2 3
285 4 0 1 2 3
286 4 0 1 2 3
287 4 0 1 2 3
288 4 0 1 2 3
289 4 0 1 2 3
290 4 0 1 2 3
291 4 0 1 2 3
292 4 0 1 2 3
293 4 0 1 2 3
294 4 0 1 2 3
295 4 0 1 2 3
296 4 0 1 2 3
297 4 0 1 2 3
298 4 0 1 2 3
299 4 0 1 2 3
300 4 0 1 2 3
301 4 0 1 2 3
302 4 0 1 2 3
303 4 0 1 2 3
304 4 0 1 2 3
305 4 0 1 2 3
306 4 0 1 2 3
307 4 0 1 2 3
308 4 0 1 2 3
309 4 0 1 2 3
310 4 0 1 2 3
311 4 0 1 2 3
312 4 0 1 2 3
313 4 0 1 2 3
314 4 0 1 2 3
315 4 0 1 2 3
316 4 0 1 2 3
317 4 0 1 2 3
318 4 0 1 2 3
319 4 0 1 2 3
320 4 0 1 2 3
321 4 0 1 2 3
322 4 0 1 2 3
323 4 0 1 2 3
324 4 0 1 2 3
325 4 0 1 2 3
326 4 0 1 2 3
327 4 0 1 2 3
328 4 0 1 2 3
329 4 0 1 2 3
330 4 0 1 2 3
331 4 0 1 2 3
332 4 0 1 2 3
333 4 0 1 2 3
334 4 0 1 2 3
335 4 0 1 2 3
336 4 0 1 2 3
337 4 0 1 2 3
338 4 0 1 2 3
339 4 0 1 2 3
340 4 0 1 2 3
341 4 0 1 2 3
342 4 0 1 2 3
343 4 0 1 2 3
344 4 0 1 2 3
959
1 181 4   0 0   1 1   2 2   3 3
1 202 4   0 0   1 1   2 2   3 3
1 254 4   0 0   1 1   2 2   3 3
2 192 4   0 0   1 1   2 2   3 3
2 245 4   0 0   1 1   2 2   3 3
2 198 4   0 0   1 1   2 2   3 3
2 38 4   0 0   1 1   2 2   3 3
2 140 4   0 0   1 1   2 2   3 3
2 238 4   0 0   1 1   2 2   3 3
2 191 4   0 0   1 1   2 2   3 3
3 163 4   0 0   1 1   2 2   3 3
3 328 4   0 0   1 1   2 2   3 3
3 222 4   0 0   1 1   2 2   3 3
3 255 4   0 0   1 1   2 2   3 3
4 209 4   0 0   1 1   2 2   3 3
4 325 4   0 0   1 1   2 2   3 3
4 214 4   0 0   1 1   2 2   3 3
4 152 4   0 0   1 1   2 2   3 3
4 110 4   0 0   1 1   2 2   3 3
4 207 4   0 0   1 1   2 2   3 3
5 193 4   0 0   1 1   2 2   3 3
5 100 4   0 0   1 1   2 2   3 3
5 203 4   0 0   1 1   2 2   3 3
5 302 4   0 0   1 1   2 2   3 3
6 260 4   0 0   1 1   2 2   3 3
6 133 4   0 0   1 1   2 2   3 3
6 53 4   0 0   1 1   2 2   3 3
6 314 4   0 0   1 1   2 2   3 3
6 28 4   0 0   1 1   2 2   3 3
7 64 4   0 0   1 1   2 2   3 3
7 245 4   0 0   1 1   2 2   3 3
7 198 4   0 0   1 1   2 2   3 3
7 233 4   0 0   1 1   2 2   3 3
7 268 4   0 0   1 1   2 2   3 3
7 206 4   0 0   1 1   2 2   3 3
8 80 4   0 0   1 1   2 2   3 3
8 162 4   0 0   1 1   2 2   3 3
8 115 4   0 0   1 1   2 2   3 3
8 293 4   0 0   1 1   2 2   3 3
9 339 4   0 0   1 1   2 2   3 3
9 324 4   0 0   1 1   2 2   3 3
9 294 4   0 0   1 1   2 2   3 3
9 299 4   0 0   1 1   2 2   3 3
10 129 4   0 0   1 1   2 2   3 3
10 329 4   0 0   1 1   2 2   3 3
10 234 4   0 0   1 1   2 2   3 3
10 252 4   0 0   1 1   2 2   3 3
10 221 4   0 0   1 1   2 2   3 3
10 109 4   0 0   1 1   2 2   3 3
10 223 4   0 0   1 1   2 2   3 3
11 113 4   0 0   1 1   2 2   3 3
11 324 4   0 0   1 1   2 2   3 3
11 88 4   0 0   1 1   2 2   3 3
11 156 4   0 0   1 1   2 2   3 3
12 208 4   0 0   1 1   2 2   3 3
12 307 4   0 0   1 1   2 2   3 3
12 51 4   0 0   1 1   2 2   3 3
12 55 4   0 0   1 1   2 2   3 3
12 126 4   0 0   1 1   2 2   3 3
13 241 4   0 0   1 1   2 2   3 3
13 244 4   0 0   1 1   2 2   3 3
13 53 4   0 0   1 1   2 2   3 3
13 72 4   0 0   1 1   2 2   3 3
13 40 4   0 0   1 1   2 2   3 3
13 158 4   0 0   1 1   2 2   3 3
14 246 4   0 0   1 1   2 2   3 3
14 73 4   0 0   1 1   2 2   3 3
14 43 4   0 0   1 1   2 2   3 3
14 78 4   0 0   1 1   2 2   3 3
15 339 4   0 0   1 1   2 2   3 3
15 311 4   0 0   1 1   2 2   3 3
15 138 4   0 0   1 1   2 2   3 3
15 299 4   0 0   1 1   2 2   3 3
15 44 4   0 0   1 1   2 2   3 3
16 70 4   0 0   1 1   2 2   3 3
16 298 4   0 0   1 1   2 2   3 3
16 155 4   0 0   1 1   2 2   3 3
16 94 4   0 0   1 1   2 2   3 3
16 287 4   0 0   1 1   2 2   3 3
17 321 4   0 0   1 1   2 2   3 3
17 146 4   0 0   1 1   2 2   3 3
17 57 4   0 0   1 1   2 2   3 3
17 315 4   0 0   1 1   2 2   3 3
17 45 4   0 0   1 1   2 2   3 3
17 239 4   0 0   1 1   2 2   3 3
17 95 4   0 0   1 1   2 2   3 3
18 337 4   0 0   1 1   2 2   3 3
18 36 4   0 0   1 1   2 2   3 3
18 86 4   0 0   1 1   2 2   3 3
18 264 4   0 0   1 1   2 2   3 3
19 99 4   0 0   1 1   2 2   3 3
19 151 4   0 0   1 1   2 2   3 3
19 328 4   0 0   1 1   2 2   3 3
19 186 4   0 0   1 1   2 2   3 3
19 159 4   0 0   1 1   2 2   3 3
20 256 4   0 0   1 1   2 2   3 3
20 337 4   0 0   1 1   2 2   3 3
20 51 4   0 0   1 1   2 2   3 3
20 55 4   0 0   1 1   2 2   3 3
20 91 4   0 0   1 1   2 2   3 3
20 61 4   0 0   1 1   2 2   3 3
20 31 4   0 0   1 1   2 2   3 3
20 223 4   0 0   1 1   2 2   3 3
21 81 4   0 0   1 1   2 2   3 3
21 147 4   0 0   1 1   2 2   3 3
21 341 4   0 0   1 1   2 2   3 3
21 333 4   0 0   1 1   2 2   3 3
21 222 4   0 0   1 1   2 2   3 3
22 35 4   0 0   1 1   2 2   3 3
22 71 4   0 0   1 1   2 2   3 3
22 167 4   0 0   1 1   2 2   3 3
22 266 4   0 0   1 1   2 2   3 3
22 123 4   0 0   1 1   2 2   3 3
22 107 4   0 0   1 1   2 2   3 3
22 189 4   0 0   1 1   2 2   3 3
22 143 4   0 0   1 1   2 2   3 3
23 290 4   0 0   1 1   2 2   3 3
23 244 4   0 0   1 1   2 2   3 3
23 87 4   0 0   1 1   2 2   3 3
23 27 4   0 0   1 1   2 2   3 3
23 172 4   0 0   1 1   2 2   3 3
24 215 4   0 0   1 1   2 2   3 3
24 201 4   0 0   1 1   2 2   3 3
24 283 4   0 0   1 1   2 2   3 3
24 237 4   0 0   1 1   2 2   3 3
25 130 4   0 0   1 1   2 2   3 3
25 340 4   0 0   1 1   2 2   3 3
25 335 4   0 0   1 1   2 2   3 3
26 176 4   0 0   1 1   2 2   3 3
26 289 4   0 0   1 1   2 2   3 3
26 68 4   0 0   1 1   2 2   3 3
26 214 4   0 0   1 1   2 2   3 3
26 300 4   0 0   1 1   2 2   3 3
27 81 4   0 0   1 1   2 2   3 3
27 290 4   0 0   1 1   2 2   3 3
27 180 4   0 0   1 1   2 2   3 3
27 265 4   0 0   1 1   2 2   3 3
27 172 4   0 0   1 1   2 2   3 3
27 29 4   0 0   1 1   2 2   3 3
27 286 4   0 0   1 1   2 2   3 3
28 240 4   0 0   1 1   2 2   3 3
28 133 4   0 0   1 1   2 2   3 3
28 53 4   0 0   1 1   2 2   3 3
28 278 4   0 0   1 1   2 2   3 3
29 209 4   0 0   1 1   2 2   3 3
29 290 4   0 0   1 1   2 2   3 3
29 341 4   0 0   1 1   2 2   3 3
29 265 4   0 0   1 1   2 2   3 3
30 275 4   0 0   1 1   2 2   3 3
30 229 4   0 0   1 1   2 2   3 3
30 166 4   0 0   1 1   2 2   3 3
30 280 4   0 0   1 1   2 2   3 3
30 297 4   0 0   1 1   2 2   3 3
31 337 4   0 0   1 1   2 2   3 3
31 55 4   0 0   1 1   2 2   3 3
31 126 4   0 0   1 1   2 2   3 3
32 98 4   0 0   1 1   2 2   3 3
32 296 4   0 0   1 1   2 2   3 3
32 137 4   0 0   1 1   2 2   3 3
32 269 4   0 0   1 1   2 2   3 3
32 303 4   0 0   1 1   2 2   3 3
33 337 4   0 0   1 1   2 2   3 3
33 132 4   0 0   1 1   2 2   3 3
33 264 4   0 0   1 1   2 2   3 3
33 105 4   0 0   1 1   2 2   3 3
33 173 4   0 0   1 1   2 2   3 3
33 126 4   0 0   1 1   2 2   3 3
34 258 4   0 0   1 1   2 2   3 3
34 69 4   0 0   1 1   2 2   3 3
34 166 4   0 0   1 1   2 2   3 3
34 280 4   0 0   1 1   2 2   3 3
34 217 4   0 0   1 1   2 2   3 3
34 77 4   0 0   1 1   2 2   3 3
35 161 4   0 0   1 1   2 2   3 3
35 66 4   0 0   1 1   2 2   3 3
35 135 4   0 0   1 1   2 2   3 3
35 107 4   0 0   1 1   2 2   3 3
35 143 4   0 0   1 1   2 2   3 3
36 337 4   0 0   1 1   2 2   3 3
36 131 4   0 0   1 1   2 2   3 3
36 86 4   0 0   1 1   2 2   3 3
36 234 4   0 0   1 1   2 2   3 3
36 61 4   0 0   1 1   2 2   3 3
37 276 4   0 0   1 1   2 2   3 3
37 132 4   0 0   1 1   2 2   3 3
37 197 4   0 0   1 1   2 2   3 3
37 168 4   0 0   1 1   2 2   3 3
37 90 4   0 0   1 1   2 2   3 3
38 192 4   0 0   1 1   2 2   3 3
38 272 4   0 0   1 1   2 2   3 3
38 50 4   0 0   1 1   2 2   3 3
38 120 4   0 0   1 1   2 2   3 3
38 59 4   0 0   1 1   2 2   3 3
38 191 4   0 0   1 1   2 2   3 3
39 224 4   0 0   1 1   2 2   3 3
39 225 4   0 0   1 1   2 2   3 3
39 148 4   0 0   1 1   2 2   3 3
39 279 4   0 0   1 1   2 2   3 3
39 219 4   0 0   1 1   2 2   3 3
39 141 4   0 0   1 1   2 2   3 3
40 244 4   0 0   1 1   2 2   3 3
40 72 4   0 0   1 1   2 2   3 3
40 89 4   0 0   1 1   2 2   3 3
40 284 4   0 0   1 1   2 2   3 3
40 285 4   0 0   1 1   2 2   3 3
40 127 4   0 0   1 1   2 2   3 3
41 132 4   0 0   1 1   2 2   3 3
41 168 4   0 0   1 1   2 2   3 3
41 105 4   0 0   1 1   2 2   3 3
41 236 4   0 0   1 1   2 2   3 3
42 49 4   0 0   1 1   2 2   3 3
42 274 4   0 0   1 1   2 2   3 3
42 242 4   0 0   1 1   2 2   3 3
42 117 4   0 0   1 1   2 2   3 3
42 313 4   0 0   1 1   2 2   3 3
43 180 4   0 0   1 1   2 2   3 3
43 182 4   0 0   1 1   2 2   3 3
43 73 4   0 0   1 1   2 2   3 3
43 122 4   0 0   1 1   2 2   3 3
43 78 4   0 0   1 1   2 2   3 3
43 286 4   0 0   1 1   2 2   3 3
44 339 4   0 0   1 1   2 2   3 3
44 294 4   0 0   1 1   2 2   3 3
44 136 4   0 0   1 1   2 2   3 3
44 220 4   0 0   1 1   2 2   3 3
45 128 4   0 0   1 1   2 2   3 3
45 321 4   0 0   1 1   2 2   3 3
45 57 4   0 0   1 1   2 2   3 3
45 298 4   0 0   1 1   2 2   3 3
45 155 4   0 0   1 1   2 2   3 3
46 52 4   0 0   1 1   2 2   3 3
46 261 4   0 0   1 1   2 2   3 3
46 295 4   0 0   1 1   2 2   3 3
46 235 4   0 0   1 1   2 2   3 3
47 181 4   0 0   1 1   2 2   3 3
47 184 4   0 0   1 1   2 2   3 3
47 317 4   0 0   1 1   2 2   3 3
47 318 4   0 0   1 1   2 2   3 3
48 163 4   0 0   1 1   2 2   3 3
48 246 4   0 0   1 1   2 2   3 3
48 73 4   0 0   1 1   2 2   3 3
48 92 4   0 0   1 1   2 2   3 3
48 286 4   0 0   1 1   2 2   3 3
48 111 4   0 0   1 1   2 2   3 3
49 67 4   0 0   1 1   2 2   3 3
49 228 4   0 0   1 1   2 2   3 3
49 313 4   0 0   1 1   2 2   3 3
49 332 4   0 0   1 1   2 2   3 3
50 192 4   0 0   1 1   2 2   3 3
50 165 4   0 0   1 1   2 2   3 3
50 74 4   0 0   1 1   2 2   3 3
50 59 4   0 0   1 1   2 2   3 3
50 174 4   0 0   1 1   2 2   3 3
51 256 4   0 0   1 1   2 2   3 3
51 177 4   0 0   1 1   2 2   3 3
51 307 4   0 0   1 1   2 2   3 3
51 55 4   0 0   1 1   2 2   3 3
51 56 4   0 0   1 1   2 2   3 3
51 62 4   0 0   1 1   2 2   3 3
52 194 4   0 0   1 1   2 2   3 3
52 295 4   0 0   1 1   2 2   3 3
52 235 4   0 0   1 1   2 2   3 3
53 240 4   0 0   1 1   2 2   3 3
53 288 4   0 0   1 1   2 2   3 3
53 241 4   0 0   1 1   2 2   3 3
53 114 4   0 0   1 1   2 2   3 3
53 98 4   0 0   1 1   2 2   3 3
53 278 4   0 0   1 1   2 2   3 3
53 314 4   0 0   1 1   2 2   3 3
53 158 4   0 0   1 1   2 2   3 3
54 112 4   0 0   1 1   2 2   3 3
54 250 4   0 0   1 1   2 2   3 3
54 187 4   0 0   1 1   2 2   3 3
54 319 4   0 0   1 1   2 2   3 3
55 126 4   0 0   1 1   2 2   3 3
56 177 4   0 0   1 1   2 2   3 3
56 212 4   0 0   1 1   2 2   3 3
56 263 4   0 0   1 1   2 2   3 3
56 62 4   0 0   1 1   2 2   3 3
57 323 4   0 0   1 1   2 2   3 3
57 134 4   0 0   1 1   2 2   3 3
57 119 4   0 0   1 1   2 2   3 3
57 298 4   0 0   1 1   2 2   3 3
57 123 4   0 0   1 1   2 2   3 3
57 331 4   0 0   1 1   2 2   3 3
57 171 4   0 0   1 1   2 2   3 3
57 315 4   0 0   1 1   2 2   3 3
58 338 4   0 0   1 1   2 2   3 3
58 326 4   0 0   1 1   2 2   3 3
58 313 4   0 0   1 1   2 2   3 3
58 185 4   0 0   1 1   2 2   3 3
59 272 4   0 0   1 1   2 2   3 3
59 82 4   0 0   1 1   2 2   3 3
59 253 4   0 0   1 1   2 2   3 3
59 174 4   0 0   1 1   2 2   3 3
60 134 4   0 0   1 1   2 2   3 3
60 278 4   0 0   1 1   2 2   3 3
60 169 4   0 0   1 1   2 2   3 3
60 171 4   0 0   1 1   2 2   3 3
60 315 4   0 0   1 1   2 2   3 3
61 234 4   0 0   1 1   2 2   3 3
61 223 4   0 0   1 1   2 2   3 3
62 307 4   0 0   1 1   2 2   3 3
62 263 4   0 0   1 1   2 2   3 3
62 282 4   0 0   1 1   2 2   3 3
63 224 4   0 0   1 1   2 2   3 3
63 225 4   0 0   1 1   2 2   3 3
63 65 4   0 0   1 1   2 2   3 3
63 196 4   0 0   1 1   2 2   3 3
63 219 4   0 0   1 1   2 2   3 3
64 210 4   0 0   1 1   2 2   3 3
64 309 4   0 0   1 1   2 2   3 3
64 153 4   0 0   1 1   2 2   3 3
64 233 4   0 0   1 1   2 2   3 3
64 314 4   0 0   1 1   2 2   3 3
64 206 4   0 0   1 1   2 2   3 3
65 305 4   0 0   1 1   2 2   3 3
65 225 4   0 0   1 1   2 2   3 3
65 148 4   0 0   1 1   2 2   3 3
65 196 4   0 0   1 1   2 2   3 3
66 133 4   0 0   1 1   2 2   3 3
66 135 4   0 0   1 1   2 2   3 3
66 169 4   0 0   1 1   2 2   3 3
66 107 4   0 0   1 1   2 2   3 3
67 100 4   0 0   1 1   2 2   3 3
67 228 4   0 0   1 1   2 2   3 3
67 103 4   0 0   1 1   2 2   3 3
67 203 4   0 0   1 1   2 2   3 3
67 332 4   0 0   1 1   2 2   3 3
68 96 4   0 0   1 1   2 2   3 3
68 176 4   0 0   1 1   2 2   3 3
68 121 4   0 0   1 1   2 2   3 3
69 258 4   0 0   1 1   2 2   3 3
69 164 4   0 0   1 1   2 2   3 3
69 309 4   0 0   1 1   2 2   3 3
69 217 4   0 0   1 1   2 2   3 3
69 153 4   0 0   1 1   2 2   3 3
70 142 4   0 0   1 1   2 2   3 3
70 287 4   0 0   1 1   2 2   3 3
71 257 4   0 0   1 1   2 2   3 3
71 123 4   0 0   1 1   2 2   3 3
71 189 4   0 0   1 1   2 2   3 3
72 241 4   0 0   1 1   2 2   3 3
72 89 4   0 0   1 1   2 2   3 3
72 139 4   0 0   1 1   2 2   3 3
73 246 4   0 0   1 1   2 2   3 3
73 286 4   0 0   1 1   2 2   3 3
74 192 4   0 0   1 1   2 2   3 3
74 165 4   0 0   1 1   2 2   3 3
74 140 4   0 0   1 1   2 2   3 3
74 141 4   0 0   1 1   2 2   3 3
75 322 4   0 0   1 1   2 2   3 3
75 179 4   0 0   1 1   2 2   3 3
75 175 4   0 0   1 1   2 2   3 3
76 164 4   0 0   1 1   2 2   3 3
76 309 4   0 0   1 1   2 2   3 3
76 245 4   0 0   1 1   2 2   3 3
76 102 4   0 0   1 1   2 2   3 3
76 330 4   0 0   1 1   2 2   3 3
77 113 4   0 0   1 1   2 2   3 3
77 227 4   0 0   1 1   2 2   3 3
77 280 4   0 0   1 1   2 2   3 3
77 217 4   0 0   1 1   2 2   3 3
78 276 4   0 0   1 1   2 2   3 3
78 182 4   0 0   1 1   2 2   3 3
78 246 4   0 0   1 1   2 2   3 3
78 199 4   0 0   1 1   2 2   3 3
78 327 4   0 0   1 1   2 2   3 3
78 267 4   0 0   1 1   2 2   3 3
79 275 4   0 0   1 1   2 2   3 3
79 308 4   0 0   1 1   2 2   3 3
79 261 4   0 0   1 1   2 2   3 3
79 249 4   0 0   1 1   2 2   3 3
79 297 4   0 0   1 1   2 2   3 3
79 235 4   0 0   1 1   2 2   3 3
79 108 4   0 0   1 1   2 2   3 3
80 115 4   0 0   1 1   2 2   3 3
80 293 4   0 0   1 1   2 2   3 3
80 343 4   0 0   1 1   2 2   3 3
80 250 4   0 0   1 1   2 2   3 3
81 163 4   0 0   1 1   2 2   3 3
81 341 4   0 0   1 1   2 2   3 3
81 265 4   0 0   1 1   2 2   3 3
81 222 4   0 0   1 1   2 2   3 3
81 286 4   0 0   1 1   2 2   3 3
82 272 4   0 0   1 1   2 2   3 3
82 277 4   0 0   1 1   2 2   3 3
82 253 4   0 0   1 1   2 2   3 3
83 115 4   0 0   1 1   2 2   3 3
83 247 4   0 0   1 1   2 2   3 3
83 343 4   0 0   1 1   2 2   3 3
83 157 4   0 0   1 1   2 2   3 3
83 333 4   0 0   1 1   2 2   3 3
84 208 4   0 0   1 1   2 2   3 3
84 193 4   0 0   1 1   2 2   3 3
84 307 4   0 0   1 1   2 2   3 3
84 230 4   0 0   1 1   2 2   3 3
84 282 4   0 0   1 1   2 2   3 3
84 173 4   0 0   1 1   2 2   3 3
85 179 4   0 0   1 1   2 2   3 3
85 212 4   0 0   1 1   2 2   3 3
85 263 4   0 0   1 1   2 2   3 3
86 131 4   0 0   1 1   2 2   3 3
86 264 4   0 0   1 1   2 2   3 3
86 90 4   0 0   1 1   2 2   3 3
87 209 4   0 0   1 1   2 2   3 3
87 290 4   0 0   1 1   2 2   3 3
87 244 4   0 0   1 1   2 2   3 3
87 127 4   0 0   1 1   2 2   3 3
88 113 4   0 0   1 1   2 2   3 3
88 145 4   0 0   1 1   2 2   3 3
88 231 4   0 0   1 1   2 2   3 3
88 138 4   0 0   1 1   2 2   3 3
88 156 4   0 0   1 1   2 2   3 3
89 106 4   0 0   1 1   2 2   3 3
89 139 4   0 0   1 1   2 2   3 3
89 284 4   0 0   1 1   2 2   3 3
89 271 4   0 0   1 1   2 2   3 3
90 131 4   0 0   1 1   2 2   3 3
90 132 4   0 0   1 1   2 2   3 3
90 197 4   0 0   1 1   2 2   3 3
90 264 4   0 0   1 1   2 2   3 3
91 256 4   0 0   1 1   2 2   3 3
91 109 4   0 0   1 1   2 2   3 3
91 223 4   0 0   1 1   2 2   3 3
92 131 4   0 0   1 1   2 2   3 3
92 197 4   0 0   1 1   2 2   3 3
92 246 4   0 0   1 1   2 2   3 3
92 111 4   0 0   1 1   2 2   3 3
93 131 4   0 0   1 1   2 2   3 3
93 329 4   0 0   1 1   2 2   3 3
93 218 4   0 0   1 1   2 2   3 3
93 221 4   0 0   1 1   2 2   3 3
93 111 4   0 0   1 1   2 2   3 3
94 128 4   0 0   1 1   2 2   3 3
94 273 4   0 0   1 1   2 2   3 3
94 155 4   0 0   1 1   2 2   3 3
94 237 4   0 0   1 1   2 2   3 3
94 142 4   0 0   1 1   2 2   3 3
94 287 4   0 0   1 1   2 2   3 3
95 241 4   0 0   1 1   2 2   3 3
95 106 4   0 0   1 1   2 2   3 3
95 315 4   0 0   1 1   2 2   3 3
95 139 4   0 0   1 1   2 2   3 3
95 239 4   0 0   1 1   2 2   3 3
96 152 4   0 0   1 1   2 2   3 3
96 121 4   0 0   1 1   2 2   3 3
96 284 4   0 0   1 1   2 2   3 3
96 300 4   0 0   1 1   2 2   3 3
96 285 4   0 0   1 1   2 2   3 3
96 271 4   0 0   1 1   2 2   3 3
96 335 4   0 0   1 1   2 2   3 3
97 149 4   0 0   1 1   2 2   3 3
97 102 4   0 0   1 1   2 2   3 3
97 279 4   0 0   1 1   2 2   3 3
97 330 4   0 0   1 1   2 2   3 3
97 188 4   0 0   1 1   2 2   3 3
97 141 4   0 0   1 1   2 2   3 3
98 288 4   0 0   1 1   2 2   3 3
98 296 4   0 0   1 1   2 2   3 3
98 137 4   0 0   1 1   2 2   3 3
98 158 4   0 0   1 1   2 2   3 3
99 151 4   0 0   1 1   2 2   3 3
99 328 4   0 0   1 1   2 2   3 3
99 281 4   0 0   1 1   2 2   3 3
99 318 4   0 0   1 1   2 2   3 3
99 255 4   0 0   1 1   2 2   3 3
100 243 4   0 0   1 1   2 2   3 3
100 228 4   0 0   1 1   2 2   3 3
100 203 4   0 0   1 1   2 2   3 3
100 302 4   0 0   1 1   2 2   3 3
101 112 4   0 0   1 1   2 2   3 3
101 162 4   0 0   1 1   2 2   3 3
101 293 4   0 0   1 1   2 2   3 3
101 250 4   0 0   1 1   2 2   3 3
101 202 4   0 0   1 1   2 2   3 3
101 254 4   0 0   1 1   2 2   3 3
102 306 4   0 0   1 1   2 2   3 3
102 164 4   0 0   1 1   2 2   3 3
102 149 4   0 0   1 1   2 2   3 3
102 217 4   0 0   1 1   2 2   3 3
102 330 4   0 0   1 1   2 2   3 3
103 304 4   0 0   1 1   2 2   3 3
103 291 4   0 0   1 1   2 2   3 3
103 344 4   0 0   1 1   2 2   3 3
103 203 4   0 0   1 1   2 2   3 3
103 332 4   0 0   1 1   2 2   3 3
104 112 4   0 0   1 1   2 2   3 3
104 259 4   0 0   1 1   2 2   3 3
104 232 4   0 0   1 1   2 2   3 3
104 254 4   0 0   1 1   2 2   3 3
104 319 4   0 0   1 1   2 2   3 3
105 132 4   0 0   1 1   2 2   3 3
105 213 4   0 0   1 1   2 2   3 3
105 236 4   0 0   1 1   2 2   3 3
105 173 4   0 0   1 1   2 2   3 3
106 292 4   0 0   1 1   2 2   3 3
106 248 4   0 0   1 1   2 2   3 3
106 139 4   0 0   1 1   2 2   3 3
106 239 4   0 0   1 1   2 2   3 3
106 271 4   0 0   1 1   2 2   3 3
107 119 4   0 0   1 1   2 2   3 3
107 169 4   0 0   1 1   2 2   3 3
107 123 4   0 0   1 1   2 2   3 3
108 195 4   0 0   1 1   2 2   3 3
108 308 4   0 0   1 1   2 2   3 3
108 249 4   0 0   1 1   2 2   3 3
109 223 4   0 0   1 1   2 2   3 3
110 289 4   0 0   1 1   2 2   3 3
110 214 4   0 0   1 1   2 2   3 3
110 247 4   0 0   1 1   2 2   3 3
110 157 4   0 0   1 1   2 2   3 3
110 207 4   0 0   1 1   2 2   3 3
111 131 4   0 0   1 1   2 2   3 3
111 163 4   0 0   1 1   2 2   3 3
111 218 4   0 0   1 1   2 2   3 3
111 255 4   0 0   1 1   2 2   3 3
112 250 4   0 0   1 1   2 2   3 3
112 254 4   0 0   1 1   2 2   3 3
112 319 4   0 0   1 1   2 2   3 3
113 145 4   0 0   1 1   2 2   3 3
113 227 4   0 0   1 1   2 2   3 3
113 324 4   0 0   1 1   2 2   3 3
113 229 4   0 0   1 1   2 2   3 3
113 280 4   0 0   1 1   2 2   3 3
114 288 4   0 0   1 1   2 2   3 3
114 336 4   0 0   1 1   2 2   3 3
114 296 4   0 0   1 1   2 2   3 3
114 233 4   0 0   1 1   2 2   3 3
114 314 4   0 0   1 1   2 2   3 3
115 162 4   0 0   1 1   2 2   3 3
115 343 4   0 0   1 1   2 2   3 3
115 333 4   0 0   1 1   2 2   3 3
116 211 4   0 0   1 1   2 2   3 3
116 147 4   0 0   1 1   2 2   3 3
116 325 4   0 0   1 1   2 2   3 3
116 341 4   0 0   1 1   2 2   3 3
116 333 4   0 0   1 1   2 2   3 3
116 207 4   0 0   1 1   2 2   3 3
117 274 4   0 0   1 1   2 2   3 3
117 242 4   0 0   1 1   2 2   3 3
117 204 4   0 0   1 1   2 2   3 3
117 301 4   0 0   1 1   2 2   3 3
118 257 4   0 0   1 1   2 2   3 3
118 323 4   0 0   1 1   2 2   3 3
118 183 4   0 0   1 1   2 2   3 3
118 123 4   0 0   1 1   2 2   3 3
118 270 4   0 0   1 1   2 2   3 3
119 134 4   0 0   1 1   2 2   3 3
119 169 4   0 0   1 1   2 2   3 3
119 123 4   0 0   1 1   2 2   3 3
119 331 4   0 0   1 1   2 2   3 3
120 272 4   0 0   1 1   2 2   3 3
120 327 4   0 0   1 1   2 2   3 3
120 168 4   0 0   1 1   2 2   3 3
120 170 4   0 0   1 1   2 2   3 3
120 316 4   0 0   1 1   2 2   3 3
120 191 4   0 0   1 1   2 2   3 3
121 144 4   0 0   1 1   2 2   3 3
121 176 4   0 0   1 1   2 2   3 3
122 180 4   0 0   1 1   2 2   3 3
122 182 4   0 0   1 1   2 2   3 3
122 172 4   0 0   1 1   2 2   3 3
122 303 4   0 0   1 1   2 2   3 3
123 257 4   0 0   1 1   2 2   3 3
123 323 4   0 0   1 1   2 2   3 3
124 226 4   0 0   1 1   2 2   3 3
124 310 4   0 0   1 1   2 2   3 3
124 215 4   0 0   1 1   2 2   3 3
124 248 4   0 0   1 1   2 2   3 3
124 334 4   0 0   1 1   2 2   3 3
125 195 4   0 0   1 1   2 2   3 3
125 324 4   0 0   1 1   2 2   3 3
125 294 4   0 0   1 1   2 2   3 3
125 200 4   0 0   1 1   2 2   3 3
125 205 4   0 0   1 1   2 2   3 3
125 190 4   0 0   1 1   2 2   3 3
126 208 4   0 0   1 1   2 2   3 3
126 337 4   0 0   1 1   2 2   3 3
126 173 4   0 0   1 1   2 2   3 3
127 209 4   0 0   1 1   2 2   3 3
127 244 4   0 0   1 1   2 2   3 3
127 152 4   0 0   1 1   2 2   3 3
127 251 4   0 0   1 1   2 2   3 3
127 285 4   0 0   1 1   2 2   3 3
128 321 4   0 0   1 1   2 2   3 3
128 273 4   0 0   1 1   2 2   3 3
128 155 4   0 0   1 1   2 2   3 3
129 312 4   0 0   1 1   2 2   3 3
129 281 4   0 0   1 1   2 2   3 3
129 329 4   0 0   1 1   2 2   3 3
129 218 4   0 0   1 1   2 2   3 3
129 252 4   0 0   1 1   2 2   3 3
129 255 4   0 0   1 1   2 2   3 3
130 144 4   0 0   1 1   2 2   3 3
130 178 4   0 0   1 1   2 2   3 3
130 226 4   0 0   1 1   2 2   3 3
130 292 4   0 0   1 1   2 2   3 3
130 340 4   0 0   1 1   2 2   3 3
130 335 4   0 0   1 1   2 2   3 3
131 197 4   0 0   1 1   2 2   3 3
131 234 4   0 0   1 1   2 2   3 3
131 221 4   0 0   1 1   2 2   3 3
132 168 4   0 0   1 1   2 2   3 3
132 264 4   0 0   1 1   2 2   3 3
133 260 4   0 0   1 1   2 2   3 3
133 278 4   0 0   1 1   2 2   3 3
133 135 4   0 0   1 1   2 2   3 3
133 169 4   0 0   1 1   2 2   3 3
134 169 4   0 0   1 1   2 2   3 3
134 331 4   0 0   1 1   2 2   3 3
134 171 4   0 0   1 1   2 2   3 3
135 161 4   0 0   1 1   2 2   3 3
135 258 4   0 0   1 1   2 2   3 3
135 260 4   0 0   1 1   2 2   3 3
136 220 4   0 0   1 1   2 2   3 3
137 244 4   0 0   1 1   2 2   3 3
137 172 4   0 0   1 1   2 2   3 3
137 158 4   0 0   1 1   2 2   3 3
137 303 4   0 0   1 1   2 2   3 3
138 311 4   0 0   1 1   2 2   3 3
138 231 4   0 0   1 1   2 2   3 3
138 299 4   0 0   1 1   2 2   3 3
138 156 4   0 0   1 1   2 2   3 3
139 241 4   0 0   1 1   2 2   3 3
140 192 4   0 0   1 1   2 2   3 3
140 330 4   0 0   1 1   2 2   3 3
140 141 4   0 0   1 1   2 2   3 3
140 238 4   0 0   1 1   2 2   3 3
141 224 4   0 0   1 1   2 2   3 3
141 165 4   0 0   1 1   2 2   3 3
141 279 4   0 0   1 1   2 2   3 3
141 330 4   0 0   1 1   2 2   3 3
142 283 4   0 0   1 1   2 2   3 3
142 237 4   0 0   1 1   2 2   3 3
142 287 4   0 0   1 1   2 2   3 3
143 161 4   0 0   1 1   2 2   3 3
143 258 4   0 0   1 1   2 2   3 3
143 166 4   0 0   1 1   2 2   3 3
143 167 4   0 0   1 1   2 2   3 3
144 226 4   0 0   1 1   2 2   3 3
144 340 4   0 0   1 1   2 2   3 3
144 335 4   0 0   1 1   2 2   3 3
145 306 4   0 0   1 1   2 2   3 3
145 227 4   0 0   1 1   2 2   3 3
145 149 4   0 0   1 1   2 2   3 3
145 231 4   0 0   1 1   2 2   3 3
145 188 4   0 0   1 1   2 2   3 3
146 321 4   0 0   1 1   2 2   3 3
146 342 4   0 0   1 1   2 2   3 3
146 248 4   0 0   1 1   2 2   3 3
146 239 4   0 0   1 1   2 2   3 3
147 333 4   0 0   1 1   2 2   3 3
148 305 4   0 0   1 1   2 2   3 3
148 225 4   0 0   1 1   2 2   3 3
148 279 4   0 0   1 1   2 2   3 3
148 188 4   0 0   1 1   2 2   3 3
149 306 4   0 0   1 1   2 2   3 3
149 188 4   0 0   1 1   2 2   3 3
150 294 4   0 0   1 1   2 2   3 3
150 220 4   0 0   1 1   2 2   3 3
150 190 4   0 0   1 1   2 2   3 3
151 317 4   0 0   1 1   2 2   3 3
151 318 4   0 0   1 1   2 2   3 3
151 159 4   0 0   1 1   2 2   3 3
152 209 4   0 0   1 1   2 2   3 3
152 214 4   0 0   1 1   2 2   3 3
152 251 4   0 0   1 1   2 2   3 3
152 300 4   0 0   1 1   2 2   3 3
152 285 4   0 0   1 1   2 2   3 3
153 258 4   0 0   1 1   2 2   3 3
153 210 4   0 0   1 1   2 2   3 3
153 260 4   0 0   1 1   2 2   3 3
153 309 4   0 0   1 1   2 2   3 3
154 277 4   0 0   1 1   2 2   3 3
154 213 4   0 0   1 1   2 2   3 3
154 216 4   0 0   1 1   2 2   3 3
154 236 4   0 0   1 1   2 2   3 3
154 253 4   0 0   1 1   2 2   3 3
155 298 4   0 0   1 1   2 2   3 3
156 324 4   0 0   1 1   2 2   3 3
156 299 4   0 0   1 1   2 2   3 3
157 211 4   0 0   1 1   2 2   3 3
157 247 4   0 0   1 1   2 2   3 3
157 333 4   0 0   1 1   2 2   3 3
157 207 4   0 0   1 1   2 2   3 3
158 244 4   0 0   1 1   2 2   3 3
159 186 4   0 0   1 1   2 2   3 3
159 202 4   0 0   1 1   2 2   3 3
159 317 4   0 0   1 1   2 2   3 3
160 338 4   0 0   1 1   2 2   3 3
160 322 4   0 0   1 1   2 2   3 3
160 282 4   0 0   1 1   2 2   3 3
160 175 4   0 0   1 1   2 2   3 3
161 258 4   0 0   1 1   2 2   3 3
162 293 4   0 0   1 1   2 2   3 3
162 186 4   0 0   1 1   2 2   3 3
162 202 4   0 0   1 1   2 2   3 3
162 333 4   0 0   1 1   2 2   3 3
163 222 4   0 0   1 1   2 2   3 3
163 286 4   0 0   1 1   2 2   3 3
163 255 4   0 0   1 1   2 2   3 3
164 309 4   0 0   1 1   2 2   3 3
164 217 4   0 0   1 1   2 2   3 3
165 224 4   0 0   1 1   2 2   3 3
165 344 4   0 0   1 1   2 2   3 3
165 174 4   0 0   1 1   2 2   3 3
166 275 4   0 0   1 1   2 2   3 3
166 167 4   0 0   1 1   2 2   3 3
166 280 4   0 0   1 1   2 2   3 3
167 275 4   0 0   1 1   2 2   3 3
167 261 4   0 0   1 1   2 2   3 3
167 266 4   0 0   1 1   2 2   3 3
168 272 4   0 0   1 1   2 2   3 3
168 276 4   0 0   1 1   2 2   3 3
168 170 4   0 0   1 1   2 2   3 3
168 236 4   0 0   1 1   2 2   3 3
169 278 4   0 0   1 1   2 2   3 3
170 276 4   0 0   1 1   2 2   3 3
170 327 4   0 0   1 1   2 2   3 3
171 315 4   0 0   1 1   2 2   3 3
172 244 4   0 0   1 1   2 2   3 3
172 180 4   0 0   1 1   2 2   3 3
172 303 4   0 0   1 1   2 2   3 3
173 208 4   0 0   1 1   2 2   3 3
173 213 4   0 0   1 1   2 2   3 3
173 230 4   0 0   1 1   2 2   3 3
174 291 4   0 0   1 1   2 2   3 3
174 344 4   0 0   1 1   2 2   3 3
174 253 4   0 0   1 1   2 2   3 3
175 322 4   0 0   1 1   2 2   3 3
175 179 4   0 0   1 1   2 2   3 3
175 263 4   0 0   1 1   2 2   3 3
175 282 4   0 0   1 1   2 2   3 3
177 256 4   0 0   1 1   2 2   3 3
177 212 4   0 0   1 1   2 2   3 3
178 226 4   0 0   1 1   2 2   3 3
178 292 4   0 0   1 1   2 2   3 3
178 248 4   0 0   1 1   2 2   3 3
178 334 4   0 0   1 1   2 2   3 3
179 263 4   0 0   1 1   2 2   3 3
180 286 4   0 0   1 1   2 2   3 3
181 184 4   0 0   1 1   2 2   3 3
181 202 4   0 0   1 1   2 2   3 3
181 317 4   0 0   1 1   2 2   3 3
181 254 4   0 0   1 1   2 2   3 3
182 199 4   0 0   1 1   2 2   3 3
182 269 4   0 0   1 1   2 2   3 3
182 303 4   0 0   1 1   2 2   3 3
183 323 4   0 0   1 1   2 2   3 3
183 298 4   0 0   1 1   2 2   3 3
183 270 4   0 0   1 1   2 2   3 3
184 281 4   0 0   1 1   2 2   3 3
184 318 4   0 0   1 1   2 2   3 3
185 338 4   0 0   1 1   2 2   3 3
185 243 4   0 0   1 1   2 2   3 3
185 228 4   0 0   1 1   2 2   3 3
185 313 4   0 0   1 1   2 2   3 3
186 328 4   0 0   1 1   2 2   3 3
186 202 4   0 0   1 1   2 2   3 3
186 333 4   0 0   1 1   2 2   3 3
187 250 4   0 0   1 1   2 2   3 3
188 305 4   0 0   1 1   2 2   3 3
188 231 4   0 0   1 1   2 2   3 3
188 311 4   0 0   1 1   2 2   3 3
188 279 4   0 0   1 1   2 2   3 3
189 257 4   0 0   1 1   2 2   3 3
189 295 4   0 0   1 1   2 2   3 3
189 266 4   0 0   1 1   2 2   3 3
190 294 4   0 0   1 1   2 2   3 3
190 200 4   0 0   1 1   2 2   3 3
191 320 4   0 0   1 1   2 2   3 3
191 198 4   0 0   1 1   2 2   3 3
191 268 4   0 0   1 1   2 2   3 3
191 316 4   0 0   1 1   2 2   3 3
193 304 4   0 0   1 1   2 2   3 3
193 230 4   0 0   1 1   2 2   3 3
193 216 4   0 0   1 1   2 2   3 3
193 282 4   0 0   1 1   2 2   3 3
193 203 4   0 0   1 1   2 2   3 3
193 302 4   0 0   1 1   2 2   3 3
194 257 4   0 0   1 1   2 2   3 3
194 295 4   0 0   1 1   2 2   3 3
194 270 4   0 0   1 1   2 2   3 3
195 308 4   0 0   1 1   2 2   3 3
195 200 4   0 0   1 1   2 2   3 3
195 249 4   0 0   1 1   2 2   3 3
195 205 4   0 0   1 1   2 2   3 3
196 224 4   0 0   1 1   2 2   3 3
196 274 4   0 0   1 1   2 2   3 3
196 204 4   0 0   1 1   2 2   3 3
196 301 4   0 0   1 1   2 2   3 3
197 276 4   0 0   1 1   2 2   3 3
197 246 4   0 0   1 1   2 2   3 3
198 245 4   0 0   1 1   2 2   3 3
198 268 4   0 0   1 1   2 2   3 3
199 320 4   0 0   1 1   2 2   3 3
199 267 4   0 0   1 1   2 2   3 3
199 268 4   0 0   1 1   2 2   3 3
199 269 4   0 0   1 1   2 2   3 3
201 273 4   0 0   1 1   2 2   3 3
201 310 4   0 0   1 1   2 2   3 3
201 215 4   0 0   1 1   2 2   3 3
201 237 4   0 0   1 1   2 2   3 3
202 317 4   0 0   1 1   2 2   3 3
202 254 4   0 0   1 1   2 2   3 3
203 304 4   0 0   1 1   2 2   3 3
204 274 4   0 0   1 1   2 2   3 3
204 301 4   0 0   1 1   2 2   3 3
205 308 4   0 0   1 1   2 2   3 3
205 324 4   0 0   1 1   2 2   3 3
205 229 4   0 0   1 1   2 2   3 3
205 297 4   0 0   1 1   2 2   3 3
206 309 4   0 0   1 1   2 2   3 3
206 245 4   0 0   1 1   2 2   3 3
207 211 4   0 0   1 1   2 2   3 3
207 325 4   0 0   1 1   2 2   3 3
208 307 4   0 0   1 1   2 2   3 3
209 290 4   0 0   1 1   2 2   3 3
209 325 4   0 0   1 1   2 2   3 3
209 341 4   0 0   1 1   2 2   3 3
209 251 4   0 0   1 1   2 2   3 3
210 260 4   0 0   1 1   2 2   3 3
210 314 4   0 0   1 1   2 2   3 3
211 333 4   0 0   1 1   2 2   3 3
212 263 4   0 0   1 1   2 2   3 3
213 230 4   0 0   1 1   2 2   3 3
213 216 4   0 0   1 1   2 2   3 3
213 236 4   0 0   1 1   2 2   3 3
214 289 4   0 0   1 1   2 2   3 3
214 300 4   0 0   1 1   2 2   3 3
215 310 4   0 0   1 1   2 2   3 3
215 283 4   0 0   1 1   2 2   3 3
216 304 4   0 0   1 1   2 2   3 3
216 230 4   0 0   1 1   2 2   3 3
216 253 4   0 0   1 1   2 2   3 3
217 306 4   0 0   1 1   2 2   3 3
217 227 4   0 0   1 1   2 2   3 3
218 329 4   0 0   1 1   2 2   3 3
218 255 4   0 0   1 1   2 2   3 3
219 224 4   0 0   1 1   2 2   3 3
219 225 4   0 0   1 1   2 2   3 3
220 294 4   0 0   1 1   2 2   3 3
221 329 4   0 0   1 1   2 2   3 3
221 234 4   0 0   1 1   2 2   3 3
222 328 4   0 0   1 1   2 2   3 3
222 333 4   0 0   1 1   2 2   3 3
223 234 4   0 0   1 1   2 2   3 3
224 274 4   0 0   1 1   2 2   3 3
224 344 4   0 0   1 1   2 2   3 3
226 334 4   0 0   1 1   2 2   3 3
227 306 4   0 0   1 1   2 2   3 3
228 243 4   0 0   1 1   2 2   3 3
228 313 4   0 0   1 1   2 2   3 3
229 324 4   0 0   1 1   2 2   3 3
229 280 4   0 0   1 1   2 2   3 3
229 297 4   0 0   1 1   2 2   3 3
231 311 4   0 0   1 1   2 2   3 3
232 259 4   0 0   1 1   2 2   3 3
232 262 4   0 0   1 1   2 2   3 3
232 319 4   0 0   1 1   2 2   3 3
233 336 4   0 0   1 1   2 2   3 3
233 314 4   0 0   1 1   2 2   3 3
233 268 4   0 0   1 1   2 2   3 3
235 261 4   0 0   1 1   2 2   3 3
235 249 4   0 0   1 1   2 2   3 3
236 272 4   0 0   1 1   2 2   3 3
236 277 4   0 0   1 1   2 2   3 3
237 273 4   0 0   1 1   2 2   3 3
237 283 4   0 0   1 1   2 2   3 3
238 245 4   0 0   1 1   2 2   3 3
238 330 4   0 0   1 1   2 2   3 3
239 248 4   0 0   1 1   2 2   3 3
240 278 4   0 0   1 1   2 2   3 3
241 278 4   0 0   1 1   2 2   3 3
241 315 4   0 0   1 1   2 2   3 3
242 326 4   0 0   1 1   2 2   3 3
242 313 4   0 0   1 1   2 2   3 3
243 338 4   0 0   1 1   2 2   3 3
243 282 4   0 0   1 1   2 2   3 3
243 302 4   0 0   1 1   2 2   3 3
245 309 4   0 0   1 1   2 2   3 3
245 330 4   0 0   1 1   2 2   3 3
246 276 4   0 0   1 1   2 2   3 3
247 343 4   0 0   1 1   2 2   3 3
248 292 4   0 0   1 1   2 2   3 3
248 310 4   0 0   1 1   2 2   3 3
248 342 4   0 0   1 1   2 2   3 3
248 334 4   0 0   1 1   2 2   3 3
250 293 4   0 0   1 1   2 2   3 3
250 343 4   0 0   1 1   2 2   3 3
252 312 4   0 0   1 1   2 2   3 3
253 304 4   0 0   1 1   2 2   3 3
253 291 4   0 0   1 1   2 2   3 3
253 277 4   0 0   1 1   2 2   3 3
254 259 4   0 0   1 1   2 2   3 3
254 262 4   0 0   1 1   2 2   3 3
255 328 4   0 0   1 1   2 2   3 3
255 281 4   0 0   1 1   2 2   3 3
257 295 4   0 0   1 1   2 2   3 3
257 270 4   0 0   1 1   2 2   3 3
258 260 4   0 0   1 1   2 2   3 3
259 262 4   0 0   1 1   2 2   3 3
260 314 4   0 0   1 1   2 2   3 3
261 275 4   0 0   1 1   2 2   3 3
261 295 4   0 0   1 1   2 2   3 3
261 266 4   0 0   1 1   2 2   3 3
263 282 4   0 0   1 1   2 2   3 3
264 337 4   0 0   1 1   2 2   3 3
265 341 4   0 0   1 1   2 2   3 3
266 295 4   0 0   1 1   2 2   3 3
267 320 4   0 0   1 1   2 2   3 3
267 327 4   0 0   1 1   2 2   3 3
267 316 4   0 0   1 1   2 2   3 3
268 336 4   0 0   1 1   2 2   3 3
268 320 4   0 0   1 1   2 2   3 3
268 269 4   0 0   1 1   2 2   3 3
269 336 4   0 0   1 1   2 2   3 3
269 296 4   0 0   1 1   2 2   3 3
269 303 4   0 0   1 1   2 2   3 3
271 292 4   0 0   1 1   2 2   3 3
271 284 4   0 0   1 1   2 2   3 3
271 335 4   0 0   1 1   2 2   3 3
272 277 4   0 0   1 1   2 2   3 3
273 321 4   0 0   1 1   2 2   3 3
273 310 4   0 0   1 1   2 2   3 3
273 342 4   0 0   1 1   2 2   3 3
274 344 4   0 0   1 1   2 2   3 3
274 332 4   0 0   1 1   2 2   3 3
275 297 4   0 0   1 1   2 2   3 3
276 327 4   0 0   1 1   2 2   3 3
278 315 4   0 0   1 1   2 2   3 3
281 312 4   0 0   1 1   2 2   3 3
281 318 4   0 0   1 1   2 2   3 3
282 338 4   0 0   1 1   2 2   3 3
282 307 4   0 0   1 1   2 2   3 3
282 302 4   0 0   1 1   2 2   3 3
284 285 4   0 0   1 1   2 2   3 3
288 296 4   0 0   1 1   2 2   3 3
291 304 4   0 0   1 1   2 2   3 3
291 344 4   0 0   1 1   2 2   3 3
292 335 4   0 0   1 1   2 2   3 3
294 339 4   0 0   1 1   2 2   3 3
294 324 4   0 0   1 1   2 2   3 3
296 336 4   0 0   1 1   2 2   3 3
297 308 4   0 0   1 1   2 2   3 3
298 323 4   0 0   1 1   2 2   3 3
299 339 4   0 0   1 1   2 2   3 3
299 324 4   0 0   1 1   2 2   3 3
310 342 4   0 0   1 1   2 2   3 3
316 320 4   0 0   1 1   2 2   3 3
316 327 4   0 0   1 1   2 2   3 3
317 318 4   0 0   1 1   2 2   3 3
321 342 4   0 0   1 1   2 2   3 3
325 341 4   0 0   1 1   2 2   3 3
326 338 4   0 0   1 1   2 2   3 3
328 333 4   0 0   1 1   2 2   3 3
332 344 4   0 0   1 1   2 2   3 3
335 340 4   0 0   1 1   2 2   3 3
