346
1 4 0 1 2 3
2 4 0 1 2 3
3 4 0 1 2 3
4 4 0 1 2 3
5 4 0 1 2 3
6 4 0 1 2 3
7 4 0 1 2 3
8 4 0 1 2 3
9 4 0 1 2 3
10 4 0 1 2 3
11 4 0 1 2 3
12 4 0 1 2 3
13 4 0 1 2 3
14 4 0 1 2 3
15 4 0 1 2 3
16 4 0 1 2 3
17 4 0 1 2 3
18 4 0 1 2 3
19 4 0 1 2 3
20 4 0 1 2 3
21 4 0 1 2 3
22 4 0 1 2 3
23 4 0 1 2 3
24 4 0 1 2 3
25 4 0 1 2 3
26 4 0 1 2 3
27 4 0 1 2 3
28 4 0 1 2 3
29 4 0 1 2 3
30 4 0 1 2 3
31 4 0 1 2 3
32 4 0 1 2 3
33 4 0 1 2 3
34 4 0 1 2 3
35 4 0 1 2 3
36 4 0 1 2 3
37 4 0 1 2 3
38 4 0 1 2 3
39 4 0 1 2 3
40 4 0 1 2 3
41 4 0 1 2 3
42 4 0 1 2 3
43 4 0 1 2 3
44 4 0 1 2 3
45 4 0 1 2 3
46 4 0 1 2 3
47 4 0 1 2 3
48 4 0 1 2 3
49 4 0 1 2 3
50 4 0 1 2 3
51 4 0 1 2 3
52 4 0 1 2 3
53 4 0 1 2 3
54 4 0 1 2 3
55 4 0 1 2 3
56 4 0 1 2 3
57 4 0 1 2 3
58 4 0 1 2 3
59 4 0 1 2 3
60 4 0 1 2 3
61 4 0 1 2 3
62 4 0 1 2 3
63 4 0 1 2 3
64 4 0 1 2 3
65 4 0 1 2 3
66 4 0 1 2 3
67 4 0 1 2 3
68 4 0 1 2 3
69 4 0 1 2 3
70 4 0 1 2 3
71 4 0 1 2 3
72 4 0 1 2 3
73 4 0 1 2 3
74 4 0 1 2 3
75 4 0 1 2 3
76 4 0 1 2 3
77 4 0 1 2 3
78 4 0 1 2 3
79 4 0 1 2 3
80 4 0 1 2 3
81 4 0 1 2 3
82 4 0 1 2 3
83 4 0 1 2 3
84 4 0 1 2 3
85 4 0 1 2 3
86 4 0 1 2 3
87 4 0 1 2 3
88 4 0 1 2 3
89 4 0 1 2 3
90 4 0 1 2 3
91 4 0 1 2 3
92 4 0 1 2 3
93 4 0 1 2 3
94 4 0 1 2 3
95 4 0 1 2 3
96 4 0 1 2 3
97 4 0 1 2 3
98 4 0 1 2 3
99 4 0 1 2 3
100 4 0 1 2 3
101 4 0 1 2 3
102 4 0 1 2 3
103 4 0 1 2 3
104 4 0 1 2 3
105 4 0 1 2 3
106 4 0 1 2 3
107 4 0 1 2 3
108 4 0 1 2 3
109 4 0 1 2 3
110 4 0 1 2 3
111 4 0 1 2 3
112 4 0 1 2 3
113 4 0 1 2 3
114 4 0 1 2 3
115 4 0 1 2 3
116 4 0 1 2 3
117 4 0 1 2 3
118 4 0 1 2 3
119 4 0 1 2 3
120 4 0 1 2 3
121 4 0 1 2 3
122 4 0 1 2 3
123 4 0 1 2 3
124 4 0 1 2 3
125 4 0 1 2 3
126 4 0 1 2 3
127 4 0 1 2 3
128 4 0 1 2 3
129 4 0 1 2 3
130 4 0 1 2 3
131 4 0 1 2 3
132 4 0 1 2 3
133 4 0 1 2 3
134 4 0 1 2 3
135 4 0 1 2 3
136 4 0 1 2 3
137 4 0 1 2 3
138 4 0 1 2 3
139 4 0 1 2 3
140 4 0 1 2 3
141 4 0 1 2 3
142 4 0 1 2 3
143 4 0 1 2 3
144 4 0 1 2 3
145 4 0 1 2 3
146 4 0 1 2 3
147 4 0 1 2 3
148 4 0 1 2 3
149 4 0 1 2 3
150 4 0 1 2 3
151 4 0 1 2 3
152 4 0 1 2 3
153 4 0 1 2 3
154 4 0 1 2 3
155 4 0 1 2 3
156 4 0 1 2 3
157 4 0 1 2 3
158 4 0 1 2 3
159 4 0 1 2 3
160 4 0 1 2 3
161 4 0 1 2 3
162 4 0 1 2 3
163 4 0 1 2 3
164 4 0 1 2 3
165 4 0 1 2 3
166 4 0 1 2 3
167 4 0 1 2 3
168 4 0 1 2 3
169 4 0 1 2 3
170 4 0 1 2 3
171 4 0 1 2 3
172 4 0 1 2 3
173 4 0 1 2 3
174 4 0 1 2 3
175 4 0 1 2 3
176 4 0 1 2 3
177 4 0 1 2 3
178 4 0 1 2 3
179 4 0 1 2 3
180 4 0 1 2 3
181 4 0 1 2 3
182 4 0 1 2 3
183 4 0 1 2 3
184 4 0 1 2 3
185 4 0 1 2 3
186 4 0 1 2 3
187 4 0 1 2 3
188 4 0 1 2 3
189 4 0 1 2 3
190 4 0 1 2 3
191 4 0 1 2 3
192 4 0 1 2 3
193 4 0 1 2 3
194 4 0 1 2 3
195 4 0 1 2 3
196 4 0 1 2 3
197 4 0 1 2 3
198 4 0 1 2 3
199 4 0 1 2 3
200 4 0 1 2 3
201 4 0 1 2 3
202 4 0 1 2 3
203 4 0 1 2 3
204 4 0 1 2 3
205 4 0 1 2 3
206 4 0 1 2 3
207 4 0 1 2 3
208 4 0 1 2 3
209 4 0 1 2 3
210 4 0 1 2 3
211 4 0 1 2 3
212 4 0 1 2 3
213 4 0 1 2 3
214 4 0 1 2 3
215 4 0 1 2 3
216 4 0 1 2 3
217 4 0 1 2 3
218 4 0 1 2 3
219 4 0 1 2 3
220 4 0 1 2 3
221 4 0 1 2 3
222 4 0 1 2 3
223 4 0 1 2 3
224 4 0 1 2 3
225 4 0 1 2 3
226 4 0 1 2 3
227 4 0 1 2 3
228 4 0 1 2 3
229 4 0 1 2 3
230 4 0 1 2 3
231 4 0 1 2 3
232 4 0 1 2 3
233 4 0 1 2 3
234 4 0 1 2 3
235 4 0 1 2 3
236 4 0 1 2 3
237 4 0 1 2 3
238 4 0 1 2 3
239 4 0 1 2 3
240 4 0 1 2 3
241 4 0 1 2 3
242 4 0 1 2 3
243 4 0 1 2 3
244 4 0 1 2 3
245 4 0 1 2 3
246 4 0 1 2 3
247 4 0 1 2 3
248 4 0 1 2 3
249 4 0 1 2 3
250 4 0 1 2 3
251 4 0 1 2 3
252 4 0 1 2 3
253 4 0 1 2 3
254 4 0 1 2 3
255 4 0 1 2 3
256 4 0 1 2 3
257 4 0 1 2 3
258 4 0 1 2 3
259 4 0 1 2 3
260 4 0 1 2 3
261 4 0 1 2 3
262 4 0 1 2 3
263 4 0 1 2 3
264 4 0 1 2 3
265 4 0 1 2 3
266 4 0 1 2 3
267 4 0 1 2 3
268 4 0 1 2 3
269 4 0 1 2 3
270 4 0 1 2 3
271 4 0 1 2 3
272 4 0 1 2 3
273 4 0 1 2 3
274 4 0 1 2 3
275 4 0 1 2 3
276 4 0 1 2 3
277 4 0 1 2 3
278 4 0 1 2 3
279 4 0 1 2 3
280 4 0 1 2 3
281 4 0 1 2 3
282 4 0 1 2 3
283 4 0 1 2 3
284 4 0 1 2 3
285 4 0 1 2 3
286 4 0 1 2 3
287 4 0 1 2 3
288 4 0 1 2 3
289 4 0 1 2 3
290 4 0 1 2 3
291 4 0 1 2 3
292 4 0 1 2 3
293 4 0 1 2 3
294 4 0 1 2 3
295 4 0 1 2 3
296 4 0 1 2 3
297 4 0 1 2 3
298 4 0 1 2 3
299 4 0 1 2 3
300 4 0 1 2 3
301 4 0 1 2 3
302 4 0 1 2 3
303 4 0 1 2 3
304 4 0 1 2 3
305 4 0 1 2 3
306 4 0 1 2 3
307 4 0 1 2 3
308 4 0 1 2 3
309 4 0 1 2 3
310 4 0 1 2 3
311 4 0 1 2 3
312 4 0 1 2 3
313 4 0 1 2 3
314 4 0 1 2 3
315 4 0 1 2 3
316 4 0 1 2 3
317 4 0 1 2 3
318 4 0 1 2 3
319 4 0 1 2 3
320 4 0 1 2 3
321 4 0 1 2 3
322 4 0 1 2 3
323 4 0 1 2 3
324 4 0 1 2 3
325 4 0 1 2 3
326 4 0 1 2 3
327 4 0 1 2 3
328 4 0 1 2 3
329 4 0 1 2 3
330 4 0 1 2 3
331 4 0 1 2 3
332 4 0 1 2 3
333 4 0 1 2 3
334 4 0 1 2 3
335 4 0 1 2 3
336 4 0 1 2 3
337 4 0 1 2 3
338 4 0 1 2 3
339 4 0 1 2 3
340 4 0 1 2 3
341 4 0 1 2 3
342 4 0 1 2 3
343 4 0 1 2 3
344 4 0 1 2 3
345 4 0 1 2 3
346 4 0 1 2 3
969
1 208 4   0 0   1 1   2 2   3 3
1 131 4   0 0   1 1   2 2   3 3
1 9 4   0 0   1 1   2 2   3 3
1 234 4   0 0   1 1   2 2   3 3
2 145 4   0 0   1 1   2 2   3 3
2 230 4   0 0   1 1   2 2   3 3
2 265 4   0 0   1 1   2 2   3 3
2 90 4   0 0   1 1   2 2   3 3
2 127 4   0 0   1 1   2 2   3 3
3 153 4   0 0   1 1   2 2   3 3
3 254 4   0 0   1 1   2 2   3 3
3 95 4   0 0   1 1   2 2   3 3
3 303 4   0 0   1 1   2 2   3 3
4 306 4   0 0   1 1   2 2   3 3
4 204 4   0 0   1 1   2 2   3 3
4 30 4   0 0   1 1   2 2   3 3
4 334 4   0 0   1 1   2 2   3 3
5 324 4   0 0   1 1   2 2   3 3
5 117 4   0 0   1 1   2 2   3 3
5 316 4   0 0   1 1   2 2   3 3
5 45 4   0 0   1 1   2 2   3 3
6 33 4   0 0   1 1   2 2   3 3
6 165 4   0 0   1 1   2 2   3 3
6 182 4   0 0   1 1   2 2   3 3
6 25 4   0 0   1 1   2 2   3 3
6 282 4   0 0   1 1   2 2   3 3
6 299 4   0 0   1 1   2 2   3 3
7 324 4   0 0   1 1   2 2   3 3
7 247 4   0 0   1 1   2 2   3 3
7 203 4   0 0   1 1   2 2   3 3
7 45 4   0 0   1 1   2 2   3 3
8 240 4   0 0   1 1   2 2   3 3
8 36 4   0 0   1 1   2 2   3 3
8 279 4   0 0   1 1   2 2   3 3
8 327 4   0 0   1 1   2 2   3 3
9 208 4   0 0   1 1   2 2   3 3
9 131 4   0 0   1 1   2 2   3 3
9 230 4   0 0   1 1   2 2   3 3
9 265 4   0 0   1 1   2 2   3 3
9 90 4   0 0   1 1   2 2   3 3
10 256 4   0 0   1 1   2 2   3 3
10 192 4   0 0   1 1   2 2   3 3
10 280 4   0 0   1 1   2 2   3 3
10 78 4   0 0   1 1   2 2   3 3
10 111 4   0 0   1 1   2 2   3 3
11 118 4   0 0   1 1   2 2   3 3
11 119 4   0 0   1 1   2 2   3 3
11 62 4   0 0   1 1   2 2   3 3
11 318 4   0 0   1 1   2 2   3 3
12 180 4   0 0   1 1   2 2   3 3
12 325 4   0 0   1 1   2 2   3 3
12 342 4   0 0   1 1   2 2   3 3
12 124 4   0 0   1 1   2 2   3 3
13 163 4   0 0   1 1   2 2   3 3
13 196 4   0 0   1 1   2 2   3 3
13 313 4   0 0   1 1   2 2   3 3
13 233 4   0 0   1 1   2 2   3 3
13 76 4   0 0   1 1   2 2   3 3
13 237 4   0 0   1 1   2 2   3 3
13 93 4   0 0   1 1   2 2   3 3
14 240 4   0 0   1 1   2 2   3 3
14 261 4   0 0   1 1   2 2   3 3
14 327 4   0 0   1 1   2 2   3 3
14 90 4   0 0   1 1   2 2   3 3
14 127 4   0 0   1 1   2 2   3 3
15 211 4   0 0   1 1   2 2   3 3
15 183 4   0 0   1 1   2 2   3 3
15 264 4   0 0   1 1   2 2   3 3
15 138 4   0 0   1 1   2 2   3 3
15 298 4   0 0   1 1   2 2   3 3
16 19 4   0 0   1 1   2 2   3 3
16 168 4   0 0   1 1   2 2   3 3
16 58 4   0 0   1 1   2 2   3 3
16 315 4   0 0   1 1   2 2   3 3
16 206 4   0 0   1 1   2 2   3 3
17 226 4   0 0   1 1   2 2   3 3
17 52 4   0 0   1 1   2 2   3 3
17 285 4   0 0   1 1   2 2   3 3
17 286 4   0 0   1 1   2 2   3 3
17 271 4   0 0   1 1   2 2   3 3
18 146 4   0 0   1 1   2 2   3 3
18 86 4   0 0   1 1   2 2   3 3
18 150 4   0 0   1 1   2 2   3 3
18 167 4   0 0   1 1   2 2   3 3
18 120 4   0 0   1 1   2 2   3 3
18 43 4   0 0   1 1   2 2   3 3
18 333 4   0 0   1 1   2 2   3 3
18 126 4   0 0   1 1   2 2   3 3
19 197 4   0 0   1 1   2 2   3 3
19 122 4   0 0   1 1   2 2   3 3
19 58 4   0 0   1 1   2 2   3 3
19 300 4   0 0   1 1   2 2   3 3
19 206 4   0 0   1 1   2 2   3 3
20 177 4   0 0   1 1   2 2   3 3
20 83 4   0 0   1 1   2 2   3 3
20 88 4   0 0   1 1   2 2   3 3
20 74 4   0 0   1 1   2 2   3 3
20 123 4   0 0   1 1   2 2   3 3
20 301 4   0 0   1 1   2 2   3 3
21 272 4   0 0   1 1   2 2   3 3
21 243 4   0 0   1 1   2 2   3 3
21 169 4   0 0   1 1   2 2   3 3
21 158 4   0 0   1 1   2 2   3 3
22 321 4   0 0   1 1   2 2   3 3
22 115 4   0 0   1 1   2 2   3 3
22 40 4   0 0   1 1   2 2   3 3
22 281 4   0 0   1 1   2 2   3 3
22 219 4   0 0   1 1   2 2   3 3
22 109 4   0 0   1 1   2 2   3 3
23 52 4   0 0   1 1   2 2   3 3
23 343 4   0 0   1 1   2 2   3 3
23 125 4   0 0   1 1   2 2   3 3
24 211 4   0 0   1 1   2 2   3 3
24 84 4   0 0   1 1   2 2   3 3
24 264 4   0 0   1 1   2 2   3 3
24 168 4   0 0   1 1   2 2   3 3
25 33 4   0 0   1 1   2 2   3 3
25 216 4   0 0   1 1   2 2   3 3
25 331 4   0 0   1 1   2 2   3 3
25 299 4   0 0   1 1   2 2   3 3
26 51 4   0 0   1 1   2 2   3 3
26 313 4   0 0   1 1   2 2   3 3
26 74 4   0 0   1 1   2 2   3 3
26 170 4   0 0   1 1   2 2   3 3
26 301 4   0 0   1 1   2 2   3 3
26 29 4   0 0   1 1   2 2   3 3
27 304 4   0 0   1 1   2 2   3 3
27 227 4   0 0   1 1   2 2   3 3
27 228 4   0 0   1 1   2 2   3 3
27 53 4   0 0   1 1   2 2   3 3
27 231 4   0 0   1 1   2 2   3 3
27 188 4   0 0   1 1   2 2   3 3
27 205 4   0 0   1 1   2 2   3 3
28 312 4   0 0   1 1   2 2   3 3
28 201 4   0 0   1 1   2 2   3 3
28 75 4   0 0   1 1   2 2   3 3
28 251 4   0 0   1 1   2 2   3 3
28 285 4   0 0   1 1   2 2   3 3
29 313 4   0 0   1 1   2 2   3 3
29 41 4   0 0   1 1   2 2   3 3
29 266 4   0 0   1 1   2 2   3 3
29 123 4   0 0   1 1   2 2   3 3
29 301 4   0 0   1 1   2 2   3 3
29 269 4   0 0   1 1   2 2   3 3
30 73 4   0 0   1 1   2 2   3 3
30 106 4   0 0   1 1   2 2   3 3
30 204 4   0 0   1 1   2 2   3 3
31 274 4   0 0   1 1   2 2   3 3
31 246 4   0 0   1 1   2 2   3 3
31 152 4   0 0   1 1   2 2   3 3
31 170 4   0 0   1 1   2 2   3 3
31 207 4   0 0   1 1   2 2   3 3
32 322 4   0 0   1 1   2 2   3 3
32 88 4   0 0   1 1   2 2   3 3
32 312 4   0 0   1 1   2 2   3 3
32 266 4   0 0   1 1   2 2   3 3
32 123 4   0 0   1 1   2 2   3 3
32 251 4   0 0   1 1   2 2   3 3
33 112 4   0 0   1 1   2 2   3 3
33 165 4   0 0   1 1   2 2   3 3
33 200 4   0 0   1 1   2 2   3 3
33 346 4   0 0   1 1   2 2   3 3
33 331 4   0 0   1 1   2 2   3 3
33 191 4   0 0   1 1   2 2   3 3
34 241 4   0 0   1 1   2 2   3 3
34 308 4   0 0   1 1   2 2   3 3
34 236 4   0 0   1 1   2 2   3 3
34 287 4   0 0   1 1   2 2   3 3
35 195 4   0 0   1 1   2 2   3 3
35 308 4   0 0   1 1   2 2   3 3
35 280 4   0 0   1 1   2 2   3 3
35 319 4   0 0   1 1   2 2   3 3
36 342 4   0 0   1 1   2 2   3 3
36 279 4   0 0   1 1   2 2   3 3
36 327 4   0 0   1 1   2 2   3 3
37 181 4   0 0   1 1   2 2   3 3
37 54 4   0 0   1 1   2 2   3 3
37 182 4   0 0   1 1   2 2   3 3
37 203 4   0 0   1 1   2 2   3 3
37 299 4   0 0   1 1   2 2   3 3
38 256 4   0 0   1 1   2 2   3 3
38 195 4   0 0   1 1   2 2   3 3
38 292 4   0 0   1 1   2 2   3 3
38 280 4   0 0   1 1   2 2   3 3
38 238 4   0 0   1 1   2 2   3 3
38 46 4   0 0   1 1   2 2   3 3
38 319 4   0 0   1 1   2 2   3 3
39 214 4   0 0   1 1   2 2   3 3
39 136 4   0 0   1 1   2 2   3 3
39 299 4   0 0   1 1   2 2   3 3
39 175 4   0 0   1 1   2 2   3 3
40 128 4   0 0   1 1   2 2   3 3
40 321 4   0 0   1 1   2 2   3 3
40 50 4   0 0   1 1   2 2   3 3
40 109 4   0 0   1 1   2 2   3 3
40 335 4   0 0   1 1   2 2   3 3
41 313 4   0 0   1 1   2 2   3 3
41 284 4   0 0   1 1   2 2   3 3
41 269 4   0 0   1 1   2 2   3 3
42 153 4   0 0   1 1   2 2   3 3
42 254 4   0 0   1 1   2 2   3 3
43 320 4   0 0   1 1   2 2   3 3
43 225 4   0 0   1 1   2 2   3 3
43 167 4   0 0   1 1   2 2   3 3
43 104 4   0 0   1 1   2 2   3 3
43 120 4   0 0   1 1   2 2   3 3
43 267 4   0 0   1 1   2 2   3 3
44 91 4   0 0   1 1   2 2   3 3
44 108 4   0 0   1 1   2 2   3 3
44 252 4   0 0   1 1   2 2   3 3
45 324 4   0 0   1 1   2 2   3 3
45 247 4   0 0   1 1   2 2   3 3
45 316 4   0 0   1 1   2 2   3 3
45 141 4   0 0   1 1   2 2   3 3
46 256 4   0 0   1 1   2 2   3 3
46 97 4   0 0   1 1   2 2   3 3
46 292 4   0 0   1 1   2 2   3 3
46 238 4   0 0   1 1   2 2   3 3
46 159 4   0 0   1 1   2 2   3 3
47 288 4   0 0   1 1   2 2   3 3
47 66 4   0 0   1 1   2 2   3 3
47 115 4   0 0   1 1   2 2   3 3
47 263 4   0 0   1 1   2 2   3 3
47 281 4   0 0   1 1   2 2   3 3
47 139 4   0 0   1 1   2 2   3 3
47 285 4   0 0   1 1   2 2   3 3
48 320 4   0 0   1 1   2 2   3 3
48 225 4   0 0   1 1   2 2   3 3
48 275 4   0 0   1 1   2 2   3 3
48 199 4   0 0   1 1   2 2   3 3
49 130 4   0 0   1 1   2 2   3 3
49 119 4   0 0   1 1   2 2   3 3
49 284 4   0 0   1 1   2 2   3 3
49 61 4   0 0   1 1   2 2   3 3
49 333 4   0 0   1 1   2 2   3 3
49 318 4   0 0   1 1   2 2   3 3
49 110 4   0 0   1 1   2 2   3 3
50 128 4   0 0   1 1   2 2   3 3
50 337 4   0 0   1 1   2 2   3 3
50 257 4   0 0   1 1   2 2   3 3
50 210 4   0 0   1 1   2 2   3 3
50 278 4   0 0   1 1   2 2   3 3
50 215 4   0 0   1 1   2 2   3 3
50 109 4   0 0   1 1   2 2   3 3
51 262 4   0 0   1 1   2 2   3 3
51 246 4   0 0   1 1   2 2   3 3
51 74 4   0 0   1 1   2 2   3 3
51 170 4   0 0   1 1   2 2   3 3
52 311 4   0 0   1 1   2 2   3 3
52 343 4   0 0   1 1   2 2   3 3
53 304 4   0 0   1 1   2 2   3 3
53 240 4   0 0   1 1   2 2   3 3
53 131 4   0 0   1 1   2 2   3 3
53 68 4   0 0   1 1   2 2   3 3
53 107 4   0 0   1 1   2 2   3 3
53 205 4   0 0   1 1   2 2   3 3
54 144 4   0 0   1 1   2 2   3 3
54 65 4   0 0   1 1   2 2   3 3
54 181 4   0 0   1 1   2 2   3 3
54 166 4   0 0   1 1   2 2   3 3
54 203 4   0 0   1 1   2 2   3 3
55 322 4   0 0   1 1   2 2   3 3
55 146 4   0 0   1 1   2 2   3 3
55 326 4   0 0   1 1   2 2   3 3
55 266 4   0 0   1 1   2 2   3 3
55 62 4   0 0   1 1   2 2   3 3
56 164 4   0 0   1 1   2 2   3 3
56 69 4   0 0   1 1   2 2   3 3
56 91 4   0 0   1 1   2 2   3 3
57 340 4   0 0   1 1   2 2   3 3
57 89 4   0 0   1 1   2 2   3 3
57 202 4   0 0   1 1   2 2   3 3
57 283 4   0 0   1 1   2 2   3 3
57 60 4   0 0   1 1   2 2   3 3
58 197 4   0 0   1 1   2 2   3 3
59 242 4   0 0   1 1   2 2   3 3
59 275 4   0 0   1 1   2 2   3 3
59 263 4   0 0   1 1   2 2   3 3
59 199 4   0 0   1 1   2 2   3 3
59 248 4   0 0   1 1   2 2   3 3
59 94 4   0 0   1 1   2 2   3 3
60 162 4   0 0   1 1   2 2   3 3
60 340 4   0 0   1 1   2 2   3 3
60 134 4   0 0   1 1   2 2   3 3
60 184 4   0 0   1 1   2 2   3 3
60 329 4   0 0   1 1   2 2   3 3
60 283 4   0 0   1 1   2 2   3 3
60 239 4   0 0   1 1   2 2   3 3
61 307 4   0 0   1 1   2 2   3 3
61 196 4   0 0   1 1   2 2   3 3
61 308 4   0 0   1 1   2 2   3 3
61 105 4   0 0   1 1   2 2   3 3
61 284 4   0 0   1 1   2 2   3 3
61 110 4   0 0   1 1   2 2   3 3
62 146 4   0 0   1 1   2 2   3 3
62 118 4   0 0   1 1   2 2   3 3
62 266 4   0 0   1 1   2 2   3 3
62 157 4   0 0   1 1   2 2   3 3
62 318 4   0 0   1 1   2 2   3 3
62 126 4   0 0   1 1   2 2   3 3
63 212 4   0 0   1 1   2 2   3 3
63 132 4   0 0   1 1   2 2   3 3
63 184 4   0 0   1 1   2 2   3 3
63 296 4   0 0   1 1   2 2   3 3
63 329 4   0 0   1 1   2 2   3 3
63 154 4   0 0   1 1   2 2   3 3
63 77 4   0 0   1 1   2 2   3 3
63 255 4   0 0   1 1   2 2   3 3
63 239 4   0 0   1 1   2 2   3 3
64 161 4   0 0   1 1   2 2   3 3
64 337 4   0 0   1 1   2 2   3 3
64 277 4   0 0   1 1   2 2   3 3
64 71 4   0 0   1 1   2 2   3 3
64 151 4   0 0   1 1   2 2   3 3
64 215 4   0 0   1 1   2 2   3 3
65 144 4   0 0   1 1   2 2   3 3
65 181 4   0 0   1 1   2 2   3 3
65 165 4   0 0   1 1   2 2   3 3
65 282 4   0 0   1 1   2 2   3 3
66 160 4   0 0   1 1   2 2   3 3
66 226 4   0 0   1 1   2 2   3 3
66 139 4   0 0   1 1   2 2   3 3
66 285 4   0 0   1 1   2 2   3 3
67 321 4   0 0   1 1   2 2   3 3
67 323 4   0 0   1 1   2 2   3 3
67 133 4   0 0   1 1   2 2   3 3
67 87 4   0 0   1 1   2 2   3 3
67 92 4   0 0   1 1   2 2   3 3
67 156 4   0 0   1 1   2 2   3 3
67 335 4   0 0   1 1   2 2   3 3
68 249 4   0 0   1 1   2 2   3 3
68 234 4   0 0   1 1   2 2   3 3
68 107 4   0 0   1 1   2 2   3 3
68 205 4   0 0   1 1   2 2   3 3
69 164 4   0 0   1 1   2 2   3 3
69 136 4   0 0   1 1   2 2   3 3
69 330 4   0 0   1 1   2 2   3 3
69 91 4   0 0   1 1   2 2   3 3
70 273 4   0 0   1 1   2 2   3 3
70 228 4   0 0   1 1   2 2   3 3
70 148 4   0 0   1 1   2 2   3 3
70 104 4   0 0   1 1   2 2   3 3
70 267 4   0 0   1 1   2 2   3 3
70 188 4   0 0   1 1   2 2   3 3
70 189 4   0 0   1 1   2 2   3 3
71 288 4   0 0   1 1   2 2   3 3
71 161 4   0 0   1 1   2 2   3 3
71 337 4   0 0   1 1   2 2   3 3
71 277 4   0 0   1 1   2 2   3 3
71 281 4   0 0   1 1   2 2   3 3
71 172 4   0 0   1 1   2 2   3 3
72 296 4   0 0   1 1   2 2   3 3
72 122 4   0 0   1 1   2 2   3 3
72 300 4   0 0   1 1   2 2   3 3
72 255 4   0 0   1 1   2 2   3 3
73 153 4   0 0   1 1   2 2   3 3
73 106 4   0 0   1 1   2 2   3 3
73 252 4   0 0   1 1   2 2   3 3
73 124 4   0 0   1 1   2 2   3 3
73 204 4   0 0   1 1   2 2   3 3
73 254 4   0 0   1 1   2 2   3 3
73 334 4   0 0   1 1   2 2   3 3
74 177 4   0 0   1 1   2 2   3 3
74 262 4   0 0   1 1   2 2   3 3
74 301 4   0 0   1 1   2 2   3 3
75 251 4   0 0   1 1   2 2   3 3
75 285 4   0 0   1 1   2 2   3 3
75 286 4   0 0   1 1   2 2   3 3
76 307 4   0 0   1 1   2 2   3 3
76 233 4   0 0   1 1   2 2   3 3
76 140 4   0 0   1 1   2 2   3 3
76 236 4   0 0   1 1   2 2   3 3
77 339 4   0 0   1 1   2 2   3 3
77 183 4   0 0   1 1   2 2   3 3
77 137 4   0 0   1 1   2 2   3 3
77 154 4   0 0   1 1   2 2   3 3
77 268 4   0 0   1 1   2 2   3 3
77 255 4   0 0   1 1   2 2   3 3
77 159 4   0 0   1 1   2 2   3 3
78 192 4   0 0   1 1   2 2   3 3
78 179 4   0 0   1 1   2 2   3 3
78 137 4   0 0   1 1   2 2   3 3
78 202 4   0 0   1 1   2 2   3 3
78 154 4   0 0   1 1   2 2   3 3
78 111 4   0 0   1 1   2 2   3 3
79 80 4   0 0   1 1   2 2   3 3
79 145 4   0 0   1 1   2 2   3 3
79 261 4   0 0   1 1   2 2   3 3
79 230 4   0 0   1 1   2 2   3 3
79 218 4   0 0   1 1   2 2   3 3
79 187 4   0 0   1 1   2 2   3 3
79 302 4   0 0   1 1   2 2   3 3
80 344 4   0 0   1 1   2 2   3 3
80 218 4   0 0   1 1   2 2   3 3
80 187 4   0 0   1 1   2 2   3 3
80 253 4   0 0   1 1   2 2   3 3
81 258 4   0 0   1 1   2 2   3 3
81 260 4   0 0   1 1   2 2   3 3
81 309 4   0 0   1 1   2 2   3 3
81 294 4   0 0   1 1   2 2   3 3
81 134 4   0 0   1 1   2 2   3 3
81 89 4   0 0   1 1   2 2   3 3
81 283 4   0 0   1 1   2 2   3 3
82 176 4   0 0   1 1   2 2   3 3
82 247 4   0 0   1 1   2 2   3 3
82 316 4   0 0   1 1   2 2   3 3
82 141 4   0 0   1 1   2 2   3 3
83 177 4   0 0   1 1   2 2   3 3
83 343 4   0 0   1 1   2 2   3 3
83 88 4   0 0   1 1   2 2   3 3
84 264 4   0 0   1 1   2 2   3 3
84 168 4   0 0   1 1   2 2   3 3
85 244 4   0 0   1 1   2 2   3 3
85 102 4   0 0   1 1   2 2   3 3
85 153 4   0 0   1 1   2 2   3 3
85 314 4   0 0   1 1   2 2   3 3
85 124 4   0 0   1 1   2 2   3 3
86 130 4   0 0   1 1   2 2   3 3
86 229 4   0 0   1 1   2 2   3 3
86 245 4   0 0   1 1   2 2   3 3
86 150 4   0 0   1 1   2 2   3 3
86 333 4   0 0   1 1   2 2   3 3
87 194 4   0 0   1 1   2 2   3 3
87 213 4   0 0   1 1   2 2   3 3
87 117 4   0 0   1 1   2 2   3 3
87 186 4   0 0   1 1   2 2   3 3
87 156 4   0 0   1 1   2 2   3 3
87 173 4   0 0   1 1   2 2   3 3
87 335 4   0 0   1 1   2 2   3 3
88 311 4   0 0   1 1   2 2   3 3
88 343 4   0 0   1 1   2 2   3 3
88 251 4   0 0   1 1   2 2   3 3
88 123 4   0 0   1 1   2 2   3 3
88 286 4   0 0   1 1   2 2   3 3
89 336 4   0 0   1 1   2 2   3 3
89 294 4   0 0   1 1   2 2   3 3
89 202 4   0 0   1 1   2 2   3 3
89 283 4   0 0   1 1   2 2   3 3
90 240 4   0 0   1 1   2 2   3 3
90 131 4   0 0   1 1   2 2   3 3
90 265 4   0 0   1 1   2 2   3 3
90 127 4   0 0   1 1   2 2   3 3
91 99 4   0 0   1 1   2 2   3 3
91 164 4   0 0   1 1   2 2   3 3
91 136 4   0 0   1 1   2 2   3 3
91 106 4   0 0   1 1   2 2   3 3
91 108 4   0 0   1 1   2 2   3 3
91 252 4   0 0   1 1   2 2   3 3
92 133 4   0 0   1 1   2 2   3 3
92 346 4   0 0   1 1   2 2   3 3
92 155 4   0 0   1 1   2 2   3 3
92 156 4   0 0   1 1   2 2   3 3
93 233 4   0 0   1 1   2 2   3 3
93 220 4   0 0   1 1   2 2   3 3
93 237 4   0 0   1 1   2 2   3 3
94 225 4   0 0   1 1   2 2   3 3
94 100 4   0 0   1 1   2 2   3 3
94 326 4   0 0   1 1   2 2   3 3
94 199 4   0 0   1 1   2 2   3 3
94 248 4   0 0   1 1   2 2   3 3
94 223 4   0 0   1 1   2 2   3 3
95 306 4   0 0   1 1   2 2   3 3
95 250 4   0 0   1 1   2 2   3 3
95 334 4   0 0   1 1   2 2   3 3
95 254 4   0 0   1 1   2 2   3 3
96 224 4   0 0   1 1   2 2   3 3
96 305 4   0 0   1 1   2 2   3 3
96 99 4   0 0   1 1   2 2   3 3
96 310 4   0 0   1 1   2 2   3 3
96 214 4   0 0   1 1   2 2   3 3
96 216 4   0 0   1 1   2 2   3 3
96 136 4   0 0   1 1   2 2   3 3
97 295 4   0 0   1 1   2 2   3 3
97 268 4   0 0   1 1   2 2   3 3
97 238 4   0 0   1 1   2 2   3 3
97 159 4   0 0   1 1   2 2   3 3
98 112 4   0 0   1 1   2 2   3 3
98 116 4   0 0   1 1   2 2   3 3
98 149 4   0 0   1 1   2 2   3 3
98 155 4   0 0   1 1   2 2   3 3
98 171 4   0 0   1 1   2 2   3 3
99 224 4   0 0   1 1   2 2   3 3
99 305 4   0 0   1 1   2 2   3 3
99 114 4   0 0   1 1   2 2   3 3
99 136 4   0 0   1 1   2 2   3 3
99 188 4   0 0   1 1   2 2   3 3
99 108 4   0 0   1 1   2 2   3 3
100 248 4   0 0   1 1   2 2   3 3
100 201 4   0 0   1 1   2 2   3 3
100 285 4   0 0   1 1   2 2   3 3
100 223 4   0 0   1 1   2 2   3 3
101 276 4   0 0   1 1   2 2   3 3
101 198 4   0 0   1 1   2 2   3 3
101 249 4   0 0   1 1   2 2   3 3
101 121 4   0 0   1 1   2 2   3 3
101 235 4   0 0   1 1   2 2   3 3
101 205 4   0 0   1 1   2 2   3 3
101 239 4   0 0   1 1   2 2   3 3
102 289 4   0 0   1 1   2 2   3 3
102 244 4   0 0   1 1   2 2   3 3
102 293 4   0 0   1 1   2 2   3 3
102 314 4   0 0   1 1   2 2   3 3
102 302 4   0 0   1 1   2 2   3 3
103 209 4   0 0   1 1   2 2   3 3
103 178 4   0 0   1 1   2 2   3 3
103 152 4   0 0   1 1   2 2   3 3
103 207 4   0 0   1 1   2 2   3 3
104 320 4   0 0   1 1   2 2   3 3
104 273 4   0 0   1 1   2 2   3 3
104 149 4   0 0   1 1   2 2   3 3
104 267 4   0 0   1 1   2 2   3 3
104 171 4   0 0   1 1   2 2   3 3
104 189 4   0 0   1 1   2 2   3 3
105 241 4   0 0   1 1   2 2   3 3
105 307 4   0 0   1 1   2 2   3 3
105 308 4   0 0   1 1   2 2   3 3
105 287 4   0 0   1 1   2 2   3 3
106 164 4   0 0   1 1   2 2   3 3
106 252 4   0 0   1 1   2 2   3 3
107 131 4   0 0   1 1   2 2   3 3
107 234 4   0 0   1 1   2 2   3 3
108 114 4   0 0   1 1   2 2   3 3
108 341 4   0 0   1 1   2 2   3 3
108 252 4   0 0   1 1   2 2   3 3
109 337 4   0 0   1 1   2 2   3 3
109 281 4   0 0   1 1   2 2   3 3
110 308 4   0 0   1 1   2 2   3 3
110 345 4   0 0   1 1   2 2   3 3
110 332 4   0 0   1 1   2 2   3 3
111 147 4   0 0   1 1   2 2   3 3
111 280 4   0 0   1 1   2 2   3 3
111 345 4   0 0   1 1   2 2   3 3
111 202 4   0 0   1 1   2 2   3 3
112 273 4   0 0   1 1   2 2   3 3
112 346 4   0 0   1 1   2 2   3 3
112 155 4   0 0   1 1   2 2   3 3
112 171 4   0 0   1 1   2 2   3 3
112 191 4   0 0   1 1   2 2   3 3
113 209 4   0 0   1 1   2 2   3 3
113 274 4   0 0   1 1   2 2   3 3
113 178 4   0 0   1 1   2 2   3 3
113 291 4   0 0   1 1   2 2   3 3
113 207 4   0 0   1 1   2 2   3 3
114 304 4   0 0   1 1   2 2   3 3
114 341 4   0 0   1 1   2 2   3 3
114 231 4   0 0   1 1   2 2   3 3
114 188 4   0 0   1 1   2 2   3 3
115 242 4   0 0   1 1   2 2   3 3
115 263 4   0 0   1 1   2 2   3 3
115 281 4   0 0   1 1   2 2   3 3
115 219 4   0 0   1 1   2 2   3 3
115 190 4   0 0   1 1   2 2   3 3
115 270 4   0 0   1 1   2 2   3 3
116 320 4   0 0   1 1   2 2   3 3
116 193 4   0 0   1 1   2 2   3 3
116 275 4   0 0   1 1   2 2   3 3
116 149 4   0 0   1 1   2 2   3 3
116 155 4   0 0   1 1   2 2   3 3
117 259 4   0 0   1 1   2 2   3 3
117 324 4   0 0   1 1   2 2   3 3
117 213 4   0 0   1 1   2 2   3 3
117 186 4   0 0   1 1   2 2   3 3
117 316 4   0 0   1 1   2 2   3 3
118 119 4   0 0   1 1   2 2   3 3
118 333 4   0 0   1 1   2 2   3 3
118 126 4   0 0   1 1   2 2   3 3
119 333 4   0 0   1 1   2 2   3 3
119 318 4   0 0   1 1   2 2   3 3
120 260 4   0 0   1 1   2 2   3 3
120 150 4   0 0   1 1   2 2   3 3
120 267 4   0 0   1 1   2 2   3 3
120 221 4   0 0   1 1   2 2   3 3
121 276 4   0 0   1 1   2 2   3 3
121 132 4   0 0   1 1   2 2   3 3
121 197 4   0 0   1 1   2 2   3 3
121 198 4   0 0   1 1   2 2   3 3
121 142 4   0 0   1 1   2 2   3 3
121 222 4   0 0   1 1   2 2   3 3
122 339 4   0 0   1 1   2 2   3 3
122 300 4   0 0   1 1   2 2   3 3
122 317 4   0 0   1 1   2 2   3 3
122 206 4   0 0   1 1   2 2   3 3
122 255 4   0 0   1 1   2 2   3 3
123 266 4   0 0   1 1   2 2   3 3
123 301 4   0 0   1 1   2 2   3 3
124 180 4   0 0   1 1   2 2   3 3
124 325 4   0 0   1 1   2 2   3 3
124 153 4   0 0   1 1   2 2   3 3
124 314 4   0 0   1 1   2 2   3 3
124 252 4   0 0   1 1   2 2   3 3
125 177 4   0 0   1 1   2 2   3 3
125 135 4   0 0   1 1   2 2   3 3
125 343 4   0 0   1 1   2 2   3 3
125 174 4   0 0   1 1   2 2   3 3
126 146 4   0 0   1 1   2 2   3 3
126 333 4   0 0   1 1   2 2   3 3
127 145 4   0 0   1 1   2 2   3 3
127 261 4   0 0   1 1   2 2   3 3
128 257 4   0 0   1 1   2 2   3 3
128 213 4   0 0   1 1   2 2   3 3
128 335 4   0 0   1 1   2 2   3 3
129 151 4   0 0   1 1   2 2   3 3
129 297 4   0 0   1 1   2 2   3 3
129 143 4   0 0   1 1   2 2   3 3
130 147 4   0 0   1 1   2 2   3 3
130 229 4   0 0   1 1   2 2   3 3
130 245 4   0 0   1 1   2 2   3 3
130 345 4   0 0   1 1   2 2   3 3
130 333 4   0 0   1 1   2 2   3 3
131 240 4   0 0   1 1   2 2   3 3
131 234 4   0 0   1 1   2 2   3 3
132 197 4   0 0   1 1   2 2   3 3
132 198 4   0 0   1 1   2 2   3 3
132 296 4   0 0   1 1   2 2   3 3
132 239 4   0 0   1 1   2 2   3 3
133 323 4   0 0   1 1   2 2   3 3
133 155 4   0 0   1 1   2 2   3 3
133 190 4   0 0   1 1   2 2   3 3
133 270 4   0 0   1 1   2 2   3 3
134 162 4   0 0   1 1   2 2   3 3
134 309 4   0 0   1 1   2 2   3 3
134 328 4   0 0   1 1   2 2   3 3
134 283 4   0 0   1 1   2 2   3 3
134 235 4   0 0   1 1   2 2   3 3
135 262 4   0 0   1 1   2 2   3 3
135 174 4   0 0   1 1   2 2   3 3
136 305 4   0 0   1 1   2 2   3 3
136 214 4   0 0   1 1   2 2   3 3
136 330 4   0 0   1 1   2 2   3 3
136 175 4   0 0   1 1   2 2   3 3
137 192 4   0 0   1 1   2 2   3 3
137 256 4   0 0   1 1   2 2   3 3
137 154 4   0 0   1 1   2 2   3 3
137 159 4   0 0   1 1   2 2   3 3
138 211 4   0 0   1 1   2 2   3 3
138 183 4   0 0   1 1   2 2   3 3
138 295 4   0 0   1 1   2 2   3 3
138 268 4   0 0   1 1   2 2   3 3
139 160 4   0 0   1 1   2 2   3 3
139 288 4   0 0   1 1   2 2   3 3
139 172 4   0 0   1 1   2 2   3 3
140 233 4   0 0   1 1   2 2   3 3
140 236 4   0 0   1 1   2 2   3 3
141 247 4   0 0   1 1   2 2   3 3
141 316 4   0 0   1 1   2 2   3 3
142 243 4   0 0   1 1   2 2   3 3
142 276 4   0 0   1 1   2 2   3 3
142 169 4   0 0   1 1   2 2   3 3
142 222 4   0 0   1 1   2 2   3 3
143 161 4   0 0   1 1   2 2   3 3
143 151 4   0 0   1 1   2 2   3 3
144 259 4   0 0   1 1   2 2   3 3
144 165 4   0 0   1 1   2 2   3 3
144 166 4   0 0   1 1   2 2   3 3
145 261 4   0 0   1 1   2 2   3 3
145 230 4   0 0   1 1   2 2   3 3
146 326 4   0 0   1 1   2 2   3 3
146 167 4   0 0   1 1   2 2   3 3
147 290 4   0 0   1 1   2 2   3 3
147 245 4   0 0   1 1   2 2   3 3
147 345 4   0 0   1 1   2 2   3 3
147 202 4   0 0   1 1   2 2   3 3
148 224 4   0 0   1 1   2 2   3 3
148 273 4   0 0   1 1   2 2   3 3
148 188 4   0 0   1 1   2 2   3 3
149 320 4   0 0   1 1   2 2   3 3
149 171 4   0 0   1 1   2 2   3 3
150 336 4   0 0   1 1   2 2   3 3
150 258 4   0 0   1 1   2 2   3 3
150 260 4   0 0   1 1   2 2   3 3
150 245 4   0 0   1 1   2 2   3 3
150 294 4   0 0   1 1   2 2   3 3
151 161 4   0 0   1 1   2 2   3 3
151 278 4   0 0   1 1   2 2   3 3
151 215 4   0 0   1 1   2 2   3 3
151 297 4   0 0   1 1   2 2   3 3
152 209 4   0 0   1 1   2 2   3 3
152 163 4   0 0   1 1   2 2   3 3
152 170 4   0 0   1 1   2 2   3 3
152 237 4   0 0   1 1   2 2   3 3
152 207 4   0 0   1 1   2 2   3 3
153 244 4   0 0   1 1   2 2   3 3
153 254 4   0 0   1 1   2 2   3 3
153 303 4   0 0   1 1   2 2   3 3
154 179 4   0 0   1 1   2 2   3 3
154 184 4   0 0   1 1   2 2   3 3
155 193 4   0 0   1 1   2 2   3 3
155 346 4   0 0   1 1   2 2   3 3
155 270 4   0 0   1 1   2 2   3 3
156 200 4   0 0   1 1   2 2   3 3
156 346 4   0 0   1 1   2 2   3 3
156 173 4   0 0   1 1   2 2   3 3
157 266 4   0 0   1 1   2 2   3 3
157 284 4   0 0   1 1   2 2   3 3
157 269 4   0 0   1 1   2 2   3 3
157 318 4   0 0   1 1   2 2   3 3
158 272 4   0 0   1 1   2 2   3 3
158 208 4   0 0   1 1   2 2   3 3
158 218 4   0 0   1 1   2 2   3 3
158 253 4   0 0   1 1   2 2   3 3
159 256 4   0 0   1 1   2 2   3 3
159 268 4   0 0   1 1   2 2   3 3
160 226 4   0 0   1 1   2 2   3 3
160 172 4   0 0   1 1   2 2   3 3
161 172 4   0 0   1 1   2 2   3 3
162 235 4   0 0   1 1   2 2   3 3
162 239 4   0 0   1 1   2 2   3 3
163 185 4   0 0   1 1   2 2   3 3
163 313 4   0 0   1 1   2 2   3 3
163 170 4   0 0   1 1   2 2   3 3
163 237 4   0 0   1 1   2 2   3 3
164 330 4   0 0   1 1   2 2   3 3
165 194 4   0 0   1 1   2 2   3 3
165 259 4   0 0   1 1   2 2   3 3
165 200 4   0 0   1 1   2 2   3 3
165 282 4   0 0   1 1   2 2   3 3
166 259 4   0 0   1 1   2 2   3 3
166 324 4   0 0   1 1   2 2   3 3
166 203 4   0 0   1 1   2 2   3 3
167 225 4   0 0   1 1   2 2   3 3
167 326 4   0 0   1 1   2 2   3 3
168 264 4   0 0   1 1   2 2   3 3
168 298 4   0 0   1 1   2 2   3 3
168 315 4   0 0   1 1   2 2   3 3
169 272 4   0 0   1 1   2 2   3 3
169 243 4   0 0   1 1   2 2   3 3
169 276 4   0 0   1 1   2 2   3 3
170 246 4   0 0   1 1   2 2   3 3
170 185 4   0 0   1 1   2 2   3 3
170 313 4   0 0   1 1   2 2   3 3
171 273 4   0 0   1 1   2 2   3 3
172 288 4   0 0   1 1   2 2   3 3
173 194 4   0 0   1 1   2 2   3 3
173 200 4   0 0   1 1   2 2   3 3
174 177 4   0 0   1 1   2 2   3 3
174 262 4   0 0   1 1   2 2   3 3
175 299 4   0 0   1 1   2 2   3 3
176 257 4   0 0   1 1   2 2   3 3
176 210 4   0 0   1 1   2 2   3 3
176 213 4   0 0   1 1   2 2   3 3
176 278 4   0 0   1 1   2 2   3 3
176 247 4   0 0   1 1   2 2   3 3
176 297 4   0 0   1 1   2 2   3 3
176 316 4   0 0   1 1   2 2   3 3
177 262 4   0 0   1 1   2 2   3 3
178 209 4   0 0   1 1   2 2   3 3
178 207 4   0 0   1 1   2 2   3 3
179 340 4   0 0   1 1   2 2   3 3
179 184 4   0 0   1 1   2 2   3 3
179 202 4   0 0   1 1   2 2   3 3
180 289 4   0 0   1 1   2 2   3 3
180 342 4   0 0   1 1   2 2   3 3
180 327 4   0 0   1 1   2 2   3 3
180 232 4   0 0   1 1   2 2   3 3
180 314 4   0 0   1 1   2 2   3 3
181 182 4   0 0   1 1   2 2   3 3
181 282 4   0 0   1 1   2 2   3 3
182 282 4   0 0   1 1   2 2   3 3
182 299 4   0 0   1 1   2 2   3 3
183 339 4   0 0   1 1   2 2   3 3
183 298 4   0 0   1 1   2 2   3 3
183 268 4   0 0   1 1   2 2   3 3
183 317 4   0 0   1 1   2 2   3 3
184 340 4   0 0   1 1   2 2   3 3
184 329 4   0 0   1 1   2 2   3 3
185 313 4   0 0   1 1   2 2   3 3
186 194 4   0 0   1 1   2 2   3 3
186 259 4   0 0   1 1   2 2   3 3
187 293 4   0 0   1 1   2 2   3 3
187 344 4   0 0   1 1   2 2   3 3
187 302 4   0 0   1 1   2 2   3 3
188 224 4   0 0   1 1   2 2   3 3
188 228 4   0 0   1 1   2 2   3 3
188 231 4   0 0   1 1   2 2   3 3
189 267 4   0 0   1 1   2 2   3 3
190 321 4   0 0   1 1   2 2   3 3
190 323 4   0 0   1 1   2 2   3 3
190 219 4   0 0   1 1   2 2   3 3
190 270 4   0 0   1 1   2 2   3 3
191 224 4   0 0   1 1   2 2   3 3
191 273 4   0 0   1 1   2 2   3 3
191 310 4   0 0   1 1   2 2   3 3
191 331 4   0 0   1 1   2 2   3 3
192 256 4   0 0   1 1   2 2   3 3
193 275 4   0 0   1 1   2 2   3 3
193 270 4   0 0   1 1   2 2   3 3
194 259 4   0 0   1 1   2 2   3 3
194 200 4   0 0   1 1   2 2   3 3
195 238 4   0 0   1 1   2 2   3 3
195 319 4   0 0   1 1   2 2   3 3
196 307 4   0 0   1 1   2 2   3 3
196 313 4   0 0   1 1   2 2   3 3
196 284 4   0 0   1 1   2 2   3 3
197 338 4   0 0   1 1   2 2   3 3
197 296 4   0 0   1 1   2 2   3 3
197 300 4   0 0   1 1   2 2   3 3
197 222 4   0 0   1 1   2 2   3 3
198 239 4   0 0   1 1   2 2   3 3
199 225 4   0 0   1 1   2 2   3 3
199 275 4   0 0   1 1   2 2   3 3
200 346 4   0 0   1 1   2 2   3 3
201 312 4   0 0   1 1   2 2   3 3
201 285 4   0 0   1 1   2 2   3 3
201 223 4   0 0   1 1   2 2   3 3
202 336 4   0 0   1 1   2 2   3 3
202 290 4   0 0   1 1   2 2   3 3
202 340 4   0 0   1 1   2 2   3 3
203 324 4   0 0   1 1   2 2   3 3
203 247 4   0 0   1 1   2 2   3 3
204 334 4   0 0   1 1   2 2   3 3
205 227 4   0 0   1 1   2 2   3 3
205 328 4   0 0   1 1   2 2   3 3
205 249 4   0 0   1 1   2 2   3 3
205 235 4   0 0   1 1   2 2   3 3
206 298 4   0 0   1 1   2 2   3 3
206 315 4   0 0   1 1   2 2   3 3
206 317 4   0 0   1 1   2 2   3 3
207 274 4   0 0   1 1   2 2   3 3
208 272 4   0 0   1 1   2 2   3 3
208 230 4   0 0   1 1   2 2   3 3
208 234 4   0 0   1 1   2 2   3 3
208 218 4   0 0   1 1   2 2   3 3
209 291 4   0 0   1 1   2 2   3 3
209 237 4   0 0   1 1   2 2   3 3
210 257 4   0 0   1 1   2 2   3 3
210 278 4   0 0   1 1   2 2   3 3
211 264 4   0 0   1 1   2 2   3 3
212 329 4   0 0   1 1   2 2   3 3
213 257 4   0 0   1 1   2 2   3 3
213 316 4   0 0   1 1   2 2   3 3
213 335 4   0 0   1 1   2 2   3 3
214 216 4   0 0   1 1   2 2   3 3
214 299 4   0 0   1 1   2 2   3 3
215 337 4   0 0   1 1   2 2   3 3
215 278 4   0 0   1 1   2 2   3 3
216 310 4   0 0   1 1   2 2   3 3
216 331 4   0 0   1 1   2 2   3 3
216 299 4   0 0   1 1   2 2   3 3
217 291 4   0 0   1 1   2 2   3 3
217 220 4   0 0   1 1   2 2   3 3
218 230 4   0 0   1 1   2 2   3 3
218 253 4   0 0   1 1   2 2   3 3
219 321 4   0 0   1 1   2 2   3 3
220 291 4   0 0   1 1   2 2   3 3
220 233 4   0 0   1 1   2 2   3 3
220 237 4   0 0   1 1   2 2   3 3
221 227 4   0 0   1 1   2 2   3 3
221 228 4   0 0   1 1   2 2   3 3
221 260 4   0 0   1 1   2 2   3 3
221 328 4   0 0   1 1   2 2   3 3
221 267 4   0 0   1 1   2 2   3 3
222 338 4   0 0   1 1   2 2   3 3
222 243 4   0 0   1 1   2 2   3 3
223 322 4   0 0   1 1   2 2   3 3
223 326 4   0 0   1 1   2 2   3 3
223 312 4   0 0   1 1   2 2   3 3
224 273 4   0 0   1 1   2 2   3 3
224 310 4   0 0   1 1   2 2   3 3
225 320 4   0 0   1 1   2 2   3 3
225 326 4   0 0   1 1   2 2   3 3
226 285 4   0 0   1 1   2 2   3 3
227 228 4   0 0   1 1   2 2   3 3
227 328 4   0 0   1 1   2 2   3 3
228 267 4   0 0   1 1   2 2   3 3
229 333 4   0 0   1 1   2 2   3 3
230 265 4   0 0   1 1   2 2   3 3
231 304 4   0 0   1 1   2 2   3 3
232 289 4   0 0   1 1   2 2   3 3
232 261 4   0 0   1 1   2 2   3 3
232 327 4   0 0   1 1   2 2   3 3
232 302 4   0 0   1 1   2 2   3 3
234 272 4   0 0   1 1   2 2   3 3
234 276 4   0 0   1 1   2 2   3 3
234 249 4   0 0   1 1   2 2   3 3
235 328 4   0 0   1 1   2 2   3 3
235 239 4   0 0   1 1   2 2   3 3
236 241 4   0 0   1 1   2 2   3 3
236 307 4   0 0   1 1   2 2   3 3
237 291 4   0 0   1 1   2 2   3 3
239 329 4   0 0   1 1   2 2   3 3
240 304 4   0 0   1 1   2 2   3 3
240 279 4   0 0   1 1   2 2   3 3
240 327 4   0 0   1 1   2 2   3 3
241 307 4   0 0   1 1   2 2   3 3
241 287 4   0 0   1 1   2 2   3 3
242 275 4   0 0   1 1   2 2   3 3
242 263 4   0 0   1 1   2 2   3 3
242 270 4   0 0   1 1   2 2   3 3
243 338 4   0 0   1 1   2 2   3 3
244 293 4   0 0   1 1   2 2   3 3
244 303 4   0 0   1 1   2 2   3 3
245 336 4   0 0   1 1   2 2   3 3
245 290 4   0 0   1 1   2 2   3 3
246 274 4   0 0   1 1   2 2   3 3
246 262 4   0 0   1 1   2 2   3 3
247 297 4   0 0   1 1   2 2   3 3
248 263 4   0 0   1 1   2 2   3 3
248 285 4   0 0   1 1   2 2   3 3
249 276 4   0 0   1 1   2 2   3 3
250 306 4   0 0   1 1   2 2   3 3
251 312 4   0 0   1 1   2 2   3 3
251 286 4   0 0   1 1   2 2   3 3
252 341 4   0 0   1 1   2 2   3 3
252 325 4   0 0   1 1   2 2   3 3
252 342 4   0 0   1 1   2 2   3 3
252 279 4   0 0   1 1   2 2   3 3
254 334 4   0 0   1 1   2 2   3 3
255 339 4   0 0   1 1   2 2   3 3
255 296 4   0 0   1 1   2 2   3 3
256 292 4   0 0   1 1   2 2   3 3
256 280 4   0 0   1 1   2 2   3 3
258 260 4   0 0   1 1   2 2   3 3
258 294 4   0 0   1 1   2 2   3 3
259 324 4   0 0   1 1   2 2   3 3
260 309 4   0 0   1 1   2 2   3 3
260 328 4   0 0   1 1   2 2   3 3
261 327 4   0 0   1 1   2 2   3 3
261 302 4   0 0   1 1   2 2   3 3
262 274 4   0 0   1 1   2 2   3 3
263 285 4   0 0   1 1   2 2   3 3
264 298 4   0 0   1 1   2 2   3 3
266 322 4   0 0   1 1   2 2   3 3
266 269 4   0 0   1 1   2 2   3 3
268 295 4   0 0   1 1   2 2   3 3
269 284 4   0 0   1 1   2 2   3 3
270 275 4   0 0   1 1   2 2   3 3
271 311 4   0 0   1 1   2 2   3 3
271 286 4   0 0   1 1   2 2   3 3
272 276 4   0 0   1 1   2 2   3 3
275 320 4   0 0   1 1   2 2   3 3
277 337 4   0 0   1 1   2 2   3 3
278 297 4   0 0   1 1   2 2   3 3
279 304 4   0 0   1 1   2 2   3 3
279 341 4   0 0   1 1   2 2   3 3
279 342 4   0 0   1 1   2 2   3 3
280 308 4   0 0   1 1   2 2   3 3
280 345 4   0 0   1 1   2 2   3 3
280 319 4   0 0   1 1   2 2   3 3
281 288 4   0 0   1 1   2 2   3 3
284 313 4   0 0   1 1   2 2   3 3
284 318 4   0 0   1 1   2 2   3 3
285 286 4   0 0   1 1   2 2   3 3
286 311 4   0 0   1 1   2 2   3 3
287 308 4   0 0   1 1   2 2   3 3
289 314 4   0 0   1 1   2 2   3 3
289 302 4   0 0   1 1   2 2   3 3
290 336 4   0 0   1 1   2 2   3 3
293 344 4   0 0   1 1   2 2   3 3
293 302 4   0 0   1 1   2 2   3 3
293 303 4   0 0   1 1   2 2   3 3
294 336 4   0 0   1 1   2 2   3 3
296 300 4   0 0   1 1   2 2   3 3
298 315 4   0 0   1 1   2 2   3 3
298 317 4   0 0   1 1   2 2   3 3
303 344 4   0 0   1 1   2 2   3 3
304 341 4   0 0   1 1   2 2   3 3
306 334 4   0 0   1 1   2 2   3 3
308 345 4   0 0   1 1   2 2   3 3
309 328 4   0 0   1 1   2 2   3 3
310 331 4   0 0   1 1   2 2   3 3
311 343 4   0 0   1 1   2 2   3 3
312 322 4   0 0   1 1   2 2   3 3
317 339 4   0 0   1 1   2 2   3 3
321 323 4   0 0   1 1   2 2   3 3
321 335 4   0 0   1 1   2 2   3 3
322 326 4   0 0   1 1   2 2   3 3
325 342 4   0 0   1 1   2 2   3 3
327 342 4   0 0   1 1   2 2   3 3
332 345 4   0 0   1 1   2 2   3 3
