301
1 4 0 1 2 3
2 4 0 1 2 3
3 4 0 1 2 3
4 4 0 1 2 3
5 4 0 1 2 3
6 4 0 1 2 3
7 4 0 1 2 3
8 4 0 1 2 3
9 4 0 1 2 3
10 4 0 1 2 3
11 4 0 1 2 3
12 4 0 1 2 3
13 4 0 1 2 3
14 4 0 1 2 3
15 4 0 1 2 3
16 4 0 1 2 3
17 4 0 1 2 3
18 4 0 1 2 3
19 4 0 1 2 3
20 4 0 1 2 3
21 4 0 1 2 3
22 4 0 1 2 3
23 4 0 1 2 3
24 4 0 1 2 3
25 4 0 1 2 3
26 4 0 1 2 3
27 4 0 1 2 3
28 4 0 1 2 3
29 4 0 1 2 3
30 4 0 1 2 3
31 4 0 1 2 3
32 4 0 1 2 3
33 4 0 1 2 3
34 4 0 1 2 3
35 4 0 1 2 3
36 4 0 1 2 3
37 4 0 1 2 3
38 4 0 1 2 3
39 4 0 1 2 3
40 4 0 1 2 3
41 4 0 1 2 3
42 4 0 1 2 3
43 4 0 1 2 3
44 4 0 1 2 3
45 4 0 1 2 3
46 4 0 1 2 3
47 4 0 1 2 3
48 4 0 1 2 3
49 4 0 1 2 3
50 4 0 1 2 3
51 4 0 1 2 3
52 4 0 1 2 3
53 4 0 1 2 3
54 4 0 1 2 3
55 4 0 1 2 3
56 4 0 1 2 3
57 4 0 1 2 3
58 4 0 1 2 3
59 4 0 1 2 3
60 4 0 1 2 3
61 4 0 1 2 3
62 4 0 1 2 3
63 4 0 1 2 3
64 4 0 1 2 3
65 4 0 1 2 3
66 4 0 1 2 3
67 4 0 1 2 3
68 4 0 1 2 3
69 4 0 1 2 3
70 4 0 1 2 3
71 4 0 1 2 3
72 4 0 1 2 3
73 4 0 1 2 3
74 4 0 1 2 3
75 4 0 1 2 3
76 4 0 1 2 3
77 4 0 1 2 3
78 4 0 1 2 3
79 4 0 1 2 3
80 4 0 1 2 3
81 4 0 1 2 3
82 4 0 1 2 3
83 4 0 1 2 3
84 4 0 1 2 3
85 4 0 1 2 3
86 4 0 1 2 3
87 4 0 1 2 3
88 4 0 1 2 3
89 4 0 1 2 3
90 4 0 1 2 3
91 4 0 1 2 3
92 4 0 1 2 3
93 4 0 1 2 3
94 4 0 1 2 3
95 4 0 1 2 3
96 4 0 1 2 3
97 4 0 1 2 3
98 4 0 1 2 3
99 4 0 1 2 3
100 4 0 1 2 3
101 4 0 1 2 3
102 4 0 1 2 3
103 4 0 1 2 3
104 4 0 1 2 3
105 4 0 1 2 3
106 4 0 1 2 3
107 4 0 1 2 3
108 4 0 1 2 3
109 4 0 1 2 3
110 4 0 1 2 3
111 4 0 1 2 3
112 4 0 1 2 3
113 4 0 1 2 3
114 4 0 1 2 3
115 4 0 1 2 3
116 4 0 1 2 3
117 4 0 1 2 3
118 4 0 1 2 3
119 4 0 1 2 3
120 4 0 1 2 3
121 4 0 1 2 3
122 4 0 1 2 3
123 4 0 1 2 3
124 4 0 1 2 3
125 4 0 1 2 3
126 4 0 1 2 3
127 4 0 1 2 3
128 4 0 1 2 3
129 4 0 1 2 3
130 4 0 1 2 3
131 4 0 1 2 3
132 4 0 1 2 3
133 4 0 1 2 3
134 4 0 1 2 3
135 4 0 1 2 3
136 4 0 1 2 3
137 4 0 1 2 3
138 4 0 1 2 3
139 4 0 1 2 3
140 4 0 1 2 3
141 4 0 1 2 3
142 4 0 1 2 3
143 4 0 1 2 3
144 4 0 1 2 3
145 4 0 1 2 3
146 4 0 1 2 3
147 4 0 1 2 3
148 4 0 1 2 3
149 4 0 1 2 3
150 4 0 1 2 3
151 4 0 1 2 3
152 4 0 1 2 3
153 4 0 1 2 3
154 4 0 1 2 3
155 4 0 1 2 3
156 4 0 1 2 3
157 4 0 1 2 3
158 4 0 1 2 3
159 4 0 1 2 3
160 4 0 1 2 3
161 4 0 1 2 3
162 4 0 1 2 3
163 4 0 1 2 3
164 4 0 1 2 3
165 4 0 1 2 3
166 4 0 1 2 3
167 4 0 1 2 3
168 4 0 1 2 3
169 4 0 1 2 3
170 4 0 1 2 3
171 4 0 1 2 3
172 4 0 1 2 3
173 4 0 1 2 3
174 4 0 1 2 3
175 4 0 1 2 3
176 4 0 1 2 3
177 4 0 1 2 3
178 4 0 1 2 3
179 4 0 1 2 3
180 4 0 1 2 3
181 4 0 1 2 3
182 4 0 1 2 3
183 4 0 1 2 3
184 4 0 1 2 3
185 4 0 1 2 3
186 4 0 1 2 3
187 4 0 1 2 3
188 4 0 1 2 3
189 4 0 1 2 3
190 4 0 1 2 3
191 4 0 1 2 3
192 4 0 1 2 3
193 4 0 1 2 3
194 4 0 1 2 3
195 4 0 1 2 3
196 4 0 1 2 3
197 4 0 1 2 3
198 4 0 1 2 3
199 4 0 1 2 3
200 4 0 1 2 3
201 4 0 1 2 3
202 4 0 1 2 3
203 4 0 1 2 3
204 4 0 1 2 3
205 4 0 1 2 3
206 4 0 1 2 3
207 4 0 1 2 3
208 4 0 1 2 3
209 4 0 1 2 3
210 4 0 1 2 3
211 4 0 1 2 3
212 4 0 1 2 3
213 4 0 1 2 3
214 4 0 1 2 3
215 4 0 1 2 3
216 4 0 1 2 3
217 4 0 1 2 3
218 4 0 1 2 3
219 4 0 1 2 3
220 4 0 1 2 3
221 4 0 1 2 3
222 4 0 1 2 3
223 4 0 1 2 3
224 4 0 1 2 3
225 4 0 1 2 3
226 4 0 1 2 3
227 4 0 1 2 3
228 4 0 1 2 3
229 4 0 1 2 3
230 4 0 1 2 3
231 4 0 1 2 3
232 4 0 1 2 3
233 4 0 1 2 3
234 4 0 1 2 3
235 4 0 1 2 3
236 4 0 1 2 3
237 4 0 1 2 3
238 4 0 1 2 3
239 4 0 1 2 3
240 4 0 1 2 3
241 4 0 1 2 3
242 4 0 1 2 3
243 4 0 1 2 3
244 4 0 1 2 3
245 4 0 1 2 3
246 4 0 1 2 3
247 4 0 1 2 3
248 4 0 1 2 3
249 4 0 1 2 3
250 4 0 1 2 3
251 4 0 1 2 3
252 4 0 1 2 3
253 4 0 1 2 3
254 4 0 1 2 3
255 4 0 1 2 3
256 4 0 1 2 3
257 4 0 1 2 3
258 4 0 1 2 3
259 4 0 1 2 3
260 4 0 1 2 3
261 4 0 1 2 3
262 4 0 1 2 3
263 4 0 1 2 3
264 4 0 1 2 3
265 4 0 1 2 3
266 4 0 1 2 3
267 4 0 1 2 3
268 4 0 1 2 3
269 4 0 1 2 3
270 4 0 1 2 3
271 4 0 1 2 3
272 4 0 1 2 3
273 4 0 1 2 3
274 4 0 1 2 3
275 4 0 1 2 3
276 4 0 1 2 3
277 4 0 1 2 3
278 4 0 1 2 3
279 4 0 1 2 3
280 4 0 1 2 3
281 4 0 1 2 3
282 4 0 1 2 3
283 4 0 1 2 3
284 4 0 1 2 3
285 4 0 1 2 3
286 4 0 1 2 3
287 4 0 1 2 3
288 4 0 1 2 3
289 4 0 1 2 3
290 4 0 1 2 3
291 4 0 1 2 3
292 4 0 1 2 3
293 4 0 1 2 3
294 4 0 1 2 3
295 4 0 1 2 3
296 4 0 1 2 3
297 4 0 1 2 3
298 4 0 1 2 3
299 4 0 1 2 3
300 4 0 1 2 3
301 4 0 1 2 3
839
1 129 4   0 0   1 1   2 2   3 3
1 2 4   0 0   1 1   2 2   3 3
1 236 4   0 0   1 1   2 2   3 3
1 157 4   0 0   1 1   2 2   3 3
1 30 4   0 0   1 1   2 2   3 3
2 51 4   0 0   1 1   2 2   3 3
2 277 4   0 0   1 1   2 2   3 3
2 166 4   0 0   1 1   2 2   3 3
2 199 4   0 0   1 1   2 2   3 3
2 216 4   0 0   1 1   2 2   3 3
2 42 4   0 0   1 1   2 2   3 3
2 157 4   0 0   1 1   2 2   3 3
2 30 4   0 0   1 1   2 2   3 3
3 81 4   0 0   1 1   2 2   3 3
3 212 4   0 0   1 1   2 2   3 3
3 38 4   0 0   1 1   2 2   3 3
3 281 4   0 0   1 1   2 2   3 3
3 138 4   0 0   1 1   2 2   3 3
3 155 4   0 0   1 1   2 2   3 3
3 110 4   0 0   1 1   2 2   3 3
4 50 4   0 0   1 1   2 2   3 3
4 135 4   0 0   1 1   2 2   3 3
4 251 4   0 0   1 1   2 2   3 3
4 204 4   0 0   1 1   2 2   3 3
4 77 4   0 0   1 1   2 2   3 3
4 207 4   0 0   1 1   2 2   3 3
5 241 4   0 0   1 1   2 2   3 3
5 296 4   0 0   1 1   2 2   3 3
5 205 4   0 0   1 1   2 2   3 3
5 190 4   0 0   1 1   2 2   3 3
6 146 4   0 0   1 1   2 2   3 3
6 115 4   0 0   1 1   2 2   3 3
6 26 4   0 0   1 1   2 2   3 3
6 107 4   0 0   1 1   2 2   3 3
6 156 4   0 0   1 1   2 2   3 3
6 172 4   0 0   1 1   2 2   3 3
7 258 4   0 0   1 1   2 2   3 3
7 274 4   0 0   1 1   2 2   3 3
7 165 4   0 0   1 1   2 2   3 3
7 26 4   0 0   1 1   2 2   3 3
7 171 4   0 0   1 1   2 2   3 3
8 51 4   0 0   1 1   2 2   3 3
8 70 4   0 0   1 1   2 2   3 3
8 199 4   0 0   1 1   2 2   3 3
8 89 4   0 0   1 1   2 2   3 3
8 59 4   0 0   1 1   2 2   3 3
8 191 4   0 0   1 1   2 2   3 3
9 272 4   0 0   1 1   2 2   3 3
9 211 4   0 0   1 1   2 2   3 3
9 38 4   0 0   1 1   2 2   3 3
9 268 4   0 0   1 1   2 2   3 3
9 173 4   0 0   1 1   2 2   3 3
10 161 4   0 0   1 1   2 2   3 3
10 218 4   0 0   1 1   2 2   3 3
10 139 4   0 0   1 1   2 2   3 3
10 159 4   0 0   1 1   2 2   3 3
11 53 4   0 0   1 1   2 2   3 3
11 169 4   0 0   1 1   2 2   3 3
11 108 4   0 0   1 1   2 2   3 3
11 78 4   0 0   1 1   2 2   3 3
12 176 4   0 0   1 1   2 2   3 3
12 85 4   0 0   1 1   2 2   3 3
12 184 4   0 0   1 1   2 2   3 3
12 14 4   0 0   1 1   2 2   3 3
12 255 4   0 0   1 1   2 2   3 3
13 19 4   0 0   1 1   2 2   3 3
13 277 4   0 0   1 1   2 2   3 3
13 87 4   0 0   1 1   2 2   3 3
13 142 4   0 0   1 1   2 2   3 3
13 47 4   0 0   1 1   2 2   3 3
14 213 4   0 0   1 1   2 2   3 3
14 55 4   0 0   1 1   2 2   3 3
14 184 4   0 0   1 1   2 2   3 3
14 254 4   0 0   1 1   2 2   3 3
14 255 4   0 0   1 1   2 2   3 3
15 176 4   0 0   1 1   2 2   3 3
15 192 4   0 0   1 1   2 2   3 3
15 113 4   0 0   1 1   2 2   3 3
15 49 4   0 0   1 1   2 2   3 3
15 247 4   0 0   1 1   2 2   3 3
15 186 4   0 0   1 1   2 2   3 3
15 123 4   0 0   1 1   2 2   3 3
16 18 4   0 0   1 1   2 2   3 3
16 130 4   0 0   1 1   2 2   3 3
16 167 4   0 0   1 1   2 2   3 3
16 203 4   0 0   1 1   2 2   3 3
16 141 4   0 0   1 1   2 2   3 3
17 112 4   0 0   1 1   2 2   3 3
17 213 4   0 0   1 1   2 2   3 3
17 88 4   0 0   1 1   2 2   3 3
17 299 4   0 0   1 1   2 2   3 3
17 44 4   0 0   1 1   2 2   3 3
17 236 4   0 0   1 1   2 2   3 3
17 30 4   0 0   1 1   2 2   3 3
18 240 4   0 0   1 1   2 2   3 3
18 130 4   0 0   1 1   2 2   3 3
18 182 4   0 0   1 1   2 2   3 3
18 167 4   0 0   1 1   2 2   3 3
18 120 4   0 0   1 1   2 2   3 3
18 58 4   0 0   1 1   2 2   3 3
19 277 4   0 0   1 1   2 2   3 3
19 55 4   0 0   1 1   2 2   3 3
19 233 4   0 0   1 1   2 2   3 3
19 47 4   0 0   1 1   2 2   3 3
20 145 4   0 0   1 1   2 2   3 3
20 190 4   0 0   1 1   2 2   3 3
20 271 4   0 0   1 1   2 2   3 3
21 228 4   0 0   1 1   2 2   3 3
21 43 4   0 0   1 1   2 2   3 3
21 63 4   0 0   1 1   2 2   3 3
22 242 4   0 0   1 1   2 2   3 3
22 69 4   0 0   1 1   2 2   3 3
22 154 4   0 0   1 1   2 2   3 3
23 84 4   0 0   1 1   2 2   3 3
23 277 4   0 0   1 1   2 2   3 3
23 166 4   0 0   1 1   2 2   3 3
23 280 4   0 0   1 1   2 2   3 3
23 137 4   0 0   1 1   2 2   3 3
24 256 4   0 0   1 1   2 2   3 3
24 71 4   0 0   1 1   2 2   3 3
24 151 4   0 0   1 1   2 2   3 3
24 200 4   0 0   1 1   2 2   3 3
24 76 4   0 0   1 1   2 2   3 3
24 252 4   0 0   1 1   2 2   3 3
25 34 4   0 0   1 1   2 2   3 3
25 67 4   0 0   1 1   2 2   3 3
25 265 4   0 0   1 1   2 2   3 3
25 170 4   0 0   1 1   2 2   3 3
25 220 4   0 0   1 1   2 2   3 3
26 274 4   0 0   1 1   2 2   3 3
26 115 4   0 0   1 1   2 2   3 3
26 165 4   0 0   1 1   2 2   3 3
26 293 4   0 0   1 1   2 2   3 3
26 246 4   0 0   1 1   2 2   3 3
26 134 4   0 0   1 1   2 2   3 3
26 107 4   0 0   1 1   2 2   3 3
27 66 4   0 0   1 1   2 2   3 3
27 68 4   0 0   1 1   2 2   3 3
27 86 4   0 0   1 1   2 2   3 3
27 40 4   0 0   1 1   2 2   3 3
27 200 4   0 0   1 1   2 2   3 3
27 104 4   0 0   1 1   2 2   3 3
27 202 4   0 0   1 1   2 2   3 3
27 61 4   0 0   1 1   2 2   3 3
28 292 4   0 0   1 1   2 2   3 3
28 58 4   0 0   1 1   2 2   3 3
28 270 4   0 0   1 1   2 2   3 3
29 209 4   0 0   1 1   2 2   3 3
29 243 4   0 0   1 1   2 2   3 3
29 83 4   0 0   1 1   2 2   3 3
29 291 4   0 0   1 1   2 2   3 3
29 279 4   0 0   1 1   2 2   3 3
29 234 4   0 0   1 1   2 2   3 3
30 213 4   0 0   1 1   2 2   3 3
30 277 4   0 0   1 1   2 2   3 3
30 236 4   0 0   1 1   2 2   3 3
31 195 4   0 0   1 1   2 2   3 3
31 228 4   0 0   1 1   2 2   3 3
31 118 4   0 0   1 1   2 2   3 3
31 284 4   0 0   1 1   2 2   3 3
31 190 4   0 0   1 1   2 2   3 3
31 271 4   0 0   1 1   2 2   3 3
32 96 4   0 0   1 1   2 2   3 3
32 288 4   0 0   1 1   2 2   3 3
32 247 4   0 0   1 1   2 2   3 3
32 186 4   0 0   1 1   2 2   3 3
32 109 4   0 0   1 1   2 2   3 3
33 227 4   0 0   1 1   2 2   3 3
33 70 4   0 0   1 1   2 2   3 3
33 134 4   0 0   1 1   2 2   3 3
33 89 4   0 0   1 1   2 2   3 3
33 107 4   0 0   1 1   2 2   3 3
33 223 4   0 0   1 1   2 2   3 3
34 67 4   0 0   1 1   2 2   3 3
34 60 4   0 0   1 1   2 2   3 3
34 220 4   0 0   1 1   2 2   3 3
35 84 4   0 0   1 1   2 2   3 3
35 280 4   0 0   1 1   2 2   3 3
35 249 4   0 0   1 1   2 2   3 3
35 221 4   0 0   1 1   2 2   3 3
35 158 4   0 0   1 1   2 2   3 3
36 181 4   0 0   1 1   2 2   3 3
36 102 4   0 0   1 1   2 2   3 3
36 105 4   0 0   1 1   2 2   3 3
36 252 4   0 0   1 1   2 2   3 3
36 269 4   0 0   1 1   2 2   3 3
37 131 4   0 0   1 1   2 2   3 3
37 179 4   0 0   1 1   2 2   3 3
37 53 4   0 0   1 1   2 2   3 3
37 108 4   0 0   1 1   2 2   3 3
37 78 4   0 0   1 1   2 2   3 3
38 272 4   0 0   1 1   2 2   3 3
38 81 4   0 0   1 1   2 2   3 3
38 212 4   0 0   1 1   2 2   3 3
38 119 4   0 0   1 1   2 2   3 3
38 268 4   0 0   1 1   2 2   3 3
39 64 4   0 0   1 1   2 2   3 3
39 145 4   0 0   1 1   2 2   3 3
39 44 4   0 0   1 1   2 2   3 3
39 237 4   0 0   1 1   2 2   3 3
39 190 4   0 0   1 1   2 2   3 3
40 66 4   0 0   1 1   2 2   3 3
40 86 4   0 0   1 1   2 2   3 3
40 204 4   0 0   1 1   2 2   3 3
40 222 4   0 0   1 1   2 2   3 3
41 192 4   0 0   1 1   2 2   3 3
41 162 4   0 0   1 1   2 2   3 3
41 215 4   0 0   1 1   2 2   3 3
41 90 4   0 0   1 1   2 2   3 3
41 123 4   0 0   1 1   2 2   3 3
41 235 4   0 0   1 1   2 2   3 3
42 98 4   0 0   1 1   2 2   3 3
42 259 4   0 0   1 1   2 2   3 3
42 199 4   0 0   1 1   2 2   3 3
42 216 4   0 0   1 1   2 2   3 3
42 107 4   0 0   1 1   2 2   3 3
42 223 4   0 0   1 1   2 2   3 3
43 228 4   0 0   1 1   2 2   3 3
43 284 4   0 0   1 1   2 2   3 3
44 64 4   0 0   1 1   2 2   3 3
44 112 4   0 0   1 1   2 2   3 3
44 273 4   0 0   1 1   2 2   3 3
44 296 4   0 0   1 1   2 2   3 3
44 299 4   0 0   1 1   2 2   3 3
44 190 4   0 0   1 1   2 2   3 3
45 291 4   0 0   1 1   2 2   3 3
45 275 4   0 0   1 1   2 2   3 3
45 281 4   0 0   1 1   2 2   3 3
45 234 4   0 0   1 1   2 2   3 3
45 155 4   0 0   1 1   2 2   3 3
46 83 4   0 0   1 1   2 2   3 3
46 185 4   0 0   1 1   2 2   3 3
46 73 4   0 0   1 1   2 2   3 3
46 234 4   0 0   1 1   2 2   3 3
46 106 4   0 0   1 1   2 2   3 3
46 298 4   0 0   1 1   2 2   3 3
46 283 4   0 0   1 1   2 2   3 3
47 82 4   0 0   1 1   2 2   3 3
47 50 4   0 0   1 1   2 2   3 3
47 54 4   0 0   1 1   2 2   3 3
47 57 4   0 0   1 1   2 2   3 3
47 233 4   0 0   1 1   2 2   3 3
47 300 4   0 0   1 1   2 2   3 3
47 142 4   0 0   1 1   2 2   3 3
48 164 4   0 0   1 1   2 2   3 3
48 149 4   0 0   1 1   2 2   3 3
48 265 4   0 0   1 1   2 2   3 3
48 140 4   0 0   1 1   2 2   3 3
48 204 4   0 0   1 1   2 2   3 3
48 238 4   0 0   1 1   2 2   3 3
48 222 4   0 0   1 1   2 2   3 3
48 207 4   0 0   1 1   2 2   3 3
49 113 4   0 0   1 1   2 2   3 3
49 247 4   0 0   1 1   2 2   3 3
49 152 4   0 0   1 1   2 2   3 3
49 219 4   0 0   1 1   2 2   3 3
50 54 4   0 0   1 1   2 2   3 3
50 135 4   0 0   1 1   2 2   3 3
50 57 4   0 0   1 1   2 2   3 3
50 251 4   0 0   1 1   2 2   3 3
51 129 4   0 0   1 1   2 2   3 3
51 199 4   0 0   1 1   2 2   3 3
51 157 4   0 0   1 1   2 2   3 3
51 191 4   0 0   1 1   2 2   3 3
52 129 4   0 0   1 1   2 2   3 3
52 59 4   0 0   1 1   2 2   3 3
52 301 4   0 0   1 1   2 2   3 3
52 191 4   0 0   1 1   2 2   3 3
53 131 4   0 0   1 1   2 2   3 3
53 261 4   0 0   1 1   2 2   3 3
53 169 4   0 0   1 1   2 2   3 3
53 153 4   0 0   1 1   2 2   3 3
53 78 4   0 0   1 1   2 2   3 3
54 82 4   0 0   1 1   2 2   3 3
54 100 4   0 0   1 1   2 2   3 3
54 251 4   0 0   1 1   2 2   3 3
55 226 4   0 0   1 1   2 2   3 3
55 213 4   0 0   1 1   2 2   3 3
55 277 4   0 0   1 1   2 2   3 3
55 233 4   0 0   1 1   2 2   3 3
55 254 4   0 0   1 1   2 2   3 3
56 197 4   0 0   1 1   2 2   3 3
56 284 4   0 0   1 1   2 2   3 3
57 128 4   0 0   1 1   2 2   3 3
57 135 4   0 0   1 1   2 2   3 3
57 300 4   0 0   1 1   2 2   3 3
58 240 4   0 0   1 1   2 2   3 3
58 99 4   0 0   1 1   2 2   3 3
58 182 4   0 0   1 1   2 2   3 3
58 270 4   0 0   1 1   2 2   3 3
59 214 4   0 0   1 1   2 2   3 3
59 89 4   0 0   1 1   2 2   3 3
59 301 4   0 0   1 1   2 2   3 3
59 191 4   0 0   1 1   2 2   3 3
60 67 4   0 0   1 1   2 2   3 3
60 116 4   0 0   1 1   2 2   3 3
60 260 4   0 0   1 1   2 2   3 3
60 75 4   0 0   1 1   2 2   3 3
60 94 4   0 0   1 1   2 2   3 3
60 62 4   0 0   1 1   2 2   3 3
61 144 4   0 0   1 1   2 2   3 3
61 66 4   0 0   1 1   2 2   3 3
61 263 4   0 0   1 1   2 2   3 3
61 104 4   0 0   1 1   2 2   3 3
61 269 4   0 0   1 1   2 2   3 3
62 67 4   0 0   1 1   2 2   3 3
62 116 4   0 0   1 1   2 2   3 3
62 231 4   0 0   1 1   2 2   3 3
62 170 4   0 0   1 1   2 2   3 3
62 79 4   0 0   1 1   2 2   3 3
63 131 4   0 0   1 1   2 2   3 3
63 195 4   0 0   1 1   2 2   3 3
63 228 4   0 0   1 1   2 2   3 3
63 261 4   0 0   1 1   2 2   3 3
64 299 4   0 0   1 1   2 2   3 3
64 237 4   0 0   1 1   2 2   3 3
65 245 4   0 0   1 1   2 2   3 3
65 72 4   0 0   1 1   2 2   3 3
65 153 4   0 0   1 1   2 2   3 3
65 169 4   0 0   1 1   2 2   3 3
65 121 4   0 0   1 1   2 2   3 3
65 285 4   0 0   1 1   2 2   3 3
66 114 4   0 0   1 1   2 2   3 3
66 222 4   0 0   1 1   2 2   3 3
67 170 4   0 0   1 1   2 2   3 3
67 79 4   0 0   1 1   2 2   3 3
68 132 4   0 0   1 1   2 2   3 3
68 200 4   0 0   1 1   2 2   3 3
68 202 4   0 0   1 1   2 2   3 3
68 76 4   0 0   1 1   2 2   3 3
69 80 4   0 0   1 1   2 2   3 3
69 242 4   0 0   1 1   2 2   3 3
69 286 4   0 0   1 1   2 2   3 3
69 126 4   0 0   1 1   2 2   3 3
70 199 4   0 0   1 1   2 2   3 3
70 89 4   0 0   1 1   2 2   3 3
70 223 4   0 0   1 1   2 2   3 3
71 101 4   0 0   1 1   2 2   3 3
71 150 4   0 0   1 1   2 2   3 3
71 183 4   0 0   1 1   2 2   3 3
71 151 4   0 0   1 1   2 2   3 3
71 155 4   0 0   1 1   2 2   3 3
71 76 4   0 0   1 1   2 2   3 3
72 241 4   0 0   1 1   2 2   3 3
72 245 4   0 0   1 1   2 2   3 3
72 153 4   0 0   1 1   2 2   3 3
72 205 4   0 0   1 1   2 2   3 3
73 244 4   0 0   1 1   2 2   3 3
73 117 4   0 0   1 1   2 2   3 3
73 185 4   0 0   1 1   2 2   3 3
73 298 4   0 0   1 1   2 2   3 3
73 253 4   0 0   1 1   2 2   3 3
73 127 4   0 0   1 1   2 2   3 3
74 240 4   0 0   1 1   2 2   3 3
74 99 4   0 0   1 1   2 2   3 3
74 292 4   0 0   1 1   2 2   3 3
74 201 4   0 0   1 1   2 2   3 3
74 267 4   0 0   1 1   2 2   3 3
74 95 4   0 0   1 1   2 2   3 3
75 208 4   0 0   1 1   2 2   3 3
75 116 4   0 0   1 1   2 2   3 3
75 94 4   0 0   1 1   2 2   3 3
76 132 4   0 0   1 1   2 2   3 3
76 200 4   0 0   1 1   2 2   3 3
76 155 4   0 0   1 1   2 2   3 3
77 224 4   0 0   1 1   2 2   3 3
77 231 4   0 0   1 1   2 2   3 3
77 135 4   0 0   1 1   2 2   3 3
77 207 4   0 0   1 1   2 2   3 3
78 108 4   0 0   1 1   2 2   3 3
79 170 4   0 0   1 1   2 2   3 3
80 242 4   0 0   1 1   2 2   3 3
80 244 4   0 0   1 1   2 2   3 3
80 148 4   0 0   1 1   2 2   3 3
80 248 4   0 0   1 1   2 2   3 3
80 92 4   0 0   1 1   2 2   3 3
80 286 4   0 0   1 1   2 2   3 3
80 127 4   0 0   1 1   2 2   3 3
81 272 4   0 0   1 1   2 2   3 3
81 225 4   0 0   1 1   2 2   3 3
81 101 4   0 0   1 1   2 2   3 3
81 138 4   0 0   1 1   2 2   3 3
82 100 4   0 0   1 1   2 2   3 3
82 278 4   0 0   1 1   2 2   3 3
82 233 4   0 0   1 1   2 2   3 3
82 125 4   0 0   1 1   2 2   3 3
83 288 4   0 0   1 1   2 2   3 3
83 243 4   0 0   1 1   2 2   3 3
83 234 4   0 0   1 1   2 2   3 3
83 283 4   0 0   1 1   2 2   3 3
83 109 4   0 0   1 1   2 2   3 3
83 111 4   0 0   1 1   2 2   3 3
84 259 4   0 0   1 1   2 2   3 3
84 166 4   0 0   1 1   2 2   3 3
84 216 4   0 0   1 1   2 2   3 3
84 280 4   0 0   1 1   2 2   3 3
84 221 4   0 0   1 1   2 2   3 3
85 113 4   0 0   1 1   2 2   3 3
85 209 4   0 0   1 1   2 2   3 3
85 184 4   0 0   1 1   2 2   3 3
85 219 4   0 0   1 1   2 2   3 3
85 254 4   0 0   1 1   2 2   3 3
86 100 4   0 0   1 1   2 2   3 3
86 262 4   0 0   1 1   2 2   3 3
86 202 4   0 0   1 1   2 2   3 3
86 251 4   0 0   1 1   2 2   3 3
86 204 4   0 0   1 1   2 2   3 3
87 277 4   0 0   1 1   2 2   3 3
87 280 4   0 0   1 1   2 2   3 3
87 137 4   0 0   1 1   2 2   3 3
87 142 4   0 0   1 1   2 2   3 3
88 129 4   0 0   1 1   2 2   3 3
88 299 4   0 0   1 1   2 2   3 3
88 236 4   0 0   1 1   2 2   3 3
89 227 4   0 0   1 1   2 2   3 3
89 214 4   0 0   1 1   2 2   3 3
90 176 4   0 0   1 1   2 2   3 3
90 192 4   0 0   1 1   2 2   3 3
90 215 4   0 0   1 1   2 2   3 3
90 282 4   0 0   1 1   2 2   3 3
90 206 4   0 0   1 1   2 2   3 3
91 212 4   0 0   1 1   2 2   3 3
91 185 4   0 0   1 1   2 2   3 3
91 92 4   0 0   1 1   2 2   3 3
91 127 4   0 0   1 1   2 2   3 3
92 212 4   0 0   1 1   2 2   3 3
92 119 4   0 0   1 1   2 2   3 3
92 248 4   0 0   1 1   2 2   3 3
92 268 4   0 0   1 1   2 2   3 3
92 127 4   0 0   1 1   2 2   3 3
93 240 4   0 0   1 1   2 2   3 3
93 164 4   0 0   1 1   2 2   3 3
93 149 4   0 0   1 1   2 2   3 3
93 120 4   0 0   1 1   2 2   3 3
93 174 4   0 0   1 1   2 2   3 3
93 95 4   0 0   1 1   2 2   3 3
94 260 4   0 0   1 1   2 2   3 3
95 240 4   0 0   1 1   2 2   3 3
95 149 4   0 0   1 1   2 2   3 3
95 201 4   0 0   1 1   2 2   3 3
95 220 4   0 0   1 1   2 2   3 3
96 186 4   0 0   1 1   2 2   3 3
96 187 4   0 0   1 1   2 2   3 3
96 188 4   0 0   1 1   2 2   3 3
96 109 4   0 0   1 1   2 2   3 3
97 224 4   0 0   1 1   2 2   3 3
97 193 4   0 0   1 1   2 2   3 3
97 147 4   0 0   1 1   2 2   3 3
97 116 4   0 0   1 1   2 2   3 3
97 158 4   0 0   1 1   2 2   3 3
98 259 4   0 0   1 1   2 2   3 3
98 107 4   0 0   1 1   2 2   3 3
98 172 4   0 0   1 1   2 2   3 3
99 240 4   0 0   1 1   2 2   3 3
99 292 4   0 0   1 1   2 2   3 3
99 270 4   0 0   1 1   2 2   3 3
100 278 4   0 0   1 1   2 2   3 3
100 262 4   0 0   1 1   2 2   3 3
100 251 4   0 0   1 1   2 2   3 3
101 225 4   0 0   1 1   2 2   3 3
101 150 4   0 0   1 1   2 2   3 3
101 183 4   0 0   1 1   2 2   3 3
101 138 4   0 0   1 1   2 2   3 3
102 180 4   0 0   1 1   2 2   3 3
102 181 4   0 0   1 1   2 2   3 3
102 203 4   0 0   1 1   2 2   3 3
103 162 4   0 0   1 1   2 2   3 3
103 133 4   0 0   1 1   2 2   3 3
103 264 4   0 0   1 1   2 2   3 3
103 121 4   0 0   1 1   2 2   3 3
103 250 4   0 0   1 1   2 2   3 3
103 108 4   0 0   1 1   2 2   3 3
103 285 4   0 0   1 1   2 2   3 3
104 200 4   0 0   1 1   2 2   3 3
104 252 4   0 0   1 1   2 2   3 3
104 269 4   0 0   1 1   2 2   3 3
105 196 4   0 0   1 1   2 2   3 3
105 263 4   0 0   1 1   2 2   3 3
105 136 4   0 0   1 1   2 2   3 3
105 203 4   0 0   1 1   2 2   3 3
105 269 4   0 0   1 1   2 2   3 3
106 281 4   0 0   1 1   2 2   3 3
106 185 4   0 0   1 1   2 2   3 3
106 234 4   0 0   1 1   2 2   3 3
107 134 4   0 0   1 1   2 2   3 3
107 172 4   0 0   1 1   2 2   3 3
107 223 4   0 0   1 1   2 2   3 3
108 179 4   0 0   1 1   2 2   3 3
108 133 4   0 0   1 1   2 2   3 3
108 169 4   0 0   1 1   2 2   3 3
108 121 4   0 0   1 1   2 2   3 3
109 288 4   0 0   1 1   2 2   3 3
109 298 4   0 0   1 1   2 2   3 3
109 283 4   0 0   1 1   2 2   3 3
109 188 4   0 0   1 1   2 2   3 3
110 212 4   0 0   1 1   2 2   3 3
110 281 4   0 0   1 1   2 2   3 3
110 185 4   0 0   1 1   2 2   3 3
111 288 4   0 0   1 1   2 2   3 3
111 243 4   0 0   1 1   2 2   3 3
112 273 4   0 0   1 1   2 2   3 3
112 163 4   0 0   1 1   2 2   3 3
112 213 4   0 0   1 1   2 2   3 3
112 255 4   0 0   1 1   2 2   3 3
113 176 4   0 0   1 1   2 2   3 3
113 219 4   0 0   1 1   2 2   3 3
114 144 4   0 0   1 1   2 2   3 3
114 222 4   0 0   1 1   2 2   3 3
115 146 4   0 0   1 1   2 2   3 3
115 293 4   0 0   1 1   2 2   3 3
116 208 4   0 0   1 1   2 2   3 3
116 224 4   0 0   1 1   2 2   3 3
116 147 4   0 0   1 1   2 2   3 3
116 231 4   0 0   1 1   2 2   3 3
117 244 4   0 0   1 1   2 2   3 3
117 188 4   0 0   1 1   2 2   3 3
117 253 4   0 0   1 1   2 2   3 3
117 126 4   0 0   1 1   2 2   3 3
118 241 4   0 0   1 1   2 2   3 3
118 195 4   0 0   1 1   2 2   3 3
118 261 4   0 0   1 1   2 2   3 3
118 153 4   0 0   1 1   2 2   3 3
118 190 4   0 0   1 1   2 2   3 3
119 212 4   0 0   1 1   2 2   3 3
119 268 4   0 0   1 1   2 2   3 3
120 240 4   0 0   1 1   2 2   3 3
120 196 4   0 0   1 1   2 2   3 3
120 167 4   0 0   1 1   2 2   3 3
120 174 4   0 0   1 1   2 2   3 3
121 169 4   0 0   1 1   2 2   3 3
121 285 4   0 0   1 1   2 2   3 3
122 290 4   0 0   1 1   2 2   3 3
122 230 4   0 0   1 1   2 2   3 3
122 294 4   0 0   1 1   2 2   3 3
122 266 4   0 0   1 1   2 2   3 3
123 192 4   0 0   1 1   2 2   3 3
123 186 4   0 0   1 1   2 2   3 3
123 235 4   0 0   1 1   2 2   3 3
124 291 4   0 0   1 1   2 2   3 3
124 275 4   0 0   1 1   2 2   3 3
124 132 4   0 0   1 1   2 2   3 3
124 229 4   0 0   1 1   2 2   3 3
124 278 4   0 0   1 1   2 2   3 3
124 262 4   0 0   1 1   2 2   3 3
124 202 4   0 0   1 1   2 2   3 3
125 226 4   0 0   1 1   2 2   3 3
125 278 4   0 0   1 1   2 2   3 3
125 233 4   0 0   1 1   2 2   3 3
126 244 4   0 0   1 1   2 2   3 3
126 139 4   0 0   1 1   2 2   3 3
126 286 4   0 0   1 1   2 2   3 3
127 244 4   0 0   1 1   2 2   3 3
127 185 4   0 0   1 1   2 2   3 3
128 224 4   0 0   1 1   2 2   3 3
128 193 4   0 0   1 1   2 2   3 3
128 135 4   0 0   1 1   2 2   3 3
128 300 4   0 0   1 1   2 2   3 3
129 299 4   0 0   1 1   2 2   3 3
129 236 4   0 0   1 1   2 2   3 3
129 301 4   0 0   1 1   2 2   3 3
129 157 4   0 0   1 1   2 2   3 3
129 191 4   0 0   1 1   2 2   3 3
130 182 4   0 0   1 1   2 2   3 3
130 141 4   0 0   1 1   2 2   3 3
131 261 4   0 0   1 1   2 2   3 3
132 275 4   0 0   1 1   2 2   3 3
132 202 4   0 0   1 1   2 2   3 3
132 155 4   0 0   1 1   2 2   3 3
133 179 4   0 0   1 1   2 2   3 3
133 250 4   0 0   1 1   2 2   3 3
134 274 4   0 0   1 1   2 2   3 3
134 227 4   0 0   1 1   2 2   3 3
135 224 4   0 0   1 1   2 2   3 3
136 196 4   0 0   1 1   2 2   3 3
136 167 4   0 0   1 1   2 2   3 3
136 203 4   0 0   1 1   2 2   3 3
137 277 4   0 0   1 1   2 2   3 3
137 280 4   0 0   1 1   2 2   3 3
138 183 4   0 0   1 1   2 2   3 3
138 155 4   0 0   1 1   2 2   3 3
139 161 4   0 0   1 1   2 2   3 3
139 186 4   0 0   1 1   2 2   3 3
139 187 4   0 0   1 1   2 2   3 3
139 188 4   0 0   1 1   2 2   3 3
139 159 4   0 0   1 1   2 2   3 3
140 231 4   0 0   1 1   2 2   3 3
140 265 4   0 0   1 1   2 2   3 3
140 170 4   0 0   1 1   2 2   3 3
140 238 4   0 0   1 1   2 2   3 3
141 182 4   0 0   1 1   2 2   3 3
141 203 4   0 0   1 1   2 2   3 3
142 280 4   0 0   1 1   2 2   3 3
142 300 4   0 0   1 1   2 2   3 3
143 208 4   0 0   1 1   2 2   3 3
143 147 4   0 0   1 1   2 2   3 3
143 198 4   0 0   1 1   2 2   3 3
143 172 4   0 0   1 1   2 2   3 3
143 156 4   0 0   1 1   2 2   3 3
143 221 4   0 0   1 1   2 2   3 3
144 196 4   0 0   1 1   2 2   3 3
144 263 4   0 0   1 1   2 2   3 3
144 222 4   0 0   1 1   2 2   3 3
144 174 4   0 0   1 1   2 2   3 3
145 289 4   0 0   1 1   2 2   3 3
145 197 4   0 0   1 1   2 2   3 3
145 237 4   0 0   1 1   2 2   3 3
145 190 4   0 0   1 1   2 2   3 3
145 271 4   0 0   1 1   2 2   3 3
146 257 4   0 0   1 1   2 2   3 3
146 276 4   0 0   1 1   2 2   3 3
146 293 4   0 0   1 1   2 2   3 3
146 198 4   0 0   1 1   2 2   3 3
146 156 4   0 0   1 1   2 2   3 3
146 189 4   0 0   1 1   2 2   3 3
147 208 4   0 0   1 1   2 2   3 3
147 221 4   0 0   1 1   2 2   3 3
147 158 4   0 0   1 1   2 2   3 3
148 177 4   0 0   1 1   2 2   3 3
148 242 4   0 0   1 1   2 2   3 3
148 211 4   0 0   1 1   2 2   3 3
148 248 4   0 0   1 1   2 2   3 3
149 164 4   0 0   1 1   2 2   3 3
149 265 4   0 0   1 1   2 2   3 3
149 220 4   0 0   1 1   2 2   3 3
150 225 4   0 0   1 1   2 2   3 3
150 151 4   0 0   1 1   2 2   3 3
150 297 4   0 0   1 1   2 2   3 3
150 173 4   0 0   1 1   2 2   3 3
150 287 4   0 0   1 1   2 2   3 3
151 256 4   0 0   1 1   2 2   3 3
151 287 4   0 0   1 1   2 2   3 3
152 288 4   0 0   1 1   2 2   3 3
152 243 4   0 0   1 1   2 2   3 3
152 247 4   0 0   1 1   2 2   3 3
152 219 4   0 0   1 1   2 2   3 3
153 241 4   0 0   1 1   2 2   3 3
153 261 4   0 0   1 1   2 2   3 3
153 169 4   0 0   1 1   2 2   3 3
154 177 4   0 0   1 1   2 2   3 3
154 242 4   0 0   1 1   2 2   3 3
155 275 4   0 0   1 1   2 2   3 3
155 183 4   0 0   1 1   2 2   3 3
155 281 4   0 0   1 1   2 2   3 3
156 198 4   0 0   1 1   2 2   3 3
156 172 4   0 0   1 1   2 2   3 3
158 193 4   0 0   1 1   2 2   3 3
158 249 4   0 0   1 1   2 2   3 3
158 221 4   0 0   1 1   2 2   3 3
159 162 4   0 0   1 1   2 2   3 3
159 264 4   0 0   1 1   2 2   3 3
159 218 4   0 0   1 1   2 2   3 3
159 186 4   0 0   1 1   2 2   3 3
159 235 4   0 0   1 1   2 2   3 3
160 257 4   0 0   1 1   2 2   3 3
160 290 4   0 0   1 1   2 2   3 3
160 293 4   0 0   1 1   2 2   3 3
160 230 4   0 0   1 1   2 2   3 3
160 246 4   0 0   1 1   2 2   3 3
160 266 4   0 0   1 1   2 2   3 3
161 250 4   0 0   1 1   2 2   3 3
161 218 4   0 0   1 1   2 2   3 3
162 215 4   0 0   1 1   2 2   3 3
162 264 4   0 0   1 1   2 2   3 3
162 235 4   0 0   1 1   2 2   3 3
162 285 4   0 0   1 1   2 2   3 3
162 206 4   0 0   1 1   2 2   3 3
163 176 4   0 0   1 1   2 2   3 3
163 273 4   0 0   1 1   2 2   3 3
163 255 4   0 0   1 1   2 2   3 3
164 222 4   0 0   1 1   2 2   3 3
164 174 4   0 0   1 1   2 2   3 3
165 258 4   0 0   1 1   2 2   3 3
165 230 4   0 0   1 1   2 2   3 3
165 246 4   0 0   1 1   2 2   3 3
166 277 4   0 0   1 1   2 2   3 3
166 216 4   0 0   1 1   2 2   3 3
167 196 4   0 0   1 1   2 2   3 3
167 203 4   0 0   1 1   2 2   3 3
168 178 4   0 0   1 1   2 2   3 3
168 194 4   0 0   1 1   2 2   3 3
168 294 4   0 0   1 1   2 2   3 3
168 175 4   0 0   1 1   2 2   3 3
170 231 4   0 0   1 1   2 2   3 3
170 265 4   0 0   1 1   2 2   3 3
171 274 4   0 0   1 1   2 2   3 3
171 214 4   0 0   1 1   2 2   3 3
172 259 4   0 0   1 1   2 2   3 3
172 221 4   0 0   1 1   2 2   3 3
173 272 4   0 0   1 1   2 2   3 3
173 225 4   0 0   1 1   2 2   3 3
173 297 4   0 0   1 1   2 2   3 3
174 196 4   0 0   1 1   2 2   3 3
174 222 4   0 0   1 1   2 2   3 3
175 257 4   0 0   1 1   2 2   3 3
175 178 4   0 0   1 1   2 2   3 3
175 194 4   0 0   1 1   2 2   3 3
175 276 4   0 0   1 1   2 2   3 3
175 294 4   0 0   1 1   2 2   3 3
175 266 4   0 0   1 1   2 2   3 3
176 192 4   0 0   1 1   2 2   3 3
176 273 4   0 0   1 1   2 2   3 3
176 282 4   0 0   1 1   2 2   3 3
176 255 4   0 0   1 1   2 2   3 3
177 242 4   0 0   1 1   2 2   3 3
178 194 4   0 0   1 1   2 2   3 3
180 181 4   0 0   1 1   2 2   3 3
180 297 4   0 0   1 1   2 2   3 3
181 256 4   0 0   1 1   2 2   3 3
181 297 4   0 0   1 1   2 2   3 3
181 252 4   0 0   1 1   2 2   3 3
181 287 4   0 0   1 1   2 2   3 3
184 254 4   0 0   1 1   2 2   3 3
185 212 4   0 0   1 1   2 2   3 3
185 281 4   0 0   1 1   2 2   3 3
186 247 4   0 0   1 1   2 2   3 3
186 235 4   0 0   1 1   2 2   3 3
186 187 4   0 0   1 1   2 2   3 3
187 188 4   0 0   1 1   2 2   3 3
188 298 4   0 0   1 1   2 2   3 3
188 253 4   0 0   1 1   2 2   3 3
189 210 4   0 0   1 1   2 2   3 3
189 276 4   0 0   1 1   2 2   3 3
189 198 4   0 0   1 1   2 2   3 3
190 241 4   0 0   1 1   2 2   3 3
190 296 4   0 0   1 1   2 2   3 3
190 271 4   0 0   1 1   2 2   3 3
193 224 4   0 0   1 1   2 2   3 3
193 249 4   0 0   1 1   2 2   3 3
193 300 4   0 0   1 1   2 2   3 3
194 210 4   0 0   1 1   2 2   3 3
194 276 4   0 0   1 1   2 2   3 3
195 228 4   0 0   1 1   2 2   3 3
195 261 4   0 0   1 1   2 2   3 3
196 263 4   0 0   1 1   2 2   3 3
197 289 4   0 0   1 1   2 2   3 3
197 284 4   0 0   1 1   2 2   3 3
197 239 4   0 0   1 1   2 2   3 3
197 271 4   0 0   1 1   2 2   3 3
198 208 4   0 0   1 1   2 2   3 3
199 223 4   0 0   1 1   2 2   3 3
200 252 4   0 0   1 1   2 2   3 3
201 217 4   0 0   1 1   2 2   3 3
201 267 4   0 0   1 1   2 2   3 3
201 220 4   0 0   1 1   2 2   3 3
202 262 4   0 0   1 1   2 2   3 3
204 222 4   0 0   1 1   2 2   3 3
204 207 4   0 0   1 1   2 2   3 3
205 241 4   0 0   1 1   2 2   3 3
205 245 4   0 0   1 1   2 2   3 3
205 296 4   0 0   1 1   2 2   3 3
205 206 4   0 0   1 1   2 2   3 3
206 245 4   0 0   1 1   2 2   3 3
206 215 4   0 0   1 1   2 2   3 3
206 296 4   0 0   1 1   2 2   3 3
206 282 4   0 0   1 1   2 2   3 3
206 285 4   0 0   1 1   2 2   3 3
207 231 4   0 0   1 1   2 2   3 3
207 238 4   0 0   1 1   2 2   3 3
209 243 4   0 0   1 1   2 2   3 3
209 295 4   0 0   1 1   2 2   3 3
209 279 4   0 0   1 1   2 2   3 3
209 219 4   0 0   1 1   2 2   3 3
209 254 4   0 0   1 1   2 2   3 3
210 276 4   0 0   1 1   2 2   3 3
211 248 4   0 0   1 1   2 2   3 3
211 268 4   0 0   1 1   2 2   3 3
213 277 4   0 0   1 1   2 2   3 3
213 255 4   0 0   1 1   2 2   3 3
214 274 4   0 0   1 1   2 2   3 3
214 227 4   0 0   1 1   2 2   3 3
216 259 4   0 0   1 1   2 2   3 3
217 292 4   0 0   1 1   2 2   3 3
217 267 4   0 0   1 1   2 2   3 3
218 264 4   0 0   1 1   2 2   3 3
218 250 4   0 0   1 1   2 2   3 3
219 243 4   0 0   1 1   2 2   3 3
220 265 4   0 0   1 1   2 2   3 3
221 259 4   0 0   1 1   2 2   3 3
224 231 4   0 0   1 1   2 2   3 3
225 272 4   0 0   1 1   2 2   3 3
226 229 4   0 0   1 1   2 2   3 3
226 278 4   0 0   1 1   2 2   3 3
226 295 4   0 0   1 1   2 2   3 3
226 233 4   0 0   1 1   2 2   3 3
226 254 4   0 0   1 1   2 2   3 3
227 274 4   0 0   1 1   2 2   3 3
228 284 4   0 0   1 1   2 2   3 3
229 291 4   0 0   1 1   2 2   3 3
229 278 4   0 0   1 1   2 2   3 3
229 295 4   0 0   1 1   2 2   3 3
229 279 4   0 0   1 1   2 2   3 3
230 258 4   0 0   1 1   2 2   3 3
230 290 4   0 0   1 1   2 2   3 3
230 246 4   0 0   1 1   2 2   3 3
231 238 4   0 0   1 1   2 2   3 3
232 289 4   0 0   1 1   2 2   3 3
232 299 4   0 0   1 1   2 2   3 3
232 301 4   0 0   1 1   2 2   3 3
232 237 4   0 0   1 1   2 2   3 3
232 239 4   0 0   1 1   2 2   3 3
234 291 4   0 0   1 1   2 2   3 3
234 281 4   0 0   1 1   2 2   3 3
237 289 4   0 0   1 1   2 2   3 3
237 299 4   0 0   1 1   2 2   3 3
239 289 4   0 0   1 1   2 2   3 3
243 288 4   0 0   1 1   2 2   3 3
244 286 4   0 0   1 1   2 2   3 3
245 285 4   0 0   1 1   2 2   3 3
246 293 4   0 0   1 1   2 2   3 3
247 288 4   0 0   1 1   2 2   3 3
248 268 4   0 0   1 1   2 2   3 3
249 280 4   0 0   1 1   2 2   3 3
249 300 4   0 0   1 1   2 2   3 3
250 264 4   0 0   1 1   2 2   3 3
252 256 4   0 0   1 1   2 2   3 3
252 269 4   0 0   1 1   2 2   3 3
253 298 4   0 0   1 1   2 2   3 3
254 295 4   0 0   1 1   2 2   3 3
256 287 4   0 0   1 1   2 2   3 3
257 276 4   0 0   1 1   2 2   3 3
257 293 4   0 0   1 1   2 2   3 3
257 266 4   0 0   1 1   2 2   3 3
262 278 4   0 0   1 1   2 2   3 3
263 269 4   0 0   1 1   2 2   3 3
266 290 4   0 0   1 1   2 2   3 3
266 294 4   0 0   1 1   2 2   3 3
267 292 4   0 0   1 1   2 2   3 3
270 292 4   0 0   1 1   2 2   3 3
271 284 4   0 0   1 1   2 2   3 3
273 296 4   0 0   1 1   2 2   3 3
273 282 4   0 0   1 1   2 2   3 3
275 291 4   0 0   1 1   2 2   3 3
279 291 4   0 0   1 1   2 2   3 3
279 295 4   0 0   1 1   2 2   3 3
280 300 4   0 0   1 1   2 2   3 3
282 296 4   0 0   1 1   2 2   3 3
283 298 4   0 0   1 1   2 2   3 3
287 297 4   0 0   1 1   2 2   3 3
299 301 4   0 0   1 1   2 2   3 3
