389
1 4 0 1 2 3
2 4 0 1 2 3
3 4 0 1 2 3
4 4 0 1 2 3
5 4 0 1 2 3
6 4 0 1 2 3
7 4 0 1 2 3
8 4 0 1 2 3
9 4 0 1 2 3
10 4 0 1 2 3
11 4 0 1 2 3
12 4 0 1 2 3
13 4 0 1 2 3
14 4 0 1 2 3
15 4 0 1 2 3
16 4 0 1 2 3
17 4 0 1 2 3
18 4 0 1 2 3
19 4 0 1 2 3
20 4 0 1 2 3
21 4 0 1 2 3
22 4 0 1 2 3
23 4 0 1 2 3
24 4 0 1 2 3
25 4 0 1 2 3
26 4 0 1 2 3
27 4 0 1 2 3
28 4 0 1 2 3
29 4 0 1 2 3
30 4 0 1 2 3
31 4 0 1 2 3
32 4 0 1 2 3
33 4 0 1 2 3
34 4 0 1 2 3
35 4 0 1 2 3
36 4 0 1 2 3
37 4 0 1 2 3
38 4 0 1 2 3
39 4 0 1 2 3
40 4 0 1 2 3
41 4 0 1 2 3
42 4 0 1 2 3
43 4 0 1 2 3
44 4 0 1 2 3
45 4 0 1 2 3
46 4 0 1 2 3
47 4 0 1 2 3
48 4 0 1 2 3
49 4 0 1 2 3
50 4 0 1 2 3
51 4 0 1 2 3
52 4 0 1 2 3
53 4 0 1 2 3
54 4 0 1 2 3
55 4 0 1 2 3
56 4 0 1 2 3
57 4 0 1 2 3
58 4 0 1 2 3
59 4 0 1 2 3
60 4 0 1 2 3
61 4 0 1 2 3
62 4 0 1 2 3
63 4 0 1 2 3
64 4 0 1 2 3
65 4 0 1 2 3
66 4 0 1 2 3
67 4 0 1 2 3
68 4 0 1 2 3
69 4 0 1 2 3
70 4 0 1 2 3
71 4 0 1 2 3
72 4 0 1 2 3
73 4 0 1 2 3
74 4 0 1 2 3
75 4 0 1 2 3
76 4 0 1 2 3
77 4 0 1 2 3
78 4 0 1 2 3
79 4 0 1 2 3
80 4 0 1 2 3
81 4 0 1 2 3
82 4 0 1 2 3
83 4 0 1 2 3
84 4 0 1 2 3
85 4 0 1 2 3
86 4 0 1 2 3
87 4 0 1 2 3
88 4 0 1 2 3
89 4 0 1 2 3
90 4 0 1 2 3
91 4 0 1 2 3
92 4 0 1 2 3
93 4 0 1 2 3
94 4 0 1 2 3
95 4 0 1 2 3
96 4 0 1 2 3
97 4 0 1 2 3
98 4 0 1 2 3
99 4 0 1 2 3
100 4 0 1 2 3
101 4 0 1 2 3
102 4 0 1 2 3
103 4 0 1 2 3
104 4 0 1 2 3
105 4 0 1 2 3
106 4 0 1 2 3
107 4 0 1 2 3
108 4 0 1 2 3
109 4 0 1 2 3
110 4 0 1 2 3
111 4 0 1 2 3
112 4 0 1 2 3
113 4 0 1 2 3
114 4 0 1 2 3
115 4 0 1 2 3
116 4 0 1 2 3
117 4 0 1 2 3
118 4 0 1 2 3
119 4 0 1 2 3
120 4 0 1 2 3
121 4 0 1 2 3
122 4 0 1 2 3
123 4 0 1 2 3
124 4 0 1 2 3
125 4 0 1 2 3
126 4 0 1 2 3
127 4 0 1 2 3
128 4 0 1 2 3
129 4 0 1 2 3
130 4 0 1 2 3
131 4 0 1 2 3
132 4 0 1 2 3
133 4 0 1 2 3
134 4 0 1 2 3
135 4 0 1 2 3
136 4 0 1 2 3
137 4 0 1 2 3
138 4 0 1 2 3
139 4 0 1 2 3
140 4 0 1 2 3
141 4 0 1 2 3
142 4 0 1 2 3
143 4 0 1 2 3
144 4 0 1 2 3
145 4 0 1 2 3
146 4 0 1 2 3
147 4 0 1 2 3
148 4 0 1 2 3
149 4 0 1 2 3
150 4 0 1 2 3
151 4 0 1 2 3
152 4 0 1 2 3
153 4 0 1 2 3
154 4 0 1 2 3
155 4 0 1 2 3
156 4 0 1 2 3
157 4 0 1 2 3
158 4 0 1 2 3
159 4 0 1 2 3
160 4 0 1 2 3
161 4 0 1 2 3
162 4 0 1 2 3
163 4 0 1 2 3
164 4 0 1 2 3
165 4 0 1 2 3
166 4 0 1 2 3
167 4 0 1 2 3
168 4 0 1 2 3
169 4 0 1 2 3
170 4 0 1 2 3
171 4 0 1 2 3
172 4 0 1 2 3
173 4 0 1 2 3
174 4 0 1 2 3
175 4 0 1 2 3
176 4 0 1 2 3
177 4 0 1 2 3
178 4 0 1 2 3
179 4 0 1 2 3
180 4 0 1 2 3
181 4 0 1 2 3
182 4 0 1 2 3
183 4 0 1 2 3
184 4 0 1 2 3
185 4 0 1 2 3
186 4 0 1 2 3
187 4 0 1 2 3
188 4 0 1 2 3
189 4 0 1 2 3
190 4 0 1 2 3
191 4 0 1 2 3
192 4 0 1 2 3
193 4 0 1 2 3
194 4 0 1 2 3
195 4 0 1 2 3
196 4 0 1 2 3
197 4 0 1 2 3
198 4 0 1 2 3
199 4 0 1 2 3
200 4 0 1 2 3
201 4 0 1 2 3
202 4 0 1 2 3
203 4 0 1 2 3
204 4 0 1 2 3
205 4 0 1 2 3
206 4 0 1 2 3
207 4 0 1 2 3
208 4 0 1 2 3
209 4 0 1 2 3
210 4 0 1 2 3
211 4 0 1 2 3
212 4 0 1 2 3
213 4 0 1 2 3
214 4 0 1 2 3
215 4 0 1 2 3
216 4 0 1 2 3
217 4 0 1 2 3
218 4 0 1 2 3
219 4 0 1 2 3
220 4 0 1 2 3
221 4 0 1 2 3
222 4 0 1 2 3
223 4 0 1 2 3
224 4 0 1 2 3
225 4 0 1 2 3
226 4 0 1 2 3
227 4 0 1 2 3
228 4 0 1 2 3
229 4 0 1 2 3
230 4 0 1 2 3
231 4 0 1 2 3
232 4 0 1 2 3
233 4 0 1 2 3
234 4 0 1 2 3
235 4 0 1 2 3
236 4 0 1 2 3
237 4 0 1 2 3
238 4 0 1 2 3
239 4 0 1 2 3
240 4 0 1 2 3
241 4 0 1 2 3
242 4 0 1 2 3
243 4 0 1 2 3
244 4 0 1 2 3
245 4 0 1 2 3
246 4 0 1 2 3
247 4 0 1 2 3
248 4 0 1 2 3
249 4 0 1 2 3
250 4 0 1 2 3
251 4 0 1 2 3
252 4 0 1 2 3
253 4 0 1 2 3
254 4 0 1 2 3
255 4 0 1 2 3
256 4 0 1 2 3
257 4 0 1 2 3
258 4 0 1 2 3
259 4 0 1 2 3
260 4 0 1 2 3
261 4 0 1 2 3
262 4 0 1 2 3
263 4 0 1 2 3
264 4 0 1 2 3
265 4 0 1 2 3
266 4 0 1 2 3
267 4 0 1 2 3
268 4 0 1 2 3
269 4 0 1 2 3
270 4 0 1 2 3
271 4 0 1 2 3
272 4 0 1 2 3
273 4 0 1 2 3
274 4 0 1 2 3
275 4 0 1 2 3
276 4 0 1 2 3
277 4 0 1 2 3
278 4 0 1 2 3
279 4 0 1 2 3
280 4 0 1 2 3
281 4 0 1 2 3
282 4 0 1 2 3
283 4 0 1 2 3
284 4 0 1 2 3
285 4 0 1 2 3
286 4 0 1 2 3
287 4 0 1 2 3
288 4 0 1 2 3
289 4 0 1 2 3
290 4 0 1 2 3
291 4 0 1 2 3
292 4 0 1 2 3
293 4 0 1 2 3
294 4 0 1 2 3
295 4 0 1 2 3
296 4 0 1 2 3
297 4 0 1 2 3
298 4 0 1 2 3
299 4 0 1 2 3
300 4 0 1 2 3
301 4 0 1 2 3
302 4 0 1 2 3
303 4 0 1 2 3
304 4 0 1 2 3
305 4 0 1 2 3
306 4 0 1 2 3
307 4 0 1 2 3
308 4 0 1 2 3
309 4 0 1 2 3
310 4 0 1 2 3
311 4 0 1 2 3
312 4 0 1 2 3
313 4 0 1 2 3
314 4 0 1 2 3
315 4 0 1 2 3
316 4 0 1 2 3
317 4 0 1 2 3
318 4 0 1 2 3
319 4 0 1 2 3
320 4 0 1 2 3
321 4 0 1 2 3
322 4 0 1 2 3
323 4 0 1 2 3
324 4 0 1 2 3
325 4 0 1 2 3
326 4 0 1 2 3
327 4 0 1 2 3
328 4 0 1 2 3
329 4 0 1 2 3
330 4 0 1 2 3
331 4 0 1 2 3
332 4 0 1 2 3
333 4 0 1 2 3
334 4 0 1 2 3
335 4 0 1 2 3
336 4 0 1 2 3
337 4 0 1 2 3
338 4 0 1 2 3
339 4 0 1 2 3
340 4 0 1 2 3
341 4 0 1 2 3
342 4 0 1 2 3
343 4 0 1 2 3
344 4 0 1 2 3
345 4 0 1 2 3
346 4 0 1 2 3
347 4 0 1 2 3
348 4 0 1 2 3
349 4 0 1 2 3
350 4 0 1 2 3
351 4 0 1 2 3
352 4 0 1 2 3
353 4 0 1 2 3
354 4 0 1 2 3
355 4 0 1 2 3
356 4 0 1 2 3
357 4 0 1 2 3
358 4 0 1 2 3
359 4 0 1 2 3
360 4 0 1 2 3
361 4 0 1 2 3
362 4 0 1 2 3
363 4 0 1 2 3
364 4 0 1 2 3
365 4 0 1 2 3
366 4 0 1 2 3
367 4 0 1 2 3
368 4 0 1 2 3
369 4 0 1 2 3
370 4 0 1 2 3
371 4 0 1 2 3
372 4 0 1 2 3
373 4 0 1 2 3
374 4 0 1 2 3
375 4 0 1 2 3
376 4 0 1 2 3
377 4 0 1 2 3
378 4 0 1 2 3
379 4 0 1 2 3
380 4 0 1 2 3
381 4 0 1 2 3
382 4 0 1 2 3
383 4 0 1 2 3
384 4 0 1 2 3
385 4 0 1 2 3
386 4 0 1 2 3
387 4 0 1 2 3
388 4 0 1 2 3
389 4 0 1 2 3
1106
1 324 4   0 0   1 1   2 2   3 3
1 229 4   0 0   1 1   2 2   3 3
1 104 4   0 0   1 1   2 2   3 3
1 233 4   0 0   1 1   2 2   3 3
1 42 4   0 0   1 1   2 2   3 3
1 13 4   0 0   1 1   2 2   3 3
2 64 4   0 0   1 1   2 2   3 3
2 104 4   0 0   1 1   2 2   3 3
2 186 4   0 0   1 1   2 2   3 3
2 203 4   0 0   1 1   2 2   3 3
2 335 4   0 0   1 1   2 2   3 3
3 339 4   0 0   1 1   2 2   3 3
3 20 4   0 0   1 1   2 2   3 3
3 37 4   0 0   1 1   2 2   3 3
3 90 4   0 0   1 1   2 2   3 3
3 252 4   0 0   1 1   2 2   3 3
4 17 4   0 0   1 1   2 2   3 3
4 35 4   0 0   1 1   2 2   3 3
4 309 4   0 0   1 1   2 2   3 3
4 280 4   0 0   1 1   2 2   3 3
4 328 4   0 0   1 1   2 2   3 3
4 63 4   0 0   1 1   2 2   3 3
5 16 4   0 0   1 1   2 2   3 3
5 289 4   0 0   1 1   2 2   3 3
5 130 4   0 0   1 1   2 2   3 3
5 195 4   0 0   1 1   2 2   3 3
5 139 4   0 0   1 1   2 2   3 3
5 255 4   0 0   1 1   2 2   3 3
6 277 4   0 0   1 1   2 2   3 3
6 282 4   0 0   1 1   2 2   3 3
6 107 4   0 0   1 1   2 2   3 3
6 175 4   0 0   1 1   2 2   3 3
7 358 4   0 0   1 1   2 2   3 3
7 151 4   0 0   1 1   2 2   3 3
7 201 4   0 0   1 1   2 2   3 3
7 122 4   0 0   1 1   2 2   3 3
7 236 4   0 0   1 1   2 2   3 3
7 28 4   0 0   1 1   2 2   3 3
8 211 4   0 0   1 1   2 2   3 3
8 71 4   0 0   1 1   2 2   3 3
8 24 4   0 0   1 1   2 2   3 3
9 176 4   0 0   1 1   2 2   3 3
9 55 4   0 0   1 1   2 2   3 3
9 279 4   0 0   1 1   2 2   3 3
10 304 4   0 0   1 1   2 2   3 3
10 19 4   0 0   1 1   2 2   3 3
10 169 4   0 0   1 1   2 2   3 3
10 174 4   0 0   1 1   2 2   3 3
11 193 4   0 0   1 1   2 2   3 3
11 372 4   0 0   1 1   2 2   3 3
11 213 4   0 0   1 1   2 2   3 3
11 166 4   0 0   1 1   2 2   3 3
11 57 4   0 0   1 1   2 2   3 3
11 364 4   0 0   1 1   2 2   3 3
11 157 4   0 0   1 1   2 2   3 3
12 308 4   0 0   1 1   2 2   3 3
12 216 4   0 0   1 1   2 2   3 3
12 74 4   0 0   1 1   2 2   3 3
12 77 4   0 0   1 1   2 2   3 3
13 64 4   0 0   1 1   2 2   3 3
13 33 4   0 0   1 1   2 2   3 3
13 49 4   0 0   1 1   2 2   3 3
13 293 4   0 0   1 1   2 2   3 3
13 104 4   0 0   1 1   2 2   3 3
13 42 4   0 0   1 1   2 2   3 3
14 244 4   0 0   1 1   2 2   3 3
14 340 4   0 0   1 1   2 2   3 3
14 138 4   0 0   1 1   2 2   3 3
14 250 4   0 0   1 1   2 2   3 3
14 317 4   0 0   1 1   2 2   3 3
15 291 4   0 0   1 1   2 2   3 3
15 341 4   0 0   1 1   2 2   3 3
15 232 4   0 0   1 1   2 2   3 3
15 202 4   0 0   1 1   2 2   3 3
15 156 4   0 0   1 1   2 2   3 3
15 239 4   0 0   1 1   2 2   3 3
16 289 4   0 0   1 1   2 2   3 3
16 265 4   0 0   1 1   2 2   3 3
16 221 4   0 0   1 1   2 2   3 3
16 255 4   0 0   1 1   2 2   3 3
17 129 4   0 0   1 1   2 2   3 3
17 115 4   0 0   1 1   2 2   3 3
17 35 4   0 0   1 1   2 2   3 3
17 261 4   0 0   1 1   2 2   3 3
17 280 4   0 0   1 1   2 2   3 3
18 113 4   0 0   1 1   2 2   3 3
18 163 4   0 0   1 1   2 2   3 3
18 121 4   0 0   1 1   2 2   3 3
18 29 4   0 0   1 1   2 2   3 3
19 304 4   0 0   1 1   2 2   3 3
19 129 4   0 0   1 1   2 2   3 3
19 21 4   0 0   1 1   2 2   3 3
19 237 4   0 0   1 1   2 2   3 3
19 174 4   0 0   1 1   2 2   3 3
19 222 4   0 0   1 1   2 2   3 3
20 304 4   0 0   1 1   2 2   3 3
20 339 4   0 0   1 1   2 2   3 3
20 37 4   0 0   1 1   2 2   3 3
20 21 4   0 0   1 1   2 2   3 3
20 87 4   0 0   1 1   2 2   3 3
20 220 4   0 0   1 1   2 2   3 3
21 304 4   0 0   1 1   2 2   3 3
21 129 4   0 0   1 1   2 2   3 3
21 115 4   0 0   1 1   2 2   3 3
21 149 4   0 0   1 1   2 2   3 3
21 87 4   0 0   1 1   2 2   3 3
22 32 4   0 0   1 1   2 2   3 3
22 387 4   0 0   1 1   2 2   3 3
22 373 4   0 0   1 1   2 2   3 3
22 374 4   0 0   1 1   2 2   3 3
22 296 4   0 0   1 1   2 2   3 3
23 240 4   0 0   1 1   2 2   3 3
23 52 4   0 0   1 1   2 2   3 3
23 25 4   0 0   1 1   2 2   3 3
23 282 4   0 0   1 1   2 2   3 3
23 175 4   0 0   1 1   2 2   3 3
24 82 4   0 0   1 1   2 2   3 3
24 387 4   0 0   1 1   2 2   3 3
24 211 4   0 0   1 1   2 2   3 3
24 373 4   0 0   1 1   2 2   3 3
24 71 4   0 0   1 1   2 2   3 3
24 56 4   0 0   1 1   2 2   3 3
24 380 4   0 0   1 1   2 2   3 3
25 273 4   0 0   1 1   2 2   3 3
25 52 4   0 0   1 1   2 2   3 3
25 165 4   0 0   1 1   2 2   3 3
25 214 4   0 0   1 1   2 2   3 3
25 315 4   0 0   1 1   2 2   3 3
25 175 4   0 0   1 1   2 2   3 3
26 241 4   0 0   1 1   2 2   3 3
26 164 4   0 0   1 1   2 2   3 3
26 388 4   0 0   1 1   2 2   3 3
26 117 4   0 0   1 1   2 2   3 3
26 213 4   0 0   1 1   2 2   3 3
27 106 4   0 0   1 1   2 2   3 3
27 378 4   0 0   1 1   2 2   3 3
27 239 4   0 0   1 1   2 2   3 3
28 162 4   0 0   1 1   2 2   3 3
28 201 4   0 0   1 1   2 2   3 3
28 236 4   0 0   1 1   2 2   3 3
28 204 4   0 0   1 1   2 2   3 3
29 114 4   0 0   1 1   2 2   3 3
29 163 4   0 0   1 1   2 2   3 3
29 121 4   0 0   1 1   2 2   3 3
29 379 4   0 0   1 1   2 2   3 3
30 387 4   0 0   1 1   2 2   3 3
30 71 4   0 0   1 1   2 2   3 3
30 142 4   0 0   1 1   2 2   3 3
30 270 4   0 0   1 1   2 2   3 3
31 311 4   0 0   1 1   2 2   3 3
31 103 4   0 0   1 1   2 2   3 3
31 158 4   0 0   1 1   2 2   3 3
32 82 4   0 0   1 1   2 2   3 3
32 373 4   0 0   1 1   2 2   3 3
32 38 4   0 0   1 1   2 2   3 3
32 296 4   0 0   1 1   2 2   3 3
32 350 4   0 0   1 1   2 2   3 3
33 49 4   0 0   1 1   2 2   3 3
33 293 4   0 0   1 1   2 2   3 3
33 278 4   0 0   1 1   2 2   3 3
33 265 4   0 0   1 1   2 2   3 3
34 192 4   0 0   1 1   2 2   3 3
34 337 4   0 0   1 1   2 2   3 3
34 37 4   0 0   1 1   2 2   3 3
34 360 4   0 0   1 1   2 2   3 3
34 219 4   0 0   1 1   2 2   3 3
34 220 4   0 0   1 1   2 2   3 3
35 145 4   0 0   1 1   2 2   3 3
35 261 4   0 0   1 1   2 2   3 3
35 328 4   0 0   1 1   2 2   3 3
35 58 4   0 0   1 1   2 2   3 3
36 321 4   0 0   1 1   2 2   3 3
36 50 4   0 0   1 1   2 2   3 3
36 59 4   0 0   1 1   2 2   3 3
36 301 4   0 0   1 1   2 2   3 3
37 337 4   0 0   1 1   2 2   3 3
37 220 4   0 0   1 1   2 2   3 3
37 252 4   0 0   1 1   2 2   3 3
38 181 4   0 0   1 1   2 2   3 3
38 296 4   0 0   1 1   2 2   3 3
38 363 4   0 0   1 1   2 2   3 3
38 205 4   0 0   1 1   2 2   3 3
38 350 4   0 0   1 1   2 2   3 3
39 80 4   0 0   1 1   2 2   3 3
39 299 4   0 0   1 1   2 2   3 3
39 381 4   0 0   1 1   2 2   3 3
39 79 4   0 0   1 1   2 2   3 3
40 260 4   0 0   1 1   2 2   3 3
40 171 4   0 0   1 1   2 2   3 3
40 286 4   0 0   1 1   2 2   3 3
40 111 4   0 0   1 1   2 2   3 3
41 385 4   0 0   1 1   2 2   3 3
41 305 4   0 0   1 1   2 2   3 3
41 151 4   0 0   1 1   2 2   3 3
41 231 4   0 0   1 1   2 2   3 3
41 73 4   0 0   1 1   2 2   3 3
41 206 4   0 0   1 1   2 2   3 3
42 66 4   0 0   1 1   2 2   3 3
42 259 4   0 0   1 1   2 2   3 3
42 324 4   0 0   1 1   2 2   3 3
42 293 4   0 0   1 1   2 2   3 3
43 273 4   0 0   1 1   2 2   3 3
43 228 4   0 0   1 1   2 2   3 3
43 264 4   0 0   1 1   2 2   3 3
43 266 4   0 0   1 1   2 2   3 3
44 112 4   0 0   1 1   2 2   3 3
44 211 4   0 0   1 1   2 2   3 3
44 217 4   0 0   1 1   2 2   3 3
44 285 4   0 0   1 1   2 2   3 3
44 382 4   0 0   1 1   2 2   3 3
45 323 4   0 0   1 1   2 2   3 3
45 200 4   0 0   1 1   2 2   3 3
46 131 4   0 0   1 1   2 2   3 3
46 245 4   0 0   1 1   2 2   3 3
46 377 4   0 0   1 1   2 2   3 3
46 330 4   0 0   1 1   2 2   3 3
46 187 4   0 0   1 1   2 2   3 3
46 159 4   0 0   1 1   2 2   3 3
47 384 4   0 0   1 1   2 2   3 3
47 98 4   0 0   1 1   2 2   3 3
47 119 4   0 0   1 1   2 2   3 3
47 362 4   0 0   1 1   2 2   3 3
47 284 4   0 0   1 1   2 2   3 3
48 243 4   0 0   1 1   2 2   3 3
48 292 4   0 0   1 1   2 2   3 3
48 359 4   0 0   1 1   2 2   3 3
48 184 4   0 0   1 1   2 2   3 3
48 88 4   0 0   1 1   2 2   3 3
48 314 4   0 0   1 1   2 2   3 3
48 75 4   0 0   1 1   2 2   3 3
49 64 4   0 0   1 1   2 2   3 3
49 278 4   0 0   1 1   2 2   3 3
49 186 4   0 0   1 1   2 2   3 3
50 258 4   0 0   1 1   2 2   3 3
50 301 4   0 0   1 1   2 2   3 3
51 322 4   0 0   1 1   2 2   3 3
51 243 4   0 0   1 1   2 2   3 3
51 297 4   0 0   1 1   2 2   3 3
51 105 4   0 0   1 1   2 2   3 3
51 75 4   0 0   1 1   2 2   3 3
51 300 4   0 0   1 1   2 2   3 3
51 221 4   0 0   1 1   2 2   3 3
52 240 4   0 0   1 1   2 2   3 3
52 273 4   0 0   1 1   2 2   3 3
52 356 4   0 0   1 1   2 2   3 3
52 233 4   0 0   1 1   2 2   3 3
52 266 4   0 0   1 1   2 2   3 3
52 62 4   0 0   1 1   2 2   3 3
53 196 4   0 0   1 1   2 2   3 3
53 150 4   0 0   1 1   2 2   3 3
53 198 4   0 0   1 1   2 2   3 3
53 283 4   0 0   1 1   2 2   3 3
53 124 4   0 0   1 1   2 2   3 3
54 246 4   0 0   1 1   2 2   3 3
54 327 4   0 0   1 1   2 2   3 3
54 375 4   0 0   1 1   2 2   3 3
54 152 4   0 0   1 1   2 2   3 3
54 187 4   0 0   1 1   2 2   3 3
54 159 4   0 0   1 1   2 2   3 3
55 144 4   0 0   1 1   2 2   3 3
55 176 4   0 0   1 1   2 2   3 3
55 88 4   0 0   1 1   2 2   3 3
55 141 4   0 0   1 1   2 2   3 3
55 110 4   0 0   1 1   2 2   3 3
55 334 4   0 0   1 1   2 2   3 3
56 211 4   0 0   1 1   2 2   3 3
56 380 4   0 0   1 1   2 2   3 3
56 381 4   0 0   1 1   2 2   3 3
56 382 4   0 0   1 1   2 2   3 3
56 287 4   0 0   1 1   2 2   3 3
57 145 4   0 0   1 1   2 2   3 3
57 213 4   0 0   1 1   2 2   3 3
57 166 4   0 0   1 1   2 2   3 3
57 343 4   0 0   1 1   2 2   3 3
57 120 4   0 0   1 1   2 2   3 3
58 145 4   0 0   1 1   2 2   3 3
58 388 4   0 0   1 1   2 2   3 3
58 213 4   0 0   1 1   2 2   3 3
58 261 4   0 0   1 1   2 2   3 3
59 321 4   0 0   1 1   2 2   3 3
59 258 4   0 0   1 1   2 2   3 3
59 212 4   0 0   1 1   2 2   3 3
59 197 4   0 0   1 1   2 2   3 3
59 230 4   0 0   1 1   2 2   3 3
59 301 4   0 0   1 1   2 2   3 3
59 269 4   0 0   1 1   2 2   3 3
60 321 4   0 0   1 1   2 2   3 3
60 135 4   0 0   1 1   2 2   3 3
60 318 4   0 0   1 1   2 2   3 3
60 127 4   0 0   1 1   2 2   3 3
61 258 4   0 0   1 1   2 2   3 3
61 150 4   0 0   1 1   2 2   3 3
61 358 4   0 0   1 1   2 2   3 3
62 356 4   0 0   1 1   2 2   3 3
62 229 4   0 0   1 1   2 2   3 3
62 233 4   0 0   1 1   2 2   3 3
62 335 4   0 0   1 1   2 2   3 3
63 97 4   0 0   1 1   2 2   3 3
63 309 4   0 0   1 1   2 2   3 3
63 326 4   0 0   1 1   2 2   3 3
63 328 4   0 0   1 1   2 2   3 3
64 104 4   0 0   1 1   2 2   3 3
64 186 4   0 0   1 1   2 2   3 3
65 70 4   0 0   1 1   2 2   3 3
65 218 4   0 0   1 1   2 2   3 3
65 298 4   0 0   1 1   2 2   3 3
66 384 4   0 0   1 1   2 2   3 3
66 307 4   0 0   1 1   2 2   3 3
66 259 4   0 0   1 1   2 2   3 3
66 324 4   0 0   1 1   2 2   3 3
66 268 4   0 0   1 1   2 2   3 3
66 93 4   0 0   1 1   2 2   3 3
67 194 4   0 0   1 1   2 2   3 3
67 325 4   0 0   1 1   2 2   3 3
67 277 4   0 0   1 1   2 2   3 3
67 175 4   0 0   1 1   2 2   3 3
67 319 4   0 0   1 1   2 2   3 3
68 116 4   0 0   1 1   2 2   3 3
68 101 4   0 0   1 1   2 2   3 3
68 85 4   0 0   1 1   2 2   3 3
68 263 4   0 0   1 1   2 2   3 3
68 347 4   0 0   1 1   2 2   3 3
68 302 4   0 0   1 1   2 2   3 3
68 303 4   0 0   1 1   2 2   3 3
69 83 4   0 0   1 1   2 2   3 3
69 148 4   0 0   1 1   2 2   3 3
69 294 4   0 0   1 1   2 2   3 3
69 342 4   0 0   1 1   2 2   3 3
69 91 4   0 0   1 1   2 2   3 3
69 108 4   0 0   1 1   2 2   3 3
70 86 4   0 0   1 1   2 2   3 3
70 90 4   0 0   1 1   2 2   3 3
70 298 4   0 0   1 1   2 2   3 3
70 218 4   0 0   1 1   2 2   3 3
70 125 4   0 0   1 1   2 2   3 3
70 126 4   0 0   1 1   2 2   3 3
70 383 4   0 0   1 1   2 2   3 3
71 112 4   0 0   1 1   2 2   3 3
71 387 4   0 0   1 1   2 2   3 3
71 211 4   0 0   1 1   2 2   3 3
71 142 4   0 0   1 1   2 2   3 3
72 160 4   0 0   1 1   2 2   3 3
72 389 4   0 0   1 1   2 2   3 3
72 326 4   0 0   1 1   2 2   3 3
72 376 4   0 0   1 1   2 2   3 3
72 106 4   0 0   1 1   2 2   3 3
72 140 4   0 0   1 1   2 2   3 3
73 305 4   0 0   1 1   2 2   3 3
73 146 4   0 0   1 1   2 2   3 3
73 231 4   0 0   1 1   2 2   3 3
73 135 4   0 0   1 1   2 2   3 3
73 363 4   0 0   1 1   2 2   3 3
73 92 4   0 0   1 1   2 2   3 3
73 205 4   0 0   1 1   2 2   3 3
74 353 4   0 0   1 1   2 2   3 3
74 315 4   0 0   1 1   2 2   3 3
74 77 4   0 0   1 1   2 2   3 3
74 319 4   0 0   1 1   2 2   3 3
75 243 4   0 0   1 1   2 2   3 3
75 359 4   0 0   1 1   2 2   3 3
75 105 4   0 0   1 1   2 2   3 3
75 107 4   0 0   1 1   2 2   3 3
76 338 4   0 0   1 1   2 2   3 3
76 371 4   0 0   1 1   2 2   3 3
76 136 4   0 0   1 1   2 2   3 3
76 331 4   0 0   1 1   2 2   3 3
76 172 4   0 0   1 1   2 2   3 3
77 144 4   0 0   1 1   2 2   3 3
77 194 4   0 0   1 1   2 2   3 3
77 308 4   0 0   1 1   2 2   3 3
77 216 4   0 0   1 1   2 2   3 3
77 319 4   0 0   1 1   2 2   3 3
78 272 4   0 0   1 1   2 2   3 3
78 242 4   0 0   1 1   2 2   3 3
78 217 4   0 0   1 1   2 2   3 3
78 125 4   0 0   1 1   2 2   3 3
78 285 4   0 0   1 1   2 2   3 3
78 383 4   0 0   1 1   2 2   3 3
79 80 4   0 0   1 1   2 2   3 3
79 299 4   0 0   1 1   2 2   3 3
80 256 4   0 0   1 1   2 2   3 3
80 128 4   0 0   1 1   2 2   3 3
80 299 4   0 0   1 1   2 2   3 3
80 381 4   0 0   1 1   2 2   3 3
81 179 4   0 0   1 1   2 2   3 3
81 291 4   0 0   1 1   2 2   3 3
81 180 4   0 0   1 1   2 2   3 3
81 154 4   0 0   1 1   2 2   3 3
82 181 4   0 0   1 1   2 2   3 3
82 373 4   0 0   1 1   2 2   3 3
82 350 4   0 0   1 1   2 2   3 3
83 294 4   0 0   1 1   2 2   3 3
83 108 4   0 0   1 1   2 2   3 3
84 305 4   0 0   1 1   2 2   3 3
84 135 4   0 0   1 1   2 2   3 3
84 206 4   0 0   1 1   2 2   3 3
84 318 4   0 0   1 1   2 2   3 3
84 127 4   0 0   1 1   2 2   3 3
85 196 4   0 0   1 1   2 2   3 3
85 347 4   0 0   1 1   2 2   3 3
85 124 4   0 0   1 1   2 2   3 3
85 94 4   0 0   1 1   2 2   3 3
85 302 4   0 0   1 1   2 2   3 3
86 339 4   0 0   1 1   2 2   3 3
86 169 4   0 0   1 1   2 2   3 3
86 90 4   0 0   1 1   2 2   3 3
86 126 4   0 0   1 1   2 2   3 3
87 149 4   0 0   1 1   2 2   3 3
87 220 4   0 0   1 1   2 2   3 3
88 144 4   0 0   1 1   2 2   3 3
88 194 4   0 0   1 1   2 2   3 3
88 292 4   0 0   1 1   2 2   3 3
88 184 4   0 0   1 1   2 2   3 3
88 110 4   0 0   1 1   2 2   3 3
89 386 4   0 0   1 1   2 2   3 3
89 307 4   0 0   1 1   2 2   3 3
89 119 4   0 0   1 1   2 2   3 3
89 362 4   0 0   1 1   2 2   3 3
90 339 4   0 0   1 1   2 2   3 3
90 298 4   0 0   1 1   2 2   3 3
90 252 4   0 0   1 1   2 2   3 3
90 333 4   0 0   1 1   2 2   3 3
91 148 4   0 0   1 1   2 2   3 3
91 342 4   0 0   1 1   2 2   3 3
91 215 4   0 0   1 1   2 2   3 3
92 146 4   0 0   1 1   2 2   3 3
92 181 4   0 0   1 1   2 2   3 3
92 135 4   0 0   1 1   2 2   3 3
93 384 4   0 0   1 1   2 2   3 3
93 259 4   0 0   1 1   2 2   3 3
93 148 4   0 0   1 1   2 2   3 3
93 293 4   0 0   1 1   2 2   3 3
94 244 4   0 0   1 1   2 2   3 3
94 340 4   0 0   1 1   2 2   3 3
94 245 4   0 0   1 1   2 2   3 3
94 138 4   0 0   1 1   2 2   3 3
94 124 4   0 0   1 1   2 2   3 3
94 302 4   0 0   1 1   2 2   3 3
95 209 4   0 0   1 1   2 2   3 3
95 178 4   0 0   1 1   2 2   3 3
95 357 4   0 0   1 1   2 2   3 3
95 250 4   0 0   1 1   2 2   3 3
95 109 4   0 0   1 1   2 2   3 3
96 161 4   0 0   1 1   2 2   3 3
96 345 4   0 0   1 1   2 2   3 3
96 137 4   0 0   1 1   2 2   3 3
96 299 4   0 0   1 1   2 2   3 3
96 207 4   0 0   1 1   2 2   3 3
97 309 4   0 0   1 1   2 2   3 3
97 326 4   0 0   1 1   2 2   3 3
97 185 4   0 0   1 1   2 2   3 3
98 384 4   0 0   1 1   2 2   3 3
98 148 4   0 0   1 1   2 2   3 3
98 155 4   0 0   1 1   2 2   3 3
98 108 4   0 0   1 1   2 2   3 3
98 284 4   0 0   1 1   2 2   3 3
98 253 4   0 0   1 1   2 2   3 3
99 128 4   0 0   1 1   2 2   3 3
99 161 4   0 0   1 1   2 2   3 3
99 247 4   0 0   1 1   2 2   3 3
99 312 4   0 0   1 1   2 2   3 3
99 153 4   0 0   1 1   2 2   3 3
99 251 4   0 0   1 1   2 2   3 3
99 172 4   0 0   1 1   2 2   3 3
99 366 4   0 0   1 1   2 2   3 3
100 256 4   0 0   1 1   2 2   3 3
100 354 4   0 0   1 1   2 2   3 3
100 285 4   0 0   1 1   2 2   3 3
100 381 4   0 0   1 1   2 2   3 3
100 287 4   0 0   1 1   2 2   3 3
101 257 4   0 0   1 1   2 2   3 3
101 263 4   0 0   1 1   2 2   3 3
101 183 4   0 0   1 1   2 2   3 3
101 377 4   0 0   1 1   2 2   3 3
101 302 4   0 0   1 1   2 2   3 3
102 192 4   0 0   1 1   2 2   3 3
102 370 4   0 0   1 1   2 2   3 3
102 182 4   0 0   1 1   2 2   3 3
102 249 4   0 0   1 1   2 2   3 3
102 219 4   0 0   1 1   2 2   3 3
103 368 4   0 0   1 1   2 2   3 3
103 311 4   0 0   1 1   2 2   3 3
103 173 4   0 0   1 1   2 2   3 3
103 158 4   0 0   1 1   2 2   3 3
104 229 4   0 0   1 1   2 2   3 3
104 335 4   0 0   1 1   2 2   3 3
105 322 4   0 0   1 1   2 2   3 3
105 282 4   0 0   1 1   2 2   3 3
105 107 4   0 0   1 1   2 2   3 3
106 224 4   0 0   1 1   2 2   3 3
106 376 4   0 0   1 1   2 2   3 3
106 378 4   0 0   1 1   2 2   3 3
106 140 4   0 0   1 1   2 2   3 3
106 239 4   0 0   1 1   2 2   3 3
107 277 4   0 0   1 1   2 2   3 3
107 359 4   0 0   1 1   2 2   3 3
107 282 4   0 0   1 1   2 2   3 3
108 148 4   0 0   1 1   2 2   3 3
108 155 4   0 0   1 1   2 2   3 3
109 209 4   0 0   1 1   2 2   3 3
109 357 4   0 0   1 1   2 2   3 3
109 123 4   0 0   1 1   2 2   3 3
109 188 4   0 0   1 1   2 2   3 3
110 184 4   0 0   1 1   2 2   3 3
110 157 4   0 0   1 1   2 2   3 3
110 334 4   0 0   1 1   2 2   3 3
111 260 4   0 0   1 1   2 2   3 3
111 171 4   0 0   1 1   2 2   3 3
111 348 4   0 0   1 1   2 2   3 3
111 303 4   0 0   1 1   2 2   3 3
112 211 4   0 0   1 1   2 2   3 3
112 217 4   0 0   1 1   2 2   3 3
112 218 4   0 0   1 1   2 2   3 3
112 142 4   0 0   1 1   2 2   3 3
113 226 4   0 0   1 1   2 2   3 3
113 163 4   0 0   1 1   2 2   3 3
113 281 4   0 0   1 1   2 2   3 3
113 121 4   0 0   1 1   2 2   3 3
114 208 4   0 0   1 1   2 2   3 3
114 379 4   0 0   1 1   2 2   3 3
114 367 4   0 0   1 1   2 2   3 3
115 129 4   0 0   1 1   2 2   3 3
115 149 4   0 0   1 1   2 2   3 3
115 261 4   0 0   1 1   2 2   3 3
116 198 4   0 0   1 1   2 2   3 3
116 347 4   0 0   1 1   2 2   3 3
116 303 4   0 0   1 1   2 2   3 3
117 177 4   0 0   1 1   2 2   3 3
117 227 4   0 0   1 1   2 2   3 3
117 164 4   0 0   1 1   2 2   3 3
117 388 4   0 0   1 1   2 2   3 3
117 346 4   0 0   1 1   2 2   3 3
118 260 4   0 0   1 1   2 2   3 3
118 294 4   0 0   1 1   2 2   3 3
118 329 4   0 0   1 1   2 2   3 3
118 286 4   0 0   1 1   2 2   3 3
119 384 4   0 0   1 1   2 2   3 3
119 386 4   0 0   1 1   2 2   3 3
119 307 4   0 0   1 1   2 2   3 3
119 362 4   0 0   1 1   2 2   3 3
120 352 4   0 0   1 1   2 2   3 3
120 290 4   0 0   1 1   2 2   3 3
120 166 4   0 0   1 1   2 2   3 3
120 343 4   0 0   1 1   2 2   3 3
120 332 4   0 0   1 1   2 2   3 3
121 136 4   0 0   1 1   2 2   3 3
121 281 4   0 0   1 1   2 2   3 3
122 258 4   0 0   1 1   2 2   3 3
122 197 4   0 0   1 1   2 2   3 3
122 358 4   0 0   1 1   2 2   3 3
122 151 4   0 0   1 1   2 2   3 3
123 288 4   0 0   1 1   2 2   3 3
123 209 4   0 0   1 1   2 2   3 3
123 188 4   0 0   1 1   2 2   3 3
124 196 4   0 0   1 1   2 2   3 3
124 150 4   0 0   1 1   2 2   3 3
124 358 4   0 0   1 1   2 2   3 3
124 138 4   0 0   1 1   2 2   3 3
125 217 4   0 0   1 1   2 2   3 3
125 218 4   0 0   1 1   2 2   3 3
125 383 4   0 0   1 1   2 2   3 3
126 210 4   0 0   1 1   2 2   3 3
126 169 4   0 0   1 1   2 2   3 3
126 383 4   0 0   1 1   2 2   3 3
127 321 4   0 0   1 1   2 2   3 3
127 269 4   0 0   1 1   2 2   3 3
127 190 4   0 0   1 1   2 2   3 3
127 206 4   0 0   1 1   2 2   3 3
127 318 4   0 0   1 1   2 2   3 3
128 256 4   0 0   1 1   2 2   3 3
128 242 4   0 0   1 1   2 2   3 3
128 312 4   0 0   1 1   2 2   3 3
128 299 4   0 0   1 1   2 2   3 3
128 366 4   0 0   1 1   2 2   3 3
129 280 4   0 0   1 1   2 2   3 3
129 237 4   0 0   1 1   2 2   3 3
130 257 4   0 0   1 1   2 2   3 3
130 195 4   0 0   1 1   2 2   3 3
130 183 4   0 0   1 1   2 2   3 3
130 139 4   0 0   1 1   2 2   3 3
131 340 4   0 0   1 1   2 2   3 3
131 245 4   0 0   1 1   2 2   3 3
131 330 4   0 0   1 1   2 2   3 3
131 351 4   0 0   1 1   2 2   3 3
132 336 4   0 0   1 1   2 2   3 3
132 320 4   0 0   1 1   2 2   3 3
132 326 4   0 0   1 1   2 2   3 3
132 267 4   0 0   1 1   2 2   3 3
132 316 4   0 0   1 1   2 2   3 3
133 323 4   0 0   1 1   2 2   3 3
133 167 4   0 0   1 1   2 2   3 3
133 365 4   0 0   1 1   2 2   3 3
133 334 4   0 0   1 1   2 2   3 3
133 238 4   0 0   1 1   2 2   3 3
134 368 4   0 0   1 1   2 2   3 3
134 147 4   0 0   1 1   2 2   3 3
134 262 4   0 0   1 1   2 2   3 3
134 311 4   0 0   1 1   2 2   3 3
134 173 4   0 0   1 1   2 2   3 3
135 305 4   0 0   1 1   2 2   3 3
135 318 4   0 0   1 1   2 2   3 3
136 226 4   0 0   1 1   2 2   3 3
136 371 4   0 0   1 1   2 2   3 3
136 281 4   0 0   1 1   2 2   3 3
136 172 4   0 0   1 1   2 2   3 3
137 274 4   0 0   1 1   2 2   3 3
137 345 4   0 0   1 1   2 2   3 3
137 331 4   0 0   1 1   2 2   3 3
137 207 4   0 0   1 1   2 2   3 3
138 244 4   0 0   1 1   2 2   3 3
138 358 4   0 0   1 1   2 2   3 3
138 236 4   0 0   1 1   2 2   3 3
138 317 4   0 0   1 1   2 2   3 3
139 257 4   0 0   1 1   2 2   3 3
139 263 4   0 0   1 1   2 2   3 3
139 265 4   0 0   1 1   2 2   3 3
139 255 4   0 0   1 1   2 2   3 3
140 389 4   0 0   1 1   2 2   3 3
140 378 4   0 0   1 1   2 2   3 3
140 367 4   0 0   1 1   2 2   3 3
140 143 4   0 0   1 1   2 2   3 3
141 144 4   0 0   1 1   2 2   3 3
141 216 4   0 0   1 1   2 2   3 3
142 218 4   0 0   1 1   2 2   3 3
142 270 4   0 0   1 1   2 2   3 3
143 208 4   0 0   1 1   2 2   3 3
143 378 4   0 0   1 1   2 2   3 3
143 367 4   0 0   1 1   2 2   3 3
144 194 4   0 0   1 1   2 2   3 3
144 216 4   0 0   1 1   2 2   3 3
145 336 4   0 0   1 1   2 2   3 3
145 213 4   0 0   1 1   2 2   3 3
145 343 4   0 0   1 1   2 2   3 3
145 328 4   0 0   1 1   2 2   3 3
146 181 4   0 0   1 1   2 2   3 3
146 205 4   0 0   1 1   2 2   3 3
147 262 4   0 0   1 1   2 2   3 3
147 310 4   0 0   1 1   2 2   3 3
147 279 4   0 0   1 1   2 2   3 3
147 311 4   0 0   1 1   2 2   3 3
147 200 4   0 0   1 1   2 2   3 3
147 365 4   0 0   1 1   2 2   3 3
147 271 4   0 0   1 1   2 2   3 3
148 384 4   0 0   1 1   2 2   3 3
148 293 4   0 0   1 1   2 2   3 3
148 215 4   0 0   1 1   2 2   3 3
148 344 4   0 0   1 1   2 2   3 3
148 253 4   0 0   1 1   2 2   3 3
149 177 4   0 0   1 1   2 2   3 3
149 388 4   0 0   1 1   2 2   3 3
149 261 4   0 0   1 1   2 2   3 3
149 220 4   0 0   1 1   2 2   3 3
150 358 4   0 0   1 1   2 2   3 3
150 283 4   0 0   1 1   2 2   3 3
151 385 4   0 0   1 1   2 2   3 3
151 197 4   0 0   1 1   2 2   3 3
151 230 4   0 0   1 1   2 2   3 3
151 231 4   0 0   1 1   2 2   3 3
151 201 4   0 0   1 1   2 2   3 3
152 182 4   0 0   1 1   2 2   3 3
152 375 4   0 0   1 1   2 2   3 3
152 249 4   0 0   1 1   2 2   3 3
152 330 4   0 0   1 1   2 2   3 3
152 349 4   0 0   1 1   2 2   3 3
152 159 4   0 0   1 1   2 2   3 3
153 272 4   0 0   1 1   2 2   3 3
153 242 4   0 0   1 1   2 2   3 3
153 312 4   0 0   1 1   2 2   3 3
153 251 4   0 0   1 1   2 2   3 3
154 352 4   0 0   1 1   2 2   3 3
154 320 4   0 0   1 1   2 2   3 3
154 306 4   0 0   1 1   2 2   3 3
154 291 4   0 0   1 1   2 2   3 3
154 180 4   0 0   1 1   2 2   3 3
154 376 4   0 0   1 1   2 2   3 3
154 332 4   0 0   1 1   2 2   3 3
154 316 4   0 0   1 1   2 2   3 3
155 276 4   0 0   1 1   2 2   3 3
155 234 4   0 0   1 1   2 2   3 3
155 284 4   0 0   1 1   2 2   3 3
156 341 4   0 0   1 1   2 2   3 3
156 378 4   0 0   1 1   2 2   3 3
156 158 4   0 0   1 1   2 2   3 3
156 239 4   0 0   1 1   2 2   3 3
157 193 4   0 0   1 1   2 2   3 3
157 372 4   0 0   1 1   2 2   3 3
157 167 4   0 0   1 1   2 2   3 3
157 184 4   0 0   1 1   2 2   3 3
157 334 4   0 0   1 1   2 2   3 3
158 341 4   0 0   1 1   2 2   3 3
158 173 4   0 0   1 1   2 2   3 3
159 330 4   0 0   1 1   2 2   3 3
159 187 4   0 0   1 1   2 2   3 3
160 320 4   0 0   1 1   2 2   3 3
160 326 4   0 0   1 1   2 2   3 3
160 376 4   0 0   1 1   2 2   3 3
161 338 4   0 0   1 1   2 2   3 3
161 299 4   0 0   1 1   2 2   3 3
161 172 4   0 0   1 1   2 2   3 3
161 366 4   0 0   1 1   2 2   3 3
161 207 4   0 0   1 1   2 2   3 3
162 178 4   0 0   1 1   2 2   3 3
162 231 4   0 0   1 1   2 2   3 3
162 201 4   0 0   1 1   2 2   3 3
162 204 4   0 0   1 1   2 2   3 3
162 317 4   0 0   1 1   2 2   3 3
163 226 4   0 0   1 1   2 2   3 3
163 379 4   0 0   1 1   2 2   3 3
164 289 4   0 0   1 1   2 2   3 3
164 241 4   0 0   1 1   2 2   3 3
164 297 4   0 0   1 1   2 2   3 3
164 346 4   0 0   1 1   2 2   3 3
165 214 4   0 0   1 1   2 2   3 3
165 199 4   0 0   1 1   2 2   3 3
165 315 4   0 0   1 1   2 2   3 3
166 193 4   0 0   1 1   2 2   3 3
166 290 4   0 0   1 1   2 2   3 3
167 193 4   0 0   1 1   2 2   3 3
167 306 4   0 0   1 1   2 2   3 3
167 334 4   0 0   1 1   2 2   3 3
167 238 4   0 0   1 1   2 2   3 3
168 225 4   0 0   1 1   2 2   3 3
168 247 4   0 0   1 1   2 2   3 3
168 237 4   0 0   1 1   2 2   3 3
168 222 4   0 0   1 1   2 2   3 3
168 223 4   0 0   1 1   2 2   3 3
169 304 4   0 0   1 1   2 2   3 3
169 210 4   0 0   1 1   2 2   3 3
169 339 4   0 0   1 1   2 2   3 3
169 174 4   0 0   1 1   2 2   3 3
170 274 4   0 0   1 1   2 2   3 3
170 371 4   0 0   1 1   2 2   3 3
170 345 4   0 0   1 1   2 2   3 3
171 295 4   0 0   1 1   2 2   3 3
171 189 4   0 0   1 1   2 2   3 3
171 286 4   0 0   1 1   2 2   3 3
171 303 4   0 0   1 1   2 2   3 3
172 226 4   0 0   1 1   2 2   3 3
172 338 4   0 0   1 1   2 2   3 3
172 247 4   0 0   1 1   2 2   3 3
173 368 4   0 0   1 1   2 2   3 3
173 341 4   0 0   1 1   2 2   3 3
173 262 4   0 0   1 1   2 2   3 3
173 271 4   0 0   1 1   2 2   3 3
174 210 4   0 0   1 1   2 2   3 3
174 222 4   0 0   1 1   2 2   3 3
175 277 4   0 0   1 1   2 2   3 3
175 325 4   0 0   1 1   2 2   3 3
175 214 4   0 0   1 1   2 2   3 3
175 282 4   0 0   1 1   2 2   3 3
176 279 4   0 0   1 1   2 2   3 3
176 365 4   0 0   1 1   2 2   3 3
176 334 4   0 0   1 1   2 2   3 3
177 227 4   0 0   1 1   2 2   3 3
177 388 4   0 0   1 1   2 2   3 3
177 219 4   0 0   1 1   2 2   3 3
177 220 4   0 0   1 1   2 2   3 3
178 369 4   0 0   1 1   2 2   3 3
178 209 4   0 0   1 1   2 2   3 3
178 231 4   0 0   1 1   2 2   3 3
178 250 4   0 0   1 1   2 2   3 3
178 317 4   0 0   1 1   2 2   3 3
179 291 4   0 0   1 1   2 2   3 3
179 180 4   0 0   1 1   2 2   3 3
179 232 4   0 0   1 1   2 2   3 3
179 202 4   0 0   1 1   2 2   3 3
180 306 4   0 0   1 1   2 2   3 3
180 200 4   0 0   1 1   2 2   3 3
180 202 4   0 0   1 1   2 2   3 3
180 238 4   0 0   1 1   2 2   3 3
180 271 4   0 0   1 1   2 2   3 3
181 205 4   0 0   1 1   2 2   3 3
181 350 4   0 0   1 1   2 2   3 3
182 192 4   0 0   1 1   2 2   3 3
182 355 4   0 0   1 1   2 2   3 3
182 357 4   0 0   1 1   2 2   3 3
182 249 4   0 0   1 1   2 2   3 3
182 235 4   0 0   1 1   2 2   3 3
182 349 4   0 0   1 1   2 2   3 3
183 257 4   0 0   1 1   2 2   3 3
183 195 4   0 0   1 1   2 2   3 3
183 246 4   0 0   1 1   2 2   3 3
183 377 4   0 0   1 1   2 2   3 3
183 187 4   0 0   1 1   2 2   3 3
184 372 4   0 0   1 1   2 2   3 3
184 314 4   0 0   1 1   2 2   3 3
184 364 4   0 0   1 1   2 2   3 3
185 225 4   0 0   1 1   2 2   3 3
185 309 4   0 0   1 1   2 2   3 3
185 326 4   0 0   1 1   2 2   3 3
185 248 4   0 0   1 1   2 2   3 3
185 379 4   0 0   1 1   2 2   3 3
185 223 4   0 0   1 1   2 2   3 3
185 367 4   0 0   1 1   2 2   3 3
186 278 4   0 0   1 1   2 2   3 3
186 203 4   0 0   1 1   2 2   3 3
187 246 4   0 0   1 1   2 2   3 3
187 377 4   0 0   1 1   2 2   3 3
188 288 4   0 0   1 1   2 2   3 3
188 337 4   0 0   1 1   2 2   3 3
188 357 4   0 0   1 1   2 2   3 3
188 360 4   0 0   1 1   2 2   3 3
188 361 4   0 0   1 1   2 2   3 3
188 333 4   0 0   1 1   2 2   3 3
189 293 4   0 0   1 1   2 2   3 3
189 263 4   0 0   1 1   2 2   3 3
189 295 4   0 0   1 1   2 2   3 3
189 313 4   0 0   1 1   2 2   3 3
189 286 4   0 0   1 1   2 2   3 3
189 303 4   0 0   1 1   2 2   3 3
190 385 4   0 0   1 1   2 2   3 3
190 212 4   0 0   1 1   2 2   3 3
190 269 4   0 0   1 1   2 2   3 3
190 206 4   0 0   1 1   2 2   3 3
191 342 4   0 0   1 1   2 2   3 3
191 215 4   0 0   1 1   2 2   3 3
191 313 4   0 0   1 1   2 2   3 3
192 355 4   0 0   1 1   2 2   3 3
192 360 4   0 0   1 1   2 2   3 3
192 361 4   0 0   1 1   2 2   3 3
192 219 4   0 0   1 1   2 2   3 3
193 352 4   0 0   1 1   2 2   3 3
193 290 4   0 0   1 1   2 2   3 3
193 306 4   0 0   1 1   2 2   3 3
194 292 4   0 0   1 1   2 2   3 3
194 277 4   0 0   1 1   2 2   3 3
194 319 4   0 0   1 1   2 2   3 3
195 289 4   0 0   1 1   2 2   3 3
195 275 4   0 0   1 1   2 2   3 3
195 246 4   0 0   1 1   2 2   3 3
195 327 4   0 0   1 1   2 2   3 3
196 198 4   0 0   1 1   2 2   3 3
196 347 4   0 0   1 1   2 2   3 3
197 258 4   0 0   1 1   2 2   3 3
197 230 4   0 0   1 1   2 2   3 3
198 283 4   0 0   1 1   2 2   3 3
198 347 4   0 0   1 1   2 2   3 3
198 348 4   0 0   1 1   2 2   3 3
198 303 4   0 0   1 1   2 2   3 3
199 353 4   0 0   1 1   2 2   3 3
199 214 4   0 0   1 1   2 2   3 3
199 315 4   0 0   1 1   2 2   3 3
200 323 4   0 0   1 1   2 2   3 3
200 365 4   0 0   1 1   2 2   3 3
200 238 4   0 0   1 1   2 2   3 3
200 271 4   0 0   1 1   2 2   3 3
201 231 4   0 0   1 1   2 2   3 3
202 341 4   0 0   1 1   2 2   3 3
202 232 4   0 0   1 1   2 2   3 3
202 271 4   0 0   1 1   2 2   3 3
203 322 4   0 0   1 1   2 2   3 3
203 278 4   0 0   1 1   2 2   3 3
203 300 4   0 0   1 1   2 2   3 3
203 335 4   0 0   1 1   2 2   3 3
204 236 4   0 0   1 1   2 2   3 3
204 317 4   0 0   1 1   2 2   3 3
205 363 4   0 0   1 1   2 2   3 3
206 385 4   0 0   1 1   2 2   3 3
206 305 4   0 0   1 1   2 2   3 3
207 338 4   0 0   1 1   2 2   3 3
207 331 4   0 0   1 1   2 2   3 3
208 367 4   0 0   1 1   2 2   3 3
209 288 4   0 0   1 1   2 2   3 3
209 369 4   0 0   1 1   2 2   3 3
210 272 4   0 0   1 1   2 2   3 3
210 251 4   0 0   1 1   2 2   3 3
210 222 4   0 0   1 1   2 2   3 3
210 383 4   0 0   1 1   2 2   3 3
211 382 4   0 0   1 1   2 2   3 3
212 385 4   0 0   1 1   2 2   3 3
212 230 4   0 0   1 1   2 2   3 3
212 269 4   0 0   1 1   2 2   3 3
213 241 4   0 0   1 1   2 2   3 3
213 388 4   0 0   1 1   2 2   3 3
213 314 4   0 0   1 1   2 2   3 3
213 364 4   0 0   1 1   2 2   3 3
214 353 4   0 0   1 1   2 2   3 3
214 325 4   0 0   1 1   2 2   3 3
215 342 4   0 0   1 1   2 2   3 3
215 344 4   0 0   1 1   2 2   3 3
215 313 4   0 0   1 1   2 2   3 3
216 308 4   0 0   1 1   2 2   3 3
217 218 4   0 0   1 1   2 2   3 3
217 285 4   0 0   1 1   2 2   3 3
218 298 4   0 0   1 1   2 2   3 3
218 270 4   0 0   1 1   2 2   3 3
219 370 4   0 0   1 1   2 2   3 3
219 227 4   0 0   1 1   2 2   3 3
219 220 4   0 0   1 1   2 2   3 3
221 289 4   0 0   1 1   2 2   3 3
221 278 4   0 0   1 1   2 2   3 3
221 265 4   0 0   1 1   2 2   3 3
221 297 4   0 0   1 1   2 2   3 3
221 300 4   0 0   1 1   2 2   3 3
222 247 4   0 0   1 1   2 2   3 3
222 251 4   0 0   1 1   2 2   3 3
222 237 4   0 0   1 1   2 2   3 3
223 225 4   0 0   1 1   2 2   3 3
223 309 4   0 0   1 1   2 2   3 3
223 248 4   0 0   1 1   2 2   3 3
223 237 4   0 0   1 1   2 2   3 3
224 291 4   0 0   1 1   2 2   3 3
224 376 4   0 0   1 1   2 2   3 3
224 239 4   0 0   1 1   2 2   3 3
225 226 4   0 0   1 1   2 2   3 3
225 247 4   0 0   1 1   2 2   3 3
225 248 4   0 0   1 1   2 2   3 3
225 379 4   0 0   1 1   2 2   3 3
226 247 4   0 0   1 1   2 2   3 3
226 281 4   0 0   1 1   2 2   3 3
226 379 4   0 0   1 1   2 2   3 3
227 289 4   0 0   1 1   2 2   3 3
227 370 4   0 0   1 1   2 2   3 3
227 275 4   0 0   1 1   2 2   3 3
227 327 4   0 0   1 1   2 2   3 3
227 346 4   0 0   1 1   2 2   3 3
228 264 4   0 0   1 1   2 2   3 3
228 266 4   0 0   1 1   2 2   3 3
228 254 4   0 0   1 1   2 2   3 3
229 233 4   0 0   1 1   2 2   3 3
229 335 4   0 0   1 1   2 2   3 3
230 385 4   0 0   1 1   2 2   3 3
231 369 4   0 0   1 1   2 2   3 3
231 363 4   0 0   1 1   2 2   3 3
232 291 4   0 0   1 1   2 2   3 3
233 324 4   0 0   1 1   2 2   3 3
233 266 4   0 0   1 1   2 2   3 3
234 276 4   0 0   1 1   2 2   3 3
234 284 4   0 0   1 1   2 2   3 3
235 357 4   0 0   1 1   2 2   3 3
235 250 4   0 0   1 1   2 2   3 3
235 349 4   0 0   1 1   2 2   3 3
235 351 4   0 0   1 1   2 2   3 3
236 358 4   0 0   1 1   2 2   3 3
236 317 4   0 0   1 1   2 2   3 3
237 309 4   0 0   1 1   2 2   3 3
237 280 4   0 0   1 1   2 2   3 3
238 306 4   0 0   1 1   2 2   3 3
238 323 4   0 0   1 1   2 2   3 3
239 291 4   0 0   1 1   2 2   3 3
239 378 4   0 0   1 1   2 2   3 3
240 322 4   0 0   1 1   2 2   3 3
240 356 4   0 0   1 1   2 2   3 3
240 282 4   0 0   1 1   2 2   3 3
241 243 4   0 0   1 1   2 2   3 3
241 297 4   0 0   1 1   2 2   3 3
241 314 4   0 0   1 1   2 2   3 3
242 272 4   0 0   1 1   2 2   3 3
242 256 4   0 0   1 1   2 2   3 3
242 312 4   0 0   1 1   2 2   3 3
242 285 4   0 0   1 1   2 2   3 3
243 297 4   0 0   1 1   2 2   3 3
243 314 4   0 0   1 1   2 2   3 3
244 340 4   0 0   1 1   2 2   3 3
245 340 4   0 0   1 1   2 2   3 3
245 377 4   0 0   1 1   2 2   3 3
245 302 4   0 0   1 1   2 2   3 3
246 327 4   0 0   1 1   2 2   3 3
247 251 4   0 0   1 1   2 2   3 3
249 370 4   0 0   1 1   2 2   3 3
249 375 4   0 0   1 1   2 2   3 3
250 340 4   0 0   1 1   2 2   3 3
250 357 4   0 0   1 1   2 2   3 3
250 317 4   0 0   1 1   2 2   3 3
250 351 4   0 0   1 1   2 2   3 3
251 272 4   0 0   1 1   2 2   3 3
252 337 4   0 0   1 1   2 2   3 3
252 333 4   0 0   1 1   2 2   3 3
253 384 4   0 0   1 1   2 2   3 3
254 324 4   0 0   1 1   2 2   3 3
254 266 4   0 0   1 1   2 2   3 3
254 268 4   0 0   1 1   2 2   3 3
255 265 4   0 0   1 1   2 2   3 3
256 285 4   0 0   1 1   2 2   3 3
256 381 4   0 0   1 1   2 2   3 3
257 263 4   0 0   1 1   2 2   3 3
258 358 4   0 0   1 1   2 2   3 3
258 301 4   0 0   1 1   2 2   3 3
259 293 4   0 0   1 1   2 2   3 3
260 286 4   0 0   1 1   2 2   3 3
261 388 4   0 0   1 1   2 2   3 3
262 271 4   0 0   1 1   2 2   3 3
263 293 4   0 0   1 1   2 2   3 3
263 265 4   0 0   1 1   2 2   3 3
263 303 4   0 0   1 1   2 2   3 3
264 273 4   0 0   1 1   2 2   3 3
264 315 4   0 0   1 1   2 2   3 3
265 293 4   0 0   1 1   2 2   3 3
265 278 4   0 0   1 1   2 2   3 3
266 273 4   0 0   1 1   2 2   3 3
266 324 4   0 0   1 1   2 2   3 3
267 336 4   0 0   1 1   2 2   3 3
267 326 4   0 0   1 1   2 2   3 3
267 328 4   0 0   1 1   2 2   3 3
268 307 4   0 0   1 1   2 2   3 3
268 324 4   0 0   1 1   2 2   3 3
269 321 4   0 0   1 1   2 2   3 3
270 387 4   0 0   1 1   2 2   3 3
270 298 4   0 0   1 1   2 2   3 3
270 333 4   0 0   1 1   2 2   3 3
271 341 4   0 0   1 1   2 2   3 3
272 383 4   0 0   1 1   2 2   3 3
273 315 4   0 0   1 1   2 2   3 3
274 371 4   0 0   1 1   2 2   3 3
274 345 4   0 0   1 1   2 2   3 3
274 331 4   0 0   1 1   2 2   3 3
275 289 4   0 0   1 1   2 2   3 3
275 327 4   0 0   1 1   2 2   3 3
276 362 4   0 0   1 1   2 2   3 3
276 284 4   0 0   1 1   2 2   3 3
277 292 4   0 0   1 1   2 2   3 3
277 359 4   0 0   1 1   2 2   3 3
278 300 4   0 0   1 1   2 2   3 3
279 310 4   0 0   1 1   2 2   3 3
279 365 4   0 0   1 1   2 2   3 3
280 309 4   0 0   1 1   2 2   3 3
282 322 4   0 0   1 1   2 2   3 3
283 348 4   0 0   1 1   2 2   3 3
284 362 4   0 0   1 1   2 2   3 3
285 382 4   0 0   1 1   2 2   3 3
285 287 4   0 0   1 1   2 2   3 3
286 313 4   0 0   1 1   2 2   3 3
286 329 4   0 0   1 1   2 2   3 3
287 354 4   0 0   1 1   2 2   3 3
287 381 4   0 0   1 1   2 2   3 3
287 382 4   0 0   1 1   2 2   3 3
288 369 4   0 0   1 1   2 2   3 3
288 374 4   0 0   1 1   2 2   3 3
288 333 4   0 0   1 1   2 2   3 3
289 297 4   0 0   1 1   2 2   3 3
289 346 4   0 0   1 1   2 2   3 3
290 352 4   0 0   1 1   2 2   3 3
291 376 4   0 0   1 1   2 2   3 3
292 359 4   0 0   1 1   2 2   3 3
293 344 4   0 0   1 1   2 2   3 3
293 313 4   0 0   1 1   2 2   3 3
294 342 4   0 0   1 1   2 2   3 3
294 329 4   0 0   1 1   2 2   3 3
295 303 4   0 0   1 1   2 2   3 3
296 369 4   0 0   1 1   2 2   3 3
296 374 4   0 0   1 1   2 2   3 3
296 363 4   0 0   1 1   2 2   3 3
298 333 4   0 0   1 1   2 2   3 3
299 366 4   0 0   1 1   2 2   3 3
300 322 4   0 0   1 1   2 2   3 3
302 377 4   0 0   1 1   2 2   3 3
303 348 4   0 0   1 1   2 2   3 3
304 339 4   0 0   1 1   2 2   3 3
306 352 4   0 0   1 1   2 2   3 3
307 384 4   0 0   1 1   2 2   3 3
307 386 4   0 0   1 1   2 2   3 3
310 311 4   0 0   1 1   2 2   3 3
311 368 4   0 0   1 1   2 2   3 3
313 342 4   0 0   1 1   2 2   3 3
313 344 4   0 0   1 1   2 2   3 3
313 329 4   0 0   1 1   2 2   3 3
314 364 4   0 0   1 1   2 2   3 3
315 353 4   0 0   1 1   2 2   3 3
316 336 4   0 0   1 1   2 2   3 3
316 320 4   0 0   1 1   2 2   3 3
316 332 4   0 0   1 1   2 2   3 3
319 353 4   0 0   1 1   2 2   3 3
319 325 4   0 0   1 1   2 2   3 3
320 326 4   0 0   1 1   2 2   3 3
320 376 4   0 0   1 1   2 2   3 3
322 356 4   0 0   1 1   2 2   3 3
322 335 4   0 0   1 1   2 2   3 3
323 365 4   0 0   1 1   2 2   3 3
325 353 4   0 0   1 1   2 2   3 3
326 389 4   0 0   1 1   2 2   3 3
326 328 4   0 0   1 1   2 2   3 3
326 367 4   0 0   1 1   2 2   3 3
327 370 4   0 0   1 1   2 2   3 3
327 375 4   0 0   1 1   2 2   3 3
328 336 4   0 0   1 1   2 2   3 3
329 342 4   0 0   1 1   2 2   3 3
330 349 4   0 0   1 1   2 2   3 3
330 351 4   0 0   1 1   2 2   3 3
331 338 4   0 0   1 1   2 2   3 3
331 371 4   0 0   1 1   2 2   3 3
332 352 4   0 0   1 1   2 2   3 3
332 336 4   0 0   1 1   2 2   3 3
332 343 4   0 0   1 1   2 2   3 3
333 337 4   0 0   1 1   2 2   3 3
333 387 4   0 0   1 1   2 2   3 3
333 374 4   0 0   1 1   2 2   3 3
334 365 4   0 0   1 1   2 2   3 3
335 356 4   0 0   1 1   2 2   3 3
336 343 4   0 0   1 1   2 2   3 3
337 360 4   0 0   1 1   2 2   3 3
340 351 4   0 0   1 1   2 2   3 3
349 351 4   0 0   1 1   2 2   3 3
354 381 4   0 0   1 1   2 2   3 3
355 357 4   0 0   1 1   2 2   3 3
355 361 4   0 0   1 1   2 2   3 3
357 361 4   0 0   1 1   2 2   3 3
360 361 4   0 0   1 1   2 2   3 3
363 369 4   0 0   1 1   2 2   3 3
364 372 4   0 0   1 1   2 2   3 3
367 389 4   0 0   1 1   2 2   3 3
367 379 4   0 0   1 1   2 2   3 3
369 374 4   0 0   1 1   2 2   3 3
370 375 4   0 0   1 1   2 2   3 3
373 387 4   0 0   1 1   2 2   3 3
374 387 4   0 0   1 1   2 2   3 3
380 381 4   0 0   1 1   2 2   3 3
