354
1 4 0 1 2 3
2 4 0 1 2 3
3 4 0 1 2 3
4 4 0 1 2 3
5 4 0 1 2 3
6 4 0 1 2 3
7 4 0 1 2 3
8 4 0 1 2 3
9 4 0 1 2 3
10 4 0 1 2 3
11 4 0 1 2 3
12 4 0 1 2 3
13 4 0 1 2 3
14 4 0 1 2 3
15 4 0 1 2 3
16 4 0 1 2 3
17 4 0 1 2 3
18 4 0 1 2 3
19 4 0 1 2 3
20 4 0 1 2 3
21 4 0 1 2 3
22 4 0 1 2 3
23 4 0 1 2 3
24 4 0 1 2 3
25 4 0 1 2 3
26 4 0 1 2 3
27 4 0 1 2 3
28 4 0 1 2 3
29 4 0 1 2 3
30 4 0 1 2 3
31 4 0 1 2 3
32 4 0 1 2 3
33 4 0 1 2 3
34 4 0 1 2 3
35 4 0 1 2 3
36 4 0 1 2 3
37 4 0 1 2 3
38 4 0 1 2 3
39 4 0 1 2 3
40 4 0 1 2 3
41 4 0 1 2 3
42 4 0 1 2 3
43 4 0 1 2 3
44 4 0 1 2 3
45 4 0 1 2 3
46 4 0 1 2 3
47 4 0 1 2 3
48 4 0 1 2 3
49 4 0 1 2 3
50 4 0 1 2 3
51 4 0 1 2 3
52 4 0 1 2 3
53 4 0 1 2 3
54 4 0 1 2 3
55 4 0 1 2 3
56 4 0 1 2 3
57 4 0 1 2 3
58 4 0 1 2 3
59 4 0 1 2 3
60 4 0 1 2 3
61 4 0 1 2 3
62 4 0 1 2 3
63 4 0 1 2 3
64 4 0 1 2 3
65 4 0 1 2 3
66 4 0 1 2 3
67 4 0 1 2 3
68 4 0 1 2 3
69 4 0 1 2 3
70 4 0 1 2 3
71 4 0 1 2 3
72 4 0 1 2 3
73 4 0 1 2 3
74 4 0 1 2 3
75 4 0 1 2 3
76 4 0 1 2 3
77 4 0 1 2 3
78 4 0 1 2 3
79 4 0 1 2 3
80 4 0 1 2 3
81 4 0 1 2 3
82 4 0 1 2 3
83 4 0 1 2 3
84 4 0 1 2 3
85 4 0 1 2 3
86 4 0 1 2 3
87 4 0 1 2 3
88 4 0 1 2 3
89 4 0 1 2 3
90 4 0 1 2 3
91 4 0 1 2 3
92 4 0 1 2 3
93 4 0 1 2 3
94 4 0 1 2 3
95 4 0 1 2 3
96 4 0 1 2 3
97 4 0 1 2 3
98 4 0 1 2 3
99 4 0 1 2 3
100 4 0 1 2 3
101 4 0 1 2 3
102 4 0 1 2 3
103 4 0 1 2 3
104 4 0 1 2 3
105 4 0 1 2 3
106 4 0 1 2 3
107 4 0 1 2 3
108 4 0 1 2 3
109 4 0 1 2 3
110 4 0 1 2 3
111 4 0 1 2 3
112 4 0 1 2 3
113 4 0 1 2 3
114 4 0 1 2 3
115 4 0 1 2 3
116 4 0 1 2 3
117 4 0 1 2 3
118 4 0 1 2 3
119 4 0 1 2 3
120 4 0 1 2 3
121 4 0 1 2 3
122 4 0 1 2 3
123 4 0 1 2 3
124 4 0 1 2 3
125 4 0 1 2 3
126 4 0 1 2 3
127 4 0 1 2 3
128 4 0 1 2 3
129 4 0 1 2 3
130 4 0 1 2 3
131 4 0 1 2 3
132 4 0 1 2 3
133 4 0 1 2 3
134 4 0 1 2 3
135 4 0 1 2 3
136 4 0 1 2 3
137 4 0 1 2 3
138 4 0 1 2 3
139 4 0 1 2 3
140 4 0 1 2 3
141 4 0 1 2 3
142 4 0 1 2 3
143 4 0 1 2 3
144 4 0 1 2 3
145 4 0 1 2 3
146 4 0 1 2 3
147 4 0 1 2 3
148 4 0 1 2 3
149 4 0 1 2 3
150 4 0 1 2 3
151 4 0 1 2 3
152 4 0 1 2 3
153 4 0 1 2 3
154 4 0 1 2 3
155 4 0 1 2 3
156 4 0 1 2 3
157 4 0 1 2 3
158 4 0 1 2 3
159 4 0 1 2 3
160 4 0 1 2 3
161 4 0 1 2 3
162 4 0 1 2 3
163 4 0 1 2 3
164 4 0 1 2 3
165 4 0 1 2 3
166 4 0 1 2 3
167 4 0 1 2 3
168 4 0 1 2 3
169 4 0 1 2 3
170 4 0 1 2 3
171 4 0 1 2 3
172 4 0 1 2 3
173 4 0 1 2 3
174 4 0 1 2 3
175 4 0 1 2 3
176 4 0 1 2 3
177 4 0 1 2 3
178 4 0 1 2 3
179 4 0 1 2 3
180 4 0 1 2 3
181 4 0 1 2 3
182 4 0 1 2 3
183 4 0 1 2 3
184 4 0 1 2 3
185 4 0 1 2 3
186 4 0 1 2 3
187 4 0 1 2 3
188 4 0 1 2 3
189 4 0 1 2 3
190 4 0 1 2 3
191 4 0 1 2 3
192 4 0 1 2 3
193 4 0 1 2 3
194 4 0 1 2 3
195 4 0 1 2 3
196 4 0 1 2 3
197 4 0 1 2 3
198 4 0 1 2 3
199 4 0 1 2 3
200 4 0 1 2 3
201 4 0 1 2 3
202 4 0 1 2 3
203 4 0 1 2 3
204 4 0 1 2 3
205 4 0 1 2 3
206 4 0 1 2 3
207 4 0 1 2 3
208 4 0 1 2 3
209 4 0 1 2 3
210 4 0 1 2 3
211 4 0 1 2 3
212 4 0 1 2 3
213 4 0 1 2 3
214 4 0 1 2 3
215 4 0 1 2 3
216 4 0 1 2 3
217 4 0 1 2 3
218 4 0 1 2 3
219 4 0 1 2 3
220 4 0 1 2 3
221 4 0 1 2 3
222 4 0 1 2 3
223 4 0 1 2 3
224 4 0 1 2 3
225 4 0 1 2 3
226 4 0 1 2 3
227 4 0 1 2 3
228 4 0 1 2 3
229 4 0 1 2 3
230 4 0 1 2 3
231 4 0 1 2 3
232 4 0 1 2 3
233 4 0 1 2 3
234 4 0 1 2 3
235 4 0 1 2 3
236 4 0 1 2 3
237 4 0 1 2 3
238 4 0 1 2 3
239 4 0 1 2 3
240 4 0 1 2 3
241 4 0 1 2 3
242 4 0 1 2 3
243 4 0 1 2 3
244 4 0 1 2 3
245 4 0 1 2 3
246 4 0 1 2 3
247 4 0 1 2 3
248 4 0 1 2 3
249 4 0 1 2 3
250 4 0 1 2 3
251 4 0 1 2 3
252 4 0 1 2 3
253 4 0 1 2 3
254 4 0 1 2 3
255 4 0 1 2 3
256 4 0 1 2 3
257 4 0 1 2 3
258 4 0 1 2 3
259 4 0 1 2 3
260 4 0 1 2 3
261 4 0 1 2 3
262 4 0 1 2 3
263 4 0 1 2 3
264 4 0 1 2 3
265 4 0 1 2 3
266 4 0 1 2 3
267 4 0 1 2 3
268 4 0 1 2 3
269 4 0 1 2 3
270 4 0 1 2 3
271 4 0 1 2 3
272 4 0 1 2 3
273 4 0 1 2 3
274 4 0 1 2 3
275 4 0 1 2 3
276 4 0 1 2 3
277 4 0 1 2 3
278 4 0 1 2 3
279 4 0 1 2 3
280 4 0 1 2 3
281 4 0 1 2 3
282 4 0 1 2 3
283 4 0 1 2 3
284 4 0 1 2 3
285 4 0 1 2 3
286 4 0 1 2 3
287 4 0 1 2 3
288 4 0 1 2 3
289 4 0 1 2 3
290 4 0 1 2 3
291 4 0 1 2 3
292 4 0 1 2 3
293 4 0 1 2 3
294 4 0 1 2 3
295 4 0 1 2 3
296 4 0 1 2 3
297 4 0 1 2 3
298 4 0 1 2 3
299 4 0 1 2 3
300 4 0 1 2 3
301 4 0 1 2 3
302 4 0 1 2 3
303 4 0 1 2 3
304 4 0 1 2 3
305 4 0 1 2 3
306 4 0 1 2 3
307 4 0 1 2 3
308 4 0 1 2 3
309 4 0 1 2 3
310 4 0 1 2 3
311 4 0 1 2 3
312 4 0 1 2 3
313 4 0 1 2 3
314 4 0 1 2 3
315 4 0 1 2 3
316 4 0 1 2 3
317 4 0 1 2 3
318 4 0 1 2 3
319 4 0 1 2 3
320 4 0 1 2 3
321 4 0 1 2 3
322 4 0 1 2 3
323 4 0 1 2 3
324 4 0 1 2 3
325 4 0 1 2 3
326 4 0 1 2 3
327 4 0 1 2 3
328 4 0 1 2 3
329 4 0 1 2 3
330 4 0 1 2 3
331 4 0 1 2 3
332 4 0 1 2 3
333 4 0 1 2 3
334 4 0 1 2 3
335 4 0 1 2 3
336 4 0 1 2 3
337 4 0 1 2 3
338 4 0 1 2 3
339 4 0 1 2 3
340 4 0 1 2 3
341 4 0 1 2 3
342 4 0 1 2 3
343 4 0 1 2 3
344 4 0 1 2 3
345 4 0 1 2 3
346 4 0 1 2 3
347 4 0 1 2 3
348 4 0 1 2 3
349 4 0 1 2 3
350 4 0 1 2 3
351 4 0 1 2 3
352 4 0 1 2 3
353 4 0 1 2 3
354 4 0 1 2 3
989
1 133 4   0 0   1 1   2 2   3 3
1 135 4   0 0   1 1   2 2   3 3
1 71 4   0 0   1 1   2 2   3 3
1 330 4   0 0   1 1   2 2   3 3
2 336 4   0 0   1 1   2 2   3 3
2 326 4   0 0   1 1   2 2   3 3
2 312 4   0 0   1 1   2 2   3 3
2 123 4   0 0   1 1   2 2   3 3
2 109 4   0 0   1 1   2 2   3 3
3 144 4   0 0   1 1   2 2   3 3
3 49 4   0 0   1 1   2 2   3 3
3 214 4   0 0   1 1   2 2   3 3
3 233 4   0 0   1 1   2 2   3 3
3 300 4   0 0   1 1   2 2   3 3
4 307 4   0 0   1 1   2 2   3 3
4 324 4   0 0   1 1   2 2   3 3
4 6 4   0 0   1 1   2 2   3 3
4 87 4   0 0   1 1   2 2   3 3
4 205 4   0 0   1 1   2 2   3 3
4 287 4   0 0   1 1   2 2   3 3
5 208 4   0 0   1 1   2 2   3 3
5 99 4   0 0   1 1   2 2   3 3
5 341 4   0 0   1 1   2 2   3 3
5 344 4   0 0   1 1   2 2   3 3
5 189 4   0 0   1 1   2 2   3 3
5 142 4   0 0   1 1   2 2   3 3
6 307 4   0 0   1 1   2 2   3 3
6 212 4   0 0   1 1   2 2   3 3
6 23 4   0 0   1 1   2 2   3 3
6 301 4   0 0   1 1   2 2   3 3
6 287 4   0 0   1 1   2 2   3 3
7 308 4   0 0   1 1   2 2   3 3
7 311 4   0 0   1 1   2 2   3 3
7 104 4   0 0   1 1   2 2   3 3
7 331 4   0 0   1 1   2 2   3 3
7 236 4   0 0   1 1   2 2   3 3
8 133 4   0 0   1 1   2 2   3 3
8 217 4   0 0   1 1   2 2   3 3
8 187 4   0 0   1 1   2 2   3 3
9 323 4   0 0   1 1   2 2   3 3
9 308 4   0 0   1 1   2 2   3 3
9 198 4   0 0   1 1   2 2   3 3
9 311 4   0 0   1 1   2 2   3 3
9 237 4   0 0   1 1   2 2   3 3
9 223 4   0 0   1 1   2 2   3 3
10 81 4   0 0   1 1   2 2   3 3
10 86 4   0 0   1 1   2 2   3 3
10 105 4   0 0   1 1   2 2   3 3
10 218 4   0 0   1 1   2 2   3 3
10 90 4   0 0   1 1   2 2   3 3
10 75 4   0 0   1 1   2 2   3 3
10 109 4   0 0   1 1   2 2   3 3
10 62 4   0 0   1 1   2 2   3 3
11 85 4   0 0   1 1   2 2   3 3
11 280 4   0 0   1 1   2 2   3 3
11 316 4   0 0   1 1   2 2   3 3
11 108 4   0 0   1 1   2 2   3 3
11 220 4   0 0   1 1   2 2   3 3
11 94 4   0 0   1 1   2 2   3 3
11 239 4   0 0   1 1   2 2   3 3
11 351 4   0 0   1 1   2 2   3 3
11 79 4   0 0   1 1   2 2   3 3
12 240 4   0 0   1 1   2 2   3 3
12 81 4   0 0   1 1   2 2   3 3
12 342 4   0 0   1 1   2 2   3 3
12 75 4   0 0   1 1   2 2   3 3
12 124 4   0 0   1 1   2 2   3 3
12 206 4   0 0   1 1   2 2   3 3
13 177 4   0 0   1 1   2 2   3 3
13 194 4   0 0   1 1   2 2   3 3
13 327 4   0 0   1 1   2 2   3 3
13 169 4   0 0   1 1   2 2   3 3
13 347 4   0 0   1 1   2 2   3 3
13 271 4   0 0   1 1   2 2   3 3
13 31 4   0 0   1 1   2 2   3 3
14 80 4   0 0   1 1   2 2   3 3
14 314 4   0 0   1 1   2 2   3 3
14 139 4   0 0   1 1   2 2   3 3
14 93 4   0 0   1 1   2 2   3 3
14 221 4   0 0   1 1   2 2   3 3
14 142 4   0 0   1 1   2 2   3 3
15 321 4   0 0   1 1   2 2   3 3
15 36 4   0 0   1 1   2 2   3 3
15 39 4   0 0   1 1   2 2   3 3
15 200 4   0 0   1 1   2 2   3 3
16 113 4   0 0   1 1   2 2   3 3
16 210 4   0 0   1 1   2 2   3 3
16 213 4   0 0   1 1   2 2   3 3
16 55 4   0 0   1 1   2 2   3 3
16 235 4   0 0   1 1   2 2   3 3
16 127 4   0 0   1 1   2 2   3 3
17 128 4   0 0   1 1   2 2   3 3
17 115 4   0 0   1 1   2 2   3 3
17 51 4   0 0   1 1   2 2   3 3
17 69 4   0 0   1 1   2 2   3 3
17 56 4   0 0   1 1   2 2   3 3
17 154 4   0 0   1 1   2 2   3 3
17 351 4   0 0   1 1   2 2   3 3
18 48 4   0 0   1 1   2 2   3 3
18 226 4   0 0   1 1   2 2   3 3
18 150 4   0 0   1 1   2 2   3 3
18 25 4   0 0   1 1   2 2   3 3
18 141 4   0 0   1 1   2 2   3 3
19 211 4   0 0   1 1   2 2   3 3
19 282 4   0 0   1 1   2 2   3 3
19 219 4   0 0   1 1   2 2   3 3
19 92 4   0 0   1 1   2 2   3 3
19 45 4   0 0   1 1   2 2   3 3
20 96 4   0 0   1 1   2 2   3 3
20 227 4   0 0   1 1   2 2   3 3
20 68 4   0 0   1 1   2 2   3 3
20 244 4   0 0   1 1   2 2   3 3
20 136 4   0 0   1 1   2 2   3 3
20 42 4   0 0   1 1   2 2   3 3
20 348 4   0 0   1 1   2 2   3 3
21 354 4   0 0   1 1   2 2   3 3
21 213 4   0 0   1 1   2 2   3 3
21 262 4   0 0   1 1   2 2   3 3
21 135 4   0 0   1 1   2 2   3 3
21 71 4   0 0   1 1   2 2   3 3
21 232 4   0 0   1 1   2 2   3 3
21 174 4   0 0   1 1   2 2   3 3
22 304 4   0 0   1 1   2 2   3 3
22 272 4   0 0   1 1   2 2   3 3
22 338 4   0 0   1 1   2 2   3 3
22 325 4   0 0   1 1   2 2   3 3
22 331 4   0 0   1 1   2 2   3 3
22 155 4   0 0   1 1   2 2   3 3
22 236 4   0 0   1 1   2 2   3 3
23 307 4   0 0   1 1   2 2   3 3
23 212 4   0 0   1 1   2 2   3 3
23 216 4   0 0   1 1   2 2   3 3
23 232 4   0 0   1 1   2 2   3 3
23 302 4   0 0   1 1   2 2   3 3
23 143 4   0 0   1 1   2 2   3 3
24 87 4   0 0   1 1   2 2   3 3
24 153 4   0 0   1 1   2 2   3 3
24 282 4   0 0   1 1   2 2   3 3
24 45 4   0 0   1 1   2 2   3 3
25 305 4   0 0   1 1   2 2   3 3
25 226 4   0 0   1 1   2 2   3 3
25 150 4   0 0   1 1   2 2   3 3
26 290 4   0 0   1 1   2 2   3 3
26 98 4   0 0   1 1   2 2   3 3
26 119 4   0 0   1 1   2 2   3 3
26 152 4   0 0   1 1   2 2   3 3
26 265 4   0 0   1 1   2 2   3 3
26 173 4   0 0   1 1   2 2   3 3
26 30 4   0 0   1 1   2 2   3 3
27 35 4   0 0   1 1   2 2   3 3
27 165 4   0 0   1 1   2 2   3 3
27 54 4   0 0   1 1   2 2   3 3
27 231 4   0 0   1 1   2 2   3 3
27 106 4   0 0   1 1   2 2   3 3
27 138 4   0 0   1 1   2 2   3 3
27 29 4   0 0   1 1   2 2   3 3
27 334 4   0 0   1 1   2 2   3 3
28 82 4   0 0   1 1   2 2   3 3
28 166 4   0 0   1 1   2 2   3 3
28 333 4   0 0   1 1   2 2   3 3
28 285 4   0 0   1 1   2 2   3 3
29 149 4   0 0   1 1   2 2   3 3
29 165 4   0 0   1 1   2 2   3 3
29 184 4   0 0   1 1   2 2   3 3
29 106 4   0 0   1 1   2 2   3 3
30 32 4   0 0   1 1   2 2   3 3
30 67 4   0 0   1 1   2 2   3 3
30 53 4   0 0   1 1   2 2   3 3
30 119 4   0 0   1 1   2 2   3 3
30 152 4   0 0   1 1   2 2   3 3
31 177 4   0 0   1 1   2 2   3 3
31 114 4   0 0   1 1   2 2   3 3
31 78 4   0 0   1 1   2 2   3 3
32 50 4   0 0   1 1   2 2   3 3
32 67 4   0 0   1 1   2 2   3 3
32 292 4   0 0   1 1   2 2   3 3
32 103 4   0 0   1 1   2 2   3 3
33 116 4   0 0   1 1   2 2   3 3
33 57 4   0 0   1 1   2 2   3 3
33 170 4   0 0   1 1   2 2   3 3
33 74 4   0 0   1 1   2 2   3 3
33 140 4   0 0   1 1   2 2   3 3
33 269 4   0 0   1 1   2 2   3 3
34 132 4   0 0   1 1   2 2   3 3
34 294 4   0 0   1 1   2 2   3 3
34 137 4   0 0   1 1   2 2   3 3
34 123 4   0 0   1 1   2 2   3 3
34 284 4   0 0   1 1   2 2   3 3
35 209 4   0 0   1 1   2 2   3 3
35 117 4   0 0   1 1   2 2   3 3
35 54 4   0 0   1 1   2 2   3 3
35 231 4   0 0   1 1   2 2   3 3
35 106 4   0 0   1 1   2 2   3 3
36 321 4   0 0   1 1   2 2   3 3
36 344 4   0 0   1 1   2 2   3 3
36 200 4   0 0   1 1   2 2   3 3
36 189 4   0 0   1 1   2 2   3 3
37 306 4   0 0   1 1   2 2   3 3
37 339 4   0 0   1 1   2 2   3 3
37 85 4   0 0   1 1   2 2   3 3
37 220 4   0 0   1 1   2 2   3 3
37 157 4   0 0   1 1   2 2   3 3
37 79 4   0 0   1 1   2 2   3 3
38 288 4   0 0   1 1   2 2   3 3
38 163 4   0 0   1 1   2 2   3 3
38 73 4   0 0   1 1   2 2   3 3
38 125 4   0 0   1 1   2 2   3 3
38 46 4   0 0   1 1   2 2   3 3
39 51 4   0 0   1 1   2 2   3 3
39 115 4   0 0   1 1   2 2   3 3
39 200 4   0 0   1 1   2 2   3 3
39 317 4   0 0   1 1   2 2   3 3
39 94 4   0 0   1 1   2 2   3 3
40 208 4   0 0   1 1   2 2   3 3
40 99 4   0 0   1 1   2 2   3 3
40 247 4   0 0   1 1   2 2   3 3
40 328 4   0 0   1 1   2 2   3 3
40 264 4   0 0   1 1   2 2   3 3
40 139 4   0 0   1 1   2 2   3 3
40 207 4   0 0   1 1   2 2   3 3
41 80 4   0 0   1 1   2 2   3 3
41 82 4   0 0   1 1   2 2   3 3
41 130 4   0 0   1 1   2 2   3 3
41 164 4   0 0   1 1   2 2   3 3
41 102 4   0 0   1 1   2 2   3 3
41 343 4   0 0   1 1   2 2   3 3
41 154 4   0 0   1 1   2 2   3 3
41 251 4   0 0   1 1   2 2   3 3
41 333 4   0 0   1 1   2 2   3 3
42 96 4   0 0   1 1   2 2   3 3
42 227 4   0 0   1 1   2 2   3 3
42 260 4   0 0   1 1   2 2   3 3
42 222 4   0 0   1 1   2 2   3 3
42 126 4   0 0   1 1   2 2   3 3
43 244 4   0 0   1 1   2 2   3 3
43 197 4   0 0   1 1   2 2   3 3
43 348 4   0 0   1 1   2 2   3 3
43 318 4   0 0   1 1   2 2   3 3
44 281 4   0 0   1 1   2 2   3 3
44 238 4   0 0   1 1   2 2   3 3
44 302 4   0 0   1 1   2 2   3 3
44 174 4   0 0   1 1   2 2   3 3
44 143 4   0 0   1 1   2 2   3 3
45 87 4   0 0   1 1   2 2   3 3
45 328 4   0 0   1 1   2 2   3 3
45 201 4   0 0   1 1   2 2   3 3
45 282 4   0 0   1 1   2 2   3 3
45 92 4   0 0   1 1   2 2   3 3
45 204 4   0 0   1 1   2 2   3 3
45 205 4   0 0   1 1   2 2   3 3
46 54 4   0 0   1 1   2 2   3 3
46 73 4   0 0   1 1   2 2   3 3
46 125 4   0 0   1 1   2 2   3 3
46 77 4   0 0   1 1   2 2   3 3
46 334 4   0 0   1 1   2 2   3 3
46 159 4   0 0   1 1   2 2   3 3
47 224 4   0 0   1 1   2 2   3 3
47 256 4   0 0   1 1   2 2   3 3
47 146 4   0 0   1 1   2 2   3 3
47 230 4   0 0   1 1   2 2   3 3
47 329 4   0 0   1 1   2 2   3 3
48 240 4   0 0   1 1   2 2   3 3
48 226 4   0 0   1 1   2 2   3 3
48 53 4   0 0   1 1   2 2   3 3
48 75 4   0 0   1 1   2 2   3 3
48 349 4   0 0   1 1   2 2   3 3
48 141 4   0 0   1 1   2 2   3 3
49 163 4   0 0   1 1   2 2   3 3
49 214 4   0 0   1 1   2 2   3 3
49 91 4   0 0   1 1   2 2   3 3
49 300 4   0 0   1 1   2 2   3 3
50 66 4   0 0   1 1   2 2   3 3
50 67 4   0 0   1 1   2 2   3 3
50 292 4   0 0   1 1   2 2   3 3
50 68 4   0 0   1 1   2 2   3 3
50 136 4   0 0   1 1   2 2   3 3
51 115 4   0 0   1 1   2 2   3 3
51 69 4   0 0   1 1   2 2   3 3
51 341 4   0 0   1 1   2 2   3 3
51 200 4   0 0   1 1   2 2   3 3
52 147 4   0 0   1 1   2 2   3 3
52 167 4   0 0   1 1   2 2   3 3
52 268 4   0 0   1 1   2 2   3 3
53 67 4   0 0   1 1   2 2   3 3
53 119 4   0 0   1 1   2 2   3 3
53 295 4   0 0   1 1   2 2   3 3
53 349 4   0 0   1 1   2 2   3 3
53 141 4   0 0   1 1   2 2   3 3
53 95 4   0 0   1 1   2 2   3 3
54 209 4   0 0   1 1   2 2   3 3
54 291 4   0 0   1 1   2 2   3 3
54 125 4   0 0   1 1   2 2   3 3
54 334 4   0 0   1 1   2 2   3 3
55 241 4   0 0   1 1   2 2   3 3
55 213 4   0 0   1 1   2 2   3 3
55 235 4   0 0   1 1   2 2   3 3
55 238 4   0 0   1 1   2 2   3 3
56 280 4   0 0   1 1   2 2   3 3
56 168 4   0 0   1 1   2 2   3 3
56 154 4   0 0   1 1   2 2   3 3
56 351 4   0 0   1 1   2 2   3 3
57 113 4   0 0   1 1   2 2   3 3
57 210 4   0 0   1 1   2 2   3 3
57 116 4   0 0   1 1   2 2   3 3
57 234 4   0 0   1 1   2 2   3 3
57 58 4   0 0   1 1   2 2   3 3
57 140 4   0 0   1 1   2 2   3 3
58 113 4   0 0   1 1   2 2   3 3
58 234 4   0 0   1 1   2 2   3 3
58 335 4   0 0   1 1   2 2   3 3
59 320 4   0 0   1 1   2 2   3 3
59 352 4   0 0   1 1   2 2   3 3
59 156 4   0 0   1 1   2 2   3 3
59 63 4   0 0   1 1   2 2   3 3
60 320 4   0 0   1 1   2 2   3 3
60 211 4   0 0   1 1   2 2   3 3
60 182 4   0 0   1 1   2 2   3 3
60 346 4   0 0   1 1   2 2   3 3
60 219 4   0 0   1 1   2 2   3 3
61 192 4   0 0   1 1   2 2   3 3
61 229 4   0 0   1 1   2 2   3 3
61 317 4   0 0   1 1   2 2   3 3
61 94 4   0 0   1 1   2 2   3 3
62 218 4   0 0   1 1   2 2   3 3
62 90 4   0 0   1 1   2 2   3 3
62 172 4   0 0   1 1   2 2   3 3
62 111 4   0 0   1 1   2 2   3 3
63 352 4   0 0   1 1   2 2   3 3
63 274 4   0 0   1 1   2 2   3 3
63 259 4   0 0   1 1   2 2   3 3
63 246 4   0 0   1 1   2 2   3 3
63 216 4   0 0   1 1   2 2   3 3
63 122 4   0 0   1 1   2 2   3 3
63 156 4   0 0   1 1   2 2   3 3
64 198 4   0 0   1 1   2 2   3 3
64 158 4   0 0   1 1   2 2   3 3
65 176 4   0 0   1 1   2 2   3 3
65 228 4   0 0   1 1   2 2   3 3
65 283 4   0 0   1 1   2 2   3 3
65 319 4   0 0   1 1   2 2   3 3
66 67 4   0 0   1 1   2 2   3 3
66 68 4   0 0   1 1   2 2   3 3
66 252 4   0 0   1 1   2 2   3 3
67 252 4   0 0   1 1   2 2   3 3
67 95 4   0 0   1 1   2 2   3 3
68 244 4   0 0   1 1   2 2   3 3
68 136 4   0 0   1 1   2 2   3 3
68 252 4   0 0   1 1   2 2   3 3
69 128 4   0 0   1 1   2 2   3 3
69 341 4   0 0   1 1   2 2   3 3
69 221 4   0 0   1 1   2 2   3 3
69 142 4   0 0   1 1   2 2   3 3
70 289 4   0 0   1 1   2 2   3 3
70 278 4   0 0   1 1   2 2   3 3
70 72 4   0 0   1 1   2 2   3 3
70 89 4   0 0   1 1   2 2   3 3
70 234 4   0 0   1 1   2 2   3 3
70 77 4   0 0   1 1   2 2   3 3
71 258 4   0 0   1 1   2 2   3 3
71 212 4   0 0   1 1   2 2   3 3
71 135 4   0 0   1 1   2 2   3 3
71 232 4   0 0   1 1   2 2   3 3
71 330 4   0 0   1 1   2 2   3 3
71 301 4   0 0   1 1   2 2   3 3
72 73 4   0 0   1 1   2 2   3 3
72 89 4   0 0   1 1   2 2   3 3
72 77 4   0 0   1 1   2 2   3 3
73 288 4   0 0   1 1   2 2   3 3
73 89 4   0 0   1 1   2 2   3 3
73 77 4   0 0   1 1   2 2   3 3
73 110 4   0 0   1 1   2 2   3 3
74 241 4   0 0   1 1   2 2   3 3
74 210 4   0 0   1 1   2 2   3 3
74 122 4   0 0   1 1   2 2   3 3
74 235 4   0 0   1 1   2 2   3 3
74 140 4   0 0   1 1   2 2   3 3
74 269 4   0 0   1 1   2 2   3 3
75 240 4   0 0   1 1   2 2   3 3
75 81 4   0 0   1 1   2 2   3 3
75 226 4   0 0   1 1   2 2   3 3
75 218 4   0 0   1 1   2 2   3 3
76 290 4   0 0   1 1   2 2   3 3
76 263 4   0 0   1 1   2 2   3 3
76 152 4   0 0   1 1   2 2   3 3
76 265 4   0 0   1 1   2 2   3 3
76 171 4   0 0   1 1   2 2   3 3
77 242 4   0 0   1 1   2 2   3 3
77 278 4   0 0   1 1   2 2   3 3
77 138 4   0 0   1 1   2 2   3 3
77 159 4   0 0   1 1   2 2   3 3
78 114 4   0 0   1 1   2 2   3 3
78 84 4   0 0   1 1   2 2   3 3
78 267 4   0 0   1 1   2 2   3 3
79 85 4   0 0   1 1   2 2   3 3
79 220 4   0 0   1 1   2 2   3 3
80 343 4   0 0   1 1   2 2   3 3
80 314 4   0 0   1 1   2 2   3 3
80 251 4   0 0   1 1   2 2   3 3
80 204 4   0 0   1 1   2 2   3 3
80 93 4   0 0   1 1   2 2   3 3
80 207 4   0 0   1 1   2 2   3 3
81 342 4   0 0   1 1   2 2   3 3
81 86 4   0 0   1 1   2 2   3 3
81 332 4   0 0   1 1   2 2   3 3
82 112 4   0 0   1 1   2 2   3 3
82 83 4   0 0   1 1   2 2   3 3
82 166 4   0 0   1 1   2 2   3 3
82 251 4   0 0   1 1   2 2   3 3
82 92 4   0 0   1 1   2 2   3 3
82 204 4   0 0   1 1   2 2   3 3
82 333 4   0 0   1 1   2 2   3 3
82 111 4   0 0   1 1   2 2   3 3
83 201 4   0 0   1 1   2 2   3 3
83 92 4   0 0   1 1   2 2   3 3
83 204 4   0 0   1 1   2 2   3 3
84 279 4   0 0   1 1   2 2   3 3
84 267 4   0 0   1 1   2 2   3 3
85 157 4   0 0   1 1   2 2   3 3
85 239 4   0 0   1 1   2 2   3 3
86 353 4   0 0   1 1   2 2   3 3
86 178 4   0 0   1 1   2 2   3 3
86 312 4   0 0   1 1   2 2   3 3
86 332 4   0 0   1 1   2 2   3 3
86 109 4   0 0   1 1   2 2   3 3
87 307 4   0 0   1 1   2 2   3 3
87 153 4   0 0   1 1   2 2   3 3
87 205 4   0 0   1 1   2 2   3 3
88 337 4   0 0   1 1   2 2   3 3
88 279 4   0 0   1 1   2 2   3 3
88 121 4   0 0   1 1   2 2   3 3
89 234 4   0 0   1 1   2 2   3 3
89 110 4   0 0   1 1   2 2   3 3
90 326 4   0 0   1 1   2 2   3 3
90 105 4   0 0   1 1   2 2   3 3
90 286 4   0 0   1 1   2 2   3 3
90 111 4   0 0   1 1   2 2   3 3
91 277 4   0 0   1 1   2 2   3 3
91 214 4   0 0   1 1   2 2   3 3
91 283 4   0 0   1 1   2 2   3 3
92 112 4   0 0   1 1   2 2   3 3
92 211 4   0 0   1 1   2 2   3 3
92 201 4   0 0   1 1   2 2   3 3
93 128 4   0 0   1 1   2 2   3 3
93 102 4   0 0   1 1   2 2   3 3
93 343 4   0 0   1 1   2 2   3 3
93 221 4   0 0   1 1   2 2   3 3
94 115 4   0 0   1 1   2 2   3 3
94 229 4   0 0   1 1   2 2   3 3
94 108 4   0 0   1 1   2 2   3 3
94 220 4   0 0   1 1   2 2   3 3
94 317 4   0 0   1 1   2 2   3 3
95 162 4   0 0   1 1   2 2   3 3
95 150 4   0 0   1 1   2 2   3 3
95 252 4   0 0   1 1   2 2   3 3
95 141 4   0 0   1 1   2 2   3 3
96 228 4   0 0   1 1   2 2   3 3
96 180 4   0 0   1 1   2 2   3 3
96 136 4   0 0   1 1   2 2   3 3
96 222 4   0 0   1 1   2 2   3 3
97 273 4   0 0   1 1   2 2   3 3
97 275 4   0 0   1 1   2 2   3 3
97 266 4   0 0   1 1   2 2   3 3
97 270 4   0 0   1 1   2 2   3 3
98 119 4   0 0   1 1   2 2   3 3
98 295 4   0 0   1 1   2 2   3 3
98 248 4   0 0   1 1   2 2   3 3
98 173 4   0 0   1 1   2 2   3 3
98 206 4   0 0   1 1   2 2   3 3
98 303 4   0 0   1 1   2 2   3 3
99 208 4   0 0   1 1   2 2   3 3
99 139 4   0 0   1 1   2 2   3 3
99 142 4   0 0   1 1   2 2   3 3
100 193 4   0 0   1 1   2 2   3 3
100 130 4   0 0   1 1   2 2   3 3
100 164 4   0 0   1 1   2 2   3 3
100 168 4   0 0   1 1   2 2   3 3
101 193 4   0 0   1 1   2 2   3 3
101 177 4   0 0   1 1   2 2   3 3
101 148 4   0 0   1 1   2 2   3 3
101 181 4   0 0   1 1   2 2   3 3
101 168 4   0 0   1 1   2 2   3 3
101 185 4   0 0   1 1   2 2   3 3
101 284 4   0 0   1 1   2 2   3 3
101 188 4   0 0   1 1   2 2   3 3
102 128 4   0 0   1 1   2 2   3 3
102 343 4   0 0   1 1   2 2   3 3
102 154 4   0 0   1 1   2 2   3 3
103 152 4   0 0   1 1   2 2   3 3
104 161 4   0 0   1 1   2 2   3 3
104 338 4   0 0   1 1   2 2   3 3
104 236 4   0 0   1 1   2 2   3 3
105 326 4   0 0   1 1   2 2   3 3
105 109 4   0 0   1 1   2 2   3 3
106 117 4   0 0   1 1   2 2   3 3
106 149 4   0 0   1 1   2 2   3 3
106 231 4   0 0   1 1   2 2   3 3
106 203 4   0 0   1 1   2 2   3 3
106 318 4   0 0   1 1   2 2   3 3
107 272 4   0 0   1 1   2 2   3 3
107 248 4   0 0   1 1   2 2   3 3
107 124 4   0 0   1 1   2 2   3 3
107 206 4   0 0   1 1   2 2   3 3
107 303 4   0 0   1 1   2 2   3 3
108 115 4   0 0   1 1   2 2   3 3
108 351 4   0 0   1 1   2 2   3 3
109 326 4   0 0   1 1   2 2   3 3
109 312 4   0 0   1 1   2 2   3 3
110 288 4   0 0   1 1   2 2   3 3
111 112 4   0 0   1 1   2 2   3 3
111 211 4   0 0   1 1   2 2   3 3
111 166 4   0 0   1 1   2 2   3 3
111 172 4   0 0   1 1   2 2   3 3
111 286 4   0 0   1 1   2 2   3 3
112 211 4   0 0   1 1   2 2   3 3
113 210 4   0 0   1 1   2 2   3 3
113 335 4   0 0   1 1   2 2   3 3
113 127 4   0 0   1 1   2 2   3 3
114 177 4   0 0   1 1   2 2   3 3
114 181 4   0 0   1 1   2 2   3 3
114 267 4   0 0   1 1   2 2   3 3
114 157 4   0 0   1 1   2 2   3 3
115 351 4   0 0   1 1   2 2   3 3
116 289 4   0 0   1 1   2 2   3 3
116 234 4   0 0   1 1   2 2   3 3
116 170 4   0 0   1 1   2 2   3 3
117 209 4   0 0   1 1   2 2   3 3
117 126 4   0 0   1 1   2 2   3 3
117 318 4   0 0   1 1   2 2   3 3
118 192 4   0 0   1 1   2 2   3 3
118 306 4   0 0   1 1   2 2   3 3
118 229 4   0 0   1 1   2 2   3 3
118 220 4   0 0   1 1   2 2   3 3
119 295 4   0 0   1 1   2 2   3 3
120 209 4   0 0   1 1   2 2   3 3
120 291 4   0 0   1 1   2 2   3 3
120 260 4   0 0   1 1   2 2   3 3
120 309 4   0 0   1 1   2 2   3 3
120 283 4   0 0   1 1   2 2   3 3
120 126 4   0 0   1 1   2 2   3 3
120 319 4   0 0   1 1   2 2   3 3
121 337 4   0 0   1 1   2 2   3 3
121 322 4   0 0   1 1   2 2   3 3
121 339 4   0 0   1 1   2 2   3 3
121 279 4   0 0   1 1   2 2   3 3
121 199 4   0 0   1 1   2 2   3 3
122 352 4   0 0   1 1   2 2   3 3
122 241 4   0 0   1 1   2 2   3 3
122 274 4   0 0   1 1   2 2   3 3
122 269 4   0 0   1 1   2 2   3 3
123 336 4   0 0   1 1   2 2   3 3
123 353 4   0 0   1 1   2 2   3 3
123 294 4   0 0   1 1   2 2   3 3
123 312 4   0 0   1 1   2 2   3 3
123 137 4   0 0   1 1   2 2   3 3
124 272 4   0 0   1 1   2 2   3 3
124 179 4   0 0   1 1   2 2   3 3
124 342 4   0 0   1 1   2 2   3 3
124 134 4   0 0   1 1   2 2   3 3
124 186 4   0 0   1 1   2 2   3 3
124 206 4   0 0   1 1   2 2   3 3
125 291 4   0 0   1 1   2 2   3 3
125 163 4   0 0   1 1   2 2   3 3
125 309 4   0 0   1 1   2 2   3 3
125 202 4   0 0   1 1   2 2   3 3
126 209 4   0 0   1 1   2 2   3 3
126 227 4   0 0   1 1   2 2   3 3
126 260 4   0 0   1 1   2 2   3 3
126 318 4   0 0   1 1   2 2   3 3
127 213 4   0 0   1 1   2 2   3 3
127 335 4   0 0   1 1   2 2   3 3
127 255 4   0 0   1 1   2 2   3 3
128 154 4   0 0   1 1   2 2   3 3
128 221 4   0 0   1 1   2 2   3 3
129 292 4   0 0   1 1   2 2   3 3
129 136 4   0 0   1 1   2 2   3 3
130 164 4   0 0   1 1   2 2   3 3
130 168 4   0 0   1 1   2 2   3 3
130 154 4   0 0   1 1   2 2   3 3
131 293 4   0 0   1 1   2 2   3 3
131 167 4   0 0   1 1   2 2   3 3
131 253 4   0 0   1 1   2 2   3 3
132 196 4   0 0   1 1   2 2   3 3
132 137 4   0 0   1 1   2 2   3 3
132 169 4   0 0   1 1   2 2   3 3
132 299 4   0 0   1 1   2 2   3 3
132 188 4   0 0   1 1   2 2   3 3
132 284 4   0 0   1 1   2 2   3 3
133 262 4   0 0   1 1   2 2   3 3
133 135 4   0 0   1 1   2 2   3 3
133 151 4   0 0   1 1   2 2   3 3
133 217 4   0 0   1 1   2 2   3 3
133 330 4   0 0   1 1   2 2   3 3
134 178 4   0 0   1 1   2 2   3 3
134 342 4   0 0   1 1   2 2   3 3
134 215 4   0 0   1 1   2 2   3 3
134 186 4   0 0   1 1   2 2   3 3
134 250 4   0 0   1 1   2 2   3 3
135 262 4   0 0   1 1   2 2   3 3
136 228 4   0 0   1 1   2 2   3 3
136 292 4   0 0   1 1   2 2   3 3
136 268 4   0 0   1 1   2 2   3 3
137 353 4   0 0   1 1   2 2   3 3
137 299 4   0 0   1 1   2 2   3 3
138 242 4   0 0   1 1   2 2   3 3
138 165 4   0 0   1 1   2 2   3 3
138 334 4   0 0   1 1   2 2   3 3
138 159 4   0 0   1 1   2 2   3 3
139 314 4   0 0   1 1   2 2   3 3
139 207 4   0 0   1 1   2 2   3 3
140 210 4   0 0   1 1   2 2   3 3
141 150 4   0 0   1 1   2 2   3 3
142 341 4   0 0   1 1   2 2   3 3
142 221 4   0 0   1 1   2 2   3 3
143 232 4   0 0   1 1   2 2   3 3
143 302 4   0 0   1 1   2 2   3 3
143 174 4   0 0   1 1   2 2   3 3
144 310 4   0 0   1 1   2 2   3 3
144 233 4   0 0   1 1   2 2   3 3
144 202 4   0 0   1 1   2 2   3 3
144 283 4   0 0   1 1   2 2   3 3
144 300 4   0 0   1 1   2 2   3 3
145 160 4   0 0   1 1   2 2   3 3
145 305 4   0 0   1 1   2 2   3 3
145 162 4   0 0   1 1   2 2   3 3
145 244 4   0 0   1 1   2 2   3 3
145 150 4   0 0   1 1   2 2   3 3
145 315 4   0 0   1 1   2 2   3 3
146 183 4   0 0   1 1   2 2   3 3
146 329 4   0 0   1 1   2 2   3 3
146 237 4   0 0   1 1   2 2   3 3
147 293 4   0 0   1 1   2 2   3 3
147 167 4   0 0   1 1   2 2   3 3
148 193 4   0 0   1 1   2 2   3 3
148 225 4   0 0   1 1   2 2   3 3
148 164 4   0 0   1 1   2 2   3 3
148 297 4   0 0   1 1   2 2   3 3
148 298 4   0 0   1 1   2 2   3 3
148 284 4   0 0   1 1   2 2   3 3
149 320 4   0 0   1 1   2 2   3 3
149 184 4   0 0   1 1   2 2   3 3
149 346 4   0 0   1 1   2 2   3 3
149 203 4   0 0   1 1   2 2   3 3
150 305 4   0 0   1 1   2 2   3 3
150 162 4   0 0   1 1   2 2   3 3
151 258 4   0 0   1 1   2 2   3 3
151 330 4   0 0   1 1   2 2   3 3
151 266 4   0 0   1 1   2 2   3 3
151 190 4   0 0   1 1   2 2   3 3
151 254 4   0 0   1 1   2 2   3 3
152 290 4   0 0   1 1   2 2   3 3
152 263 4   0 0   1 1   2 2   3 3
153 307 4   0 0   1 1   2 2   3 3
153 246 4   0 0   1 1   2 2   3 3
153 282 4   0 0   1 1   2 2   3 3
154 168 4   0 0   1 1   2 2   3 3
155 272 4   0 0   1 1   2 2   3 3
155 338 4   0 0   1 1   2 2   3 3
155 276 4   0 0   1 1   2 2   3 3
155 303 4   0 0   1 1   2 2   3 3
156 320 4   0 0   1 1   2 2   3 3
156 257 4   0 0   1 1   2 2   3 3
156 246 4   0 0   1 1   2 2   3 3
156 219 4   0 0   1 1   2 2   3 3
157 339 4   0 0   1 1   2 2   3 3
157 181 4   0 0   1 1   2 2   3 3
157 267 4   0 0   1 1   2 2   3 3
157 239 4   0 0   1 1   2 2   3 3
158 308 4   0 0   1 1   2 2   3 3
158 198 4   0 0   1 1   2 2   3 3
159 334 4   0 0   1 1   2 2   3 3
160 305 4   0 0   1 1   2 2   3 3
160 182 4   0 0   1 1   2 2   3 3
160 218 4   0 0   1 1   2 2   3 3
160 315 4   0 0   1 1   2 2   3 3
160 203 4   0 0   1 1   2 2   3 3
161 338 4   0 0   1 1   2 2   3 3
161 261 4   0 0   1 1   2 2   3 3
161 171 4   0 0   1 1   2 2   3 3
162 244 4   0 0   1 1   2 2   3 3
162 252 4   0 0   1 1   2 2   3 3
163 288 4   0 0   1 1   2 2   3 3
163 202 4   0 0   1 1   2 2   3 3
163 300 4   0 0   1 1   2 2   3 3
164 225 4   0 0   1 1   2 2   3 3
164 193 4   0 0   1 1   2 2   3 3
164 285 4   0 0   1 1   2 2   3 3
164 333 4   0 0   1 1   2 2   3 3
165 242 4   0 0   1 1   2 2   3 3
165 184 4   0 0   1 1   2 2   3 3
165 313 4   0 0   1 1   2 2   3 3
166 225 4   0 0   1 1   2 2   3 3
166 340 4   0 0   1 1   2 2   3 3
166 285 4   0 0   1 1   2 2   3 3
166 286 4   0 0   1 1   2 2   3 3
166 350 4   0 0   1 1   2 2   3 3
167 293 4   0 0   1 1   2 2   3 3
167 268 4   0 0   1 1   2 2   3 3
167 253 4   0 0   1 1   2 2   3 3
168 193 4   0 0   1 1   2 2   3 3
168 280 4   0 0   1 1   2 2   3 3
168 185 4   0 0   1 1   2 2   3 3
168 316 4   0 0   1 1   2 2   3 3
169 196 4   0 0   1 1   2 2   3 3
169 183 4   0 0   1 1   2 2   3 3
169 299 4   0 0   1 1   2 2   3 3
169 347 4   0 0   1 1   2 2   3 3
169 271 4   0 0   1 1   2 2   3 3
170 289 4   0 0   1 1   2 2   3 3
170 242 4   0 0   1 1   2 2   3 3
170 278 4   0 0   1 1   2 2   3 3
170 313 4   0 0   1 1   2 2   3 3
170 269 4   0 0   1 1   2 2   3 3
171 276 4   0 0   1 1   2 2   3 3
171 261 4   0 0   1 1   2 2   3 3
171 263 4   0 0   1 1   2 2   3 3
171 265 4   0 0   1 1   2 2   3 3
172 211 4   0 0   1 1   2 2   3 3
172 218 4   0 0   1 1   2 2   3 3
173 276 4   0 0   1 1   2 2   3 3
173 265 4   0 0   1 1   2 2   3 3
173 303 4   0 0   1 1   2 2   3 3
174 213 4   0 0   1 1   2 2   3 3
174 232 4   0 0   1 1   2 2   3 3
174 281 4   0 0   1 1   2 2   3 3
174 238 4   0 0   1 1   2 2   3 3
175 224 4   0 0   1 1   2 2   3 3
175 230 4   0 0   1 1   2 2   3 3
175 215 4   0 0   1 1   2 2   3 3
175 249 4   0 0   1 1   2 2   3 3
175 237 4   0 0   1 1   2 2   3 3
175 223 4   0 0   1 1   2 2   3 3
176 228 4   0 0   1 1   2 2   3 3
176 283 4   0 0   1 1   2 2   3 3
176 268 4   0 0   1 1   2 2   3 3
177 181 4   0 0   1 1   2 2   3 3
177 327 4   0 0   1 1   2 2   3 3
177 188 4   0 0   1 1   2 2   3 3
178 353 4   0 0   1 1   2 2   3 3
178 342 4   0 0   1 1   2 2   3 3
178 250 4   0 0   1 1   2 2   3 3
178 332 4   0 0   1 1   2 2   3 3
179 304 4   0 0   1 1   2 2   3 3
179 272 4   0 0   1 1   2 2   3 3
179 325 4   0 0   1 1   2 2   3 3
179 215 4   0 0   1 1   2 2   3 3
179 186 4   0 0   1 1   2 2   3 3
180 228 4   0 0   1 1   2 2   3 3
180 222 4   0 0   1 1   2 2   3 3
181 185 4   0 0   1 1   2 2   3 3
181 239 4   0 0   1 1   2 2   3 3
182 211 4   0 0   1 1   2 2   3 3
182 218 4   0 0   1 1   2 2   3 3
182 346 4   0 0   1 1   2 2   3 3
182 203 4   0 0   1 1   2 2   3 3
183 243 4   0 0   1 1   2 2   3 3
183 195 4   0 0   1 1   2 2   3 3
183 329 4   0 0   1 1   2 2   3 3
183 299 4   0 0   1 1   2 2   3 3
183 271 4   0 0   1 1   2 2   3 3
184 320 4   0 0   1 1   2 2   3 3
184 352 4   0 0   1 1   2 2   3 3
184 313 4   0 0   1 1   2 2   3 3
184 269 4   0 0   1 1   2 2   3 3
185 316 4   0 0   1 1   2 2   3 3
185 239 4   0 0   1 1   2 2   3 3
186 215 4   0 0   1 1   2 2   3 3
187 354 4   0 0   1 1   2 2   3 3
187 213 4   0 0   1 1   2 2   3 3
187 217 4   0 0   1 1   2 2   3 3
187 255 4   0 0   1 1   2 2   3 3
188 194 4   0 0   1 1   2 2   3 3
188 196 4   0 0   1 1   2 2   3 3
188 327 4   0 0   1 1   2 2   3 3
188 284 4   0 0   1 1   2 2   3 3
189 208 4   0 0   1 1   2 2   3 3
189 321 4   0 0   1 1   2 2   3 3
189 344 4   0 0   1 1   2 2   3 3
189 264 4   0 0   1 1   2 2   3 3
190 258 4   0 0   1 1   2 2   3 3
190 275 4   0 0   1 1   2 2   3 3
190 266 4   0 0   1 1   2 2   3 3
190 301 4   0 0   1 1   2 2   3 3
190 287 4   0 0   1 1   2 2   3 3
191 268 4   0 0   1 1   2 2   3 3
191 253 4   0 0   1 1   2 2   3 3
192 229 4   0 0   1 1   2 2   3 3
194 196 4   0 0   1 1   2 2   3 3
194 327 4   0 0   1 1   2 2   3 3
194 347 4   0 0   1 1   2 2   3 3
195 256 4   0 0   1 1   2 2   3 3
195 230 4   0 0   1 1   2 2   3 3
195 215 4   0 0   1 1   2 2   3 3
195 329 4   0 0   1 1   2 2   3 3
195 250 4   0 0   1 1   2 2   3 3
195 299 4   0 0   1 1   2 2   3 3
196 347 4   0 0   1 1   2 2   3 3
197 244 4   0 0   1 1   2 2   3 3
197 315 4   0 0   1 1   2 2   3 3
197 203 4   0 0   1 1   2 2   3 3
197 318 4   0 0   1 1   2 2   3 3
198 308 4   0 0   1 1   2 2   3 3
199 339 4   0 0   1 1   2 2   3 3
199 279 4   0 0   1 1   2 2   3 3
200 341 4   0 0   1 1   2 2   3 3
200 344 4   0 0   1 1   2 2   3 3
201 204 4   0 0   1 1   2 2   3 3
202 309 4   0 0   1 1   2 2   3 3
202 310 4   0 0   1 1   2 2   3 3
202 300 4   0 0   1 1   2 2   3 3
203 346 4   0 0   1 1   2 2   3 3
203 315 4   0 0   1 1   2 2   3 3
203 318 4   0 0   1 1   2 2   3 3
204 328 4   0 0   1 1   2 2   3 3
204 251 4   0 0   1 1   2 2   3 3
204 207 4   0 0   1 1   2 2   3 3
205 324 4   0 0   1 1   2 2   3 3
205 328 4   0 0   1 1   2 2   3 3
206 240 4   0 0   1 1   2 2   3 3
206 295 4   0 0   1 1   2 2   3 3
206 248 4   0 0   1 1   2 2   3 3
207 328 4   0 0   1 1   2 2   3 3
207 314 4   0 0   1 1   2 2   3 3
208 264 4   0 0   1 1   2 2   3 3
209 291 4   0 0   1 1   2 2   3 3
210 235 4   0 0   1 1   2 2   3 3
211 218 4   0 0   1 1   2 2   3 3
211 219 4   0 0   1 1   2 2   3 3
212 232 4   0 0   1 1   2 2   3 3
212 301 4   0 0   1 1   2 2   3 3
213 354 4   0 0   1 1   2 2   3 3
213 238 4   0 0   1 1   2 2   3 3
213 255 4   0 0   1 1   2 2   3 3
214 233 4   0 0   1 1   2 2   3 3
214 283 4   0 0   1 1   2 2   3 3
215 325 4   0 0   1 1   2 2   3 3
215 230 4   0 0   1 1   2 2   3 3
215 249 4   0 0   1 1   2 2   3 3
215 250 4   0 0   1 1   2 2   3 3
216 259 4   0 0   1 1   2 2   3 3
216 307 4   0 0   1 1   2 2   3 3
216 246 4   0 0   1 1   2 2   3 3
216 302 4   0 0   1 1   2 2   3 3
217 354 4   0 0   1 1   2 2   3 3
217 262 4   0 0   1 1   2 2   3 3
218 305 4   0 0   1 1   2 2   3 3
218 226 4   0 0   1 1   2 2   3 3
219 320 4   0 0   1 1   2 2   3 3
219 257 4   0 0   1 1   2 2   3 3
219 282 4   0 0   1 1   2 2   3 3
220 306 4   0 0   1 1   2 2   3 3
220 229 4   0 0   1 1   2 2   3 3
222 228 4   0 0   1 1   2 2   3 3
222 260 4   0 0   1 1   2 2   3 3
222 319 4   0 0   1 1   2 2   3 3
223 323 4   0 0   1 1   2 2   3 3
223 249 4   0 0   1 1   2 2   3 3
223 237 4   0 0   1 1   2 2   3 3
224 230 4   0 0   1 1   2 2   3 3
224 237 4   0 0   1 1   2 2   3 3
225 298 4   0 0   1 1   2 2   3 3
225 285 4   0 0   1 1   2 2   3 3
225 350 4   0 0   1 1   2 2   3 3
226 305 4   0 0   1 1   2 2   3 3
227 348 4   0 0   1 1   2 2   3 3
227 318 4   0 0   1 1   2 2   3 3
228 268 4   0 0   1 1   2 2   3 3
228 319 4   0 0   1 1   2 2   3 3
230 256 4   0 0   1 1   2 2   3 3
233 283 4   0 0   1 1   2 2   3 3
234 289 4   0 0   1 1   2 2   3 3
235 241 4   0 0   1 1   2 2   3 3
236 338 4   0 0   1 1   2 2   3 3
236 331 4   0 0   1 1   2 2   3 3
238 241 4   0 0   1 1   2 2   3 3
238 281 4   0 0   1 1   2 2   3 3
238 302 4   0 0   1 1   2 2   3 3
239 316 4   0 0   1 1   2 2   3 3
240 295 4   0 0   1 1   2 2   3 3
240 349 4   0 0   1 1   2 2   3 3
241 274 4   0 0   1 1   2 2   3 3
241 259 4   0 0   1 1   2 2   3 3
241 302 4   0 0   1 1   2 2   3 3
242 278 4   0 0   1 1   2 2   3 3
242 313 4   0 0   1 1   2 2   3 3
243 271 4   0 0   1 1   2 2   3 3
244 315 4   0 0   1 1   2 2   3 3
244 252 4   0 0   1 1   2 2   3 3
244 348 4   0 0   1 1   2 2   3 3
245 273 4   0 0   1 1   2 2   3 3
245 321 4   0 0   1 1   2 2   3 3
245 247 4   0 0   1 1   2 2   3 3
245 264 4   0 0   1 1   2 2   3 3
245 270 4   0 0   1 1   2 2   3 3
246 257 4   0 0   1 1   2 2   3 3
246 307 4   0 0   1 1   2 2   3 3
246 282 4   0 0   1 1   2 2   3 3
247 273 4   0 0   1 1   2 2   3 3
247 328 4   0 0   1 1   2 2   3 3
247 264 4   0 0   1 1   2 2   3 3
248 303 4   0 0   1 1   2 2   3 3
249 323 4   0 0   1 1   2 2   3 3
249 325 4   0 0   1 1   2 2   3 3
250 353 4   0 0   1 1   2 2   3 3
250 299 4   0 0   1 1   2 2   3 3
253 268 4   0 0   1 1   2 2   3 3
254 266 4   0 0   1 1   2 2   3 3
255 335 4   0 0   1 1   2 2   3 3
256 329 4   0 0   1 1   2 2   3 3
257 282 4   0 0   1 1   2 2   3 3
258 330 4   0 0   1 1   2 2   3 3
258 301 4   0 0   1 1   2 2   3 3
259 274 4   0 0   1 1   2 2   3 3
259 302 4   0 0   1 1   2 2   3 3
260 319 4   0 0   1 1   2 2   3 3
261 338 4   0 0   1 1   2 2   3 3
261 276 4   0 0   1 1   2 2   3 3
262 354 4   0 0   1 1   2 2   3 3
264 321 4   0 0   1 1   2 2   3 3
265 290 4   0 0   1 1   2 2   3 3
265 276 4   0 0   1 1   2 2   3 3
266 275 4   0 0   1 1   2 2   3 3
267 339 4   0 0   1 1   2 2   3 3
267 279 4   0 0   1 1   2 2   3 3
268 277 4   0 0   1 1   2 2   3 3
268 283 4   0 0   1 1   2 2   3 3
269 352 4   0 0   1 1   2 2   3 3
269 313 4   0 0   1 1   2 2   3 3
269 345 4   0 0   1 1   2 2   3 3
270 273 4   0 0   1 1   2 2   3 3
270 321 4   0 0   1 1   2 2   3 3
272 304 4   0 0   1 1   2 2   3 3
272 303 4   0 0   1 1   2 2   3 3
273 275 4   0 0   1 1   2 2   3 3
273 324 4   0 0   1 1   2 2   3 3
273 328 4   0 0   1 1   2 2   3 3
275 324 4   0 0   1 1   2 2   3 3
275 287 4   0 0   1 1   2 2   3 3
276 338 4   0 0   1 1   2 2   3 3
276 303 4   0 0   1 1   2 2   3 3
277 283 4   0 0   1 1   2 2   3 3
278 289 4   0 0   1 1   2 2   3 3
279 339 4   0 0   1 1   2 2   3 3
280 316 4   0 0   1 1   2 2   3 3
280 351 4   0 0   1 1   2 2   3 3
283 309 4   0 0   1 1   2 2   3 3
283 310 4   0 0   1 1   2 2   3 3
283 319 4   0 0   1 1   2 2   3 3
284 296 4   0 0   1 1   2 2   3 3
284 297 4   0 0   1 1   2 2   3 3
285 333 4   0 0   1 1   2 2   3 3
286 340 4   0 0   1 1   2 2   3 3
286 326 4   0 0   1 1   2 2   3 3
287 324 4   0 0   1 1   2 2   3 3
287 301 4   0 0   1 1   2 2   3 3
291 309 4   0 0   1 1   2 2   3 3
294 336 4   0 0   1 1   2 2   3 3
294 296 4   0 0   1 1   2 2   3 3
295 349 4   0 0   1 1   2 2   3 3
296 336 4   0 0   1 1   2 2   3 3
296 297 4   0 0   1 1   2 2   3 3
297 336 4   0 0   1 1   2 2   3 3
297 340 4   0 0   1 1   2 2   3 3
297 326 4   0 0   1 1   2 2   3 3
297 298 4   0 0   1 1   2 2   3 3
298 340 4   0 0   1 1   2 2   3 3
298 350 4   0 0   1 1   2 2   3 3
299 353 4   0 0   1 1   2 2   3 3
304 325 4   0 0   1 1   2 2   3 3
306 322 4   0 0   1 1   2 2   3 3
306 339 4   0 0   1 1   2 2   3 3
308 311 4   0 0   1 1   2 2   3 3
309 310 4   0 0   1 1   2 2   3 3
311 323 4   0 0   1 1   2 2   3 3
311 331 4   0 0   1 1   2 2   3 3
312 353 4   0 0   1 1   2 2   3 3
313 345 4   0 0   1 1   2 2   3 3
320 352 4   0 0   1 1   2 2   3 3
320 346 4   0 0   1 1   2 2   3 3
322 337 4   0 0   1 1   2 2   3 3
322 339 4   0 0   1 1   2 2   3 3
323 325 4   0 0   1 1   2 2   3 3
323 331 4   0 0   1 1   2 2   3 3
324 328 4   0 0   1 1   2 2   3 3
325 331 4   0 0   1 1   2 2   3 3
326 336 4   0 0   1 1   2 2   3 3
326 340 4   0 0   1 1   2 2   3 3
332 342 4   0 0   1 1   2 2   3 3
340 350 4   0 0   1 1   2 2   3 3
341 344 4   0 0   1 1   2 2   3 3
