359
1 4 0 1 2 3
2 4 0 1 2 3
3 4 0 1 2 3
4 4 0 1 2 3
5 4 0 1 2 3
6 4 0 1 2 3
7 4 0 1 2 3
8 4 0 1 2 3
9 4 0 1 2 3
10 4 0 1 2 3
11 4 0 1 2 3
12 4 0 1 2 3
13 4 0 1 2 3
14 4 0 1 2 3
15 4 0 1 2 3
16 4 0 1 2 3
17 4 0 1 2 3
18 4 0 1 2 3
19 4 0 1 2 3
20 4 0 1 2 3
21 4 0 1 2 3
22 4 0 1 2 3
23 4 0 1 2 3
24 4 0 1 2 3
25 4 0 1 2 3
26 4 0 1 2 3
27 4 0 1 2 3
28 4 0 1 2 3
29 4 0 1 2 3
30 4 0 1 2 3
31 4 0 1 2 3
32 4 0 1 2 3
33 4 0 1 2 3
34 4 0 1 2 3
35 4 0 1 2 3
36 4 0 1 2 3
37 4 0 1 2 3
38 4 0 1 2 3
39 4 0 1 2 3
40 4 0 1 2 3
41 4 0 1 2 3
42 4 0 1 2 3
43 4 0 1 2 3
44 4 0 1 2 3
45 4 0 1 2 3
46 4 0 1 2 3
47 4 0 1 2 3
48 4 0 1 2 3
49 4 0 1 2 3
50 4 0 1 2 3
51 4 0 1 2 3
52 4 0 1 2 3
53 4 0 1 2 3
54 4 0 1 2 3
55 4 0 1 2 3
56 4 0 1 2 3
57 4 0 1 2 3
58 4 0 1 2 3
59 4 0 1 2 3
60 4 0 1 2 3
61 4 0 1 2 3
62 4 0 1 2 3
63 4 0 1 2 3
64 4 0 1 2 3
65 4 0 1 2 3
66 4 0 1 2 3
67 4 0 1 2 3
68 4 0 1 2 3
69 4 0 1 2 3
70 4 0 1 2 3
71 4 0 1 2 3
72 4 0 1 2 3
73 4 0 1 2 3
74 4 0 1 2 3
75 4 0 1 2 3
76 4 0 1 2 3
77 4 0 1 2 3
78 4 0 1 2 3
79 4 0 1 2 3
80 4 0 1 2 3
81 4 0 1 2 3
82 4 0 1 2 3
83 4 0 1 2 3
84 4 0 1 2 3
85 4 0 1 2 3
86 4 0 1 2 3
87 4 0 1 2 3
88 4 0 1 2 3
89 4 0 1 2 3
90 4 0 1 2 3
91 4 0 1 2 3
92 4 0 1 2 3
93 4 0 1 2 3
94 4 0 1 2 3
95 4 0 1 2 3
96 4 0 1 2 3
97 4 0 1 2 3
98 4 0 1 2 3
99 4 0 1 2 3
100 4 0 1 2 3
101 4 0 1 2 3
102 4 0 1 2 3
103 4 0 1 2 3
104 4 0 1 2 3
105 4 0 1 2 3
106 4 0 1 2 3
107 4 0 1 2 3
108 4 0 1 2 3
109 4 0 1 2 3
110 4 0 1 2 3
111 4 0 1 2 3
112 4 0 1 2 3
113 4 0 1 2 3
114 4 0 1 2 3
115 4 0 1 2 3
116 4 0 1 2 3
117 4 0 1 2 3
118 4 0 1 2 3
119 4 0 1 2 3
120 4 0 1 2 3
121 4 0 1 2 3
122 4 0 1 2 3
123 4 0 1 2 3
124 4 0 1 2 3
125 4 0 1 2 3
126 4 0 1 2 3
127 4 0 1 2 3
128 4 0 1 2 3
129 4 0 1 2 3
130 4 0 1 2 3
131 4 0 1 2 3
132 4 0 1 2 3
133 4 0 1 2 3
134 4 0 1 2 3
135 4 0 1 2 3
136 4 0 1 2 3
137 4 0 1 2 3
138 4 0 1 2 3
139 4 0 1 2 3
140 4 0 1 2 3
141 4 0 1 2 3
142 4 0 1 2 3
143 4 0 1 2 3
144 4 0 1 2 3
145 4 0 1 2 3
146 4 0 1 2 3
147 4 0 1 2 3
148 4 0 1 2 3
149 4 0 1 2 3
150 4 0 1 2 3
151 4 0 1 2 3
152 4 0 1 2 3
153 4 0 1 2 3
154 4 0 1 2 3
155 4 0 1 2 3
156 4 0 1 2 3
157 4 0 1 2 3
158 4 0 1 2 3
159 4 0 1 2 3
160 4 0 1 2 3
161 4 0 1 2 3
162 4 0 1 2 3
163 4 0 1 2 3
164 4 0 1 2 3
165 4 0 1 2 3
166 4 0 1 2 3
167 4 0 1 2 3
168 4 0 1 2 3
169 4 0 1 2 3
170 4 0 1 2 3
171 4 0 1 2 3
172 4 0 1 2 3
173 4 0 1 2 3
174 4 0 1 2 3
175 4 0 1 2 3
176 4 0 1 2 3
177 4 0 1 2 3
178 4 0 1 2 3
179 4 0 1 2 3
180 4 0 1 2 3
181 4 0 1 2 3
182 4 0 1 2 3
183 4 0 1 2 3
184 4 0 1 2 3
185 4 0 1 2 3
186 4 0 1 2 3
187 4 0 1 2 3
188 4 0 1 2 3
189 4 0 1 2 3
190 4 0 1 2 3
191 4 0 1 2 3
192 4 0 1 2 3
193 4 0 1 2 3
194 4 0 1 2 3
195 4 0 1 2 3
196 4 0 1 2 3
197 4 0 1 2 3
198 4 0 1 2 3
199 4 0 1 2 3
200 4 0 1 2 3
201 4 0 1 2 3
202 4 0 1 2 3
203 4 0 1 2 3
204 4 0 1 2 3
205 4 0 1 2 3
206 4 0 1 2 3
207 4 0 1 2 3
208 4 0 1 2 3
209 4 0 1 2 3
210 4 0 1 2 3
211 4 0 1 2 3
212 4 0 1 2 3
213 4 0 1 2 3
214 4 0 1 2 3
215 4 0 1 2 3
216 4 0 1 2 3
217 4 0 1 2 3
218 4 0 1 2 3
219 4 0 1 2 3
220 4 0 1 2 3
221 4 0 1 2 3
222 4 0 1 2 3
223 4 0 1 2 3
224 4 0 1 2 3
225 4 0 1 2 3
226 4 0 1 2 3
227 4 0 1 2 3
228 4 0 1 2 3
229 4 0 1 2 3
230 4 0 1 2 3
231 4 0 1 2 3
232 4 0 1 2 3
233 4 0 1 2 3
234 4 0 1 2 3
235 4 0 1 2 3
236 4 0 1 2 3
237 4 0 1 2 3
238 4 0 1 2 3
239 4 0 1 2 3
240 4 0 1 2 3
241 4 0 1 2 3
242 4 0 1 2 3
243 4 0 1 2 3
244 4 0 1 2 3
245 4 0 1 2 3
246 4 0 1 2 3
247 4 0 1 2 3
248 4 0 1 2 3
249 4 0 1 2 3
250 4 0 1 2 3
251 4 0 1 2 3
252 4 0 1 2 3
253 4 0 1 2 3
254 4 0 1 2 3
255 4 0 1 2 3
256 4 0 1 2 3
257 4 0 1 2 3
258 4 0 1 2 3
259 4 0 1 2 3
260 4 0 1 2 3
261 4 0 1 2 3
262 4 0 1 2 3
263 4 0 1 2 3
264 4 0 1 2 3
265 4 0 1 2 3
266 4 0 1 2 3
267 4 0 1 2 3
268 4 0 1 2 3
269 4 0 1 2 3
270 4 0 1 2 3
271 4 0 1 2 3
272 4 0 1 2 3
273 4 0 1 2 3
274 4 0 1 2 3
275 4 0 1 2 3
276 4 0 1 2 3
277 4 0 1 2 3
278 4 0 1 2 3
279 4 0 1 2 3
280 4 0 1 2 3
281 4 0 1 2 3
282 4 0 1 2 3
283 4 0 1 2 3
284 4 0 1 2 3
285 4 0 1 2 3
286 4 0 1 2 3
287 4 0 1 2 3
288 4 0 1 2 3
289 4 0 1 2 3
290 4 0 1 2 3
291 4 0 1 2 3
292 4 0 1 2 3
293 4 0 1 2 3
294 4 0 1 2 3
295 4 0 1 2 3
296 4 0 1 2 3
297 4 0 1 2 3
298 4 0 1 2 3
299 4 0 1 2 3
300 4 0 1 2 3
301 4 0 1 2 3
302 4 0 1 2 3
303 4 0 1 2 3
304 4 0 1 2 3
305 4 0 1 2 3
306 4 0 1 2 3
307 4 0 1 2 3
308 4 0 1 2 3
309 4 0 1 2 3
310 4 0 1 2 3
311 4 0 1 2 3
312 4 0 1 2 3
313 4 0 1 2 3
314 4 0 1 2 3
315 4 0 1 2 3
316 4 0 1 2 3
317 4 0 1 2 3
318 4 0 1 2 3
319 4 0 1 2 3
320 4 0 1 2 3
321 4 0 1 2 3
322 4 0 1 2 3
323 4 0 1 2 3
324 4 0 1 2 3
325 4 0 1 2 3
326 4 0 1 2 3
327 4 0 1 2 3
328 4 0 1 2 3
329 4 0 1 2 3
330 4 0 1 2 3
331 4 0 1 2 3
332 4 0 1 2 3
333 4 0 1 2 3
334 4 0 1 2 3
335 4 0 1 2 3
336 4 0 1 2 3
337 4 0 1 2 3
338 4 0 1 2 3
339 4 0 1 2 3
340 4 0 1 2 3
341 4 0 1 2 3
342 4 0 1 2 3
343 4 0 1 2 3
344 4 0 1 2 3
345 4 0 1 2 3
346 4 0 1 2 3
347 4 0 1 2 3
348 4 0 1 2 3
349 4 0 1 2 3
350 4 0 1 2 3
351 4 0 1 2 3
352 4 0 1 2 3
353 4 0 1 2 3
354 4 0 1 2 3
355 4 0 1 2 3
356 4 0 1 2 3
357 4 0 1 2 3
358 4 0 1 2 3
359 4 0 1 2 3
1018
1 81 4   0 0   1 1   2 2   3 3
1 34 4   0 0   1 1   2 2   3 3
1 226 4   0 0   1 1   2 2   3 3
1 199 4   0 0   1 1   2 2   3 3
1 172 4   0 0   1 1   2 2   3 3
2 320 4   0 0   1 1   2 2   3 3
2 148 4   0 0   1 1   2 2   3 3
2 89 4   0 0   1 1   2 2   3 3
2 140 4   0 0   1 1   2 2   3 3
2 76 4   0 0   1 1   2 2   3 3
2 206 4   0 0   1 1   2 2   3 3
3 224 4   0 0   1 1   2 2   3 3
3 176 4   0 0   1 1   2 2   3 3
3 357 4   0 0   1 1   2 2   3 3
3 40 4   0 0   1 1   2 2   3 3
3 329 4   0 0   1 1   2 2   3 3
3 75 4   0 0   1 1   2 2   3 3
4 84 4   0 0   1 1   2 2   3 3
4 69 4   0 0   1 1   2 2   3 3
4 342 4   0 0   1 1   2 2   3 3
4 250 4   0 0   1 1   2 2   3 3
4 317 4   0 0   1 1   2 2   3 3
5 34 4   0 0   1 1   2 2   3 3
5 314 4   0 0   1 1   2 2   3 3
5 300 4   0 0   1 1   2 2   3 3
5 172 4   0 0   1 1   2 2   3 3
6 209 4   0 0   1 1   2 2   3 3
6 276 4   0 0   1 1   2 2   3 3
6 167 4   0 0   1 1   2 2   3 3
6 73 4   0 0   1 1   2 2   3 3
6 11 4   0 0   1 1   2 2   3 3
7 85 4   0 0   1 1   2 2   3 3
7 181 4   0 0   1 1   2 2   3 3
7 268 4   0 0   1 1   2 2   3 3
7 159 4   0 0   1 1   2 2   3 3
8 160 4   0 0   1 1   2 2   3 3
8 98 4   0 0   1 1   2 2   3 3
8 243 4   0 0   1 1   2 2   3 3
8 293 4   0 0   1 1   2 2   3 3
8 310 4   0 0   1 1   2 2   3 3
8 184 4   0 0   1 1   2 2   3 3
8 25 4   0 0   1 1   2 2   3 3
8 236 4   0 0   1 1   2 2   3 3
8 190 4   0 0   1 1   2 2   3 3
8 303 4   0 0   1 1   2 2   3 3
9 52 4   0 0   1 1   2 2   3 3
9 117 4   0 0   1 1   2 2   3 3
9 309 4   0 0   1 1   2 2   3 3
9 135 4   0 0   1 1   2 2   3 3
10 208 4   0 0   1 1   2 2   3 3
10 16 4   0 0   1 1   2 2   3 3
10 336 4   0 0   1 1   2 2   3 3
10 18 4   0 0   1 1   2 2   3 3
10 194 4   0 0   1 1   2 2   3 3
10 111 4   0 0   1 1   2 2   3 3
11 209 4   0 0   1 1   2 2   3 3
11 38 4   0 0   1 1   2 2   3 3
11 39 4   0 0   1 1   2 2   3 3
11 73 4   0 0   1 1   2 2   3 3
11 13 4   0 0   1 1   2 2   3 3
11 62 4   0 0   1 1   2 2   3 3
12 352 4   0 0   1 1   2 2   3 3
12 240 4   0 0   1 1   2 2   3 3
12 273 4   0 0   1 1   2 2   3 3
12 215 4   0 0   1 1   2 2   3 3
13 130 4   0 0   1 1   2 2   3 3
13 131 4   0 0   1 1   2 2   3 3
13 38 4   0 0   1 1   2 2   3 3
13 333 4   0 0   1 1   2 2   3 3
13 62 4   0 0   1 1   2 2   3 3
13 271 4   0 0   1 1   2 2   3 3
14 163 4   0 0   1 1   2 2   3 3
14 40 4   0 0   1 1   2 2   3 3
14 345 4   0 0   1 1   2 2   3 3
14 75 4   0 0   1 1   2 2   3 3
15 98 4   0 0   1 1   2 2   3 3
15 236 4   0 0   1 1   2 2   3 3
15 190 4   0 0   1 1   2 2   3 3
15 191 4   0 0   1 1   2 2   3 3
16 18 4   0 0   1 1   2 2   3 3
16 194 4   0 0   1 1   2 2   3 3
16 301 4   0 0   1 1   2 2   3 3
16 77 4   0 0   1 1   2 2   3 3
16 45 4   0 0   1 1   2 2   3 3
17 352 4   0 0   1 1   2 2   3 3
17 177 4   0 0   1 1   2 2   3 3
17 115 4   0 0   1 1   2 2   3 3
17 119 4   0 0   1 1   2 2   3 3
17 215 4   0 0   1 1   2 2   3 3
17 232 4   0 0   1 1   2 2   3 3
17 122 4   0 0   1 1   2 2   3 3
17 187 4   0 0   1 1   2 2   3 3
18 208 4   0 0   1 1   2 2   3 3
18 327 4   0 0   1 1   2 2   3 3
18 301 4   0 0   1 1   2 2   3 3
18 79 4   0 0   1 1   2 2   3 3
19 192 4   0 0   1 1   2 2   3 3
19 321 4   0 0   1 1   2 2   3 3
19 196 4   0 0   1 1   2 2   3 3
19 341 4   0 0   1 1   2 2   3 3
19 86 4   0 0   1 1   2 2   3 3
19 136 4   0 0   1 1   2 2   3 3
19 126 4   0 0   1 1   2 2   3 3
20 49 4   0 0   1 1   2 2   3 3
20 330 4   0 0   1 1   2 2   3 3
20 220 4   0 0   1 1   2 2   3 3
20 253 4   0 0   1 1   2 2   3 3
20 30 4   0 0   1 1   2 2   3 3
20 46 4   0 0   1 1   2 2   3 3
21 51 4   0 0   1 1   2 2   3 3
21 356 4   0 0   1 1   2 2   3 3
21 213 4   0 0   1 1   2 2   3 3
21 245 4   0 0   1 1   2 2   3 3
21 262 4   0 0   1 1   2 2   3 3
21 87 4   0 0   1 1   2 2   3 3
22 227 4   0 0   1 1   2 2   3 3
22 164 4   0 0   1 1   2 2   3 3
22 197 4   0 0   1 1   2 2   3 3
22 70 4   0 0   1 1   2 2   3 3
22 201 4   0 0   1 1   2 2   3 3
22 91 4   0 0   1 1   2 2   3 3
22 111 4   0 0   1 1   2 2   3 3
23 65 4   0 0   1 1   2 2   3 3
23 161 4   0 0   1 1   2 2   3 3
23 54 4   0 0   1 1   2 2   3 3
23 57 4   0 0   1 1   2 2   3 3
23 331 4   0 0   1 1   2 2   3 3
23 252 4   0 0   1 1   2 2   3 3
24 144 4   0 0   1 1   2 2   3 3
24 48 4   0 0   1 1   2 2   3 3
24 344 4   0 0   1 1   2 2   3 3
25 160 4   0 0   1 1   2 2   3 3
25 83 4   0 0   1 1   2 2   3 3
25 132 4   0 0   1 1   2 2   3 3
25 184 4   0 0   1 1   2 2   3 3
25 157 4   0 0   1 1   2 2   3 3
25 143 4   0 0   1 1   2 2   3 3
26 257 4   0 0   1 1   2 2   3 3
26 180 4   0 0   1 1   2 2   3 3
26 71 4   0 0   1 1   2 2   3 3
26 202 4   0 0   1 1   2 2   3 3
26 299 4   0 0   1 1   2 2   3 3
26 107 4   0 0   1 1   2 2   3 3
26 92 4   0 0   1 1   2 2   3 3
26 205 4   0 0   1 1   2 2   3 3
27 209 4   0 0   1 1   2 2   3 3
27 276 4   0 0   1 1   2 2   3 3
27 278 4   0 0   1 1   2 2   3 3
27 171 4   0 0   1 1   2 2   3 3
28 179 4   0 0   1 1   2 2   3 3
28 263 4   0 0   1 1   2 2   3 3
28 173 4   0 0   1 1   2 2   3 3
29 306 4   0 0   1 1   2 2   3 3
29 274 4   0 0   1 1   2 2   3 3
29 200 4   0 0   1 1   2 2   3 3
29 264 4   0 0   1 1   2 2   3 3
29 300 4   0 0   1 1   2 2   3 3
29 269 4   0 0   1 1   2 2   3 3
29 175 4   0 0   1 1   2 2   3 3
30 242 4   0 0   1 1   2 2   3 3
30 114 4   0 0   1 1   2 2   3 3
30 330 4   0 0   1 1   2 2   3 3
30 204 4   0 0   1 1   2 2   3 3
30 46 4   0 0   1 1   2 2   3 3
30 286 4   0 0   1 1   2 2   3 3
31 274 4   0 0   1 1   2 2   3 3
31 163 4   0 0   1 1   2 2   3 3
31 198 4   0 0   1 1   2 2   3 3
31 264 4   0 0   1 1   2 2   3 3
32 320 4   0 0   1 1   2 2   3 3
32 315 4   0 0   1 1   2 2   3 3
32 108 4   0 0   1 1   2 2   3 3
32 206 4   0 0   1 1   2 2   3 3
32 238 4   0 0   1 1   2 2   3 3
32 207 4   0 0   1 1   2 2   3 3
33 212 4   0 0   1 1   2 2   3 3
33 149 4   0 0   1 1   2 2   3 3
33 88 4   0 0   1 1   2 2   3 3
33 122 4   0 0   1 1   2 2   3 3
33 335 4   0 0   1 1   2 2   3 3
34 199 4   0 0   1 1   2 2   3 3
34 172 4   0 0   1 1   2 2   3 3
35 128 4   0 0   1 1   2 2   3 3
35 130 4   0 0   1 1   2 2   3 3
35 73 4   0 0   1 1   2 2   3 3
35 62 4   0 0   1 1   2 2   3 3
36 151 4   0 0   1 1   2 2   3 3
36 327 4   0 0   1 1   2 2   3 3
36 251 4   0 0   1 1   2 2   3 3
36 108 4   0 0   1 1   2 2   3 3
36 79 4   0 0   1 1   2 2   3 3
37 113 4   0 0   1 1   2 2   3 3
37 162 4   0 0   1 1   2 2   3 3
37 52 4   0 0   1 1   2 2   3 3
37 166 4   0 0   1 1   2 2   3 3
37 102 4   0 0   1 1   2 2   3 3
37 311 4   0 0   1 1   2 2   3 3
37 297 4   0 0   1 1   2 2   3 3
38 148 4   0 0   1 1   2 2   3 3
38 277 4   0 0   1 1   2 2   3 3
38 39 4   0 0   1 1   2 2   3 3
38 237 4   0 0   1 1   2 2   3 3
38 271 4   0 0   1 1   2 2   3 3
39 209 4   0 0   1 1   2 2   3 3
39 101 4   0 0   1 1   2 2   3 3
39 277 4   0 0   1 1   2 2   3 3
40 224 4   0 0   1 1   2 2   3 3
40 163 4   0 0   1 1   2 2   3 3
40 103 4   0 0   1 1   2 2   3 3
40 283 4   0 0   1 1   2 2   3 3
40 75 4   0 0   1 1   2 2   3 3
40 175 4   0 0   1 1   2 2   3 3
41 208 4   0 0   1 1   2 2   3 3
41 227 4   0 0   1 1   2 2   3 3
41 164 4   0 0   1 1   2 2   3 3
41 358 4   0 0   1 1   2 2   3 3
41 346 4   0 0   1 1   2 2   3 3
41 79 4   0 0   1 1   2 2   3 3
42 243 4   0 0   1 1   2 2   3 3
42 123 4   0 0   1 1   2 2   3 3
42 303 4   0 0   1 1   2 2   3 3
43 80 4   0 0   1 1   2 2   3 3
43 337 4   0 0   1 1   2 2   3 3
43 82 4   0 0   1 1   2 2   3 3
43 260 4   0 0   1 1   2 2   3 3
43 165 4   0 0   1 1   2 2   3 3
44 352 4   0 0   1 1   2 2   3 3
44 240 4   0 0   1 1   2 2   3 3
44 304 4   0 0   1 1   2 2   3 3
44 211 4   0 0   1 1   2 2   3 3
44 134 4   0 0   1 1   2 2   3 3
44 125 4   0 0   1 1   2 2   3 3
44 302 4   0 0   1 1   2 2   3 3
45 242 4   0 0   1 1   2 2   3 3
45 194 4   0 0   1 1   2 2   3 3
45 114 4   0 0   1 1   2 2   3 3
45 204 4   0 0   1 1   2 2   3 3
45 77 4   0 0   1 1   2 2   3 3
46 49 4   0 0   1 1   2 2   3 3
46 242 4   0 0   1 1   2 2   3 3
46 183 4   0 0   1 1   2 2   3 3
46 57 4   0 0   1 1   2 2   3 3
46 298 4   0 0   1 1   2 2   3 3
46 139 4   0 0   1 1   2 2   3 3
47 339 4   0 0   1 1   2 2   3 3
47 213 4   0 0   1 1   2 2   3 3
47 55 4   0 0   1 1   2 2   3 3
47 104 4   0 0   1 1   2 2   3 3
47 56 4   0 0   1 1   2 2   3 3
47 78 4   0 0   1 1   2 2   3 3
47 239 4   0 0   1 1   2 2   3 3
48 259 4   0 0   1 1   2 2   3 3
48 344 4   0 0   1 1   2 2   3 3
48 318 4   0 0   1 1   2 2   3 3
49 54 4   0 0   1 1   2 2   3 3
49 104 4   0 0   1 1   2 2   3 3
49 57 4   0 0   1 1   2 2   3 3
49 253 4   0 0   1 1   2 2   3 3
50 241 4   0 0   1 1   2 2   3 3
50 51 4   0 0   1 1   2 2   3 3
50 356 4   0 0   1 1   2 2   3 3
50 74 4   0 0   1 1   2 2   3 3
51 356 4   0 0   1 1   2 2   3 3
51 100 4   0 0   1 1   2 2   3 3
51 229 4   0 0   1 1   2 2   3 3
51 262 4   0 0   1 1   2 2   3 3
51 74 4   0 0   1 1   2 2   3 3
51 351 4   0 0   1 1   2 2   3 3
52 113 4   0 0   1 1   2 2   3 3
52 305 4   0 0   1 1   2 2   3 3
52 117 4   0 0   1 1   2 2   3 3
52 297 4   0 0   1 1   2 2   3 3
53 314 4   0 0   1 1   2 2   3 3
53 318 4   0 0   1 1   2 2   3 3
54 104 4   0 0   1 1   2 2   3 3
54 56 4   0 0   1 1   2 2   3 3
54 57 4   0 0   1 1   2 2   3 3
54 252 4   0 0   1 1   2 2   3 3
55 258 4   0 0   1 1   2 2   3 3
55 104 4   0 0   1 1   2 2   3 3
55 58 4   0 0   1 1   2 2   3 3
55 253 4   0 0   1 1   2 2   3 3
55 174 4   0 0   1 1   2 2   3 3
55 63 4   0 0   1 1   2 2   3 3
55 239 4   0 0   1 1   2 2   3 3
56 104 4   0 0   1 1   2 2   3 3
56 312 4   0 0   1 1   2 2   3 3
56 252 4   0 0   1 1   2 2   3 3
56 78 4   0 0   1 1   2 2   3 3
57 65 4   0 0   1 1   2 2   3 3
57 359 4   0 0   1 1   2 2   3 3
57 298 4   0 0   1 1   2 2   3 3
58 241 4   0 0   1 1   2 2   3 3
58 258 4   0 0   1 1   2 2   3 3
58 234 4   0 0   1 1   2 2   3 3
58 203 4   0 0   1 1   2 2   3 3
58 174 4   0 0   1 1   2 2   3 3
59 178 4   0 0   1 1   2 2   3 3
59 68 4   0 0   1 1   2 2   3 3
59 325 4   0 0   1 1   2 2   3 3
59 246 4   0 0   1 1   2 2   3 3
59 198 4   0 0   1 1   2 2   3 3
59 94 4   0 0   1 1   2 2   3 3
60 64 4   0 0   1 1   2 2   3 3
60 258 4   0 0   1 1   2 2   3 3
60 228 4   0 0   1 1   2 2   3 3
60 234 4   0 0   1 1   2 2   3 3
60 110 4   0 0   1 1   2 2   3 3
61 193 4   0 0   1 1   2 2   3 3
61 353 4   0 0   1 1   2 2   3 3
61 229 4   0 0   1 1   2 2   3 3
61 154 4   0 0   1 1   2 2   3 3
62 130 4   0 0   1 1   2 2   3 3
62 73 4   0 0   1 1   2 2   3 3
63 64 4   0 0   1 1   2 2   3 3
63 258 4   0 0   1 1   2 2   3 3
63 220 4   0 0   1 1   2 2   3 3
63 253 4   0 0   1 1   2 2   3 3
64 258 4   0 0   1 1   2 2   3 3
64 228 4   0 0   1 1   2 2   3 3
64 197 4   0 0   1 1   2 2   3 3
64 330 4   0 0   1 1   2 2   3 3
64 220 4   0 0   1 1   2 2   3 3
64 286 4   0 0   1 1   2 2   3 3
65 293 4   0 0   1 1   2 2   3 3
65 359 4   0 0   1 1   2 2   3 3
65 331 4   0 0   1 1   2 2   3 3
65 303 4   0 0   1 1   2 2   3 3
66 245 4   0 0   1 1   2 2   3 3
66 134 4   0 0   1 1   2 2   3 3
66 118 4   0 0   1 1   2 2   3 3
66 150 4   0 0   1 1   2 2   3 3
66 87 4   0 0   1 1   2 2   3 3
67 176 4   0 0   1 1   2 2   3 3
67 147 4   0 0   1 1   2 2   3 3
67 116 4   0 0   1 1   2 2   3 3
67 329 4   0 0   1 1   2 2   3 3
68 178 4   0 0   1 1   2 2   3 3
68 246 4   0 0   1 1   2 2   3 3
68 120 4   0 0   1 1   2 2   3 3
68 280 4   0 0   1 1   2 2   3 3
69 342 4   0 0   1 1   2 2   3 3
69 317 4   0 0   1 1   2 2   3 3
70 228 4   0 0   1 1   2 2   3 3
70 197 4   0 0   1 1   2 2   3 3
70 201 4   0 0   1 1   2 2   3 3
70 110 4   0 0   1 1   2 2   3 3
71 322 4   0 0   1 1   2 2   3 3
71 83 4   0 0   1 1   2 2   3 3
71 170 4   0 0   1 1   2 2   3 3
71 107 4   0 0   1 1   2 2   3 3
71 205 4   0 0   1 1   2 2   3 3
72 323 4   0 0   1 1   2 2   3 3
72 263 4   0 0   1 1   2 2   3 3
72 189 4   0 0   1 1   2 2   3 3
73 128 4   0 0   1 1   2 2   3 3
73 290 4   0 0   1 1   2 2   3 3
73 167 4   0 0   1 1   2 2   3 3
73 155 4   0 0   1 1   2 2   3 3
74 241 4   0 0   1 1   2 2   3 3
74 247 4   0 0   1 1   2 2   3 3
74 231 4   0 0   1 1   2 2   3 3
74 249 4   0 0   1 1   2 2   3 3
74 185 4   0 0   1 1   2 2   3 3
74 351 4   0 0   1 1   2 2   3 3
75 357 4   0 0   1 1   2 2   3 3
75 184 4   0 0   1 1   2 2   3 3
75 345 4   0 0   1 1   2 2   3 3
75 236 4   0 0   1 1   2 2   3 3
76 242 4   0 0   1 1   2 2   3 3
76 89 4   0 0   1 1   2 2   3 3
76 301 4   0 0   1 1   2 2   3 3
76 77 4   0 0   1 1   2 2   3 3
76 206 4   0 0   1 1   2 2   3 3
77 242 4   0 0   1 1   2 2   3 3
77 301 4   0 0   1 1   2 2   3 3
78 99 4   0 0   1 1   2 2   3 3
78 213 4   0 0   1 1   2 2   3 3
78 312 4   0 0   1 1   2 2   3 3
78 158 4   0 0   1 1   2 2   3 3
79 208 4   0 0   1 1   2 2   3 3
79 358 4   0 0   1 1   2 2   3 3
79 327 4   0 0   1 1   2 2   3 3
79 251 4   0 0   1 1   2 2   3 3
80 275 4   0 0   1 1   2 2   3 3
80 165 4   0 0   1 1   2 2   3 3
80 233 4   0 0   1 1   2 2   3 3
81 256 4   0 0   1 1   2 2   3 3
81 226 4   0 0   1 1   2 2   3 3
81 199 4   0 0   1 1   2 2   3 3
81 223 4   0 0   1 1   2 2   3 3
82 337 4   0 0   1 1   2 2   3 3
82 348 4   0 0   1 1   2 2   3 3
83 322 4   0 0   1 1   2 2   3 3
83 157 4   0 0   1 1   2 2   3 3
83 205 4   0 0   1 1   2 2   3 3
83 143 4   0 0   1 1   2 2   3 3
84 259 4   0 0   1 1   2 2   3 3
84 344 4   0 0   1 1   2 2   3 3
84 250 4   0 0   1 1   2 2   3 3
84 317 4   0 0   1 1   2 2   3 3
85 321 4   0 0   1 1   2 2   3 3
85 355 4   0 0   1 1   2 2   3 3
85 340 4   0 0   1 1   2 2   3 3
85 216 4   0 0   1 1   2 2   3 3
85 105 4   0 0   1 1   2 2   3 3
85 268 4   0 0   1 1   2 2   3 3
85 159 4   0 0   1 1   2 2   3 3
86 341 4   0 0   1 1   2 2   3 3
86 126 4   0 0   1 1   2 2   3 3
86 223 4   0 0   1 1   2 2   3 3
87 96 4   0 0   1 1   2 2   3 3
87 245 4   0 0   1 1   2 2   3 3
87 262 4   0 0   1 1   2 2   3 3
87 150 4   0 0   1 1   2 2   3 3
87 284 4   0 0   1 1   2 2   3 3
88 212 4   0 0   1 1   2 2   3 3
88 149 4   0 0   1 1   2 2   3 3
88 169 4   0 0   1 1   2 2   3 3
88 141 4   0 0   1 1   2 2   3 3
89 242 4   0 0   1 1   2 2   3 3
89 148 4   0 0   1 1   2 2   3 3
89 139 4   0 0   1 1   2 2   3 3
90 209 4   0 0   1 1   2 2   3 3
90 101 4   0 0   1 1   2 2   3 3
90 171 4   0 0   1 1   2 2   3 3
90 315 4   0 0   1 1   2 2   3 3
90 238 4   0 0   1 1   2 2   3 3
91 336 4   0 0   1 1   2 2   3 3
91 197 4   0 0   1 1   2 2   3 3
91 111 4   0 0   1 1   2 2   3 3
92 145 4   0 0   1 1   2 2   3 3
92 308 4   0 0   1 1   2 2   3 3
92 216 4   0 0   1 1   2 2   3 3
92 218 4   0 0   1 1   2 2   3 3
92 299 4   0 0   1 1   2 2   3 3
92 107 4   0 0   1 1   2 2   3 3
92 319 4   0 0   1 1   2 2   3 3
93 176 4   0 0   1 1   2 2   3 3
93 116 4   0 0   1 1   2 2   3 3
93 357 4   0 0   1 1   2 2   3 3
93 202 4   0 0   1 1   2 2   3 3
93 235 4   0 0   1 1   2 2   3 3
94 97 4   0 0   1 1   2 2   3 3
94 274 4   0 0   1 1   2 2   3 3
94 325 4   0 0   1 1   2 2   3 3
94 342 4   0 0   1 1   2 2   3 3
94 198 4   0 0   1 1   2 2   3 3
95 293 4   0 0   1 1   2 2   3 3
95 359 4   0 0   1 1   2 2   3 3
95 168 4   0 0   1 1   2 2   3 3
95 138 4   0 0   1 1   2 2   3 3
96 146 4   0 0   1 1   2 2   3 3
96 229 4   0 0   1 1   2 2   3 3
96 262 4   0 0   1 1   2 2   3 3
96 284 4   0 0   1 1   2 2   3 3
97 274 4   0 0   1 1   2 2   3 3
97 342 4   0 0   1 1   2 2   3 3
97 250 4   0 0   1 1   2 2   3 3
97 269 4   0 0   1 1   2 2   3 3
98 236 4   0 0   1 1   2 2   3 3
98 190 4   0 0   1 1   2 2   3 3
99 195 4   0 0   1 1   2 2   3 3
99 213 4   0 0   1 1   2 2   3 3
99 282 4   0 0   1 1   2 2   3 3
99 158 4   0 0   1 1   2 2   3 3
100 193 4   0 0   1 1   2 2   3 3
100 229 4   0 0   1 1   2 2   3 3
100 154 4   0 0   1 1   2 2   3 3
100 351 4   0 0   1 1   2 2   3 3
100 255 4   0 0   1 1   2 2   3 3
101 209 4   0 0   1 1   2 2   3 3
101 277 4   0 0   1 1   2 2   3 3
101 238 4   0 0   1 1   2 2   3 3
101 207 4   0 0   1 1   2 2   3 3
102 162 4   0 0   1 1   2 2   3 3
102 297 4   0 0   1 1   2 2   3 3
102 188 4   0 0   1 1   2 2   3 3
103 226 4   0 0   1 1   2 2   3 3
103 292 4   0 0   1 1   2 2   3 3
103 283 4   0 0   1 1   2 2   3 3
103 175 4   0 0   1 1   2 2   3 3
103 223 4   0 0   1 1   2 2   3 3
104 253 4   0 0   1 1   2 2   3 3
105 145 4   0 0   1 1   2 2   3 3
105 355 4   0 0   1 1   2 2   3 3
105 216 4   0 0   1 1   2 2   3 3
106 162 4   0 0   1 1   2 2   3 3
106 181 4   0 0   1 1   2 2   3 3
106 166 4   0 0   1 1   2 2   3 3
106 316 4   0 0   1 1   2 2   3 3
106 188 4   0 0   1 1   2 2   3 3
107 308 4   0 0   1 1   2 2   3 3
107 170 4   0 0   1 1   2 2   3 3
108 151 4   0 0   1 1   2 2   3 3
108 327 4   0 0   1 1   2 2   3 3
108 270 4   0 0   1 1   2 2   3 3
108 206 4   0 0   1 1   2 2   3 3
109 112 4   0 0   1 1   2 2   3 3
109 273 4   0 0   1 1   2 2   3 3
109 289 4   0 0   1 1   2 2   3 3
109 354 4   0 0   1 1   2 2   3 3
109 275 4   0 0   1 1   2 2   3 3
110 228 4   0 0   1 1   2 2   3 3
110 201 4   0 0   1 1   2 2   3 3
110 234 4   0 0   1 1   2 2   3 3
111 208 4   0 0   1 1   2 2   3 3
111 336 4   0 0   1 1   2 2   3 3
111 227 4   0 0   1 1   2 2   3 3
112 288 4   0 0   1 1   2 2   3 3
112 273 4   0 0   1 1   2 2   3 3
112 289 4   0 0   1 1   2 2   3 3
112 324 4   0 0   1 1   2 2   3 3
112 309 4   0 0   1 1   2 2   3 3
112 215 4   0 0   1 1   2 2   3 3
112 121 4   0 0   1 1   2 2   3 3
113 305 4   0 0   1 1   2 2   3 3
113 311 4   0 0   1 1   2 2   3 3
114 242 4   0 0   1 1   2 2   3 3
114 204 4   0 0   1 1   2 2   3 3
115 177 4   0 0   1 1   2 2   3 3
115 214 4   0 0   1 1   2 2   3 3
115 215 4   0 0   1 1   2 2   3 3
115 285 4   0 0   1 1   2 2   3 3
115 127 4   0 0   1 1   2 2   3 3
116 176 4   0 0   1 1   2 2   3 3
116 257 4   0 0   1 1   2 2   3 3
116 147 4   0 0   1 1   2 2   3 3
116 281 4   0 0   1 1   2 2   3 3
116 202 4   0 0   1 1   2 2   3 3
117 305 4   0 0   1 1   2 2   3 3
117 309 4   0 0   1 1   2 2   3 3
117 214 4   0 0   1 1   2 2   3 3
117 186 4   0 0   1 1   2 2   3 3
117 221 4   0 0   1 1   2 2   3 3
118 337 4   0 0   1 1   2 2   3 3
118 307 4   0 0   1 1   2 2   3 3
118 134 4   0 0   1 1   2 2   3 3
118 150 4   0 0   1 1   2 2   3 3
119 177 4   0 0   1 1   2 2   3 3
119 308 4   0 0   1 1   2 2   3 3
119 295 4   0 0   1 1   2 2   3 3
119 170 4   0 0   1 1   2 2   3 3
119 218 4   0 0   1 1   2 2   3 3
119 187 4   0 0   1 1   2 2   3 3
120 131 4   0 0   1 1   2 2   3 3
120 246 4   0 0   1 1   2 2   3 3
120 310 4   0 0   1 1   2 2   3 3
120 280 4   0 0   1 1   2 2   3 3
120 265 4   0 0   1 1   2 2   3 3
120 333 4   0 0   1 1   2 2   3 3
121 289 4   0 0   1 1   2 2   3 3
121 309 4   0 0   1 1   2 2   3 3
121 135 4   0 0   1 1   2 2   3 3
122 212 4   0 0   1 1   2 2   3 3
122 232 4   0 0   1 1   2 2   3 3
122 187 4   0 0   1 1   2 2   3 3
122 222 4   0 0   1 1   2 2   3 3
122 335 4   0 0   1 1   2 2   3 3
123 243 4   0 0   1 1   2 2   3 3
123 331 4   0 0   1 1   2 2   3 3
123 141 4   0 0   1 1   2 2   3 3
123 142 4   0 0   1 1   2 2   3 3
123 303 4   0 0   1 1   2 2   3 3
124 192 4   0 0   1 1   2 2   3 3
124 147 4   0 0   1 1   2 2   3 3
124 340 4   0 0   1 1   2 2   3 3
124 136 4   0 0   1 1   2 2   3 3
124 266 4   0 0   1 1   2 2   3 3
125 304 4   0 0   1 1   2 2   3 3
125 211 4   0 0   1 1   2 2   3 3
125 165 4   0 0   1 1   2 2   3 3
125 233 4   0 0   1 1   2 2   3 3
126 256 4   0 0   1 1   2 2   3 3
126 196 4   0 0   1 1   2 2   3 3
126 223 4   0 0   1 1   2 2   3 3
127 288 4   0 0   1 1   2 2   3 3
127 324 4   0 0   1 1   2 2   3 3
127 309 4   0 0   1 1   2 2   3 3
127 214 4   0 0   1 1   2 2   3 3
127 285 4   0 0   1 1   2 2   3 3
128 290 4   0 0   1 1   2 2   3 3
128 130 4   0 0   1 1   2 2   3 3
128 333 4   0 0   1 1   2 2   3 3
129 178 4   0 0   1 1   2 2   3 3
129 280 4   0 0   1 1   2 2   3 3
129 345 4   0 0   1 1   2 2   3 3
129 236 4   0 0   1 1   2 2   3 3
129 191 4   0 0   1 1   2 2   3 3
130 333 4   0 0   1 1   2 2   3 3
131 293 4   0 0   1 1   2 2   3 3
131 168 4   0 0   1 1   2 2   3 3
131 265 4   0 0   1 1   2 2   3 3
131 333 4   0 0   1 1   2 2   3 3
131 271 4   0 0   1 1   2 2   3 3
132 160 4   0 0   1 1   2 2   3 3
132 169 4   0 0   1 1   2 2   3 3
132 157 4   0 0   1 1   2 2   3 3
132 141 4   0 0   1 1   2 2   3 3
132 142 4   0 0   1 1   2 2   3 3
133 161 4   0 0   1 1   2 2   3 3
133 210 4   0 0   1 1   2 2   3 3
133 326 4   0 0   1 1   2 2   3 3
133 230 4   0 0   1 1   2 2   3 3
133 331 4   0 0   1 1   2 2   3 3
133 267 4   0 0   1 1   2 2   3 3
133 219 4   0 0   1 1   2 2   3 3
133 141 4   0 0   1 1   2 2   3 3
133 302 4   0 0   1 1   2 2   3 3
134 304 4   0 0   1 1   2 2   3 3
134 307 4   0 0   1 1   2 2   3 3
134 302 4   0 0   1 1   2 2   3 3
135 309 4   0 0   1 1   2 2   3 3
136 192 4   0 0   1 1   2 2   3 3
136 147 4   0 0   1 1   2 2   3 3
136 341 4   0 0   1 1   2 2   3 3
136 287 4   0 0   1 1   2 2   3 3
137 247 4   0 0   1 1   2 2   3 3
137 201 4   0 0   1 1   2 2   3 3
137 313 4   0 0   1 1   2 2   3 3
137 350 4   0 0   1 1   2 2   3 3
138 183 4   0 0   1 1   2 2   3 3
138 359 4   0 0   1 1   2 2   3 3
138 168 4   0 0   1 1   2 2   3 3
138 298 4   0 0   1 1   2 2   3 3
138 237 4   0 0   1 1   2 2   3 3
139 242 4   0 0   1 1   2 2   3 3
139 148 4   0 0   1 1   2 2   3 3
139 183 4   0 0   1 1   2 2   3 3
140 320 4   0 0   1 1   2 2   3 3
140 148 4   0 0   1 1   2 2   3 3
140 277 4   0 0   1 1   2 2   3 3
140 207 4   0 0   1 1   2 2   3 3
141 149 4   0 0   1 1   2 2   3 3
141 169 4   0 0   1 1   2 2   3 3
141 331 4   0 0   1 1   2 2   3 3
141 267 4   0 0   1 1   2 2   3 3
141 142 4   0 0   1 1   2 2   3 3
142 160 4   0 0   1 1   2 2   3 3
142 243 4   0 0   1 1   2 2   3 3
143 180 4   0 0   1 1   2 2   3 3
143 184 4   0 0   1 1   2 2   3 3
143 205 4   0 0   1 1   2 2   3 3
144 344 4   0 0   1 1   2 2   3 3
144 317 4   0 0   1 1   2 2   3 3
144 254 4   0 0   1 1   2 2   3 3
145 355 4   0 0   1 1   2 2   3 3
145 296 4   0 0   1 1   2 2   3 3
145 216 4   0 0   1 1   2 2   3 3
145 281 4   0 0   1 1   2 2   3 3
145 266 4   0 0   1 1   2 2   3 3
145 299 4   0 0   1 1   2 2   3 3
146 337 4   0 0   1 1   2 2   3 3
146 323 4   0 0   1 1   2 2   3 3
146 229 4   0 0   1 1   2 2   3 3
146 150 4   0 0   1 1   2 2   3 3
146 284 4   0 0   1 1   2 2   3 3
147 329 4   0 0   1 1   2 2   3 3
147 281 4   0 0   1 1   2 2   3 3
147 266 4   0 0   1 1   2 2   3 3
147 287 4   0 0   1 1   2 2   3 3
148 277 4   0 0   1 1   2 2   3 3
148 183 4   0 0   1 1   2 2   3 3
148 237 4   0 0   1 1   2 2   3 3
149 267 4   0 0   1 1   2 2   3 3
149 335 4   0 0   1 1   2 2   3 3
150 337 4   0 0   1 1   2 2   3 3
150 284 4   0 0   1 1   2 2   3 3
151 358 4   0 0   1 1   2 2   3 3
151 251 4   0 0   1 1   2 2   3 3
151 270 4   0 0   1 1   2 2   3 3
152 179 4   0 0   1 1   2 2   3 3
152 185 4   0 0   1 1   2 2   3 3
152 347 4   0 0   1 1   2 2   3 3
152 173 4   0 0   1 1   2 2   3 3
152 350 4   0 0   1 1   2 2   3 3
153 290 4   0 0   1 1   2 2   3 3
153 291 4   0 0   1 1   2 2   3 3
153 261 4   0 0   1 1   2 2   3 3
153 246 4   0 0   1 1   2 2   3 3
153 217 4   0 0   1 1   2 2   3 3
153 332 4   0 0   1 1   2 2   3 3
154 193 4   0 0   1 1   2 2   3 3
154 353 4   0 0   1 1   2 2   3 3
154 279 4   0 0   1 1   2 2   3 3
154 328 4   0 0   1 1   2 2   3 3
154 255 4   0 0   1 1   2 2   3 3
155 290 4   0 0   1 1   2 2   3 3
155 291 4   0 0   1 1   2 2   3 3
155 276 4   0 0   1 1   2 2   3 3
155 294 4   0 0   1 1   2 2   3 3
155 182 4   0 0   1 1   2 2   3 3
155 167 4   0 0   1 1   2 2   3 3
156 352 4   0 0   1 1   2 2   3 3
156 232 4   0 0   1 1   2 2   3 3
156 334 4   0 0   1 1   2 2   3 3
156 222 4   0 0   1 1   2 2   3 3
157 322 4   0 0   1 1   2 2   3 3
157 212 4   0 0   1 1   2 2   3 3
157 169 4   0 0   1 1   2 2   3 3
157 187 4   0 0   1 1   2 2   3 3
158 161 4   0 0   1 1   2 2   3 3
158 312 4   0 0   1 1   2 2   3 3
158 282 4   0 0   1 1   2 2   3 3
159 321 4   0 0   1 1   2 2   3 3
159 196 4   0 0   1 1   2 2   3 3
160 243 4   0 0   1 1   2 2   3 3
161 326 4   0 0   1 1   2 2   3 3
161 312 4   0 0   1 1   2 2   3 3
161 282 4   0 0   1 1   2 2   3 3
161 331 4   0 0   1 1   2 2   3 3
161 252 4   0 0   1 1   2 2   3 3
162 166 4   0 0   1 1   2 2   3 3
162 188 4   0 0   1 1   2 2   3 3
163 178 4   0 0   1 1   2 2   3 3
163 198 4   0 0   1 1   2 2   3 3
163 264 4   0 0   1 1   2 2   3 3
163 345 4   0 0   1 1   2 2   3 3
163 175 4   0 0   1 1   2 2   3 3
164 227 4   0 0   1 1   2 2   3 3
165 304 4   0 0   1 1   2 2   3 3
165 337 4   0 0   1 1   2 2   3 3
165 307 4   0 0   1 1   2 2   3 3
165 260 4   0 0   1 1   2 2   3 3
165 233 4   0 0   1 1   2 2   3 3
166 181 4   0 0   1 1   2 2   3 3
166 311 4   0 0   1 1   2 2   3 3
166 216 4   0 0   1 1   2 2   3 3
166 319 4   0 0   1 1   2 2   3 3
167 276 4   0 0   1 1   2 2   3 3
168 293 4   0 0   1 1   2 2   3 3
168 237 4   0 0   1 1   2 2   3 3
168 271 4   0 0   1 1   2 2   3 3
169 212 4   0 0   1 1   2 2   3 3
170 322 4   0 0   1 1   2 2   3 3
170 308 4   0 0   1 1   2 2   3 3
170 187 4   0 0   1 1   2 2   3 3
171 209 4   0 0   1 1   2 2   3 3
171 315 4   0 0   1 1   2 2   3 3
172 306 4   0 0   1 1   2 2   3 3
172 226 4   0 0   1 1   2 2   3 3
172 300 4   0 0   1 1   2 2   3 3
173 179 4   0 0   1 1   2 2   3 3
173 279 4   0 0   1 1   2 2   3 3
173 263 4   0 0   1 1   2 2   3 3
173 328 4   0 0   1 1   2 2   3 3
173 185 4   0 0   1 1   2 2   3 3
174 241 4   0 0   1 1   2 2   3 3
174 339 4   0 0   1 1   2 2   3 3
174 203 4   0 0   1 1   2 2   3 3
174 239 4   0 0   1 1   2 2   3 3
175 306 4   0 0   1 1   2 2   3 3
175 226 4   0 0   1 1   2 2   3 3
175 264 4   0 0   1 1   2 2   3 3
176 357 4   0 0   1 1   2 2   3 3
176 329 4   0 0   1 1   2 2   3 3
177 214 4   0 0   1 1   2 2   3 3
177 295 4   0 0   1 1   2 2   3 3
177 186 4   0 0   1 1   2 2   3 3
178 198 4   0 0   1 1   2 2   3 3
178 280 4   0 0   1 1   2 2   3 3
178 345 4   0 0   1 1   2 2   3 3
179 350 4   0 0   1 1   2 2   3 3
180 184 4   0 0   1 1   2 2   3 3
180 202 4   0 0   1 1   2 2   3 3
180 235 4   0 0   1 1   2 2   3 3
180 205 4   0 0   1 1   2 2   3 3
181 216 4   0 0   1 1   2 2   3 3
181 268 4   0 0   1 1   2 2   3 3
182 291 4   0 0   1 1   2 2   3 3
182 276 4   0 0   1 1   2 2   3 3
182 278 4   0 0   1 1   2 2   3 3
182 294 4   0 0   1 1   2 2   3 3
183 298 4   0 0   1 1   2 2   3 3
183 237 4   0 0   1 1   2 2   3 3
184 357 4   0 0   1 1   2 2   3 3
184 235 4   0 0   1 1   2 2   3 3
184 236 4   0 0   1 1   2 2   3 3
185 231 4   0 0   1 1   2 2   3 3
185 328 4   0 0   1 1   2 2   3 3
185 347 4   0 0   1 1   2 2   3 3
185 351 4   0 0   1 1   2 2   3 3
185 255 4   0 0   1 1   2 2   3 3
186 338 4   0 0   1 1   2 2   3 3
186 214 4   0 0   1 1   2 2   3 3
186 295 4   0 0   1 1   2 2   3 3
186 221 4   0 0   1 1   2 2   3 3
187 322 4   0 0   1 1   2 2   3 3
187 212 4   0 0   1 1   2 2   3 3
188 343 4   0 0   1 1   2 2   3 3
188 316 4   0 0   1 1   2 2   3 3
189 337 4   0 0   1 1   2 2   3 3
189 323 4   0 0   1 1   2 2   3 3
189 348 4   0 0   1 1   2 2   3 3
190 310 4   0 0   1 1   2 2   3 3
190 280 4   0 0   1 1   2 2   3 3
190 191 4   0 0   1 1   2 2   3 3
191 280 4   0 0   1 1   2 2   3 3
191 236 4   0 0   1 1   2 2   3 3
192 321 4   0 0   1 1   2 2   3 3
192 340 4   0 0   1 1   2 2   3 3
193 229 4   0 0   1 1   2 2   3 3
194 336 4   0 0   1 1   2 2   3 3
194 272 4   0 0   1 1   2 2   3 3
194 204 4   0 0   1 1   2 2   3 3
195 244 4   0 0   1 1   2 2   3 3
195 213 4   0 0   1 1   2 2   3 3
195 245 4   0 0   1 1   2 2   3 3
195 326 4   0 0   1 1   2 2   3 3
195 282 4   0 0   1 1   2 2   3 3
196 321 4   0 0   1 1   2 2   3 3
197 336 4   0 0   1 1   2 2   3 3
197 272 4   0 0   1 1   2 2   3 3
197 228 4   0 0   1 1   2 2   3 3
197 286 4   0 0   1 1   2 2   3 3
198 274 4   0 0   1 1   2 2   3 3
199 256 4   0 0   1 1   2 2   3 3
200 259 4   0 0   1 1   2 2   3 3
200 314 4   0 0   1 1   2 2   3 3
200 300 4   0 0   1 1   2 2   3 3
200 318 4   0 0   1 1   2 2   3 3
201 247 4   0 0   1 1   2 2   3 3
201 248 4   0 0   1 1   2 2   3 3
201 234 4   0 0   1 1   2 2   3 3
202 257 4   0 0   1 1   2 2   3 3
202 235 4   0 0   1 1   2 2   3 3
203 241 4   0 0   1 1   2 2   3 3
204 272 4   0 0   1 1   2 2   3 3
204 286 4   0 0   1 1   2 2   3 3
206 320 4   0 0   1 1   2 2   3 3
206 327 4   0 0   1 1   2 2   3 3
206 301 4   0 0   1 1   2 2   3 3
207 320 4   0 0   1 1   2 2   3 3
207 277 4   0 0   1 1   2 2   3 3
207 238 4   0 0   1 1   2 2   3 3
208 227 4   0 0   1 1   2 2   3 3
209 276 4   0 0   1 1   2 2   3 3
210 219 4   0 0   1 1   2 2   3 3
210 349 4   0 0   1 1   2 2   3 3
210 302 4   0 0   1 1   2 2   3 3
211 240 4   0 0   1 1   2 2   3 3
211 354 4   0 0   1 1   2 2   3 3
211 275 4   0 0   1 1   2 2   3 3
211 233 4   0 0   1 1   2 2   3 3
213 339 4   0 0   1 1   2 2   3 3
213 356 4   0 0   1 1   2 2   3 3
213 245 4   0 0   1 1   2 2   3 3
214 309 4   0 0   1 1   2 2   3 3
215 352 4   0 0   1 1   2 2   3 3
215 288 4   0 0   1 1   2 2   3 3
215 273 4   0 0   1 1   2 2   3 3
215 285 4   0 0   1 1   2 2   3 3
216 268 4   0 0   1 1   2 2   3 3
216 319 4   0 0   1 1   2 2   3 3
217 290 4   0 0   1 1   2 2   3 3
217 291 4   0 0   1 1   2 2   3 3
218 308 4   0 0   1 1   2 2   3 3
218 295 4   0 0   1 1   2 2   3 3
218 319 4   0 0   1 1   2 2   3 3
219 230 4   0 0   1 1   2 2   3 3
219 349 4   0 0   1 1   2 2   3 3
220 330 4   0 0   1 1   2 2   3 3
221 225 4   0 0   1 1   2 2   3 3
221 305 4   0 0   1 1   2 2   3 3
221 338 4   0 0   1 1   2 2   3 3
221 311 4   0 0   1 1   2 2   3 3
222 232 4   0 0   1 1   2 2   3 3
222 334 4   0 0   1 1   2 2   3 3
222 335 4   0 0   1 1   2 2   3 3
223 256 4   0 0   1 1   2 2   3 3
223 226 4   0 0   1 1   2 2   3 3
223 292 4   0 0   1 1   2 2   3 3
223 341 4   0 0   1 1   2 2   3 3
224 292 4   0 0   1 1   2 2   3 3
224 329 4   0 0   1 1   2 2   3 3
224 283 4   0 0   1 1   2 2   3 3
225 338 4   0 0   1 1   2 2   3 3
225 295 4   0 0   1 1   2 2   3 3
225 311 4   0 0   1 1   2 2   3 3
225 319 4   0 0   1 1   2 2   3 3
226 306 4   0 0   1 1   2 2   3 3
229 353 4   0 0   1 1   2 2   3 3
229 323 4   0 0   1 1   2 2   3 3
229 262 4   0 0   1 1   2 2   3 3
230 326 4   0 0   1 1   2 2   3 3
230 349 4   0 0   1 1   2 2   3 3
231 247 4   0 0   1 1   2 2   3 3
231 313 4   0 0   1 1   2 2   3 3
231 347 4   0 0   1 1   2 2   3 3
232 352 4   0 0   1 1   2 2   3 3
233 275 4   0 0   1 1   2 2   3 3
234 241 4   0 0   1 1   2 2   3 3
234 258 4   0 0   1 1   2 2   3 3
234 248 4   0 0   1 1   2 2   3 3
234 249 4   0 0   1 1   2 2   3 3
235 357 4   0 0   1 1   2 2   3 3
236 345 4   0 0   1 1   2 2   3 3
237 271 4   0 0   1 1   2 2   3 3
238 315 4   0 0   1 1   2 2   3 3
239 339 4   0 0   1 1   2 2   3 3
240 352 4   0 0   1 1   2 2   3 3
240 273 4   0 0   1 1   2 2   3 3
240 354 4   0 0   1 1   2 2   3 3
241 339 4   0 0   1 1   2 2   3 3
241 356 4   0 0   1 1   2 2   3 3
241 249 4   0 0   1 1   2 2   3 3
243 303 4   0 0   1 1   2 2   3 3
244 245 4   0 0   1 1   2 2   3 3
244 326 4   0 0   1 1   2 2   3 3
244 349 4   0 0   1 1   2 2   3 3
245 349 4   0 0   1 1   2 2   3 3
245 302 4   0 0   1 1   2 2   3 3
246 290 4   0 0   1 1   2 2   3 3
246 325 4   0 0   1 1   2 2   3 3
246 332 4   0 0   1 1   2 2   3 3
246 333 4   0 0   1 1   2 2   3 3
247 248 4   0 0   1 1   2 2   3 3
247 313 4   0 0   1 1   2 2   3 3
247 249 4   0 0   1 1   2 2   3 3
248 249 4   0 0   1 1   2 2   3 3
250 259 4   0 0   1 1   2 2   3 3
250 342 4   0 0   1 1   2 2   3 3
250 269 4   0 0   1 1   2 2   3 3
251 358 4   0 0   1 1   2 2   3 3
252 312 4   0 0   1 1   2 2   3 3
254 261 4   0 0   1 1   2 2   3 3
254 325 4   0 0   1 1   2 2   3 3
254 332 4   0 0   1 1   2 2   3 3
254 317 4   0 0   1 1   2 2   3 3
255 328 4   0 0   1 1   2 2   3 3
255 351 4   0 0   1 1   2 2   3 3
257 281 4   0 0   1 1   2 2   3 3
257 299 4   0 0   1 1   2 2   3 3
259 344 4   0 0   1 1   2 2   3 3
259 269 4   0 0   1 1   2 2   3 3
259 318 4   0 0   1 1   2 2   3 3
260 337 4   0 0   1 1   2 2   3 3
261 291 4   0 0   1 1   2 2   3 3
261 278 4   0 0   1 1   2 2   3 3
261 332 4   0 0   1 1   2 2   3 3
263 323 4   0 0   1 1   2 2   3 3
263 279 4   0 0   1 1   2 2   3 3
264 274 4   0 0   1 1   2 2   3 3
265 293 4   0 0   1 1   2 2   3 3
265 310 4   0 0   1 1   2 2   3 3
266 355 4   0 0   1 1   2 2   3 3
266 340 4   0 0   1 1   2 2   3 3
266 296 4   0 0   1 1   2 2   3 3
266 281 4   0 0   1 1   2 2   3 3
267 334 4   0 0   1 1   2 2   3 3
267 302 4   0 0   1 1   2 2   3 3
267 335 4   0 0   1 1   2 2   3 3
269 274 4   0 0   1 1   2 2   3 3
270 358 4   0 0   1 1   2 2   3 3
270 346 4   0 0   1 1   2 2   3 3
272 336 4   0 0   1 1   2 2   3 3
272 286 4   0 0   1 1   2 2   3 3
273 354 4   0 0   1 1   2 2   3 3
275 354 4   0 0   1 1   2 2   3 3
276 278 4   0 0   1 1   2 2   3 3
276 294 4   0 0   1 1   2 2   3 3
278 291 4   0 0   1 1   2 2   3 3
279 353 4   0 0   1 1   2 2   3 3
279 323 4   0 0   1 1   2 2   3 3
279 328 4   0 0   1 1   2 2   3 3
280 310 4   0 0   1 1   2 2   3 3
281 299 4   0 0   1 1   2 2   3 3
282 326 4   0 0   1 1   2 2   3 3
283 292 4   0 0   1 1   2 2   3 3
285 288 4   0 0   1 1   2 2   3 3
286 330 4   0 0   1 1   2 2   3 3
287 292 4   0 0   1 1   2 2   3 3
287 341 4   0 0   1 1   2 2   3 3
287 329 4   0 0   1 1   2 2   3 3
288 324 4   0 0   1 1   2 2   3 3
290 291 4   0 0   1 1   2 2   3 3
290 333 4   0 0   1 1   2 2   3 3
292 341 4   0 0   1 1   2 2   3 3
292 329 4   0 0   1 1   2 2   3 3
293 310 4   0 0   1 1   2 2   3 3
293 359 4   0 0   1 1   2 2   3 3
293 303 4   0 0   1 1   2 2   3 3
295 338 4   0 0   1 1   2 2   3 3
295 319 4   0 0   1 1   2 2   3 3
296 355 4   0 0   1 1   2 2   3 3
298 359 4   0 0   1 1   2 2   3 3
300 306 4   0 0   1 1   2 2   3 3
300 314 4   0 0   1 1   2 2   3 3
301 327 4   0 0   1 1   2 2   3 3
302 352 4   0 0   1 1   2 2   3 3
302 349 4   0 0   1 1   2 2   3 3
302 334 4   0 0   1 1   2 2   3 3
303 331 4   0 0   1 1   2 2   3 3
304 307 4   0 0   1 1   2 2   3 3
305 311 4   0 0   1 1   2 2   3 3
307 337 4   0 0   1 1   2 2   3 3
309 324 4   0 0   1 1   2 2   3 3
311 319 4   0 0   1 1   2 2   3 3
313 347 4   0 0   1 1   2 2   3 3
313 350 4   0 0   1 1   2 2   3 3
314 318 4   0 0   1 1   2 2   3 3
316 343 4   0 0   1 1   2 2   3 3
317 325 4   0 0   1 1   2 2   3 3
317 342 4   0 0   1 1   2 2   3 3
317 344 4   0 0   1 1   2 2   3 3
321 340 4   0 0   1 1   2 2   3 3
323 353 4   0 0   1 1   2 2   3 3
323 337 4   0 0   1 1   2 2   3 3
325 342 4   0 0   1 1   2 2   3 3
325 332 4   0 0   1 1   2 2   3 3
326 349 4   0 0   1 1   2 2   3 3
334 352 4   0 0   1 1   2 2   3 3
334 335 4   0 0   1 1   2 2   3 3
337 348 4   0 0   1 1   2 2   3 3
339 356 4   0 0   1 1   2 2   3 3
340 355 4   0 0   1 1   2 2   3 3
346 358 4   0 0   1 1   2 2   3 3
347 350 4   0 0   1 1   2 2   3 3
