358
1 4 0 1 2 3
2 4 0 1 2 3
3 4 0 1 2 3
4 4 0 1 2 3
5 4 0 1 2 3
6 4 0 1 2 3
7 4 0 1 2 3
8 4 0 1 2 3
9 4 0 1 2 3
10 4 0 1 2 3
11 4 0 1 2 3
12 4 0 1 2 3
13 4 0 1 2 3
14 4 0 1 2 3
15 4 0 1 2 3
16 4 0 1 2 3
17 4 0 1 2 3
18 4 0 1 2 3
19 4 0 1 2 3
20 4 0 1 2 3
21 4 0 1 2 3
22 4 0 1 2 3
23 4 0 1 2 3
24 4 0 1 2 3
25 4 0 1 2 3
26 4 0 1 2 3
27 4 0 1 2 3
28 4 0 1 2 3
29 4 0 1 2 3
30 4 0 1 2 3
31 4 0 1 2 3
32 4 0 1 2 3
33 4 0 1 2 3
34 4 0 1 2 3
35 4 0 1 2 3
36 4 0 1 2 3
37 4 0 1 2 3
38 4 0 1 2 3
39 4 0 1 2 3
40 4 0 1 2 3
41 4 0 1 2 3
42 4 0 1 2 3
43 4 0 1 2 3
44 4 0 1 2 3
45 4 0 1 2 3
46 4 0 1 2 3
47 4 0 1 2 3
48 4 0 1 2 3
49 4 0 1 2 3
50 4 0 1 2 3
51 4 0 1 2 3
52 4 0 1 2 3
53 4 0 1 2 3
54 4 0 1 2 3
55 4 0 1 2 3
56 4 0 1 2 3
57 4 0 1 2 3
58 4 0 1 2 3
59 4 0 1 2 3
60 4 0 1 2 3
61 4 0 1 2 3
62 4 0 1 2 3
63 4 0 1 2 3
64 4 0 1 2 3
65 4 0 1 2 3
66 4 0 1 2 3
67 4 0 1 2 3
68 4 0 1 2 3
69 4 0 1 2 3
70 4 0 1 2 3
71 4 0 1 2 3
72 4 0 1 2 3
73 4 0 1 2 3
74 4 0 1 2 3
75 4 0 1 2 3
76 4 0 1 2 3
77 4 0 1 2 3
78 4 0 1 2 3
79 4 0 1 2 3
80 4 0 1 2 3
81 4 0 1 2 3
82 4 0 1 2 3
83 4 0 1 2 3
84 4 0 1 2 3
85 4 0 1 2 3
86 4 0 1 2 3
87 4 0 1 2 3
88 4 0 1 2 3
89 4 0 1 2 3
90 4 0 1 2 3
91 4 0 1 2 3
92 4 0 1 2 3
93 4 0 1 2 3
94 4 0 1 2 3
95 4 0 1 2 3
96 4 0 1 2 3
97 4 0 1 2 3
98 4 0 1 2 3
99 4 0 1 2 3
100 4 0 1 2 3
101 4 0 1 2 3
102 4 0 1 2 3
103 4 0 1 2 3
104 4 0 1 2 3
105 4 0 1 2 3
106 4 0 1 2 3
107 4 0 1 2 3
108 4 0 1 2 3
109 4 0 1 2 3
110 4 0 1 2 3
111 4 0 1 2 3
112 4 0 1 2 3
113 4 0 1 2 3
114 4 0 1 2 3
115 4 0 1 2 3
116 4 0 1 2 3
117 4 0 1 2 3
118 4 0 1 2 3
119 4 0 1 2 3
120 4 0 1 2 3
121 4 0 1 2 3
122 4 0 1 2 3
123 4 0 1 2 3
124 4 0 1 2 3
125 4 0 1 2 3
126 4 0 1 2 3
127 4 0 1 2 3
128 4 0 1 2 3
129 4 0 1 2 3
130 4 0 1 2 3
131 4 0 1 2 3
132 4 0 1 2 3
133 4 0 1 2 3
134 4 0 1 2 3
135 4 0 1 2 3
136 4 0 1 2 3
137 4 0 1 2 3
138 4 0 1 2 3
139 4 0 1 2 3
140 4 0 1 2 3
141 4 0 1 2 3
142 4 0 1 2 3
143 4 0 1 2 3
144 4 0 1 2 3
145 4 0 1 2 3
146 4 0 1 2 3
147 4 0 1 2 3
148 4 0 1 2 3
149 4 0 1 2 3
150 4 0 1 2 3
151 4 0 1 2 3
152 4 0 1 2 3
153 4 0 1 2 3
154 4 0 1 2 3
155 4 0 1 2 3
156 4 0 1 2 3
157 4 0 1 2 3
158 4 0 1 2 3
159 4 0 1 2 3
160 4 0 1 2 3
161 4 0 1 2 3
162 4 0 1 2 3
163 4 0 1 2 3
164 4 0 1 2 3
165 4 0 1 2 3
166 4 0 1 2 3
167 4 0 1 2 3
168 4 0 1 2 3
169 4 0 1 2 3
170 4 0 1 2 3
171 4 0 1 2 3
172 4 0 1 2 3
173 4 0 1 2 3
174 4 0 1 2 3
175 4 0 1 2 3
176 4 0 1 2 3
177 4 0 1 2 3
178 4 0 1 2 3
179 4 0 1 2 3
180 4 0 1 2 3
181 4 0 1 2 3
182 4 0 1 2 3
183 4 0 1 2 3
184 4 0 1 2 3
185 4 0 1 2 3
186 4 0 1 2 3
187 4 0 1 2 3
188 4 0 1 2 3
189 4 0 1 2 3
190 4 0 1 2 3
191 4 0 1 2 3
192 4 0 1 2 3
193 4 0 1 2 3
194 4 0 1 2 3
195 4 0 1 2 3
196 4 0 1 2 3
197 4 0 1 2 3
198 4 0 1 2 3
199 4 0 1 2 3
200 4 0 1 2 3
201 4 0 1 2 3
202 4 0 1 2 3
203 4 0 1 2 3
204 4 0 1 2 3
205 4 0 1 2 3
206 4 0 1 2 3
207 4 0 1 2 3
208 4 0 1 2 3
209 4 0 1 2 3
210 4 0 1 2 3
211 4 0 1 2 3
212 4 0 1 2 3
213 4 0 1 2 3
214 4 0 1 2 3
215 4 0 1 2 3
216 4 0 1 2 3
217 4 0 1 2 3
218 4 0 1 2 3
219 4 0 1 2 3
220 4 0 1 2 3
221 4 0 1 2 3
222 4 0 1 2 3
223 4 0 1 2 3
224 4 0 1 2 3
225 4 0 1 2 3
226 4 0 1 2 3
227 4 0 1 2 3
228 4 0 1 2 3
229 4 0 1 2 3
230 4 0 1 2 3
231 4 0 1 2 3
232 4 0 1 2 3
233 4 0 1 2 3
234 4 0 1 2 3
235 4 0 1 2 3
236 4 0 1 2 3
237 4 0 1 2 3
238 4 0 1 2 3
239 4 0 1 2 3
240 4 0 1 2 3
241 4 0 1 2 3
242 4 0 1 2 3
243 4 0 1 2 3
244 4 0 1 2 3
245 4 0 1 2 3
246 4 0 1 2 3
247 4 0 1 2 3
248 4 0 1 2 3
249 4 0 1 2 3
250 4 0 1 2 3
251 4 0 1 2 3
252 4 0 1 2 3
253 4 0 1 2 3
254 4 0 1 2 3
255 4 0 1 2 3
256 4 0 1 2 3
257 4 0 1 2 3
258 4 0 1 2 3
259 4 0 1 2 3
260 4 0 1 2 3
261 4 0 1 2 3
262 4 0 1 2 3
263 4 0 1 2 3
264 4 0 1 2 3
265 4 0 1 2 3
266 4 0 1 2 3
267 4 0 1 2 3
268 4 0 1 2 3
269 4 0 1 2 3
270 4 0 1 2 3
271 4 0 1 2 3
272 4 0 1 2 3
273 4 0 1 2 3
274 4 0 1 2 3
275 4 0 1 2 3
276 4 0 1 2 3
277 4 0 1 2 3
278 4 0 1 2 3
279 4 0 1 2 3
280 4 0 1 2 3
281 4 0 1 2 3
282 4 0 1 2 3
283 4 0 1 2 3
284 4 0 1 2 3
285 4 0 1 2 3
286 4 0 1 2 3
287 4 0 1 2 3
288 4 0 1 2 3
289 4 0 1 2 3
290 4 0 1 2 3
291 4 0 1 2 3
292 4 0 1 2 3
293 4 0 1 2 3
294 4 0 1 2 3
295 4 0 1 2 3
296 4 0 1 2 3
297 4 0 1 2 3
298 4 0 1 2 3
299 4 0 1 2 3
300 4 0 1 2 3
301 4 0 1 2 3
302 4 0 1 2 3
303 4 0 1 2 3
304 4 0 1 2 3
305 4 0 1 2 3
306 4 0 1 2 3
307 4 0 1 2 3
308 4 0 1 2 3
309 4 0 1 2 3
310 4 0 1 2 3
311 4 0 1 2 3
312 4 0 1 2 3
313 4 0 1 2 3
314 4 0 1 2 3
315 4 0 1 2 3
316 4 0 1 2 3
317 4 0 1 2 3
318 4 0 1 2 3
319 4 0 1 2 3
320 4 0 1 2 3
321 4 0 1 2 3
322 4 0 1 2 3
323 4 0 1 2 3
324 4 0 1 2 3
325 4 0 1 2 3
326 4 0 1 2 3
327 4 0 1 2 3
328 4 0 1 2 3
329 4 0 1 2 3
330 4 0 1 2 3
331 4 0 1 2 3
332 4 0 1 2 3
333 4 0 1 2 3
334 4 0 1 2 3
335 4 0 1 2 3
336 4 0 1 2 3
337 4 0 1 2 3
338 4 0 1 2 3
339 4 0 1 2 3
340 4 0 1 2 3
341 4 0 1 2 3
342 4 0 1 2 3
343 4 0 1 2 3
344 4 0 1 2 3
345 4 0 1 2 3
346 4 0 1 2 3
347 4 0 1 2 3
348 4 0 1 2 3
349 4 0 1 2 3
350 4 0 1 2 3
351 4 0 1 2 3
352 4 0 1 2 3
353 4 0 1 2 3
354 4 0 1 2 3
355 4 0 1 2 3
356 4 0 1 2 3
357 4 0 1 2 3
358 4 0 1 2 3
1004
1 242 4   0 0   1 1   2 2   3 3
1 227 4   0 0   1 1   2 2   3 3
1 295 4   0 0   1 1   2 2   3 3
1 24 4   0 0   1 1   2 2   3 3
1 346 4   0 0   1 1   2 2   3 3
1 108 4   0 0   1 1   2 2   3 3
2 193 4   0 0   1 1   2 2   3 3
2 53 4   0 0   1 1   2 2   3 3
2 22 4   0 0   1 1   2 2   3 3
2 167 4   0 0   1 1   2 2   3 3
2 152 4   0 0   1 1   2 2   3 3
2 284 4   0 0   1 1   2 2   3 3
3 288 4   0 0   1 1   2 2   3 3
3 161 4   0 0   1 1   2 2   3 3
3 325 4   0 0   1 1   2 2   3 3
3 59 4   0 0   1 1   2 2   3 3
3 235 4   0 0   1 1   2 2   3 3
3 61 4   0 0   1 1   2 2   3 3
4 257 4   0 0   1 1   2 2   3 3
4 97 4   0 0   1 1   2 2   3 3
4 194 4   0 0   1 1   2 2   3 3
4 252 4   0 0   1 1   2 2   3 3
4 316 4   0 0   1 1   2 2   3 3
4 92 4   0 0   1 1   2 2   3 3
5 192 4   0 0   1 1   2 2   3 3
5 353 4   0 0   1 1   2 2   3 3
5 161 4   0 0   1 1   2 2   3 3
5 212 4   0 0   1 1   2 2   3 3
5 190 4   0 0   1 1   2 2   3 3
6 320 4   0 0   1 1   2 2   3 3
6 65 4   0 0   1 1   2 2   3 3
6 337 4   0 0   1 1   2 2   3 3
6 227 4   0 0   1 1   2 2   3 3
6 108 4   0 0   1 1   2 2   3 3
6 236 4   0 0   1 1   2 2   3 3
6 142 4   0 0   1 1   2 2   3 3
7 51 4   0 0   1 1   2 2   3 3
7 259 4   0 0   1 1   2 2   3 3
7 13 4   0 0   1 1   2 2   3 3
7 47 4   0 0   1 1   2 2   3 3
8 16 4   0 0   1 1   2 2   3 3
8 36 4   0 0   1 1   2 2   3 3
8 327 4   0 0   1 1   2 2   3 3
8 280 4   0 0   1 1   2 2   3 3
8 315 4   0 0   1 1   2 2   3 3
8 271 4   0 0   1 1   2 2   3 3
9 100 4   0 0   1 1   2 2   3 3
9 165 4   0 0   1 1   2 2   3 3
9 262 4   0 0   1 1   2 2   3 3
9 88 4   0 0   1 1   2 2   3 3
9 185 4   0 0   1 1   2 2   3 3
9 219 4   0 0   1 1   2 2   3 3
9 141 4   0 0   1 1   2 2   3 3
9 110 4   0 0   1 1   2 2   3 3
9 63 4   0 0   1 1   2 2   3 3
10 80 4   0 0   1 1   2 2   3 3
10 98 4   0 0   1 1   2 2   3 3
10 149 4   0 0   1 1   2 2   3 3
10 189 4   0 0   1 1   2 2   3 3
10 317 4   0 0   1 1   2 2   3 3
10 143 4   0 0   1 1   2 2   3 3
11 209 4   0 0   1 1   2 2   3 3
11 264 4   0 0   1 1   2 2   3 3
11 42 4   0 0   1 1   2 2   3 3
11 188 4   0 0   1 1   2 2   3 3
11 109 4   0 0   1 1   2 2   3 3
12 176 4   0 0   1 1   2 2   3 3
12 353 4   0 0   1 1   2 2   3 3
12 29 4   0 0   1 1   2 2   3 3
12 190 4   0 0   1 1   2 2   3 3
13 258 4   0 0   1 1   2 2   3 3
13 259 4   0 0   1 1   2 2   3 3
13 275 4   0 0   1 1   2 2   3 3
13 43 4   0 0   1 1   2 2   3 3
13 47 4   0 0   1 1   2 2   3 3
14 289 4   0 0   1 1   2 2   3 3
14 242 4   0 0   1 1   2 2   3 3
14 24 4   0 0   1 1   2 2   3 3
14 312 4   0 0   1 1   2 2   3 3
14 236 4   0 0   1 1   2 2   3 3
15 194 4   0 0   1 1   2 2   3 3
15 163 4   0 0   1 1   2 2   3 3
15 181 4   0 0   1 1   2 2   3 3
15 345 4   0 0   1 1   2 2   3 3
15 252 4   0 0   1 1   2 2   3 3
15 173 4   0 0   1 1   2 2   3 3
16 273 4   0 0   1 1   2 2   3 3
16 315 4   0 0   1 1   2 2   3 3
16 207 4   0 0   1 1   2 2   3 3
16 271 4   0 0   1 1   2 2   3 3
17 67 4   0 0   1 1   2 2   3 3
17 38 4   0 0   1 1   2 2   3 3
17 93 4   0 0   1 1   2 2   3 3
17 319 4   0 0   1 1   2 2   3 3
18 321 4   0 0   1 1   2 2   3 3
18 52 4   0 0   1 1   2 2   3 3
18 293 4   0 0   1 1   2 2   3 3
18 138 4   0 0   1 1   2 2   3 3
18 283 4   0 0   1 1   2 2   3 3
18 172 4   0 0   1 1   2 2   3 3
19 340 4   0 0   1 1   2 2   3 3
19 149 4   0 0   1 1   2 2   3 3
19 249 4   0 0   1 1   2 2   3 3
19 90 4   0 0   1 1   2 2   3 3
19 143 4   0 0   1 1   2 2   3 3
19 63 4   0 0   1 1   2 2   3 3
20 290 4   0 0   1 1   2 2   3 3
20 338 4   0 0   1 1   2 2   3 3
20 281 4   0 0   1 1   2 2   3 3
21 51 4   0 0   1 1   2 2   3 3
21 103 4   0 0   1 1   2 2   3 3
21 187 4   0 0   1 1   2 2   3 3
21 333 4   0 0   1 1   2 2   3 3
22 112 4   0 0   1 1   2 2   3 3
22 273 4   0 0   1 1   2 2   3 3
22 53 4   0 0   1 1   2 2   3 3
22 152 4   0 0   1 1   2 2   3 3
22 57 4   0 0   1 1   2 2   3 3
22 297 4   0 0   1 1   2 2   3 3
22 122 4   0 0   1 1   2 2   3 3
22 26 4   0 0   1 1   2 2   3 3
22 284 4   0 0   1 1   2 2   3 3
23 272 4   0 0   1 1   2 2   3 3
23 322 4   0 0   1 1   2 2   3 3
23 291 4   0 0   1 1   2 2   3 3
23 349 4   0 0   1 1   2 2   3 3
23 271 4   0 0   1 1   2 2   3 3
23 175 4   0 0   1 1   2 2   3 3
24 242 4   0 0   1 1   2 2   3 3
24 346 4   0 0   1 1   2 2   3 3
24 236 4   0 0   1 1   2 2   3 3
25 146 4   0 0   1 1   2 2   3 3
25 165 4   0 0   1 1   2 2   3 3
25 153 4   0 0   1 1   2 2   3 3
25 219 4   0 0   1 1   2 2   3 3
25 205 4   0 0   1 1   2 2   3 3
25 174 4   0 0   1 1   2 2   3 3
26 112 4   0 0   1 1   2 2   3 3
26 291 4   0 0   1 1   2 2   3 3
26 244 4   0 0   1 1   2 2   3 3
26 148 4   0 0   1 1   2 2   3 3
26 53 4   0 0   1 1   2 2   3 3
26 248 4   0 0   1 1   2 2   3 3
26 157 4   0 0   1 1   2 2   3 3
27 272 4   0 0   1 1   2 2   3 3
27 82 4   0 0   1 1   2 2   3 3
27 68 4   0 0   1 1   2 2   3 3
27 349 4   0 0   1 1   2 2   3 3
27 175 4   0 0   1 1   2 2   3 3
28 128 4   0 0   1 1   2 2   3 3
28 81 4   0 0   1 1   2 2   3 3
28 340 4   0 0   1 1   2 2   3 3
28 246 4   0 0   1 1   2 2   3 3
28 105 4   0 0   1 1   2 2   3 3
28 90 4   0 0   1 1   2 2   3 3
29 353 4   0 0   1 1   2 2   3 3
29 168 4   0 0   1 1   2 2   3 3
29 200 4   0 0   1 1   2 2   3 3
29 58 4   0 0   1 1   2 2   3 3
29 287 4   0 0   1 1   2 2   3 3
30 305 4   0 0   1 1   2 2   3 3
30 195 4   0 0   1 1   2 2   3 3
30 84 4   0 0   1 1   2 2   3 3
30 101 4   0 0   1 1   2 2   3 3
30 182 4   0 0   1 1   2 2   3 3
30 151 4   0 0   1 1   2 2   3 3
30 72 4   0 0   1 1   2 2   3 3
30 57 4   0 0   1 1   2 2   3 3
30 125 4   0 0   1 1   2 2   3 3
31 225 4   0 0   1 1   2 2   3 3
31 66 4   0 0   1 1   2 2   3 3
31 52 4   0 0   1 1   2 2   3 3
31 138 4   0 0   1 1   2 2   3 3
31 172 4   0 0   1 1   2 2   3 3
31 350 4   0 0   1 1   2 2   3 3
32 96 4   0 0   1 1   2 2   3 3
32 323 4   0 0   1 1   2 2   3 3
32 109 4   0 0   1 1   2 2   3 3
33 144 4   0 0   1 1   2 2   3 3
33 186 4   0 0   1 1   2 2   3 3
33 319 4   0 0   1 1   2 2   3 3
34 96 4   0 0   1 1   2 2   3 3
34 71 4   0 0   1 1   2 2   3 3
34 42 4   0 0   1 1   2 2   3 3
34 154 4   0 0   1 1   2 2   3 3
34 124 4   0 0   1 1   2 2   3 3
35 307 4   0 0   1 1   2 2   3 3
35 229 4   0 0   1 1   2 2   3 3
35 316 4   0 0   1 1   2 2   3 3
35 92 4   0 0   1 1   2 2   3 3
36 280 4   0 0   1 1   2 2   3 3
36 104 4   0 0   1 1   2 2   3 3
36 271 4   0 0   1 1   2 2   3 3
37 352 4   0 0   1 1   2 2   3 3
37 193 4   0 0   1 1   2 2   3 3
37 116 4   0 0   1 1   2 2   3 3
37 70 4   0 0   1 1   2 2   3 3
37 263 4   0 0   1 1   2 2   3 3
37 44 4   0 0   1 1   2 2   3 3
37 348 4   0 0   1 1   2 2   3 3
38 319 4   0 0   1 1   2 2   3 3
39 196 4   0 0   1 1   2 2   3 3
39 187 4   0 0   1 1   2 2   3 3
39 60 4   0 0   1 1   2 2   3 3
39 333 4   0 0   1 1   2 2   3 3
40 135 4   0 0   1 1   2 2   3 3
40 88 4   0 0   1 1   2 2   3 3
40 265 4   0 0   1 1   2 2   3 3
40 110 4   0 0   1 1   2 2   3 3
41 290 4   0 0   1 1   2 2   3 3
41 276 4   0 0   1 1   2 2   3 3
41 76 4   0 0   1 1   2 2   3 3
41 301 4   0 0   1 1   2 2   3 3
42 96 4   0 0   1 1   2 2   3 3
42 114 4   0 0   1 1   2 2   3 3
42 264 4   0 0   1 1   2 2   3 3
42 124 4   0 0   1 1   2 2   3 3
42 109 4   0 0   1 1   2 2   3 3
43 258 4   0 0   1 1   2 2   3 3
43 275 4   0 0   1 1   2 2   3 3
43 164 4   0 0   1 1   2 2   3 3
43 230 4   0 0   1 1   2 2   3 3
44 193 4   0 0   1 1   2 2   3 3
44 70 4   0 0   1 1   2 2   3 3
44 152 4   0 0   1 1   2 2   3 3
44 89 4   0 0   1 1   2 2   3 3
45 289 4   0 0   1 1   2 2   3 3
45 209 4   0 0   1 1   2 2   3 3
45 199 4   0 0   1 1   2 2   3 3
45 312 4   0 0   1 1   2 2   3 3
45 136 4   0 0   1 1   2 2   3 3
45 188 4   0 0   1 1   2 2   3 3
46 80 4   0 0   1 1   2 2   3 3
46 306 4   0 0   1 1   2 2   3 3
46 197 4   0 0   1 1   2 2   3 3
46 262 4   0 0   1 1   2 2   3 3
46 347 4   0 0   1 1   2 2   3 3
46 317 4   0 0   1 1   2 2   3 3
47 275 4   0 0   1 1   2 2   3 3
47 298 4   0 0   1 1   2 2   3 3
48 304 4   0 0   1 1   2 2   3 3
48 147 4   0 0   1 1   2 2   3 3
48 150 4   0 0   1 1   2 2   3 3
48 344 4   0 0   1 1   2 2   3 3
48 155 4   0 0   1 1   2 2   3 3
49 64 4   0 0   1 1   2 2   3 3
49 208 4   0 0   1 1   2 2   3 3
49 326 4   0 0   1 1   2 2   3 3
49 137 4   0 0   1 1   2 2   3 3
49 89 4   0 0   1 1   2 2   3 3
49 266 4   0 0   1 1   2 2   3 3
49 74 4   0 0   1 1   2 2   3 3
50 311 4   0 0   1 1   2 2   3 3
50 330 4   0 0   1 1   2 2   3 3
50 221 4   0 0   1 1   2 2   3 3
51 259 4   0 0   1 1   2 2   3 3
51 333 4   0 0   1 1   2 2   3 3
52 320 4   0 0   1 1   2 2   3 3
52 66 4   0 0   1 1   2 2   3 3
52 293 4   0 0   1 1   2 2   3 3
52 358 4   0 0   1 1   2 2   3 3
52 268 4   0 0   1 1   2 2   3 3
52 172 4   0 0   1 1   2 2   3 3
53 244 4   0 0   1 1   2 2   3 3
53 167 4   0 0   1 1   2 2   3 3
54 212 4   0 0   1 1   2 2   3 3
54 296 4   0 0   1 1   2 2   3 3
54 74 4   0 0   1 1   2 2   3 3
54 332 4   0 0   1 1   2 2   3 3
54 62 4   0 0   1 1   2 2   3 3
54 335 4   0 0   1 1   2 2   3 3
55 129 4   0 0   1 1   2 2   3 3
55 278 4   0 0   1 1   2 2   3 3
55 203 4   0 0   1 1   2 2   3 3
55 253 4   0 0   1 1   2 2   3 3
55 94 4   0 0   1 1   2 2   3 3
55 302 4   0 0   1 1   2 2   3 3
56 354 4   0 0   1 1   2 2   3 3
56 67 4   0 0   1 1   2 2   3 3
56 221 4   0 0   1 1   2 2   3 3
56 125 4   0 0   1 1   2 2   3 3
57 273 4   0 0   1 1   2 2   3 3
57 195 4   0 0   1 1   2 2   3 3
57 99 4   0 0   1 1   2 2   3 3
57 308 4   0 0   1 1   2 2   3 3
57 245 4   0 0   1 1   2 2   3 3
57 151 4   0 0   1 1   2 2   3 3
57 122 4   0 0   1 1   2 2   3 3
58 305 4   0 0   1 1   2 2   3 3
58 119 4   0 0   1 1   2 2   3 3
58 200 4   0 0   1 1   2 2   3 3
58 287 4   0 0   1 1   2 2   3 3
59 161 4   0 0   1 1   2 2   3 3
59 338 4   0 0   1 1   2 2   3 3
59 325 4   0 0   1 1   2 2   3 3
60 274 4   0 0   1 1   2 2   3 3
60 196 4   0 0   1 1   2 2   3 3
60 277 4   0 0   1 1   2 2   3 3
60 333 4   0 0   1 1   2 2   3 3
61 288 4   0 0   1 1   2 2   3 3
61 325 4   0 0   1 1   2 2   3 3
61 328 4   0 0   1 1   2 2   3 3
61 281 4   0 0   1 1   2 2   3 3
61 250 4   0 0   1 1   2 2   3 3
62 166 4   0 0   1 1   2 2   3 3
62 137 4   0 0   1 1   2 2   3 3
62 74 4   0 0   1 1   2 2   3 3
62 332 4   0 0   1 1   2 2   3 3
63 336 4   0 0   1 1   2 2   3 3
63 100 4   0 0   1 1   2 2   3 3
63 149 4   0 0   1 1   2 2   3 3
63 90 4   0 0   1 1   2 2   3 3
63 141 4   0 0   1 1   2 2   3 3
63 77 4   0 0   1 1   2 2   3 3
64 208 4   0 0   1 1   2 2   3 3
64 242 4   0 0   1 1   2 2   3 3
64 179 4   0 0   1 1   2 2   3 3
64 326 4   0 0   1 1   2 2   3 3
65 320 4   0 0   1 1   2 2   3 3
65 131 4   0 0   1 1   2 2   3 3
65 324 4   0 0   1 1   2 2   3 3
65 286 4   0 0   1 1   2 2   3 3
65 142 4   0 0   1 1   2 2   3 3
66 107 4   0 0   1 1   2 2   3 3
66 268 4   0 0   1 1   2 2   3 3
67 354 4   0 0   1 1   2 2   3 3
67 195 4   0 0   1 1   2 2   3 3
67 245 4   0 0   1 1   2 2   3 3
67 327 4   0 0   1 1   2 2   3 3
67 125 4   0 0   1 1   2 2   3 3
67 93 4   0 0   1 1   2 2   3 3
67 319 4   0 0   1 1   2 2   3 3
68 82 4   0 0   1 1   2 2   3 3
68 340 4   0 0   1 1   2 2   3 3
68 175 4   0 0   1 1   2 2   3 3
68 239 4   0 0   1 1   2 2   3 3
69 306 4   0 0   1 1   2 2   3 3
69 314 4   0 0   1 1   2 2   3 3
69 347 4   0 0   1 1   2 2   3 3
69 205 4   0 0   1 1   2 2   3 3
70 208 4   0 0   1 1   2 2   3 3
70 263 4   0 0   1 1   2 2   3 3
70 89 4   0 0   1 1   2 2   3 3
71 96 4   0 0   1 1   2 2   3 3
71 214 4   0 0   1 1   2 2   3 3
71 154 4   0 0   1 1   2 2   3 3
71 269 4   0 0   1 1   2 2   3 3
72 84 4   0 0   1 1   2 2   3 3
72 101 4   0 0   1 1   2 2   3 3
72 311 4   0 0   1 1   2 2   3 3
72 221 4   0 0   1 1   2 2   3 3
72 125 4   0 0   1 1   2 2   3 3
73 339 4   0 0   1 1   2 2   3 3
73 212 4   0 0   1 1   2 2   3 3
73 310 4   0 0   1 1   2 2   3 3
73 342 4   0 0   1 1   2 2   3 3
73 119 4   0 0   1 1   2 2   3 3
73 218 4   0 0   1 1   2 2   3 3
74 180 4   0 0   1 1   2 2   3 3
74 137 4   0 0   1 1   2 2   3 3
74 89 4   0 0   1 1   2 2   3 3
74 335 4   0 0   1 1   2 2   3 3
75 274 4   0 0   1 1   2 2   3 3
75 243 4   0 0   1 1   2 2   3 3
75 277 4   0 0   1 1   2 2   3 3
75 231 4   0 0   1 1   2 2   3 3
75 183 4   0 0   1 1   2 2   3 3
75 184 4   0 0   1 1   2 2   3 3
75 329 4   0 0   1 1   2 2   3 3
75 111 4   0 0   1 1   2 2   3 3
76 290 4   0 0   1 1   2 2   3 3
76 276 4   0 0   1 1   2 2   3 3
76 102 4   0 0   1 1   2 2   3 3
76 328 4   0 0   1 1   2 2   3 3
76 281 4   0 0   1 1   2 2   3 3
76 299 4   0 0   1 1   2 2   3 3
77 336 4   0 0   1 1   2 2   3 3
77 113 4   0 0   1 1   2 2   3 3
77 105 4   0 0   1 1   2 2   3 3
77 267 4   0 0   1 1   2 2   3 3
77 141 4   0 0   1 1   2 2   3 3
78 192 4   0 0   1 1   2 2   3 3
78 212 4   0 0   1 1   2 2   3 3
78 217 4   0 0   1 1   2 2   3 3
78 332 4   0 0   1 1   2 2   3 3
79 240 4   0 0   1 1   2 2   3 3
79 356 4   0 0   1 1   2 2   3 3
79 86 4   0 0   1 1   2 2   3 3
79 313 4   0 0   1 1   2 2   3 3
79 300 4   0 0   1 1   2 2   3 3
80 100 4   0 0   1 1   2 2   3 3
80 149 4   0 0   1 1   2 2   3 3
80 262 4   0 0   1 1   2 2   3 3
80 317 4   0 0   1 1   2 2   3 3
81 128 4   0 0   1 1   2 2   3 3
81 340 4   0 0   1 1   2 2   3 3
81 239 4   0 0   1 1   2 2   3 3
81 351 4   0 0   1 1   2 2   3 3
82 256 4   0 0   1 1   2 2   3 3
82 349 4   0 0   1 1   2 2   3 3
82 173 4   0 0   1 1   2 2   3 3
82 239 4   0 0   1 1   2 2   3 3
83 261 4   0 0   1 1   2 2   3 3
83 230 4   0 0   1 1   2 2   3 3
83 300 4   0 0   1 1   2 2   3 3
84 305 4   0 0   1 1   2 2   3 3
84 101 4   0 0   1 1   2 2   3 3
84 311 4   0 0   1 1   2 2   3 3
85 321 4   0 0   1 1   2 2   3 3
85 215 4   0 0   1 1   2 2   3 3
85 87 4   0 0   1 1   2 2   3 3
85 264 4   0 0   1 1   2 2   3 3
85 91 4   0 0   1 1   2 2   3 3
85 283 4   0 0   1 1   2 2   3 3
85 251 4   0 0   1 1   2 2   3 3
86 240 4   0 0   1 1   2 2   3 3
86 356 4   0 0   1 1   2 2   3 3
86 247 4   0 0   1 1   2 2   3 3
86 313 4   0 0   1 1   2 2   3 3
86 171 4   0 0   1 1   2 2   3 3
86 331 4   0 0   1 1   2 2   3 3
87 114 4   0 0   1 1   2 2   3 3
87 243 4   0 0   1 1   2 2   3 3
87 309 4   0 0   1 1   2 2   3 3
87 264 4   0 0   1 1   2 2   3 3
87 251 4   0 0   1 1   2 2   3 3
87 95 4   0 0   1 1   2 2   3 3
88 113 4   0 0   1 1   2 2   3 3
88 267 4   0 0   1 1   2 2   3 3
88 141 4   0 0   1 1   2 2   3 3
88 110 4   0 0   1 1   2 2   3 3
89 208 4   0 0   1 1   2 2   3 3
89 180 4   0 0   1 1   2 2   3 3
89 152 4   0 0   1 1   2 2   3 3
90 336 4   0 0   1 1   2 2   3 3
90 340 4   0 0   1 1   2 2   3 3
90 105 4   0 0   1 1   2 2   3 3
91 321 4   0 0   1 1   2 2   3 3
91 264 4   0 0   1 1   2 2   3 3
92 257 4   0 0   1 1   2 2   3 3
92 229 4   0 0   1 1   2 2   3 3
92 316 4   0 0   1 1   2 2   3 3
93 354 4   0 0   1 1   2 2   3 3
94 260 4   0 0   1 1   2 2   3 3
94 198 4   0 0   1 1   2 2   3 3
94 203 4   0 0   1 1   2 2   3 3
95 274 4   0 0   1 1   2 2   3 3
95 243 4   0 0   1 1   2 2   3 3
95 231 4   0 0   1 1   2 2   3 3
95 251 4   0 0   1 1   2 2   3 3
96 323 4   0 0   1 1   2 2   3 3
96 109 4   0 0   1 1   2 2   3 3
96 269 4   0 0   1 1   2 2   3 3
97 194 4   0 0   1 1   2 2   3 3
97 120 4   0 0   1 1   2 2   3 3
97 106 4   0 0   1 1   2 2   3 3
97 316 4   0 0   1 1   2 2   3 3
98 341 4   0 0   1 1   2 2   3 3
98 249 4   0 0   1 1   2 2   3 3
98 220 4   0 0   1 1   2 2   3 3
98 189 4   0 0   1 1   2 2   3 3
98 143 4   0 0   1 1   2 2   3 3
99 122 4   0 0   1 1   2 2   3 3
100 149 4   0 0   1 1   2 2   3 3
100 262 4   0 0   1 1   2 2   3 3
102 147 4   0 0   1 1   2 2   3 3
102 355 4   0 0   1 1   2 2   3 3
102 276 4   0 0   1 1   2 2   3 3
102 294 4   0 0   1 1   2 2   3 3
102 299 4   0 0   1 1   2 2   3 3
102 127 4   0 0   1 1   2 2   3 3
103 225 4   0 0   1 1   2 2   3 3
103 187 4   0 0   1 1   2 2   3 3
104 144 4   0 0   1 1   2 2   3 3
104 163 4   0 0   1 1   2 2   3 3
104 181 4   0 0   1 1   2 2   3 3
104 280 4   0 0   1 1   2 2   3 3
104 206 4   0 0   1 1   2 2   3 3
104 271 4   0 0   1 1   2 2   3 3
105 336 4   0 0   1 1   2 2   3 3
105 113 4   0 0   1 1   2 2   3 3
105 246 4   0 0   1 1   2 2   3 3
105 170 4   0 0   1 1   2 2   3 3
106 256 4   0 0   1 1   2 2   3 3
106 194 4   0 0   1 1   2 2   3 3
106 120 4   0 0   1 1   2 2   3 3
106 173 4   0 0   1 1   2 2   3 3
106 351 4   0 0   1 1   2 2   3 3
107 279 4   0 0   1 1   2 2   3 3
107 268 4   0 0   1 1   2 2   3 3
108 227 4   0 0   1 1   2 2   3 3
108 346 4   0 0   1 1   2 2   3 3
108 236 4   0 0   1 1   2 2   3 3
109 209 4   0 0   1 1   2 2   3 3
109 323 4   0 0   1 1   2 2   3 3
109 136 4   0 0   1 1   2 2   3 3
110 135 4   0 0   1 1   2 2   3 3
110 185 4   0 0   1 1   2 2   3 3
111 357 4   0 0   1 1   2 2   3 3
111 183 4   0 0   1 1   2 2   3 3
111 184 4   0 0   1 1   2 2   3 3
111 159 4   0 0   1 1   2 2   3 3
112 273 4   0 0   1 1   2 2   3 3
112 148 4   0 0   1 1   2 2   3 3
112 297 4   0 0   1 1   2 2   3 3
113 170 4   0 0   1 1   2 2   3 3
113 267 4   0 0   1 1   2 2   3 3
113 140 4   0 0   1 1   2 2   3 3
114 309 4   0 0   1 1   2 2   3 3
114 264 4   0 0   1 1   2 2   3 3
114 124 4   0 0   1 1   2 2   3 3
115 135 4   0 0   1 1   2 2   3 3
115 185 4   0 0   1 1   2 2   3 3
115 219 4   0 0   1 1   2 2   3 3
115 126 4   0 0   1 1   2 2   3 3
116 352 4   0 0   1 1   2 2   3 3
116 199 4   0 0   1 1   2 2   3 3
116 202 4   0 0   1 1   2 2   3 3
116 348 4   0 0   1 1   2 2   3 3
116 270 4   0 0   1 1   2 2   3 3
117 260 4   0 0   1 1   2 2   3 3
117 232 4   0 0   1 1   2 2   3 3
117 121 4   0 0   1 1   2 2   3 3
117 234 4   0 0   1 1   2 2   3 3
117 334 4   0 0   1 1   2 2   3 3
118 257 4   0 0   1 1   2 2   3 3
118 252 4   0 0   1 1   2 2   3 3
119 305 4   0 0   1 1   2 2   3 3
119 353 4   0 0   1 1   2 2   3 3
119 212 4   0 0   1 1   2 2   3 3
119 310 4   0 0   1 1   2 2   3 3
119 287 4   0 0   1 1   2 2   3 3
120 160 4   0 0   1 1   2 2   3 3
120 316 4   0 0   1 1   2 2   3 3
120 351 4   0 0   1 1   2 2   3 3
121 228 4   0 0   1 1   2 2   3 3
121 232 4   0 0   1 1   2 2   3 3
121 285 4   0 0   1 1   2 2   3 3
121 334 4   0 0   1 1   2 2   3 3
122 182 4   0 0   1 1   2 2   3 3
122 134 4   0 0   1 1   2 2   3 3
122 151 4   0 0   1 1   2 2   3 3
122 152 4   0 0   1 1   2 2   3 3
122 335 4   0 0   1 1   2 2   3 3
123 196 4   0 0   1 1   2 2   3 3
123 215 4   0 0   1 1   2 2   3 3
123 283 4   0 0   1 1   2 2   3 3
123 251 4   0 0   1 1   2 2   3 3
123 350 4   0 0   1 1   2 2   3 3
124 309 4   0 0   1 1   2 2   3 3
124 154 4   0 0   1 1   2 2   3 3
124 204 4   0 0   1 1   2 2   3 3
125 195 4   0 0   1 1   2 2   3 3
125 221 4   0 0   1 1   2 2   3 3
126 247 4   0 0   1 1   2 2   3 3
126 135 4   0 0   1 1   2 2   3 3
126 313 4   0 0   1 1   2 2   3 3
126 265 4   0 0   1 1   2 2   3 3
126 219 4   0 0   1 1   2 2   3 3
126 331 4   0 0   1 1   2 2   3 3
127 147 4   0 0   1 1   2 2   3 3
127 294 4   0 0   1 1   2 2   3 3
127 155 4   0 0   1 1   2 2   3 3
128 246 4   0 0   1 1   2 2   3 3
128 351 4   0 0   1 1   2 2   3 3
129 279 4   0 0   1 1   2 2   3 3
129 201 4   0 0   1 1   2 2   3 3
129 253 4   0 0   1 1   2 2   3 3
129 302 4   0 0   1 1   2 2   3 3
130 177 4   0 0   1 1   2 2   3 3
130 213 4   0 0   1 1   2 2   3 3
130 269 4   0 0   1 1   2 2   3 3
130 318 4   0 0   1 1   2 2   3 3
130 303 4   0 0   1 1   2 2   3 3
131 226 4   0 0   1 1   2 2   3 3
131 324 4   0 0   1 1   2 2   3 3
131 139 4   0 0   1 1   2 2   3 3
131 268 4   0 0   1 1   2 2   3 3
131 286 4   0 0   1 1   2 2   3 3
132 224 4   0 0   1 1   2 2   3 3
132 277 4   0 0   1 1   2 2   3 3
132 184 4   0 0   1 1   2 2   3 3
132 255 4   0 0   1 1   2 2   3 3
133 242 4   0 0   1 1   2 2   3 3
133 326 4   0 0   1 1   2 2   3 3
133 295 4   0 0   1 1   2 2   3 3
133 250 4   0 0   1 1   2 2   3 3
133 282 4   0 0   1 1   2 2   3 3
133 238 4   0 0   1 1   2 2   3 3
134 180 4   0 0   1 1   2 2   3 3
134 152 4   0 0   1 1   2 2   3 3
134 335 4   0 0   1 1   2 2   3 3
135 185 4   0 0   1 1   2 2   3 3
135 265 4   0 0   1 1   2 2   3 3
136 209 4   0 0   1 1   2 2   3 3
136 323 4   0 0   1 1   2 2   3 3
136 213 4   0 0   1 1   2 2   3 3
136 199 4   0 0   1 1   2 2   3 3
136 269 4   0 0   1 1   2 2   3 3
137 166 4   0 0   1 1   2 2   3 3
137 216 4   0 0   1 1   2 2   3 3
137 266 4   0 0   1 1   2 2   3 3
138 283 4   0 0   1 1   2 2   3 3
138 172 4   0 0   1 1   2 2   3 3
138 350 4   0 0   1 1   2 2   3 3
139 226 4   0 0   1 1   2 2   3 3
139 201 4   0 0   1 1   2 2   3 3
139 253 4   0 0   1 1   2 2   3 3
139 286 4   0 0   1 1   2 2   3 3
140 292 4   0 0   1 1   2 2   3 3
140 170 4   0 0   1 1   2 2   3 3
140 158 4   0 0   1 1   2 2   3 3
141 267 4   0 0   1 1   2 2   3 3
142 227 4   0 0   1 1   2 2   3 3
142 343 4   0 0   1 1   2 2   3 3
142 222 4   0 0   1 1   2 2   3 3
142 286 4   0 0   1 1   2 2   3 3
143 149 4   0 0   1 1   2 2   3 3
143 249 4   0 0   1 1   2 2   3 3
144 280 4   0 0   1 1   2 2   3 3
144 186 4   0 0   1 1   2 2   3 3
144 206 4   0 0   1 1   2 2   3 3
144 319 4   0 0   1 1   2 2   3 3
145 304 4   0 0   1 1   2 2   3 3
145 210 4   0 0   1 1   2 2   3 3
145 155 4   0 0   1 1   2 2   3 3
145 156 4   0 0   1 1   2 2   3 3
146 357 4   0 0   1 1   2 2   3 3
146 153 4   0 0   1 1   2 2   3 3
146 205 4   0 0   1 1   2 2   3 3
146 159 4   0 0   1 1   2 2   3 3
147 276 4   0 0   1 1   2 2   3 3
147 344 4   0 0   1 1   2 2   3 3
147 155 4   0 0   1 1   2 2   3 3
148 273 4   0 0   1 1   2 2   3 3
148 291 4   0 0   1 1   2 2   3 3
148 207 4   0 0   1 1   2 2   3 3
150 304 4   0 0   1 1   2 2   3 3
150 344 4   0 0   1 1   2 2   3 3
150 301 4   0 0   1 1   2 2   3 3
150 191 4   0 0   1 1   2 2   3 3
151 182 4   0 0   1 1   2 2   3 3
152 193 4   0 0   1 1   2 2   3 3
152 180 4   0 0   1 1   2 2   3 3
152 284 4   0 0   1 1   2 2   3 3
153 357 4   0 0   1 1   2 2   3 3
153 184 4   0 0   1 1   2 2   3 3
153 171 4   0 0   1 1   2 2   3 3
153 174 4   0 0   1 1   2 2   3 3
153 255 4   0 0   1 1   2 2   3 3
154 214 4   0 0   1 1   2 2   3 3
154 314 4   0 0   1 1   2 2   3 3
154 204 4   0 0   1 1   2 2   3 3
155 304 4   0 0   1 1   2 2   3 3
155 210 4   0 0   1 1   2 2   3 3
155 294 4   0 0   1 1   2 2   3 3
155 285 4   0 0   1 1   2 2   3 3
156 210 4   0 0   1 1   2 2   3 3
156 234 4   0 0   1 1   2 2   3 3
157 291 4   0 0   1 1   2 2   3 3
157 248 4   0 0   1 1   2 2   3 3
157 237 4   0 0   1 1   2 2   3 3
157 318 4   0 0   1 1   2 2   3 3
157 303 4   0 0   1 1   2 2   3 3
158 307 4   0 0   1 1   2 2   3 3
158 292 4   0 0   1 1   2 2   3 3
158 169 4   0 0   1 1   2 2   3 3
159 357 4   0 0   1 1   2 2   3 3
159 183 4   0 0   1 1   2 2   3 3
159 204 4   0 0   1 1   2 2   3 3
159 205 4   0 0   1 1   2 2   3 3
160 307 4   0 0   1 1   2 2   3 3
160 246 4   0 0   1 1   2 2   3 3
160 169 4   0 0   1 1   2 2   3 3
160 316 4   0 0   1 1   2 2   3 3
160 351 4   0 0   1 1   2 2   3 3
161 176 4   0 0   1 1   2 2   3 3
161 192 4   0 0   1 1   2 2   3 3
161 338 4   0 0   1 1   2 2   3 3
161 216 4   0 0   1 1   2 2   3 3
161 235 4   0 0   1 1   2 2   3 3
161 190 4   0 0   1 1   2 2   3 3
162 289 4   0 0   1 1   2 2   3 3
162 242 4   0 0   1 1   2 2   3 3
162 179 4   0 0   1 1   2 2   3 3
162 263 4   0 0   1 1   2 2   3 3
162 199 4   0 0   1 1   2 2   3 3
163 181 4   0 0   1 1   2 2   3 3
163 345 4   0 0   1 1   2 2   3 3
163 206 4   0 0   1 1   2 2   3 3
164 275 4   0 0   1 1   2 2   3 3
164 230 4   0 0   1 1   2 2   3 3
164 298 4   0 0   1 1   2 2   3 3
165 306 4   0 0   1 1   2 2   3 3
165 197 4   0 0   1 1   2 2   3 3
165 262 4   0 0   1 1   2 2   3 3
165 219 4   0 0   1 1   2 2   3 3
165 205 4   0 0   1 1   2 2   3 3
166 192 4   0 0   1 1   2 2   3 3
166 216 4   0 0   1 1   2 2   3 3
166 217 4   0 0   1 1   2 2   3 3
166 332 4   0 0   1 1   2 2   3 3
167 193 4   0 0   1 1   2 2   3 3
167 177 4   0 0   1 1   2 2   3 3
167 244 4   0 0   1 1   2 2   3 3
167 348 4   0 0   1 1   2 2   3 3
168 305 4   0 0   1 1   2 2   3 3
168 200 4   0 0   1 1   2 2   3 3
168 330 4   0 0   1 1   2 2   3 3
169 307 4   0 0   1 1   2 2   3 3
169 292 4   0 0   1 1   2 2   3 3
169 246 4   0 0   1 1   2 2   3 3
170 292 4   0 0   1 1   2 2   3 3
170 246 4   0 0   1 1   2 2   3 3
171 240 4   0 0   1 1   2 2   3 3
171 247 4   0 0   1 1   2 2   3 3
171 174 4   0 0   1 1   2 2   3 3
171 255 4   0 0   1 1   2 2   3 3
173 256 4   0 0   1 1   2 2   3 3
173 194 4   0 0   1 1   2 2   3 3
173 181 4   0 0   1 1   2 2   3 3
173 349 4   0 0   1 1   2 2   3 3
174 247 4   0 0   1 1   2 2   3 3
174 219 4   0 0   1 1   2 2   3 3
175 272 4   0 0   1 1   2 2   3 3
175 291 4   0 0   1 1   2 2   3 3
175 340 4   0 0   1 1   2 2   3 3
175 249 4   0 0   1 1   2 2   3 3
175 237 4   0 0   1 1   2 2   3 3
176 338 4   0 0   1 1   2 2   3 3
176 190 4   0 0   1 1   2 2   3 3
177 244 4   0 0   1 1   2 2   3 3
177 213 4   0 0   1 1   2 2   3 3
177 202 4   0 0   1 1   2 2   3 3
177 348 4   0 0   1 1   2 2   3 3
177 318 4   0 0   1 1   2 2   3 3
178 210 4   0 0   1 1   2 2   3 3
178 234 4   0 0   1 1   2 2   3 3
178 334 4   0 0   1 1   2 2   3 3
179 208 4   0 0   1 1   2 2   3 3
179 242 4   0 0   1 1   2 2   3 3
179 263 4   0 0   1 1   2 2   3 3
180 335 4   0 0   1 1   2 2   3 3
181 322 4   0 0   1 1   2 2   3 3
181 349 4   0 0   1 1   2 2   3 3
181 271 4   0 0   1 1   2 2   3 3
182 305 4   0 0   1 1   2 2   3 3
182 310 4   0 0   1 1   2 2   3 3
182 342 4   0 0   1 1   2 2   3 3
182 218 4   0 0   1 1   2 2   3 3
182 335 4   0 0   1 1   2 2   3 3
183 329 4   0 0   1 1   2 2   3 3
183 204 4   0 0   1 1   2 2   3 3
184 277 4   0 0   1 1   2 2   3 3
184 357 4   0 0   1 1   2 2   3 3
184 255 4   0 0   1 1   2 2   3 3
186 206 4   0 0   1 1   2 2   3 3
187 225 4   0 0   1 1   2 2   3 3
187 196 4   0 0   1 1   2 2   3 3
187 333 4   0 0   1 1   2 2   3 3
187 350 4   0 0   1 1   2 2   3 3
188 337 4   0 0   1 1   2 2   3 3
188 209 4   0 0   1 1   2 2   3 3
188 211 4   0 0   1 1   2 2   3 3
188 293 4   0 0   1 1   2 2   3 3
188 312 4   0 0   1 1   2 2   3 3
188 264 4   0 0   1 1   2 2   3 3
189 214 4   0 0   1 1   2 2   3 3
189 220 4   0 0   1 1   2 2   3 3
189 317 4   0 0   1 1   2 2   3 3
190 353 4   0 0   1 1   2 2   3 3
191 276 4   0 0   1 1   2 2   3 3
191 344 4   0 0   1 1   2 2   3 3
191 301 4   0 0   1 1   2 2   3 3
192 212 4   0 0   1 1   2 2   3 3
192 216 4   0 0   1 1   2 2   3 3
192 217 4   0 0   1 1   2 2   3 3
193 348 4   0 0   1 1   2 2   3 3
194 252 4   0 0   1 1   2 2   3 3
195 245 4   0 0   1 1   2 2   3 3
196 274 4   0 0   1 1   2 2   3 3
196 251 4   0 0   1 1   2 2   3 3
196 350 4   0 0   1 1   2 2   3 3
197 306 4   0 0   1 1   2 2   3 3
197 262 4   0 0   1 1   2 2   3 3
198 260 4   0 0   1 1   2 2   3 3
199 352 4   0 0   1 1   2 2   3 3
199 289 4   0 0   1 1   2 2   3 3
199 213 4   0 0   1 1   2 2   3 3
199 263 4   0 0   1 1   2 2   3 3
199 270 4   0 0   1 1   2 2   3 3
200 305 4   0 0   1 1   2 2   3 3
201 226 4   0 0   1 1   2 2   3 3
201 279 4   0 0   1 1   2 2   3 3
201 253 4   0 0   1 1   2 2   3 3
202 213 4   0 0   1 1   2 2   3 3
202 348 4   0 0   1 1   2 2   3 3
202 270 4   0 0   1 1   2 2   3 3
203 241 4   0 0   1 1   2 2   3 3
203 260 4   0 0   1 1   2 2   3 3
203 278 4   0 0   1 1   2 2   3 3
203 232 4   0 0   1 1   2 2   3 3
204 309 4   0 0   1 1   2 2   3 3
204 329 4   0 0   1 1   2 2   3 3
204 314 4   0 0   1 1   2 2   3 3
204 205 4   0 0   1 1   2 2   3 3
205 306 4   0 0   1 1   2 2   3 3
205 314 4   0 0   1 1   2 2   3 3
206 345 4   0 0   1 1   2 2   3 3
206 252 4   0 0   1 1   2 2   3 3
207 273 4   0 0   1 1   2 2   3 3
207 291 4   0 0   1 1   2 2   3 3
207 271 4   0 0   1 1   2 2   3 3
208 263 4   0 0   1 1   2 2   3 3
210 234 4   0 0   1 1   2 2   3 3
210 285 4   0 0   1 1   2 2   3 3
210 334 4   0 0   1 1   2 2   3 3
211 320 4   0 0   1 1   2 2   3 3
211 337 4   0 0   1 1   2 2   3 3
211 293 4   0 0   1 1   2 2   3 3
211 358 4   0 0   1 1   2 2   3 3
212 353 4   0 0   1 1   2 2   3 3
212 339 4   0 0   1 1   2 2   3 3
212 296 4   0 0   1 1   2 2   3 3
212 332 4   0 0   1 1   2 2   3 3
213 269 4   0 0   1 1   2 2   3 3
213 270 4   0 0   1 1   2 2   3 3
214 314 4   0 0   1 1   2 2   3 3
214 220 4   0 0   1 1   2 2   3 3
214 269 4   0 0   1 1   2 2   3 3
214 317 4   0 0   1 1   2 2   3 3
215 283 4   0 0   1 1   2 2   3 3
215 251 4   0 0   1 1   2 2   3 3
216 282 4   0 0   1 1   2 2   3 3
216 266 4   0 0   1 1   2 2   3 3
216 235 4   0 0   1 1   2 2   3 3
217 332 4   0 0   1 1   2 2   3 3
218 310 4   0 0   1 1   2 2   3 3
218 342 4   0 0   1 1   2 2   3 3
219 247 4   0 0   1 1   2 2   3 3
220 341 4   0 0   1 1   2 2   3 3
220 269 4   0 0   1 1   2 2   3 3
221 311 4   0 0   1 1   2 2   3 3
222 241 4   0 0   1 1   2 2   3 3
222 278 4   0 0   1 1   2 2   3 3
222 343 4   0 0   1 1   2 2   3 3
222 233 4   0 0   1 1   2 2   3 3
222 299 4   0 0   1 1   2 2   3 3
222 253 4   0 0   1 1   2 2   3 3
222 286 4   0 0   1 1   2 2   3 3
223 224 4   0 0   1 1   2 2   3 3
223 240 4   0 0   1 1   2 2   3 3
223 258 4   0 0   1 1   2 2   3 3
223 333 4   0 0   1 1   2 2   3 3
224 240 4   0 0   1 1   2 2   3 3
224 277 4   0 0   1 1   2 2   3 3
224 333 4   0 0   1 1   2 2   3 3
224 255 4   0 0   1 1   2 2   3 3
225 350 4   0 0   1 1   2 2   3 3
226 279 4   0 0   1 1   2 2   3 3
226 268 4   0 0   1 1   2 2   3 3
227 343 4   0 0   1 1   2 2   3 3
227 295 4   0 0   1 1   2 2   3 3
227 238 4   0 0   1 1   2 2   3 3
228 355 4   0 0   1 1   2 2   3 3
228 294 4   0 0   1 1   2 2   3 3
228 232 4   0 0   1 1   2 2   3 3
228 285 4   0 0   1 1   2 2   3 3
230 258 4   0 0   1 1   2 2   3 3
230 261 4   0 0   1 1   2 2   3 3
231 274 4   0 0   1 1   2 2   3 3
231 243 4   0 0   1 1   2 2   3 3
232 241 4   0 0   1 1   2 2   3 3
232 355 4   0 0   1 1   2 2   3 3
232 260 4   0 0   1 1   2 2   3 3
233 241 4   0 0   1 1   2 2   3 3
233 355 4   0 0   1 1   2 2   3 3
233 299 4   0 0   1 1   2 2   3 3
234 260 4   0 0   1 1   2 2   3 3
234 334 4   0 0   1 1   2 2   3 3
235 288 4   0 0   1 1   2 2   3 3
235 282 4   0 0   1 1   2 2   3 3
236 337 4   0 0   1 1   2 2   3 3
236 312 4   0 0   1 1   2 2   3 3
236 346 4   0 0   1 1   2 2   3 3
237 291 4   0 0   1 1   2 2   3 3
237 341 4   0 0   1 1   2 2   3 3
237 249 4   0 0   1 1   2 2   3 3
237 303 4   0 0   1 1   2 2   3 3
238 343 4   0 0   1 1   2 2   3 3
238 295 4   0 0   1 1   2 2   3 3
238 328 4   0 0   1 1   2 2   3 3
238 250 4   0 0   1 1   2 2   3 3
238 299 4   0 0   1 1   2 2   3 3
238 254 4   0 0   1 1   2 2   3 3
239 256 4   0 0   1 1   2 2   3 3
239 340 4   0 0   1 1   2 2   3 3
239 351 4   0 0   1 1   2 2   3 3
240 258 4   0 0   1 1   2 2   3 3
240 261 4   0 0   1 1   2 2   3 3
240 300 4   0 0   1 1   2 2   3 3
240 255 4   0 0   1 1   2 2   3 3
241 355 4   0 0   1 1   2 2   3 3
241 278 4   0 0   1 1   2 2   3 3
242 289 4   0 0   1 1   2 2   3 3
242 326 4   0 0   1 1   2 2   3 3
242 295 4   0 0   1 1   2 2   3 3
243 309 4   0 0   1 1   2 2   3 3
243 329 4   0 0   1 1   2 2   3 3
244 248 4   0 0   1 1   2 2   3 3
244 318 4   0 0   1 1   2 2   3 3
245 308 4   0 0   1 1   2 2   3 3
245 327 4   0 0   1 1   2 2   3 3
245 315 4   0 0   1 1   2 2   3 3
246 292 4   0 0   1 1   2 2   3 3
246 351 4   0 0   1 1   2 2   3 3
247 331 4   0 0   1 1   2 2   3 3
248 318 4   0 0   1 1   2 2   3 3
249 340 4   0 0   1 1   2 2   3 3
249 341 4   0 0   1 1   2 2   3 3
250 288 4   0 0   1 1   2 2   3 3
250 328 4   0 0   1 1   2 2   3 3
250 282 4   0 0   1 1   2 2   3 3
251 274 4   0 0   1 1   2 2   3 3
252 257 4   0 0   1 1   2 2   3 3
252 345 4   0 0   1 1   2 2   3 3
253 278 4   0 0   1 1   2 2   3 3
253 286 4   0 0   1 1   2 2   3 3
254 343 4   0 0   1 1   2 2   3 3
254 299 4   0 0   1 1   2 2   3 3
256 351 4   0 0   1 1   2 2   3 3
258 259 4   0 0   1 1   2 2   3 3
258 261 4   0 0   1 1   2 2   3 3
258 333 4   0 0   1 1   2 2   3 3
259 333 4   0 0   1 1   2 2   3 3
261 300 4   0 0   1 1   2 2   3 3
263 352 4   0 0   1 1   2 2   3 3
264 321 4   0 0   1 1   2 2   3 3
264 293 4   0 0   1 1   2 2   3 3
265 313 4   0 0   1 1   2 2   3 3
266 326 4   0 0   1 1   2 2   3 3
266 282 4   0 0   1 1   2 2   3 3
268 320 4   0 0   1 1   2 2   3 3
268 279 4   0 0   1 1   2 2   3 3
269 323 4   0 0   1 1   2 2   3 3
269 341 4   0 0   1 1   2 2   3 3
269 303 4   0 0   1 1   2 2   3 3
271 322 4   0 0   1 1   2 2   3 3
271 291 4   0 0   1 1   2 2   3 3
272 349 4   0 0   1 1   2 2   3 3
273 308 4   0 0   1 1   2 2   3 3
273 315 4   0 0   1 1   2 2   3 3
274 277 4   0 0   1 1   2 2   3 3
275 298 4   0 0   1 1   2 2   3 3
276 344 4   0 0   1 1   2 2   3 3
276 301 4   0 0   1 1   2 2   3 3
277 333 4   0 0   1 1   2 2   3 3
280 327 4   0 0   1 1   2 2   3 3
280 319 4   0 0   1 1   2 2   3 3
281 290 4   0 0   1 1   2 2   3 3
281 338 4   0 0   1 1   2 2   3 3
281 325 4   0 0   1 1   2 2   3 3
281 328 4   0 0   1 1   2 2   3 3
282 288 4   0 0   1 1   2 2   3 3
282 326 4   0 0   1 1   2 2   3 3
283 321 4   0 0   1 1   2 2   3 3
283 350 4   0 0   1 1   2 2   3 3
285 294 4   0 0   1 1   2 2   3 3
285 334 4   0 0   1 1   2 2   3 3
287 353 4   0 0   1 1   2 2   3 3
289 312 4   0 0   1 1   2 2   3 3
293 321 4   0 0   1 1   2 2   3 3
293 358 4   0 0   1 1   2 2   3 3
294 355 4   0 0   1 1   2 2   3 3
296 339 4   0 0   1 1   2 2   3 3
296 342 4   0 0   1 1   2 2   3 3
296 335 4   0 0   1 1   2 2   3 3
299 355 4   0 0   1 1   2 2   3 3
299 343 4   0 0   1 1   2 2   3 3
299 328 4   0 0   1 1   2 2   3 3
303 341 4   0 0   1 1   2 2   3 3
303 318 4   0 0   1 1   2 2   3 3
305 310 4   0 0   1 1   2 2   3 3
305 311 4   0 0   1 1   2 2   3 3
305 330 4   0 0   1 1   2 2   3 3
306 347 4   0 0   1 1   2 2   3 3
307 316 4   0 0   1 1   2 2   3 3
308 315 4   0 0   1 1   2 2   3 3
309 329 4   0 0   1 1   2 2   3 3
311 330 4   0 0   1 1   2 2   3 3
312 337 4   0 0   1 1   2 2   3 3
313 356 4   0 0   1 1   2 2   3 3
313 331 4   0 0   1 1   2 2   3 3
314 347 4   0 0   1 1   2 2   3 3
314 317 4   0 0   1 1   2 2   3 3
315 327 4   0 0   1 1   2 2   3 3
317 347 4   0 0   1 1   2 2   3 3
319 327 4   0 0   1 1   2 2   3 3
320 337 4   0 0   1 1   2 2   3 3
320 324 4   0 0   1 1   2 2   3 3
320 358 4   0 0   1 1   2 2   3 3
322 349 4   0 0   1 1   2 2   3 3
325 338 4   0 0   1 1   2 2   3 3
339 342 4   0 0   1 1   2 2   3 3
