342
1 4 0 1 2 3
2 4 0 1 2 3
3 4 0 1 2 3
4 4 0 1 2 3
5 4 0 1 2 3
6 4 0 1 2 3
7 4 0 1 2 3
8 4 0 1 2 3
9 4 0 1 2 3
10 4 0 1 2 3
11 4 0 1 2 3
12 4 0 1 2 3
13 4 0 1 2 3
14 4 0 1 2 3
15 4 0 1 2 3
16 4 0 1 2 3
17 4 0 1 2 3
18 4 0 1 2 3
19 4 0 1 2 3
20 4 0 1 2 3
21 4 0 1 2 3
22 4 0 1 2 3
23 4 0 1 2 3
24 4 0 1 2 3
25 4 0 1 2 3
26 4 0 1 2 3
27 4 0 1 2 3
28 4 0 1 2 3
29 4 0 1 2 3
30 4 0 1 2 3
31 4 0 1 2 3
32 4 0 1 2 3
33 4 0 1 2 3
34 4 0 1 2 3
35 4 0 1 2 3
36 4 0 1 2 3
37 4 0 1 2 3
38 4 0 1 2 3
39 4 0 1 2 3
40 4 0 1 2 3
41 4 0 1 2 3
42 4 0 1 2 3
43 4 0 1 2 3
44 4 0 1 2 3
45 4 0 1 2 3
46 4 0 1 2 3
47 4 0 1 2 3
48 4 0 1 2 3
49 4 0 1 2 3
50 4 0 1 2 3
51 4 0 1 2 3
52 4 0 1 2 3
53 4 0 1 2 3
54 4 0 1 2 3
55 4 0 1 2 3
56 4 0 1 2 3
57 4 0 1 2 3
58 4 0 1 2 3
59 4 0 1 2 3
60 4 0 1 2 3
61 4 0 1 2 3
62 4 0 1 2 3
63 4 0 1 2 3
64 4 0 1 2 3
65 4 0 1 2 3
66 4 0 1 2 3
67 4 0 1 2 3
68 4 0 1 2 3
69 4 0 1 2 3
70 4 0 1 2 3
71 4 0 1 2 3
72 4 0 1 2 3
73 4 0 1 2 3
74 4 0 1 2 3
75 4 0 1 2 3
76 4 0 1 2 3
77 4 0 1 2 3
78 4 0 1 2 3
79 4 0 1 2 3
80 4 0 1 2 3
81 4 0 1 2 3
82 4 0 1 2 3
83 4 0 1 2 3
84 4 0 1 2 3
85 4 0 1 2 3
86 4 0 1 2 3
87 4 0 1 2 3
88 4 0 1 2 3
89 4 0 1 2 3
90 4 0 1 2 3
91 4 0 1 2 3
92 4 0 1 2 3
93 4 0 1 2 3
94 4 0 1 2 3
95 4 0 1 2 3
96 4 0 1 2 3
97 4 0 1 2 3
98 4 0 1 2 3
99 4 0 1 2 3
100 4 0 1 2 3
101 4 0 1 2 3
102 4 0 1 2 3
103 4 0 1 2 3
104 4 0 1 2 3
105 4 0 1 2 3
106 4 0 1 2 3
107 4 0 1 2 3
108 4 0 1 2 3
109 4 0 1 2 3
110 4 0 1 2 3
111 4 0 1 2 3
112 4 0 1 2 3
113 4 0 1 2 3
114 4 0 1 2 3
115 4 0 1 2 3
116 4 0 1 2 3
117 4 0 1 2 3
118 4 0 1 2 3
119 4 0 1 2 3
120 4 0 1 2 3
121 4 0 1 2 3
122 4 0 1 2 3
123 4 0 1 2 3
124 4 0 1 2 3
125 4 0 1 2 3
126 4 0 1 2 3
127 4 0 1 2 3
128 4 0 1 2 3
129 4 0 1 2 3
130 4 0 1 2 3
131 4 0 1 2 3
132 4 0 1 2 3
133 4 0 1 2 3
134 4 0 1 2 3
135 4 0 1 2 3
136 4 0 1 2 3
137 4 0 1 2 3
138 4 0 1 2 3
139 4 0 1 2 3
140 4 0 1 2 3
141 4 0 1 2 3
142 4 0 1 2 3
143 4 0 1 2 3
144 4 0 1 2 3
145 4 0 1 2 3
146 4 0 1 2 3
147 4 0 1 2 3
148 4 0 1 2 3
149 4 0 1 2 3
150 4 0 1 2 3
151 4 0 1 2 3
152 4 0 1 2 3
153 4 0 1 2 3
154 4 0 1 2 3
155 4 0 1 2 3
156 4 0 1 2 3
157 4 0 1 2 3
158 4 0 1 2 3
159 4 0 1 2 3
160 4 0 1 2 3
161 4 0 1 2 3
162 4 0 1 2 3
163 4 0 1 2 3
164 4 0 1 2 3
165 4 0 1 2 3
166 4 0 1 2 3
167 4 0 1 2 3
168 4 0 1 2 3
169 4 0 1 2 3
170 4 0 1 2 3
171 4 0 1 2 3
172 4 0 1 2 3
173 4 0 1 2 3
174 4 0 1 2 3
175 4 0 1 2 3
176 4 0 1 2 3
177 4 0 1 2 3
178 4 0 1 2 3
179 4 0 1 2 3
180 4 0 1 2 3
181 4 0 1 2 3
182 4 0 1 2 3
183 4 0 1 2 3
184 4 0 1 2 3
185 4 0 1 2 3
186 4 0 1 2 3
187 4 0 1 2 3
188 4 0 1 2 3
189 4 0 1 2 3
190 4 0 1 2 3
191 4 0 1 2 3
192 4 0 1 2 3
193 4 0 1 2 3
194 4 0 1 2 3
195 4 0 1 2 3
196 4 0 1 2 3
197 4 0 1 2 3
198 4 0 1 2 3
199 4 0 1 2 3
200 4 0 1 2 3
201 4 0 1 2 3
202 4 0 1 2 3
203 4 0 1 2 3
204 4 0 1 2 3
205 4 0 1 2 3
206 4 0 1 2 3
207 4 0 1 2 3
208 4 0 1 2 3
209 4 0 1 2 3
210 4 0 1 2 3
211 4 0 1 2 3
212 4 0 1 2 3
213 4 0 1 2 3
214 4 0 1 2 3
215 4 0 1 2 3
216 4 0 1 2 3
217 4 0 1 2 3
218 4 0 1 2 3
219 4 0 1 2 3
220 4 0 1 2 3
221 4 0 1 2 3
222 4 0 1 2 3
223 4 0 1 2 3
224 4 0 1 2 3
225 4 0 1 2 3
226 4 0 1 2 3
227 4 0 1 2 3
228 4 0 1 2 3
229 4 0 1 2 3
230 4 0 1 2 3
231 4 0 1 2 3
232 4 0 1 2 3
233 4 0 1 2 3
234 4 0 1 2 3
235 4 0 1 2 3
236 4 0 1 2 3
237 4 0 1 2 3
238 4 0 1 2 3
239 4 0 1 2 3
240 4 0 1 2 3
241 4 0 1 2 3
242 4 0 1 2 3
243 4 0 1 2 3
244 4 0 1 2 3
245 4 0 1 2 3
246 4 0 1 2 3
247 4 0 1 2 3
248 4 0 1 2 3
249 4 0 1 2 3
250 4 0 1 2 3
251 4 0 1 2 3
252 4 0 1 2 3
253 4 0 1 2 3
254 4 0 1 2 3
255 4 0 1 2 3
256 4 0 1 2 3
257 4 0 1 2 3
258 4 0 1 2 3
259 4 0 1 2 3
260 4 0 1 2 3
261 4 0 1 2 3
262 4 0 1 2 3
263 4 0 1 2 3
264 4 0 1 2 3
265 4 0 1 2 3
266 4 0 1 2 3
267 4 0 1 2 3
268 4 0 1 2 3
269 4 0 1 2 3
270 4 0 1 2 3
271 4 0 1 2 3
272 4 0 1 2 3
273 4 0 1 2 3
274 4 0 1 2 3
275 4 0 1 2 3
276 4 0 1 2 3
277 4 0 1 2 3
278 4 0 1 2 3
279 4 0 1 2 3
280 4 0 1 2 3
281 4 0 1 2 3
282 4 0 1 2 3
283 4 0 1 2 3
284 4 0 1 2 3
285 4 0 1 2 3
286 4 0 1 2 3
287 4 0 1 2 3
288 4 0 1 2 3
289 4 0 1 2 3
290 4 0 1 2 3
291 4 0 1 2 3
292 4 0 1 2 3
293 4 0 1 2 3
294 4 0 1 2 3
295 4 0 1 2 3
296 4 0 1 2 3
297 4 0 1 2 3
298 4 0 1 2 3
299 4 0 1 2 3
300 4 0 1 2 3
301 4 0 1 2 3
302 4 0 1 2 3
303 4 0 1 2 3
304 4 0 1 2 3
305 4 0 1 2 3
306 4 0 1 2 3
307 4 0 1 2 3
308 4 0 1 2 3
309 4 0 1 2 3
310 4 0 1 2 3
311 4 0 1 2 3
312 4 0 1 2 3
313 4 0 1 2 3
314 4 0 1 2 3
315 4 0 1 2 3
316 4 0 1 2 3
317 4 0 1 2 3
318 4 0 1 2 3
319 4 0 1 2 3
320 4 0 1 2 3
321 4 0 1 2 3
322 4 0 1 2 3
323 4 0 1 2 3
324 4 0 1 2 3
325 4 0 1 2 3
326 4 0 1 2 3
327 4 0 1 2 3
328 4 0 1 2 3
329 4 0 1 2 3
330 4 0 1 2 3
331 4 0 1 2 3
332 4 0 1 2 3
333 4 0 1 2 3
334 4 0 1 2 3
335 4 0 1 2 3
336 4 0 1 2 3
337 4 0 1 2 3
338 4 0 1 2 3
339 4 0 1 2 3
340 4 0 1 2 3
341 4 0 1 2 3
342 4 0 1 2 3
957
1 83 4   0 0   1 1   2 2   3 3
1 312 4   0 0   1 1   2 2   3 3
1 332 4   0 0   1 1   2 2   3 3
1 126 4   0 0   1 1   2 2   3 3
1 335 4   0 0   1 1   2 2   3 3
2 192 4   0 0   1 1   2 2   3 3
2 97 4   0 0   1 1   2 2   3 3
2 98 4   0 0   1 1   2 2   3 3
2 196 4   0 0   1 1   2 2   3 3
2 285 4   0 0   1 1   2 2   3 3
3 129 4   0 0   1 1   2 2   3 3
3 115 4   0 0   1 1   2 2   3 3
3 70 4   0 0   1 1   2 2   3 3
3 233 4   0 0   1 1   2 2   3 3
3 270 4   0 0   1 1   2 2   3 3
3 15 4   0 0   1 1   2 2   3 3
3 239 4   0 0   1 1   2 2   3 3
4 200 4   0 0   1 1   2 2   3 3
4 137 4   0 0   1 1   2 2   3 3
4 153 4   0 0   1 1   2 2   3 3
4 266 4   0 0   1 1   2 2   3 3
4 111 4   0 0   1 1   2 2   3 3
5 128 4   0 0   1 1   2 2   3 3
5 130 4   0 0   1 1   2 2   3 3
5 43 4   0 0   1 1   2 2   3 3
5 316 4   0 0   1 1   2 2   3 3
5 141 4   0 0   1 1   2 2   3 3
5 127 4   0 0   1 1   2 2   3 3
6 208 4   0 0   1 1   2 2   3 3
6 245 4   0 0   1 1   2 2   3 3
6 185 4   0 0   1 1   2 2   3 3
6 60 4   0 0   1 1   2 2   3 3
7 198 4   0 0   1 1   2 2   3 3
7 55 4   0 0   1 1   2 2   3 3
7 56 4   0 0   1 1   2 2   3 3
7 202 4   0 0   1 1   2 2   3 3
7 63 4   0 0   1 1   2 2   3 3
8 256 4   0 0   1 1   2 2   3 3
8 176 4   0 0   1 1   2 2   3 3
8 180 4   0 0   1 1   2 2   3 3
8 101 4   0 0   1 1   2 2   3 3
8 280 4   0 0   1 1   2 2   3 3
8 332 4   0 0   1 1   2 2   3 3
8 205 4   0 0   1 1   2 2   3 3
9 258 4   0 0   1 1   2 2   3 3
9 23 4   0 0   1 1   2 2   3 3
9 206 4   0 0   1 1   2 2   3 3
10 210 4   0 0   1 1   2 2   3 3
10 178 4   0 0   1 1   2 2   3 3
10 52 4   0 0   1 1   2 2   3 3
10 235 4   0 0   1 1   2 2   3 3
10 125 4   0 0   1 1   2 2   3 3
10 94 4   0 0   1 1   2 2   3 3
11 208 4   0 0   1 1   2 2   3 3
11 322 4   0 0   1 1   2 2   3 3
11 259 4   0 0   1 1   2 2   3 3
11 213 4   0 0   1 1   2 2   3 3
11 218 4   0 0   1 1   2 2   3 3
11 60 4   0 0   1 1   2 2   3 3
11 222 4   0 0   1 1   2 2   3 3
12 96 4   0 0   1 1   2 2   3 3
12 33 4   0 0   1 1   2 2   3 3
12 249 4   0 0   1 1   2 2   3 3
12 201 4   0 0   1 1   2 2   3 3
12 330 4   0 0   1 1   2 2   3 3
13 35 4   0 0   1 1   2 2   3 3
13 53 4   0 0   1 1   2 2   3 3
13 184 4   0 0   1 1   2 2   3 3
13 302 4   0 0   1 1   2 2   3 3
14 291 4   0 0   1 1   2 2   3 3
14 246 4   0 0   1 1   2 2   3 3
14 182 4   0 0   1 1   2 2   3 3
14 265 4   0 0   1 1   2 2   3 3
14 238 4   0 0   1 1   2 2   3 3
14 95 4   0 0   1 1   2 2   3 3
15 129 4   0 0   1 1   2 2   3 3
15 306 4   0 0   1 1   2 2   3 3
15 275 4   0 0   1 1   2 2   3 3
15 115 4   0 0   1 1   2 2   3 3
15 122 4   0 0   1 1   2 2   3 3
15 331 4   0 0   1 1   2 2   3 3
16 130 4   0 0   1 1   2 2   3 3
16 274 4   0 0   1 1   2 2   3 3
16 308 4   0 0   1 1   2 2   3 3
16 88 4   0 0   1 1   2 2   3 3
17 100 4   0 0   1 1   2 2   3 3
17 85 4   0 0   1 1   2 2   3 3
17 310 4   0 0   1 1   2 2   3 3
17 86 4   0 0   1 1   2 2   3 3
17 170 4   0 0   1 1   2 2   3 3
17 191 4   0 0   1 1   2 2   3 3
18 176 4   0 0   1 1   2 2   3 3
18 147 4   0 0   1 1   2 2   3 3
18 101 4   0 0   1 1   2 2   3 3
18 61 4   0 0   1 1   2 2   3 3
18 30 4   0 0   1 1   2 2   3 3
19 307 4   0 0   1 1   2 2   3 3
19 84 4   0 0   1 1   2 2   3 3
19 69 4   0 0   1 1   2 2   3 3
19 221 4   0 0   1 1   2 2   3 3
19 174 4   0 0   1 1   2 2   3 3
19 62 4   0 0   1 1   2 2   3 3
19 334 4   0 0   1 1   2 2   3 3
20 67 4   0 0   1 1   2 2   3 3
20 102 4   0 0   1 1   2 2   3 3
20 138 4   0 0   1 1   2 2   3 3
20 92 4   0 0   1 1   2 2   3 3
21 321 4   0 0   1 1   2 2   3 3
21 261 4   0 0   1 1   2 2   3 3
21 149 4   0 0   1 1   2 2   3 3
21 136 4   0 0   1 1   2 2   3 3
21 312 4   0 0   1 1   2 2   3 3
21 41 4   0 0   1 1   2 2   3 3
21 47 4   0 0   1 1   2 2   3 3
21 335 4   0 0   1 1   2 2   3 3
22 288 4   0 0   1 1   2 2   3 3
22 289 4   0 0   1 1   2 2   3 3
22 162 4   0 0   1 1   2 2   3 3
22 51 4   0 0   1 1   2 2   3 3
22 292 4   0 0   1 1   2 2   3 3
22 42 4   0 0   1 1   2 2   3 3
23 160 4   0 0   1 1   2 2   3 3
23 241 4   0 0   1 1   2 2   3 3
23 243 4   0 0   1 1   2 2   3 3
23 110 4   0 0   1 1   2 2   3 3
23 206 4   0 0   1 1   2 2   3 3
24 293 4   0 0   1 1   2 2   3 3
24 102 4   0 0   1 1   2 2   3 3
24 105 4   0 0   1 1   2 2   3 3
24 92 4   0 0   1 1   2 2   3 3
25 224 4   0 0   1 1   2 2   3 3
25 230 4   0 0   1 1   2 2   3 3
25 186 4   0 0   1 1   2 2   3 3
25 46 4   0 0   1 1   2 2   3 3
25 63 4   0 0   1 1   2 2   3 3
26 192 4   0 0   1 1   2 2   3 3
26 160 4   0 0   1 1   2 2   3 3
26 193 4   0 0   1 1   2 2   3 3
26 241 4   0 0   1 1   2 2   3 3
26 71 4   0 0   1 1   2 2   3 3
27 197 4   0 0   1 1   2 2   3 3
27 298 4   0 0   1 1   2 2   3 3
27 283 4   0 0   1 1   2 2   3 3
27 268 4   0 0   1 1   2 2   3 3
28 211 4   0 0   1 1   2 2   3 3
28 326 4   0 0   1 1   2 2   3 3
28 43 4   0 0   1 1   2 2   3 3
28 316 4   0 0   1 1   2 2   3 3
28 303 4   0 0   1 1   2 2   3 3
29 323 4   0 0   1 1   2 2   3 3
29 116 4   0 0   1 1   2 2   3 3
29 184 4   0 0   1 1   2 2   3 3
30 322 4   0 0   1 1   2 2   3 3
30 147 4   0 0   1 1   2 2   3 3
30 259 4   0 0   1 1   2 2   3 3
30 134 4   0 0   1 1   2 2   3 3
30 61 4   0 0   1 1   2 2   3 3
31 310 4   0 0   1 1   2 2   3 3
31 135 4   0 0   1 1   2 2   3 3
31 153 4   0 0   1 1   2 2   3 3
31 172 4   0 0   1 1   2 2   3 3
31 45 4   0 0   1 1   2 2   3 3
32 36 4   0 0   1 1   2 2   3 3
32 229 4   0 0   1 1   2 2   3 3
32 231 4   0 0   1 1   2 2   3 3
32 74 4   0 0   1 1   2 2   3 3
32 78 4   0 0   1 1   2 2   3 3
33 68 4   0 0   1 1   2 2   3 3
33 330 4   0 0   1 1   2 2   3 3
34 195 4   0 0   1 1   2 2   3 3
34 261 4   0 0   1 1   2 2   3 3
34 152 4   0 0   1 1   2 2   3 3
34 267 4   0 0   1 1   2 2   3 3
34 223 4   0 0   1 1   2 2   3 3
34 47 4   0 0   1 1   2 2   3 3
35 179 4   0 0   1 1   2 2   3 3
35 325 4   0 0   1 1   2 2   3 3
35 117 4   0 0   1 1   2 2   3 3
35 278 4   0 0   1 1   2 2   3 3
35 296 4   0 0   1 1   2 2   3 3
35 302 4   0 0   1 1   2 2   3 3
36 102 4   0 0   1 1   2 2   3 3
36 231 4   0 0   1 1   2 2   3 3
36 297 4   0 0   1 1   2 2   3 3
36 74 4   0 0   1 1   2 2   3 3
37 273 4   0 0   1 1   2 2   3 3
37 164 4   0 0   1 1   2 2   3 3
37 106 4   0 0   1 1   2 2   3 3
38 336 4   0 0   1 1   2 2   3 3
38 49 4   0 0   1 1   2 2   3 3
38 179 4   0 0   1 1   2 2   3 3
38 277 4   0 0   1 1   2 2   3 3
38 117 4   0 0   1 1   2 2   3 3
38 75 4   0 0   1 1   2 2   3 3
38 300 4   0 0   1 1   2 2   3 3
39 309 4   0 0   1 1   2 2   3 3
39 181 4   0 0   1 1   2 2   3 3
39 252 4   0 0   1 1   2 2   3 3
39 220 4   0 0   1 1   2 2   3 3
39 221 4   0 0   1 1   2 2   3 3
39 334 4   0 0   1 1   2 2   3 3
40 225 4   0 0   1 1   2 2   3 3
40 226 4   0 0   1 1   2 2   3 3
40 245 4   0 0   1 1   2 2   3 3
40 151 4   0 0   1 1   2 2   3 3
40 171 4   0 0   1 1   2 2   3 3
40 60 4   0 0   1 1   2 2   3 3
41 321 4   0 0   1 1   2 2   3 3
41 149 4   0 0   1 1   2 2   3 3
41 55 4   0 0   1 1   2 2   3 3
41 312 4   0 0   1 1   2 2   3 3
41 126 4   0 0   1 1   2 2   3 3
42 288 4   0 0   1 1   2 2   3 3
42 289 4   0 0   1 1   2 2   3 3
42 204 4   0 0   1 1   2 2   3 3
42 125 4   0 0   1 1   2 2   3 3
42 287 4   0 0   1 1   2 2   3 3
43 211 4   0 0   1 1   2 2   3 3
43 316 4   0 0   1 1   2 2   3 3
43 127 4   0 0   1 1   2 2   3 3
44 258 4   0 0   1 1   2 2   3 3
44 339 4   0 0   1 1   2 2   3 3
44 324 4   0 0   1 1   2 2   3 3
44 89 4   0 0   1 1   2 2   3 3
44 140 4   0 0   1 1   2 2   3 3
45 337 4   0 0   1 1   2 2   3 3
45 133 4   0 0   1 1   2 2   3 3
45 310 4   0 0   1 1   2 2   3 3
45 153 4   0 0   1 1   2 2   3 3
45 217 4   0 0   1 1   2 2   3 3
45 266 4   0 0   1 1   2 2   3 3
46 65 4   0 0   1 1   2 2   3 3
46 230 4   0 0   1 1   2 2   3 3
46 216 4   0 0   1 1   2 2   3 3
46 142 4   0 0   1 1   2 2   3 3
46 302 4   0 0   1 1   2 2   3 3
47 261 4   0 0   1 1   2 2   3 3
47 118 4   0 0   1 1   2 2   3 3
47 136 4   0 0   1 1   2 2   3 3
47 223 4   0 0   1 1   2 2   3 3
48 128 4   0 0   1 1   2 2   3 3
48 177 4   0 0   1 1   2 2   3 3
48 247 4   0 0   1 1   2 2   3 3
48 264 4   0 0   1 1   2 2   3 3
48 58 4   0 0   1 1   2 2   3 3
49 336 4   0 0   1 1   2 2   3 3
49 83 4   0 0   1 1   2 2   3 3
49 75 4   0 0   1 1   2 2   3 3
49 332 4   0 0   1 1   2 2   3 3
50 163 4   0 0   1 1   2 2   3 3
50 248 4   0 0   1 1   2 2   3 3
50 78 4   0 0   1 1   2 2   3 3
50 95 4   0 0   1 1   2 2   3 3
50 207 4   0 0   1 1   2 2   3 3
51 289 4   0 0   1 1   2 2   3 3
51 132 4   0 0   1 1   2 2   3 3
51 292 4   0 0   1 1   2 2   3 3
51 298 4   0 0   1 1   2 2   3 3
51 219 4   0 0   1 1   2 2   3 3
52 178 4   0 0   1 1   2 2   3 3
52 306 4   0 0   1 1   2 2   3 3
52 235 4   0 0   1 1   2 2   3 3
52 236 4   0 0   1 1   2 2   3 3
53 65 4   0 0   1 1   2 2   3 3
53 323 4   0 0   1 1   2 2   3 3
53 184 4   0 0   1 1   2 2   3 3
53 302 4   0 0   1 1   2 2   3 3
54 194 4   0 0   1 1   2 2   3 3
54 154 4   0 0   1 1   2 2   3 3
54 266 4   0 0   1 1   2 2   3 3
54 123 4   0 0   1 1   2 2   3 3
54 189 4   0 0   1 1   2 2   3 3
54 143 4   0 0   1 1   2 2   3 3
55 321 4   0 0   1 1   2 2   3 3
55 83 4   0 0   1 1   2 2   3 3
55 164 4   0 0   1 1   2 2   3 3
55 198 4   0 0   1 1   2 2   3 3
55 56 4   0 0   1 1   2 2   3 3
55 126 4   0 0   1 1   2 2   3 3
56 336 4   0 0   1 1   2 2   3 3
56 224 4   0 0   1 1   2 2   3 3
56 83 4   0 0   1 1   2 2   3 3
56 300 4   0 0   1 1   2 2   3 3
56 63 4   0 0   1 1   2 2   3 3
57 294 4   0 0   1 1   2 2   3 3
57 120 4   0 0   1 1   2 2   3 3
57 107 4   0 0   1 1   2 2   3 3
57 62 4   0 0   1 1   2 2   3 3
58 177 4   0 0   1 1   2 2   3 3
58 167 4   0 0   1 1   2 2   3 3
58 247 4   0 0   1 1   2 2   3 3
58 157 4   0 0   1 1   2 2   3 3
58 191 4   0 0   1 1   2 2   3 3
59 212 4   0 0   1 1   2 2   3 3
59 123 4   0 0   1 1   2 2   3 3
59 94 4   0 0   1 1   2 2   3 3
59 175 4   0 0   1 1   2 2   3 3
59 255 4   0 0   1 1   2 2   3 3
60 208 4   0 0   1 1   2 2   3 3
60 226 4   0 0   1 1   2 2   3 3
60 222 4   0 0   1 1   2 2   3 3
61 176 4   0 0   1 1   2 2   3 3
61 259 4   0 0   1 1   2 2   3 3
61 70 4   0 0   1 1   2 2   3 3
61 214 4   0 0   1 1   2 2   3 3
61 233 4   0 0   1 1   2 2   3 3
62 81 4   0 0   1 1   2 2   3 3
62 84 4   0 0   1 1   2 2   3 3
62 120 4   0 0   1 1   2 2   3 3
62 107 4   0 0   1 1   2 2   3 3
62 285 4   0 0   1 1   2 2   3 3
62 174 4   0 0   1 1   2 2   3 3
63 224 4   0 0   1 1   2 2   3 3
63 202 4   0 0   1 1   2 2   3 3
63 186 4   0 0   1 1   2 2   3 3
64 114 4   0 0   1 1   2 2   3 3
64 324 4   0 0   1 1   2 2   3 3
64 121 4   0 0   1 1   2 2   3 3
64 91 4   0 0   1 1   2 2   3 3
64 110 4   0 0   1 1   2 2   3 3
64 206 4   0 0   1 1   2 2   3 3
65 323 4   0 0   1 1   2 2   3 3
65 142 4   0 0   1 1   2 2   3 3
65 302 4   0 0   1 1   2 2   3 3
66 112 4   0 0   1 1   2 2   3 3
66 104 4   0 0   1 1   2 2   3 3
66 266 4   0 0   1 1   2 2   3 3
66 189 4   0 0   1 1   2 2   3 3
67 102 4   0 0   1 1   2 2   3 3
67 183 4   0 0   1 1   2 2   3 3
67 74 4   0 0   1 1   2 2   3 3
67 234 4   0 0   1 1   2 2   3 3
67 138 4   0 0   1 1   2 2   3 3
67 190 4   0 0   1 1   2 2   3 3
68 294 4   0 0   1 1   2 2   3 3
68 330 4   0 0   1 1   2 2   3 3
68 107 4   0 0   1 1   2 2   3 3
68 174 4   0 0   1 1   2 2   3 3
69 307 4   0 0   1 1   2 2   3 3
69 72 4   0 0   1 1   2 2   3 3
69 201 4   0 0   1 1   2 2   3 3
69 330 4   0 0   1 1   2 2   3 3
69 238 4   0 0   1 1   2 2   3 3
70 176 4   0 0   1 1   2 2   3 3
70 129 4   0 0   1 1   2 2   3 3
70 233 4   0 0   1 1   2 2   3 3
70 270 4   0 0   1 1   2 2   3 3
71 192 4   0 0   1 1   2 2   3 3
71 241 4   0 0   1 1   2 2   3 3
71 99 4   0 0   1 1   2 2   3 3
71 103 4   0 0   1 1   2 2   3 3
71 110 4   0 0   1 1   2 2   3 3
72 96 4   0 0   1 1   2 2   3 3
72 246 4   0 0   1 1   2 2   3 3
72 182 4   0 0   1 1   2 2   3 3
72 201 4   0 0   1 1   2 2   3 3
72 90 4   0 0   1 1   2 2   3 3
72 238 4   0 0   1 1   2 2   3 3
73 85 4   0 0   1 1   2 2   3 3
73 167 4   0 0   1 1   2 2   3 3
73 170 4   0 0   1 1   2 2   3 3
74 102 4   0 0   1 1   2 2   3 3
74 215 4   0 0   1 1   2 2   3 3
74 234 4   0 0   1 1   2 2   3 3
74 78 4   0 0   1 1   2 2   3 3
75 147 4   0 0   1 1   2 2   3 3
75 101 4   0 0   1 1   2 2   3 3
75 277 4   0 0   1 1   2 2   3 3
75 332 4   0 0   1 1   2 2   3 3
76 177 4   0 0   1 1   2 2   3 3
76 87 4   0 0   1 1   2 2   3 3
76 157 4   0 0   1 1   2 2   3 3
76 269 4   0 0   1 1   2 2   3 3
76 191 4   0 0   1 1   2 2   3 3
77 114 4   0 0   1 1   2 2   3 3
77 340 4   0 0   1 1   2 2   3 3
77 169 4   0 0   1 1   2 2   3 3
77 121 4   0 0   1 1   2 2   3 3
77 187 4   0 0   1 1   2 2   3 3
77 286 4   0 0   1 1   2 2   3 3
78 80 4   0 0   1 1   2 2   3 3
78 163 4   0 0   1 1   2 2   3 3
78 229 4   0 0   1 1   2 2   3 3
78 215 4   0 0   1 1   2 2   3 3
78 219 4   0 0   1 1   2 2   3 3
78 95 4   0 0   1 1   2 2   3 3
79 81 4   0 0   1 1   2 2   3 3
79 340 4   0 0   1 1   2 2   3 3
79 169 4   0 0   1 1   2 2   3 3
79 187 4   0 0   1 1   2 2   3 3
79 285 4   0 0   1 1   2 2   3 3
80 242 4   0 0   1 1   2 2   3 3
80 163 4   0 0   1 1   2 2   3 3
80 132 4   0 0   1 1   2 2   3 3
80 219 4   0 0   1 1   2 2   3 3
80 207 4   0 0   1 1   2 2   3 3
81 84 4   0 0   1 1   2 2   3 3
81 169 4   0 0   1 1   2 2   3 3
81 281 4   0 0   1 1   2 2   3 3
82 244 4   0 0   1 1   2 2   3 3
82 199 4   0 0   1 1   2 2   3 3
82 135 4   0 0   1 1   2 2   3 3
82 140 4   0 0   1 1   2 2   3 3
82 172 4   0 0   1 1   2 2   3 3
83 336 4   0 0   1 1   2 2   3 3
83 332 4   0 0   1 1   2 2   3 3
83 126 4   0 0   1 1   2 2   3 3
84 327 4   0 0   1 1   2 2   3 3
84 281 4   0 0   1 1   2 2   3 3
84 334 4   0 0   1 1   2 2   3 3
85 244 4   0 0   1 1   2 2   3 3
85 310 4   0 0   1 1   2 2   3 3
85 170 4   0 0   1 1   2 2   3 3
86 100 4   0 0   1 1   2 2   3 3
86 310 4   0 0   1 1   2 2   3 3
86 217 4   0 0   1 1   2 2   3 3
87 209 4   0 0   1 1   2 2   3 3
87 119 4   0 0   1 1   2 2   3 3
87 282 4   0 0   1 1   2 2   3 3
87 269 4   0 0   1 1   2 2   3 3
87 271 4   0 0   1 1   2 2   3 3
87 191 4   0 0   1 1   2 2   3 3
88 130 4   0 0   1 1   2 2   3 3
88 338 4   0 0   1 1   2 2   3 3
88 274 4   0 0   1 1   2 2   3 3
88 151 4   0 0   1 1   2 2   3 3
88 311 4   0 0   1 1   2 2   3 3
88 171 4   0 0   1 1   2 2   3 3
88 109 4   0 0   1 1   2 2   3 3
89 339 4   0 0   1 1   2 2   3 3
89 324 4   0 0   1 1   2 2   3 3
89 279 4   0 0   1 1   2 2   3 3
89 121 4   0 0   1 1   2 2   3 3
89 155 4   0 0   1 1   2 2   3 3
90 96 4   0 0   1 1   2 2   3 3
90 146 4   0 0   1 1   2 2   3 3
90 150 4   0 0   1 1   2 2   3 3
90 246 4   0 0   1 1   2 2   3 3
90 249 4   0 0   1 1   2 2   3 3
90 139 4   0 0   1 1   2 2   3 3
91 114 4   0 0   1 1   2 2   3 3
91 103 4   0 0   1 1   2 2   3 3
91 110 4   0 0   1 1   2 2   3 3
92 102 4   0 0   1 1   2 2   3 3
93 322 4   0 0   1 1   2 2   3 3
93 277 4   0 0   1 1   2 2   3 3
93 325 4   0 0   1 1   2 2   3 3
93 134 4   0 0   1 1   2 2   3 3
93 278 4   0 0   1 1   2 2   3 3
93 301 4   0 0   1 1   2 2   3 3
94 131 4   0 0   1 1   2 2   3 3
94 212 4   0 0   1 1   2 2   3 3
94 314 4   0 0   1 1   2 2   3 3
94 235 4   0 0   1 1   2 2   3 3
94 125 4   0 0   1 1   2 2   3 3
94 255 4   0 0   1 1   2 2   3 3
95 291 4   0 0   1 1   2 2   3 3
95 229 4   0 0   1 1   2 2   3 3
95 246 4   0 0   1 1   2 2   3 3
95 248 4   0 0   1 1   2 2   3 3
95 254 4   0 0   1 1   2 2   3 3
96 249 4   0 0   1 1   2 2   3 3
96 201 4   0 0   1 1   2 2   3 3
97 192 4   0 0   1 1   2 2   3 3
97 196 4   0 0   1 1   2 2   3 3
98 196 4   0 0   1 1   2 2   3 3
98 294 4   0 0   1 1   2 2   3 3
98 120 4   0 0   1 1   2 2   3 3
98 285 4   0 0   1 1   2 2   3 3
99 192 4   0 0   1 1   2 2   3 3
99 114 4   0 0   1 1   2 2   3 3
99 340 4   0 0   1 1   2 2   3 3
99 103 4   0 0   1 1   2 2   3 3
99 285 4   0 0   1 1   2 2   3 3
100 145 4   0 0   1 1   2 2   3 3
100 217 4   0 0   1 1   2 2   3 3
100 159 4   0 0   1 1   2 2   3 3
100 191 4   0 0   1 1   2 2   3 3
101 256 4   0 0   1 1   2 2   3 3
101 176 4   0 0   1 1   2 2   3 3
101 147 4   0 0   1 1   2 2   3 3
101 332 4   0 0   1 1   2 2   3 3
102 293 4   0 0   1 1   2 2   3 3
102 297 4   0 0   1 1   2 2   3 3
103 114 4   0 0   1 1   2 2   3 3
103 110 4   0 0   1 1   2 2   3 3
104 112 4   0 0   1 1   2 2   3 3
104 337 4   0 0   1 1   2 2   3 3
104 113 4   0 0   1 1   2 2   3 3
104 266 4   0 0   1 1   2 2   3 3
105 276 4   0 0   1 1   2 2   3 3
105 293 4   0 0   1 1   2 2   3 3
105 166 4   0 0   1 1   2 2   3 3
105 237 4   0 0   1 1   2 2   3 3
106 273 4   0 0   1 1   2 2   3 3
106 227 4   0 0   1 1   2 2   3 3
106 164 4   0 0   1 1   2 2   3 3
106 202 4   0 0   1 1   2 2   3 3
107 294 4   0 0   1 1   2 2   3 3
107 174 4   0 0   1 1   2 2   3 3
108 113 4   0 0   1 1   2 2   3 3
108 282 4   0 0   1 1   2 2   3 3
108 315 4   0 0   1 1   2 2   3 3
108 271 4   0 0   1 1   2 2   3 3
109 225 4   0 0   1 1   2 2   3 3
109 274 4   0 0   1 1   2 2   3 3
109 185 4   0 0   1 1   2 2   3 3
109 171 4   0 0   1 1   2 2   3 3
110 241 4   0 0   1 1   2 2   3 3
110 243 4   0 0   1 1   2 2   3 3
110 206 4   0 0   1 1   2 2   3 3
111 341 4   0 0   1 1   2 2   3 3
111 137 4   0 0   1 1   2 2   3 3
111 266 4   0 0   1 1   2 2   3 3
111 158 4   0 0   1 1   2 2   3 3
111 143 4   0 0   1 1   2 2   3 3
112 320 4   0 0   1 1   2 2   3 3
112 113 4   0 0   1 1   2 2   3 3
112 189 4   0 0   1 1   2 2   3 3
113 320 4   0 0   1 1   2 2   3 3
113 337 4   0 0   1 1   2 2   3 3
113 275 4   0 0   1 1   2 2   3 3
113 122 4   0 0   1 1   2 2   3 3
113 282 4   0 0   1 1   2 2   3 3
113 315 4   0 0   1 1   2 2   3 3
114 340 4   0 0   1 1   2 2   3 3
115 304 4   0 0   1 1   2 2   3 3
115 275 4   0 0   1 1   2 2   3 3
115 260 4   0 0   1 1   2 2   3 3
115 282 4   0 0   1 1   2 2   3 3
115 239 4   0 0   1 1   2 2   3 3
116 323 4   0 0   1 1   2 2   3 3
116 295 4   0 0   1 1   2 2   3 3
116 313 4   0 0   1 1   2 2   3 3
116 251 4   0 0   1 1   2 2   3 3
116 142 4   0 0   1 1   2 2   3 3
117 179 4   0 0   1 1   2 2   3 3
117 216 4   0 0   1 1   2 2   3 3
117 296 4   0 0   1 1   2 2   3 3
117 300 4   0 0   1 1   2 2   3 3
118 162 4   0 0   1 1   2 2   3 3
118 168 4   0 0   1 1   2 2   3 3
118 223 4   0 0   1 1   2 2   3 3
119 209 4   0 0   1 1   2 2   3 3
119 260 4   0 0   1 1   2 2   3 3
119 282 4   0 0   1 1   2 2   3 3
119 156 4   0 0   1 1   2 2   3 3
120 294 4   0 0   1 1   2 2   3 3
120 285 4   0 0   1 1   2 2   3 3
121 324 4   0 0   1 1   2 2   3 3
121 165 4   0 0   1 1   2 2   3 3
121 155 4   0 0   1 1   2 2   3 3
121 286 4   0 0   1 1   2 2   3 3
122 320 4   0 0   1 1   2 2   3 3
122 306 4   0 0   1 1   2 2   3 3
122 275 4   0 0   1 1   2 2   3 3
122 236 4   0 0   1 1   2 2   3 3
123 194 4   0 0   1 1   2 2   3 3
123 212 4   0 0   1 1   2 2   3 3
123 154 4   0 0   1 1   2 2   3 3
123 220 4   0 0   1 1   2 2   3 3
123 284 4   0 0   1 1   2 2   3 3
123 175 4   0 0   1 1   2 2   3 3
124 131 4   0 0   1 1   2 2   3 3
124 314 4   0 0   1 1   2 2   3 3
124 188 4   0 0   1 1   2 2   3 3
124 284 4   0 0   1 1   2 2   3 3
124 207 4   0 0   1 1   2 2   3 3
124 255 4   0 0   1 1   2 2   3 3
125 289 4   0 0   1 1   2 2   3 3
125 210 4   0 0   1 1   2 2   3 3
125 314 4   0 0   1 1   2 2   3 3
125 204 4   0 0   1 1   2 2   3 3
126 312 4   0 0   1 1   2 2   3 3
127 128 4   0 0   1 1   2 2   3 3
127 144 4   0 0   1 1   2 2   3 3
127 211 4   0 0   1 1   2 2   3 3
127 264 4   0 0   1 1   2 2   3 3
127 317 4   0 0   1 1   2 2   3 3
128 177 4   0 0   1 1   2 2   3 3
128 264 4   0 0   1 1   2 2   3 3
128 141 4   0 0   1 1   2 2   3 3
129 176 4   0 0   1 1   2 2   3 3
129 210 4   0 0   1 1   2 2   3 3
129 180 4   0 0   1 1   2 2   3 3
129 331 4   0 0   1 1   2 2   3 3
129 270 4   0 0   1 1   2 2   3 3
130 308 4   0 0   1 1   2 2   3 3
130 151 4   0 0   1 1   2 2   3 3
130 316 4   0 0   1 1   2 2   3 3
130 141 4   0 0   1 1   2 2   3 3
131 314 4   0 0   1 1   2 2   3 3
131 255 4   0 0   1 1   2 2   3 3
132 289 4   0 0   1 1   2 2   3 3
132 242 4   0 0   1 1   2 2   3 3
132 219 4   0 0   1 1   2 2   3 3
133 337 4   0 0   1 1   2 2   3 3
133 145 4   0 0   1 1   2 2   3 3
133 217 4   0 0   1 1   2 2   3 3
134 322 4   0 0   1 1   2 2   3 3
134 147 4   0 0   1 1   2 2   3 3
134 277 4   0 0   1 1   2 2   3 3
135 244 4   0 0   1 1   2 2   3 3
135 310 4   0 0   1 1   2 2   3 3
135 172 4   0 0   1 1   2 2   3 3
136 162 4   0 0   1 1   2 2   3 3
136 205 4   0 0   1 1   2 2   3 3
136 287 4   0 0   1 1   2 2   3 3
136 335 4   0 0   1 1   2 2   3 3
137 290 4   0 0   1 1   2 2   3 3
137 165 4   0 0   1 1   2 2   3 3
137 341 4   0 0   1 1   2 2   3 3
137 342 4   0 0   1 1   2 2   3 3
137 200 4   0 0   1 1   2 2   3 3
137 155 4   0 0   1 1   2 2   3 3
138 283 4   0 0   1 1   2 2   3 3
138 190 4   0 0   1 1   2 2   3 3
139 146 4   0 0   1 1   2 2   3 3
139 228 4   0 0   1 1   2 2   3 3
139 150 4   0 0   1 1   2 2   3 3
140 258 4   0 0   1 1   2 2   3 3
140 339 4   0 0   1 1   2 2   3 3
140 199 4   0 0   1 1   2 2   3 3
141 177 4   0 0   1 1   2 2   3 3
141 260 4   0 0   1 1   2 2   3 3
141 151 4   0 0   1 1   2 2   3 3
141 156 4   0 0   1 1   2 2   3 3
142 323 4   0 0   1 1   2 2   3 3
142 230 4   0 0   1 1   2 2   3 3
142 251 4   0 0   1 1   2 2   3 3
143 181 4   0 0   1 1   2 2   3 3
143 154 4   0 0   1 1   2 2   3 3
143 266 4   0 0   1 1   2 2   3 3
143 252 4   0 0   1 1   2 2   3 3
143 158 4   0 0   1 1   2 2   3 3
144 211 4   0 0   1 1   2 2   3 3
144 326 4   0 0   1 1   2 2   3 3
144 317 4   0 0   1 1   2 2   3 3
145 337 4   0 0   1 1   2 2   3 3
145 217 4   0 0   1 1   2 2   3 3
145 159 4   0 0   1 1   2 2   3 3
146 228 4   0 0   1 1   2 2   3 3
146 329 4   0 0   1 1   2 2   3 3
146 249 4   0 0   1 1   2 2   3 3
147 277 4   0 0   1 1   2 2   3 3
148 161 4   0 0   1 1   2 2   3 3
148 195 4   0 0   1 1   2 2   3 3
148 328 4   0 0   1 1   2 2   3 3
148 232 4   0 0   1 1   2 2   3 3
148 250 4   0 0   1 1   2 2   3 3
148 267 4   0 0   1 1   2 2   3 3
148 173 4   0 0   1 1   2 2   3 3
148 319 4   0 0   1 1   2 2   3 3
149 312 4   0 0   1 1   2 2   3 3
150 228 4   0 0   1 1   2 2   3 3
150 229 4   0 0   1 1   2 2   3 3
150 246 4   0 0   1 1   2 2   3 3
150 254 4   0 0   1 1   2 2   3 3
151 304 4   0 0   1 1   2 2   3 3
151 226 4   0 0   1 1   2 2   3 3
151 260 4   0 0   1 1   2 2   3 3
151 311 4   0 0   1 1   2 2   3 3
151 171 4   0 0   1 1   2 2   3 3
152 161 4   0 0   1 1   2 2   3 3
152 195 4   0 0   1 1   2 2   3 3
152 292 4   0 0   1 1   2 2   3 3
152 197 4   0 0   1 1   2 2   3 3
152 298 4   0 0   1 1   2 2   3 3
152 223 4   0 0   1 1   2 2   3 3
153 342 4   0 0   1 1   2 2   3 3
153 279 4   0 0   1 1   2 2   3 3
153 200 4   0 0   1 1   2 2   3 3
153 266 4   0 0   1 1   2 2   3 3
153 172 4   0 0   1 1   2 2   3 3
154 181 4   0 0   1 1   2 2   3 3
154 220 4   0 0   1 1   2 2   3 3
155 290 4   0 0   1 1   2 2   3 3
155 165 4   0 0   1 1   2 2   3 3
155 279 4   0 0   1 1   2 2   3 3
156 177 4   0 0   1 1   2 2   3 3
156 209 4   0 0   1 1   2 2   3 3
156 260 4   0 0   1 1   2 2   3 3
156 269 4   0 0   1 1   2 2   3 3
157 177 4   0 0   1 1   2 2   3 3
157 191 4   0 0   1 1   2 2   3 3
158 341 4   0 0   1 1   2 2   3 3
158 252 4   0 0   1 1   2 2   3 3
159 337 4   0 0   1 1   2 2   3 3
159 315 4   0 0   1 1   2 2   3 3
159 299 4   0 0   1 1   2 2   3 3
159 191 4   0 0   1 1   2 2   3 3
160 193 4   0 0   1 1   2 2   3 3
160 241 4   0 0   1 1   2 2   3 3
161 195 4   0 0   1 1   2 2   3 3
161 197 4   0 0   1 1   2 2   3 3
161 328 4   0 0   1 1   2 2   3 3
161 203 4   0 0   1 1   2 2   3 3
162 288 4   0 0   1 1   2 2   3 3
162 292 4   0 0   1 1   2 2   3 3
162 168 4   0 0   1 1   2 2   3 3
162 287 4   0 0   1 1   2 2   3 3
163 207 4   0 0   1 1   2 2   3 3
164 257 4   0 0   1 1   2 2   3 3
164 321 4   0 0   1 1   2 2   3 3
164 227 4   0 0   1 1   2 2   3 3
164 198 4   0 0   1 1   2 2   3 3
164 173 4   0 0   1 1   2 2   3 3
164 319 4   0 0   1 1   2 2   3 3
165 341 4   0 0   1 1   2 2   3 3
165 281 4   0 0   1 1   2 2   3 3
165 252 4   0 0   1 1   2 2   3 3
165 286 4   0 0   1 1   2 2   3 3
166 237 4   0 0   1 1   2 2   3 3
167 247 4   0 0   1 1   2 2   3 3
167 170 4   0 0   1 1   2 2   3 3
167 317 4   0 0   1 1   2 2   3 3
168 292 4   0 0   1 1   2 2   3 3
168 223 4   0 0   1 1   2 2   3 3
169 281 4   0 0   1 1   2 2   3 3
169 187 4   0 0   1 1   2 2   3 3
169 286 4   0 0   1 1   2 2   3 3
170 191 4   0 0   1 1   2 2   3 3
171 225 4   0 0   1 1   2 2   3 3
171 338 4   0 0   1 1   2 2   3 3
171 311 4   0 0   1 1   2 2   3 3
172 279 4   0 0   1 1   2 2   3 3
172 199 4   0 0   1 1   2 2   3 3
173 257 4   0 0   1 1   2 2   3 3
173 232 4   0 0   1 1   2 2   3 3
173 319 4   0 0   1 1   2 2   3 3
174 307 4   0 0   1 1   2 2   3 3
174 330 4   0 0   1 1   2 2   3 3
175 284 4   0 0   1 1   2 2   3 3
175 255 4   0 0   1 1   2 2   3 3
176 256 4   0 0   1 1   2 2   3 3
176 180 4   0 0   1 1   2 2   3 3
177 269 4   0 0   1 1   2 2   3 3
178 210 4   0 0   1 1   2 2   3 3
178 306 4   0 0   1 1   2 2   3 3
178 331 4   0 0   1 1   2 2   3 3
179 277 4   0 0   1 1   2 2   3 3
179 325 4   0 0   1 1   2 2   3 3
180 210 4   0 0   1 1   2 2   3 3
180 280 4   0 0   1 1   2 2   3 3
181 252 4   0 0   1 1   2 2   3 3
181 220 4   0 0   1 1   2 2   3 3
182 246 4   0 0   1 1   2 2   3 3
182 238 4   0 0   1 1   2 2   3 3
183 272 4   0 0   1 1   2 2   3 3
183 234 4   0 0   1 1   2 2   3 3
183 190 4   0 0   1 1   2 2   3 3
184 323 4   0 0   1 1   2 2   3 3
185 208 4   0 0   1 1   2 2   3 3
185 225 4   0 0   1 1   2 2   3 3
185 245 4   0 0   1 1   2 2   3 3
186 240 4   0 0   1 1   2 2   3 3
186 230 4   0 0   1 1   2 2   3 3
186 202 4   0 0   1 1   2 2   3 3
186 253 4   0 0   1 1   2 2   3 3
187 340 4   0 0   1 1   2 2   3 3
188 309 4   0 0   1 1   2 2   3 3
188 248 4   0 0   1 1   2 2   3 3
188 265 4   0 0   1 1   2 2   3 3
188 220 4   0 0   1 1   2 2   3 3
188 284 4   0 0   1 1   2 2   3 3
188 207 4   0 0   1 1   2 2   3 3
189 320 4   0 0   1 1   2 2   3 3
189 194 4   0 0   1 1   2 2   3 3
189 212 4   0 0   1 1   2 2   3 3
189 266 4   0 0   1 1   2 2   3 3
190 272 4   0 0   1 1   2 2   3 3
190 283 4   0 0   1 1   2 2   3 3
190 268 4   0 0   1 1   2 2   3 3
191 299 4   0 0   1 1   2 2   3 3
191 271 4   0 0   1 1   2 2   3 3
192 193 4   0 0   1 1   2 2   3 3
192 285 4   0 0   1 1   2 2   3 3
194 212 4   0 0   1 1   2 2   3 3
195 267 4   0 0   1 1   2 2   3 3
196 294 4   0 0   1 1   2 2   3 3
197 298 4   0 0   1 1   2 2   3 3
197 283 4   0 0   1 1   2 2   3 3
197 203 4   0 0   1 1   2 2   3 3
198 227 4   0 0   1 1   2 2   3 3
198 202 4   0 0   1 1   2 2   3 3
199 339 4   0 0   1 1   2 2   3 3
199 279 4   0 0   1 1   2 2   3 3
200 342 4   0 0   1 1   2 2   3 3
201 330 4   0 0   1 1   2 2   3 3
202 240 4   0 0   1 1   2 2   3 3
202 273 4   0 0   1 1   2 2   3 3
202 227 4   0 0   1 1   2 2   3 3
203 328 4   0 0   1 1   2 2   3 3
203 250 4   0 0   1 1   2 2   3 3
203 283 4   0 0   1 1   2 2   3 3
204 210 4   0 0   1 1   2 2   3 3
204 318 4   0 0   1 1   2 2   3 3
204 287 4   0 0   1 1   2 2   3 3
205 280 4   0 0   1 1   2 2   3 3
205 332 4   0 0   1 1   2 2   3 3
205 333 4   0 0   1 1   2 2   3 3
205 287 4   0 0   1 1   2 2   3 3
205 335 4   0 0   1 1   2 2   3 3
206 258 4   0 0   1 1   2 2   3 3
206 243 4   0 0   1 1   2 2   3 3
206 324 4   0 0   1 1   2 2   3 3
207 242 4   0 0   1 1   2 2   3 3
207 248 4   0 0   1 1   2 2   3 3
207 314 4   0 0   1 1   2 2   3 3
208 218 4   0 0   1 1   2 2   3 3
209 269 4   0 0   1 1   2 2   3 3
210 280 4   0 0   1 1   2 2   3 3
210 331 4   0 0   1 1   2 2   3 3
210 318 4   0 0   1 1   2 2   3 3
211 326 4   0 0   1 1   2 2   3 3
212 320 4   0 0   1 1   2 2   3 3
212 235 4   0 0   1 1   2 2   3 3
213 322 4   0 0   1 1   2 2   3 3
213 218 4   0 0   1 1   2 2   3 3
213 301 4   0 0   1 1   2 2   3 3
214 226 4   0 0   1 1   2 2   3 3
214 259 4   0 0   1 1   2 2   3 3
214 233 4   0 0   1 1   2 2   3 3
214 222 4   0 0   1 1   2 2   3 3
215 234 4   0 0   1 1   2 2   3 3
215 219 4   0 0   1 1   2 2   3 3
216 224 4   0 0   1 1   2 2   3 3
216 296 4   0 0   1 1   2 2   3 3
216 300 4   0 0   1 1   2 2   3 3
216 302 4   0 0   1 1   2 2   3 3
217 310 4   0 0   1 1   2 2   3 3
219 272 4   0 0   1 1   2 2   3 3
219 234 4   0 0   1 1   2 2   3 3
219 298 4   0 0   1 1   2 2   3 3
219 268 4   0 0   1 1   2 2   3 3
220 309 4   0 0   1 1   2 2   3 3
220 284 4   0 0   1 1   2 2   3 3
221 309 4   0 0   1 1   2 2   3 3
221 238 4   0 0   1 1   2 2   3 3
221 334 4   0 0   1 1   2 2   3 3
222 226 4   0 0   1 1   2 2   3 3
222 259 4   0 0   1 1   2 2   3 3
223 292 4   0 0   1 1   2 2   3 3
224 300 4   0 0   1 1   2 2   3 3
225 245 4   0 0   1 1   2 2   3 3
226 304 4   0 0   1 1   2 2   3 3
226 233 4   0 0   1 1   2 2   3 3
226 239 4   0 0   1 1   2 2   3 3
228 305 4   0 0   1 1   2 2   3 3
228 229 4   0 0   1 1   2 2   3 3
228 231 4   0 0   1 1   2 2   3 3
228 329 4   0 0   1 1   2 2   3 3
229 231 4   0 0   1 1   2 2   3 3
229 254 4   0 0   1 1   2 2   3 3
230 251 4   0 0   1 1   2 2   3 3
230 253 4   0 0   1 1   2 2   3 3
231 305 4   0 0   1 1   2 2   3 3
231 297 4   0 0   1 1   2 2   3 3
232 257 4   0 0   1 1   2 2   3 3
232 250 4   0 0   1 1   2 2   3 3
233 239 4   0 0   1 1   2 2   3 3
234 272 4   0 0   1 1   2 2   3 3
235 320 4   0 0   1 1   2 2   3 3
235 236 4   0 0   1 1   2 2   3 3
236 320 4   0 0   1 1   2 2   3 3
236 306 4   0 0   1 1   2 2   3 3
237 276 4   0 0   1 1   2 2   3 3
237 263 4   0 0   1 1   2 2   3 3
238 309 4   0 0   1 1   2 2   3 3
238 265 4   0 0   1 1   2 2   3 3
239 304 4   0 0   1 1   2 2   3 3
240 273 4   0 0   1 1   2 2   3 3
240 295 4   0 0   1 1   2 2   3 3
240 313 4   0 0   1 1   2 2   3 3
240 253 4   0 0   1 1   2 2   3 3
242 289 4   0 0   1 1   2 2   3 3
242 314 4   0 0   1 1   2 2   3 3
244 310 4   0 0   1 1   2 2   3 3
246 254 4   0 0   1 1   2 2   3 3
247 264 4   0 0   1 1   2 2   3 3
247 317 4   0 0   1 1   2 2   3 3
248 291 4   0 0   1 1   2 2   3 3
248 265 4   0 0   1 1   2 2   3 3
250 328 4   0 0   1 1   2 2   3 3
250 283 4   0 0   1 1   2 2   3 3
251 313 4   0 0   1 1   2 2   3 3
251 253 4   0 0   1 1   2 2   3 3
252 341 4   0 0   1 1   2 2   3 3
252 327 4   0 0   1 1   2 2   3 3
252 281 4   0 0   1 1   2 2   3 3
252 334 4   0 0   1 1   2 2   3 3
253 313 4   0 0   1 1   2 2   3 3
255 284 4   0 0   1 1   2 2   3 3
258 324 4   0 0   1 1   2 2   3 3
259 322 4   0 0   1 1   2 2   3 3
260 304 4   0 0   1 1   2 2   3 3
260 282 4   0 0   1 1   2 2   3 3
261 321 4   0 0   1 1   2 2   3 3
261 267 4   0 0   1 1   2 2   3 3
261 319 4   0 0   1 1   2 2   3 3
262 305 4   0 0   1 1   2 2   3 3
262 276 4   0 0   1 1   2 2   3 3
262 263 4   0 0   1 1   2 2   3 3
262 329 4   0 0   1 1   2 2   3 3
263 276 4   0 0   1 1   2 2   3 3
263 329 4   0 0   1 1   2 2   3 3
264 317 4   0 0   1 1   2 2   3 3
265 291 4   0 0   1 1   2 2   3 3
265 309 4   0 0   1 1   2 2   3 3
267 319 4   0 0   1 1   2 2   3 3
268 272 4   0 0   1 1   2 2   3 3
268 298 4   0 0   1 1   2 2   3 3
268 283 4   0 0   1 1   2 2   3 3
271 282 4   0 0   1 1   2 2   3 3
271 315 4   0 0   1 1   2 2   3 3
271 299 4   0 0   1 1   2 2   3 3
273 295 4   0 0   1 1   2 2   3 3
275 282 4   0 0   1 1   2 2   3 3
276 305 4   0 0   1 1   2 2   3 3
276 293 4   0 0   1 1   2 2   3 3
276 297 4   0 0   1 1   2 2   3 3
277 325 4   0 0   1 1   2 2   3 3
278 325 4   0 0   1 1   2 2   3 3
278 301 4   0 0   1 1   2 2   3 3
279 290 4   0 0   1 1   2 2   3 3
279 339 4   0 0   1 1   2 2   3 3
279 342 4   0 0   1 1   2 2   3 3
280 333 4   0 0   1 1   2 2   3 3
280 318 4   0 0   1 1   2 2   3 3
281 327 4   0 0   1 1   2 2   3 3
281 286 4   0 0   1 1   2 2   3 3
285 340 4   0 0   1 1   2 2   3 3
287 288 4   0 0   1 1   2 2   3 3
287 333 4   0 0   1 1   2 2   3 3
287 318 4   0 0   1 1   2 2   3 3
289 314 4   0 0   1 1   2 2   3 3
290 342 4   0 0   1 1   2 2   3 3
292 298 4   0 0   1 1   2 2   3 3
293 297 4   0 0   1 1   2 2   3 3
295 313 4   0 0   1 1   2 2   3 3
296 302 4   0 0   1 1   2 2   3 3
297 305 4   0 0   1 1   2 2   3 3
299 315 4   0 0   1 1   2 2   3 3
300 336 4   0 0   1 1   2 2   3 3
301 322 4   0 0   1 1   2 2   3 3
303 308 4   0 0   1 1   2 2   3 3
303 316 4   0 0   1 1   2 2   3 3
306 331 4   0 0   1 1   2 2   3 3
307 330 4   0 0   1 1   2 2   3 3
308 316 4   0 0   1 1   2 2   3 3
311 338 4   0 0   1 1   2 2   3 3
312 335 4   0 0   1 1   2 2   3 3
315 337 4   0 0   1 1   2 2   3 3
318 333 4   0 0   1 1   2 2   3 3
319 321 4   0 0   1 1   2 2   3 3
327 334 4   0 0   1 1   2 2   3 3
332 335 4   0 0   1 1   2 2   3 3
