300
1 4 0 1 2 3
2 4 0 1 2 3
3 4 0 1 2 3
4 4 0 1 2 3
5 4 0 1 2 3
6 4 0 1 2 3
7 4 0 1 2 3
8 4 0 1 2 3
9 4 0 1 2 3
10 4 0 1 2 3
11 4 0 1 2 3
12 4 0 1 2 3
13 4 0 1 2 3
14 4 0 1 2 3
15 4 0 1 2 3
16 4 0 1 2 3
17 4 0 1 2 3
18 4 0 1 2 3
19 4 0 1 2 3
20 4 0 1 2 3
21 4 0 1 2 3
22 4 0 1 2 3
23 4 0 1 2 3
24 4 0 1 2 3
25 4 0 1 2 3
26 4 0 1 2 3
27 4 0 1 2 3
28 4 0 1 2 3
29 4 0 1 2 3
30 4 0 1 2 3
31 4 0 1 2 3
32 4 0 1 2 3
33 4 0 1 2 3
34 4 0 1 2 3
35 4 0 1 2 3
36 4 0 1 2 3
37 4 0 1 2 3
38 4 0 1 2 3
39 4 0 1 2 3
40 4 0 1 2 3
41 4 0 1 2 3
42 4 0 1 2 3
43 4 0 1 2 3
44 4 0 1 2 3
45 4 0 1 2 3
46 4 0 1 2 3
47 4 0 1 2 3
48 4 0 1 2 3
49 4 0 1 2 3
50 4 0 1 2 3
51 4 0 1 2 3
52 4 0 1 2 3
53 4 0 1 2 3
54 4 0 1 2 3
55 4 0 1 2 3
56 4 0 1 2 3
57 4 0 1 2 3
58 4 0 1 2 3
59 4 0 1 2 3
60 4 0 1 2 3
61 4 0 1 2 3
62 4 0 1 2 3
63 4 0 1 2 3
64 4 0 1 2 3
65 4 0 1 2 3
66 4 0 1 2 3
67 4 0 1 2 3
68 4 0 1 2 3
69 4 0 1 2 3
70 4 0 1 2 3
71 4 0 1 2 3
72 4 0 1 2 3
73 4 0 1 2 3
74 4 0 1 2 3
75 4 0 1 2 3
76 4 0 1 2 3
77 4 0 1 2 3
78 4 0 1 2 3
79 4 0 1 2 3
80 4 0 1 2 3
81 4 0 1 2 3
82 4 0 1 2 3
83 4 0 1 2 3
84 4 0 1 2 3
85 4 0 1 2 3
86 4 0 1 2 3
87 4 0 1 2 3
88 4 0 1 2 3
89 4 0 1 2 3
90 4 0 1 2 3
91 4 0 1 2 3
92 4 0 1 2 3
93 4 0 1 2 3
94 4 0 1 2 3
95 4 0 1 2 3
96 4 0 1 2 3
97 4 0 1 2 3
98 4 0 1 2 3
99 4 0 1 2 3
100 4 0 1 2 3
101 4 0 1 2 3
102 4 0 1 2 3
103 4 0 1 2 3
104 4 0 1 2 3
105 4 0 1 2 3
106 4 0 1 2 3
107 4 0 1 2 3
108 4 0 1 2 3
109 4 0 1 2 3
110 4 0 1 2 3
111 4 0 1 2 3
112 4 0 1 2 3
113 4 0 1 2 3
114 4 0 1 2 3
115 4 0 1 2 3
116 4 0 1 2 3
117 4 0 1 2 3
118 4 0 1 2 3
119 4 0 1 2 3
120 4 0 1 2 3
121 4 0 1 2 3
122 4 0 1 2 3
123 4 0 1 2 3
124 4 0 1 2 3
125 4 0 1 2 3
126 4 0 1 2 3
127 4 0 1 2 3
128 4 0 1 2 3
129 4 0 1 2 3
130 4 0 1 2 3
131 4 0 1 2 3
132 4 0 1 2 3
133 4 0 1 2 3
134 4 0 1 2 3
135 4 0 1 2 3
136 4 0 1 2 3
137 4 0 1 2 3
138 4 0 1 2 3
139 4 0 1 2 3
140 4 0 1 2 3
141 4 0 1 2 3
142 4 0 1 2 3
143 4 0 1 2 3
144 4 0 1 2 3
145 4 0 1 2 3
146 4 0 1 2 3
147 4 0 1 2 3
148 4 0 1 2 3
149 4 0 1 2 3
150 4 0 1 2 3
151 4 0 1 2 3
152 4 0 1 2 3
153 4 0 1 2 3
154 4 0 1 2 3
155 4 0 1 2 3
156 4 0 1 2 3
157 4 0 1 2 3
158 4 0 1 2 3
159 4 0 1 2 3
160 4 0 1 2 3
161 4 0 1 2 3
162 4 0 1 2 3
163 4 0 1 2 3
164 4 0 1 2 3
165 4 0 1 2 3
166 4 0 1 2 3
167 4 0 1 2 3
168 4 0 1 2 3
169 4 0 1 2 3
170 4 0 1 2 3
171 4 0 1 2 3
172 4 0 1 2 3
173 4 0 1 2 3
174 4 0 1 2 3
175 4 0 1 2 3
176 4 0 1 2 3
177 4 0 1 2 3
178 4 0 1 2 3
179 4 0 1 2 3
180 4 0 1 2 3
181 4 0 1 2 3
182 4 0 1 2 3
183 4 0 1 2 3
184 4 0 1 2 3
185 4 0 1 2 3
186 4 0 1 2 3
187 4 0 1 2 3
188 4 0 1 2 3
189 4 0 1 2 3
190 4 0 1 2 3
191 4 0 1 2 3
192 4 0 1 2 3
193 4 0 1 2 3
194 4 0 1 2 3
195 4 0 1 2 3
196 4 0 1 2 3
197 4 0 1 2 3
198 4 0 1 2 3
199 4 0 1 2 3
200 4 0 1 2 3
201 4 0 1 2 3
202 4 0 1 2 3
203 4 0 1 2 3
204 4 0 1 2 3
205 4 0 1 2 3
206 4 0 1 2 3
207 4 0 1 2 3
208 4 0 1 2 3
209 4 0 1 2 3
210 4 0 1 2 3
211 4 0 1 2 3
212 4 0 1 2 3
213 4 0 1 2 3
214 4 0 1 2 3
215 4 0 1 2 3
216 4 0 1 2 3
217 4 0 1 2 3
218 4 0 1 2 3
219 4 0 1 2 3
220 4 0 1 2 3
221 4 0 1 2 3
222 4 0 1 2 3
223 4 0 1 2 3
224 4 0 1 2 3
225 4 0 1 2 3
226 4 0 1 2 3
227 4 0 1 2 3
228 4 0 1 2 3
229 4 0 1 2 3
230 4 0 1 2 3
231 4 0 1 2 3
232 4 0 1 2 3
233 4 0 1 2 3
234 4 0 1 2 3
235 4 0 1 2 3
236 4 0 1 2 3
237 4 0 1 2 3
238 4 0 1 2 3
239 4 0 1 2 3
240 4 0 1 2 3
241 4 0 1 2 3
242 4 0 1 2 3
243 4 0 1 2 3
244 4 0 1 2 3
245 4 0 1 2 3
246 4 0 1 2 3
247 4 0 1 2 3
248 4 0 1 2 3
249 4 0 1 2 3
250 4 0 1 2 3
251 4 0 1 2 3
252 4 0 1 2 3
253 4 0 1 2 3
254 4 0 1 2 3
255 4 0 1 2 3
256 4 0 1 2 3
257 4 0 1 2 3
258 4 0 1 2 3
259 4 0 1 2 3
260 4 0 1 2 3
261 4 0 1 2 3
262 4 0 1 2 3
263 4 0 1 2 3
264 4 0 1 2 3
265 4 0 1 2 3
266 4 0 1 2 3
267 4 0 1 2 3
268 4 0 1 2 3
269 4 0 1 2 3
270 4 0 1 2 3
271 4 0 1 2 3
272 4 0 1 2 3
273 4 0 1 2 3
274 4 0 1 2 3
275 4 0 1 2 3
276 4 0 1 2 3
277 4 0 1 2 3
278 4 0 1 2 3
279 4 0 1 2 3
280 4 0 1 2 3
281 4 0 1 2 3
282 4 0 1 2 3
283 4 0 1 2 3
284 4 0 1 2 3
285 4 0 1 2 3
286 4 0 1 2 3
287 4 0 1 2 3
288 4 0 1 2 3
289 4 0 1 2 3
290 4 0 1 2 3
291 4 0 1 2 3
292 4 0 1 2 3
293 4 0 1 2 3
294 4 0 1 2 3
295 4 0 1 2 3
296 4 0 1 2 3
297 4 0 1 2 3
298 4 0 1 2 3
299 4 0 1 2 3
300 4 0 1 2 3
836
1 198 4   0 0   1 1   2 2   3 3
1 103 4   0 0   1 1   2 2   3 3
1 174 4   0 0   1 1   2 2   3 3
1 254 4   0 0   1 1   2 2   3 3
2 96 4   0 0   1 1   2 2   3 3
2 113 4   0 0   1 1   2 2   3 3
2 142 4   0 0   1 1   2 2   3 3
3 288 4   0 0   1 1   2 2   3 3
3 130 4   0 0   1 1   2 2   3 3
3 277 4   0 0   1 1   2 2   3 3
3 298 4   0 0   1 1   2 2   3 3
3 90 4   0 0   1 1   2 2   3 3
3 77 4   0 0   1 1   2 2   3 3
3 286 4   0 0   1 1   2 2   3 3
3 46 4   0 0   1 1   2 2   3 3
4 66 4   0 0   1 1   2 2   3 3
4 119 4   0 0   1 1   2 2   3 3
4 199 4   0 0   1 1   2 2   3 3
4 93 4   0 0   1 1   2 2   3 3
5 162 4   0 0   1 1   2 2   3 3
5 98 4   0 0   1 1   2 2   3 3
5 149 4   0 0   1 1   2 2   3 3
5 247 4   0 0   1 1   2 2   3 3
6 165 4   0 0   1 1   2 2   3 3
6 278 4   0 0   1 1   2 2   3 3
6 75 4   0 0   1 1   2 2   3 3
6 220 4   0 0   1 1   2 2   3 3
6 238 4   0 0   1 1   2 2   3 3
6 190 4   0 0   1 1   2 2   3 3
7 272 4   0 0   1 1   2 2   3 3
7 257 4   0 0   1 1   2 2   3 3
7 130 4   0 0   1 1   2 2   3 3
7 228 4   0 0   1 1   2 2   3 3
7 231 4   0 0   1 1   2 2   3 3
7 232 4   0 0   1 1   2 2   3 3
7 298 4   0 0   1 1   2 2   3 3
7 267 4   0 0   1 1   2 2   3 3
8 115 4   0 0   1 1   2 2   3 3
8 35 4   0 0   1 1   2 2   3 3
8 21 4   0 0   1 1   2 2   3 3
8 300 4   0 0   1 1   2 2   3 3
8 223 4   0 0   1 1   2 2   3 3
9 82 4   0 0   1 1   2 2   3 3
9 204 4   0 0   1 1   2 2   3 3
9 79 4   0 0   1 1   2 2   3 3
9 175 4   0 0   1 1   2 2   3 3
10 273 4   0 0   1 1   2 2   3 3
10 65 4   0 0   1 1   2 2   3 3
10 225 4   0 0   1 1   2 2   3 3
10 169 4   0 0   1 1   2 2   3 3
10 105 4   0 0   1 1   2 2   3 3
11 194 4   0 0   1 1   2 2   3 3
11 20 4   0 0   1 1   2 2   3 3
11 236 4   0 0   1 1   2 2   3 3
11 124 4   0 0   1 1   2 2   3 3
11 44 4   0 0   1 1   2 2   3 3
12 178 4   0 0   1 1   2 2   3 3
12 66 4   0 0   1 1   2 2   3 3
12 51 4   0 0   1 1   2 2   3 3
12 260 4   0 0   1 1   2 2   3 3
12 287 4   0 0   1 1   2 2   3 3
13 146 4   0 0   1 1   2 2   3 3
13 294 4   0 0   1 1   2 2   3 3
13 231 4   0 0   1 1   2 2   3 3
13 296 4   0 0   1 1   2 2   3 3
13 171 4   0 0   1 1   2 2   3 3
14 276 4   0 0   1 1   2 2   3 3
14 213 4   0 0   1 1   2 2   3 3
14 214 4   0 0   1 1   2 2   3 3
14 167 4   0 0   1 1   2 2   3 3
14 87 4   0 0   1 1   2 2   3 3
14 221 4   0 0   1 1   2 2   3 3
15 166 4   0 0   1 1   2 2   3 3
15 76 4   0 0   1 1   2 2   3 3
15 158 4   0 0   1 1   2 2   3 3
15 95 4   0 0   1 1   2 2   3 3
16 177 4   0 0   1 1   2 2   3 3
16 147 4   0 0   1 1   2 2   3 3
16 116 4   0 0   1 1   2 2   3 3
16 295 4   0 0   1 1   2 2   3 3
16 138 4   0 0   1 1   2 2   3 3
16 61 4   0 0   1 1   2 2   3 3
16 222 4   0 0   1 1   2 2   3 3
17 273 4   0 0   1 1   2 2   3 3
17 71 4   0 0   1 1   2 2   3 3
17 280 4   0 0   1 1   2 2   3 3
17 105 4   0 0   1 1   2 2   3 3
17 123 4   0 0   1 1   2 2   3 3
17 108 4   0 0   1 1   2 2   3 3
18 199 4   0 0   1 1   2 2   3 3
18 106 4   0 0   1 1   2 2   3 3
18 159 4   0 0   1 1   2 2   3 3
19 157 4   0 0   1 1   2 2   3 3
19 29 4   0 0   1 1   2 2   3 3
19 109 4   0 0   1 1   2 2   3 3
19 254 4   0 0   1 1   2 2   3 3
20 194 4   0 0   1 1   2 2   3 3
20 186 4   0 0   1 1   2 2   3 3
20 236 4   0 0   1 1   2 2   3 3
20 205 4   0 0   1 1   2 2   3 3
20 270 4   0 0   1 1   2 2   3 3
21 34 4   0 0   1 1   2 2   3 3
21 243 4   0 0   1 1   2 2   3 3
21 68 4   0 0   1 1   2 2   3 3
21 300 4   0 0   1 1   2 2   3 3
21 223 4   0 0   1 1   2 2   3 3
22 203 4   0 0   1 1   2 2   3 3
22 143 4   0 0   1 1   2 2   3 3
23 193 4   0 0   1 1   2 2   3 3
23 137 4   0 0   1 1   2 2   3 3
23 154 4   0 0   1 1   2 2   3 3
23 269 4   0 0   1 1   2 2   3 3
24 84 4   0 0   1 1   2 2   3 3
24 246 4   0 0   1 1   2 2   3 3
24 215 4   0 0   1 1   2 2   3 3
24 219 4   0 0   1 1   2 2   3 3
24 237 4   0 0   1 1   2 2   3 3
24 126 4   0 0   1 1   2 2   3 3
25 48 4   0 0   1 1   2 2   3 3
25 50 4   0 0   1 1   2 2   3 3
25 70 4   0 0   1 1   2 2   3 3
25 89 4   0 0   1 1   2 2   3 3
25 271 4   0 0   1 1   2 2   3 3
26 67 4   0 0   1 1   2 2   3 3
26 151 4   0 0   1 1   2 2   3 3
26 280 4   0 0   1 1   2 2   3 3
26 169 4   0 0   1 1   2 2   3 3
26 59 4   0 0   1 1   2 2   3 3
27 64 4   0 0   1 1   2 2   3 3
27 274 4   0 0   1 1   2 2   3 3
27 182 4   0 0   1 1   2 2   3 3
27 265 4   0 0   1 1   2 2   3 3
27 122 4   0 0   1 1   2 2   3 3
28 128 4   0 0   1 1   2 2   3 3
28 36 4   0 0   1 1   2 2   3 3
28 38 4   0 0   1 1   2 2   3 3
28 134 4   0 0   1 1   2 2   3 3
28 203 4   0 0   1 1   2 2   3 3
28 159 4   0 0   1 1   2 2   3 3
29 261 4   0 0   1 1   2 2   3 3
29 103 4   0 0   1 1   2 2   3 3
29 60 4   0 0   1 1   2 2   3 3
29 157 4   0 0   1 1   2 2   3 3
29 109 4   0 0   1 1   2 2   3 3
30 64 4   0 0   1 1   2 2   3 3
30 177 4   0 0   1 1   2 2   3 3
30 164 4   0 0   1 1   2 2   3 3
30 100 4   0 0   1 1   2 2   3 3
30 262 4   0 0   1 1   2 2   3 3
30 122 4   0 0   1 1   2 2   3 3
31 33 4   0 0   1 1   2 2   3 3
31 147 4   0 0   1 1   2 2   3 3
31 296 4   0 0   1 1   2 2   3 3
31 189 4   0 0   1 1   2 2   3 3
31 222 4   0 0   1 1   2 2   3 3
32 290 4   0 0   1 1   2 2   3 3
32 34 4   0 0   1 1   2 2   3 3
32 52 4   0 0   1 1   2 2   3 3
32 68 4   0 0   1 1   2 2   3 3
32 153 4   0 0   1 1   2 2   3 3
32 297 4   0 0   1 1   2 2   3 3
32 284 4   0 0   1 1   2 2   3 3
33 259 4   0 0   1 1   2 2   3 3
33 296 4   0 0   1 1   2 2   3 3
33 184 4   0 0   1 1   2 2   3 3
33 188 4   0 0   1 1   2 2   3 3
33 140 4   0 0   1 1   2 2   3 3
33 268 4   0 0   1 1   2 2   3 3
33 189 4   0 0   1 1   2 2   3 3
33 239 4   0 0   1 1   2 2   3 3
34 243 4   0 0   1 1   2 2   3 3
34 68 4   0 0   1 1   2 2   3 3
34 297 4   0 0   1 1   2 2   3 3
34 58 4   0 0   1 1   2 2   3 3
35 115 4   0 0   1 1   2 2   3 3
35 88 4   0 0   1 1   2 2   3 3
35 300 4   0 0   1 1   2 2   3 3
35 191 4   0 0   1 1   2 2   3 3
36 83 4   0 0   1 1   2 2   3 3
36 213 4   0 0   1 1   2 2   3 3
36 38 4   0 0   1 1   2 2   3 3
36 118 4   0 0   1 1   2 2   3 3
36 134 4   0 0   1 1   2 2   3 3
36 264 4   0 0   1 1   2 2   3 3
36 141 4   0 0   1 1   2 2   3 3
36 78 4   0 0   1 1   2 2   3 3
36 62 4   0 0   1 1   2 2   3 3
37 114 4   0 0   1 1   2 2   3 3
37 131 4   0 0   1 1   2 2   3 3
37 214 4   0 0   1 1   2 2   3 3
38 192 4   0 0   1 1   2 2   3 3
38 128 4   0 0   1 1   2 2   3 3
38 210 4   0 0   1 1   2 2   3 3
38 213 4   0 0   1 1   2 2   3 3
38 167 4   0 0   1 1   2 2   3 3
39 41 4   0 0   1 1   2 2   3 3
39 218 4   0 0   1 1   2 2   3 3
39 204 4   0 0   1 1   2 2   3 3
40 100 4   0 0   1 1   2 2   3 3
40 132 4   0 0   1 1   2 2   3 3
40 122 4   0 0   1 1   2 2   3 3
40 251 4   0 0   1 1   2 2   3 3
40 94 4   0 0   1 1   2 2   3 3
40 63 4   0 0   1 1   2 2   3 3
41 112 4   0 0   1 1   2 2   3 3
41 179 4   0 0   1 1   2 2   3 3
41 51 4   0 0   1 1   2 2   3 3
41 218 4   0 0   1 1   2 2   3 3
41 204 4   0 0   1 1   2 2   3 3
42 224 4   0 0   1 1   2 2   3 3
42 116 4   0 0   1 1   2 2   3 3
42 156 4   0 0   1 1   2 2   3 3
42 61 4   0 0   1 1   2 2   3 3
42 222 4   0 0   1 1   2 2   3 3
43 241 4   0 0   1 1   2 2   3 3
43 50 4   0 0   1 1   2 2   3 3
43 163 4   0 0   1 1   2 2   3 3
43 281 4   0 0   1 1   2 2   3 3
43 271 4   0 0   1 1   2 2   3 3
44 208 4   0 0   1 1   2 2   3 3
44 117 4   0 0   1 1   2 2   3 3
44 200 4   0 0   1 1   2 2   3 3
44 249 4   0 0   1 1   2 2   3 3
44 124 4   0 0   1 1   2 2   3 3
44 236 4   0 0   1 1   2 2   3 3
45 129 4   0 0   1 1   2 2   3 3
45 131 4   0 0   1 1   2 2   3 3
45 152 4   0 0   1 1   2 2   3 3
45 188 4   0 0   1 1   2 2   3 3
45 140 4   0 0   1 1   2 2   3 3
46 288 4   0 0   1 1   2 2   3 3
46 145 4   0 0   1 1   2 2   3 3
46 197 4   0 0   1 1   2 2   3 3
46 253 4   0 0   1 1   2 2   3 3
46 206 4   0 0   1 1   2 2   3 3
46 286 4   0 0   1 1   2 2   3 3
47 209 4   0 0   1 1   2 2   3 3
47 230 4   0 0   1 1   2 2   3 3
47 168 4   0 0   1 1   2 2   3 3
47 217 4   0 0   1 1   2 2   3 3
48 256 4   0 0   1 1   2 2   3 3
48 233 4   0 0   1 1   2 2   3 3
48 89 4   0 0   1 1   2 2   3 3
48 271 4   0 0   1 1   2 2   3 3
48 111 4   0 0   1 1   2 2   3 3
49 144 4   0 0   1 1   2 2   3 3
49 97 4   0 0   1 1   2 2   3 3
49 258 4   0 0   1 1   2 2   3 3
49 99 4   0 0   1 1   2 2   3 3
49 70 4   0 0   1 1   2 2   3 3
49 92 4   0 0   1 1   2 2   3 3
50 241 4   0 0   1 1   2 2   3 3
50 70 4   0 0   1 1   2 2   3 3
50 271 4   0 0   1 1   2 2   3 3
51 112 4   0 0   1 1   2 2   3 3
51 160 4   0 0   1 1   2 2   3 3
51 178 4   0 0   1 1   2 2   3 3
51 66 4   0 0   1 1   2 2   3 3
51 119 4   0 0   1 1   2 2   3 3
51 88 4   0 0   1 1   2 2   3 3
51 218 4   0 0   1 1   2 2   3 3
51 93 4   0 0   1 1   2 2   3 3
51 191 4   0 0   1 1   2 2   3 3
52 148 4   0 0   1 1   2 2   3 3
52 153 4   0 0   1 1   2 2   3 3
52 233 4   0 0   1 1   2 2   3 3
52 284 4   0 0   1 1   2 2   3 3
53 176 4   0 0   1 1   2 2   3 3
53 258 4   0 0   1 1   2 2   3 3
53 180 4   0 0   1 1   2 2   3 3
53 298 4   0 0   1 1   2 2   3 3
53 267 4   0 0   1 1   2 2   3 3
53 92 4   0 0   1 1   2 2   3 3
54 248 4   0 0   1 1   2 2   3 3
54 75 4   0 0   1 1   2 2   3 3
54 252 4   0 0   1 1   2 2   3 3
55 240 4   0 0   1 1   2 2   3 3
55 278 4   0 0   1 1   2 2   3 3
55 183 4   0 0   1 1   2 2   3 3
55 266 4   0 0   1 1   2 2   3 3
55 220 4   0 0   1 1   2 2   3 3
55 190 4   0 0   1 1   2 2   3 3
56 137 4   0 0   1 1   2 2   3 3
56 109 4   0 0   1 1   2 2   3 3
56 269 4   0 0   1 1   2 2   3 3
57 192 4   0 0   1 1   2 2   3 3
57 129 4   0 0   1 1   2 2   3 3
57 210 4   0 0   1 1   2 2   3 3
57 181 4   0 0   1 1   2 2   3 3
57 152 4   0 0   1 1   2 2   3 3
57 218 4   0 0   1 1   2 2   3 3
57 204 4   0 0   1 1   2 2   3 3
57 175 4   0 0   1 1   2 2   3 3
58 243 4   0 0   1 1   2 2   3 3
58 247 4   0 0   1 1   2 2   3 3
58 297 4   0 0   1 1   2 2   3 3
58 202 4   0 0   1 1   2 2   3 3
58 207 4   0 0   1 1   2 2   3 3
59 195 4   0 0   1 1   2 2   3 3
59 67 4   0 0   1 1   2 2   3 3
59 151 4   0 0   1 1   2 2   3 3
59 283 4   0 0   1 1   2 2   3 3
60 261 4   0 0   1 1   2 2   3 3
60 246 4   0 0   1 1   2 2   3 3
60 103 4   0 0   1 1   2 2   3 3
60 126 4   0 0   1 1   2 2   3 3
61 116 4   0 0   1 1   2 2   3 3
61 222 4   0 0   1 1   2 2   3 3
62 289 4   0 0   1 1   2 2   3 3
62 83 4   0 0   1 1   2 2   3 3
62 150 4   0 0   1 1   2 2   3 3
62 282 4   0 0   1 1   2 2   3 3
62 141 4   0 0   1 1   2 2   3 3
63 132 4   0 0   1 1   2 2   3 3
63 107 4   0 0   1 1   2 2   3 3
64 274 4   0 0   1 1   2 2   3 3
64 262 4   0 0   1 1   2 2   3 3
64 122 4   0 0   1 1   2 2   3 3
65 273 4   0 0   1 1   2 2   3 3
65 225 4   0 0   1 1   2 2   3 3
65 135 4   0 0   1 1   2 2   3 3
66 260 4   0 0   1 1   2 2   3 3
66 119 4   0 0   1 1   2 2   3 3
67 244 4   0 0   1 1   2 2   3 3
67 280 4   0 0   1 1   2 2   3 3
67 90 4   0 0   1 1   2 2   3 3
67 283 4   0 0   1 1   2 2   3 3
67 123 4   0 0   1 1   2 2   3 3
67 77 4   0 0   1 1   2 2   3 3
68 290 4   0 0   1 1   2 2   3 3
68 291 4   0 0   1 1   2 2   3 3
68 104 4   0 0   1 1   2 2   3 3
68 300 4   0 0   1 1   2 2   3 3
68 111 4   0 0   1 1   2 2   3 3
69 163 4   0 0   1 1   2 2   3 3
69 248 4   0 0   1 1   2 2   3 3
69 73 4   0 0   1 1   2 2   3 3
69 121 4   0 0   1 1   2 2   3 3
69 281 4   0 0   1 1   2 2   3 3
69 234 4   0 0   1 1   2 2   3 3
70 144 4   0 0   1 1   2 2   3 3
70 241 4   0 0   1 1   2 2   3 3
70 209 4   0 0   1 1   2 2   3 3
70 242 4   0 0   1 1   2 2   3 3
70 99 4   0 0   1 1   2 2   3 3
70 227 4   0 0   1 1   2 2   3 3
70 102 4   0 0   1 1   2 2   3 3
70 89 4   0 0   1 1   2 2   3 3
71 273 4   0 0   1 1   2 2   3 3
71 135 4   0 0   1 1   2 2   3 3
71 201 4   0 0   1 1   2 2   3 3
71 185 4   0 0   1 1   2 2   3 3
71 108 4   0 0   1 1   2 2   3 3
72 215 4   0 0   1 1   2 2   3 3
72 201 4   0 0   1 1   2 2   3 3
72 74 4   0 0   1 1   2 2   3 3
72 187 4   0 0   1 1   2 2   3 3
72 237 4   0 0   1 1   2 2   3 3
72 174 4   0 0   1 1   2 2   3 3
73 165 4   0 0   1 1   2 2   3 3
73 121 4   0 0   1 1   2 2   3 3
73 234 4   0 0   1 1   2 2   3 3
73 238 4   0 0   1 1   2 2   3 3
74 103 4   0 0   1 1   2 2   3 3
74 237 4   0 0   1 1   2 2   3 3
74 174 4   0 0   1 1   2 2   3 3
74 126 4   0 0   1 1   2 2   3 3
75 245 4   0 0   1 1   2 2   3 3
75 248 4   0 0   1 1   2 2   3 3
75 252 4   0 0   1 1   2 2   3 3
75 173 4   0 0   1 1   2 2   3 3
75 238 4   0 0   1 1   2 2   3 3
75 190 4   0 0   1 1   2 2   3 3
76 150 4   0 0   1 1   2 2   3 3
76 166 4   0 0   1 1   2 2   3 3
76 250 4   0 0   1 1   2 2   3 3
76 95 4   0 0   1 1   2 2   3 3
77 130 4   0 0   1 1   2 2   3 3
77 244 4   0 0   1 1   2 2   3 3
77 90 4   0 0   1 1   2 2   3 3
78 161 4   0 0   1 1   2 2   3 3
78 264 4   0 0   1 1   2 2   3 3
78 141 4   0 0   1 1   2 2   3 3
78 158 4   0 0   1 1   2 2   3 3
78 143 4   0 0   1 1   2 2   3 3
79 82 4   0 0   1 1   2 2   3 3
79 229 4   0 0   1 1   2 2   3 3
79 181 4   0 0   1 1   2 2   3 3
79 136 4   0 0   1 1   2 2   3 3
79 175 4   0 0   1 1   2 2   3 3
80 272 4   0 0   1 1   2 2   3 3
80 130 4   0 0   1 1   2 2   3 3
80 228 4   0 0   1 1   2 2   3 3
80 244 4   0 0   1 1   2 2   3 3
81 177 4   0 0   1 1   2 2   3 3
81 147 4   0 0   1 1   2 2   3 3
81 275 4   0 0   1 1   2 2   3 3
81 164 4   0 0   1 1   2 2   3 3
81 295 4   0 0   1 1   2 2   3 3
81 184 4   0 0   1 1   2 2   3 3
81 239 4   0 0   1 1   2 2   3 3
82 291 4   0 0   1 1   2 2   3 3
82 179 4   0 0   1 1   2 2   3 3
82 136 4   0 0   1 1   2 2   3 3
82 204 4   0 0   1 1   2 2   3 3
83 289 4   0 0   1 1   2 2   3 3
83 118 4   0 0   1 1   2 2   3 3
84 116 4   0 0   1 1   2 2   3 3
84 215 4   0 0   1 1   2 2   3 3
84 138 4   0 0   1 1   2 2   3 3
84 219 4   0 0   1 1   2 2   3 3
84 139 4   0 0   1 1   2 2   3 3
85 148 4   0 0   1 1   2 2   3 3
85 101 4   0 0   1 1   2 2   3 3
85 121 4   0 0   1 1   2 2   3 3
86 208 4   0 0   1 1   2 2   3 3
86 263 4   0 0   1 1   2 2   3 3
86 250 4   0 0   1 1   2 2   3 3
86 170 4   0 0   1 1   2 2   3 3
86 124 4   0 0   1 1   2 2   3 3
87 114 4   0 0   1 1   2 2   3 3
87 211 4   0 0   1 1   2 2   3 3
87 276 4   0 0   1 1   2 2   3 3
87 212 4   0 0   1 1   2 2   3 3
87 214 4   0 0   1 1   2 2   3 3
88 178 4   0 0   1 1   2 2   3 3
88 115 4   0 0   1 1   2 2   3 3
88 287 4   0 0   1 1   2 2   3 3
88 191 4   0 0   1 1   2 2   3 3
89 256 4   0 0   1 1   2 2   3 3
89 292 4   0 0   1 1   2 2   3 3
89 102 4   0 0   1 1   2 2   3 3
90 277 4   0 0   1 1   2 2   3 3
90 283 4   0 0   1 1   2 2   3 3
91 243 4   0 0   1 1   2 2   3 3
91 196 4   0 0   1 1   2 2   3 3
91 149 4   0 0   1 1   2 2   3 3
91 247 4   0 0   1 1   2 2   3 3
91 223 4   0 0   1 1   2 2   3 3
92 176 4   0 0   1 1   2 2   3 3
92 97 4   0 0   1 1   2 2   3 3
92 258 4   0 0   1 1   2 2   3 3
93 160 4   0 0   1 1   2 2   3 3
93 119 4   0 0   1 1   2 2   3 3
93 199 4   0 0   1 1   2 2   3 3
93 106 4   0 0   1 1   2 2   3 3
94 100 4   0 0   1 1   2 2   3 3
94 293 4   0 0   1 1   2 2   3 3
94 139 4   0 0   1 1   2 2   3 3
94 251 4   0 0   1 1   2 2   3 3
95 161 4   0 0   1 1   2 2   3 3
95 150 4   0 0   1 1   2 2   3 3
95 141 4   0 0   1 1   2 2   3 3
95 158 4   0 0   1 1   2 2   3 3
96 113 4   0 0   1 1   2 2   3 3
96 193 4   0 0   1 1   2 2   3 3
96 261 4   0 0   1 1   2 2   3 3
96 246 4   0 0   1 1   2 2   3 3
96 139 4   0 0   1 1   2 2   3 3
96 142 4   0 0   1 1   2 2   3 3
97 144 4   0 0   1 1   2 2   3 3
97 176 4   0 0   1 1   2 2   3 3
97 257 4   0 0   1 1   2 2   3 3
97 230 4   0 0   1 1   2 2   3 3
97 232 4   0 0   1 1   2 2   3 3
97 168 4   0 0   1 1   2 2   3 3
98 226 4   0 0   1 1   2 2   3 3
98 196 4   0 0   1 1   2 2   3 3
98 149 4   0 0   1 1   2 2   3 3
98 120 4   0 0   1 1   2 2   3 3
99 241 4   0 0   1 1   2 2   3 3
99 258 4   0 0   1 1   2 2   3 3
99 235 4   0 0   1 1   2 2   3 3
100 177 4   0 0   1 1   2 2   3 3
100 293 4   0 0   1 1   2 2   3 3
100 122 4   0 0   1 1   2 2   3 3
101 148 4   0 0   1 1   2 2   3 3
101 121 4   0 0   1 1   2 2   3 3
101 281 4   0 0   1 1   2 2   3 3
101 155 4   0 0   1 1   2 2   3 3
101 271 4   0 0   1 1   2 2   3 3
102 242 4   0 0   1 1   2 2   3 3
102 292 4   0 0   1 1   2 2   3 3
103 157 4   0 0   1 1   2 2   3 3
103 174 4   0 0   1 1   2 2   3 3
103 254 4   0 0   1 1   2 2   3 3
103 126 4   0 0   1 1   2 2   3 3
104 290 4   0 0   1 1   2 2   3 3
104 284 4   0 0   1 1   2 2   3 3
104 111 4   0 0   1 1   2 2   3 3
105 273 4   0 0   1 1   2 2   3 3
105 280 4   0 0   1 1   2 2   3 3
105 169 4   0 0   1 1   2 2   3 3
106 160 4   0 0   1 1   2 2   3 3
106 128 4   0 0   1 1   2 2   3 3
106 199 4   0 0   1 1   2 2   3 3
106 159 4   0 0   1 1   2 2   3 3
107 132 4   0 0   1 1   2 2   3 3
107 133 4   0 0   1 1   2 2   3 3
107 182 4   0 0   1 1   2 2   3 3
107 265 4   0 0   1 1   2 2   3 3
108 244 4   0 0   1 1   2 2   3 3
108 185 4   0 0   1 1   2 2   3 3
108 123 4   0 0   1 1   2 2   3 3
108 125 4   0 0   1 1   2 2   3 3
109 193 4   0 0   1 1   2 2   3 3
109 261 4   0 0   1 1   2 2   3 3
109 137 4   0 0   1 1   2 2   3 3
110 211 4   0 0   1 1   2 2   3 3
110 275 4   0 0   1 1   2 2   3 3
110 262 4   0 0   1 1   2 2   3 3
110 186 4   0 0   1 1   2 2   3 3
110 205 4   0 0   1 1   2 2   3 3
110 127 4   0 0   1 1   2 2   3 3
111 256 4   0 0   1 1   2 2   3 3
111 291 4   0 0   1 1   2 2   3 3
111 233 4   0 0   1 1   2 2   3 3
111 299 4   0 0   1 1   2 2   3 3
111 284 4   0 0   1 1   2 2   3 3
112 179 4   0 0   1 1   2 2   3 3
112 191 4   0 0   1 1   2 2   3 3
114 131 4   0 0   1 1   2 2   3 3
114 275 4   0 0   1 1   2 2   3 3
114 211 4   0 0   1 1   2 2   3 3
114 214 4   0 0   1 1   2 2   3 3
115 223 4   0 0   1 1   2 2   3 3
115 255 4   0 0   1 1   2 2   3 3
115 287 4   0 0   1 1   2 2   3 3
116 215 4   0 0   1 1   2 2   3 3
116 216 4   0 0   1 1   2 2   3 3
116 138 4   0 0   1 1   2 2   3 3
116 156 4   0 0   1 1   2 2   3 3
117 208 4   0 0   1 1   2 2   3 3
117 249 4   0 0   1 1   2 2   3 3
118 289 4   0 0   1 1   2 2   3 3
118 194 4   0 0   1 1   2 2   3 3
118 213 4   0 0   1 1   2 2   3 3
120 226 4   0 0   1 1   2 2   3 3
120 196 4   0 0   1 1   2 2   3 3
120 255 4   0 0   1 1   2 2   3 3
121 281 4   0 0   1 1   2 2   3 3
122 132 4   0 0   1 1   2 2   3 3
122 182 4   0 0   1 1   2 2   3 3
123 244 4   0 0   1 1   2 2   3 3
123 280 4   0 0   1 1   2 2   3 3
124 208 4   0 0   1 1   2 2   3 3
124 289 4   0 0   1 1   2 2   3 3
124 194 4   0 0   1 1   2 2   3 3
124 263 4   0 0   1 1   2 2   3 3
124 172 4   0 0   1 1   2 2   3 3
125 272 4   0 0   1 1   2 2   3 3
125 224 4   0 0   1 1   2 2   3 3
125 244 4   0 0   1 1   2 2   3 3
125 294 4   0 0   1 1   2 2   3 3
125 187 4   0 0   1 1   2 2   3 3
126 246 4   0 0   1 1   2 2   3 3
126 237 4   0 0   1 1   2 2   3 3
127 274 4   0 0   1 1   2 2   3 3
127 262 4   0 0   1 1   2 2   3 3
127 265 4   0 0   1 1   2 2   3 3
127 186 4   0 0   1 1   2 2   3 3
127 236 4   0 0   1 1   2 2   3 3
128 160 4   0 0   1 1   2 2   3 3
128 210 4   0 0   1 1   2 2   3 3
128 159 4   0 0   1 1   2 2   3 3
129 229 4   0 0   1 1   2 2   3 3
129 181 4   0 0   1 1   2 2   3 3
129 152 4   0 0   1 1   2 2   3 3
129 217 4   0 0   1 1   2 2   3 3
129 188 4   0 0   1 1   2 2   3 3
130 228 4   0 0   1 1   2 2   3 3
130 244 4   0 0   1 1   2 2   3 3
130 298 4   0 0   1 1   2 2   3 3
131 275 4   0 0   1 1   2 2   3 3
131 214 4   0 0   1 1   2 2   3 3
131 152 4   0 0   1 1   2 2   3 3
131 184 4   0 0   1 1   2 2   3 3
131 140 4   0 0   1 1   2 2   3 3
132 182 4   0 0   1 1   2 2   3 3
133 200 4   0 0   1 1   2 2   3 3
133 265 4   0 0   1 1   2 2   3 3
133 249 4   0 0   1 1   2 2   3 3
133 236 4   0 0   1 1   2 2   3 3
134 264 4   0 0   1 1   2 2   3 3
134 203 4   0 0   1 1   2 2   3 3
134 143 4   0 0   1 1   2 2   3 3
135 273 4   0 0   1 1   2 2   3 3
135 225 4   0 0   1 1   2 2   3 3
135 201 4   0 0   1 1   2 2   3 3
135 174 4   0 0   1 1   2 2   3 3
136 291 4   0 0   1 1   2 2   3 3
136 292 4   0 0   1 1   2 2   3 3
136 229 4   0 0   1 1   2 2   3 3
136 279 4   0 0   1 1   2 2   3 3
136 299 4   0 0   1 1   2 2   3 3
137 193 4   0 0   1 1   2 2   3 3
137 269 4   0 0   1 1   2 2   3 3
138 177 4   0 0   1 1   2 2   3 3
138 293 4   0 0   1 1   2 2   3 3
138 139 4   0 0   1 1   2 2   3 3
138 285 4   0 0   1 1   2 2   3 3
139 293 4   0 0   1 1   2 2   3 3
139 246 4   0 0   1 1   2 2   3 3
139 219 4   0 0   1 1   2 2   3 3
139 251 4   0 0   1 1   2 2   3 3
140 184 4   0 0   1 1   2 2   3 3
140 188 4   0 0   1 1   2 2   3 3
141 161 4   0 0   1 1   2 2   3 3
141 150 4   0 0   1 1   2 2   3 3
142 193 4   0 0   1 1   2 2   3 3
142 154 4   0 0   1 1   2 2   3 3
143 264 4   0 0   1 1   2 2   3 3
143 203 4   0 0   1 1   2 2   3 3
144 227 4   0 0   1 1   2 2   3 3
144 230 4   0 0   1 1   2 2   3 3
145 197 4   0 0   1 1   2 2   3 3
145 266 4   0 0   1 1   2 2   3 3
145 206 4   0 0   1 1   2 2   3 3
146 257 4   0 0   1 1   2 2   3 3
146 259 4   0 0   1 1   2 2   3 3
146 231 4   0 0   1 1   2 2   3 3
146 168 4   0 0   1 1   2 2   3 3
146 296 4   0 0   1 1   2 2   3 3
147 295 4   0 0   1 1   2 2   3 3
147 189 4   0 0   1 1   2 2   3 3
147 222 4   0 0   1 1   2 2   3 3
147 239 4   0 0   1 1   2 2   3 3
148 153 4   0 0   1 1   2 2   3 3
148 233 4   0 0   1 1   2 2   3 3
148 155 4   0 0   1 1   2 2   3 3
149 196 4   0 0   1 1   2 2   3 3
149 247 4   0 0   1 1   2 2   3 3
150 263 4   0 0   1 1   2 2   3 3
150 282 4   0 0   1 1   2 2   3 3
150 250 4   0 0   1 1   2 2   3 3
151 225 4   0 0   1 1   2 2   3 3
151 198 4   0 0   1 1   2 2   3 3
151 169 4   0 0   1 1   2 2   3 3
152 192 4   0 0   1 1   2 2   3 3
152 214 4   0 0   1 1   2 2   3 3
152 221 4   0 0   1 1   2 2   3 3
153 297 4   0 0   1 1   2 2   3 3
154 193 4   0 0   1 1   2 2   3 3
155 233 4   0 0   1 1   2 2   3 3
155 271 4   0 0   1 1   2 2   3 3
156 224 4   0 0   1 1   2 2   3 3
156 216 4   0 0   1 1   2 2   3 3
156 187 4   0 0   1 1   2 2   3 3
157 254 4   0 0   1 1   2 2   3 3
158 161 4   0 0   1 1   2 2   3 3
159 203 4   0 0   1 1   2 2   3 3
160 210 4   0 0   1 1   2 2   3 3
160 218 4   0 0   1 1   2 2   3 3
162 247 4   0 0   1 1   2 2   3 3
162 207 4   0 0   1 1   2 2   3 3
163 241 4   0 0   1 1   2 2   3 3
163 248 4   0 0   1 1   2 2   3 3
163 281 4   0 0   1 1   2 2   3 3
163 252 4   0 0   1 1   2 2   3 3
164 177 4   0 0   1 1   2 2   3 3
164 275 4   0 0   1 1   2 2   3 3
164 262 4   0 0   1 1   2 2   3 3
165 240 4   0 0   1 1   2 2   3 3
165 278 4   0 0   1 1   2 2   3 3
165 238 4   0 0   1 1   2 2   3 3
166 250 4   0 0   1 1   2 2   3 3
167 192 4   0 0   1 1   2 2   3 3
167 213 4   0 0   1 1   2 2   3 3
167 221 4   0 0   1 1   2 2   3 3
168 257 4   0 0   1 1   2 2   3 3
168 259 4   0 0   1 1   2 2   3 3
168 230 4   0 0   1 1   2 2   3 3
168 217 4   0 0   1 1   2 2   3 3
169 225 4   0 0   1 1   2 2   3 3
169 280 4   0 0   1 1   2 2   3 3
170 208 4   0 0   1 1   2 2   3 3
170 250 4   0 0   1 1   2 2   3 3
171 224 4   0 0   1 1   2 2   3 3
171 294 4   0 0   1 1   2 2   3 3
171 296 4   0 0   1 1   2 2   3 3
172 289 4   0 0   1 1   2 2   3 3
172 263 4   0 0   1 1   2 2   3 3
172 282 4   0 0   1 1   2 2   3 3
173 180 4   0 0   1 1   2 2   3 3
173 245 4   0 0   1 1   2 2   3 3
173 235 4   0 0   1 1   2 2   3 3
173 252 4   0 0   1 1   2 2   3 3
174 225 4   0 0   1 1   2 2   3 3
174 198 4   0 0   1 1   2 2   3 3
174 201 4   0 0   1 1   2 2   3 3
175 181 4   0 0   1 1   2 2   3 3
175 204 4   0 0   1 1   2 2   3 3
176 232 4   0 0   1 1   2 2   3 3
176 267 4   0 0   1 1   2 2   3 3
177 293 4   0 0   1 1   2 2   3 3
177 295 4   0 0   1 1   2 2   3 3
178 287 4   0 0   1 1   2 2   3 3
179 291 4   0 0   1 1   2 2   3 3
179 300 4   0 0   1 1   2 2   3 3
179 204 4   0 0   1 1   2 2   3 3
179 191 4   0 0   1 1   2 2   3 3
180 258 4   0 0   1 1   2 2   3 3
180 245 4   0 0   1 1   2 2   3 3
180 298 4   0 0   1 1   2 2   3 3
180 235 4   0 0   1 1   2 2   3 3
180 286 4   0 0   1 1   2 2   3 3
181 229 4   0 0   1 1   2 2   3 3
182 265 4   0 0   1 1   2 2   3 3
183 240 4   0 0   1 1   2 2   3 3
183 197 4   0 0   1 1   2 2   3 3
183 266 4   0 0   1 1   2 2   3 3
184 275 4   0 0   1 1   2 2   3 3
184 268 4   0 0   1 1   2 2   3 3
184 239 4   0 0   1 1   2 2   3 3
185 201 4   0 0   1 1   2 2   3 3
185 187 4   0 0   1 1   2 2   3 3
186 236 4   0 0   1 1   2 2   3 3
186 205 4   0 0   1 1   2 2   3 3
187 224 4   0 0   1 1   2 2   3 3
187 215 4   0 0   1 1   2 2   3 3
187 216 4   0 0   1 1   2 2   3 3
187 201 4   0 0   1 1   2 2   3 3
188 259 4   0 0   1 1   2 2   3 3
188 217 4   0 0   1 1   2 2   3 3
189 239 4   0 0   1 1   2 2   3 3
190 245 4   0 0   1 1   2 2   3 3
190 266 4   0 0   1 1   2 2   3 3
190 220 4   0 0   1 1   2 2   3 3
190 286 4   0 0   1 1   2 2   3 3
191 300 4   0 0   1 1   2 2   3 3
192 210 4   0 0   1 1   2 2   3 3
192 221 4   0 0   1 1   2 2   3 3
193 261 4   0 0   1 1   2 2   3 3
194 289 4   0 0   1 1   2 2   3 3
194 213 4   0 0   1 1   2 2   3 3
194 270 4   0 0   1 1   2 2   3 3
195 283 4   0 0   1 1   2 2   3 3
195 253 4   0 0   1 1   2 2   3 3
196 223 4   0 0   1 1   2 2   3 3
196 255 4   0 0   1 1   2 2   3 3
197 253 4   0 0   1 1   2 2   3 3
198 225 4   0 0   1 1   2 2   3 3
200 249 4   0 0   1 1   2 2   3 3
200 236 4   0 0   1 1   2 2   3 3
202 297 4   0 0   1 1   2 2   3 3
204 218 4   0 0   1 1   2 2   3 3
205 211 4   0 0   1 1   2 2   3 3
205 276 4   0 0   1 1   2 2   3 3
205 212 4   0 0   1 1   2 2   3 3
205 270 4   0 0   1 1   2 2   3 3
206 266 4   0 0   1 1   2 2   3 3
206 286 4   0 0   1 1   2 2   3 3
207 247 4   0 0   1 1   2 2   3 3
209 242 4   0 0   1 1   2 2   3 3
209 227 4   0 0   1 1   2 2   3 3
209 229 4   0 0   1 1   2 2   3 3
209 230 4   0 0   1 1   2 2   3 3
209 217 4   0 0   1 1   2 2   3 3
210 218 4   0 0   1 1   2 2   3 3
211 275 4   0 0   1 1   2 2   3 3
211 212 4   0 0   1 1   2 2   3 3
212 276 4   0 0   1 1   2 2   3 3
213 276 4   0 0   1 1   2 2   3 3
213 270 4   0 0   1 1   2 2   3 3
214 221 4   0 0   1 1   2 2   3 3
215 216 4   0 0   1 1   2 2   3 3
215 237 4   0 0   1 1   2 2   3 3
217 259 4   0 0   1 1   2 2   3 3
217 229 4   0 0   1 1   2 2   3 3
219 246 4   0 0   1 1   2 2   3 3
220 278 4   0 0   1 1   2 2   3 3
222 224 4   0 0   1 1   2 2   3 3
222 296 4   0 0   1 1   2 2   3 3
223 243 4   0 0   1 1   2 2   3 3
223 255 4   0 0   1 1   2 2   3 3
224 294 4   0 0   1 1   2 2   3 3
224 296 4   0 0   1 1   2 2   3 3
226 260 4   0 0   1 1   2 2   3 3
226 255 4   0 0   1 1   2 2   3 3
226 287 4   0 0   1 1   2 2   3 3
227 230 4   0 0   1 1   2 2   3 3
228 272 4   0 0   1 1   2 2   3 3
229 242 4   0 0   1 1   2 2   3 3
229 279 4   0 0   1 1   2 2   3 3
231 272 4   0 0   1 1   2 2   3 3
231 257 4   0 0   1 1   2 2   3 3
231 294 4   0 0   1 1   2 2   3 3
232 257 4   0 0   1 1   2 2   3 3
232 267 4   0 0   1 1   2 2   3 3
233 284 4   0 0   1 1   2 2   3 3
233 271 4   0 0   1 1   2 2   3 3
234 248 4   0 0   1 1   2 2   3 3
234 238 4   0 0   1 1   2 2   3 3
235 241 4   0 0   1 1   2 2   3 3
235 258 4   0 0   1 1   2 2   3 3
235 252 4   0 0   1 1   2 2   3 3
236 265 4   0 0   1 1   2 2   3 3
238 248 4   0 0   1 1   2 2   3 3
239 268 4   0 0   1 1   2 2   3 3
240 278 4   0 0   1 1   2 2   3 3
241 252 4   0 0   1 1   2 2   3 3
242 292 4   0 0   1 1   2 2   3 3
242 279 4   0 0   1 1   2 2   3 3
243 247 4   0 0   1 1   2 2   3 3
244 272 4   0 0   1 1   2 2   3 3
245 286 4   0 0   1 1   2 2   3 3
246 261 4   0 0   1 1   2 2   3 3
248 252 4   0 0   1 1   2 2   3 3
250 263 4   0 0   1 1   2 2   3 3
253 288 4   0 0   1 1   2 2   3 3
253 283 4   0 0   1 1   2 2   3 3
255 287 4   0 0   1 1   2 2   3 3
256 292 4   0 0   1 1   2 2   3 3
256 299 4   0 0   1 1   2 2   3 3
259 296 4   0 0   1 1   2 2   3 3
260 287 4   0 0   1 1   2 2   3 3
262 274 4   0 0   1 1   2 2   3 3
262 275 4   0 0   1 1   2 2   3 3
263 282 4   0 0   1 1   2 2   3 3
265 274 4   0 0   1 1   2 2   3 3
266 286 4   0 0   1 1   2 2   3 3
267 298 4   0 0   1 1   2 2   3 3
270 276 4   0 0   1 1   2 2   3 3
271 281 4   0 0   1 1   2 2   3 3
272 294 4   0 0   1 1   2 2   3 3
277 288 4   0 0   1 1   2 2   3 3
277 283 4   0 0   1 1   2 2   3 3
279 292 4   0 0   1 1   2 2   3 3
282 289 4   0 0   1 1   2 2   3 3
283 288 4   0 0   1 1   2 2   3 3
284 290 4   0 0   1 1   2 2   3 3
285 293 4   0 0   1 1   2 2   3 3
286 298 4   0 0   1 1   2 2   3 3
291 299 4   0 0   1 1   2 2   3 3
291 300 4   0 0   1 1   2 2   3 3
292 299 4   0 0   1 1   2 2   3 3
