386
1 4 0 1 2 3
2 4 0 1 2 3
3 4 0 1 2 3
4 4 0 1 2 3
5 4 0 1 2 3
6 4 0 1 2 3
7 4 0 1 2 3
8 4 0 1 2 3
9 4 0 1 2 3
10 4 0 1 2 3
11 4 0 1 2 3
12 4 0 1 2 3
13 4 0 1 2 3
14 4 0 1 2 3
15 4 0 1 2 3
16 4 0 1 2 3
17 4 0 1 2 3
18 4 0 1 2 3
19 4 0 1 2 3
20 4 0 1 2 3
21 4 0 1 2 3
22 4 0 1 2 3
23 4 0 1 2 3
24 4 0 1 2 3
25 4 0 1 2 3
26 4 0 1 2 3
27 4 0 1 2 3
28 4 0 1 2 3
29 4 0 1 2 3
30 4 0 1 2 3
31 4 0 1 2 3
32 4 0 1 2 3
33 4 0 1 2 3
34 4 0 1 2 3
35 4 0 1 2 3
36 4 0 1 2 3
37 4 0 1 2 3
38 4 0 1 2 3
39 4 0 1 2 3
40 4 0 1 2 3
41 4 0 1 2 3
42 4 0 1 2 3
43 4 0 1 2 3
44 4 0 1 2 3
45 4 0 1 2 3
46 4 0 1 2 3
47 4 0 1 2 3
48 4 0 1 2 3
49 4 0 1 2 3
50 4 0 1 2 3
51 4 0 1 2 3
52 4 0 1 2 3
53 4 0 1 2 3
54 4 0 1 2 3
55 4 0 1 2 3
56 4 0 1 2 3
57 4 0 1 2 3
58 4 0 1 2 3
59 4 0 1 2 3
60 4 0 1 2 3
61 4 0 1 2 3
62 4 0 1 2 3
63 4 0 1 2 3
64 4 0 1 2 3
65 4 0 1 2 3
66 4 0 1 2 3
67 4 0 1 2 3
68 4 0 1 2 3
69 4 0 1 2 3
70 4 0 1 2 3
71 4 0 1 2 3
72 4 0 1 2 3
73 4 0 1 2 3
74 4 0 1 2 3
75 4 0 1 2 3
76 4 0 1 2 3
77 4 0 1 2 3
78 4 0 1 2 3
79 4 0 1 2 3
80 4 0 1 2 3
81 4 0 1 2 3
82 4 0 1 2 3
83 4 0 1 2 3
84 4 0 1 2 3
85 4 0 1 2 3
86 4 0 1 2 3
87 4 0 1 2 3
88 4 0 1 2 3
89 4 0 1 2 3
90 4 0 1 2 3
91 4 0 1 2 3
92 4 0 1 2 3
93 4 0 1 2 3
94 4 0 1 2 3
95 4 0 1 2 3
96 4 0 1 2 3
97 4 0 1 2 3
98 4 0 1 2 3
99 4 0 1 2 3
100 4 0 1 2 3
101 4 0 1 2 3
102 4 0 1 2 3
103 4 0 1 2 3
104 4 0 1 2 3
105 4 0 1 2 3
106 4 0 1 2 3
107 4 0 1 2 3
108 4 0 1 2 3
109 4 0 1 2 3
110 4 0 1 2 3
111 4 0 1 2 3
112 4 0 1 2 3
113 4 0 1 2 3
114 4 0 1 2 3
115 4 0 1 2 3
116 4 0 1 2 3
117 4 0 1 2 3
118 4 0 1 2 3
119 4 0 1 2 3
120 4 0 1 2 3
121 4 0 1 2 3
122 4 0 1 2 3
123 4 0 1 2 3
124 4 0 1 2 3
125 4 0 1 2 3
126 4 0 1 2 3
127 4 0 1 2 3
128 4 0 1 2 3
129 4 0 1 2 3
130 4 0 1 2 3
131 4 0 1 2 3
132 4 0 1 2 3
133 4 0 1 2 3
134 4 0 1 2 3
135 4 0 1 2 3
136 4 0 1 2 3
137 4 0 1 2 3
138 4 0 1 2 3
139 4 0 1 2 3
140 4 0 1 2 3
141 4 0 1 2 3
142 4 0 1 2 3
143 4 0 1 2 3
144 4 0 1 2 3
145 4 0 1 2 3
146 4 0 1 2 3
147 4 0 1 2 3
148 4 0 1 2 3
149 4 0 1 2 3
150 4 0 1 2 3
151 4 0 1 2 3
152 4 0 1 2 3
153 4 0 1 2 3
154 4 0 1 2 3
155 4 0 1 2 3
156 4 0 1 2 3
157 4 0 1 2 3
158 4 0 1 2 3
159 4 0 1 2 3
160 4 0 1 2 3
161 4 0 1 2 3
162 4 0 1 2 3
163 4 0 1 2 3
164 4 0 1 2 3
165 4 0 1 2 3
166 4 0 1 2 3
167 4 0 1 2 3
168 4 0 1 2 3
169 4 0 1 2 3
170 4 0 1 2 3
171 4 0 1 2 3
172 4 0 1 2 3
173 4 0 1 2 3
174 4 0 1 2 3
175 4 0 1 2 3
176 4 0 1 2 3
177 4 0 1 2 3
178 4 0 1 2 3
179 4 0 1 2 3
180 4 0 1 2 3
181 4 0 1 2 3
182 4 0 1 2 3
183 4 0 1 2 3
184 4 0 1 2 3
185 4 0 1 2 3
186 4 0 1 2 3
187 4 0 1 2 3
188 4 0 1 2 3
189 4 0 1 2 3
190 4 0 1 2 3
191 4 0 1 2 3
192 4 0 1 2 3
193 4 0 1 2 3
194 4 0 1 2 3
195 4 0 1 2 3
196 4 0 1 2 3
197 4 0 1 2 3
198 4 0 1 2 3
199 4 0 1 2 3
200 4 0 1 2 3
201 4 0 1 2 3
202 4 0 1 2 3
203 4 0 1 2 3
204 4 0 1 2 3
205 4 0 1 2 3
206 4 0 1 2 3
207 4 0 1 2 3
208 4 0 1 2 3
209 4 0 1 2 3
210 4 0 1 2 3
211 4 0 1 2 3
212 4 0 1 2 3
213 4 0 1 2 3
214 4 0 1 2 3
215 4 0 1 2 3
216 4 0 1 2 3
217 4 0 1 2 3
218 4 0 1 2 3
219 4 0 1 2 3
220 4 0 1 2 3
221 4 0 1 2 3
222 4 0 1 2 3
223 4 0 1 2 3
224 4 0 1 2 3
225 4 0 1 2 3
226 4 0 1 2 3
227 4 0 1 2 3
228 4 0 1 2 3
229 4 0 1 2 3
230 4 0 1 2 3
231 4 0 1 2 3
232 4 0 1 2 3
233 4 0 1 2 3
234 4 0 1 2 3
235 4 0 1 2 3
236 4 0 1 2 3
237 4 0 1 2 3
238 4 0 1 2 3
239 4 0 1 2 3
240 4 0 1 2 3
241 4 0 1 2 3
242 4 0 1 2 3
243 4 0 1 2 3
244 4 0 1 2 3
245 4 0 1 2 3
246 4 0 1 2 3
247 4 0 1 2 3
248 4 0 1 2 3
249 4 0 1 2 3
250 4 0 1 2 3
251 4 0 1 2 3
252 4 0 1 2 3
253 4 0 1 2 3
254 4 0 1 2 3
255 4 0 1 2 3
256 4 0 1 2 3
257 4 0 1 2 3
258 4 0 1 2 3
259 4 0 1 2 3
260 4 0 1 2 3
261 4 0 1 2 3
262 4 0 1 2 3
263 4 0 1 2 3
264 4 0 1 2 3
265 4 0 1 2 3
266 4 0 1 2 3
267 4 0 1 2 3
268 4 0 1 2 3
269 4 0 1 2 3
270 4 0 1 2 3
271 4 0 1 2 3
272 4 0 1 2 3
273 4 0 1 2 3
274 4 0 1 2 3
275 4 0 1 2 3
276 4 0 1 2 3
277 4 0 1 2 3
278 4 0 1 2 3
279 4 0 1 2 3
280 4 0 1 2 3
281 4 0 1 2 3
282 4 0 1 2 3
283 4 0 1 2 3
284 4 0 1 2 3
285 4 0 1 2 3
286 4 0 1 2 3
287 4 0 1 2 3
288 4 0 1 2 3
289 4 0 1 2 3
290 4 0 1 2 3
291 4 0 1 2 3
292 4 0 1 2 3
293 4 0 1 2 3
294 4 0 1 2 3
295 4 0 1 2 3
296 4 0 1 2 3
297 4 0 1 2 3
298 4 0 1 2 3
299 4 0 1 2 3
300 4 0 1 2 3
301 4 0 1 2 3
302 4 0 1 2 3
303 4 0 1 2 3
304 4 0 1 2 3
305 4 0 1 2 3
306 4 0 1 2 3
307 4 0 1 2 3
308 4 0 1 2 3
309 4 0 1 2 3
310 4 0 1 2 3
311 4 0 1 2 3
312 4 0 1 2 3
313 4 0 1 2 3
314 4 0 1 2 3
315 4 0 1 2 3
316 4 0 1 2 3
317 4 0 1 2 3
318 4 0 1 2 3
319 4 0 1 2 3
320 4 0 1 2 3
321 4 0 1 2 3
322 4 0 1 2 3
323 4 0 1 2 3
324 4 0 1 2 3
325 4 0 1 2 3
326 4 0 1 2 3
327 4 0 1 2 3
328 4 0 1 2 3
329 4 0 1 2 3
330 4 0 1 2 3
331 4 0 1 2 3
332 4 0 1 2 3
333 4 0 1 2 3
334 4 0 1 2 3
335 4 0 1 2 3
336 4 0 1 2 3
337 4 0 1 2 3
338 4 0 1 2 3
339 4 0 1 2 3
340 4 0 1 2 3
341 4 0 1 2 3
342 4 0 1 2 3
343 4 0 1 2 3
344 4 0 1 2 3
345 4 0 1 2 3
346 4 0 1 2 3
347 4 0 1 2 3
348 4 0 1 2 3
349 4 0 1 2 3
350 4 0 1 2 3
351 4 0 1 2 3
352 4 0 1 2 3
353 4 0 1 2 3
354 4 0 1 2 3
355 4 0 1 2 3
356 4 0 1 2 3
357 4 0 1 2 3
358 4 0 1 2 3
359 4 0 1 2 3
360 4 0 1 2 3
361 4 0 1 2 3
362 4 0 1 2 3
363 4 0 1 2 3
364 4 0 1 2 3
365 4 0 1 2 3
366 4 0 1 2 3
367 4 0 1 2 3
368 4 0 1 2 3
369 4 0 1 2 3
370 4 0 1 2 3
371 4 0 1 2 3
372 4 0 1 2 3
373 4 0 1 2 3
374 4 0 1 2 3
375 4 0 1 2 3
376 4 0 1 2 3
377 4 0 1 2 3
378 4 0 1 2 3
379 4 0 1 2 3
380 4 0 1 2 3
381 4 0 1 2 3
382 4 0 1 2 3
383 4 0 1 2 3
384 4 0 1 2 3
385 4 0 1 2 3
386 4 0 1 2 3
1094
1 54 4   0 0   1 1   2 2   3 3
1 189 4   0 0   1 1   2 2   3 3
1 29 4   0 0   1 1   2 2   3 3
1 238 4   0 0   1 1   2 2   3 3
1 31 4   0 0   1 1   2 2   3 3
2 242 4   0 0   1 1   2 2   3 3
2 163 4   0 0   1 1   2 2   3 3
2 293 4   0 0   1 1   2 2   3 3
2 281 4   0 0   1 1   2 2   3 3
2 137 4   0 0   1 1   2 2   3 3
2 10 4   0 0   1 1   2 2   3 3
2 348 4   0 0   1 1   2 2   3 3
3 368 4   0 0   1 1   2 2   3 3
3 179 4   0 0   1 1   2 2   3 3
3 276 4   0 0   1 1   2 2   3 3
3 310 4   0 0   1 1   2 2   3 3
3 266 4   0 0   1 1   2 2   3 3
4 176 4   0 0   1 1   2 2   3 3
4 130 4   0 0   1 1   2 2   3 3
4 354 4   0 0   1 1   2 2   3 3
4 59 4   0 0   1 1   2 2   3 3
4 335 4   0 0   1 1   2 2   3 3
5 263 4   0 0   1 1   2 2   3 3
5 56 4   0 0   1 1   2 2   3 3
5 105 4   0 0   1 1   2 2   3 3
5 351 4   0 0   1 1   2 2   3 3
6 51 4   0 0   1 1   2 2   3 3
6 244 4   0 0   1 1   2 2   3 3
6 171 4   0 0   1 1   2 2   3 3
6 92 4   0 0   1 1   2 2   3 3
6 302 4   0 0   1 1   2 2   3 3
7 131 4   0 0   1 1   2 2   3 3
7 286 4   0 0   1 1   2 2   3 3
7 191 4   0 0   1 1   2 2   3 3
8 17 4   0 0   1 1   2 2   3 3
8 242 4   0 0   1 1   2 2   3 3
8 121 4   0 0   1 1   2 2   3 3
8 236 4   0 0   1 1   2 2   3 3
8 110 4   0 0   1 1   2 2   3 3
9 370 4   0 0   1 1   2 2   3 3
9 184 4   0 0   1 1   2 2   3 3
9 137 4   0 0   1 1   2 2   3 3
9 201 4   0 0   1 1   2 2   3 3
9 157 4   0 0   1 1   2 2   3 3
10 243 4   0 0   1 1   2 2   3 3
10 180 4   0 0   1 1   2 2   3 3
10 293 4   0 0   1 1   2 2   3 3
10 294 4   0 0   1 1   2 2   3 3
10 23 4   0 0   1 1   2 2   3 3
10 137 4   0 0   1 1   2 2   3 3
10 89 4   0 0   1 1   2 2   3 3
10 298 4   0 0   1 1   2 2   3 3
11 145 4   0 0   1 1   2 2   3 3
11 290 4   0 0   1 1   2 2   3 3
11 50 4   0 0   1 1   2 2   3 3
11 19 4   0 0   1 1   2 2   3 3
11 332 4   0 0   1 1   2 2   3 3
11 47 4   0 0   1 1   2 2   3 3
12 256 4   0 0   1 1   2 2   3 3
12 240 4   0 0   1 1   2 2   3 3
12 85 4   0 0   1 1   2 2   3 3
12 376 4   0 0   1 1   2 2   3 3
12 170 4   0 0   1 1   2 2   3 3
12 58 4   0 0   1 1   2 2   3 3
12 222 4   0 0   1 1   2 2   3 3
13 64 4   0 0   1 1   2 2   3 3
13 369 4   0 0   1 1   2 2   3 3
13 194 4   0 0   1 1   2 2   3 3
13 287 4   0 0   1 1   2 2   3 3
14 273 4   0 0   1 1   2 2   3 3
14 196 4   0 0   1 1   2 2   3 3
14 44 4   0 0   1 1   2 2   3 3
14 316 4   0 0   1 1   2 2   3 3
15 160 4   0 0   1 1   2 2   3 3
15 33 4   0 0   1 1   2 2   3 3
15 291 4   0 0   1 1   2 2   3 3
15 151 4   0 0   1 1   2 2   3 3
15 186 4   0 0   1 1   2 2   3 3
15 301 4   0 0   1 1   2 2   3 3
15 125 4   0 0   1 1   2 2   3 3
16 195 4   0 0   1 1   2 2   3 3
16 214 4   0 0   1 1   2 2   3 3
16 375 4   0 0   1 1   2 2   3 3
16 29 4   0 0   1 1   2 2   3 3
16 207 4   0 0   1 1   2 2   3 3
17 67 4   0 0   1 1   2 2   3 3
17 293 4   0 0   1 1   2 2   3 3
17 236 4   0 0   1 1   2 2   3 3
17 110 4   0 0   1 1   2 2   3 3
18 278 4   0 0   1 1   2 2   3 3
18 202 4   0 0   1 1   2 2   3 3
19 112 4   0 0   1 1   2 2   3 3
19 145 4   0 0   1 1   2 2   3 3
19 50 4   0 0   1 1   2 2   3 3
19 159 4   0 0   1 1   2 2   3 3
20 225 4   0 0   1 1   2 2   3 3
20 40 4   0 0   1 1   2 2   3 3
20 248 4   0 0   1 1   2 2   3 3
20 139 4   0 0   1 1   2 2   3 3
20 28 4   0 0   1 1   2 2   3 3
20 93 4   0 0   1 1   2 2   3 3
20 126 4   0 0   1 1   2 2   3 3
21 371 4   0 0   1 1   2 2   3 3
21 343 4   0 0   1 1   2 2   3 3
21 71 4   0 0   1 1   2 2   3 3
21 218 4   0 0   1 1   2 2   3 3
21 111 4   0 0   1 1   2 2   3 3
22 65 4   0 0   1 1   2 2   3 3
22 289 4   0 0   1 1   2 2   3 3
22 225 4   0 0   1 1   2 2   3 3
22 306 4   0 0   1 1   2 2   3 3
22 283 4   0 0   1 1   2 2   3 3
22 251 4   0 0   1 1   2 2   3 3
22 139 4   0 0   1 1   2 2   3 3
22 252 4   0 0   1 1   2 2   3 3
22 93 4   0 0   1 1   2 2   3 3
22 126 4   0 0   1 1   2 2   3 3
23 180 4   0 0   1 1   2 2   3 3
23 184 4   0 0   1 1   2 2   3 3
23 137 4   0 0   1 1   2 2   3 3
24 176 4   0 0   1 1   2 2   3 3
24 146 4   0 0   1 1   2 2   3 3
24 35 4   0 0   1 1   2 2   3 3
24 72 4   0 0   1 1   2 2   3 3
25 353 4   0 0   1 1   2 2   3 3
25 258 4   0 0   1 1   2 2   3 3
25 276 4   0 0   1 1   2 2   3 3
25 153 4   0 0   1 1   2 2   3 3
25 266 4   0 0   1 1   2 2   3 3
25 332 4   0 0   1 1   2 2   3 3
25 47 4   0 0   1 1   2 2   3 3
26 353 4   0 0   1 1   2 2   3 3
26 386 4   0 0   1 1   2 2   3 3
26 229 4   0 0   1 1   2 2   3 3
26 266 4   0 0   1 1   2 2   3 3
26 381 4   0 0   1 1   2 2   3 3
27 373 4   0 0   1 1   2 2   3 3
27 377 4   0 0   1 1   2 2   3 3
27 203 4   0 0   1 1   2 2   3 3
27 380 4   0 0   1 1   2 2   3 3
28 230 4   0 0   1 1   2 2   3 3
28 40 4   0 0   1 1   2 2   3 3
28 248 4   0 0   1 1   2 2   3 3
29 54 4   0 0   1 1   2 2   3 3
29 375 4   0 0   1 1   2 2   3 3
29 39 4   0 0   1 1   2 2   3 3
29 31 4   0 0   1 1   2 2   3 3
30 326 4   0 0   1 1   2 2   3 3
30 135 4   0 0   1 1   2 2   3 3
30 60 4   0 0   1 1   2 2   3 3
30 44 4   0 0   1 1   2 2   3 3
30 269 4   0 0   1 1   2 2   3 3
30 142 4   0 0   1 1   2 2   3 3
31 83 4   0 0   1 1   2 2   3 3
31 375 4   0 0   1 1   2 2   3 3
31 264 4   0 0   1 1   2 2   3 3
31 238 4   0 0   1 1   2 2   3 3
32 149 4   0 0   1 1   2 2   3 3
32 168 4   0 0   1 1   2 2   3 3
32 170 4   0 0   1 1   2 2   3 3
32 173 4   0 0   1 1   2 2   3 3
33 160 4   0 0   1 1   2 2   3 3
33 82 4   0 0   1 1   2 2   3 3
33 118 4   0 0   1 1   2 2   3 3
33 151 4   0 0   1 1   2 2   3 3
33 45 4   0 0   1 1   2 2   3 3
34 272 4   0 0   1 1   2 2   3 3
34 114 4   0 0   1 1   2 2   3 3
34 307 4   0 0   1 1   2 2   3 3
34 101 4   0 0   1 1   2 2   3 3
34 231 4   0 0   1 1   2 2   3 3
34 171 4   0 0   1 1   2 2   3 3
35 146 4   0 0   1 1   2 2   3 3
35 340 4   0 0   1 1   2 2   3 3
35 247 4   0 0   1 1   2 2   3 3
35 72 4   0 0   1 1   2 2   3 3
36 82 4   0 0   1 1   2 2   3 3
36 322 4   0 0   1 1   2 2   3 3
36 245 4   0 0   1 1   2 2   3 3
36 213 4   0 0   1 1   2 2   3 3
36 118 4   0 0   1 1   2 2   3 3
36 167 4   0 0   1 1   2 2   3 3
36 234 4   0 0   1 1   2 2   3 3
37 272 4   0 0   1 1   2 2   3 3
37 307 4   0 0   1 1   2 2   3 3
37 154 4   0 0   1 1   2 2   3 3
37 141 4   0 0   1 1   2 2   3 3
37 302 4   0 0   1 1   2 2   3 3
38 385 4   0 0   1 1   2 2   3 3
38 261 4   0 0   1 1   2 2   3 3
38 57 4   0 0   1 1   2 2   3 3
38 204 4   0 0   1 1   2 2   3 3
39 54 4   0 0   1 1   2 2   3 3
40 214 4   0 0   1 1   2 2   3 3
40 230 4   0 0   1 1   2 2   3 3
40 183 4   0 0   1 1   2 2   3 3
40 252 4   0 0   1 1   2 2   3 3
40 93 4   0 0   1 1   2 2   3 3
40 143 4   0 0   1 1   2 2   3 3
41 250 4   0 0   1 1   2 2   3 3
41 301 4   0 0   1 1   2 2   3 3
41 125 4   0 0   1 1   2 2   3 3
41 158 4   0 0   1 1   2 2   3 3
41 254 4   0 0   1 1   2 2   3 3
42 80 4   0 0   1 1   2 2   3 3
42 353 4   0 0   1 1   2 2   3 3
42 90 4   0 0   1 1   2 2   3 3
42 43 4   0 0   1 1   2 2   3 3
42 383 4   0 0   1 1   2 2   3 3
43 353 4   0 0   1 1   2 2   3 3
43 386 4   0 0   1 1   2 2   3 3
43 156 4   0 0   1 1   2 2   3 3
43 223 4   0 0   1 1   2 2   3 3
43 383 4   0 0   1 1   2 2   3 3
44 273 4   0 0   1 1   2 2   3 3
44 196 4   0 0   1 1   2 2   3 3
44 358 4   0 0   1 1   2 2   3 3
44 135 4   0 0   1 1   2 2   3 3
44 60 4   0 0   1 1   2 2   3 3
44 333 4   0 0   1 1   2 2   3 3
45 118 4   0 0   1 1   2 2   3 3
45 151 4   0 0   1 1   2 2   3 3
45 232 4   0 0   1 1   2 2   3 3
46 226 4   0 0   1 1   2 2   3 3
46 275 4   0 0   1 1   2 2   3 3
46 104 4   0 0   1 1   2 2   3 3
46 362 4   0 0   1 1   2 2   3 3
47 145 4   0 0   1 1   2 2   3 3
47 276 4   0 0   1 1   2 2   3 3
47 153 4   0 0   1 1   2 2   3 3
47 332 4   0 0   1 1   2 2   3 3
47 221 4   0 0   1 1   2 2   3 3
48 323 4   0 0   1 1   2 2   3 3
48 261 4   0 0   1 1   2 2   3 3
48 215 4   0 0   1 1   2 2   3 3
48 94 4   0 0   1 1   2 2   3 3
49 294 4   0 0   1 1   2 2   3 3
49 249 4   0 0   1 1   2 2   3 3
49 298 4   0 0   1 1   2 2   3 3
49 172 4   0 0   1 1   2 2   3 3
49 319 4   0 0   1 1   2 2   3 3
49 303 4   0 0   1 1   2 2   3 3
50 112 4   0 0   1 1   2 2   3 3
50 290 4   0 0   1 1   2 2   3 3
50 169 4   0 0   1 1   2 2   3 3
51 219 4   0 0   1 1   2 2   3 3
51 171 4   0 0   1 1   2 2   3 3
51 92 4   0 0   1 1   2 2   3 3
52 210 4   0 0   1 1   2 2   3 3
52 197 4   0 0   1 1   2 2   3 3
52 76 4   0 0   1 1   2 2   3 3
52 239 4   0 0   1 1   2 2   3 3
53 373 4   0 0   1 1   2 2   3 3
53 199 4   0 0   1 1   2 2   3 3
53 88 4   0 0   1 1   2 2   3 3
53 380 4   0 0   1 1   2 2   3 3
53 319 4   0 0   1 1   2 2   3 3
54 189 4   0 0   1 1   2 2   3 3
55 356 4   0 0   1 1   2 2   3 3
55 309 4   0 0   1 1   2 2   3 3
55 361 4   0 0   1 1   2 2   3 3
55 286 4   0 0   1 1   2 2   3 3
56 263 4   0 0   1 1   2 2   3 3
56 105 4   0 0   1 1   2 2   3 3
56 313 4   0 0   1 1   2 2   3 3
57 305 4   0 0   1 1   2 2   3 3
57 68 4   0 0   1 1   2 2   3 3
57 357 4   0 0   1 1   2 2   3 3
57 261 4   0 0   1 1   2 2   3 3
57 341 4   0 0   1 1   2 2   3 3
57 284 4   0 0   1 1   2 2   3 3
57 204 4   0 0   1 1   2 2   3 3
57 350 4   0 0   1 1   2 2   3 3
58 336 4   0 0   1 1   2 2   3 3
58 240 4   0 0   1 1   2 2   3 3
58 210 4   0 0   1 1   2 2   3 3
58 308 4   0 0   1 1   2 2   3 3
58 376 4   0 0   1 1   2 2   3 3
58 216 4   0 0   1 1   2 2   3 3
58 91 4   0 0   1 1   2 2   3 3
59 130 4   0 0   1 1   2 2   3 3
59 354 4   0 0   1 1   2 2   3 3
59 72 4   0 0   1 1   2 2   3 3
59 206 4   0 0   1 1   2 2   3 3
60 345 4   0 0   1 1   2 2   3 3
60 333 4   0 0   1 1   2 2   3 3
60 142 4   0 0   1 1   2 2   3 3
61 228 4   0 0   1 1   2 2   3 3
61 165 4   0 0   1 1   2 2   3 3
61 247 4   0 0   1 1   2 2   3 3
61 381 4   0 0   1 1   2 2   3 3
61 366 4   0 0   1 1   2 2   3 3
61 334 4   0 0   1 1   2 2   3 3
62 177 4   0 0   1 1   2 2   3 3
62 161 4   0 0   1 1   2 2   3 3
62 306 4   0 0   1 1   2 2   3 3
62 133 4   0 0   1 1   2 2   3 3
62 86 4   0 0   1 1   2 2   3 3
63 80 4   0 0   1 1   2 2   3 3
63 226 4   0 0   1 1   2 2   3 3
63 275 4   0 0   1 1   2 2   3 3
63 197 4   0 0   1 1   2 2   3 3
63 315 4   0 0   1 1   2 2   3 3
63 76 4   0 0   1 1   2 2   3 3
63 317 4   0 0   1 1   2 2   3 3
64 369 4   0 0   1 1   2 2   3 3
64 98 4   0 0   1 1   2 2   3 3
64 194 4   0 0   1 1   2 2   3 3
64 117 4   0 0   1 1   2 2   3 3
64 378 4   0 0   1 1   2 2   3 3
64 78 4   0 0   1 1   2 2   3 3
64 79 4   0 0   1 1   2 2   3 3
65 66 4   0 0   1 1   2 2   3 3
65 84 4   0 0   1 1   2 2   3 3
65 283 4   0 0   1 1   2 2   3 3
65 251 4   0 0   1 1   2 2   3 3
66 320 4   0 0   1 1   2 2   3 3
66 209 4   0 0   1 1   2 2   3 3
66 81 4   0 0   1 1   2 2   3 3
66 84 4   0 0   1 1   2 2   3 3
66 233 4   0 0   1 1   2 2   3 3
66 283 4   0 0   1 1   2 2   3 3
67 243 4   0 0   1 1   2 2   3 3
67 293 4   0 0   1 1   2 2   3 3
67 236 4   0 0   1 1   2 2   3 3
67 140 4   0 0   1 1   2 2   3 3
68 96 4   0 0   1 1   2 2   3 3
68 357 4   0 0   1 1   2 2   3 3
68 198 4   0 0   1 1   2 2   3 3
68 220 4   0 0   1 1   2 2   3 3
68 350 4   0 0   1 1   2 2   3 3
69 224 4   0 0   1 1   2 2   3 3
69 323 4   0 0   1 1   2 2   3 3
69 84 4   0 0   1 1   2 2   3 3
69 198 4   0 0   1 1   2 2   3 3
69 103 4   0 0   1 1   2 2   3 3
69 330 4   0 0   1 1   2 2   3 3
69 251 4   0 0   1 1   2 2   3 3
69 365 4   0 0   1 1   2 2   3 3
69 174 4   0 0   1 1   2 2   3 3
70 148 4   0 0   1 1   2 2   3 3
70 103 4   0 0   1 1   2 2   3 3
70 119 4   0 0   1 1   2 2   3 3
70 248 4   0 0   1 1   2 2   3 3
70 139 4   0 0   1 1   2 2   3 3
70 365 4   0 0   1 1   2 2   3 3
71 273 4   0 0   1 1   2 2   3 3
71 371 4   0 0   1 1   2 2   3 3
71 277 4   0 0   1 1   2 2   3 3
71 138 4   0 0   1 1   2 2   3 3
71 316 4   0 0   1 1   2 2   3 3
71 255 4   0 0   1 1   2 2   3 3
72 144 4   0 0   1 1   2 2   3 3
72 176 4   0 0   1 1   2 2   3 3
72 354 4   0 0   1 1   2 2   3 3
72 324 4   0 0   1 1   2 2   3 3
72 165 4   0 0   1 1   2 2   3 3
72 247 4   0 0   1 1   2 2   3 3
72 206 4   0 0   1 1   2 2   3 3
73 144 4   0 0   1 1   2 2   3 3
73 257 4   0 0   1 1   2 2   3 3
73 324 4   0 0   1 1   2 2   3 3
73 271 4   0 0   1 1   2 2   3 3
74 177 4   0 0   1 1   2 2   3 3
74 371 4   0 0   1 1   2 2   3 3
74 291 4   0 0   1 1   2 2   3 3
74 86 4   0 0   1 1   2 2   3 3
74 218 4   0 0   1 1   2 2   3 3
74 205 4   0 0   1 1   2 2   3 3
75 384 4   0 0   1 1   2 2   3 3
75 215 4   0 0   1 1   2 2   3 3
75 202 4   0 0   1 1   2 2   3 3
75 382 4   0 0   1 1   2 2   3 3
76 80 4   0 0   1 1   2 2   3 3
76 337 4   0 0   1 1   2 2   3 3
76 197 4   0 0   1 1   2 2   3 3
76 90 4   0 0   1 1   2 2   3 3
76 239 4   0 0   1 1   2 2   3 3
77 368 4   0 0   1 1   2 2   3 3
77 228 4   0 0   1 1   2 2   3 3
77 212 4   0 0   1 1   2 2   3 3
77 150 4   0 0   1 1   2 2   3 3
77 134 4   0 0   1 1   2 2   3 3
77 349 4   0 0   1 1   2 2   3 3
78 162 4   0 0   1 1   2 2   3 3
78 98 4   0 0   1 1   2 2   3 3
78 246 4   0 0   1 1   2 2   3 3
78 378 4   0 0   1 1   2 2   3 3
78 237 4   0 0   1 1   2 2   3 3
79 98 4   0 0   1 1   2 2   3 3
79 117 4   0 0   1 1   2 2   3 3
80 353 4   0 0   1 1   2 2   3 3
80 90 4   0 0   1 1   2 2   3 3
80 317 4   0 0   1 1   2 2   3 3
81 209 4   0 0   1 1   2 2   3 3
81 233 4   0 0   1 1   2 2   3 3
81 378 4   0 0   1 1   2 2   3 3
81 174 4   0 0   1 1   2 2   3 3
82 160 4   0 0   1 1   2 2   3 3
82 145 4   0 0   1 1   2 2   3 3
82 310 4   0 0   1 1   2 2   3 3
82 118 4   0 0   1 1   2 2   3 3
82 167 4   0 0   1 1   2 2   3 3
82 221 4   0 0   1 1   2 2   3 3
82 159 4   0 0   1 1   2 2   3 3
83 279 4   0 0   1 1   2 2   3 3
83 375 4   0 0   1 1   2 2   3 3
83 264 4   0 0   1 1   2 2   3 3
83 136 4   0 0   1 1   2 2   3 3
83 312 4   0 0   1 1   2 2   3 3
83 300 4   0 0   1 1   2 2   3 3
84 233 4   0 0   1 1   2 2   3 3
84 251 4   0 0   1 1   2 2   3 3
84 174 4   0 0   1 1   2 2   3 3
85 256 4   0 0   1 1   2 2   3 3
85 222 4   0 0   1 1   2 2   3 3
86 177 4   0 0   1 1   2 2   3 3
86 289 4   0 0   1 1   2 2   3 3
86 306 4   0 0   1 1   2 2   3 3
86 291 4   0 0   1 1   2 2   3 3
86 372 4   0 0   1 1   2 2   3 3
86 108 4   0 0   1 1   2 2   3 3
87 211 4   0 0   1 1   2 2   3 3
87 329 4   0 0   1 1   2 2   3 3
87 269 4   0 0   1 1   2 2   3 3
88 107 4   0 0   1 1   2 2   3 3
88 319 4   0 0   1 1   2 2   3 3
88 303 4   0 0   1 1   2 2   3 3
89 243 4   0 0   1 1   2 2   3 3
89 147 4   0 0   1 1   2 2   3 3
89 132 4   0 0   1 1   2 2   3 3
89 294 4   0 0   1 1   2 2   3 3
89 123 4   0 0   1 1   2 2   3 3
89 140 4   0 0   1 1   2 2   3 3
90 337 4   0 0   1 1   2 2   3 3
90 374 4   0 0   1 1   2 2   3 3
90 175 4   0 0   1 1   2 2   3 3
90 383 4   0 0   1 1   2 2   3 3
91 240 4   0 0   1 1   2 2   3 3
91 97 4   0 0   1 1   2 2   3 3
91 163 4   0 0   1 1   2 2   3 3
91 308 4   0 0   1 1   2 2   3 3
91 281 4   0 0   1 1   2 2   3 3
91 187 4   0 0   1 1   2 2   3 3
92 98 4   0 0   1 1   2 2   3 3
92 244 4   0 0   1 1   2 2   3 3
92 166 4   0 0   1 1   2 2   3 3
92 360 4   0 0   1 1   2 2   3 3
92 219 4   0 0   1 1   2 2   3 3
92 318 4   0 0   1 1   2 2   3 3
93 225 4   0 0   1 1   2 2   3 3
93 252 4   0 0   1 1   2 2   3 3
94 323 4   0 0   1 1   2 2   3 3
94 341 4   0 0   1 1   2 2   3 3
94 261 4   0 0   1 1   2 2   3 3
94 198 4   0 0   1 1   2 2   3 3
95 177 4   0 0   1 1   2 2   3 3
95 161 4   0 0   1 1   2 2   3 3
95 178 4   0 0   1 1   2 2   3 3
95 277 4   0 0   1 1   2 2   3 3
95 133 4   0 0   1 1   2 2   3 3
95 138 4   0 0   1 1   2 2   3 3
96 224 4   0 0   1 1   2 2   3 3
96 357 4   0 0   1 1   2 2   3 3
96 198 4   0 0   1 1   2 2   3 3
96 220 4   0 0   1 1   2 2   3 3
97 308 4   0 0   1 1   2 2   3 3
97 362 4   0 0   1 1   2 2   3 3
97 187 4   0 0   1 1   2 2   3 3
97 190 4   0 0   1 1   2 2   3 3
98 194 4   0 0   1 1   2 2   3 3
98 244 4   0 0   1 1   2 2   3 3
98 164 4   0 0   1 1   2 2   3 3
98 117 4   0 0   1 1   2 2   3 3
98 311 4   0 0   1 1   2 2   3 3
98 318 4   0 0   1 1   2 2   3 3
99 368 4   0 0   1 1   2 2   3 3
99 245 4   0 0   1 1   2 2   3 3
99 325 4   0 0   1 1   2 2   3 3
99 134 4   0 0   1 1   2 2   3 3
100 113 4   0 0   1 1   2 2   3 3
100 374 4   0 0   1 1   2 2   3 3
100 359 4   0 0   1 1   2 2   3 3
100 327 4   0 0   1 1   2 2   3 3
100 105 4   0 0   1 1   2 2   3 3
100 331 4   0 0   1 1   2 2   3 3
100 124 4   0 0   1 1   2 2   3 3
100 175 4   0 0   1 1   2 2   3 3
101 114 4   0 0   1 1   2 2   3 3
101 227 4   0 0   1 1   2 2   3 3
101 360 4   0 0   1 1   2 2   3 3
101 171 4   0 0   1 1   2 2   3 3
101 219 4   0 0   1 1   2 2   3 3
102 192 4   0 0   1 1   2 2   3 3
102 304 4   0 0   1 1   2 2   3 3
102 181 4   0 0   1 1   2 2   3 3
102 262 4   0 0   1 1   2 2   3 3
102 270 4   0 0   1 1   2 2   3 3
103 323 4   0 0   1 1   2 2   3 3
103 119 4   0 0   1 1   2 2   3 3
103 330 4   0 0   1 1   2 2   3 3
103 365 4   0 0   1 1   2 2   3 3
104 226 4   0 0   1 1   2 2   3 3
104 339 4   0 0   1 1   2 2   3 3
104 169 4   0 0   1 1   2 2   3 3
104 362 4   0 0   1 1   2 2   3 3
104 190 4   0 0   1 1   2 2   3 3
105 113 4   0 0   1 1   2 2   3 3
105 359 4   0 0   1 1   2 2   3 3
105 313 4   0 0   1 1   2 2   3 3
105 351 4   0 0   1 1   2 2   3 3
106 195 4   0 0   1 1   2 2   3 3
106 148 4   0 0   1 1   2 2   3 3
106 230 4   0 0   1 1   2 2   3 3
106 248 4   0 0   1 1   2 2   3 3
106 143 4   0 0   1 1   2 2   3 3
106 207 4   0 0   1 1   2 2   3 3
107 259 4   0 0   1 1   2 2   3 3
107 249 4   0 0   1 1   2 2   3 3
107 235 4   0 0   1 1   2 2   3 3
107 303 4   0 0   1 1   2 2   3 3
108 320 4   0 0   1 1   2 2   3 3
108 291 4   0 0   1 1   2 2   3 3
108 372 4   0 0   1 1   2 2   3 3
108 151 4   0 0   1 1   2 2   3 3
108 232 4   0 0   1 1   2 2   3 3
109 337 4   0 0   1 1   2 2   3 3
109 210 4   0 0   1 1   2 2   3 3
109 115 4   0 0   1 1   2 2   3 3
109 356 4   0 0   1 1   2 2   3 3
109 286 4   0 0   1 1   2 2   3 3
109 239 4   0 0   1 1   2 2   3 3
110 242 4   0 0   1 1   2 2   3 3
110 293 4   0 0   1 1   2 2   3 3
111 132 4   0 0   1 1   2 2   3 3
111 343 4   0 0   1 1   2 2   3 3
111 295 4   0 0   1 1   2 2   3 3
111 218 4   0 0   1 1   2 2   3 3
112 169 4   0 0   1 1   2 2   3 3
112 186 4   0 0   1 1   2 2   3 3
112 253 4   0 0   1 1   2 2   3 3
112 301 4   0 0   1 1   2 2   3 3
112 158 4   0 0   1 1   2 2   3 3
112 159 4   0 0   1 1   2 2   3 3
113 331 4   0 0   1 1   2 2   3 3
113 268 4   0 0   1 1   2 2   3 3
113 351 4   0 0   1 1   2 2   3 3
114 227 4   0 0   1 1   2 2   3 3
114 231 4   0 0   1 1   2 2   3 3
114 335 4   0 0   1 1   2 2   3 3
115 337 4   0 0   1 1   2 2   3 3
115 356 4   0 0   1 1   2 2   3 3
115 361 4   0 0   1 1   2 2   3 3
115 124 4   0 0   1 1   2 2   3 3
116 144 4   0 0   1 1   2 2   3 3
116 263 4   0 0   1 1   2 2   3 3
116 285 4   0 0   1 1   2 2   3 3
116 206 4   0 0   1 1   2 2   3 3
116 271 4   0 0   1 1   2 2   3 3
117 194 4   0 0   1 1   2 2   3 3
118 232 4   0 0   1 1   2 2   3 3
118 234 4   0 0   1 1   2 2   3 3
119 148 4   0 0   1 1   2 2   3 3
120 306 4   0 0   1 1   2 2   3 3
120 338 4   0 0   1 1   2 2   3 3
120 133 4   0 0   1 1   2 2   3 3
120 252 4   0 0   1 1   2 2   3 3
121 242 4   0 0   1 1   2 2   3 3
121 132 4   0 0   1 1   2 2   3 3
121 295 4   0 0   1 1   2 2   3 3
121 236 4   0 0   1 1   2 2   3 3
121 158 4   0 0   1 1   2 2   3 3
121 254 4   0 0   1 1   2 2   3 3
122 320 4   0 0   1 1   2 2   3 3
122 209 4   0 0   1 1   2 2   3 3
122 232 4   0 0   1 1   2 2   3 3
122 234 4   0 0   1 1   2 2   3 3
122 237 4   0 0   1 1   2 2   3 3
123 147 4   0 0   1 1   2 2   3 3
123 294 4   0 0   1 1   2 2   3 3
123 282 4   0 0   1 1   2 2   3 3
123 363 4   0 0   1 1   2 2   3 3
123 333 4   0 0   1 1   2 2   3 3
124 337 4   0 0   1 1   2 2   3 3
124 361 4   0 0   1 1   2 2   3 3
124 331 4   0 0   1 1   2 2   3 3
124 175 4   0 0   1 1   2 2   3 3
125 291 4   0 0   1 1   2 2   3 3
125 342 4   0 0   1 1   2 2   3 3
125 250 4   0 0   1 1   2 2   3 3
125 301 4   0 0   1 1   2 2   3 3
126 225 4   0 0   1 1   2 2   3 3
126 139 4   0 0   1 1   2 2   3 3
127 149 4   0 0   1 1   2 2   3 3
127 203 4   0 0   1 1   2 2   3 3
127 364 4   0 0   1 1   2 2   3 3
128 129 4   0 0   1 1   2 2   3 3
128 355 4   0 0   1 1   2 2   3 3
128 312 4   0 0   1 1   2 2   3 3
128 267 4   0 0   1 1   2 2   3 3
128 300 4   0 0   1 1   2 2   3 3
129 355 4   0 0   1 1   2 2   3 3
129 260 4   0 0   1 1   2 2   3 3
129 267 4   0 0   1 1   2 2   3 3
129 316 4   0 0   1 1   2 2   3 3
130 217 4   0 0   1 1   2 2   3 3
130 206 4   0 0   1 1   2 2   3 3
131 336 4   0 0   1 1   2 2   3 3
131 286 4   0 0   1 1   2 2   3 3
131 191 4   0 0   1 1   2 2   3 3
132 147 4   0 0   1 1   2 2   3 3
132 343 4   0 0   1 1   2 2   3 3
132 295 4   0 0   1 1   2 2   3 3
132 140 4   0 0   1 1   2 2   3 3
132 236 4   0 0   1 1   2 2   3 3
133 161 4   0 0   1 1   2 2   3 3
133 306 4   0 0   1 1   2 2   3 3
133 178 4   0 0   1 1   2 2   3 3
133 338 4   0 0   1 1   2 2   3 3
134 368 4   0 0   1 1   2 2   3 3
134 212 4   0 0   1 1   2 2   3 3
134 325 4   0 0   1 1   2 2   3 3
135 321 4   0 0   1 1   2 2   3 3
135 196 4   0 0   1 1   2 2   3 3
135 326 4   0 0   1 1   2 2   3 3
136 355 4   0 0   1 1   2 2   3 3
136 292 4   0 0   1 1   2 2   3 3
136 182 4   0 0   1 1   2 2   3 3
136 152 4   0 0   1 1   2 2   3 3
136 264 4   0 0   1 1   2 2   3 3
136 300 4   0 0   1 1   2 2   3 3
137 370 4   0 0   1 1   2 2   3 3
137 184 4   0 0   1 1   2 2   3 3
137 348 4   0 0   1 1   2 2   3 3
138 178 4   0 0   1 1   2 2   3 3
138 277 4   0 0   1 1   2 2   3 3
138 316 4   0 0   1 1   2 2   3 3
139 248 4   0 0   1 1   2 2   3 3
139 251 4   0 0   1 1   2 2   3 3
139 365 4   0 0   1 1   2 2   3 3
140 243 4   0 0   1 1   2 2   3 3
140 236 4   0 0   1 1   2 2   3 3
141 244 4   0 0   1 1   2 2   3 3
141 200 4   0 0   1 1   2 2   3 3
141 280 4   0 0   1 1   2 2   3 3
141 154 4   0 0   1 1   2 2   3 3
141 302 4   0 0   1 1   2 2   3 3
142 288 4   0 0   1 1   2 2   3 3
142 296 4   0 0   1 1   2 2   3 3
142 345 4   0 0   1 1   2 2   3 3
142 235 4   0 0   1 1   2 2   3 3
142 269 4   0 0   1 1   2 2   3 3
143 214 4   0 0   1 1   2 2   3 3
143 230 4   0 0   1 1   2 2   3 3
143 188 4   0 0   1 1   2 2   3 3
143 207 4   0 0   1 1   2 2   3 3
144 324 4   0 0   1 1   2 2   3 3
144 206 4   0 0   1 1   2 2   3 3
144 271 4   0 0   1 1   2 2   3 3
145 221 4   0 0   1 1   2 2   3 3
145 159 4   0 0   1 1   2 2   3 3
146 176 4   0 0   1 1   2 2   3 3
146 340 4   0 0   1 1   2 2   3 3
146 231 4   0 0   1 1   2 2   3 3
146 154 4   0 0   1 1   2 2   3 3
146 335 4   0 0   1 1   2 2   3 3
147 358 4   0 0   1 1   2 2   3 3
147 343 4   0 0   1 1   2 2   3 3
147 282 4   0 0   1 1   2 2   3 3
148 195 4   0 0   1 1   2 2   3 3
148 248 4   0 0   1 1   2 2   3 3
149 274 4   0 0   1 1   2 2   3 3
149 168 4   0 0   1 1   2 2   3 3
149 364 4   0 0   1 1   2 2   3 3
149 348 4   0 0   1 1   2 2   3 3
150 228 4   0 0   1 1   2 2   3 3
150 340 4   0 0   1 1   2 2   3 3
150 247 4   0 0   1 1   2 2   3 3
150 349 4   0 0   1 1   2 2   3 3
151 291 4   0 0   1 1   2 2   3 3
151 232 4   0 0   1 1   2 2   3 3
152 321 4   0 0   1 1   2 2   3 3
152 292 4   0 0   1 1   2 2   3 3
152 182 4   0 0   1 1   2 2   3 3
152 329 4   0 0   1 1   2 2   3 3
153 332 4   0 0   1 1   2 2   3 3
154 307 4   0 0   1 1   2 2   3 3
154 340 4   0 0   1 1   2 2   3 3
154 231 4   0 0   1 1   2 2   3 3
154 200 4   0 0   1 1   2 2   3 3
154 349 4   0 0   1 1   2 2   3 3
155 304 4   0 0   1 1   2 2   3 3
155 385 4   0 0   1 1   2 2   3 3
155 261 4   0 0   1 1   2 2   3 3
155 215 4   0 0   1 1   2 2   3 3
155 299 4   0 0   1 1   2 2   3 3
155 382 4   0 0   1 1   2 2   3 3
156 386 4   0 0   1 1   2 2   3 3
156 379 4   0 0   1 1   2 2   3 3
156 381 4   0 0   1 1   2 2   3 3
156 223 4   0 0   1 1   2 2   3 3
156 367 4   0 0   1 1   2 2   3 3
157 199 4   0 0   1 1   2 2   3 3
157 184 4   0 0   1 1   2 2   3 3
157 201 4   0 0   1 1   2 2   3 3
157 319 4   0 0   1 1   2 2   3 3
158 242 4   0 0   1 1   2 2   3 3
158 253 4   0 0   1 1   2 2   3 3
158 301 4   0 0   1 1   2 2   3 3
158 254 4   0 0   1 1   2 2   3 3
159 160 4   0 0   1 1   2 2   3 3
159 186 4   0 0   1 1   2 2   3 3
160 186 4   0 0   1 1   2 2   3 3
161 177 4   0 0   1 1   2 2   3 3
162 212 4   0 0   1 1   2 2   3 3
162 164 4   0 0   1 1   2 2   3 3
162 325 4   0 0   1 1   2 2   3 3
162 246 4   0 0   1 1   2 2   3 3
162 200 4   0 0   1 1   2 2   3 3
162 280 4   0 0   1 1   2 2   3 3
162 265 4   0 0   1 1   2 2   3 3
163 242 4   0 0   1 1   2 2   3 3
163 339 4   0 0   1 1   2 2   3 3
163 281 4   0 0   1 1   2 2   3 3
163 187 4   0 0   1 1   2 2   3 3
164 244 4   0 0   1 1   2 2   3 3
164 280 4   0 0   1 1   2 2   3 3
165 324 4   0 0   1 1   2 2   3 3
165 247 4   0 0   1 1   2 2   3 3
165 379 4   0 0   1 1   2 2   3 3
165 381 4   0 0   1 1   2 2   3 3
165 366 4   0 0   1 1   2 2   3 3
166 193 4   0 0   1 1   2 2   3 3
166 360 4   0 0   1 1   2 2   3 3
166 297 4   0 0   1 1   2 2   3 3
166 318 4   0 0   1 1   2 2   3 3
167 245 4   0 0   1 1   2 2   3 3
167 310 4   0 0   1 1   2 2   3 3
168 240 4   0 0   1 1   2 2   3 3
168 281 4   0 0   1 1   2 2   3 3
168 170 4   0 0   1 1   2 2   3 3
168 348 4   0 0   1 1   2 2   3 3
169 226 4   0 0   1 1   2 2   3 3
169 290 4   0 0   1 1   2 2   3 3
169 339 4   0 0   1 1   2 2   3 3
169 315 4   0 0   1 1   2 2   3 3
169 253 4   0 0   1 1   2 2   3 3
170 256 4   0 0   1 1   2 2   3 3
170 240 4   0 0   1 1   2 2   3 3
170 173 4   0 0   1 1   2 2   3 3
171 272 4   0 0   1 1   2 2   3 3
171 219 4   0 0   1 1   2 2   3 3
171 302 4   0 0   1 1   2 2   3 3
172 294 4   0 0   1 1   2 2   3 3
172 249 4   0 0   1 1   2 2   3 3
172 345 4   0 0   1 1   2 2   3 3
172 363 4   0 0   1 1   2 2   3 3
173 256 4   0 0   1 1   2 2   3 3
174 224 4   0 0   1 1   2 2   3 3
174 369 4   0 0   1 1   2 2   3 3
174 305 4   0 0   1 1   2 2   3 3
174 357 4   0 0   1 1   2 2   3 3
174 233 4   0 0   1 1   2 2   3 3
174 378 4   0 0   1 1   2 2   3 3
175 337 4   0 0   1 1   2 2   3 3
175 374 4   0 0   1 1   2 2   3 3
176 354 4   0 0   1 1   2 2   3 3
176 335 4   0 0   1 1   2 2   3 3
177 371 4   0 0   1 1   2 2   3 3
177 277 4   0 0   1 1   2 2   3 3
178 338 4   0 0   1 1   2 2   3 3
178 267 4   0 0   1 1   2 2   3 3
178 316 4   0 0   1 1   2 2   3 3
179 368 4   0 0   1 1   2 2   3 3
179 229 4   0 0   1 1   2 2   3 3
179 266 4   0 0   1 1   2 2   3 3
179 334 4   0 0   1 1   2 2   3 3
180 184 4   0 0   1 1   2 2   3 3
180 298 4   0 0   1 1   2 2   3 3
180 319 4   0 0   1 1   2 2   3 3
181 192 4   0 0   1 1   2 2   3 3
181 304 4   0 0   1 1   2 2   3 3
181 385 4   0 0   1 1   2 2   3 3
181 194 4   0 0   1 1   2 2   3 3
181 311 4   0 0   1 1   2 2   3 3
181 204 4   0 0   1 1   2 2   3 3
181 287 4   0 0   1 1   2 2   3 3
182 211 4   0 0   1 1   2 2   3 3
182 264 4   0 0   1 1   2 2   3 3
182 329 4   0 0   1 1   2 2   3 3
182 185 4   0 0   1 1   2 2   3 3
183 241 4   0 0   1 1   2 2   3 3
183 214 4   0 0   1 1   2 2   3 3
183 375 4   0 0   1 1   2 2   3 3
183 312 4   0 0   1 1   2 2   3 3
183 252 4   0 0   1 1   2 2   3 3
184 319 4   0 0   1 1   2 2   3 3
185 352 4   0 0   1 1   2 2   3 3
185 211 4   0 0   1 1   2 2   3 3
185 264 4   0 0   1 1   2 2   3 3
185 238 4   0 0   1 1   2 2   3 3
186 301 4   0 0   1 1   2 2   3 3
187 339 4   0 0   1 1   2 2   3 3
187 190 4   0 0   1 1   2 2   3 3
188 207 4   0 0   1 1   2 2   3 3
189 344 4   0 0   1 1   2 2   3 3
189 238 4   0 0   1 1   2 2   3 3
190 339 4   0 0   1 1   2 2   3 3
190 362 4   0 0   1 1   2 2   3 3
191 336 4   0 0   1 1   2 2   3 3
191 346 4   0 0   1 1   2 2   3 3
191 347 4   0 0   1 1   2 2   3 3
192 262 4   0 0   1 1   2 2   3 3
192 311 4   0 0   1 1   2 2   3 3
193 227 4   0 0   1 1   2 2   3 3
193 360 4   0 0   1 1   2 2   3 3
194 311 4   0 0   1 1   2 2   3 3
194 287 4   0 0   1 1   2 2   3 3
195 207 4   0 0   1 1   2 2   3 3
196 321 4   0 0   1 1   2 2   3 3
196 260 4   0 0   1 1   2 2   3 3
196 316 4   0 0   1 1   2 2   3 3
197 210 4   0 0   1 1   2 2   3 3
197 275 4   0 0   1 1   2 2   3 3
197 362 4   0 0   1 1   2 2   3 3
198 224 4   0 0   1 1   2 2   3 3
198 323 4   0 0   1 1   2 2   3 3
198 341 4   0 0   1 1   2 2   3 3
198 220 4   0 0   1 1   2 2   3 3
198 350 4   0 0   1 1   2 2   3 3
199 373 4   0 0   1 1   2 2   3 3
199 201 4   0 0   1 1   2 2   3 3
199 319 4   0 0   1 1   2 2   3 3
200 212 4   0 0   1 1   2 2   3 3
200 280 4   0 0   1 1   2 2   3 3
200 349 4   0 0   1 1   2 2   3 3
201 274 4   0 0   1 1   2 2   3 3
201 370 4   0 0   1 1   2 2   3 3
201 373 4   0 0   1 1   2 2   3 3
202 384 4   0 0   1 1   2 2   3 3
202 278 4   0 0   1 1   2 2   3 3
203 373 4   0 0   1 1   2 2   3 3
203 364 4   0 0   1 1   2 2   3 3
204 385 4   0 0   1 1   2 2   3 3
204 284 4   0 0   1 1   2 2   3 3
204 287 4   0 0   1 1   2 2   3 3
205 208 4   0 0   1 1   2 2   3 3
205 291 4   0 0   1 1   2 2   3 3
205 342 4   0 0   1 1   2 2   3 3
205 218 4   0 0   1 1   2 2   3 3
206 263 4   0 0   1 1   2 2   3 3
206 217 4   0 0   1 1   2 2   3 3
208 342 4   0 0   1 1   2 2   3 3
208 295 4   0 0   1 1   2 2   3 3
208 250 4   0 0   1 1   2 2   3 3
208 218 4   0 0   1 1   2 2   3 3
209 320 4   0 0   1 1   2 2   3 3
209 378 4   0 0   1 1   2 2   3 3
209 237 4   0 0   1 1   2 2   3 3
210 336 4   0 0   1 1   2 2   3 3
210 216 4   0 0   1 1   2 2   3 3
210 362 4   0 0   1 1   2 2   3 3
210 286 4   0 0   1 1   2 2   3 3
210 239 4   0 0   1 1   2 2   3 3
211 352 4   0 0   1 1   2 2   3 3
211 329 4   0 0   1 1   2 2   3 3
212 325 4   0 0   1 1   2 2   3 3
212 349 4   0 0   1 1   2 2   3 3
213 322 4   0 0   1 1   2 2   3 3
213 245 4   0 0   1 1   2 2   3 3
213 325 4   0 0   1 1   2 2   3 3
214 375 4   0 0   1 1   2 2   3 3
215 261 4   0 0   1 1   2 2   3 3
215 382 4   0 0   1 1   2 2   3 3
216 308 4   0 0   1 1   2 2   3 3
216 362 4   0 0   1 1   2 2   3 3
217 263 4   0 0   1 1   2 2   3 3
218 371 4   0 0   1 1   2 2   3 3
218 295 4   0 0   1 1   2 2   3 3
219 360 4   0 0   1 1   2 2   3 3
221 276 4   0 0   1 1   2 2   3 3
221 310 4   0 0   1 1   2 2   3 3
222 376 4   0 0   1 1   2 2   3 3
222 346 4   0 0   1 1   2 2   3 3
222 347 4   0 0   1 1   2 2   3 3
223 374 4   0 0   1 1   2 2   3 3
223 327 4   0 0   1 1   2 2   3 3
223 367 4   0 0   1 1   2 2   3 3
223 383 4   0 0   1 1   2 2   3 3
224 357 4   0 0   1 1   2 2   3 3
226 275 4   0 0   1 1   2 2   3 3
226 315 4   0 0   1 1   2 2   3 3
227 360 4   0 0   1 1   2 2   3 3
227 335 4   0 0   1 1   2 2   3 3
228 368 4   0 0   1 1   2 2   3 3
228 247 4   0 0   1 1   2 2   3 3
228 334 4   0 0   1 1   2 2   3 3
229 266 4   0 0   1 1   2 2   3 3
229 381 4   0 0   1 1   2 2   3 3
229 334 4   0 0   1 1   2 2   3 3
230 248 4   0 0   1 1   2 2   3 3
231 307 4   0 0   1 1   2 2   3 3
231 335 4   0 0   1 1   2 2   3 3
232 320 4   0 0   1 1   2 2   3 3
232 234 4   0 0   1 1   2 2   3 3
234 322 4   0 0   1 1   2 2   3 3
234 246 4   0 0   1 1   2 2   3 3
234 265 4   0 0   1 1   2 2   3 3
234 237 4   0 0   1 1   2 2   3 3
235 259 4   0 0   1 1   2 2   3 3
235 296 4   0 0   1 1   2 2   3 3
235 249 4   0 0   1 1   2 2   3 3
235 345 4   0 0   1 1   2 2   3 3
237 246 4   0 0   1 1   2 2   3 3
237 378 4   0 0   1 1   2 2   3 3
238 352 4   0 0   1 1   2 2   3 3
238 264 4   0 0   1 1   2 2   3 3
238 344 4   0 0   1 1   2 2   3 3
239 337 4   0 0   1 1   2 2   3 3
240 281 4   0 0   1 1   2 2   3 3
241 338 4   0 0   1 1   2 2   3 3
241 312 4   0 0   1 1   2 2   3 3
241 252 4   0 0   1 1   2 2   3 3
242 339 4   0 0   1 1   2 2   3 3
242 293 4   0 0   1 1   2 2   3 3
242 328 4   0 0   1 1   2 2   3 3
242 253 4   0 0   1 1   2 2   3 3
243 293 4   0 0   1 1   2 2   3 3
244 280 4   0 0   1 1   2 2   3 3
244 302 4   0 0   1 1   2 2   3 3
245 368 4   0 0   1 1   2 2   3 3
245 325 4   0 0   1 1   2 2   3 3
245 310 4   0 0   1 1   2 2   3 3
246 265 4   0 0   1 1   2 2   3 3
247 340 4   0 0   1 1   2 2   3 3
249 345 4   0 0   1 1   2 2   3 3
249 303 4   0 0   1 1   2 2   3 3
250 342 4   0 0   1 1   2 2   3 3
250 295 4   0 0   1 1   2 2   3 3
250 254 4   0 0   1 1   2 2   3 3
251 365 4   0 0   1 1   2 2   3 3
252 306 4   0 0   1 1   2 2   3 3
252 338 4   0 0   1 1   2 2   3 3
253 339 4   0 0   1 1   2 2   3 3
253 328 4   0 0   1 1   2 2   3 3
254 295 4   0 0   1 1   2 2   3 3
255 273 4   0 0   1 1   2 2   3 3
255 358 4   0 0   1 1   2 2   3 3
255 343 4   0 0   1 1   2 2   3 3
257 324 4   0 0   1 1   2 2   3 3
257 271 4   0 0   1 1   2 2   3 3
258 353 4   0 0   1 1   2 2   3 3
258 266 4   0 0   1 1   2 2   3 3
259 296 4   0 0   1 1   2 2   3 3
260 321 4   0 0   1 1   2 2   3 3
260 355 4   0 0   1 1   2 2   3 3
260 292 4   0 0   1 1   2 2   3 3
260 316 4   0 0   1 1   2 2   3 3
261 385 4   0 0   1 1   2 2   3 3
261 341 4   0 0   1 1   2 2   3 3
262 278 4   0 0   1 1   2 2   3 3
262 311 4   0 0   1 1   2 2   3 3
262 297 4   0 0   1 1   2 2   3 3
262 270 4   0 0   1 1   2 2   3 3
263 313 4   0 0   1 1   2 2   3 3
263 285 4   0 0   1 1   2 2   3 3
265 322 4   0 0   1 1   2 2   3 3
265 325 4   0 0   1 1   2 2   3 3
266 353 4   0 0   1 1   2 2   3 3
266 276 4   0 0   1 1   2 2   3 3
267 338 4   0 0   1 1   2 2   3 3
267 312 4   0 0   1 1   2 2   3 3
267 316 4   0 0   1 1   2 2   3 3
268 309 4   0 0   1 1   2 2   3 3
268 361 4   0 0   1 1   2 2   3 3
268 331 4   0 0   1 1   2 2   3 3
268 351 4   0 0   1 1   2 2   3 3
269 288 4   0 0   1 1   2 2   3 3
269 321 4   0 0   1 1   2 2   3 3
269 326 4   0 0   1 1   2 2   3 3
269 329 4   0 0   1 1   2 2   3 3
270 304 4   0 0   1 1   2 2   3 3
270 278 4   0 0   1 1   2 2   3 3
270 299 4   0 0   1 1   2 2   3 3
271 324 4   0 0   1 1   2 2   3 3
271 314 4   0 0   1 1   2 2   3 3
271 379 4   0 0   1 1   2 2   3 3
271 285 4   0 0   1 1   2 2   3 3
271 367 4   0 0   1 1   2 2   3 3
272 307 4   0 0   1 1   2 2   3 3
272 302 4   0 0   1 1   2 2   3 3
273 358 4   0 0   1 1   2 2   3 3
273 316 4   0 0   1 1   2 2   3 3
274 370 4   0 0   1 1   2 2   3 3
274 373 4   0 0   1 1   2 2   3 3
274 364 4   0 0   1 1   2 2   3 3
274 348 4   0 0   1 1   2 2   3 3
275 362 4   0 0   1 1   2 2   3 3
276 310 4   0 0   1 1   2 2   3 3
277 371 4   0 0   1 1   2 2   3 3
278 384 4   0 0   1 1   2 2   3 3
278 299 4   0 0   1 1   2 2   3 3
279 312 4   0 0   1 1   2 2   3 3
279 300 4   0 0   1 1   2 2   3 3
281 348 4   0 0   1 1   2 2   3 3
282 358 4   0 0   1 1   2 2   3 3
282 333 4   0 0   1 1   2 2   3 3
283 320 4   0 0   1 1   2 2   3 3
283 289 4   0 0   1 1   2 2   3 3
284 305 4   0 0   1 1   2 2   3 3
284 369 4   0 0   1 1   2 2   3 3
284 287 4   0 0   1 1   2 2   3 3
285 359 4   0 0   1 1   2 2   3 3
285 313 4   0 0   1 1   2 2   3 3
285 314 4   0 0   1 1   2 2   3 3
286 336 4   0 0   1 1   2 2   3 3
286 356 4   0 0   1 1   2 2   3 3
287 369 4   0 0   1 1   2 2   3 3
288 296 4   0 0   1 1   2 2   3 3
289 320 4   0 0   1 1   2 2   3 3
289 306 4   0 0   1 1   2 2   3 3
289 372 4   0 0   1 1   2 2   3 3
290 315 4   0 0   1 1   2 2   3 3
290 332 4   0 0   1 1   2 2   3 3
291 342 4   0 0   1 1   2 2   3 3
292 321 4   0 0   1 1   2 2   3 3
292 355 4   0 0   1 1   2 2   3 3
294 298 4   0 0   1 1   2 2   3 3
294 363 4   0 0   1 1   2 2   3 3
297 311 4   0 0   1 1   2 2   3 3
297 318 4   0 0   1 1   2 2   3 3
298 319 4   0 0   1 1   2 2   3 3
299 304 4   0 0   1 1   2 2   3 3
299 384 4   0 0   1 1   2 2   3 3
299 382 4   0 0   1 1   2 2   3 3
300 355 4   0 0   1 1   2 2   3 3
300 312 4   0 0   1 1   2 2   3 3
303 319 4   0 0   1 1   2 2   3 3
304 385 4   0 0   1 1   2 2   3 3
305 369 4   0 0   1 1   2 2   3 3
305 357 4   0 0   1 1   2 2   3 3
308 362 4   0 0   1 1   2 2   3 3
309 361 4   0 0   1 1   2 2   3 3
310 368 4   0 0   1 1   2 2   3 3
311 318 4   0 0   1 1   2 2   3 3
312 338 4   0 0   1 1   2 2   3 3
312 375 4   0 0   1 1   2 2   3 3
313 359 4   0 0   1 1   2 2   3 3
314 359 4   0 0   1 1   2 2   3 3
314 367 4   0 0   1 1   2 2   3 3
315 332 4   0 0   1 1   2 2   3 3
315 317 4   0 0   1 1   2 2   3 3
317 353 4   0 0   1 1   2 2   3 3
317 332 4   0 0   1 1   2 2   3 3
320 372 4   0 0   1 1   2 2   3 3
321 326 4   0 0   1 1   2 2   3 3
321 329 4   0 0   1 1   2 2   3 3
322 325 4   0 0   1 1   2 2   3 3
324 379 4   0 0   1 1   2 2   3 3
327 374 4   0 0   1 1   2 2   3 3
327 359 4   0 0   1 1   2 2   3 3
327 367 4   0 0   1 1   2 2   3 3
328 339 4   0 0   1 1   2 2   3 3
330 365 4   0 0   1 1   2 2   3 3
331 361 4   0 0   1 1   2 2   3 3
332 353 4   0 0   1 1   2 2   3 3
333 358 4   0 0   1 1   2 2   3 3
333 345 4   0 0   1 1   2 2   3 3
333 363 4   0 0   1 1   2 2   3 3
334 368 4   0 0   1 1   2 2   3 3
334 381 4   0 0   1 1   2 2   3 3
336 376 4   0 0   1 1   2 2   3 3
336 346 4   0 0   1 1   2 2   3 3
340 349 4   0 0   1 1   2 2   3 3
341 350 4   0 0   1 1   2 2   3 3
343 358 4   0 0   1 1   2 2   3 3
344 352 4   0 0   1 1   2 2   3 3
345 363 4   0 0   1 1   2 2   3 3
346 376 4   0 0   1 1   2 2   3 3
346 347 4   0 0   1 1   2 2   3 3
348 370 4   0 0   1 1   2 2   3 3
353 386 4   0 0   1 1   2 2   3 3
356 361 4   0 0   1 1   2 2   3 3
359 367 4   0 0   1 1   2 2   3 3
364 373 4   0 0   1 1   2 2   3 3
366 381 4   0 0   1 1   2 2   3 3
367 379 4   0 0   1 1   2 2   3 3
369 378 4   0 0   1 1   2 2   3 3
373 380 4   0 0   1 1   2 2   3 3
374 383 4   0 0   1 1   2 2   3 3
377 380 4   0 0   1 1   2 2   3 3
379 381 4   0 0   1 1   2 2   3 3
381 386 4   0 0   1 1   2 2   3 3
382 384 4   0 0   1 1   2 2   3 3
