35
1 4 0 1 2 3
2 4 0 1 2 3
3 4 0 1 2 3
4 4 0 1 2 3
5 4 0 1 2 3
6 4 0 1 2 3
7 4 0 1 2 3
8 4 0 1 2 3
9 4 0 1 2 3
10 4 0 1 2 3
11 4 0 1 2 3
12 4 0 1 2 3
13 4 0 1 2 3
14 4 0 1 2 3
15 4 0 1 2 3
16 4 0 1 2 3
17 4 0 1 2 3
18 4 0 1 2 3
19 4 0 1 2 3
20 4 0 1 2 3
21 4 0 1 2 3
22 4 0 1 2 3
23 4 0 1 2 3
24 4 0 1 2 3
25 4 0 1 2 3
26 4 0 1 2 3
27 4 0 1 2 3
28 4 0 1 2 3
29 4 0 1 2 3
30 4 0 1 2 3
31 4 0 1 2 3
32 4 0 1 2 3
33 4 0 1 2 3
34 4 0 1 2 3
35 4 0 1 2 3
85
1 32 4   0 0   1 1   2 2   3 3
1 18 4   0 0   1 1   2 2   3 3
1 19 4   0 0   1 1   2 2   3 3
1 7 4   0 0   1 1   2 2   3 3
1 25 4   0 0   1 1   2 2   3 3
1 13 4   0 0   1 1   2 2   3 3
2 9 4   0 0   1 1   2 2   3 3
3 6 4   0 0   1 1   2 2   3 3
3 8 4   0 0   1 1   2 2   3 3
3 15 4   0 0   1 1   2 2   3 3
3 31 4   0 0   1 1   2 2   3 3
4 16 4   0 0   1 1   2 2   3 3
4 23 4   0 0   1 1   2 2   3 3
4 9 4   0 0   1 1   2 2   3 3
4 14 4   0 0   1 1   2 2   3 3
5 32 4   0 0   1 1   2 2   3 3
5 17 4   0 0   1 1   2 2   3 3
5 34 4   0 0   1 1   2 2   3 3
5 7 4   0 0   1 1   2 2   3 3
6 22 4   0 0   1 1   2 2   3 3
6 26 4   0 0   1 1   2 2   3 3
6 11 4   0 0   1 1   2 2   3 3
6 12 4   0 0   1 1   2 2   3 3
6 15 4   0 0   1 1   2 2   3 3
6 31 4   0 0   1 1   2 2   3 3
7 32 4   0 0   1 1   2 2   3 3
7 17 4   0 0   1 1   2 2   3 3
7 19 4   0 0   1 1   2 2   3 3
8 32 4   0 0   1 1   2 2   3 3
8 25 4   0 0   1 1   2 2   3 3
8 15 4   0 0   1 1   2 2   3 3
8 31 4   0 0   1 1   2 2   3 3
9 14 4   0 0   1 1   2 2   3 3
9 30 4   0 0   1 1   2 2   3 3
10 16 4   0 0   1 1   2 2   3 3
10 18 4   0 0   1 1   2 2   3 3
10 27 4   0 0   1 1   2 2   3 3
10 13 4   0 0   1 1   2 2   3 3
10 14 4   0 0   1 1   2 2   3 3
10 30 4   0 0   1 1   2 2   3 3
11 22 4   0 0   1 1   2 2   3 3
11 23 4   0 0   1 1   2 2   3 3
11 27 4   0 0   1 1   2 2   3 3
11 29 4   0 0   1 1   2 2   3 3
11 15 4   0 0   1 1   2 2   3 3
12 33 4   0 0   1 1   2 2   3 3
12 20 4   0 0   1 1   2 2   3 3
12 21 4   0 0   1 1   2 2   3 3
12 26 4   0 0   1 1   2 2   3 3
12 31 4   0 0   1 1   2 2   3 3
13 18 4   0 0   1 1   2 2   3 3
13 25 4   0 0   1 1   2 2   3 3
13 27 4   0 0   1 1   2 2   3 3
14 16 4   0 0   1 1   2 2   3 3
14 30 4   0 0   1 1   2 2   3 3
15 25 4   0 0   1 1   2 2   3 3
15 27 4   0 0   1 1   2 2   3 3
16 23 4   0 0   1 1   2 2   3 3
16 27 4   0 0   1 1   2 2   3 3
16 29 4   0 0   1 1   2 2   3 3
17 34 4   0 0   1 1   2 2   3 3
17 19 4   0 0   1 1   2 2   3 3
18 19 4   0 0   1 1   2 2   3 3
18 30 4   0 0   1 1   2 2   3 3
20 33 4   0 0   1 1   2 2   3 3
20 35 4   0 0   1 1   2 2   3 3
20 26 4   0 0   1 1   2 2   3 3
21 33 4   0 0   1 1   2 2   3 3
21 35 4   0 0   1 1   2 2   3 3
21 24 4   0 0   1 1   2 2   3 3
21 28 4   0 0   1 1   2 2   3 3
21 31 4   0 0   1 1   2 2   3 3
22 26 4   0 0   1 1   2 2   3 3
23 29 4   0 0   1 1   2 2   3 3
24 35 4   0 0   1 1   2 2   3 3
24 28 4   0 0   1 1   2 2   3 3
25 32 4   0 0   1 1   2 2   3 3
25 27 4   0 0   1 1   2 2   3 3
27 29 4   0 0   1 1   2 2   3 3
28 32 4   0 0   1 1   2 2   3 3
28 34 4   0 0   1 1   2 2   3 3
28 31 4   0 0   1 1   2 2   3 3
31 32 4   0 0   1 1   2 2   3 3
32 34 4   0 0   1 1   2 2   3 3
33 35 4   0 0   1 1   2 2   3 3
