340
1 4 0 1 2 3
2 4 0 1 2 3
3 4 0 1 2 3
4 4 0 1 2 3
5 4 0 1 2 3
6 4 0 1 2 3
7 4 0 1 2 3
8 4 0 1 2 3
9 4 0 1 2 3
10 4 0 1 2 3
11 4 0 1 2 3
12 4 0 1 2 3
13 4 0 1 2 3
14 4 0 1 2 3
15 4 0 1 2 3
16 4 0 1 2 3
17 4 0 1 2 3
18 4 0 1 2 3
19 4 0 1 2 3
20 4 0 1 2 3
21 4 0 1 2 3
22 4 0 1 2 3
23 4 0 1 2 3
24 4 0 1 2 3
25 4 0 1 2 3
26 4 0 1 2 3
27 4 0 1 2 3
28 4 0 1 2 3
29 4 0 1 2 3
30 4 0 1 2 3
31 4 0 1 2 3
32 4 0 1 2 3
33 4 0 1 2 3
34 4 0 1 2 3
35 4 0 1 2 3
36 4 0 1 2 3
37 4 0 1 2 3
38 4 0 1 2 3
39 4 0 1 2 3
40 4 0 1 2 3
41 4 0 1 2 3
42 4 0 1 2 3
43 4 0 1 2 3
44 4 0 1 2 3
45 4 0 1 2 3
46 4 0 1 2 3
47 4 0 1 2 3
48 4 0 1 2 3
49 4 0 1 2 3
50 4 0 1 2 3
51 4 0 1 2 3
52 4 0 1 2 3
53 4 0 1 2 3
54 4 0 1 2 3
55 4 0 1 2 3
56 4 0 1 2 3
57 4 0 1 2 3
58 4 0 1 2 3
59 4 0 1 2 3
60 4 0 1 2 3
61 4 0 1 2 3
62 4 0 1 2 3
63 4 0 1 2 3
64 4 0 1 2 3
65 4 0 1 2 3
66 4 0 1 2 3
67 4 0 1 2 3
68 4 0 1 2 3
69 4 0 1 2 3
70 4 0 1 2 3
71 4 0 1 2 3
72 4 0 1 2 3
73 4 0 1 2 3
74 4 0 1 2 3
75 4 0 1 2 3
76 4 0 1 2 3
77 4 0 1 2 3
78 4 0 1 2 3
79 4 0 1 2 3
80 4 0 1 2 3
81 4 0 1 2 3
82 4 0 1 2 3
83 4 0 1 2 3
84 4 0 1 2 3
85 4 0 1 2 3
86 4 0 1 2 3
87 4 0 1 2 3
88 4 0 1 2 3
89 4 0 1 2 3
90 4 0 1 2 3
91 4 0 1 2 3
92 4 0 1 2 3
93 4 0 1 2 3
94 4 0 1 2 3
95 4 0 1 2 3
96 4 0 1 2 3
97 4 0 1 2 3
98 4 0 1 2 3
99 4 0 1 2 3
100 4 0 1 2 3
101 4 0 1 2 3
102 4 0 1 2 3
103 4 0 1 2 3
104 4 0 1 2 3
105 4 0 1 2 3
106 4 0 1 2 3
107 4 0 1 2 3
108 4 0 1 2 3
109 4 0 1 2 3
110 4 0 1 2 3
111 4 0 1 2 3
112 4 0 1 2 3
113 4 0 1 2 3
114 4 0 1 2 3
115 4 0 1 2 3
116 4 0 1 2 3
117 4 0 1 2 3
118 4 0 1 2 3
119 4 0 1 2 3
120 4 0 1 2 3
121 4 0 1 2 3
122 4 0 1 2 3
123 4 0 1 2 3
124 4 0 1 2 3
125 4 0 1 2 3
126 4 0 1 2 3
127 4 0 1 2 3
128 4 0 1 2 3
129 4 0 1 2 3
130 4 0 1 2 3
131 4 0 1 2 3
132 4 0 1 2 3
133 4 0 1 2 3
134 4 0 1 2 3
135 4 0 1 2 3
136 4 0 1 2 3
137 4 0 1 2 3
138 4 0 1 2 3
139 4 0 1 2 3
140 4 0 1 2 3
141 4 0 1 2 3
142 4 0 1 2 3
143 4 0 1 2 3
144 4 0 1 2 3
145 4 0 1 2 3
146 4 0 1 2 3
147 4 0 1 2 3
148 4 0 1 2 3
149 4 0 1 2 3
150 4 0 1 2 3
151 4 0 1 2 3
152 4 0 1 2 3
153 4 0 1 2 3
154 4 0 1 2 3
155 4 0 1 2 3
156 4 0 1 2 3
157 4 0 1 2 3
158 4 0 1 2 3
159 4 0 1 2 3
160 4 0 1 2 3
161 4 0 1 2 3
162 4 0 1 2 3
163 4 0 1 2 3
164 4 0 1 2 3
165 4 0 1 2 3
166 4 0 1 2 3
167 4 0 1 2 3
168 4 0 1 2 3
169 4 0 1 2 3
170 4 0 1 2 3
171 4 0 1 2 3
172 4 0 1 2 3
173 4 0 1 2 3
174 4 0 1 2 3
175 4 0 1 2 3
176 4 0 1 2 3
177 4 0 1 2 3
178 4 0 1 2 3
179 4 0 1 2 3
180 4 0 1 2 3
181 4 0 1 2 3
182 4 0 1 2 3
183 4 0 1 2 3
184 4 0 1 2 3
185 4 0 1 2 3
186 4 0 1 2 3
187 4 0 1 2 3
188 4 0 1 2 3
189 4 0 1 2 3
190 4 0 1 2 3
191 4 0 1 2 3
192 4 0 1 2 3
193 4 0 1 2 3
194 4 0 1 2 3
195 4 0 1 2 3
196 4 0 1 2 3
197 4 0 1 2 3
198 4 0 1 2 3
199 4 0 1 2 3
200 4 0 1 2 3
201 4 0 1 2 3
202 4 0 1 2 3
203 4 0 1 2 3
204 4 0 1 2 3
205 4 0 1 2 3
206 4 0 1 2 3
207 4 0 1 2 3
208 4 0 1 2 3
209 4 0 1 2 3
210 4 0 1 2 3
211 4 0 1 2 3
212 4 0 1 2 3
213 4 0 1 2 3
214 4 0 1 2 3
215 4 0 1 2 3
216 4 0 1 2 3
217 4 0 1 2 3
218 4 0 1 2 3
219 4 0 1 2 3
220 4 0 1 2 3
221 4 0 1 2 3
222 4 0 1 2 3
223 4 0 1 2 3
224 4 0 1 2 3
225 4 0 1 2 3
226 4 0 1 2 3
227 4 0 1 2 3
228 4 0 1 2 3
229 4 0 1 2 3
230 4 0 1 2 3
231 4 0 1 2 3
232 4 0 1 2 3
233 4 0 1 2 3
234 4 0 1 2 3
235 4 0 1 2 3
236 4 0 1 2 3
237 4 0 1 2 3
238 4 0 1 2 3
239 4 0 1 2 3
240 4 0 1 2 3
241 4 0 1 2 3
242 4 0 1 2 3
243 4 0 1 2 3
244 4 0 1 2 3
245 4 0 1 2 3
246 4 0 1 2 3
247 4 0 1 2 3
248 4 0 1 2 3
249 4 0 1 2 3
250 4 0 1 2 3
251 4 0 1 2 3
252 4 0 1 2 3
253 4 0 1 2 3
254 4 0 1 2 3
255 4 0 1 2 3
256 4 0 1 2 3
257 4 0 1 2 3
258 4 0 1 2 3
259 4 0 1 2 3
260 4 0 1 2 3
261 4 0 1 2 3
262 4 0 1 2 3
263 4 0 1 2 3
264 4 0 1 2 3
265 4 0 1 2 3
266 4 0 1 2 3
267 4 0 1 2 3
268 4 0 1 2 3
269 4 0 1 2 3
270 4 0 1 2 3
271 4 0 1 2 3
272 4 0 1 2 3
273 4 0 1 2 3
274 4 0 1 2 3
275 4 0 1 2 3
276 4 0 1 2 3
277 4 0 1 2 3
278 4 0 1 2 3
279 4 0 1 2 3
280 4 0 1 2 3
281 4 0 1 2 3
282 4 0 1 2 3
283 4 0 1 2 3
284 4 0 1 2 3
285 4 0 1 2 3
286 4 0 1 2 3
287 4 0 1 2 3
288 4 0 1 2 3
289 4 0 1 2 3
290 4 0 1 2 3
291 4 0 1 2 3
292 4 0 1 2 3
293 4 0 1 2 3
294 4 0 1 2 3
295 4 0 1 2 3
296 4 0 1 2 3
297 4 0 1 2 3
298 4 0 1 2 3
299 4 0 1 2 3
300 4 0 1 2 3
301 4 0 1 2 3
302 4 0 1 2 3
303 4 0 1 2 3
304 4 0 1 2 3
305 4 0 1 2 3
306 4 0 1 2 3
307 4 0 1 2 3
308 4 0 1 2 3
309 4 0 1 2 3
310 4 0 1 2 3
311 4 0 1 2 3
312 4 0 1 2 3
313 4 0 1 2 3
314 4 0 1 2 3
315 4 0 1 2 3
316 4 0 1 2 3
317 4 0 1 2 3
318 4 0 1 2 3
319 4 0 1 2 3
320 4 0 1 2 3
321 4 0 1 2 3
322 4 0 1 2 3
323 4 0 1 2 3
324 4 0 1 2 3
325 4 0 1 2 3
326 4 0 1 2 3
327 4 0 1 2 3
328 4 0 1 2 3
329 4 0 1 2 3
330 4 0 1 2 3
331 4 0 1 2 3
332 4 0 1 2 3
333 4 0 1 2 3
334 4 0 1 2 3
335 4 0 1 2 3
336 4 0 1 2 3
337 4 0 1 2 3
338 4 0 1 2 3
339 4 0 1 2 3
340 4 0 1 2 3
962
1 97 4   0 0   1 1   2 2   3 3
1 52 4   0 0   1 1   2 2   3 3
1 101 4   0 0   1 1   2 2   3 3
1 293 4   0 0   1 1   2 2   3 3
1 301 4   0 0   1 1   2 2   3 3
1 270 4   0 0   1 1   2 2   3 3
1 286 4   0 0   1 1   2 2   3 3
2 99 4   0 0   1 1   2 2   3 3
2 311 4   0 0   1 1   2 2   3 3
2 331 4   0 0   1 1   2 2   3 3
2 171 4   0 0   1 1   2 2   3 3
3 147 4   0 0   1 1   2 2   3 3
3 131 4   0 0   1 1   2 2   3 3
3 245 4   0 0   1 1   2 2   3 3
3 39 4   0 0   1 1   2 2   3 3
3 283 4   0 0   1 1   2 2   3 3
3 14 4   0 0   1 1   2 2   3 3
4 17 4   0 0   1 1   2 2   3 3
4 66 4   0 0   1 1   2 2   3 3
4 114 4   0 0   1 1   2 2   3 3
4 35 4   0 0   1 1   2 2   3 3
4 311 4   0 0   1 1   2 2   3 3
4 12 4   0 0   1 1   2 2   3 3
5 288 4   0 0   1 1   2 2   3 3
5 305 4   0 0   1 1   2 2   3 3
5 295 4   0 0   1 1   2 2   3 3
5 185 4   0 0   1 1   2 2   3 3
5 331 4   0 0   1 1   2 2   3 3
5 223 4   0 0   1 1   2 2   3 3
6 265 4   0 0   1 1   2 2   3 3
6 186 4   0 0   1 1   2 2   3 3
7 90 4   0 0   1 1   2 2   3 3
7 251 4   0 0   1 1   2 2   3 3
7 204 4   0 0   1 1   2 2   3 3
7 29 4   0 0   1 1   2 2   3 3
7 79 4   0 0   1 1   2 2   3 3
8 256 4   0 0   1 1   2 2   3 3
8 162 4   0 0   1 1   2 2   3 3
8 263 4   0 0   1 1   2 2   3 3
8 264 4   0 0   1 1   2 2   3 3
8 24 4   0 0   1 1   2 2   3 3
8 300 4   0 0   1 1   2 2   3 3
8 238 4   0 0   1 1   2 2   3 3
9 32 4   0 0   1 1   2 2   3 3
9 179 4   0 0   1 1   2 2   3 3
9 280 4   0 0   1 1   2 2   3 3
9 265 4   0 0   1 1   2 2   3 3
9 186 4   0 0   1 1   2 2   3 3
9 170 4   0 0   1 1   2 2   3 3
9 62 4   0 0   1 1   2 2   3 3
10 112 4   0 0   1 1   2 2   3 3
10 304 4   0 0   1 1   2 2   3 3
10 136 4   0 0   1 1   2 2   3 3
10 73 4   0 0   1 1   2 2   3 3
10 143 4   0 0   1 1   2 2   3 3
11 170 4   0 0   1 1   2 2   3 3
11 42 4   0 0   1 1   2 2   3 3
11 62 4   0 0   1 1   2 2   3 3
12 16 4   0 0   1 1   2 2   3 3
12 17 4   0 0   1 1   2 2   3 3
12 322 4   0 0   1 1   2 2   3 3
12 35 4   0 0   1 1   2 2   3 3
12 287 4   0 0   1 1   2 2   3 3
13 257 4   0 0   1 1   2 2   3 3
13 180 4   0 0   1 1   2 2   3 3
13 182 4   0 0   1 1   2 2   3 3
13 174 4   0 0   1 1   2 2   3 3
13 302 4   0 0   1 1   2 2   3 3
13 191 4   0 0   1 1   2 2   3 3
14 256 4   0 0   1 1   2 2   3 3
14 245 4   0 0   1 1   2 2   3 3
14 39 4   0 0   1 1   2 2   3 3
14 215 4   0 0   1 1   2 2   3 3
14 139 4   0 0   1 1   2 2   3 3
15 50 4   0 0   1 1   2 2   3 3
15 54 4   0 0   1 1   2 2   3 3
15 301 4   0 0   1 1   2 2   3 3
15 141 4   0 0   1 1   2 2   3 3
15 61 4   0 0   1 1   2 2   3 3
16 17 4   0 0   1 1   2 2   3 3
16 322 4   0 0   1 1   2 2   3 3
16 326 4   0 0   1 1   2 2   3 3
16 264 4   0 0   1 1   2 2   3 3
16 218 4   0 0   1 1   2 2   3 3
16 159 4   0 0   1 1   2 2   3 3
17 66 4   0 0   1 1   2 2   3 3
17 218 4   0 0   1 1   2 2   3 3
17 63 4   0 0   1 1   2 2   3 3
18 196 4   0 0   1 1   2 2   3 3
18 198 4   0 0   1 1   2 2   3 3
18 25 4   0 0   1 1   2 2   3 3
19 309 4   0 0   1 1   2 2   3 3
19 183 4   0 0   1 1   2 2   3 3
19 168 4   0 0   1 1   2 2   3 3
19 172 4   0 0   1 1   2 2   3 3
19 254 4   0 0   1 1   2 2   3 3
19 190 4   0 0   1 1   2 2   3 3
20 48 4   0 0   1 1   2 2   3 3
20 81 4   0 0   1 1   2 2   3 3
20 275 4   0 0   1 1   2 2   3 3
20 37 4   0 0   1 1   2 2   3 3
20 29 4   0 0   1 1   2 2   3 3
21 280 4   0 0   1 1   2 2   3 3
21 186 4   0 0   1 1   2 2   3 3
21 250 4   0 0   1 1   2 2   3 3
21 108 4   0 0   1 1   2 2   3 3
22 161 4   0 0   1 1   2 2   3 3
22 164 4   0 0   1 1   2 2   3 3
22 181 4   0 0   1 1   2 2   3 3
22 76 4   0 0   1 1   2 2   3 3
23 228 4   0 0   1 1   2 2   3 3
23 165 4   0 0   1 1   2 2   3 3
23 229 4   0 0   1 1   2 2   3 3
23 202 4   0 0   1 1   2 2   3 3
23 46 4   0 0   1 1   2 2   3 3
24 67 4   0 0   1 1   2 2   3 3
24 244 4   0 0   1 1   2 2   3 3
24 263 4   0 0   1 1   2 2   3 3
24 279 4   0 0   1 1   2 2   3 3
24 107 4   0 0   1 1   2 2   3 3
24 299 4   0 0   1 1   2 2   3 3
24 300 4   0 0   1 1   2 2   3 3
25 274 4   0 0   1 1   2 2   3 3
25 194 4   0 0   1 1   2 2   3 3
25 196 4   0 0   1 1   2 2   3 3
25 198 4   0 0   1 1   2 2   3 3
25 38 4   0 0   1 1   2 2   3 3
25 106 4   0 0   1 1   2 2   3 3
25 316 4   0 0   1 1   2 2   3 3
25 173 4   0 0   1 1   2 2   3 3
26 289 4   0 0   1 1   2 2   3 3
26 211 4   0 0   1 1   2 2   3 3
26 228 4   0 0   1 1   2 2   3 3
26 70 4   0 0   1 1   2 2   3 3
26 89 4   0 0   1 1   2 2   3 3
26 46 4   0 0   1 1   2 2   3 3
27 144 4   0 0   1 1   2 2   3 3
27 310 4   0 0   1 1   2 2   3 3
27 296 4   0 0   1 1   2 2   3 3
28 160 4   0 0   1 1   2 2   3 3
28 339 4   0 0   1 1   2 2   3 3
28 149 4   0 0   1 1   2 2   3 3
28 262 4   0 0   1 1   2 2   3 3
28 104 4   0 0   1 1   2 2   3 3
28 91 4   0 0   1 1   2 2   3 3
29 48 4   0 0   1 1   2 2   3 3
29 226 4   0 0   1 1   2 2   3 3
29 275 4   0 0   1 1   2 2   3 3
29 74 4   0 0   1 1   2 2   3 3
29 90 4   0 0   1 1   2 2   3 3
29 204 4   0 0   1 1   2 2   3 3
29 142 4   0 0   1 1   2 2   3 3
30 224 4   0 0   1 1   2 2   3 3
30 129 4   0 0   1 1   2 2   3 3
30 307 4   0 0   1 1   2 2   3 3
30 126 4   0 0   1 1   2 2   3 3
30 95 4   0 0   1 1   2 2   3 3
31 208 4   0 0   1 1   2 2   3 3
31 34 4   0 0   1 1   2 2   3 3
31 243 4   0 0   1 1   2 2   3 3
31 309 4   0 0   1 1   2 2   3 3
31 172 4   0 0   1 1   2 2   3 3
31 141 4   0 0   1 1   2 2   3 3
32 179 4   0 0   1 1   2 2   3 3
32 195 4   0 0   1 1   2 2   3 3
32 325 4   0 0   1 1   2 2   3 3
32 327 4   0 0   1 1   2 2   3 3
32 280 4   0 0   1 1   2 2   3 3
32 250 4   0 0   1 1   2 2   3 3
33 242 4   0 0   1 1   2 2   3 3
33 131 4   0 0   1 1   2 2   3 3
33 68 4   0 0   1 1   2 2   3 3
33 87 4   0 0   1 1   2 2   3 3
33 283 4   0 0   1 1   2 2   3 3
34 208 4   0 0   1 1   2 2   3 3
34 243 4   0 0   1 1   2 2   3 3
34 181 4   0 0   1 1   2 2   3 3
34 76 4   0 0   1 1   2 2   3 3
34 47 4   0 0   1 1   2 2   3 3
35 311 4   0 0   1 1   2 2   3 3
35 287 4   0 0   1 1   2 2   3 3
36 320 4   0 0   1 1   2 2   3 3
36 258 4   0 0   1 1   2 2   3 3
36 274 4   0 0   1 1   2 2   3 3
36 100 4   0 0   1 1   2 2   3 3
36 106 4   0 0   1 1   2 2   3 3
37 81 4   0 0   1 1   2 2   3 3
37 275 4   0 0   1 1   2 2   3 3
37 200 4   0 0   1 1   2 2   3 3
37 41 4   0 0   1 1   2 2   3 3
37 43 4   0 0   1 1   2 2   3 3
37 125 4   0 0   1 1   2 2   3 3
37 110 4   0 0   1 1   2 2   3 3
38 194 4   0 0   1 1   2 2   3 3
38 227 4   0 0   1 1   2 2   3 3
38 260 4   0 0   1 1   2 2   3 3
38 55 4   0 0   1 1   2 2   3 3
38 122 4   0 0   1 1   2 2   3 3
38 316 4   0 0   1 1   2 2   3 3
38 140 4   0 0   1 1   2 2   3 3
39 131 4   0 0   1 1   2 2   3 3
39 215 4   0 0   1 1   2 2   3 3
39 271 4   0 0   1 1   2 2   3 3
40 260 4   0 0   1 1   2 2   3 3
40 158 4   0 0   1 1   2 2   3 3
41 257 4   0 0   1 1   2 2   3 3
41 120 4   0 0   1 1   2 2   3 3
41 43 4   0 0   1 1   2 2   3 3
41 125 4   0 0   1 1   2 2   3 3
41 174 4   0 0   1 1   2 2   3 3
42 144 4   0 0   1 1   2 2   3 3
42 86 4   0 0   1 1   2 2   3 3
42 170 4   0 0   1 1   2 2   3 3
43 290 4   0 0   1 1   2 2   3 3
43 56 4   0 0   1 1   2 2   3 3
43 120 4   0 0   1 1   2 2   3 3
43 92 4   0 0   1 1   2 2   3 3
43 110 4   0 0   1 1   2 2   3 3
44 115 4   0 0   1 1   2 2   3 3
44 132 4   0 0   1 1   2 2   3 3
44 85 4   0 0   1 1   2 2   3 3
44 277 4   0 0   1 1   2 2   3 3
44 93 4   0 0   1 1   2 2   3 3
45 277 4   0 0   1 1   2 2   3 3
45 294 4   0 0   1 1   2 2   3 3
45 329 4   0 0   1 1   2 2   3 3
45 58 4   0 0   1 1   2 2   3 3
46 304 4   0 0   1 1   2 2   3 3
46 228 4   0 0   1 1   2 2   3 3
46 165 4   0 0   1 1   2 2   3 3
46 70 4   0 0   1 1   2 2   3 3
47 177 4   0 0   1 1   2 2   3 3
47 243 4   0 0   1 1   2 2   3 3
47 76 4   0 0   1 1   2 2   3 3
48 81 4   0 0   1 1   2 2   3 3
48 83 4   0 0   1 1   2 2   3 3
48 142 4   0 0   1 1   2 2   3 3
49 181 4   0 0   1 1   2 2   3 3
49 124 4   0 0   1 1   2 2   3 3
49 301 4   0 0   1 1   2 2   3 3
49 333 4   0 0   1 1   2 2   3 3
49 286 4   0 0   1 1   2 2   3 3
49 303 4   0 0   1 1   2 2   3 3
50 328 4   0 0   1 1   2 2   3 3
50 313 4   0 0   1 1   2 2   3 3
50 172 4   0 0   1 1   2 2   3 3
50 301 4   0 0   1 1   2 2   3 3
50 141 4   0 0   1 1   2 2   3 3
51 339 4   0 0   1 1   2 2   3 3
51 244 4   0 0   1 1   2 2   3 3
51 287 4   0 0   1 1   2 2   3 3
52 209 4   0 0   1 1   2 2   3 3
52 328 4   0 0   1 1   2 2   3 3
52 301 4   0 0   1 1   2 2   3 3
52 78 4   0 0   1 1   2 2   3 3
52 270 4   0 0   1 1   2 2   3 3
53 164 4   0 0   1 1   2 2   3 3
53 69 4   0 0   1 1   2 2   3 3
53 71 4   0 0   1 1   2 2   3 3
53 234 4   0 0   1 1   2 2   3 3
53 124 4   0 0   1 1   2 2   3 3
53 109 4   0 0   1 1   2 2   3 3
54 208 4   0 0   1 1   2 2   3 3
54 181 4   0 0   1 1   2 2   3 3
54 61 4   0 0   1 1   2 2   3 3
54 141 4   0 0   1 1   2 2   3 3
54 303 4   0 0   1 1   2 2   3 3
55 193 4   0 0   1 1   2 2   3 3
55 84 4   0 0   1 1   2 2   3 3
55 100 4   0 0   1 1   2 2   3 3
55 75 4   0 0   1 1   2 2   3 3
55 316 4   0 0   1 1   2 2   3 3
55 317 4   0 0   1 1   2 2   3 3
56 273 4   0 0   1 1   2 2   3 3
56 290 4   0 0   1 1   2 2   3 3
56 215 4   0 0   1 1   2 2   3 3
56 110 4   0 0   1 1   2 2   3 3
57 120 4   0 0   1 1   2 2   3 3
57 155 4   0 0   1 1   2 2   3 3
57 92 4   0 0   1 1   2 2   3 3
58 132 4   0 0   1 1   2 2   3 3
58 277 4   0 0   1 1   2 2   3 3
58 329 4   0 0   1 1   2 2   3 3
59 272 4   0 0   1 1   2 2   3 3
59 241 4   0 0   1 1   2 2   3 3
59 295 4   0 0   1 1   2 2   3 3
59 152 4   0 0   1 1   2 2   3 3
59 154 4   0 0   1 1   2 2   3 3
59 77 4   0 0   1 1   2 2   3 3
60 289 4   0 0   1 1   2 2   3 3
60 210 4   0 0   1 1   2 2   3 3
60 72 4   0 0   1 1   2 2   3 3
60 89 4   0 0   1 1   2 2   3 3
60 154 4   0 0   1 1   2 2   3 3
60 77 4   0 0   1 1   2 2   3 3
61 301 4   0 0   1 1   2 2   3 3
61 303 4   0 0   1 1   2 2   3 3
62 265 4   0 0   1 1   2 2   3 3
62 170 4   0 0   1 1   2 2   3 3
63 80 4   0 0   1 1   2 2   3 3
63 176 4   0 0   1 1   2 2   3 3
63 66 4   0 0   1 1   2 2   3 3
63 218 4   0 0   1 1   2 2   3 3
64 240 4   0 0   1 1   2 2   3 3
64 98 4   0 0   1 1   2 2   3 3
64 210 4   0 0   1 1   2 2   3 3
64 134 4   0 0   1 1   2 2   3 3
64 278 4   0 0   1 1   2 2   3 3
64 139 4   0 0   1 1   2 2   3 3
64 221 4   0 0   1 1   2 2   3 3
64 285 4   0 0   1 1   2 2   3 3
65 97 4   0 0   1 1   2 2   3 3
65 101 4   0 0   1 1   2 2   3 3
65 278 4   0 0   1 1   2 2   3 3
65 332 4   0 0   1 1   2 2   3 3
65 285 4   0 0   1 1   2 2   3 3
66 80 4   0 0   1 1   2 2   3 3
66 114 4   0 0   1 1   2 2   3 3
66 171 4   0 0   1 1   2 2   3 3
67 200 4   0 0   1 1   2 2   3 3
67 104 4   0 0   1 1   2 2   3 3
67 299 4   0 0   1 1   2 2   3 3
67 91 4   0 0   1 1   2 2   3 3
67 300 4   0 0   1 1   2 2   3 3
67 239 4   0 0   1 1   2 2   3 3
68 242 4   0 0   1 1   2 2   3 3
68 131 4   0 0   1 1   2 2   3 3
68 276 4   0 0   1 1   2 2   3 3
68 271 4   0 0   1 1   2 2   3 3
69 161 4   0 0   1 1   2 2   3 3
69 307 4   0 0   1 1   2 2   3 3
69 164 4   0 0   1 1   2 2   3 3
69 234 4   0 0   1 1   2 2   3 3
69 95 4   0 0   1 1   2 2   3 3
70 304 4   0 0   1 1   2 2   3 3
70 211 4   0 0   1 1   2 2   3 3
70 237 4   0 0   1 1   2 2   3 3
71 242 4   0 0   1 1   2 2   3 3
71 340 4   0 0   1 1   2 2   3 3
71 276 4   0 0   1 1   2 2   3 3
71 166 4   0 0   1 1   2 2   3 3
71 87 4   0 0   1 1   2 2   3 3
71 184 4   0 0   1 1   2 2   3 3
71 124 4   0 0   1 1   2 2   3 3
71 333 4   0 0   1 1   2 2   3 3
71 109 4   0 0   1 1   2 2   3 3
72 96 4   0 0   1 1   2 2   3 3
72 228 4   0 0   1 1   2 2   3 3
72 89 4   0 0   1 1   2 2   3 3
72 77 4   0 0   1 1   2 2   3 3
73 112 4   0 0   1 1   2 2   3 3
73 136 4   0 0   1 1   2 2   3 3
73 282 4   0 0   1 1   2 2   3 3
73 143 4   0 0   1 1   2 2   3 3
74 88 4   0 0   1 1   2 2   3 3
74 90 4   0 0   1 1   2 2   3 3
74 142 4   0 0   1 1   2 2   3 3
74 79 4   0 0   1 1   2 2   3 3
75 212 4   0 0   1 1   2 2   3 3
75 100 4   0 0   1 1   2 2   3 3
75 84 4   0 0   1 1   2 2   3 3
75 235 4   0 0   1 1   2 2   3 3
76 161 4   0 0   1 1   2 2   3 3
76 177 4   0 0   1 1   2 2   3 3
77 96 4   0 0   1 1   2 2   3 3
77 241 4   0 0   1 1   2 2   3 3
77 230 4   0 0   1 1   2 2   3 3
77 154 4   0 0   1 1   2 2   3 3
78 128 4   0 0   1 1   2 2   3 3
78 209 4   0 0   1 1   2 2   3 3
78 328 4   0 0   1 1   2 2   3 3
78 318 4   0 0   1 1   2 2   3 3
79 90 4   0 0   1 1   2 2   3 3
79 251 4   0 0   1 1   2 2   3 3
80 272 4   0 0   1 1   2 2   3 3
80 176 4   0 0   1 1   2 2   3 3
80 259 4   0 0   1 1   2 2   3 3
80 99 4   0 0   1 1   2 2   3 3
80 171 4   0 0   1 1   2 2   3 3
81 83 4   0 0   1 1   2 2   3 3
81 324 4   0 0   1 1   2 2   3 3
81 246 4   0 0   1 1   2 2   3 3
81 200 4   0 0   1 1   2 2   3 3
82 180 4   0 0   1 1   2 2   3 3
82 213 4   0 0   1 1   2 2   3 3
82 214 4   0 0   1 1   2 2   3 3
82 94 4   0 0   1 1   2 2   3 3
83 160 4   0 0   1 1   2 2   3 3
83 324 4   0 0   1 1   2 2   3 3
83 262 4   0 0   1 1   2 2   3 3
83 88 4   0 0   1 1   2 2   3 3
83 142 4   0 0   1 1   2 2   3 3
84 193 4   0 0   1 1   2 2   3 3
84 235 4   0 0   1 1   2 2   3 3
85 337 4   0 0   1 1   2 2   3 3
85 113 4   0 0   1 1   2 2   3 3
85 115 4   0 0   1 1   2 2   3 3
85 312 4   0 0   1 1   2 2   3 3
85 269 4   0 0   1 1   2 2   3 3
85 93 4   0 0   1 1   2 2   3 3
86 144 4   0 0   1 1   2 2   3 3
86 321 4   0 0   1 1   2 2   3 3
86 325 4   0 0   1 1   2 2   3 3
86 103 4   0 0   1 1   2 2   3 3
86 169 4   0 0   1 1   2 2   3 3
86 170 4   0 0   1 1   2 2   3 3
87 242 4   0 0   1 1   2 2   3 3
87 197 4   0 0   1 1   2 2   3 3
87 283 4   0 0   1 1   2 2   3 3
87 333 4   0 0   1 1   2 2   3 3
88 160 4   0 0   1 1   2 2   3 3
88 142 4   0 0   1 1   2 2   3 3
89 289 4   0 0   1 1   2 2   3 3
89 228 4   0 0   1 1   2 2   3 3
91 339 4   0 0   1 1   2 2   3 3
91 104 4   0 0   1 1   2 2   3 3
91 299 4   0 0   1 1   2 2   3 3
92 290 4   0 0   1 1   2 2   3 3
92 338 4   0 0   1 1   2 2   3 3
92 178 4   0 0   1 1   2 2   3 3
92 276 4   0 0   1 1   2 2   3 3
92 120 4   0 0   1 1   2 2   3 3
92 155 4   0 0   1 1   2 2   3 3
93 148 4   0 0   1 1   2 2   3 3
93 132 4   0 0   1 1   2 2   3 3
93 297 4   0 0   1 1   2 2   3 3
93 269 4   0 0   1 1   2 2   3 3
94 180 4   0 0   1 1   2 2   3 3
94 182 4   0 0   1 1   2 2   3 3
94 214 4   0 0   1 1   2 2   3 3
95 161 4   0 0   1 1   2 2   3 3
95 129 4   0 0   1 1   2 2   3 3
95 163 4   0 0   1 1   2 2   3 3
95 307 4   0 0   1 1   2 2   3 3
95 118 4   0 0   1 1   2 2   3 3
96 228 4   0 0   1 1   2 2   3 3
96 151 4   0 0   1 1   2 2   3 3
96 217 4   0 0   1 1   2 2   3 3
97 101 4   0 0   1 1   2 2   3 3
97 293 4   0 0   1 1   2 2   3 3
97 278 4   0 0   1 1   2 2   3 3
97 135 4   0 0   1 1   2 2   3 3
98 240 4   0 0   1 1   2 2   3 3
98 245 4   0 0   1 1   2 2   3 3
98 139 4   0 0   1 1   2 2   3 3
99 288 4   0 0   1 1   2 2   3 3
99 259 4   0 0   1 1   2 2   3 3
99 331 4   0 0   1 1   2 2   3 3
99 171 4   0 0   1 1   2 2   3 3
100 320 4   0 0   1 1   2 2   3 3
100 212 4   0 0   1 1   2 2   3 3
100 121 4   0 0   1 1   2 2   3 3
100 106 4   0 0   1 1   2 2   3 3
100 188 4   0 0   1 1   2 2   3 3
100 316 4   0 0   1 1   2 2   3 3
100 206 4   0 0   1 1   2 2   3 3
101 128 4   0 0   1 1   2 2   3 3
101 150 4   0 0   1 1   2 2   3 3
101 332 4   0 0   1 1   2 2   3 3
101 334 4   0 0   1 1   2 2   3 3
101 318 4   0 0   1 1   2 2   3 3
101 270 4   0 0   1 1   2 2   3 3
102 267 4   0 0   1 1   2 2   3 3
102 125 4   0 0   1 1   2 2   3 3
102 174 4   0 0   1 1   2 2   3 3
102 302 4   0 0   1 1   2 2   3 3
103 195 4   0 0   1 1   2 2   3 3
103 325 4   0 0   1 1   2 2   3 3
103 249 4   0 0   1 1   2 2   3 3
103 169 4   0 0   1 1   2 2   3 3
103 314 4   0 0   1 1   2 2   3 3
103 236 4   0 0   1 1   2 2   3 3
104 324 4   0 0   1 1   2 2   3 3
104 262 4   0 0   1 1   2 2   3 3
104 246 4   0 0   1 1   2 2   3 3
104 200 4   0 0   1 1   2 2   3 3
105 192 4   0 0   1 1   2 2   3 3
105 178 4   0 0   1 1   2 2   3 3
105 130 4   0 0   1 1   2 2   3 3
105 213 4   0 0   1 1   2 2   3 3
105 166 4   0 0   1 1   2 2   3 3
105 214 4   0 0   1 1   2 2   3 3
105 184 4   0 0   1 1   2 2   3 3
105 187 4   0 0   1 1   2 2   3 3
106 274 4   0 0   1 1   2 2   3 3
106 316 4   0 0   1 1   2 2   3 3
107 162 4   0 0   1 1   2 2   3 3
107 263 4   0 0   1 1   2 2   3 3
107 279 4   0 0   1 1   2 2   3 3
108 247 4   0 0   1 1   2 2   3 3
108 167 4   0 0   1 1   2 2   3 3
108 250 4   0 0   1 1   2 2   3 3
108 253 4   0 0   1 1   2 2   3 3
109 124 4   0 0   1 1   2 2   3 3
110 273 4   0 0   1 1   2 2   3 3
110 200 4   0 0   1 1   2 2   3 3
111 145 4   0 0   1 1   2 2   3 3
111 168 4   0 0   1 1   2 2   3 3
111 298 4   0 0   1 1   2 2   3 3
111 254 4   0 0   1 1   2 2   3 3
111 207 4   0 0   1 1   2 2   3 3
112 143 4   0 0   1 1   2 2   3 3
113 337 4   0 0   1 1   2 2   3 3
113 243 4   0 0   1 1   2 2   3 3
113 148 4   0 0   1 1   2 2   3 3
113 157 4   0 0   1 1   2 2   3 3
113 269 4   0 0   1 1   2 2   3 3
114 311 4   0 0   1 1   2 2   3 3
114 171 4   0 0   1 1   2 2   3 3
115 277 4   0 0   1 1   2 2   3 3
115 312 4   0 0   1 1   2 2   3 3
115 315 4   0 0   1 1   2 2   3 3
116 261 4   0 0   1 1   2 2   3 3
116 123 4   0 0   1 1   2 2   3 3
116 205 4   0 0   1 1   2 2   3 3
116 175 4   0 0   1 1   2 2   3 3
116 127 4   0 0   1 1   2 2   3 3
117 164 4   0 0   1 1   2 2   3 3
117 181 4   0 0   1 1   2 2   3 3
117 124 4   0 0   1 1   2 2   3 3
118 129 4   0 0   1 1   2 2   3 3
118 163 4   0 0   1 1   2 2   3 3
118 199 4   0 0   1 1   2 2   3 3
119 328 4   0 0   1 1   2 2   3 3
119 233 4   0 0   1 1   2 2   3 3
119 249 4   0 0   1 1   2 2   3 3
119 138 4   0 0   1 1   2 2   3 3
119 236 4   0 0   1 1   2 2   3 3
119 334 4   0 0   1 1   2 2   3 3
119 318 4   0 0   1 1   2 2   3 3
120 257 4   0 0   1 1   2 2   3 3
120 155 4   0 0   1 1   2 2   3 3
121 320 4   0 0   1 1   2 2   3 3
121 258 4   0 0   1 1   2 2   3 3
121 163 4   0 0   1 1   2 2   3 3
121 153 4   0 0   1 1   2 2   3 3
121 188 4   0 0   1 1   2 2   3 3
122 194 4   0 0   1 1   2 2   3 3
122 227 4   0 0   1 1   2 2   3 3
122 294 4   0 0   1 1   2 2   3 3
122 158 4   0 0   1 1   2 2   3 3
123 304 4   0 0   1 1   2 2   3 3
123 146 4   0 0   1 1   2 2   3 3
123 261 4   0 0   1 1   2 2   3 3
123 332 4   0 0   1 1   2 2   3 3
123 205 4   0 0   1 1   2 2   3 3
123 237 4   0 0   1 1   2 2   3 3
124 164 4   0 0   1 1   2 2   3 3
124 181 4   0 0   1 1   2 2   3 3
124 333 4   0 0   1 1   2 2   3 3
125 226 4   0 0   1 1   2 2   3 3
125 275 4   0 0   1 1   2 2   3 3
125 267 4   0 0   1 1   2 2   3 3
125 174 4   0 0   1 1   2 2   3 3
126 224 4   0 0   1 1   2 2   3 3
126 129 4   0 0   1 1   2 2   3 3
126 291 4   0 0   1 1   2 2   3 3
126 199 4   0 0   1 1   2 2   3 3
126 235 4   0 0   1 1   2 2   3 3
126 156 4   0 0   1 1   2 2   3 3
127 261 4   0 0   1 1   2 2   3 3
127 167 4   0 0   1 1   2 2   3 3
127 247 4   0 0   1 1   2 2   3 3
127 327 4   0 0   1 1   2 2   3 3
127 330 4   0 0   1 1   2 2   3 3
127 175 4   0 0   1 1   2 2   3 3
127 335 4   0 0   1 1   2 2   3 3
128 209 4   0 0   1 1   2 2   3 3
128 318 4   0 0   1 1   2 2   3 3
128 270 4   0 0   1 1   2 2   3 3
129 199 4   0 0   1 1   2 2   3 3
130 214 4   0 0   1 1   2 2   3 3
130 187 4   0 0   1 1   2 2   3 3
131 283 4   0 0   1 1   2 2   3 3
131 271 4   0 0   1 1   2 2   3 3
132 277 4   0 0   1 1   2 2   3 3
132 198 4   0 0   1 1   2 2   3 3
132 248 4   0 0   1 1   2 2   3 3
132 297 4   0 0   1 1   2 2   3 3
132 329 4   0 0   1 1   2 2   3 3
133 240 4   0 0   1 1   2 2   3 3
133 147 4   0 0   1 1   2 2   3 3
133 245 4   0 0   1 1   2 2   3 3
133 197 4   0 0   1 1   2 2   3 3
133 135 4   0 0   1 1   2 2   3 3
133 283 4   0 0   1 1   2 2   3 3
134 289 4   0 0   1 1   2 2   3 3
134 210 4   0 0   1 1   2 2   3 3
134 285 4   0 0   1 1   2 2   3 3
134 221 4   0 0   1 1   2 2   3 3
135 240 4   0 0   1 1   2 2   3 3
135 293 4   0 0   1 1   2 2   3 3
135 197 4   0 0   1 1   2 2   3 3
135 278 4   0 0   1 1   2 2   3 3
135 252 4   0 0   1 1   2 2   3 3
136 304 4   0 0   1 1   2 2   3 3
136 282 4   0 0   1 1   2 2   3 3
136 205 4   0 0   1 1   2 2   3 3
137 296 4   0 0   1 1   2 2   3 3
137 203 4   0 0   1 1   2 2   3 3
137 189 4   0 0   1 1   2 2   3 3
137 222 4   0 0   1 1   2 2   3 3
137 255 4   0 0   1 1   2 2   3 3
138 146 4   0 0   1 1   2 2   3 3
138 150 4   0 0   1 1   2 2   3 3
138 233 4   0 0   1 1   2 2   3 3
138 334 4   0 0   1 1   2 2   3 3
138 335 4   0 0   1 1   2 2   3 3
139 256 4   0 0   1 1   2 2   3 3
139 210 4   0 0   1 1   2 2   3 3
139 245 4   0 0   1 1   2 2   3 3
139 264 4   0 0   1 1   2 2   3 3
139 159 4   0 0   1 1   2 2   3 3
140 227 4   0 0   1 1   2 2   3 3
140 260 4   0 0   1 1   2 2   3 3
140 158 4   0 0   1 1   2 2   3 3
141 208 4   0 0   1 1   2 2   3 3
141 172 4   0 0   1 1   2 2   3 3
143 304 4   0 0   1 1   2 2   3 3
143 165 4   0 0   1 1   2 2   3 3
143 202 4   0 0   1 1   2 2   3 3
144 321 4   0 0   1 1   2 2   3 3
144 310 4   0 0   1 1   2 2   3 3
145 168 4   0 0   1 1   2 2   3 3
145 313 4   0 0   1 1   2 2   3 3
145 172 4   0 0   1 1   2 2   3 3
145 207 4   0 0   1 1   2 2   3 3
146 261 4   0 0   1 1   2 2   3 3
146 150 4   0 0   1 1   2 2   3 3
146 332 4   0 0   1 1   2 2   3 3
146 335 4   0 0   1 1   2 2   3 3
147 245 4   0 0   1 1   2 2   3 3
147 283 4   0 0   1 1   2 2   3 3
148 243 4   0 0   1 1   2 2   3 3
148 297 4   0 0   1 1   2 2   3 3
148 269 4   0 0   1 1   2 2   3 3
148 319 4   0 0   1 1   2 2   3 3
149 160 4   0 0   1 1   2 2   3 3
149 339 4   0 0   1 1   2 2   3 3
150 332 4   0 0   1 1   2 2   3 3
150 334 4   0 0   1 1   2 2   3 3
151 336 4   0 0   1 1   2 2   3 3
151 323 4   0 0   1 1   2 2   3 3
151 228 4   0 0   1 1   2 2   3 3
151 230 4   0 0   1 1   2 2   3 3
151 217 4   0 0   1 1   2 2   3 3
152 272 4   0 0   1 1   2 2   3 3
152 259 4   0 0   1 1   2 2   3 3
152 295 4   0 0   1 1   2 2   3 3
153 161 4   0 0   1 1   2 2   3 3
153 177 4   0 0   1 1   2 2   3 3
153 258 4   0 0   1 1   2 2   3 3
153 163 4   0 0   1 1   2 2   3 3
154 272 4   0 0   1 1   2 2   3 3
154 176 4   0 0   1 1   2 2   3 3
154 210 4   0 0   1 1   2 2   3 3
154 326 4   0 0   1 1   2 2   3 3
154 218 4   0 0   1 1   2 2   3 3
155 192 4   0 0   1 1   2 2   3 3
155 257 4   0 0   1 1   2 2   3 3
155 178 4   0 0   1 1   2 2   3 3
156 212 4   0 0   1 1   2 2   3 3
156 199 4   0 0   1 1   2 2   3 3
156 235 4   0 0   1 1   2 2   3 3
156 206 4   0 0   1 1   2 2   3 3
157 337 4   0 0   1 1   2 2   3 3
157 243 4   0 0   1 1   2 2   3 3
157 309 4   0 0   1 1   2 2   3 3
157 216 4   0 0   1 1   2 2   3 3
157 201 4   0 0   1 1   2 2   3 3
157 190 4   0 0   1 1   2 2   3 3
158 227 4   0 0   1 1   2 2   3 3
158 260 4   0 0   1 1   2 2   3 3
159 210 4   0 0   1 1   2 2   3 3
159 326 4   0 0   1 1   2 2   3 3
159 264 4   0 0   1 1   2 2   3 3
160 262 4   0 0   1 1   2 2   3 3
161 177 4   0 0   1 1   2 2   3 3
161 163 4   0 0   1 1   2 2   3 3
161 164 4   0 0   1 1   2 2   3 3
162 322 4   0 0   1 1   2 2   3 3
162 263 4   0 0   1 1   2 2   3 3
162 279 4   0 0   1 1   2 2   3 3
162 264 4   0 0   1 1   2 2   3 3
162 287 4   0 0   1 1   2 2   3 3
163 199 4   0 0   1 1   2 2   3 3
163 188 4   0 0   1 1   2 2   3 3
164 181 4   0 0   1 1   2 2   3 3
165 304 4   0 0   1 1   2 2   3 3
165 202 4   0 0   1 1   2 2   3 3
166 184 4   0 0   1 1   2 2   3 3
166 234 4   0 0   1 1   2 2   3 3
166 187 4   0 0   1 1   2 2   3 3
167 292 4   0 0   1 1   2 2   3 3
167 247 4   0 0   1 1   2 2   3 3
167 282 4   0 0   1 1   2 2   3 3
167 330 4   0 0   1 1   2 2   3 3
167 253 4   0 0   1 1   2 2   3 3
167 175 4   0 0   1 1   2 2   3 3
168 172 4   0 0   1 1   2 2   3 3
168 254 4   0 0   1 1   2 2   3 3
169 321 4   0 0   1 1   2 2   3 3
169 313 4   0 0   1 1   2 2   3 3
169 236 4   0 0   1 1   2 2   3 3
169 284 4   0 0   1 1   2 2   3 3
170 179 4   0 0   1 1   2 2   3 3
170 325 4   0 0   1 1   2 2   3 3
171 311 4   0 0   1 1   2 2   3 3
172 309 4   0 0   1 1   2 2   3 3
172 313 4   0 0   1 1   2 2   3 3
173 258 4   0 0   1 1   2 2   3 3
173 274 4   0 0   1 1   2 2   3 3
173 198 4   0 0   1 1   2 2   3 3
173 248 4   0 0   1 1   2 2   3 3
174 257 4   0 0   1 1   2 2   3 3
174 302 4   0 0   1 1   2 2   3 3
175 292 4   0 0   1 1   2 2   3 3
175 330 4   0 0   1 1   2 2   3 3
175 205 4   0 0   1 1   2 2   3 3
176 272 4   0 0   1 1   2 2   3 3
176 218 4   0 0   1 1   2 2   3 3
177 258 4   0 0   1 1   2 2   3 3
177 243 4   0 0   1 1   2 2   3 3
177 297 4   0 0   1 1   2 2   3 3
177 319 4   0 0   1 1   2 2   3 3
178 192 4   0 0   1 1   2 2   3 3
178 276 4   0 0   1 1   2 2   3 3
178 340 4   0 0   1 1   2 2   3 3
178 184 4   0 0   1 1   2 2   3 3
179 325 4   0 0   1 1   2 2   3 3
180 213 4   0 0   1 1   2 2   3 3
180 182 4   0 0   1 1   2 2   3 3
180 191 4   0 0   1 1   2 2   3 3
181 208 4   0 0   1 1   2 2   3 3
181 303 4   0 0   1 1   2 2   3 3
182 231 4   0 0   1 1   2 2   3 3
182 267 4   0 0   1 1   2 2   3 3
182 302 4   0 0   1 1   2 2   3 3
183 337 4   0 0   1 1   2 2   3 3
183 312 4   0 0   1 1   2 2   3 3
183 201 4   0 0   1 1   2 2   3 3
183 254 4   0 0   1 1   2 2   3 3
183 190 4   0 0   1 1   2 2   3 3
184 340 4   0 0   1 1   2 2   3 3
185 306 4   0 0   1 1   2 2   3 3
185 308 4   0 0   1 1   2 2   3 3
185 295 4   0 0   1 1   2 2   3 3
185 223 4   0 0   1 1   2 2   3 3
186 280 4   0 0   1 1   2 2   3 3
186 265 4   0 0   1 1   2 2   3 3
187 291 4   0 0   1 1   2 2   3 3
187 214 4   0 0   1 1   2 2   3 3
187 281 4   0 0   1 1   2 2   3 3
187 234 4   0 0   1 1   2 2   3 3
187 219 4   0 0   1 1   2 2   3 3
188 199 4   0 0   1 1   2 2   3 3
188 206 4   0 0   1 1   2 2   3 3
189 312 4   0 0   1 1   2 2   3 3
189 315 4   0 0   1 1   2 2   3 3
189 222 4   0 0   1 1   2 2   3 3
189 255 4   0 0   1 1   2 2   3 3
190 309 4   0 0   1 1   2 2   3 3
190 216 4   0 0   1 1   2 2   3 3
190 201 4   0 0   1 1   2 2   3 3
191 192 4   0 0   1 1   2 2   3 3
191 257 4   0 0   1 1   2 2   3 3
191 213 4   0 0   1 1   2 2   3 3
192 257 4   0 0   1 1   2 2   3 3
192 213 4   0 0   1 1   2 2   3 3
193 235 4   0 0   1 1   2 2   3 3
193 268 4   0 0   1 1   2 2   3 3
193 317 4   0 0   1 1   2 2   3 3
194 196 4   0 0   1 1   2 2   3 3
194 294 4   0 0   1 1   2 2   3 3
194 329 4   0 0   1 1   2 2   3 3
195 325 4   0 0   1 1   2 2   3 3
195 327 4   0 0   1 1   2 2   3 3
195 314 4   0 0   1 1   2 2   3 3
196 198 4   0 0   1 1   2 2   3 3
196 329 4   0 0   1 1   2 2   3 3
197 283 4   0 0   1 1   2 2   3 3
197 252 4   0 0   1 1   2 2   3 3
197 333 4   0 0   1 1   2 2   3 3
197 286 4   0 0   1 1   2 2   3 3
198 248 4   0 0   1 1   2 2   3 3
198 329 4   0 0   1 1   2 2   3 3
199 206 4   0 0   1 1   2 2   3 3
200 273 4   0 0   1 1   2 2   3 3
200 246 4   0 0   1 1   2 2   3 3
200 239 4   0 0   1 1   2 2   3 3
201 337 4   0 0   1 1   2 2   3 3
202 323 4   0 0   1 1   2 2   3 3
202 229 4   0 0   1 1   2 2   3 3
203 296 4   0 0   1 1   2 2   3 3
203 298 4   0 0   1 1   2 2   3 3
203 254 4   0 0   1 1   2 2   3 3
203 255 4   0 0   1 1   2 2   3 3
204 226 4   0 0   1 1   2 2   3 3
204 231 4   0 0   1 1   2 2   3 3
204 266 4   0 0   1 1   2 2   3 3
204 251 4   0 0   1 1   2 2   3 3
204 220 4   0 0   1 1   2 2   3 3
205 304 4   0 0   1 1   2 2   3 3
205 292 4   0 0   1 1   2 2   3 3
205 282 4   0 0   1 1   2 2   3 3
206 212 4   0 0   1 1   2 2   3 3
207 321 4   0 0   1 1   2 2   3 3
207 310 4   0 0   1 1   2 2   3 3
207 313 4   0 0   1 1   2 2   3 3
207 298 4   0 0   1 1   2 2   3 3
209 270 4   0 0   1 1   2 2   3 3
210 289 4   0 0   1 1   2 2   3 3
210 326 4   0 0   1 1   2 2   3 3
211 289 4   0 0   1 1   2 2   3 3
211 332 4   0 0   1 1   2 2   3 3
211 237 4   0 0   1 1   2 2   3 3
211 285 4   0 0   1 1   2 2   3 3
212 235 4   0 0   1 1   2 2   3 3
213 214 4   0 0   1 1   2 2   3 3
214 281 4   0 0   1 1   2 2   3 3
215 256 4   0 0   1 1   2 2   3 3
215 273 4   0 0   1 1   2 2   3 3
215 290 4   0 0   1 1   2 2   3 3
215 238 4   0 0   1 1   2 2   3 3
215 271 4   0 0   1 1   2 2   3 3
216 309 4   0 0   1 1   2 2   3 3
217 230 4   0 0   1 1   2 2   3 3
218 326 4   0 0   1 1   2 2   3 3
219 224 4   0 0   1 1   2 2   3 3
219 307 4   0 0   1 1   2 2   3 3
219 291 4   0 0   1 1   2 2   3 3
219 234 4   0 0   1 1   2 2   3 3
220 231 4   0 0   1 1   2 2   3 3
220 251 4   0 0   1 1   2 2   3 3
221 285 4   0 0   1 1   2 2   3 3
222 277 4   0 0   1 1   2 2   3 3
222 315 4   0 0   1 1   2 2   3 3
223 305 4   0 0   1 1   2 2   3 3
223 308 4   0 0   1 1   2 2   3 3
224 307 4   0 0   1 1   2 2   3 3
224 291 4   0 0   1 1   2 2   3 3
225 336 4   0 0   1 1   2 2   3 3
225 241 4   0 0   1 1   2 2   3 3
225 306 4   0 0   1 1   2 2   3 3
225 308 4   0 0   1 1   2 2   3 3
225 230 4   0 0   1 1   2 2   3 3
226 275 4   0 0   1 1   2 2   3 3
226 231 4   0 0   1 1   2 2   3 3
226 266 4   0 0   1 1   2 2   3 3
226 267 4   0 0   1 1   2 2   3 3
228 323 4   0 0   1 1   2 2   3 3
228 229 4   0 0   1 1   2 2   3 3
229 323 4   0 0   1 1   2 2   3 3
230 336 4   0 0   1 1   2 2   3 3
230 241 4   0 0   1 1   2 2   3 3
231 267 4   0 0   1 1   2 2   3 3
232 336 4   0 0   1 1   2 2   3 3
232 305 4   0 0   1 1   2 2   3 3
232 308 4   0 0   1 1   2 2   3 3
233 327 4   0 0   1 1   2 2   3 3
233 249 4   0 0   1 1   2 2   3 3
233 314 4   0 0   1 1   2 2   3 3
233 335 4   0 0   1 1   2 2   3 3
234 307 4   0 0   1 1   2 2   3 3
235 291 4   0 0   1 1   2 2   3 3
235 268 4   0 0   1 1   2 2   3 3
236 328 4   0 0   1 1   2 2   3 3
236 249 4   0 0   1 1   2 2   3 3
236 284 4   0 0   1 1   2 2   3 3
237 304 4   0 0   1 1   2 2   3 3
237 332 4   0 0   1 1   2 2   3 3
238 256 4   0 0   1 1   2 2   3 3
238 273 4   0 0   1 1   2 2   3 3
238 300 4   0 0   1 1   2 2   3 3
238 239 4   0 0   1 1   2 2   3 3
239 273 4   0 0   1 1   2 2   3 3
239 300 4   0 0   1 1   2 2   3 3
240 245 4   0 0   1 1   2 2   3 3
240 278 4   0 0   1 1   2 2   3 3
241 306 4   0 0   1 1   2 2   3 3
241 295 4   0 0   1 1   2 2   3 3
242 276 4   0 0   1 1   2 2   3 3
243 309 4   0 0   1 1   2 2   3 3
243 319 4   0 0   1 1   2 2   3 3
244 339 4   0 0   1 1   2 2   3 3
244 279 4   0 0   1 1   2 2   3 3
244 299 4   0 0   1 1   2 2   3 3
244 287 4   0 0   1 1   2 2   3 3
246 324 4   0 0   1 1   2 2   3 3
247 327 4   0 0   1 1   2 2   3 3
247 250 4   0 0   1 1   2 2   3 3
248 258 4   0 0   1 1   2 2   3 3
248 297 4   0 0   1 1   2 2   3 3
249 314 4   0 0   1 1   2 2   3 3
250 327 4   0 0   1 1   2 2   3 3
250 280 4   0 0   1 1   2 2   3 3
252 293 4   0 0   1 1   2 2   3 3
252 286 4   0 0   1 1   2 2   3 3
253 282 4   0 0   1 1   2 2   3 3
254 312 4   0 0   1 1   2 2   3 3
254 298 4   0 0   1 1   2 2   3 3
254 255 4   0 0   1 1   2 2   3 3
255 312 4   0 0   1 1   2 2   3 3
256 264 4   0 0   1 1   2 2   3 3
258 320 4   0 0   1 1   2 2   3 3
258 274 4   0 0   1 1   2 2   3 3
258 297 4   0 0   1 1   2 2   3 3
259 288 4   0 0   1 1   2 2   3 3
259 272 4   0 0   1 1   2 2   3 3
259 295 4   0 0   1 1   2 2   3 3
261 335 4   0 0   1 1   2 2   3 3
262 324 4   0 0   1 1   2 2   3 3
264 322 4   0 0   1 1   2 2   3 3
267 302 4   0 0   1 1   2 2   3 3
268 291 4   0 0   1 1   2 2   3 3
268 281 4   0 0   1 1   2 2   3 3
268 317 4   0 0   1 1   2 2   3 3
271 290 4   0 0   1 1   2 2   3 3
271 338 4   0 0   1 1   2 2   3 3
271 276 4   0 0   1 1   2 2   3 3
276 338 4   0 0   1 1   2 2   3 3
276 340 4   0 0   1 1   2 2   3 3
277 294 4   0 0   1 1   2 2   3 3
277 315 4   0 0   1 1   2 2   3 3
278 285 4   0 0   1 1   2 2   3 3
279 287 4   0 0   1 1   2 2   3 3
281 291 4   0 0   1 1   2 2   3 3
281 317 4   0 0   1 1   2 2   3 3
282 292 4   0 0   1 1   2 2   3 3
284 328 4   0 0   1 1   2 2   3 3
284 313 4   0 0   1 1   2 2   3 3
285 289 4   0 0   1 1   2 2   3 3
285 332 4   0 0   1 1   2 2   3 3
286 293 4   0 0   1 1   2 2   3 3
286 301 4   0 0   1 1   2 2   3 3
286 333 4   0 0   1 1   2 2   3 3
287 322 4   0 0   1 1   2 2   3 3
288 295 4   0 0   1 1   2 2   3 3
288 331 4   0 0   1 1   2 2   3 3
290 338 4   0 0   1 1   2 2   3 3
294 329 4   0 0   1 1   2 2   3 3
295 306 4   0 0   1 1   2 2   3 3
296 310 4   0 0   1 1   2 2   3 3
296 298 4   0 0   1 1   2 2   3 3
297 319 4   0 0   1 1   2 2   3 3
298 310 4   0 0   1 1   2 2   3 3
299 339 4   0 0   1 1   2 2   3 3
301 328 4   0 0   1 1   2 2   3 3
301 303 4   0 0   1 1   2 2   3 3
305 308 4   0 0   1 1   2 2   3 3
305 331 4   0 0   1 1   2 2   3 3
306 308 4   0 0   1 1   2 2   3 3
308 336 4   0 0   1 1   2 2   3 3
310 321 4   0 0   1 1   2 2   3 3
312 337 4   0 0   1 1   2 2   3 3
312 315 4   0 0   1 1   2 2   3 3
313 321 4   0 0   1 1   2 2   3 3
313 328 4   0 0   1 1   2 2   3 3
314 327 4   0 0   1 1   2 2   3 3
318 328 4   0 0   1 1   2 2   3 3
318 334 4   0 0   1 1   2 2   3 3
327 335 4   0 0   1 1   2 2   3 3
