316
1 4 0 1 2 3
2 4 0 1 2 3
3 4 0 1 2 3
4 4 0 1 2 3
5 4 0 1 2 3
6 4 0 1 2 3
7 4 0 1 2 3
8 4 0 1 2 3
9 4 0 1 2 3
10 4 0 1 2 3
11 4 0 1 2 3
12 4 0 1 2 3
13 4 0 1 2 3
14 4 0 1 2 3
15 4 0 1 2 3
16 4 0 1 2 3
17 4 0 1 2 3
18 4 0 1 2 3
19 4 0 1 2 3
20 4 0 1 2 3
21 4 0 1 2 3
22 4 0 1 2 3
23 4 0 1 2 3
24 4 0 1 2 3
25 4 0 1 2 3
26 4 0 1 2 3
27 4 0 1 2 3
28 4 0 1 2 3
29 4 0 1 2 3
30 4 0 1 2 3
31 4 0 1 2 3
32 4 0 1 2 3
33 4 0 1 2 3
34 4 0 1 2 3
35 4 0 1 2 3
36 4 0 1 2 3
37 4 0 1 2 3
38 4 0 1 2 3
39 4 0 1 2 3
40 4 0 1 2 3
41 4 0 1 2 3
42 4 0 1 2 3
43 4 0 1 2 3
44 4 0 1 2 3
45 4 0 1 2 3
46 4 0 1 2 3
47 4 0 1 2 3
48 4 0 1 2 3
49 4 0 1 2 3
50 4 0 1 2 3
51 4 0 1 2 3
52 4 0 1 2 3
53 4 0 1 2 3
54 4 0 1 2 3
55 4 0 1 2 3
56 4 0 1 2 3
57 4 0 1 2 3
58 4 0 1 2 3
59 4 0 1 2 3
60 4 0 1 2 3
61 4 0 1 2 3
62 4 0 1 2 3
63 4 0 1 2 3
64 4 0 1 2 3
65 4 0 1 2 3
66 4 0 1 2 3
67 4 0 1 2 3
68 4 0 1 2 3
69 4 0 1 2 3
70 4 0 1 2 3
71 4 0 1 2 3
72 4 0 1 2 3
73 4 0 1 2 3
74 4 0 1 2 3
75 4 0 1 2 3
76 4 0 1 2 3
77 4 0 1 2 3
78 4 0 1 2 3
79 4 0 1 2 3
80 4 0 1 2 3
81 4 0 1 2 3
82 4 0 1 2 3
83 4 0 1 2 3
84 4 0 1 2 3
85 4 0 1 2 3
86 4 0 1 2 3
87 4 0 1 2 3
88 4 0 1 2 3
89 4 0 1 2 3
90 4 0 1 2 3
91 4 0 1 2 3
92 4 0 1 2 3
93 4 0 1 2 3
94 4 0 1 2 3
95 4 0 1 2 3
96 4 0 1 2 3
97 4 0 1 2 3
98 4 0 1 2 3
99 4 0 1 2 3
100 4 0 1 2 3
101 4 0 1 2 3
102 4 0 1 2 3
103 4 0 1 2 3
104 4 0 1 2 3
105 4 0 1 2 3
106 4 0 1 2 3
107 4 0 1 2 3
108 4 0 1 2 3
109 4 0 1 2 3
110 4 0 1 2 3
111 4 0 1 2 3
112 4 0 1 2 3
113 4 0 1 2 3
114 4 0 1 2 3
115 4 0 1 2 3
116 4 0 1 2 3
117 4 0 1 2 3
118 4 0 1 2 3
119 4 0 1 2 3
120 4 0 1 2 3
121 4 0 1 2 3
122 4 0 1 2 3
123 4 0 1 2 3
124 4 0 1 2 3
125 4 0 1 2 3
126 4 0 1 2 3
127 4 0 1 2 3
128 4 0 1 2 3
129 4 0 1 2 3
130 4 0 1 2 3
131 4 0 1 2 3
132 4 0 1 2 3
133 4 0 1 2 3
134 4 0 1 2 3
135 4 0 1 2 3
136 4 0 1 2 3
137 4 0 1 2 3
138 4 0 1 2 3
139 4 0 1 2 3
140 4 0 1 2 3
141 4 0 1 2 3
142 4 0 1 2 3
143 4 0 1 2 3
144 4 0 1 2 3
145 4 0 1 2 3
146 4 0 1 2 3
147 4 0 1 2 3
148 4 0 1 2 3
149 4 0 1 2 3
150 4 0 1 2 3
151 4 0 1 2 3
152 4 0 1 2 3
153 4 0 1 2 3
154 4 0 1 2 3
155 4 0 1 2 3
156 4 0 1 2 3
157 4 0 1 2 3
158 4 0 1 2 3
159 4 0 1 2 3
160 4 0 1 2 3
161 4 0 1 2 3
162 4 0 1 2 3
163 4 0 1 2 3
164 4 0 1 2 3
165 4 0 1 2 3
166 4 0 1 2 3
167 4 0 1 2 3
168 4 0 1 2 3
169 4 0 1 2 3
170 4 0 1 2 3
171 4 0 1 2 3
172 4 0 1 2 3
173 4 0 1 2 3
174 4 0 1 2 3
175 4 0 1 2 3
176 4 0 1 2 3
177 4 0 1 2 3
178 4 0 1 2 3
179 4 0 1 2 3
180 4 0 1 2 3
181 4 0 1 2 3
182 4 0 1 2 3
183 4 0 1 2 3
184 4 0 1 2 3
185 4 0 1 2 3
186 4 0 1 2 3
187 4 0 1 2 3
188 4 0 1 2 3
189 4 0 1 2 3
190 4 0 1 2 3
191 4 0 1 2 3
192 4 0 1 2 3
193 4 0 1 2 3
194 4 0 1 2 3
195 4 0 1 2 3
196 4 0 1 2 3
197 4 0 1 2 3
198 4 0 1 2 3
199 4 0 1 2 3
200 4 0 1 2 3
201 4 0 1 2 3
202 4 0 1 2 3
203 4 0 1 2 3
204 4 0 1 2 3
205 4 0 1 2 3
206 4 0 1 2 3
207 4 0 1 2 3
208 4 0 1 2 3
209 4 0 1 2 3
210 4 0 1 2 3
211 4 0 1 2 3
212 4 0 1 2 3
213 4 0 1 2 3
214 4 0 1 2 3
215 4 0 1 2 3
216 4 0 1 2 3
217 4 0 1 2 3
218 4 0 1 2 3
219 4 0 1 2 3
220 4 0 1 2 3
221 4 0 1 2 3
222 4 0 1 2 3
223 4 0 1 2 3
224 4 0 1 2 3
225 4 0 1 2 3
226 4 0 1 2 3
227 4 0 1 2 3
228 4 0 1 2 3
229 4 0 1 2 3
230 4 0 1 2 3
231 4 0 1 2 3
232 4 0 1 2 3
233 4 0 1 2 3
234 4 0 1 2 3
235 4 0 1 2 3
236 4 0 1 2 3
237 4 0 1 2 3
238 4 0 1 2 3
239 4 0 1 2 3
240 4 0 1 2 3
241 4 0 1 2 3
242 4 0 1 2 3
243 4 0 1 2 3
244 4 0 1 2 3
245 4 0 1 2 3
246 4 0 1 2 3
247 4 0 1 2 3
248 4 0 1 2 3
249 4 0 1 2 3
250 4 0 1 2 3
251 4 0 1 2 3
252 4 0 1 2 3
253 4 0 1 2 3
254 4 0 1 2 3
255 4 0 1 2 3
256 4 0 1 2 3
257 4 0 1 2 3
258 4 0 1 2 3
259 4 0 1 2 3
260 4 0 1 2 3
261 4 0 1 2 3
262 4 0 1 2 3
263 4 0 1 2 3
264 4 0 1 2 3
265 4 0 1 2 3
266 4 0 1 2 3
267 4 0 1 2 3
268 4 0 1 2 3
269 4 0 1 2 3
270 4 0 1 2 3
271 4 0 1 2 3
272 4 0 1 2 3
273 4 0 1 2 3
274 4 0 1 2 3
275 4 0 1 2 3
276 4 0 1 2 3
277 4 0 1 2 3
278 4 0 1 2 3
279 4 0 1 2 3
280 4 0 1 2 3
281 4 0 1 2 3
282 4 0 1 2 3
283 4 0 1 2 3
284 4 0 1 2 3
285 4 0 1 2 3
286 4 0 1 2 3
287 4 0 1 2 3
288 4 0 1 2 3
289 4 0 1 2 3
290 4 0 1 2 3
291 4 0 1 2 3
292 4 0 1 2 3
293 4 0 1 2 3
294 4 0 1 2 3
295 4 0 1 2 3
296 4 0 1 2 3
297 4 0 1 2 3
298 4 0 1 2 3
299 4 0 1 2 3
300 4 0 1 2 3
301 4 0 1 2 3
302 4 0 1 2 3
303 4 0 1 2 3
304 4 0 1 2 3
305 4 0 1 2 3
306 4 0 1 2 3
307 4 0 1 2 3
308 4 0 1 2 3
309 4 0 1 2 3
310 4 0 1 2 3
311 4 0 1 2 3
312 4 0 1 2 3
313 4 0 1 2 3
314 4 0 1 2 3
315 4 0 1 2 3
316 4 0 1 2 3
883
1 128 4   0 0   1 1   2 2   3 3
1 305 4   0 0   1 1   2 2   3 3
1 210 4   0 0   1 1   2 2   3 3
1 147 4   0 0   1 1   2 2   3 3
1 115 4   0 0   1 1   2 2   3 3
1 215 4   0 0   1 1   2 2   3 3
1 201 4   0 0   1 1   2 2   3 3
1 252 4   0 0   1 1   2 2   3 3
2 179 4   0 0   1 1   2 2   3 3
2 250 4   0 0   1 1   2 2   3 3
2 59 4   0 0   1 1   2 2   3 3
2 189 4   0 0   1 1   2 2   3 3
2 93 4   0 0   1 1   2 2   3 3
2 173 4   0 0   1 1   2 2   3 3
2 269 4   0 0   1 1   2 2   3 3
2 47 4   0 0   1 1   2 2   3 3
3 146 4   0 0   1 1   2 2   3 3
3 68 4   0 0   1 1   2 2   3 3
3 197 4   0 0   1 1   2 2   3 3
3 88 4   0 0   1 1   2 2   3 3
3 283 4   0 0   1 1   2 2   3 3
3 235 4   0 0   1 1   2 2   3 3
3 60 4   0 0   1 1   2 2   3 3
4 225 4   0 0   1 1   2 2   3 3
4 34 4   0 0   1 1   2 2   3 3
4 35 4   0 0   1 1   2 2   3 3
4 74 4   0 0   1 1   2 2   3 3
4 155 4   0 0   1 1   2 2   3 3
4 108 4   0 0   1 1   2 2   3 3
5 193 4   0 0   1 1   2 2   3 3
5 209 4   0 0   1 1   2 2   3 3
5 243 4   0 0   1 1   2 2   3 3
5 148 4   0 0   1 1   2 2   3 3
5 181 4   0 0   1 1   2 2   3 3
5 230 4   0 0   1 1   2 2   3 3
5 39 4   0 0   1 1   2 2   3 3
6 113 4   0 0   1 1   2 2   3 3
6 101 4   0 0   1 1   2 2   3 3
6 246 4   0 0   1 1   2 2   3 3
6 104 4   0 0   1 1   2 2   3 3
7 32 4   0 0   1 1   2 2   3 3
7 37 4   0 0   1 1   2 2   3 3
7 103 4   0 0   1 1   2 2   3 3
7 120 4   0 0   1 1   2 2   3 3
7 265 4   0 0   1 1   2 2   3 3
8 192 4   0 0   1 1   2 2   3 3
8 160 4   0 0   1 1   2 2   3 3
8 146 4   0 0   1 1   2 2   3 3
8 36 4   0 0   1 1   2 2   3 3
8 219 4   0 0   1 1   2 2   3 3
8 283 4   0 0   1 1   2 2   3 3
8 92 4   0 0   1 1   2 2   3 3
9 132 4   0 0   1 1   2 2   3 3
9 180 4   0 0   1 1   2 2   3 3
9 24 4   0 0   1 1   2 2   3 3
9 72 4   0 0   1 1   2 2   3 3
9 91 4   0 0   1 1   2 2   3 3
9 143 4   0 0   1 1   2 2   3 3
10 257 4   0 0   1 1   2 2   3 3
10 20 4   0 0   1 1   2 2   3 3
10 132 4   0 0   1 1   2 2   3 3
10 69 4   0 0   1 1   2 2   3 3
10 119 4   0 0   1 1   2 2   3 3
10 169 4   0 0   1 1   2 2   3 3
10 172 4   0 0   1 1   2 2   3 3
10 110 4   0 0   1 1   2 2   3 3
10 159 4   0 0   1 1   2 2   3 3
10 143 4   0 0   1 1   2 2   3 3
11 193 4   0 0   1 1   2 2   3 3
11 19 4   0 0   1 1   2 2   3 3
11 181 4   0 0   1 1   2 2   3 3
11 121 4   0 0   1 1   2 2   3 3
12 272 4   0 0   1 1   2 2   3 3
12 33 4   0 0   1 1   2 2   3 3
12 308 4   0 0   1 1   2 2   3 3
12 245 4   0 0   1 1   2 2   3 3
12 139 4   0 0   1 1   2 2   3 3
12 61 4   0 0   1 1   2 2   3 3
13 165 4   0 0   1 1   2 2   3 3
13 314 4   0 0   1 1   2 2   3 3
13 158 4   0 0   1 1   2 2   3 3
13 191 4   0 0   1 1   2 2   3 3
14 135 4   0 0   1 1   2 2   3 3
14 88 4   0 0   1 1   2 2   3 3
14 232 4   0 0   1 1   2 2   3 3
14 106 4   0 0   1 1   2 2   3 3
14 283 4   0 0   1 1   2 2   3 3
14 76 4   0 0   1 1   2 2   3 3
15 256 4   0 0   1 1   2 2   3 3
15 81 4   0 0   1 1   2 2   3 3
15 227 4   0 0   1 1   2 2   3 3
15 296 4   0 0   1 1   2 2   3 3
15 138 4   0 0   1 1   2 2   3 3
15 44 4   0 0   1 1   2 2   3 3
15 95 4   0 0   1 1   2 2   3 3
16 304 4   0 0   1 1   2 2   3 3
16 50 4   0 0   1 1   2 2   3 3
16 309 4   0 0   1 1   2 2   3 3
16 263 4   0 0   1 1   2 2   3 3
16 233 4   0 0   1 1   2 2   3 3
16 205 4   0 0   1 1   2 2   3 3
16 270 4   0 0   1 1   2 2   3 3
17 291 4   0 0   1 1   2 2   3 3
17 20 4   0 0   1 1   2 2   3 3
17 263 4   0 0   1 1   2 2   3 3
17 107 4   0 0   1 1   2 2   3 3
18 199 4   0 0   1 1   2 2   3 3
18 218 4   0 0   1 1   2 2   3 3
18 42 4   0 0   1 1   2 2   3 3
18 29 4   0 0   1 1   2 2   3 3
18 94 4   0 0   1 1   2 2   3 3
18 142 4   0 0   1 1   2 2   3 3
19 241 4   0 0   1 1   2 2   3 3
19 181 4   0 0   1 1   2 2   3 3
19 70 4   0 0   1 1   2 2   3 3
19 121 4   0 0   1 1   2 2   3 3
20 291 4   0 0   1 1   2 2   3 3
20 169 4   0 0   1 1   2 2   3 3
20 107 4   0 0   1 1   2 2   3 3
20 172 4   0 0   1 1   2 2   3 3
20 63 4   0 0   1 1   2 2   3 3
20 207 4   0 0   1 1   2 2   3 3
21 145 4   0 0   1 1   2 2   3 3
21 117 4   0 0   1 1   2 2   3 3
21 73 4   0 0   1 1   2 2   3 3
21 27 4   0 0   1 1   2 2   3 3
21 220 4   0 0   1 1   2 2   3 3
22 97 4   0 0   1 1   2 2   3 3
22 146 4   0 0   1 1   2 2   3 3
22 197 4   0 0   1 1   2 2   3 3
22 71 4   0 0   1 1   2 2   3 3
22 248 4   0 0   1 1   2 2   3 3
22 152 4   0 0   1 1   2 2   3 3
22 92 4   0 0   1 1   2 2   3 3
23 194 4   0 0   1 1   2 2   3 3
23 131 4   0 0   1 1   2 2   3 3
23 165 4   0 0   1 1   2 2   3 3
23 41 4   0 0   1 1   2 2   3 3
23 26 4   0 0   1 1   2 2   3 3
24 161 4   0 0   1 1   2 2   3 3
24 132 4   0 0   1 1   2 2   3 3
24 229 4   0 0   1 1   2 2   3 3
24 168 4   0 0   1 1   2 2   3 3
24 72 4   0 0   1 1   2 2   3 3
24 159 4   0 0   1 1   2 2   3 3
25 96 4   0 0   1 1   2 2   3 3
25 67 4   0 0   1 1   2 2   3 3
25 53 4   0 0   1 1   2 2   3 3
26 129 4   0 0   1 1   2 2   3 3
26 131 4   0 0   1 1   2 2   3 3
26 184 4   0 0   1 1   2 2   3 3
26 41 4   0 0   1 1   2 2   3 3
26 75 4   0 0   1 1   2 2   3 3
26 284 4   0 0   1 1   2 2   3 3
27 145 4   0 0   1 1   2 2   3 3
27 73 4   0 0   1 1   2 2   3 3
27 153 4   0 0   1 1   2 2   3 3
27 265 4   0 0   1 1   2 2   3 3
28 290 4   0 0   1 1   2 2   3 3
28 100 4   0 0   1 1   2 2   3 3
28 230 4   0 0   1 1   2 2   3 3
28 102 4   0 0   1 1   2 2   3 3
28 86 4   0 0   1 1   2 2   3 3
29 177 4   0 0   1 1   2 2   3 3
29 114 4   0 0   1 1   2 2   3 3
29 84 4   0 0   1 1   2 2   3 3
29 218 4   0 0   1 1   2 2   3 3
29 94 4   0 0   1 1   2 2   3 3
30 163 4   0 0   1 1   2 2   3 3
30 281 4   0 0   1 1   2 2   3 3
30 139 4   0 0   1 1   2 2   3 3
30 271 4   0 0   1 1   2 2   3 3
31 240 4   0 0   1 1   2 2   3 3
31 260 4   0 0   1 1   2 2   3 3
31 104 4   0 0   1 1   2 2   3 3
31 154 4   0 0   1 1   2 2   3 3
31 125 4   0 0   1 1   2 2   3 3
32 51 4   0 0   1 1   2 2   3 3
32 212 4   0 0   1 1   2 2   3 3
32 37 4   0 0   1 1   2 2   3 3
32 103 4   0 0   1 1   2 2   3 3
32 140 4   0 0   1 1   2 2   3 3
33 245 4   0 0   1 1   2 2   3 3
33 61 4   0 0   1 1   2 2   3 3
34 64 4   0 0   1 1   2 2   3 3
34 225 4   0 0   1 1   2 2   3 3
34 99 4   0 0   1 1   2 2   3 3
34 69 4   0 0   1 1   2 2   3 3
34 56 4   0 0   1 1   2 2   3 3
34 298 4   0 0   1 1   2 2   3 3
34 108 4   0 0   1 1   2 2   3 3
34 188 4   0 0   1 1   2 2   3 3
34 190 4   0 0   1 1   2 2   3 3
35 225 4   0 0   1 1   2 2   3 3
35 273 4   0 0   1 1   2 2   3 3
35 162 4   0 0   1 1   2 2   3 3
35 166 4   0 0   1 1   2 2   3 3
35 74 4   0 0   1 1   2 2   3 3
36 160 4   0 0   1 1   2 2   3 3
36 192 4   0 0   1 1   2 2   3 3
36 43 4   0 0   1 1   2 2   3 3
36 253 4   0 0   1 1   2 2   3 3
36 93 4   0 0   1 1   2 2   3 3
37 51 4   0 0   1 1   2 2   3 3
37 120 4   0 0   1 1   2 2   3 3
37 266 4   0 0   1 1   2 2   3 3
37 171 4   0 0   1 1   2 2   3 3
38 208 4   0 0   1 1   2 2   3 3
38 258 4   0 0   1 1   2 2   3 3
38 259 4   0 0   1 1   2 2   3 3
38 228 4   0 0   1 1   2 2   3 3
38 39 4   0 0   1 1   2 2   3 3
38 231 4   0 0   1 1   2 2   3 3
38 249 4   0 0   1 1   2 2   3 3
38 300 4   0 0   1 1   2 2   3 3
38 237 4   0 0   1 1   2 2   3 3
39 208 4   0 0   1 1   2 2   3 3
39 193 4   0 0   1 1   2 2   3 3
39 243 4   0 0   1 1   2 2   3 3
39 244 4   0 0   1 1   2 2   3 3
39 249 4   0 0   1 1   2 2   3 3
40 224 4   0 0   1 1   2 2   3 3
40 229 4   0 0   1 1   2 2   3 3
40 54 4   0 0   1 1   2 2   3 3
40 72 4   0 0   1 1   2 2   3 3
40 123 4   0 0   1 1   2 2   3 3
40 171 4   0 0   1 1   2 2   3 3
41 165 4   0 0   1 1   2 2   3 3
41 75 4   0 0   1 1   2 2   3 3
41 77 4   0 0   1 1   2 2   3 3
41 158 4   0 0   1 1   2 2   3 3
41 191 4   0 0   1 1   2 2   3 3
42 52 4   0 0   1 1   2 2   3 3
42 218 4   0 0   1 1   2 2   3 3
42 142 4   0 0   1 1   2 2   3 3
42 223 4   0 0   1 1   2 2   3 3
43 160 4   0 0   1 1   2 2   3 3
43 97 4   0 0   1 1   2 2   3 3
43 248 4   0 0   1 1   2 2   3 3
43 253 4   0 0   1 1   2 2   3 3
43 271 4   0 0   1 1   2 2   3 3
44 256 4   0 0   1 1   2 2   3 3
44 312 4   0 0   1 1   2 2   3 3
44 204 4   0 0   1 1   2 2   3 3
44 46 4   0 0   1 1   2 2   3 3
44 95 4   0 0   1 1   2 2   3 3
45 226 4   0 0   1 1   2 2   3 3
45 274 4   0 0   1 1   2 2   3 3
45 60 4   0 0   1 1   2 2   3 3
45 156 4   0 0   1 1   2 2   3 3
45 287 4   0 0   1 1   2 2   3 3
46 256 4   0 0   1 1   2 2   3 3
46 89 4   0 0   1 1   2 2   3 3
46 204 4   0 0   1 1   2 2   3 3
47 192 4   0 0   1 1   2 2   3 3
47 178 4   0 0   1 1   2 2   3 3
47 250 4   0 0   1 1   2 2   3 3
47 59 4   0 0   1 1   2 2   3 3
48 96 4   0 0   1 1   2 2   3 3
48 162 4   0 0   1 1   2 2   3 3
48 85 4   0 0   1 1   2 2   3 3
48 294 4   0 0   1 1   2 2   3 3
48 74 4   0 0   1 1   2 2   3 3
49 211 4   0 0   1 1   2 2   3 3
49 71 4   0 0   1 1   2 2   3 3
49 271 4   0 0   1 1   2 2   3 3
50 177 4   0 0   1 1   2 2   3 3
50 291 4   0 0   1 1   2 2   3 3
50 263 4   0 0   1 1   2 2   3 3
50 199 4   0 0   1 1   2 2   3 3
50 233 4   0 0   1 1   2 2   3 3
51 83 4   0 0   1 1   2 2   3 3
51 212 4   0 0   1 1   2 2   3 3
51 171 4   0 0   1 1   2 2   3 3
51 255 4   0 0   1 1   2 2   3 3
52 296 4   0 0   1 1   2 2   3 3
52 218 4   0 0   1 1   2 2   3 3
52 316 4   0 0   1 1   2 2   3 3
52 284 4   0 0   1 1   2 2   3 3
52 223 4   0 0   1 1   2 2   3 3
53 96 4   0 0   1 1   2 2   3 3
53 306 4   0 0   1 1   2 2   3 3
53 67 4   0 0   1 1   2 2   3 3
53 74 4   0 0   1 1   2 2   3 3
54 224 4   0 0   1 1   2 2   3 3
54 117 4   0 0   1 1   2 2   3 3
54 217 4   0 0   1 1   2 2   3 3
54 171 4   0 0   1 1   2 2   3 3
54 220 4   0 0   1 1   2 2   3 3
54 285 4   0 0   1 1   2 2   3 3
55 65 4   0 0   1 1   2 2   3 3
55 100 4   0 0   1 1   2 2   3 3
55 234 4   0 0   1 1   2 2   3 3
55 206 4   0 0   1 1   2 2   3 3
56 290 4   0 0   1 1   2 2   3 3
56 243 4   0 0   1 1   2 2   3 3
56 86 4   0 0   1 1   2 2   3 3
56 279 4   0 0   1 1   2 2   3 3
56 298 4   0 0   1 1   2 2   3 3
56 236 4   0 0   1 1   2 2   3 3
56 300 4   0 0   1 1   2 2   3 3
57 272 4   0 0   1 1   2 2   3 3
57 244 4   0 0   1 1   2 2   3 3
57 245 4   0 0   1 1   2 2   3 3
57 198 4   0 0   1 1   2 2   3 3
57 200 4   0 0   1 1   2 2   3 3
57 286 4   0 0   1 1   2 2   3 3
58 240 4   0 0   1 1   2 2   3 3
58 292 4   0 0   1 1   2 2   3 3
58 103 4   0 0   1 1   2 2   3 3
58 90 4   0 0   1 1   2 2   3 3
58 125 4   0 0   1 1   2 2   3 3
59 178 4   0 0   1 1   2 2   3 3
59 106 4   0 0   1 1   2 2   3 3
59 76 4   0 0   1 1   2 2   3 3
59 269 4   0 0   1 1   2 2   3 3
59 141 4   0 0   1 1   2 2   3 3
60 226 4   0 0   1 1   2 2   3 3
60 68 4   0 0   1 1   2 2   3 3
60 235 4   0 0   1 1   2 2   3 3
60 268 4   0 0   1 1   2 2   3 3
60 156 4   0 0   1 1   2 2   3 3
61 139 4   0 0   1 1   2 2   3 3
62 288 4   0 0   1 1   2 2   3 3
62 242 4   0 0   1 1   2 2   3 3
62 157 4   0 0   1 1   2 2   3 3
62 111 4   0 0   1 1   2 2   3 3
63 112 4   0 0   1 1   2 2   3 3
63 169 4   0 0   1 1   2 2   3 3
63 107 4   0 0   1 1   2 2   3 3
63 302 4   0 0   1 1   2 2   3 3
63 287 4   0 0   1 1   2 2   3 3
64 180 4   0 0   1 1   2 2   3 3
64 69 4   0 0   1 1   2 2   3 3
64 190 4   0 0   1 1   2 2   3 3
64 143 4   0 0   1 1   2 2   3 3
65 196 4   0 0   1 1   2 2   3 3
65 166 4   0 0   1 1   2 2   3 3
65 234 4   0 0   1 1   2 2   3 3
65 236 4   0 0   1 1   2 2   3 3
65 206 4   0 0   1 1   2 2   3 3
66 176 4   0 0   1 1   2 2   3 3
66 69 4   0 0   1 1   2 2   3 3
66 300 4   0 0   1 1   2 2   3 3
66 237 4   0 0   1 1   2 2   3 3
66 79 4   0 0   1 1   2 2   3 3
67 306 4   0 0   1 1   2 2   3 3
67 101 4   0 0   1 1   2 2   3 3
67 87 4   0 0   1 1   2 2   3 3
68 195 4   0 0   1 1   2 2   3 3
68 88 4   0 0   1 1   2 2   3 3
68 232 4   0 0   1 1   2 2   3 3
68 156 4   0 0   1 1   2 2   3 3
69 257 4   0 0   1 1   2 2   3 3
69 300 4   0 0   1 1   2 2   3 3
69 79 4   0 0   1 1   2 2   3 3
69 143 4   0 0   1 1   2 2   3 3
70 241 4   0 0   1 1   2 2   3 3
70 242 4   0 0   1 1   2 2   3 3
70 307 4   0 0   1 1   2 2   3 3
70 121 4   0 0   1 1   2 2   3 3
70 111 4   0 0   1 1   2 2   3 3
71 97 4   0 0   1 1   2 2   3 3
71 211 4   0 0   1 1   2 2   3 3
71 152 4   0 0   1 1   2 2   3 3
71 238 4   0 0   1 1   2 2   3 3
71 271 4   0 0   1 1   2 2   3 3
72 229 4   0 0   1 1   2 2   3 3
72 91 4   0 0   1 1   2 2   3 3
72 123 4   0 0   1 1   2 2   3 3
73 117 4   0 0   1 1   2 2   3 3
73 153 4   0 0   1 1   2 2   3 3
73 266 4   0 0   1 1   2 2   3 3
74 96 4   0 0   1 1   2 2   3 3
74 162 4   0 0   1 1   2 2   3 3
74 306 4   0 0   1 1   2 2   3 3
74 155 4   0 0   1 1   2 2   3 3
75 129 4   0 0   1 1   2 2   3 3
75 114 4   0 0   1 1   2 2   3 3
75 233 4   0 0   1 1   2 2   3 3
75 267 4   0 0   1 1   2 2   3 3
75 77 4   0 0   1 1   2 2   3 3
75 303 4   0 0   1 1   2 2   3 3
76 115 4   0 0   1 1   2 2   3 3
76 276 4   0 0   1 1   2 2   3 3
76 280 4   0 0   1 1   2 2   3 3
76 232 4   0 0   1 1   2 2   3 3
76 106 4   0 0   1 1   2 2   3 3
76 252 4   0 0   1 1   2 2   3 3
76 141 4   0 0   1 1   2 2   3 3
77 116 4   0 0   1 1   2 2   3 3
77 267 4   0 0   1 1   2 2   3 3
78 83 4   0 0   1 1   2 2   3 3
78 91 4   0 0   1 1   2 2   3 3
78 123 4   0 0   1 1   2 2   3 3
78 222 4   0 0   1 1   2 2   3 3
79 176 4   0 0   1 1   2 2   3 3
79 257 4   0 0   1 1   2 2   3 3
79 124 4   0 0   1 1   2 2   3 3
80 209 4   0 0   1 1   2 2   3 3
80 148 4   0 0   1 1   2 2   3 3
80 100 4   0 0   1 1   2 2   3 3
80 181 4   0 0   1 1   2 2   3 3
80 230 4   0 0   1 1   2 2   3 3
80 313 4   0 0   1 1   2 2   3 3
80 251 4   0 0   1 1   2 2   3 3
80 301 4   0 0   1 1   2 2   3 3
81 264 4   0 0   1 1   2 2   3 3
81 296 4   0 0   1 1   2 2   3 3
81 138 4   0 0   1 1   2 2   3 3
81 316 4   0 0   1 1   2 2   3 3
81 223 4   0 0   1 1   2 2   3 3
82 305 4   0 0   1 1   2 2   3 3
82 201 4   0 0   1 1   2 2   3 3
82 141 4   0 0   1 1   2 2   3 3
83 212 4   0 0   1 1   2 2   3 3
83 123 4   0 0   1 1   2 2   3 3
83 140 4   0 0   1 1   2 2   3 3
83 222 4   0 0   1 1   2 2   3 3
83 255 4   0 0   1 1   2 2   3 3
84 129 4   0 0   1 1   2 2   3 3
84 114 4   0 0   1 1   2 2   3 3
84 216 4   0 0   1 1   2 2   3 3
84 184 4   0 0   1 1   2 2   3 3
84 218 4   0 0   1 1   2 2   3 3
85 196 4   0 0   1 1   2 2   3 3
85 294 4   0 0   1 1   2 2   3 3
86 290 4   0 0   1 1   2 2   3 3
86 243 4   0 0   1 1   2 2   3 3
86 102 4   0 0   1 1   2 2   3 3
87 113 4   0 0   1 1   2 2   3 3
87 306 4   0 0   1 1   2 2   3 3
87 101 4   0 0   1 1   2 2   3 3
87 122 4   0 0   1 1   2 2   3 3
87 282 4   0 0   1 1   2 2   3 3
88 232 4   0 0   1 1   2 2   3 3
88 283 4   0 0   1 1   2 2   3 3
89 256 4   0 0   1 1   2 2   3 3
89 194 4   0 0   1 1   2 2   3 3
89 227 4   0 0   1 1   2 2   3 3
89 131 4   0 0   1 1   2 2   3 3
89 182 4   0 0   1 1   2 2   3 3
89 187 4   0 0   1 1   2 2   3 3
89 204 4   0 0   1 1   2 2   3 3
90 103 4   0 0   1 1   2 2   3 3
90 154 4   0 0   1 1   2 2   3 3
90 125 4   0 0   1 1   2 2   3 3
91 144 4   0 0   1 1   2 2   3 3
91 180 4   0 0   1 1   2 2   3 3
91 123 4   0 0   1 1   2 2   3 3
91 222 4   0 0   1 1   2 2   3 3
92 160 4   0 0   1 1   2 2   3 3
92 146 4   0 0   1 1   2 2   3 3
92 248 4   0 0   1 1   2 2   3 3
93 192 4   0 0   1 1   2 2   3 3
93 250 4   0 0   1 1   2 2   3 3
93 189 4   0 0   1 1   2 2   3 3
93 253 4   0 0   1 1   2 2   3 3
94 177 4   0 0   1 1   2 2   3 3
94 199 4   0 0   1 1   2 2   3 3
95 145 4   0 0   1 1   2 2   3 3
95 312 4   0 0   1 1   2 2   3 3
95 138 4   0 0   1 1   2 2   3 3
97 211 4   0 0   1 1   2 2   3 3
97 248 4   0 0   1 1   2 2   3 3
97 271 4   0 0   1 1   2 2   3 3
98 144 4   0 0   1 1   2 2   3 3
98 99 4   0 0   1 1   2 2   3 3
98 183 4   0 0   1 1   2 2   3 3
98 202 4   0 0   1 1   2 2   3 3
98 222 4   0 0   1 1   2 2   3 3
99 183 4   0 0   1 1   2 2   3 3
99 202 4   0 0   1 1   2 2   3 3
99 188 4   0 0   1 1   2 2   3 3
99 190 4   0 0   1 1   2 2   3 3
100 290 4   0 0   1 1   2 2   3 3
100 230 4   0 0   1 1   2 2   3 3
100 234 4   0 0   1 1   2 2   3 3
100 301 4   0 0   1 1   2 2   3 3
100 206 4   0 0   1 1   2 2   3 3
101 113 4   0 0   1 1   2 2   3 3
102 243 4   0 0   1 1   2 2   3 3
102 230 4   0 0   1 1   2 2   3 3
103 292 4   0 0   1 1   2 2   3 3
103 140 4   0 0   1 1   2 2   3 3
104 240 4   0 0   1 1   2 2   3 3
104 113 4   0 0   1 1   2 2   3 3
104 260 4   0 0   1 1   2 2   3 3
104 246 4   0 0   1 1   2 2   3 3
105 310 4   0 0   1 1   2 2   3 3
105 297 4   0 0   1 1   2 2   3 3
105 314 4   0 0   1 1   2 2   3 3
105 299 4   0 0   1 1   2 2   3 3
105 191 4   0 0   1 1   2 2   3 3
106 192 4   0 0   1 1   2 2   3 3
106 178 4   0 0   1 1   2 2   3 3
106 135 4   0 0   1 1   2 2   3 3
107 112 4   0 0   1 1   2 2   3 3
107 263 4   0 0   1 1   2 2   3 3
107 221 4   0 0   1 1   2 2   3 3
108 155 4   0 0   1 1   2 2   3 3
108 188 4   0 0   1 1   2 2   3 3
108 239 4   0 0   1 1   2 2   3 3
109 289 4   0 0   1 1   2 2   3 3
109 118 4   0 0   1 1   2 2   3 3
109 278 4   0 0   1 1   2 2   3 3
109 134 4   0 0   1 1   2 2   3 3
109 185 4   0 0   1 1   2 2   3 3
109 137 4   0 0   1 1   2 2   3 3
109 268 4   0 0   1 1   2 2   3 3
110 257 4   0 0   1 1   2 2   3 3
110 262 4   0 0   1 1   2 2   3 3
110 151 4   0 0   1 1   2 2   3 3
110 119 4   0 0   1 1   2 2   3 3
110 124 4   0 0   1 1   2 2   3 3
111 242 4   0 0   1 1   2 2   3 3
111 307 4   0 0   1 1   2 2   3 3
111 157 4   0 0   1 1   2 2   3 3
112 195 4   0 0   1 1   2 2   3 3
112 156 4   0 0   1 1   2 2   3 3
112 221 4   0 0   1 1   2 2   3 3
112 287 4   0 0   1 1   2 2   3 3
113 240 4   0 0   1 1   2 2   3 3
113 282 4   0 0   1 1   2 2   3 3
114 177 4   0 0   1 1   2 2   3 3
114 129 4   0 0   1 1   2 2   3 3
114 216 4   0 0   1 1   2 2   3 3
114 233 4   0 0   1 1   2 2   3 3
115 305 4   0 0   1 1   2 2   3 3
115 276 4   0 0   1 1   2 2   3 3
115 252 4   0 0   1 1   2 2   3 3
115 141 4   0 0   1 1   2 2   3 3
116 267 4   0 0   1 1   2 2   3 3
117 266 4   0 0   1 1   2 2   3 3
117 171 4   0 0   1 1   2 2   3 3
117 220 4   0 0   1 1   2 2   3 3
118 185 4   0 0   1 1   2 2   3 3
118 235 4   0 0   1 1   2 2   3 3
118 268 4   0 0   1 1   2 2   3 3
118 238 4   0 0   1 1   2 2   3 3
118 175 4   0 0   1 1   2 2   3 3
118 271 4   0 0   1 1   2 2   3 3
119 262 4   0 0   1 1   2 2   3 3
119 169 4   0 0   1 1   2 2   3 3
119 186 4   0 0   1 1   2 2   3 3
119 302 4   0 0   1 1   2 2   3 3
120 153 4   0 0   1 1   2 2   3 3
120 265 4   0 0   1 1   2 2   3 3
120 266 4   0 0   1 1   2 2   3 3
121 193 4   0 0   1 1   2 2   3 3
121 307 4   0 0   1 1   2 2   3 3
121 149 4   0 0   1 1   2 2   3 3
121 150 4   0 0   1 1   2 2   3 3
122 306 4   0 0   1 1   2 2   3 3
122 133 4   0 0   1 1   2 2   3 3
122 282 4   0 0   1 1   2 2   3 3
122 155 4   0 0   1 1   2 2   3 3
123 171 4   0 0   1 1   2 2   3 3
123 255 4   0 0   1 1   2 2   3 3
124 176 4   0 0   1 1   2 2   3 3
124 257 4   0 0   1 1   2 2   3 3
124 151 4   0 0   1 1   2 2   3 3
125 240 4   0 0   1 1   2 2   3 3
125 154 4   0 0   1 1   2 2   3 3
126 161 4   0 0   1 1   2 2   3 3
126 130 4   0 0   1 1   2 2   3 3
126 168 4   0 0   1 1   2 2   3 3
126 172 4   0 0   1 1   2 2   3 3
126 207 4   0 0   1 1   2 2   3 3
126 159 4   0 0   1 1   2 2   3 3
127 224 4   0 0   1 1   2 2   3 3
127 229 4   0 0   1 1   2 2   3 3
127 311 4   0 0   1 1   2 2   3 3
127 217 4   0 0   1 1   2 2   3 3
127 315 4   0 0   1 1   2 2   3 3
127 285 4   0 0   1 1   2 2   3 3
127 223 4   0 0   1 1   2 2   3 3
128 210 4   0 0   1 1   2 2   3 3
128 147 4   0 0   1 1   2 2   3 3
128 277 4   0 0   1 1   2 2   3 3
129 216 4   0 0   1 1   2 2   3 3
129 184 4   0 0   1 1   2 2   3 3
130 291 4   0 0   1 1   2 2   3 3
130 199 4   0 0   1 1   2 2   3 3
130 168 4   0 0   1 1   2 2   3 3
130 207 4   0 0   1 1   2 2   3 3
131 194 4   0 0   1 1   2 2   3 3
131 227 4   0 0   1 1   2 2   3 3
131 284 4   0 0   1 1   2 2   3 3
132 159 4   0 0   1 1   2 2   3 3
132 143 4   0 0   1 1   2 2   3 3
133 275 4   0 0   1 1   2 2   3 3
133 292 4   0 0   1 1   2 2   3 3
133 214 4   0 0   1 1   2 2   3 3
133 183 4   0 0   1 1   2 2   3 3
133 282 4   0 0   1 1   2 2   3 3
133 155 4   0 0   1 1   2 2   3 3
133 239 4   0 0   1 1   2 2   3 3
134 258 4   0 0   1 1   2 2   3 3
134 228 4   0 0   1 1   2 2   3 3
134 278 4   0 0   1 1   2 2   3 3
134 262 4   0 0   1 1   2 2   3 3
134 136 4   0 0   1 1   2 2   3 3
134 137 4   0 0   1 1   2 2   3 3
135 192 4   0 0   1 1   2 2   3 3
135 219 4   0 0   1 1   2 2   3 3
135 283 4   0 0   1 1   2 2   3 3
136 259 4   0 0   1 1   2 2   3 3
136 164 4   0 0   1 1   2 2   3 3
136 228 4   0 0   1 1   2 2   3 3
136 137 4   0 0   1 1   2 2   3 3
137 164 4   0 0   1 1   2 2   3 3
137 261 4   0 0   1 1   2 2   3 3
137 185 4   0 0   1 1   2 2   3 3
138 145 4   0 0   1 1   2 2   3 3
138 311 4   0 0   1 1   2 2   3 3
138 264 4   0 0   1 1   2 2   3 3
138 220 4   0 0   1 1   2 2   3 3
139 213 4   0 0   1 1   2 2   3 3
139 281 4   0 0   1 1   2 2   3 3
140 275 4   0 0   1 1   2 2   3 3
140 212 4   0 0   1 1   2 2   3 3
140 292 4   0 0   1 1   2 2   3 3
140 222 4   0 0   1 1   2 2   3 3
141 305 4   0 0   1 1   2 2   3 3
141 201 4   0 0   1 1   2 2   3 3
141 173 4   0 0   1 1   2 2   3 3
141 269 4   0 0   1 1   2 2   3 3
142 199 4   0 0   1 1   2 2   3 3
142 247 4   0 0   1 1   2 2   3 3
142 223 4   0 0   1 1   2 2   3 3
143 180 4   0 0   1 1   2 2   3 3
144 180 4   0 0   1 1   2 2   3 3
144 202 4   0 0   1 1   2 2   3 3
144 190 4   0 0   1 1   2 2   3 3
144 222 4   0 0   1 1   2 2   3 3
145 312 4   0 0   1 1   2 2   3 3
145 220 4   0 0   1 1   2 2   3 3
146 197 4   0 0   1 1   2 2   3 3
146 283 4   0 0   1 1   2 2   3 3
147 277 4   0 0   1 1   2 2   3 3
147 201 4   0 0   1 1   2 2   3 3
148 209 4   0 0   1 1   2 2   3 3
148 181 4   0 0   1 1   2 2   3 3
149 307 4   0 0   1 1   2 2   3 3
149 293 4   0 0   1 1   2 2   3 3
149 198 4   0 0   1 1   2 2   3 3
149 150 4   0 0   1 1   2 2   3 3
149 170 4   0 0   1 1   2 2   3 3
150 193 4   0 0   1 1   2 2   3 3
150 244 4   0 0   1 1   2 2   3 3
150 198 4   0 0   1 1   2 2   3 3
150 170 4   0 0   1 1   2 2   3 3
151 176 4   0 0   1 1   2 2   3 3
151 262 4   0 0   1 1   2 2   3 3
152 197 4   0 0   1 1   2 2   3 3
152 238 4   0 0   1 1   2 2   3 3
153 265 4   0 0   1 1   2 2   3 3
153 266 4   0 0   1 1   2 2   3 3
154 260 4   0 0   1 1   2 2   3 3
155 306 4   0 0   1 1   2 2   3 3
155 214 4   0 0   1 1   2 2   3 3
155 239 4   0 0   1 1   2 2   3 3
156 195 4   0 0   1 1   2 2   3 3
156 287 4   0 0   1 1   2 2   3 3
157 307 4   0 0   1 1   2 2   3 3
158 165 4   0 0   1 1   2 2   3 3
158 191 4   0 0   1 1   2 2   3 3
159 161 4   0 0   1 1   2 2   3 3
159 172 4   0 0   1 1   2 2   3 3
160 248 4   0 0   1 1   2 2   3 3
161 168 4   0 0   1 1   2 2   3 3
162 273 4   0 0   1 1   2 2   3 3
162 294 4   0 0   1 1   2 2   3 3
163 281 4   0 0   1 1   2 2   3 3
163 174 4   0 0   1 1   2 2   3 3
163 271 4   0 0   1 1   2 2   3 3
163 175 4   0 0   1 1   2 2   3 3
164 272 4   0 0   1 1   2 2   3 3
164 259 4   0 0   1 1   2 2   3 3
164 261 4   0 0   1 1   2 2   3 3
164 286 4   0 0   1 1   2 2   3 3
165 194 4   0 0   1 1   2 2   3 3
165 314 4   0 0   1 1   2 2   3 3
165 187 4   0 0   1 1   2 2   3 3
166 225 4   0 0   1 1   2 2   3 3
166 273 4   0 0   1 1   2 2   3 3
166 196 4   0 0   1 1   2 2   3 3
166 236 4   0 0   1 1   2 2   3 3
167 309 4   0 0   1 1   2 2   3 3
167 295 4   0 0   1 1   2 2   3 3
167 232 4   0 0   1 1   2 2   3 3
167 252 4   0 0   1 1   2 2   3 3
167 221 4   0 0   1 1   2 2   3 3
168 229 4   0 0   1 1   2 2   3 3
168 199 4   0 0   1 1   2 2   3 3
168 247 4   0 0   1 1   2 2   3 3
169 302 4   0 0   1 1   2 2   3 3
170 198 4   0 0   1 1   2 2   3 3
171 266 4   0 0   1 1   2 2   3 3
171 255 4   0 0   1 1   2 2   3 3
172 207 4   0 0   1 1   2 2   3 3
173 179 4   0 0   1 1   2 2   3 3
173 201 4   0 0   1 1   2 2   3 3
173 269 4   0 0   1 1   2 2   3 3
174 261 4   0 0   1 1   2 2   3 3
174 281 4   0 0   1 1   2 2   3 3
174 185 4   0 0   1 1   2 2   3 3
174 175 4   0 0   1 1   2 2   3 3
175 185 4   0 0   1 1   2 2   3 3
175 271 4   0 0   1 1   2 2   3 3
176 258 4   0 0   1 1   2 2   3 3
176 262 4   0 0   1 1   2 2   3 3
176 237 4   0 0   1 1   2 2   3 3
177 199 4   0 0   1 1   2 2   3 3
177 233 4   0 0   1 1   2 2   3 3
178 192 4   0 0   1 1   2 2   3 3
179 201 4   0 0   1 1   2 2   3 3
180 190 4   0 0   1 1   2 2   3 3
181 241 4   0 0   1 1   2 2   3 3
181 193 4   0 0   1 1   2 2   3 3
182 310 4   0 0   1 1   2 2   3 3
182 187 4   0 0   1 1   2 2   3 3
182 204 4   0 0   1 1   2 2   3 3
183 275 4   0 0   1 1   2 2   3 3
183 188 4   0 0   1 1   2 2   3 3
183 222 4   0 0   1 1   2 2   3 3
183 239 4   0 0   1 1   2 2   3 3
184 218 4   0 0   1 1   2 2   3 3
184 284 4   0 0   1 1   2 2   3 3
185 261 4   0 0   1 1   2 2   3 3
186 289 4   0 0   1 1   2 2   3 3
186 226 4   0 0   1 1   2 2   3 3
186 278 4   0 0   1 1   2 2   3 3
186 262 4   0 0   1 1   2 2   3 3
186 268 4   0 0   1 1   2 2   3 3
186 302 4   0 0   1 1   2 2   3 3
187 194 4   0 0   1 1   2 2   3 3
187 310 4   0 0   1 1   2 2   3 3
187 314 4   0 0   1 1   2 2   3 3
188 239 4   0 0   1 1   2 2   3 3
189 253 4   0 0   1 1   2 2   3 3
190 202 4   0 0   1 1   2 2   3 3
191 314 4   0 0   1 1   2 2   3 3
191 299 4   0 0   1 1   2 2   3 3
192 250 4   0 0   1 1   2 2   3 3
192 219 4   0 0   1 1   2 2   3 3
193 244 4   0 0   1 1   2 2   3 3
195 232 4   0 0   1 1   2 2   3 3
195 221 4   0 0   1 1   2 2   3 3
196 273 4   0 0   1 1   2 2   3 3
196 294 4   0 0   1 1   2 2   3 3
196 206 4   0 0   1 1   2 2   3 3
197 235 4   0 0   1 1   2 2   3 3
197 238 4   0 0   1 1   2 2   3 3
198 244 4   0 0   1 1   2 2   3 3
198 293 4   0 0   1 1   2 2   3 3
198 200 4   0 0   1 1   2 2   3 3
199 291 4   0 0   1 1   2 2   3 3
199 247 4   0 0   1 1   2 2   3 3
200 293 4   0 0   1 1   2 2   3 3
200 245 4   0 0   1 1   2 2   3 3
201 305 4   0 0   1 1   2 2   3 3
203 304 4   0 0   1 1   2 2   3 3
203 205 4   0 0   1 1   2 2   3 3
203 303 4   0 0   1 1   2 2   3 3
204 310 4   0 0   1 1   2 2   3 3
204 297 4   0 0   1 1   2 2   3 3
205 304 4   0 0   1 1   2 2   3 3
205 233 4   0 0   1 1   2 2   3 3
205 303 4   0 0   1 1   2 2   3 3
206 301 4   0 0   1 1   2 2   3 3
207 291 4   0 0   1 1   2 2   3 3
208 243 4   0 0   1 1   2 2   3 3
208 279 4   0 0   1 1   2 2   3 3
208 300 4   0 0   1 1   2 2   3 3
209 230 4   0 0   1 1   2 2   3 3
210 277 4   0 0   1 1   2 2   3 3
210 215 4   0 0   1 1   2 2   3 3
210 254 4   0 0   1 1   2 2   3 3
210 270 4   0 0   1 1   2 2   3 3
211 271 4   0 0   1 1   2 2   3 3
213 271 4   0 0   1 1   2 2   3 3
214 239 4   0 0   1 1   2 2   3 3
215 309 4   0 0   1 1   2 2   3 3
215 295 4   0 0   1 1   2 2   3 3
215 252 4   0 0   1 1   2 2   3 3
215 270 4   0 0   1 1   2 2   3 3
217 311 4   0 0   1 1   2 2   3 3
217 220 4   0 0   1 1   2 2   3 3
217 285 4   0 0   1 1   2 2   3 3
218 284 4   0 0   1 1   2 2   3 3
219 283 4   0 0   1 1   2 2   3 3
220 311 4   0 0   1 1   2 2   3 3
221 309 4   0 0   1 1   2 2   3 3
221 263 4   0 0   1 1   2 2   3 3
221 232 4   0 0   1 1   2 2   3 3
222 275 4   0 0   1 1   2 2   3 3
223 247 4   0 0   1 1   2 2   3 3
223 311 4   0 0   1 1   2 2   3 3
223 264 4   0 0   1 1   2 2   3 3
223 315 4   0 0   1 1   2 2   3 3
223 316 4   0 0   1 1   2 2   3 3
224 229 4   0 0   1 1   2 2   3 3
224 285 4   0 0   1 1   2 2   3 3
225 298 4   0 0   1 1   2 2   3 3
225 236 4   0 0   1 1   2 2   3 3
226 274 4   0 0   1 1   2 2   3 3
226 268 4   0 0   1 1   2 2   3 3
226 302 4   0 0   1 1   2 2   3 3
227 256 4   0 0   1 1   2 2   3 3
227 296 4   0 0   1 1   2 2   3 3
227 284 4   0 0   1 1   2 2   3 3
228 258 4   0 0   1 1   2 2   3 3
228 259 4   0 0   1 1   2 2   3 3
229 247 4   0 0   1 1   2 2   3 3
229 315 4   0 0   1 1   2 2   3 3
230 243 4   0 0   1 1   2 2   3 3
231 259 4   0 0   1 1   2 2   3 3
231 249 4   0 0   1 1   2 2   3 3
231 286 4   0 0   1 1   2 2   3 3
232 252 4   0 0   1 1   2 2   3 3
233 303 4   0 0   1 1   2 2   3 3
234 290 4   0 0   1 1   2 2   3 3
234 236 4   0 0   1 1   2 2   3 3
235 268 4   0 0   1 1   2 2   3 3
235 238 4   0 0   1 1   2 2   3 3
236 290 4   0 0   1 1   2 2   3 3
236 298 4   0 0   1 1   2 2   3 3
237 258 4   0 0   1 1   2 2   3 3
237 300 4   0 0   1 1   2 2   3 3
240 292 4   0 0   1 1   2 2   3 3
240 282 4   0 0   1 1   2 2   3 3
241 242 4   0 0   1 1   2 2   3 3
241 313 4   0 0   1 1   2 2   3 3
242 288 4   0 0   1 1   2 2   3 3
242 313 4   0 0   1 1   2 2   3 3
243 279 4   0 0   1 1   2 2   3 3
244 249 4   0 0   1 1   2 2   3 3
244 286 4   0 0   1 1   2 2   3 3
245 272 4   0 0   1 1   2 2   3 3
245 293 4   0 0   1 1   2 2   3 3
246 260 4   0 0   1 1   2 2   3 3
247 315 4   0 0   1 1   2 2   3 3
249 286 4   0 0   1 1   2 2   3 3
251 301 4   0 0   1 1   2 2   3 3
252 276 4   0 0   1 1   2 2   3 3
252 295 4   0 0   1 1   2 2   3 3
252 280 4   0 0   1 1   2 2   3 3
254 277 4   0 0   1 1   2 2   3 3
254 270 4   0 0   1 1   2 2   3 3
258 262 4   0 0   1 1   2 2   3 3
259 286 4   0 0   1 1   2 2   3 3
261 272 4   0 0   1 1   2 2   3 3
261 281 4   0 0   1 1   2 2   3 3
262 278 4   0 0   1 1   2 2   3 3
263 291 4   0 0   1 1   2 2   3 3
263 309 4   0 0   1 1   2 2   3 3
264 311 4   0 0   1 1   2 2   3 3
267 303 4   0 0   1 1   2 2   3 3
268 289 4   0 0   1 1   2 2   3 3
270 304 4   0 0   1 1   2 2   3 3
270 309 4   0 0   1 1   2 2   3 3
272 308 4   0 0   1 1   2 2   3 3
272 281 4   0 0   1 1   2 2   3 3
272 286 4   0 0   1 1   2 2   3 3
273 294 4   0 0   1 1   2 2   3 3
274 302 4   0 0   1 1   2 2   3 3
274 287 4   0 0   1 1   2 2   3 3
275 292 4   0 0   1 1   2 2   3 3
276 280 4   0 0   1 1   2 2   3 3
278 289 4   0 0   1 1   2 2   3 3
279 300 4   0 0   1 1   2 2   3 3
281 308 4   0 0   1 1   2 2   3 3
282 292 4   0 0   1 1   2 2   3 3
284 296 4   0 0   1 1   2 2   3 3
287 302 4   0 0   1 1   2 2   3 3
288 313 4   0 0   1 1   2 2   3 3
293 307 4   0 0   1 1   2 2   3 3
295 309 4   0 0   1 1   2 2   3 3
296 316 4   0 0   1 1   2 2   3 3
297 310 4   0 0   1 1   2 2   3 3
310 314 4   0 0   1 1   2 2   3 3
