336
1 4 0 1 2 3
2 4 0 1 2 3
3 4 0 1 2 3
4 4 0 1 2 3
5 4 0 1 2 3
6 4 0 1 2 3
7 4 0 1 2 3
8 4 0 1 2 3
9 4 0 1 2 3
10 4 0 1 2 3
11 4 0 1 2 3
12 4 0 1 2 3
13 4 0 1 2 3
14 4 0 1 2 3
15 4 0 1 2 3
16 4 0 1 2 3
17 4 0 1 2 3
18 4 0 1 2 3
19 4 0 1 2 3
20 4 0 1 2 3
21 4 0 1 2 3
22 4 0 1 2 3
23 4 0 1 2 3
24 4 0 1 2 3
25 4 0 1 2 3
26 4 0 1 2 3
27 4 0 1 2 3
28 4 0 1 2 3
29 4 0 1 2 3
30 4 0 1 2 3
31 4 0 1 2 3
32 4 0 1 2 3
33 4 0 1 2 3
34 4 0 1 2 3
35 4 0 1 2 3
36 4 0 1 2 3
37 4 0 1 2 3
38 4 0 1 2 3
39 4 0 1 2 3
40 4 0 1 2 3
41 4 0 1 2 3
42 4 0 1 2 3
43 4 0 1 2 3
44 4 0 1 2 3
45 4 0 1 2 3
46 4 0 1 2 3
47 4 0 1 2 3
48 4 0 1 2 3
49 4 0 1 2 3
50 4 0 1 2 3
51 4 0 1 2 3
52 4 0 1 2 3
53 4 0 1 2 3
54 4 0 1 2 3
55 4 0 1 2 3
56 4 0 1 2 3
57 4 0 1 2 3
58 4 0 1 2 3
59 4 0 1 2 3
60 4 0 1 2 3
61 4 0 1 2 3
62 4 0 1 2 3
63 4 0 1 2 3
64 4 0 1 2 3
65 4 0 1 2 3
66 4 0 1 2 3
67 4 0 1 2 3
68 4 0 1 2 3
69 4 0 1 2 3
70 4 0 1 2 3
71 4 0 1 2 3
72 4 0 1 2 3
73 4 0 1 2 3
74 4 0 1 2 3
75 4 0 1 2 3
76 4 0 1 2 3
77 4 0 1 2 3
78 4 0 1 2 3
79 4 0 1 2 3
80 4 0 1 2 3
81 4 0 1 2 3
82 4 0 1 2 3
83 4 0 1 2 3
84 4 0 1 2 3
85 4 0 1 2 3
86 4 0 1 2 3
87 4 0 1 2 3
88 4 0 1 2 3
89 4 0 1 2 3
90 4 0 1 2 3
91 4 0 1 2 3
92 4 0 1 2 3
93 4 0 1 2 3
94 4 0 1 2 3
95 4 0 1 2 3
96 4 0 1 2 3
97 4 0 1 2 3
98 4 0 1 2 3
99 4 0 1 2 3
100 4 0 1 2 3
101 4 0 1 2 3
102 4 0 1 2 3
103 4 0 1 2 3
104 4 0 1 2 3
105 4 0 1 2 3
106 4 0 1 2 3
107 4 0 1 2 3
108 4 0 1 2 3
109 4 0 1 2 3
110 4 0 1 2 3
111 4 0 1 2 3
112 4 0 1 2 3
113 4 0 1 2 3
114 4 0 1 2 3
115 4 0 1 2 3
116 4 0 1 2 3
117 4 0 1 2 3
118 4 0 1 2 3
119 4 0 1 2 3
120 4 0 1 2 3
121 4 0 1 2 3
122 4 0 1 2 3
123 4 0 1 2 3
124 4 0 1 2 3
125 4 0 1 2 3
126 4 0 1 2 3
127 4 0 1 2 3
128 4 0 1 2 3
129 4 0 1 2 3
130 4 0 1 2 3
131 4 0 1 2 3
132 4 0 1 2 3
133 4 0 1 2 3
134 4 0 1 2 3
135 4 0 1 2 3
136 4 0 1 2 3
137 4 0 1 2 3
138 4 0 1 2 3
139 4 0 1 2 3
140 4 0 1 2 3
141 4 0 1 2 3
142 4 0 1 2 3
143 4 0 1 2 3
144 4 0 1 2 3
145 4 0 1 2 3
146 4 0 1 2 3
147 4 0 1 2 3
148 4 0 1 2 3
149 4 0 1 2 3
150 4 0 1 2 3
151 4 0 1 2 3
152 4 0 1 2 3
153 4 0 1 2 3
154 4 0 1 2 3
155 4 0 1 2 3
156 4 0 1 2 3
157 4 0 1 2 3
158 4 0 1 2 3
159 4 0 1 2 3
160 4 0 1 2 3
161 4 0 1 2 3
162 4 0 1 2 3
163 4 0 1 2 3
164 4 0 1 2 3
165 4 0 1 2 3
166 4 0 1 2 3
167 4 0 1 2 3
168 4 0 1 2 3
169 4 0 1 2 3
170 4 0 1 2 3
171 4 0 1 2 3
172 4 0 1 2 3
173 4 0 1 2 3
174 4 0 1 2 3
175 4 0 1 2 3
176 4 0 1 2 3
177 4 0 1 2 3
178 4 0 1 2 3
179 4 0 1 2 3
180 4 0 1 2 3
181 4 0 1 2 3
182 4 0 1 2 3
183 4 0 1 2 3
184 4 0 1 2 3
185 4 0 1 2 3
186 4 0 1 2 3
187 4 0 1 2 3
188 4 0 1 2 3
189 4 0 1 2 3
190 4 0 1 2 3
191 4 0 1 2 3
192 4 0 1 2 3
193 4 0 1 2 3
194 4 0 1 2 3
195 4 0 1 2 3
196 4 0 1 2 3
197 4 0 1 2 3
198 4 0 1 2 3
199 4 0 1 2 3
200 4 0 1 2 3
201 4 0 1 2 3
202 4 0 1 2 3
203 4 0 1 2 3
204 4 0 1 2 3
205 4 0 1 2 3
206 4 0 1 2 3
207 4 0 1 2 3
208 4 0 1 2 3
209 4 0 1 2 3
210 4 0 1 2 3
211 4 0 1 2 3
212 4 0 1 2 3
213 4 0 1 2 3
214 4 0 1 2 3
215 4 0 1 2 3
216 4 0 1 2 3
217 4 0 1 2 3
218 4 0 1 2 3
219 4 0 1 2 3
220 4 0 1 2 3
221 4 0 1 2 3
222 4 0 1 2 3
223 4 0 1 2 3
224 4 0 1 2 3
225 4 0 1 2 3
226 4 0 1 2 3
227 4 0 1 2 3
228 4 0 1 2 3
229 4 0 1 2 3
230 4 0 1 2 3
231 4 0 1 2 3
232 4 0 1 2 3
233 4 0 1 2 3
234 4 0 1 2 3
235 4 0 1 2 3
236 4 0 1 2 3
237 4 0 1 2 3
238 4 0 1 2 3
239 4 0 1 2 3
240 4 0 1 2 3
241 4 0 1 2 3
242 4 0 1 2 3
243 4 0 1 2 3
244 4 0 1 2 3
245 4 0 1 2 3
246 4 0 1 2 3
247 4 0 1 2 3
248 4 0 1 2 3
249 4 0 1 2 3
250 4 0 1 2 3
251 4 0 1 2 3
252 4 0 1 2 3
253 4 0 1 2 3
254 4 0 1 2 3
255 4 0 1 2 3
256 4 0 1 2 3
257 4 0 1 2 3
258 4 0 1 2 3
259 4 0 1 2 3
260 4 0 1 2 3
261 4 0 1 2 3
262 4 0 1 2 3
263 4 0 1 2 3
264 4 0 1 2 3
265 4 0 1 2 3
266 4 0 1 2 3
267 4 0 1 2 3
268 4 0 1 2 3
269 4 0 1 2 3
270 4 0 1 2 3
271 4 0 1 2 3
272 4 0 1 2 3
273 4 0 1 2 3
274 4 0 1 2 3
275 4 0 1 2 3
276 4 0 1 2 3
277 4 0 1 2 3
278 4 0 1 2 3
279 4 0 1 2 3
280 4 0 1 2 3
281 4 0 1 2 3
282 4 0 1 2 3
283 4 0 1 2 3
284 4 0 1 2 3
285 4 0 1 2 3
286 4 0 1 2 3
287 4 0 1 2 3
288 4 0 1 2 3
289 4 0 1 2 3
290 4 0 1 2 3
291 4 0 1 2 3
292 4 0 1 2 3
293 4 0 1 2 3
294 4 0 1 2 3
295 4 0 1 2 3
296 4 0 1 2 3
297 4 0 1 2 3
298 4 0 1 2 3
299 4 0 1 2 3
300 4 0 1 2 3
301 4 0 1 2 3
302 4 0 1 2 3
303 4 0 1 2 3
304 4 0 1 2 3
305 4 0 1 2 3
306 4 0 1 2 3
307 4 0 1 2 3
308 4 0 1 2 3
309 4 0 1 2 3
310 4 0 1 2 3
311 4 0 1 2 3
312 4 0 1 2 3
313 4 0 1 2 3
314 4 0 1 2 3
315 4 0 1 2 3
316 4 0 1 2 3
317 4 0 1 2 3
318 4 0 1 2 3
319 4 0 1 2 3
320 4 0 1 2 3
321 4 0 1 2 3
322 4 0 1 2 3
323 4 0 1 2 3
324 4 0 1 2 3
325 4 0 1 2 3
326 4 0 1 2 3
327 4 0 1 2 3
328 4 0 1 2 3
329 4 0 1 2 3
330 4 0 1 2 3
331 4 0 1 2 3
332 4 0 1 2 3
333 4 0 1 2 3
334 4 0 1 2 3
335 4 0 1 2 3
336 4 0 1 2 3
947
1 275 4   0 0   1 1   2 2   3 3
1 260 4   0 0   1 1   2 2   3 3
1 70 4   0 0   1 1   2 2   3 3
1 151 4   0 0   1 1   2 2   3 3
1 263 4   0 0   1 1   2 2   3 3
1 232 4   0 0   1 1   2 2   3 3
1 26 4   0 0   1 1   2 2   3 3
1 27 4   0 0   1 1   2 2   3 3
1 219 4   0 0   1 1   2 2   3 3
2 209 4   0 0   1 1   2 2   3 3
2 148 4   0 0   1 1   2 2   3 3
2 229 4   0 0   1 1   2 2   3 3
2 121 4   0 0   1 1   2 2   3 3
2 281 4   0 0   1 1   2 2   3 3
2 253 4   0 0   1 1   2 2   3 3
3 112 4   0 0   1 1   2 2   3 3
3 162 4   0 0   1 1   2 2   3 3
3 116 4   0 0   1 1   2 2   3 3
3 4 4   0 0   1 1   2 2   3 3
3 37 4   0 0   1 1   2 2   3 3
3 106 4   0 0   1 1   2 2   3 3
3 10 4   0 0   1 1   2 2   3 3
3 187 4   0 0   1 1   2 2   3 3
3 109 4   0 0   1 1   2 2   3 3
3 77 4   0 0   1 1   2 2   3 3
3 254 4   0 0   1 1   2 2   3 3
4 304 4   0 0   1 1   2 2   3 3
4 10 4   0 0   1 1   2 2   3 3
4 108 4   0 0   1 1   2 2   3 3
4 268 4   0 0   1 1   2 2   3 3
4 77 4   0 0   1 1   2 2   3 3
5 33 4   0 0   1 1   2 2   3 3
5 195 4   0 0   1 1   2 2   3 3
5 279 4   0 0   1 1   2 2   3 3
5 189 4   0 0   1 1   2 2   3 3
5 29 4   0 0   1 1   2 2   3 3
6 289 4   0 0   1 1   2 2   3 3
6 34 4   0 0   1 1   2 2   3 3
6 139 4   0 0   1 1   2 2   3 3
7 98 4   0 0   1 1   2 2   3 3
7 86 4   0 0   1 1   2 2   3 3
7 279 4   0 0   1 1   2 2   3 3
7 106 4   0 0   1 1   2 2   3 3
8 289 4   0 0   1 1   2 2   3 3
8 292 4   0 0   1 1   2 2   3 3
8 213 4   0 0   1 1   2 2   3 3
8 135 4   0 0   1 1   2 2   3 3
9 256 4   0 0   1 1   2 2   3 3
9 192 4   0 0   1 1   2 2   3 3
9 161 4   0 0   1 1   2 2   3 3
9 19 4   0 0   1 1   2 2   3 3
9 20 4   0 0   1 1   2 2   3 3
9 325 4   0 0   1 1   2 2   3 3
9 328 4   0 0   1 1   2 2   3 3
9 250 4   0 0   1 1   2 2   3 3
9 317 4   0 0   1 1   2 2   3 3
9 173 4   0 0   1 1   2 2   3 3
9 238 4   0 0   1 1   2 2   3 3
9 175 4   0 0   1 1   2 2   3 3
10 162 4   0 0   1 1   2 2   3 3
10 134 4   0 0   1 1   2 2   3 3
10 268 4   0 0   1 1   2 2   3 3
11 307 4   0 0   1 1   2 2   3 3
11 261 4   0 0   1 1   2 2   3 3
11 151 4   0 0   1 1   2 2   3 3
11 247 4   0 0   1 1   2 2   3 3
11 263 4   0 0   1 1   2 2   3 3
11 282 4   0 0   1 1   2 2   3 3
11 219 4   0 0   1 1   2 2   3 3
12 227 4   0 0   1 1   2 2   3 3
12 164 4   0 0   1 1   2 2   3 3
12 120 4   0 0   1 1   2 2   3 3
12 297 4   0 0   1 1   2 2   3 3
12 89 4   0 0   1 1   2 2   3 3
12 126 4   0 0   1 1   2 2   3 3
13 18 4   0 0   1 1   2 2   3 3
13 47 4   0 0   1 1   2 2   3 3
14 163 4   0 0   1 1   2 2   3 3
14 23 4   0 0   1 1   2 2   3 3
14 88 4   0 0   1 1   2 2   3 3
14 59 4   0 0   1 1   2 2   3 3
14 285 4   0 0   1 1   2 2   3 3
14 287 4   0 0   1 1   2 2   3 3
15 146 4   0 0   1 1   2 2   3 3
15 115 4   0 0   1 1   2 2   3 3
15 245 4   0 0   1 1   2 2   3 3
15 299 4   0 0   1 1   2 2   3 3
15 159 4   0 0   1 1   2 2   3 3
16 39 4   0 0   1 1   2 2   3 3
16 168 4   0 0   1 1   2 2   3 3
16 220 4   0 0   1 1   2 2   3 3
16 61 4   0 0   1 1   2 2   3 3
16 318 4   0 0   1 1   2 2   3 3
16 143 4   0 0   1 1   2 2   3 3
17 226 4   0 0   1 1   2 2   3 3
17 244 4   0 0   1 1   2 2   3 3
17 277 4   0 0   1 1   2 2   3 3
17 230 4   0 0   1 1   2 2   3 3
17 310 4   0 0   1 1   2 2   3 3
17 204 4   0 0   1 1   2 2   3 3
18 167 4   0 0   1 1   2 2   3 3
18 329 4   0 0   1 1   2 2   3 3
18 170 4   0 0   1 1   2 2   3 3
18 43 4   0 0   1 1   2 2   3 3
18 303 4   0 0   1 1   2 2   3 3
18 47 4   0 0   1 1   2 2   3 3
19 238 4   0 0   1 1   2 2   3 3
20 323 4   0 0   1 1   2 2   3 3
20 325 4   0 0   1 1   2 2   3 3
20 264 4   0 0   1 1   2 2   3 3
20 250 4   0 0   1 1   2 2   3 3
21 64 4   0 0   1 1   2 2   3 3
21 82 4   0 0   1 1   2 2   3 3
21 34 4   0 0   1 1   2 2   3 3
21 228 4   0 0   1 1   2 2   3 3
21 69 4   0 0   1 1   2 2   3 3
21 284 4   0 0   1 1   2 2   3 3
21 221 4   0 0   1 1   2 2   3 3
21 319 4   0 0   1 1   2 2   3 3
22 129 4   0 0   1 1   2 2   3 3
22 306 4   0 0   1 1   2 2   3 3
22 154 4   0 0   1 1   2 2   3 3
22 124 4   0 0   1 1   2 2   3 3
22 63 4   0 0   1 1   2 2   3 3
22 271 4   0 0   1 1   2 2   3 3
23 176 4   0 0   1 1   2 2   3 3
23 128 4   0 0   1 1   2 2   3 3
23 163 4   0 0   1 1   2 2   3 3
23 198 4   0 0   1 1   2 2   3 3
23 285 4   0 0   1 1   2 2   3 3
23 335 4   0 0   1 1   2 2   3 3
24 176 4   0 0   1 1   2 2   3 3
24 128 4   0 0   1 1   2 2   3 3
24 217 4   0 0   1 1   2 2   3 3
24 335 4   0 0   1 1   2 2   3 3
24 255 4   0 0   1 1   2 2   3 3
25 224 4   0 0   1 1   2 2   3 3
25 103 4   0 0   1 1   2 2   3 3
25 254 4   0 0   1 1   2 2   3 3
25 110 4   0 0   1 1   2 2   3 3
25 190 4   0 0   1 1   2 2   3 3
26 144 4   0 0   1 1   2 2   3 3
26 260 4   0 0   1 1   2 2   3 3
26 164 4   0 0   1 1   2 2   3 3
26 261 4   0 0   1 1   2 2   3 3
26 151 4   0 0   1 1   2 2   3 3
27 70 4   0 0   1 1   2 2   3 3
27 232 4   0 0   1 1   2 2   3 3
27 94 4   0 0   1 1   2 2   3 3
28 67 4   0 0   1 1   2 2   3 3
28 181 4   0 0   1 1   2 2   3 3
28 89 4   0 0   1 1   2 2   3 3
28 314 4   0 0   1 1   2 2   3 3
28 155 4   0 0   1 1   2 2   3 3
29 33 4   0 0   1 1   2 2   3 3
29 52 4   0 0   1 1   2 2   3 3
29 165 4   0 0   1 1   2 2   3 3
29 279 4   0 0   1 1   2 2   3 3
29 265 4   0 0   1 1   2 2   3 3
30 336 4   0 0   1 1   2 2   3 3
30 185 4   0 0   1 1   2 2   3 3
30 217 4   0 0   1 1   2 2   3 3
30 255 4   0 0   1 1   2 2   3 3
31 113 4   0 0   1 1   2 2   3 3
31 195 4   0 0   1 1   2 2   3 3
31 197 4   0 0   1 1   2 2   3 3
31 250 4   0 0   1 1   2 2   3 3
31 157 4   0 0   1 1   2 2   3 3
32 293 4   0 0   1 1   2 2   3 3
32 134 4   0 0   1 1   2 2   3 3
32 150 4   0 0   1 1   2 2   3 3
32 183 4   0 0   1 1   2 2   3 3
32 295 4   0 0   1 1   2 2   3 3
32 268 4   0 0   1 1   2 2   3 3
32 220 4   0 0   1 1   2 2   3 3
32 286 4   0 0   1 1   2 2   3 3
33 195 4   0 0   1 1   2 2   3 3
33 323 4   0 0   1 1   2 2   3 3
33 52 4   0 0   1 1   2 2   3 3
33 87 4   0 0   1 1   2 2   3 3
34 241 4   0 0   1 1   2 2   3 3
34 69 4   0 0   1 1   2 2   3 3
34 139 4   0 0   1 1   2 2   3 3
34 284 4   0 0   1 1   2 2   3 3
35 242 4   0 0   1 1   2 2   3 3
35 50 4   0 0   1 1   2 2   3 3
35 210 4   0 0   1 1   2 2   3 3
35 54 4   0 0   1 1   2 2   3 3
35 262 4   0 0   1 1   2 2   3 3
35 311 4   0 0   1 1   2 2   3 3
36 166 4   0 0   1 1   2 2   3 3
36 71 4   0 0   1 1   2 2   3 3
36 298 4   0 0   1 1   2 2   3 3
36 173 4   0 0   1 1   2 2   3 3
37 116 4   0 0   1 1   2 2   3 3
37 165 4   0 0   1 1   2 2   3 3
37 279 4   0 0   1 1   2 2   3 3
37 106 4   0 0   1 1   2 2   3 3
38 242 4   0 0   1 1   2 2   3 3
38 212 4   0 0   1 1   2 2   3 3
38 136 4   0 0   1 1   2 2   3 3
38 75 4   0 0   1 1   2 2   3 3
38 47 4   0 0   1 1   2 2   3 3
39 119 4   0 0   1 1   2 2   3 3
39 318 4   0 0   1 1   2 2   3 3
39 302 4   0 0   1 1   2 2   3 3
39 143 4   0 0   1 1   2 2   3 3
40 51 4   0 0   1 1   2 2   3 3
40 99 4   0 0   1 1   2 2   3 3
40 105 4   0 0   1 1   2 2   3 3
40 122 4   0 0   1 1   2 2   3 3
40 235 4   0 0   1 1   2 2   3 3
40 44 4   0 0   1 1   2 2   3 3
40 76 4   0 0   1 1   2 2   3 3
40 93 4   0 0   1 1   2 2   3 3
41 177 4   0 0   1 1   2 2   3 3
41 131 4   0 0   1 1   2 2   3 3
41 42 4   0 0   1 1   2 2   3 3
41 333 4   0 0   1 1   2 2   3 3
41 142 4   0 0   1 1   2 2   3 3
41 207 4   0 0   1 1   2 2   3 3
42 48 4   0 0   1 1   2 2   3 3
42 177 4   0 0   1 1   2 2   3 3
42 131 4   0 0   1 1   2 2   3 3
42 68 4   0 0   1 1   2 2   3 3
42 302 4   0 0   1 1   2 2   3 3
42 111 4   0 0   1 1   2 2   3 3
43 212 4   0 0   1 1   2 2   3 3
43 303 4   0 0   1 1   2 2   3 3
43 47 4   0 0   1 1   2 2   3 3
44 83 4   0 0   1 1   2 2   3 3
44 71 4   0 0   1 1   2 2   3 3
44 105 4   0 0   1 1   2 2   3 3
44 298 4   0 0   1 1   2 2   3 3
44 122 4   0 0   1 1   2 2   3 3
45 53 4   0 0   1 1   2 2   3 3
45 278 4   0 0   1 1   2 2   3 3
45 169 4   0 0   1 1   2 2   3 3
45 298 4   0 0   1 1   2 2   3 3
45 122 4   0 0   1 1   2 2   3 3
46 149 4   0 0   1 1   2 2   3 3
46 152 4   0 0   1 1   2 2   3 3
46 104 4   0 0   1 1   2 2   3 3
46 185 4   0 0   1 1   2 2   3 3
46 74 4   0 0   1 1   2 2   3 3
46 142 4   0 0   1 1   2 2   3 3
47 212 4   0 0   1 1   2 2   3 3
48 68 4   0 0   1 1   2 2   3 3
48 199 4   0 0   1 1   2 2   3 3
48 111 4   0 0   1 1   2 2   3 3
48 79 4   0 0   1 1   2 2   3 3
49 147 4   0 0   1 1   2 2   3 3
49 324 4   0 0   1 1   2 2   3 3
49 245 4   0 0   1 1   2 2   3 3
49 153 4   0 0   1 1   2 2   3 3
49 218 4   0 0   1 1   2 2   3 3
50 128 4   0 0   1 1   2 2   3 3
50 210 4   0 0   1 1   2 2   3 3
50 276 4   0 0   1 1   2 2   3 3
50 262 4   0 0   1 1   2 2   3 3
51 53 4   0 0   1 1   2 2   3 3
51 122 4   0 0   1 1   2 2   3 3
51 253 4   0 0   1 1   2 2   3 3
51 93 4   0 0   1 1   2 2   3 3
52 87 4   0 0   1 1   2 2   3 3
52 265 4   0 0   1 1   2 2   3 3
52 138 4   0 0   1 1   2 2   3 3
52 109 4   0 0   1 1   2 2   3 3
52 222 4   0 0   1 1   2 2   3 3
53 193 4   0 0   1 1   2 2   3 3
53 148 4   0 0   1 1   2 2   3 3
53 169 4   0 0   1 1   2 2   3 3
53 122 4   0 0   1 1   2 2   3 3
53 253 4   0 0   1 1   2 2   3 3
54 102 4   0 0   1 1   2 2   3 3
54 262 4   0 0   1 1   2 2   3 3
54 311 4   0 0   1 1   2 2   3 3
55 225 4   0 0   1 1   2 2   3 3
55 155 4   0 0   1 1   2 2   3 3
55 158 4   0 0   1 1   2 2   3 3
56 117 4   0 0   1 1   2 2   3 3
56 137 4   0 0   1 1   2 2   3 3
56 234 4   0 0   1 1   2 2   3 3
56 60 4   0 0   1 1   2 2   3 3
57 273 4   0 0   1 1   2 2   3 3
57 130 4   0 0   1 1   2 2   3 3
57 267 4   0 0   1 1   2 2   3 3
57 203 4   0 0   1 1   2 2   3 3
57 236 4   0 0   1 1   2 2   3 3
57 140 4   0 0   1 1   2 2   3 3
58 240 4   0 0   1 1   2 2   3 3
58 130 4   0 0   1 1   2 2   3 3
58 66 4   0 0   1 1   2 2   3 3
58 133 4   0 0   1 1   2 2   3 3
58 215 4   0 0   1 1   2 2   3 3
58 203 4   0 0   1 1   2 2   3 3
58 236 4   0 0   1 1   2 2   3 3
58 140 4   0 0   1 1   2 2   3 3
59 163 4   0 0   1 1   2 2   3 3
59 88 4   0 0   1 1   2 2   3 3
59 233 4   0 0   1 1   2 2   3 3
60 117 4   0 0   1 1   2 2   3 3
60 326 4   0 0   1 1   2 2   3 3
60 167 4   0 0   1 1   2 2   3 3
60 247 4   0 0   1 1   2 2   3 3
60 120 4   0 0   1 1   2 2   3 3
60 282 4   0 0   1 1   2 2   3 3
60 234 4   0 0   1 1   2 2   3 3
61 295 4   0 0   1 1   2 2   3 3
61 220 4   0 0   1 1   2 2   3 3
61 237 4   0 0   1 1   2 2   3 3
61 143 4   0 0   1 1   2 2   3 3
62 274 4   0 0   1 1   2 2   3 3
62 294 4   0 0   1 1   2 2   3 3
62 317 4   0 0   1 1   2 2   3 3
62 175 4   0 0   1 1   2 2   3 3
63 149 4   0 0   1 1   2 2   3 3
63 103 4   0 0   1 1   2 2   3 3
63 249 4   0 0   1 1   2 2   3 3
63 154 4   0 0   1 1   2 2   3 3
63 190 4   0 0   1 1   2 2   3 3
63 271 4   0 0   1 1   2 2   3 3
64 305 4   0 0   1 1   2 2   3 3
64 259 4   0 0   1 1   2 2   3 3
64 228 4   0 0   1 1   2 2   3 3
64 221 4   0 0   1 1   2 2   3 3
65 304 4   0 0   1 1   2 2   3 3
65 81 4   0 0   1 1   2 2   3 3
65 231 4   0 0   1 1   2 2   3 3
65 73 4   0 0   1 1   2 2   3 3
65 91 4   0 0   1 1   2 2   3 3
65 270 4   0 0   1 1   2 2   3 3
66 133 4   0 0   1 1   2 2   3 3
66 215 4   0 0   1 1   2 2   3 3
67 226 4   0 0   1 1   2 2   3 3
67 181 4   0 0   1 1   2 2   3 3
67 297 4   0 0   1 1   2 2   3 3
67 89 4   0 0   1 1   2 2   3 3
68 194 4   0 0   1 1   2 2   3 3
68 131 4   0 0   1 1   2 2   3 3
68 199 4   0 0   1 1   2 2   3 3
68 202 4   0 0   1 1   2 2   3 3
69 82 4   0 0   1 1   2 2   3 3
69 213 4   0 0   1 1   2 2   3 3
69 139 4   0 0   1 1   2 2   3 3
70 260 4   0 0   1 1   2 2   3 3
70 123 4   0 0   1 1   2 2   3 3
70 94 4   0 0   1 1   2 2   3 3
71 192 4   0 0   1 1   2 2   3 3
71 83 4   0 0   1 1   2 2   3 3
71 298 4   0 0   1 1   2 2   3 3
71 173 4   0 0   1 1   2 2   3 3
72 145 4   0 0   1 1   2 2   3 3
72 242 4   0 0   1 1   2 2   3 3
72 136 4   0 0   1 1   2 2   3 3
73 304 4   0 0   1 1   2 2   3 3
73 214 4   0 0   1 1   2 2   3 3
73 246 4   0 0   1 1   2 2   3 3
73 231 4   0 0   1 1   2 2   3 3
73 125 4   0 0   1 1   2 2   3 3
74 149 4   0 0   1 1   2 2   3 3
74 104 4   0 0   1 1   2 2   3 3
74 331 4   0 0   1 1   2 2   3 3
74 271 4   0 0   1 1   2 2   3 3
75 257 4   0 0   1 1   2 2   3 3
75 212 4   0 0   1 1   2 2   3 3
75 136 4   0 0   1 1   2 2   3 3
75 266 4   0 0   1 1   2 2   3 3
75 303 4   0 0   1 1   2 2   3 3
76 105 4   0 0   1 1   2 2   3 3
76 138 4   0 0   1 1   2 2   3 3
76 235 4   0 0   1 1   2 2   3 3
76 91 4   0 0   1 1   2 2   3 3
76 222 4   0 0   1 1   2 2   3 3
77 108 4   0 0   1 1   2 2   3 3
77 109 4   0 0   1 1   2 2   3 3
78 178 4   0 0   1 1   2 2   3 3
78 283 4   0 0   1 1   2 2   3 3
78 111 4   0 0   1 1   2 2   3 3
78 79 4   0 0   1 1   2 2   3 3
79 194 4   0 0   1 1   2 2   3 3
79 178 4   0 0   1 1   2 2   3 3
79 199 4   0 0   1 1   2 2   3 3
79 111 4   0 0   1 1   2 2   3 3
80 97 4   0 0   1 1   2 2   3 3
80 259 4   0 0   1 1   2 2   3 3
80 229 4   0 0   1 1   2 2   3 3
80 246 4   0 0   1 1   2 2   3 3
80 221 4   0 0   1 1   2 2   3 3
81 304 4   0 0   1 1   2 2   3 3
81 91 4   0 0   1 1   2 2   3 3
81 108 4   0 0   1 1   2 2   3 3
82 213 4   0 0   1 1   2 2   3 3
82 330 4   0 0   1 1   2 2   3 3
82 188 4   0 0   1 1   2 2   3 3
82 319 4   0 0   1 1   2 2   3 3
83 192 4   0 0   1 1   2 2   3 3
83 87 4   0 0   1 1   2 2   3 3
83 105 4   0 0   1 1   2 2   3 3
83 222 4   0 0   1 1   2 2   3 3
84 132 4   0 0   1 1   2 2   3 3
84 118 4   0 0   1 1   2 2   3 3
84 86 4   0 0   1 1   2 2   3 3
84 279 4   0 0   1 1   2 2   3 3
84 184 4   0 0   1 1   2 2   3 3
84 312 4   0 0   1 1   2 2   3 3
84 239 4   0 0   1 1   2 2   3 3
85 131 4   0 0   1 1   2 2   3 3
85 152 4   0 0   1 1   2 2   3 3
85 252 4   0 0   1 1   2 2   3 3
85 333 4   0 0   1 1   2 2   3 3
85 142 4   0 0   1 1   2 2   3 3
86 98 4   0 0   1 1   2 2   3 3
86 279 4   0 0   1 1   2 2   3 3
86 251 4   0 0   1 1   2 2   3 3
86 239 4   0 0   1 1   2 2   3 3
87 192 4   0 0   1 1   2 2   3 3
87 323 4   0 0   1 1   2 2   3 3
87 264 4   0 0   1 1   2 2   3 3
87 222 4   0 0   1 1   2 2   3 3
88 145 4   0 0   1 1   2 2   3 3
88 100 4   0 0   1 1   2 2   3 3
88 233 4   0 0   1 1   2 2   3 3
88 315 4   0 0   1 1   2 2   3 3
88 287 4   0 0   1 1   2 2   3 3
89 225 4   0 0   1 1   2 2   3 3
89 120 4   0 0   1 1   2 2   3 3
89 297 4   0 0   1 1   2 2   3 3
89 90 4   0 0   1 1   2 2   3 3
89 155 4   0 0   1 1   2 2   3 3
90 225 4   0 0   1 1   2 2   3 3
90 326 4   0 0   1 1   2 2   3 3
90 120 4   0 0   1 1   2 2   3 3
91 138 4   0 0   1 1   2 2   3 3
91 235 4   0 0   1 1   2 2   3 3
91 108 4   0 0   1 1   2 2   3 3
91 270 4   0 0   1 1   2 2   3 3
92 144 4   0 0   1 1   2 2   3 3
92 114 4   0 0   1 1   2 2   3 3
92 227 4   0 0   1 1   2 2   3 3
92 277 4   0 0   1 1   2 2   3 3
92 123 4   0 0   1 1   2 2   3 3
92 269 4   0 0   1 1   2 2   3 3
92 191 4   0 0   1 1   2 2   3 3
93 99 4   0 0   1 1   2 2   3 3
93 121 4   0 0   1 1   2 2   3 3
93 253 4   0 0   1 1   2 2   3 3
93 270 4   0 0   1 1   2 2   3 3
94 232 4   0 0   1 1   2 2   3 3
95 306 4   0 0   1 1   2 2   3 3
95 290 4   0 0   1 1   2 2   3 3
95 180 4   0 0   1 1   2 2   3 3
95 203 4   0 0   1 1   2 2   3 3
95 334 4   0 0   1 1   2 2   3 3
96 320 4   0 0   1 1   2 2   3 3
96 278 4   0 0   1 1   2 2   3 3
96 327 4   0 0   1 1   2 2   3 3
96 169 4   0 0   1 1   2 2   3 3
97 229 4   0 0   1 1   2 2   3 3
97 214 4   0 0   1 1   2 2   3 3
97 246 4   0 0   1 1   2 2   3 3
97 231 4   0 0   1 1   2 2   3 3
97 281 4   0 0   1 1   2 2   3 3
98 291 4   0 0   1 1   2 2   3 3
98 106 4   0 0   1 1   2 2   3 3
98 251 4   0 0   1 1   2 2   3 3
98 171 4   0 0   1 1   2 2   3 3
99 235 4   0 0   1 1   2 2   3 3
99 270 4   0 0   1 1   2 2   3 3
100 257 4   0 0   1 1   2 2   3 3
100 145 4   0 0   1 1   2 2   3 3
100 136 4   0 0   1 1   2 2   3 3
100 315 4   0 0   1 1   2 2   3 3
101 244 4   0 0   1 1   2 2   3 3
101 294 4   0 0   1 1   2 2   3 3
101 230 4   0 0   1 1   2 2   3 3
101 300 4   0 0   1 1   2 2   3 3
102 276 4   0 0   1 1   2 2   3 3
102 262 4   0 0   1 1   2 2   3 3
102 311 4   0 0   1 1   2 2   3 3
103 160 4   0 0   1 1   2 2   3 3
103 249 4   0 0   1 1   2 2   3 3
103 190 4   0 0   1 1   2 2   3 3
103 110 4   0 0   1 1   2 2   3 3
104 198 4   0 0   1 1   2 2   3 3
104 217 4   0 0   1 1   2 2   3 3
104 185 4   0 0   1 1   2 2   3 3
104 331 4   0 0   1 1   2 2   3 3
104 335 4   0 0   1 1   2 2   3 3
105 222 4   0 0   1 1   2 2   3 3
106 279 4   0 0   1 1   2 2   3 3
106 171 4   0 0   1 1   2 2   3 3
106 187 4   0 0   1 1   2 2   3 3
107 211 4   0 0   1 1   2 2   3 3
107 293 4   0 0   1 1   2 2   3 3
107 134 4   0 0   1 1   2 2   3 3
107 141 4   0 0   1 1   2 2   3 3
107 237 4   0 0   1 1   2 2   3 3
107 206 4   0 0   1 1   2 2   3 3
108 304 4   0 0   1 1   2 2   3 3
108 138 4   0 0   1 1   2 2   3 3
108 109 4   0 0   1 1   2 2   3 3
109 112 4   0 0   1 1   2 2   3 3
109 265 4   0 0   1 1   2 2   3 3
109 138 4   0 0   1 1   2 2   3 3
110 160 4   0 0   1 1   2 2   3 3
110 254 4   0 0   1 1   2 2   3 3
110 206 4   0 0   1 1   2 2   3 3
111 119 4   0 0   1 1   2 2   3 3
111 283 4   0 0   1 1   2 2   3 3
111 302 4   0 0   1 1   2 2   3 3
111 174 4   0 0   1 1   2 2   3 3
112 116 4   0 0   1 1   2 2   3 3
112 165 4   0 0   1 1   2 2   3 3
112 265 4   0 0   1 1   2 2   3 3
113 256 4   0 0   1 1   2 2   3 3
113 272 4   0 0   1 1   2 2   3 3
113 274 4   0 0   1 1   2 2   3 3
113 197 4   0 0   1 1   2 2   3 3
113 250 4   0 0   1 1   2 2   3 3
113 300 4   0 0   1 1   2 2   3 3
114 227 4   0 0   1 1   2 2   3 3
114 277 4   0 0   1 1   2 2   3 3
114 204 4   0 0   1 1   2 2   3 3
115 245 4   0 0   1 1   2 2   3 3
115 187 4   0 0   1 1   2 2   3 3
115 159 4   0 0   1 1   2 2   3 3
116 165 4   0 0   1 1   2 2   3 3
117 288 4   0 0   1 1   2 2   3 3
117 326 4   0 0   1 1   2 2   3 3
117 137 4   0 0   1 1   2 2   3 3
117 301 4   0 0   1 1   2 2   3 3
118 272 4   0 0   1 1   2 2   3 3
118 321 4   0 0   1 1   2 2   3 3
118 197 4   0 0   1 1   2 2   3 3
118 312 4   0 0   1 1   2 2   3 3
118 184 4   0 0   1 1   2 2   3 3
118 300 4   0 0   1 1   2 2   3 3
119 309 4   0 0   1 1   2 2   3 3
119 318 4   0 0   1 1   2 2   3 3
119 174 4   0 0   1 1   2 2   3 3
119 302 4   0 0   1 1   2 2   3 3
120 307 4   0 0   1 1   2 2   3 3
120 326 4   0 0   1 1   2 2   3 3
120 282 4   0 0   1 1   2 2   3 3
120 126 4   0 0   1 1   2 2   3 3
121 209 4   0 0   1 1   2 2   3 3
121 253 4   0 0   1 1   2 2   3 3
121 270 4   0 0   1 1   2 2   3 3
122 298 4   0 0   1 1   2 2   3 3
123 144 4   0 0   1 1   2 2   3 3
123 260 4   0 0   1 1   2 2   3 3
123 191 4   0 0   1 1   2 2   3 3
124 306 4   0 0   1 1   2 2   3 3
124 290 4   0 0   1 1   2 2   3 3
124 271 4   0 0   1 1   2 2   3 3
125 304 4   0 0   1 1   2 2   3 3
125 246 4   0 0   1 1   2 2   3 3
125 183 4   0 0   1 1   2 2   3 3
125 172 4   0 0   1 1   2 2   3 3
125 286 4   0 0   1 1   2 2   3 3
126 307 4   0 0   1 1   2 2   3 3
126 164 4   0 0   1 1   2 2   3 3
126 261 4   0 0   1 1   2 2   3 3
127 320 4   0 0   1 1   2 2   3 3
127 258 4   0 0   1 1   2 2   3 3
127 278 4   0 0   1 1   2 2   3 3
127 166 4   0 0   1 1   2 2   3 3
127 296 4   0 0   1 1   2 2   3 3
128 176 4   0 0   1 1   2 2   3 3
128 210 4   0 0   1 1   2 2   3 3
128 322 4   0 0   1 1   2 2   3 3
128 163 4   0 0   1 1   2 2   3 3
128 276 4   0 0   1 1   2 2   3 3
128 255 4   0 0   1 1   2 2   3 3
129 306 4   0 0   1 1   2 2   3 3
129 154 4   0 0   1 1   2 2   3 3
129 332 4   0 0   1 1   2 2   3 3
129 316 4   0 0   1 1   2 2   3 3
129 334 4   0 0   1 1   2 2   3 3
130 236 4   0 0   1 1   2 2   3 3
130 140 4   0 0   1 1   2 2   3 3
131 202 4   0 0   1 1   2 2   3 3
131 333 4   0 0   1 1   2 2   3 3
132 208 4   0 0   1 1   2 2   3 3
132 181 4   0 0   1 1   2 2   3 3
132 312 4   0 0   1 1   2 2   3 3
132 239 4   0 0   1 1   2 2   3 3
133 215 4   0 0   1 1   2 2   3 3
133 216 4   0 0   1 1   2 2   3 3
133 236 4   0 0   1 1   2 2   3 3
133 301 4   0 0   1 1   2 2   3 3
134 162 4   0 0   1 1   2 2   3 3
134 293 4   0 0   1 1   2 2   3 3
134 268 4   0 0   1 1   2 2   3 3
134 141 4   0 0   1 1   2 2   3 3
135 178 4   0 0   1 1   2 2   3 3
135 292 4   0 0   1 1   2 2   3 3
135 213 4   0 0   1 1   2 2   3 3
135 182 4   0 0   1 1   2 2   3 3
135 248 4   0 0   1 1   2 2   3 3
135 200 4   0 0   1 1   2 2   3 3
136 257 4   0 0   1 1   2 2   3 3
136 145 4   0 0   1 1   2 2   3 3
136 242 4   0 0   1 1   2 2   3 3
137 329 4   0 0   1 1   2 2   3 3
137 234 4   0 0   1 1   2 2   3 3
137 170 4   0 0   1 1   2 2   3 3
137 301 4   0 0   1 1   2 2   3 3
137 223 4   0 0   1 1   2 2   3 3
138 222 4   0 0   1 1   2 2   3 3
139 289 4   0 0   1 1   2 2   3 3
139 213 4   0 0   1 1   2 2   3 3
140 203 4   0 0   1 1   2 2   3 3
141 162 4   0 0   1 1   2 2   3 3
141 254 4   0 0   1 1   2 2   3 3
141 206 4   0 0   1 1   2 2   3 3
142 160 4   0 0   1 1   2 2   3 3
142 149 4   0 0   1 1   2 2   3 3
142 152 4   0 0   1 1   2 2   3 3
142 252 4   0 0   1 1   2 2   3 3
142 333 4   0 0   1 1   2 2   3 3
142 207 4   0 0   1 1   2 2   3 3
143 177 4   0 0   1 1   2 2   3 3
143 237 4   0 0   1 1   2 2   3 3
143 302 4   0 0   1 1   2 2   3 3
144 227 4   0 0   1 1   2 2   3 3
144 260 4   0 0   1 1   2 2   3 3
144 164 4   0 0   1 1   2 2   3 3
145 242 4   0 0   1 1   2 2   3 3
145 311 4   0 0   1 1   2 2   3 3
145 233 4   0 0   1 1   2 2   3 3
146 147 4   0 0   1 1   2 2   3 3
146 308 4   0 0   1 1   2 2   3 3
146 245 4   0 0   1 1   2 2   3 3
146 280 4   0 0   1 1   2 2   3 3
146 299 4   0 0   1 1   2 2   3 3
146 205 4   0 0   1 1   2 2   3 3
147 245 4   0 0   1 1   2 2   3 3
147 280 4   0 0   1 1   2 2   3 3
147 218 4   0 0   1 1   2 2   3 3
148 229 4   0 0   1 1   2 2   3 3
148 253 4   0 0   1 1   2 2   3 3
149 160 4   0 0   1 1   2 2   3 3
149 249 4   0 0   1 1   2 2   3 3
149 271 4   0 0   1 1   2 2   3 3
150 183 4   0 0   1 1   2 2   3 3
150 168 4   0 0   1 1   2 2   3 3
150 220 4   0 0   1 1   2 2   3 3
150 188 4   0 0   1 1   2 2   3 3
150 221 4   0 0   1 1   2 2   3 3
150 319 4   0 0   1 1   2 2   3 3
151 261 4   0 0   1 1   2 2   3 3
151 219 4   0 0   1 1   2 2   3 3
152 336 4   0 0   1 1   2 2   3 3
152 185 4   0 0   1 1   2 2   3 3
153 291 4   0 0   1 1   2 2   3 3
153 324 4   0 0   1 1   2 2   3 3
153 245 4   0 0   1 1   2 2   3 3
153 313 4   0 0   1 1   2 2   3 3
153 187 4   0 0   1 1   2 2   3 3
154 332 4   0 0   1 1   2 2   3 3
154 190 4   0 0   1 1   2 2   3 3
155 225 4   0 0   1 1   2 2   3 3
155 314 4   0 0   1 1   2 2   3 3
155 158 4   0 0   1 1   2 2   3 3
156 240 4   0 0   1 1   2 2   3 3
156 196 4   0 0   1 1   2 2   3 3
156 215 4   0 0   1 1   2 2   3 3
156 329 4   0 0   1 1   2 2   3 3
156 223 4   0 0   1 1   2 2   3 3
156 303 4   0 0   1 1   2 2   3 3
157 195 4   0 0   1 1   2 2   3 3
157 197 4   0 0   1 1   2 2   3 3
157 279 4   0 0   1 1   2 2   3 3
157 184 4   0 0   1 1   2 2   3 3
158 225 4   0 0   1 1   2 2   3 3
158 324 4   0 0   1 1   2 2   3 3
158 313 4   0 0   1 1   2 2   3 3
158 314 4   0 0   1 1   2 2   3 3
159 187 4   0 0   1 1   2 2   3 3
159 299 4   0 0   1 1   2 2   3 3
159 254 4   0 0   1 1   2 2   3 3
160 249 4   0 0   1 1   2 2   3 3
160 206 4   0 0   1 1   2 2   3 3
160 207 4   0 0   1 1   2 2   3 3
161 258 4   0 0   1 1   2 2   3 3
161 328 4   0 0   1 1   2 2   3 3
161 173 4   0 0   1 1   2 2   3 3
161 238 4   0 0   1 1   2 2   3 3
162 179 4   0 0   1 1   2 2   3 3
162 254 4   0 0   1 1   2 2   3 3
163 276 4   0 0   1 1   2 2   3 3
163 233 4   0 0   1 1   2 2   3 3
164 227 4   0 0   1 1   2 2   3 3
164 261 4   0 0   1 1   2 2   3 3
165 279 4   0 0   1 1   2 2   3 3
165 265 4   0 0   1 1   2 2   3 3
166 278 4   0 0   1 1   2 2   3 3
166 296 4   0 0   1 1   2 2   3 3
166 298 4   0 0   1 1   2 2   3 3
166 173 4   0 0   1 1   2 2   3 3
167 247 4   0 0   1 1   2 2   3 3
167 234 4   0 0   1 1   2 2   3 3
167 170 4   0 0   1 1   2 2   3 3
168 309 4   0 0   1 1   2 2   3 3
168 330 4   0 0   1 1   2 2   3 3
168 220 4   0 0   1 1   2 2   3 3
168 188 4   0 0   1 1   2 2   3 3
168 318 4   0 0   1 1   2 2   3 3
169 193 4   0 0   1 1   2 2   3 3
169 278 4   0 0   1 1   2 2   3 3
169 327 4   0 0   1 1   2 2   3 3
170 329 4   0 0   1 1   2 2   3 3
170 234 4   0 0   1 1   2 2   3 3
171 291 4   0 0   1 1   2 2   3 3
171 187 4   0 0   1 1   2 2   3 3
172 246 4   0 0   1 1   2 2   3 3
172 183 4   0 0   1 1   2 2   3 3
172 221 4   0 0   1 1   2 2   3 3
173 192 4   0 0   1 1   2 2   3 3
173 258 4   0 0   1 1   2 2   3 3
173 296 4   0 0   1 1   2 2   3 3
174 309 4   0 0   1 1   2 2   3 3
174 182 4   0 0   1 1   2 2   3 3
174 283 4   0 0   1 1   2 2   3 3
175 328 4   0 0   1 1   2 2   3 3
175 317 4   0 0   1 1   2 2   3 3
176 335 4   0 0   1 1   2 2   3 3
177 237 4   0 0   1 1   2 2   3 3
177 302 4   0 0   1 1   2 2   3 3
177 207 4   0 0   1 1   2 2   3 3
178 182 4   0 0   1 1   2 2   3 3
178 248 4   0 0   1 1   2 2   3 3
178 283 4   0 0   1 1   2 2   3 3
179 254 4   0 0   1 1   2 2   3 3
180 240 4   0 0   1 1   2 2   3 3
180 257 4   0 0   1 1   2 2   3 3
180 290 4   0 0   1 1   2 2   3 3
180 186 4   0 0   1 1   2 2   3 3
180 203 4   0 0   1 1   2 2   3 3
180 315 4   0 0   1 1   2 2   3 3
181 208 4   0 0   1 1   2 2   3 3
181 226 4   0 0   1 1   2 2   3 3
181 310 4   0 0   1 1   2 2   3 3
181 312 4   0 0   1 1   2 2   3 3
181 314 4   0 0   1 1   2 2   3 3
182 309 4   0 0   1 1   2 2   3 3
182 213 4   0 0   1 1   2 2   3 3
182 283 4   0 0   1 1   2 2   3 3
183 221 4   0 0   1 1   2 2   3 3
183 286 4   0 0   1 1   2 2   3 3
184 197 4   0 0   1 1   2 2   3 3
184 279 4   0 0   1 1   2 2   3 3
185 336 4   0 0   1 1   2 2   3 3
185 217 4   0 0   1 1   2 2   3 3
186 240 4   0 0   1 1   2 2   3 3
186 257 4   0 0   1 1   2 2   3 3
186 196 4   0 0   1 1   2 2   3 3
186 266 4   0 0   1 1   2 2   3 3
186 303 4   0 0   1 1   2 2   3 3
187 291 4   0 0   1 1   2 2   3 3
187 245 4   0 0   1 1   2 2   3 3
187 254 4   0 0   1 1   2 2   3 3
188 330 4   0 0   1 1   2 2   3 3
188 319 4   0 0   1 1   2 2   3 3
189 195 4   0 0   1 1   2 2   3 3
189 279 4   0 0   1 1   2 2   3 3
190 224 4   0 0   1 1   2 2   3 3
190 332 4   0 0   1 1   2 2   3 3
191 269 4   0 0   1 1   2 2   3 3
192 325 4   0 0   1 1   2 2   3 3
192 264 4   0 0   1 1   2 2   3 3
194 199 4   0 0   1 1   2 2   3 3
194 202 4   0 0   1 1   2 2   3 3
195 323 4   0 0   1 1   2 2   3 3
195 279 4   0 0   1 1   2 2   3 3
195 250 4   0 0   1 1   2 2   3 3
196 240 4   0 0   1 1   2 2   3 3
196 303 4   0 0   1 1   2 2   3 3
197 272 4   0 0   1 1   2 2   3 3
198 331 4   0 0   1 1   2 2   3 3
198 285 4   0 0   1 1   2 2   3 3
198 335 4   0 0   1 1   2 2   3 3
200 292 4   0 0   1 1   2 2   3 3
200 248 4   0 0   1 1   2 2   3 3
201 225 4   0 0   1 1   2 2   3 3
201 243 4   0 0   1 1   2 2   3 3
201 326 4   0 0   1 1   2 2   3 3
201 216 4   0 0   1 1   2 2   3 3
201 218 4   0 0   1 1   2 2   3 3
201 301 4   0 0   1 1   2 2   3 3
203 240 4   0 0   1 1   2 2   3 3
203 273 4   0 0   1 1   2 2   3 3
203 316 4   0 0   1 1   2 2   3 3
203 334 4   0 0   1 1   2 2   3 3
204 226 4   0 0   1 1   2 2   3 3
204 227 4   0 0   1 1   2 2   3 3
204 277 4   0 0   1 1   2 2   3 3
205 308 4   0 0   1 1   2 2   3 3
205 216 4   0 0   1 1   2 2   3 3
205 280 4   0 0   1 1   2 2   3 3
205 267 4   0 0   1 1   2 2   3 3
205 236 4   0 0   1 1   2 2   3 3
206 211 4   0 0   1 1   2 2   3 3
206 254 4   0 0   1 1   2 2   3 3
206 207 4   0 0   1 1   2 2   3 3
207 211 4   0 0   1 1   2 2   3 3
207 237 4   0 0   1 1   2 2   3 3
208 313 4   0 0   1 1   2 2   3 3
208 314 4   0 0   1 1   2 2   3 3
208 251 4   0 0   1 1   2 2   3 3
208 239 4   0 0   1 1   2 2   3 3
209 231 4   0 0   1 1   2 2   3 3
209 281 4   0 0   1 1   2 2   3 3
209 270 4   0 0   1 1   2 2   3 3
210 322 4   0 0   1 1   2 2   3 3
211 237 4   0 0   1 1   2 2   3 3
212 303 4   0 0   1 1   2 2   3 3
213 289 4   0 0   1 1   2 2   3 3
213 309 4   0 0   1 1   2 2   3 3
213 330 4   0 0   1 1   2 2   3 3
214 246 4   0 0   1 1   2 2   3 3
215 240 4   0 0   1 1   2 2   3 3
215 301 4   0 0   1 1   2 2   3 3
215 223 4   0 0   1 1   2 2   3 3
216 280 4   0 0   1 1   2 2   3 3
216 218 4   0 0   1 1   2 2   3 3
216 236 4   0 0   1 1   2 2   3 3
216 301 4   0 0   1 1   2 2   3 3
217 335 4   0 0   1 1   2 2   3 3
217 255 4   0 0   1 1   2 2   3 3
218 225 4   0 0   1 1   2 2   3 3
218 324 4   0 0   1 1   2 2   3 3
218 280 4   0 0   1 1   2 2   3 3
219 263 4   0 0   1 1   2 2   3 3
220 295 4   0 0   1 1   2 2   3 3
221 259 4   0 0   1 1   2 2   3 3
221 246 4   0 0   1 1   2 2   3 3
221 319 4   0 0   1 1   2 2   3 3
223 329 4   0 0   1 1   2 2   3 3
223 301 4   0 0   1 1   2 2   3 3
224 273 4   0 0   1 1   2 2   3 3
224 308 4   0 0   1 1   2 2   3 3
224 299 4   0 0   1 1   2 2   3 3
224 332 4   0 0   1 1   2 2   3 3
224 254 4   0 0   1 1   2 2   3 3
225 324 4   0 0   1 1   2 2   3 3
225 326 4   0 0   1 1   2 2   3 3
226 227 4   0 0   1 1   2 2   3 3
226 297 4   0 0   1 1   2 2   3 3
227 297 4   0 0   1 1   2 2   3 3
228 305 4   0 0   1 1   2 2   3 3
228 241 4   0 0   1 1   2 2   3 3
228 284 4   0 0   1 1   2 2   3 3
229 259 4   0 0   1 1   2 2   3 3
229 281 4   0 0   1 1   2 2   3 3
230 321 4   0 0   1 1   2 2   3 3
230 244 4   0 0   1 1   2 2   3 3
230 310 4   0 0   1 1   2 2   3 3
230 300 4   0 0   1 1   2 2   3 3
231 281 4   0 0   1 1   2 2   3 3
231 270 4   0 0   1 1   2 2   3 3
232 275 4   0 0   1 1   2 2   3 3
233 276 4   0 0   1 1   2 2   3 3
233 311 4   0 0   1 1   2 2   3 3
235 270 4   0 0   1 1   2 2   3 3
236 267 4   0 0   1 1   2 2   3 3
237 293 4   0 0   1 1   2 2   3 3
237 295 4   0 0   1 1   2 2   3 3
238 328 4   0 0   1 1   2 2   3 3
239 251 4   0 0   1 1   2 2   3 3
241 305 4   0 0   1 1   2 2   3 3
241 284 4   0 0   1 1   2 2   3 3
242 311 4   0 0   1 1   2 2   3 3
243 288 4   0 0   1 1   2 2   3 3
243 326 4   0 0   1 1   2 2   3 3
243 301 4   0 0   1 1   2 2   3 3
244 277 4   0 0   1 1   2 2   3 3
244 269 4   0 0   1 1   2 2   3 3
247 263 4   0 0   1 1   2 2   3 3
247 282 4   0 0   1 1   2 2   3 3
250 256 4   0 0   1 1   2 2   3 3
250 323 4   0 0   1 1   2 2   3 3
251 291 4   0 0   1 1   2 2   3 3
251 313 4   0 0   1 1   2 2   3 3
252 333 4   0 0   1 1   2 2   3 3
254 299 4   0 0   1 1   2 2   3 3
255 322 4   0 0   1 1   2 2   3 3
256 274 4   0 0   1 1   2 2   3 3
256 317 4   0 0   1 1   2 2   3 3
257 266 4   0 0   1 1   2 2   3 3
257 315 4   0 0   1 1   2 2   3 3
258 320 4   0 0   1 1   2 2   3 3
258 296 4   0 0   1 1   2 2   3 3
258 328 4   0 0   1 1   2 2   3 3
261 307 4   0 0   1 1   2 2   3 3
262 276 4   0 0   1 1   2 2   3 3
263 275 4   0 0   1 1   2 2   3 3
264 323 4   0 0   1 1   2 2   3 3
264 325 4   0 0   1 1   2 2   3 3
266 303 4   0 0   1 1   2 2   3 3
267 273 4   0 0   1 1   2 2   3 3
267 308 4   0 0   1 1   2 2   3 3
268 304 4   0 0   1 1   2 2   3 3
268 286 4   0 0   1 1   2 2   3 3
269 277 4   0 0   1 1   2 2   3 3
271 290 4   0 0   1 1   2 2   3 3
271 331 4   0 0   1 1   2 2   3 3
271 285 4   0 0   1 1   2 2   3 3
271 287 4   0 0   1 1   2 2   3 3
272 300 4   0 0   1 1   2 2   3 3
273 308 4   0 0   1 1   2 2   3 3
273 332 4   0 0   1 1   2 2   3 3
273 316 4   0 0   1 1   2 2   3 3
274 294 4   0 0   1 1   2 2   3 3
274 300 4   0 0   1 1   2 2   3 3
274 317 4   0 0   1 1   2 2   3 3
276 311 4   0 0   1 1   2 2   3 3
278 320 4   0 0   1 1   2 2   3 3
278 298 4   0 0   1 1   2 2   3 3
282 307 4   0 0   1 1   2 2   3 3
285 331 4   0 0   1 1   2 2   3 3
285 287 4   0 0   1 1   2 2   3 3
286 304 4   0 0   1 1   2 2   3 3
287 290 4   0 0   1 1   2 2   3 3
287 315 4   0 0   1 1   2 2   3 3
288 326 4   0 0   1 1   2 2   3 3
288 301 4   0 0   1 1   2 2   3 3
290 306 4   0 0   1 1   2 2   3 3
290 315 4   0 0   1 1   2 2   3 3
293 295 4   0 0   1 1   2 2   3 3
294 300 4   0 0   1 1   2 2   3 3
299 308 4   0 0   1 1   2 2   3 3
300 321 4   0 0   1 1   2 2   3 3
303 329 4   0 0   1 1   2 2   3 3
306 334 4   0 0   1 1   2 2   3 3
309 330 4   0 0   1 1   2 2   3 3
309 318 4   0 0   1 1   2 2   3 3
310 321 4   0 0   1 1   2 2   3 3
310 312 4   0 0   1 1   2 2   3 3
312 321 4   0 0   1 1   2 2   3 3
313 324 4   0 0   1 1   2 2   3 3
313 314 4   0 0   1 1   2 2   3 3
316 332 4   0 0   1 1   2 2   3 3
316 334 4   0 0   1 1   2 2   3 3
320 327 4   0 0   1 1   2 2   3 3
