326
1 4 0 1 2 3
2 4 0 1 2 3
3 4 0 1 2 3
4 4 0 1 2 3
5 4 0 1 2 3
6 4 0 1 2 3
7 4 0 1 2 3
8 4 0 1 2 3
9 4 0 1 2 3
10 4 0 1 2 3
11 4 0 1 2 3
12 4 0 1 2 3
13 4 0 1 2 3
14 4 0 1 2 3
15 4 0 1 2 3
16 4 0 1 2 3
17 4 0 1 2 3
18 4 0 1 2 3
19 4 0 1 2 3
20 4 0 1 2 3
21 4 0 1 2 3
22 4 0 1 2 3
23 4 0 1 2 3
24 4 0 1 2 3
25 4 0 1 2 3
26 4 0 1 2 3
27 4 0 1 2 3
28 4 0 1 2 3
29 4 0 1 2 3
30 4 0 1 2 3
31 4 0 1 2 3
32 4 0 1 2 3
33 4 0 1 2 3
34 4 0 1 2 3
35 4 0 1 2 3
36 4 0 1 2 3
37 4 0 1 2 3
38 4 0 1 2 3
39 4 0 1 2 3
40 4 0 1 2 3
41 4 0 1 2 3
42 4 0 1 2 3
43 4 0 1 2 3
44 4 0 1 2 3
45 4 0 1 2 3
46 4 0 1 2 3
47 4 0 1 2 3
48 4 0 1 2 3
49 4 0 1 2 3
50 4 0 1 2 3
51 4 0 1 2 3
52 4 0 1 2 3
53 4 0 1 2 3
54 4 0 1 2 3
55 4 0 1 2 3
56 4 0 1 2 3
57 4 0 1 2 3
58 4 0 1 2 3
59 4 0 1 2 3
60 4 0 1 2 3
61 4 0 1 2 3
62 4 0 1 2 3
63 4 0 1 2 3
64 4 0 1 2 3
65 4 0 1 2 3
66 4 0 1 2 3
67 4 0 1 2 3
68 4 0 1 2 3
69 4 0 1 2 3
70 4 0 1 2 3
71 4 0 1 2 3
72 4 0 1 2 3
73 4 0 1 2 3
74 4 0 1 2 3
75 4 0 1 2 3
76 4 0 1 2 3
77 4 0 1 2 3
78 4 0 1 2 3
79 4 0 1 2 3
80 4 0 1 2 3
81 4 0 1 2 3
82 4 0 1 2 3
83 4 0 1 2 3
84 4 0 1 2 3
85 4 0 1 2 3
86 4 0 1 2 3
87 4 0 1 2 3
88 4 0 1 2 3
89 4 0 1 2 3
90 4 0 1 2 3
91 4 0 1 2 3
92 4 0 1 2 3
93 4 0 1 2 3
94 4 0 1 2 3
95 4 0 1 2 3
96 4 0 1 2 3
97 4 0 1 2 3
98 4 0 1 2 3
99 4 0 1 2 3
100 4 0 1 2 3
101 4 0 1 2 3
102 4 0 1 2 3
103 4 0 1 2 3
104 4 0 1 2 3
105 4 0 1 2 3
106 4 0 1 2 3
107 4 0 1 2 3
108 4 0 1 2 3
109 4 0 1 2 3
110 4 0 1 2 3
111 4 0 1 2 3
112 4 0 1 2 3
113 4 0 1 2 3
114 4 0 1 2 3
115 4 0 1 2 3
116 4 0 1 2 3
117 4 0 1 2 3
118 4 0 1 2 3
119 4 0 1 2 3
120 4 0 1 2 3
121 4 0 1 2 3
122 4 0 1 2 3
123 4 0 1 2 3
124 4 0 1 2 3
125 4 0 1 2 3
126 4 0 1 2 3
127 4 0 1 2 3
128 4 0 1 2 3
129 4 0 1 2 3
130 4 0 1 2 3
131 4 0 1 2 3
132 4 0 1 2 3
133 4 0 1 2 3
134 4 0 1 2 3
135 4 0 1 2 3
136 4 0 1 2 3
137 4 0 1 2 3
138 4 0 1 2 3
139 4 0 1 2 3
140 4 0 1 2 3
141 4 0 1 2 3
142 4 0 1 2 3
143 4 0 1 2 3
144 4 0 1 2 3
145 4 0 1 2 3
146 4 0 1 2 3
147 4 0 1 2 3
148 4 0 1 2 3
149 4 0 1 2 3
150 4 0 1 2 3
151 4 0 1 2 3
152 4 0 1 2 3
153 4 0 1 2 3
154 4 0 1 2 3
155 4 0 1 2 3
156 4 0 1 2 3
157 4 0 1 2 3
158 4 0 1 2 3
159 4 0 1 2 3
160 4 0 1 2 3
161 4 0 1 2 3
162 4 0 1 2 3
163 4 0 1 2 3
164 4 0 1 2 3
165 4 0 1 2 3
166 4 0 1 2 3
167 4 0 1 2 3
168 4 0 1 2 3
169 4 0 1 2 3
170 4 0 1 2 3
171 4 0 1 2 3
172 4 0 1 2 3
173 4 0 1 2 3
174 4 0 1 2 3
175 4 0 1 2 3
176 4 0 1 2 3
177 4 0 1 2 3
178 4 0 1 2 3
179 4 0 1 2 3
180 4 0 1 2 3
181 4 0 1 2 3
182 4 0 1 2 3
183 4 0 1 2 3
184 4 0 1 2 3
185 4 0 1 2 3
186 4 0 1 2 3
187 4 0 1 2 3
188 4 0 1 2 3
189 4 0 1 2 3
190 4 0 1 2 3
191 4 0 1 2 3
192 4 0 1 2 3
193 4 0 1 2 3
194 4 0 1 2 3
195 4 0 1 2 3
196 4 0 1 2 3
197 4 0 1 2 3
198 4 0 1 2 3
199 4 0 1 2 3
200 4 0 1 2 3
201 4 0 1 2 3
202 4 0 1 2 3
203 4 0 1 2 3
204 4 0 1 2 3
205 4 0 1 2 3
206 4 0 1 2 3
207 4 0 1 2 3
208 4 0 1 2 3
209 4 0 1 2 3
210 4 0 1 2 3
211 4 0 1 2 3
212 4 0 1 2 3
213 4 0 1 2 3
214 4 0 1 2 3
215 4 0 1 2 3
216 4 0 1 2 3
217 4 0 1 2 3
218 4 0 1 2 3
219 4 0 1 2 3
220 4 0 1 2 3
221 4 0 1 2 3
222 4 0 1 2 3
223 4 0 1 2 3
224 4 0 1 2 3
225 4 0 1 2 3
226 4 0 1 2 3
227 4 0 1 2 3
228 4 0 1 2 3
229 4 0 1 2 3
230 4 0 1 2 3
231 4 0 1 2 3
232 4 0 1 2 3
233 4 0 1 2 3
234 4 0 1 2 3
235 4 0 1 2 3
236 4 0 1 2 3
237 4 0 1 2 3
238 4 0 1 2 3
239 4 0 1 2 3
240 4 0 1 2 3
241 4 0 1 2 3
242 4 0 1 2 3
243 4 0 1 2 3
244 4 0 1 2 3
245 4 0 1 2 3
246 4 0 1 2 3
247 4 0 1 2 3
248 4 0 1 2 3
249 4 0 1 2 3
250 4 0 1 2 3
251 4 0 1 2 3
252 4 0 1 2 3
253 4 0 1 2 3
254 4 0 1 2 3
255 4 0 1 2 3
256 4 0 1 2 3
257 4 0 1 2 3
258 4 0 1 2 3
259 4 0 1 2 3
260 4 0 1 2 3
261 4 0 1 2 3
262 4 0 1 2 3
263 4 0 1 2 3
264 4 0 1 2 3
265 4 0 1 2 3
266 4 0 1 2 3
267 4 0 1 2 3
268 4 0 1 2 3
269 4 0 1 2 3
270 4 0 1 2 3
271 4 0 1 2 3
272 4 0 1 2 3
273 4 0 1 2 3
274 4 0 1 2 3
275 4 0 1 2 3
276 4 0 1 2 3
277 4 0 1 2 3
278 4 0 1 2 3
279 4 0 1 2 3
280 4 0 1 2 3
281 4 0 1 2 3
282 4 0 1 2 3
283 4 0 1 2 3
284 4 0 1 2 3
285 4 0 1 2 3
286 4 0 1 2 3
287 4 0 1 2 3
288 4 0 1 2 3
289 4 0 1 2 3
290 4 0 1 2 3
291 4 0 1 2 3
292 4 0 1 2 3
293 4 0 1 2 3
294 4 0 1 2 3
295 4 0 1 2 3
296 4 0 1 2 3
297 4 0 1 2 3
298 4 0 1 2 3
299 4 0 1 2 3
300 4 0 1 2 3
301 4 0 1 2 3
302 4 0 1 2 3
303 4 0 1 2 3
304 4 0 1 2 3
305 4 0 1 2 3
306 4 0 1 2 3
307 4 0 1 2 3
308 4 0 1 2 3
309 4 0 1 2 3
310 4 0 1 2 3
311 4 0 1 2 3
312 4 0 1 2 3
313 4 0 1 2 3
314 4 0 1 2 3
315 4 0 1 2 3
316 4 0 1 2 3
317 4 0 1 2 3
318 4 0 1 2 3
319 4 0 1 2 3
320 4 0 1 2 3
321 4 0 1 2 3
322 4 0 1 2 3
323 4 0 1 2 3
324 4 0 1 2 3
325 4 0 1 2 3
326 4 0 1 2 3
924
1 81 4   0 0   1 1   2 2   3 3
1 243 4   0 0   1 1   2 2   3 3
1 260 4   0 0   1 1   2 2   3 3
1 183 4   0 0   1 1   2 2   3 3
1 92 4   0 0   1 1   2 2   3 3
2 163 4   0 0   1 1   2 2   3 3
2 243 4   0 0   1 1   2 2   3 3
2 260 4   0 0   1 1   2 2   3 3
2 183 4   0 0   1 1   2 2   3 3
2 251 4   0 0   1 1   2 2   3 3
2 283 4   0 0   1 1   2 2   3 3
2 191 4   0 0   1 1   2 2   3 3
3 288 4   0 0   1 1   2 2   3 3
3 17 4   0 0   1 1   2 2   3 3
3 52 4   0 0   1 1   2 2   3 3
3 324 4   0 0   1 1   2 2   3 3
3 88 4   0 0   1 1   2 2   3 3
4 210 4   0 0   1 1   2 2   3 3
4 291 4   0 0   1 1   2 2   3 3
4 180 4   0 0   1 1   2 2   3 3
4 293 4   0 0   1 1   2 2   3 3
4 21 4   0 0   1 1   2 2   3 3
4 56 4   0 0   1 1   2 2   3 3
4 266 4   0 0   1 1   2 2   3 3
4 189 4   0 0   1 1   2 2   3 3
4 207 4   0 0   1 1   2 2   3 3
5 66 4   0 0   1 1   2 2   3 3
5 83 4   0 0   1 1   2 2   3 3
5 107 4   0 0   1 1   2 2   3 3
5 157 4   0 0   1 1   2 2   3 3
5 159 4   0 0   1 1   2 2   3 3
5 143 4   0 0   1 1   2 2   3 3
6 323 4   0 0   1 1   2 2   3 3
6 87 4   0 0   1 1   2 2   3 3
6 233 4   0 0   1 1   2 2   3 3
6 43 4   0 0   1 1   2 2   3 3
6 156 4   0 0   1 1   2 2   3 3
6 173 4   0 0   1 1   2 2   3 3
6 13 4   0 0   1 1   2 2   3 3
7 178 4   0 0   1 1   2 2   3 3
7 114 4   0 0   1 1   2 2   3 3
7 149 4   0 0   1 1   2 2   3 3
7 24 4   0 0   1 1   2 2   3 3
7 314 4   0 0   1 1   2 2   3 3
7 301 4   0 0   1 1   2 2   3 3
8 163 4   0 0   1 1   2 2   3 3
8 19 4   0 0   1 1   2 2   3 3
8 121 4   0 0   1 1   2 2   3 3
8 29 4   0 0   1 1   2 2   3 3
8 94 4   0 0   1 1   2 2   3 3
9 64 4   0 0   1 1   2 2   3 3
9 16 4   0 0   1 1   2 2   3 3
9 226 4   0 0   1 1   2 2   3 3
9 147 4   0 0   1 1   2 2   3 3
9 36 4   0 0   1 1   2 2   3 3
9 199 4   0 0   1 1   2 2   3 3
9 23 4   0 0   1 1   2 2   3 3
10 241 4   0 0   1 1   2 2   3 3
10 100 4   0 0   1 1   2 2   3 3
10 149 4   0 0   1 1   2 2   3 3
10 202 4   0 0   1 1   2 2   3 3
10 301 4   0 0   1 1   2 2   3 3
11 115 4   0 0   1 1   2 2   3 3
11 283 4   0 0   1 1   2 2   3 3
11 251 4   0 0   1 1   2 2   3 3
11 191 4   0 0   1 1   2 2   3 3
12 248 4   0 0   1 1   2 2   3 3
12 299 4   0 0   1 1   2 2   3 3
12 318 4   0 0   1 1   2 2   3 3
13 48 4   0 0   1 1   2 2   3 3
13 123 4   0 0   1 1   2 2   3 3
13 156 4   0 0   1 1   2 2   3 3
13 93 4   0 0   1 1   2 2   3 3
13 173 4   0 0   1 1   2 2   3 3
14 320 4   0 0   1 1   2 2   3 3
14 177 4   0 0   1 1   2 2   3 3
14 113 4   0 0   1 1   2 2   3 3
14 179 4   0 0   1 1   2 2   3 3
14 20 4   0 0   1 1   2 2   3 3
14 26 4   0 0   1 1   2 2   3 3
14 175 4   0 0   1 1   2 2   3 3
15 168 4   0 0   1 1   2 2   3 3
15 109 4   0 0   1 1   2 2   3 3
16 209 4   0 0   1 1   2 2   3 3
16 147 4   0 0   1 1   2 2   3 3
16 36 4   0 0   1 1   2 2   3 3
16 72 4   0 0   1 1   2 2   3 3
16 217 4   0 0   1 1   2 2   3 3
17 272 4   0 0   1 1   2 2   3 3
17 52 4   0 0   1 1   2 2   3 3
17 324 4   0 0   1 1   2 2   3 3
17 111 4   0 0   1 1   2 2   3 3
18 273 4   0 0   1 1   2 2   3 3
18 166 4   0 0   1 1   2 2   3 3
18 278 4   0 0   1 1   2 2   3 3
18 153 4   0 0   1 1   2 2   3 3
19 163 4   0 0   1 1   2 2   3 3
19 310 4   0 0   1 1   2 2   3 3
19 29 4   0 0   1 1   2 2   3 3
19 269 4   0 0   1 1   2 2   3 3
19 254 4   0 0   1 1   2 2   3 3
19 142 4   0 0   1 1   2 2   3 3
20 80 4   0 0   1 1   2 2   3 3
20 320 4   0 0   1 1   2 2   3 3
20 51 4   0 0   1 1   2 2   3 3
20 261 4   0 0   1 1   2 2   3 3
20 185 4   0 0   1 1   2 2   3 3
20 265 4   0 0   1 1   2 2   3 3
20 175 4   0 0   1 1   2 2   3 3
21 210 4   0 0   1 1   2 2   3 3
21 294 4   0 0   1 1   2 2   3 3
21 199 4   0 0   1 1   2 2   3 3
21 266 4   0 0   1 1   2 2   3 3
21 155 4   0 0   1 1   2 2   3 3
21 108 4   0 0   1 1   2 2   3 3
22 289 4   0 0   1 1   2 2   3 3
22 244 4   0 0   1 1   2 2   3 3
22 246 4   0 0   1 1   2 2   3 3
22 120 4   0 0   1 1   2 2   3 3
22 77 4   0 0   1 1   2 2   3 3
22 78 4   0 0   1 1   2 2   3 3
23 226 4   0 0   1 1   2 2   3 3
23 36 4   0 0   1 1   2 2   3 3
23 151 4   0 0   1 1   2 2   3 3
23 138 4   0 0   1 1   2 2   3 3
23 187 4   0 0   1 1   2 2   3 3
24 177 4   0 0   1 1   2 2   3 3
24 178 4   0 0   1 1   2 2   3 3
24 179 4   0 0   1 1   2 2   3 3
24 100 4   0 0   1 1   2 2   3 3
24 84 4   0 0   1 1   2 2   3 3
24 149 4   0 0   1 1   2 2   3 3
25 37 4   0 0   1 1   2 2   3 3
25 214 4   0 0   1 1   2 2   3 3
25 103 4   0 0   1 1   2 2   3 3
26 113 4   0 0   1 1   2 2   3 3
26 72 4   0 0   1 1   2 2   3 3
26 138 4   0 0   1 1   2 2   3 3
26 42 4   0 0   1 1   2 2   3 3
26 45 4   0 0   1 1   2 2   3 3
26 175 4   0 0   1 1   2 2   3 3
27 50 4   0 0   1 1   2 2   3 3
27 277 4   0 0   1 1   2 2   3 3
27 286 4   0 0   1 1   2 2   3 3
27 303 4   0 0   1 1   2 2   3 3
28 256 4   0 0   1 1   2 2   3 3
28 276 4   0 0   1 1   2 2   3 3
28 312 4   0 0   1 1   2 2   3 3
28 60 4   0 0   1 1   2 2   3 3
28 31 4   0 0   1 1   2 2   3 3
29 116 4   0 0   1 1   2 2   3 3
29 245 4   0 0   1 1   2 2   3 3
29 121 4   0 0   1 1   2 2   3 3
29 218 4   0 0   1 1   2 2   3 3
29 269 4   0 0   1 1   2 2   3 3
29 223 4   0 0   1 1   2 2   3 3
30 99 4   0 0   1 1   2 2   3 3
30 55 4   0 0   1 1   2 2   3 3
30 264 4   0 0   1 1   2 2   3 3
30 316 4   0 0   1 1   2 2   3 3
30 76 4   0 0   1 1   2 2   3 3
30 287 4   0 0   1 1   2 2   3 3
31 192 4   0 0   1 1   2 2   3 3
31 178 4   0 0   1 1   2 2   3 3
31 276 4   0 0   1 1   2 2   3 3
31 134 4   0 0   1 1   2 2   3 3
31 313 4   0 0   1 1   2 2   3 3
31 267 4   0 0   1 1   2 2   3 3
31 60 4   0 0   1 1   2 2   3 3
32 65 4   0 0   1 1   2 2   3 3
32 166 4   0 0   1 1   2 2   3 3
32 278 4   0 0   1 1   2 2   3 3
32 153 4   0 0   1 1   2 2   3 3
32 235 4   0 0   1 1   2 2   3 3
32 59 4   0 0   1 1   2 2   3 3
33 98 4   0 0   1 1   2 2   3 3
33 182 4   0 0   1 1   2 2   3 3
33 170 4   0 0   1 1   2 2   3 3
33 255 4   0 0   1 1   2 2   3 3
34 225 4   0 0   1 1   2 2   3 3
34 242 4   0 0   1 1   2 2   3 3
34 234 4   0 0   1 1   2 2   3 3
34 282 4   0 0   1 1   2 2   3 3
34 139 4   0 0   1 1   2 2   3 3
35 144 4   0 0   1 1   2 2   3 3
35 244 4   0 0   1 1   2 2   3 3
35 165 4   0 0   1 1   2 2   3 3
35 69 4   0 0   1 1   2 2   3 3
35 231 4   0 0   1 1   2 2   3 3
36 72 4   0 0   1 1   2 2   3 3
36 138 4   0 0   1 1   2 2   3 3
37 211 4   0 0   1 1   2 2   3 3
37 228 4   0 0   1 1   2 2   3 3
37 214 4   0 0   1 1   2 2   3 3
37 118 4   0 0   1 1   2 2   3 3
37 230 4   0 0   1 1   2 2   3 3
37 102 4   0 0   1 1   2 2   3 3
37 103 4   0 0   1 1   2 2   3 3
37 158 4   0 0   1 1   2 2   3 3
38 304 4   0 0   1 1   2 2   3 3
38 82 4   0 0   1 1   2 2   3 3
38 290 4   0 0   1 1   2 2   3 3
38 68 4   0 0   1 1   2 2   3 3
38 182 4   0 0   1 1   2 2   3 3
38 255 4   0 0   1 1   2 2   3 3
39 196 4   0 0   1 1   2 2   3 3
39 132 4   0 0   1 1   2 2   3 3
39 89 4   0 0   1 1   2 2   3 3
39 300 4   0 0   1 1   2 2   3 3
39 47 4   0 0   1 1   2 2   3 3
40 146 4   0 0   1 1   2 2   3 3
40 259 4   0 0   1 1   2 2   3 3
40 132 4   0 0   1 1   2 2   3 3
40 325 4   0 0   1 1   2 2   3 3
40 167 4   0 0   1 1   2 2   3 3
40 137 4   0 0   1 1   2 2   3 3
40 154 4   0 0   1 1   2 2   3 3
41 98 4   0 0   1 1   2 2   3 3
41 169 4   0 0   1 1   2 2   3 3
42 209 4   0 0   1 1   2 2   3 3
42 72 4   0 0   1 1   2 2   3 3
42 175 4   0 0   1 1   2 2   3 3
43 98 4   0 0   1 1   2 2   3 3
43 229 4   0 0   1 1   2 2   3 3
43 181 4   0 0   1 1   2 2   3 3
43 87 4   0 0   1 1   2 2   3 3
43 169 4   0 0   1 1   2 2   3 3
43 233 4   0 0   1 1   2 2   3 3
43 73 4   0 0   1 1   2 2   3 3
43 124 4   0 0   1 1   2 2   3 3
44 272 4   0 0   1 1   2 2   3 3
44 131 4   0 0   1 1   2 2   3 3
44 115 4   0 0   1 1   2 2   3 3
44 104 4   0 0   1 1   2 2   3 3
44 283 4   0 0   1 1   2 2   3 3
44 63 4   0 0   1 1   2 2   3 3
45 113 4   0 0   1 1   2 2   3 3
45 151 4   0 0   1 1   2 2   3 3
45 138 4   0 0   1 1   2 2   3 3
45 302 4   0 0   1 1   2 2   3 3
46 133 4   0 0   1 1   2 2   3 3
46 186 4   0 0   1 1   2 2   3 3
46 58 4   0 0   1 1   2 2   3 3
46 125 4   0 0   1 1   2 2   3 3
46 110 4   0 0   1 1   2 2   3 3
47 66 4   0 0   1 1   2 2   3 3
47 262 4   0 0   1 1   2 2   3 3
47 279 4   0 0   1 1   2 2   3 3
47 215 4   0 0   1 1   2 2   3 3
47 89 4   0 0   1 1   2 2   3 3
47 157 4   0 0   1 1   2 2   3 3
48 87 4   0 0   1 1   2 2   3 3
48 123 4   0 0   1 1   2 2   3 3
48 171 4   0 0   1 1   2 2   3 3
48 173 4   0 0   1 1   2 2   3 3
48 206 4   0 0   1 1   2 2   3 3
49 161 4   0 0   1 1   2 2   3 3
49 227 4   0 0   1 1   2 2   3 3
49 55 4   0 0   1 1   2 2   3 3
49 119 4   0 0   1 1   2 2   3 3
49 250 4   0 0   1 1   2 2   3 3
49 140 4   0 0   1 1   2 2   3 3
49 317 4   0 0   1 1   2 2   3 3
49 237 4   0 0   1 1   2 2   3 3
50 133 4   0 0   1 1   2 2   3 3
50 198 4   0 0   1 1   2 2   3 3
50 58 4   0 0   1 1   2 2   3 3
50 286 4   0 0   1 1   2 2   3 3
50 303 4   0 0   1 1   2 2   3 3
51 80 4   0 0   1 1   2 2   3 3
51 101 4   0 0   1 1   2 2   3 3
51 185 4   0 0   1 1   2 2   3 3
51 265 4   0 0   1 1   2 2   3 3
51 122 4   0 0   1 1   2 2   3 3
51 188 4   0 0   1 1   2 2   3 3
52 272 4   0 0   1 1   2 2   3 3
52 234 4   0 0   1 1   2 2   3 3
53 109 4   0 0   1 1   2 2   3 3
53 269 4   0 0   1 1   2 2   3 3
53 142 4   0 0   1 1   2 2   3 3
54 97 4   0 0   1 1   2 2   3 3
54 213 4   0 0   1 1   2 2   3 3
54 311 4   0 0   1 1   2 2   3 3
54 216 4   0 0   1 1   2 2   3 3
54 271 4   0 0   1 1   2 2   3 3
55 264 4   0 0   1 1   2 2   3 3
55 76 4   0 0   1 1   2 2   3 3
55 140 4   0 0   1 1   2 2   3 3
55 317 4   0 0   1 1   2 2   3 3
56 160 4   0 0   1 1   2 2   3 3
56 75 4   0 0   1 1   2 2   3 3
56 189 4   0 0   1 1   2 2   3 3
56 207 4   0 0   1 1   2 2   3 3
57 197 4   0 0   1 1   2 2   3 3
57 299 4   0 0   1 1   2 2   3 3
57 239 4   0 0   1 1   2 2   3 3
58 133 4   0 0   1 1   2 2   3 3
58 198 4   0 0   1 1   2 2   3 3
58 74 4   0 0   1 1   2 2   3 3
58 110 4   0 0   1 1   2 2   3 3
59 212 4   0 0   1 1   2 2   3 3
59 278 4   0 0   1 1   2 2   3 3
59 141 4   0 0   1 1   2 2   3 3
59 190 4   0 0   1 1   2 2   3 3
60 256 4   0 0   1 1   2 2   3 3
60 177 4   0 0   1 1   2 2   3 3
60 178 4   0 0   1 1   2 2   3 3
60 84 4   0 0   1 1   2 2   3 3
61 96 4   0 0   1 1   2 2   3 3
61 321 4   0 0   1 1   2 2   3 3
61 79 4   0 0   1 1   2 2   3 3
61 95 4   0 0   1 1   2 2   3 3
62 176 4   0 0   1 1   2 2   3 3
62 164 4   0 0   1 1   2 2   3 3
62 197 4   0 0   1 1   2 2   3 3
62 318 4   0 0   1 1   2 2   3 3
63 272 4   0 0   1 1   2 2   3 3
63 115 4   0 0   1 1   2 2   3 3
63 234 4   0 0   1 1   2 2   3 3
63 282 4   0 0   1 1   2 2   3 3
63 285 4   0 0   1 1   2 2   3 3
64 162 4   0 0   1 1   2 2   3 3
64 147 4   0 0   1 1   2 2   3 3
64 199 4   0 0   1 1   2 2   3 3
64 201 4   0 0   1 1   2 2   3 3
64 221 4   0 0   1 1   2 2   3 3
65 153 4   0 0   1 1   2 2   3 3
65 122 4   0 0   1 1   2 2   3 3
65 235 4   0 0   1 1   2 2   3 3
66 112 4   0 0   1 1   2 2   3 3
66 196 4   0 0   1 1   2 2   3 3
66 107 4   0 0   1 1   2 2   3 3
66 157 4   0 0   1 1   2 2   3 3
67 150 4   0 0   1 1   2 2   3 3
67 141 4   0 0   1 1   2 2   3 3
67 222 4   0 0   1 1   2 2   3 3
67 238 4   0 0   1 1   2 2   3 3
68 82 4   0 0   1 1   2 2   3 3
68 290 4   0 0   1 1   2 2   3 3
68 295 4   0 0   1 1   2 2   3 3
68 136 4   0 0   1 1   2 2   3 3
69 144 4   0 0   1 1   2 2   3 3
69 305 4   0 0   1 1   2 2   3 3
69 165 4   0 0   1 1   2 2   3 3
69 198 4   0 0   1 1   2 2   3 3
69 311 4   0 0   1 1   2 2   3 3
69 216 4   0 0   1 1   2 2   3 3
69 249 4   0 0   1 1   2 2   3 3
69 286 4   0 0   1 1   2 2   3 3
70 194 4   0 0   1 1   2 2   3 3
70 322 4   0 0   1 1   2 2   3 3
70 195 4   0 0   1 1   2 2   3 3
70 324 4   0 0   1 1   2 2   3 3
70 148 4   0 0   1 1   2 2   3 3
70 277 4   0 0   1 1   2 2   3 3
70 303 4   0 0   1 1   2 2   3 3
71 275 4   0 0   1 1   2 2   3 3
71 249 4   0 0   1 1   2 2   3 3
71 75 4   0 0   1 1   2 2   3 3
71 286 4   0 0   1 1   2 2   3 3
72 209 4   0 0   1 1   2 2   3 3
72 138 4   0 0   1 1   2 2   3 3
73 161 4   0 0   1 1   2 2   3 3
73 181 4   0 0   1 1   2 2   3 3
73 298 4   0 0   1 1   2 2   3 3
73 203 4   0 0   1 1   2 2   3 3
73 124 4   0 0   1 1   2 2   3 3
74 165 4   0 0   1 1   2 2   3 3
74 198 4   0 0   1 1   2 2   3 3
74 186 4   0 0   1 1   2 2   3 3
74 110 4   0 0   1 1   2 2   3 3
75 224 4   0 0   1 1   2 2   3 3
75 160 4   0 0   1 1   2 2   3 3
75 275 4   0 0   1 1   2 2   3 3
75 286 4   0 0   1 1   2 2   3 3
75 207 4   0 0   1 1   2 2   3 3
76 128 4   0 0   1 1   2 2   3 3
76 99 4   0 0   1 1   2 2   3 3
76 171 4   0 0   1 1   2 2   3 3
76 140 4   0 0   1 1   2 2   3 3
77 304 4   0 0   1 1   2 2   3 3
77 246 4   0 0   1 1   2 2   3 3
77 231 4   0 0   1 1   2 2   3 3
77 120 4   0 0   1 1   2 2   3 3
77 186 4   0 0   1 1   2 2   3 3
78 289 4   0 0   1 1   2 2   3 3
78 306 4   0 0   1 1   2 2   3 3
78 85 4   0 0   1 1   2 2   3 3
78 120 4   0 0   1 1   2 2   3 3
78 233 4   0 0   1 1   2 2   3 3
79 321 4   0 0   1 1   2 2   3 3
79 103 4   0 0   1 1   2 2   3 3
79 236 4   0 0   1 1   2 2   3 3
79 158 4   0 0   1 1   2 2   3 3
79 95 4   0 0   1 1   2 2   3 3
80 320 4   0 0   1 1   2 2   3 3
80 308 4   0 0   1 1   2 2   3 3
80 326 4   0 0   1 1   2 2   3 3
80 188 4   0 0   1 1   2 2   3 3
81 224 4   0 0   1 1   2 2   3 3
81 243 4   0 0   1 1   2 2   3 3
81 92 4   0 0   1 1   2 2   3 3
81 207 4   0 0   1 1   2 2   3 3
82 98 4   0 0   1 1   2 2   3 3
82 136 4   0 0   1 1   2 2   3 3
82 255 4   0 0   1 1   2 2   3 3
83 116 4   0 0   1 1   2 2   3 3
83 245 4   0 0   1 1   2 2   3 3
83 107 4   0 0   1 1   2 2   3 3
83 205 4   0 0   1 1   2 2   3 3
83 159 4   0 0   1 1   2 2   3 3
84 177 4   0 0   1 1   2 2   3 3
84 178 4   0 0   1 1   2 2   3 3
85 258 4   0 0   1 1   2 2   3 3
85 290 4   0 0   1 1   2 2   3 3
85 120 4   0 0   1 1   2 2   3 3
85 233 4   0 0   1 1   2 2   3 3
86 145 4   0 0   1 1   2 2   3 3
86 298 4   0 0   1 1   2 2   3 3
86 315 4   0 0   1 1   2 2   3 3
86 124 4   0 0   1 1   2 2   3 3
87 181 4   0 0   1 1   2 2   3 3
87 171 4   0 0   1 1   2 2   3 3
87 173 4   0 0   1 1   2 2   3 3
88 288 4   0 0   1 1   2 2   3 3
88 257 4   0 0   1 1   2 2   3 3
88 324 4   0 0   1 1   2 2   3 3
88 303 4   0 0   1 1   2 2   3 3
89 274 4   0 0   1 1   2 2   3 3
89 215 4   0 0   1 1   2 2   3 3
89 204 4   0 0   1 1   2 2   3 3
89 300 4   0 0   1 1   2 2   3 3
90 224 4   0 0   1 1   2 2   3 3
90 148 4   0 0   1 1   2 2   3 3
90 183 4   0 0   1 1   2 2   3 3
90 104 4   0 0   1 1   2 2   3 3
90 283 4   0 0   1 1   2 2   3 3
90 92 4   0 0   1 1   2 2   3 3
91 243 4   0 0   1 1   2 2   3 3
91 263 4   0 0   1 1   2 2   3 3
91 135 4   0 0   1 1   2 2   3 3
91 184 4   0 0   1 1   2 2   3 3
91 159 4   0 0   1 1   2 2   3 3
92 224 4   0 0   1 1   2 2   3 3
92 183 4   0 0   1 1   2 2   3 3
93 97 4   0 0   1 1   2 2   3 3
93 307 4   0 0   1 1   2 2   3 3
93 213 4   0 0   1 1   2 2   3 3
93 216 4   0 0   1 1   2 2   3 3
93 123 4   0 0   1 1   2 2   3 3
93 156 4   0 0   1 1   2 2   3 3
93 127 4   0 0   1 1   2 2   3 3
93 287 4   0 0   1 1   2 2   3 3
94 163 4   0 0   1 1   2 2   3 3
94 243 4   0 0   1 1   2 2   3 3
94 135 4   0 0   1 1   2 2   3 3
94 121 4   0 0   1 1   2 2   3 3
94 205 4   0 0   1 1   2 2   3 3
95 96 4   0 0   1 1   2 2   3 3
95 102 4   0 0   1 1   2 2   3 3
95 220 4   0 0   1 1   2 2   3 3
95 158 4   0 0   1 1   2 2   3 3
96 321 4   0 0   1 1   2 2   3 3
96 292 4   0 0   1 1   2 2   3 3
96 253 4   0 0   1 1   2 2   3 3
97 180 4   0 0   1 1   2 2   3 3
97 213 4   0 0   1 1   2 2   3 3
97 247 4   0 0   1 1   2 2   3 3
97 271 4   0 0   1 1   2 2   3 3
97 127 4   0 0   1 1   2 2   3 3
98 229 4   0 0   1 1   2 2   3 3
98 136 4   0 0   1 1   2 2   3 3
98 169 4   0 0   1 1   2 2   3 3
98 255 4   0 0   1 1   2 2   3 3
99 171 4   0 0   1 1   2 2   3 3
99 206 4   0 0   1 1   2 2   3 3
99 287 4   0 0   1 1   2 2   3 3
100 113 4   0 0   1 1   2 2   3 3
100 179 4   0 0   1 1   2 2   3 3
100 149 4   0 0   1 1   2 2   3 3
100 152 4   0 0   1 1   2 2   3 3
100 281 4   0 0   1 1   2 2   3 3
100 202 4   0 0   1 1   2 2   3 3
100 302 4   0 0   1 1   2 2   3 3
101 273 4   0 0   1 1   2 2   3 3
101 296 4   0 0   1 1   2 2   3 3
101 153 4   0 0   1 1   2 2   3 3
101 122 4   0 0   1 1   2 2   3 3
101 188 4   0 0   1 1   2 2   3 3
102 230 4   0 0   1 1   2 2   3 3
102 220 4   0 0   1 1   2 2   3 3
102 158 4   0 0   1 1   2 2   3 3
103 146 4   0 0   1 1   2 2   3 3
103 214 4   0 0   1 1   2 2   3 3
103 167 4   0 0   1 1   2 2   3 3
103 236 4   0 0   1 1   2 2   3 3
103 158 4   0 0   1 1   2 2   3 3
104 272 4   0 0   1 1   2 2   3 3
104 322 4   0 0   1 1   2 2   3 3
104 131 4   0 0   1 1   2 2   3 3
104 148 4   0 0   1 1   2 2   3 3
104 283 4   0 0   1 1   2 2   3 3
105 241 4   0 0   1 1   2 2   3 3
105 152 4   0 0   1 1   2 2   3 3
105 232 4   0 0   1 1   2 2   3 3
105 297 4   0 0   1 1   2 2   3 3
105 202 4   0 0   1 1   2 2   3 3
106 208 4   0 0   1 1   2 2   3 3
106 227 4   0 0   1 1   2 2   3 3
106 122 4   0 0   1 1   2 2   3 3
106 237 4   0 0   1 1   2 2   3 3
106 174 4   0 0   1 1   2 2   3 3
107 112 4   0 0   1 1   2 2   3 3
107 116 4   0 0   1 1   2 2   3 3
107 325 4   0 0   1 1   2 2   3 3
107 137 4   0 0   1 1   2 2   3 3
108 226 4   0 0   1 1   2 2   3 3
108 199 4   0 0   1 1   2 2   3 3
108 155 4   0 0   1 1   2 2   3 3
109 117 4   0 0   1 1   2 2   3 3
109 168 4   0 0   1 1   2 2   3 3
109 269 4   0 0   1 1   2 2   3 3
109 254 4   0 0   1 1   2 2   3 3
109 142 4   0 0   1 1   2 2   3 3
110 186 4   0 0   1 1   2 2   3 3
111 272 4   0 0   1 1   2 2   3 3
111 195 4   0 0   1 1   2 2   3 3
111 324 4   0 0   1 1   2 2   3 3
112 196 4   0 0   1 1   2 2   3 3
112 325 4   0 0   1 1   2 2   3 3
113 179 4   0 0   1 1   2 2   3 3
113 302 4   0 0   1 1   2 2   3 3
114 314 4   0 0   1 1   2 2   3 3
114 301 4   0 0   1 1   2 2   3 3
115 283 4   0 0   1 1   2 2   3 3
115 285 4   0 0   1 1   2 2   3 3
115 191 4   0 0   1 1   2 2   3 3
116 245 4   0 0   1 1   2 2   3 3
116 137 4   0 0   1 1   2 2   3 3
116 218 4   0 0   1 1   2 2   3 3
117 240 4   0 0   1 1   2 2   3 3
117 129 4   0 0   1 1   2 2   3 3
117 130 4   0 0   1 1   2 2   3 3
117 168 4   0 0   1 1   2 2   3 3
117 285 4   0 0   1 1   2 2   3 3
117 254 4   0 0   1 1   2 2   3 3
118 211 4   0 0   1 1   2 2   3 3
118 228 4   0 0   1 1   2 2   3 3
118 232 4   0 0   1 1   2 2   3 3
118 281 4   0 0   1 1   2 2   3 3
119 317 4   0 0   1 1   2 2   3 3
119 237 4   0 0   1 1   2 2   3 3
119 270 4   0 0   1 1   2 2   3 3
120 304 4   0 0   1 1   2 2   3 3
120 258 4   0 0   1 1   2 2   3 3
121 245 4   0 0   1 1   2 2   3 3
121 205 4   0 0   1 1   2 2   3 3
122 208 4   0 0   1 1   2 2   3 3
122 185 4   0 0   1 1   2 2   3 3
122 153 4   0 0   1 1   2 2   3 3
122 235 4   0 0   1 1   2 2   3 3
122 284 4   0 0   1 1   2 2   3 3
122 174 4   0 0   1 1   2 2   3 3
123 206 4   0 0   1 1   2 2   3 3
123 287 4   0 0   1 1   2 2   3 3
124 169 4   0 0   1 1   2 2   3 3
124 298 4   0 0   1 1   2 2   3 3
125 288 4   0 0   1 1   2 2   3 3
125 257 4   0 0   1 1   2 2   3 3
125 133 4   0 0   1 1   2 2   3 3
126 308 4   0 0   1 1   2 2   3 3
126 212 4   0 0   1 1   2 2   3 3
126 276 4   0 0   1 1   2 2   3 3
126 278 4   0 0   1 1   2 2   3 3
126 312 4   0 0   1 1   2 2   3 3
126 296 4   0 0   1 1   2 2   3 3
127 210 4   0 0   1 1   2 2   3 3
127 307 4   0 0   1 1   2 2   3 3
127 180 4   0 0   1 1   2 2   3 3
127 264 4   0 0   1 1   2 2   3 3
128 171 4   0 0   1 1   2 2   3 3
128 203 4   0 0   1 1   2 2   3 3
128 140 4   0 0   1 1   2 2   3 3
129 310 4   0 0   1 1   2 2   3 3
129 285 4   0 0   1 1   2 2   3 3
129 254 4   0 0   1 1   2 2   3 3
129 191 4   0 0   1 1   2 2   3 3
130 240 4   0 0   1 1   2 2   3 3
130 242 4   0 0   1 1   2 2   3 3
130 168 4   0 0   1 1   2 2   3 3
131 283 4   0 0   1 1   2 2   3 3
132 146 4   0 0   1 1   2 2   3 3
132 196 4   0 0   1 1   2 2   3 3
132 325 4   0 0   1 1   2 2   3 3
132 214 4   0 0   1 1   2 2   3 3
132 154 4   0 0   1 1   2 2   3 3
132 300 4   0 0   1 1   2 2   3 3
133 257 4   0 0   1 1   2 2   3 3
133 303 4   0 0   1 1   2 2   3 3
134 276 4   0 0   1 1   2 2   3 3
134 313 4   0 0   1 1   2 2   3 3
134 172 4   0 0   1 1   2 2   3 3
134 222 4   0 0   1 1   2 2   3 3
135 243 4   0 0   1 1   2 2   3 3
135 205 4   0 0   1 1   2 2   3 3
135 159 4   0 0   1 1   2 2   3 3
136 229 4   0 0   1 1   2 2   3 3
136 295 4   0 0   1 1   2 2   3 3
137 259 4   0 0   1 1   2 2   3 3
137 325 4   0 0   1 1   2 2   3 3
137 280 4   0 0   1 1   2 2   3 3
137 218 4   0 0   1 1   2 2   3 3
137 268 4   0 0   1 1   2 2   3 3
138 151 4   0 0   1 1   2 2   3 3
139 240 4   0 0   1 1   2 2   3 3
139 242 4   0 0   1 1   2 2   3 3
139 282 4   0 0   1 1   2 2   3 3
139 285 4   0 0   1 1   2 2   3 3
140 161 4   0 0   1 1   2 2   3 3
140 203 4   0 0   1 1   2 2   3 3
141 212 4   0 0   1 1   2 2   3 3
141 190 4   0 0   1 1   2 2   3 3
141 222 4   0 0   1 1   2 2   3 3
141 238 4   0 0   1 1   2 2   3 3
142 269 4   0 0   1 1   2 2   3 3
142 254 4   0 0   1 1   2 2   3 3
143 263 4   0 0   1 1   2 2   3 3
143 279 4   0 0   1 1   2 2   3 3
143 157 4   0 0   1 1   2 2   3 3
143 159 4   0 0   1 1   2 2   3 3
144 305 4   0 0   1 1   2 2   3 3
144 244 4   0 0   1 1   2 2   3 3
144 216 4   0 0   1 1   2 2   3 3
144 156 4   0 0   1 1   2 2   3 3
144 319 4   0 0   1 1   2 2   3 3
145 200 4   0 0   1 1   2 2   3 3
145 315 4   0 0   1 1   2 2   3 3
145 284 4   0 0   1 1   2 2   3 3
146 214 4   0 0   1 1   2 2   3 3
146 167 4   0 0   1 1   2 2   3 3
146 154 4   0 0   1 1   2 2   3 3
147 162 4   0 0   1 1   2 2   3 3
147 217 4   0 0   1 1   2 2   3 3
147 221 4   0 0   1 1   2 2   3 3
148 224 4   0 0   1 1   2 2   3 3
148 194 4   0 0   1 1   2 2   3 3
149 301 4   0 0   1 1   2 2   3 3
150 172 4   0 0   1 1   2 2   3 3
150 222 4   0 0   1 1   2 2   3 3
150 238 4   0 0   1 1   2 2   3 3
150 190 4   0 0   1 1   2 2   3 3
151 274 4   0 0   1 1   2 2   3 3
151 211 4   0 0   1 1   2 2   3 3
151 215 4   0 0   1 1   2 2   3 3
151 187 4   0 0   1 1   2 2   3 3
151 204 4   0 0   1 1   2 2   3 3
151 302 4   0 0   1 1   2 2   3 3
152 232 4   0 0   1 1   2 2   3 3
152 281 4   0 0   1 1   2 2   3 3
152 202 4   0 0   1 1   2 2   3 3
153 273 4   0 0   1 1   2 2   3 3
155 226 4   0 0   1 1   2 2   3 3
155 263 4   0 0   1 1   2 2   3 3
155 279 4   0 0   1 1   2 2   3 3
155 184 4   0 0   1 1   2 2   3 3
155 266 4   0 0   1 1   2 2   3 3
155 187 4   0 0   1 1   2 2   3 3
156 306 4   0 0   1 1   2 2   3 3
156 323 4   0 0   1 1   2 2   3 3
156 216 4   0 0   1 1   2 2   3 3
156 319 4   0 0   1 1   2 2   3 3
157 279 4   0 0   1 1   2 2   3 3
159 263 4   0 0   1 1   2 2   3 3
159 205 4   0 0   1 1   2 2   3 3
160 275 4   0 0   1 1   2 2   3 3
160 291 4   0 0   1 1   2 2   3 3
160 247 4   0 0   1 1   2 2   3 3
160 189 4   0 0   1 1   2 2   3 3
161 298 4   0 0   1 1   2 2   3 3
161 250 4   0 0   1 1   2 2   3 3
161 203 4   0 0   1 1   2 2   3 3
162 264 4   0 0   1 1   2 2   3 3
162 201 4   0 0   1 1   2 2   3 3
162 217 4   0 0   1 1   2 2   3 3
162 185 4   0 0   1 1   2 2   3 3
162 317 4   0 0   1 1   2 2   3 3
162 221 4   0 0   1 1   2 2   3 3
162 270 4   0 0   1 1   2 2   3 3
163 243 4   0 0   1 1   2 2   3 3
163 310 4   0 0   1 1   2 2   3 3
163 191 4   0 0   1 1   2 2   3 3
164 193 4   0 0   1 1   2 2   3 3
164 197 4   0 0   1 1   2 2   3 3
164 253 4   0 0   1 1   2 2   3 3
164 318 4   0 0   1 1   2 2   3 3
165 198 4   0 0   1 1   2 2   3 3
165 231 4   0 0   1 1   2 2   3 3
165 186 4   0 0   1 1   2 2   3 3
166 278 4   0 0   1 1   2 2   3 3
167 259 4   0 0   1 1   2 2   3 3
167 236 4   0 0   1 1   2 2   3 3
167 239 4   0 0   1 1   2 2   3 3
170 182 4   0 0   1 1   2 2   3 3
171 181 4   0 0   1 1   2 2   3 3
171 203 4   0 0   1 1   2 2   3 3
171 206 4   0 0   1 1   2 2   3 3
172 192 4   0 0   1 1   2 2   3 3
172 309 4   0 0   1 1   2 2   3 3
172 313 4   0 0   1 1   2 2   3 3
172 222 4   0 0   1 1   2 2   3 3
174 185 4   0 0   1 1   2 2   3 3
174 237 4   0 0   1 1   2 2   3 3
175 209 4   0 0   1 1   2 2   3 3
175 261 4   0 0   1 1   2 2   3 3
176 197 4   0 0   1 1   2 2   3 3
176 299 4   0 0   1 1   2 2   3 3
176 318 4   0 0   1 1   2 2   3 3
177 320 4   0 0   1 1   2 2   3 3
177 256 4   0 0   1 1   2 2   3 3
177 179 4   0 0   1 1   2 2   3 3
178 309 4   0 0   1 1   2 2   3 3
178 314 4   0 0   1 1   2 2   3 3
178 267 4   0 0   1 1   2 2   3 3
180 210 4   0 0   1 1   2 2   3 3
180 291 4   0 0   1 1   2 2   3 3
180 247 4   0 0   1 1   2 2   3 3
181 203 4   0 0   1 1   2 2   3 3
182 255 4   0 0   1 1   2 2   3 3
183 260 4   0 0   1 1   2 2   3 3
183 283 4   0 0   1 1   2 2   3 3
184 243 4   0 0   1 1   2 2   3 3
184 293 4   0 0   1 1   2 2   3 3
184 263 4   0 0   1 1   2 2   3 3
184 266 4   0 0   1 1   2 2   3 3
185 261 4   0 0   1 1   2 2   3 3
185 265 4   0 0   1 1   2 2   3 3
185 217 4   0 0   1 1   2 2   3 3
185 237 4   0 0   1 1   2 2   3 3
185 270 4   0 0   1 1   2 2   3 3
186 304 4   0 0   1 1   2 2   3 3
186 231 4   0 0   1 1   2 2   3 3
187 226 4   0 0   1 1   2 2   3 3
187 279 4   0 0   1 1   2 2   3 3
187 215 4   0 0   1 1   2 2   3 3
188 308 4   0 0   1 1   2 2   3 3
188 296 4   0 0   1 1   2 2   3 3
189 291 4   0 0   1 1   2 2   3 3
190 238 4   0 0   1 1   2 2   3 3
191 310 4   0 0   1 1   2 2   3 3
191 251 4   0 0   1 1   2 2   3 3
191 285 4   0 0   1 1   2 2   3 3
192 309 4   0 0   1 1   2 2   3 3
192 313 4   0 0   1 1   2 2   3 3
192 267 4   0 0   1 1   2 2   3 3
193 292 4   0 0   1 1   2 2   3 3
193 253 4   0 0   1 1   2 2   3 3
193 318 4   0 0   1 1   2 2   3 3
194 224 4   0 0   1 1   2 2   3 3
194 277 4   0 0   1 1   2 2   3 3
194 286 4   0 0   1 1   2 2   3 3
195 272 4   0 0   1 1   2 2   3 3
195 322 4   0 0   1 1   2 2   3 3
195 324 4   0 0   1 1   2 2   3 3
196 325 4   0 0   1 1   2 2   3 3
197 299 4   0 0   1 1   2 2   3 3
197 253 4   0 0   1 1   2 2   3 3
197 239 4   0 0   1 1   2 2   3 3
198 286 4   0 0   1 1   2 2   3 3
199 226 4   0 0   1 1   2 2   3 3
199 294 4   0 0   1 1   2 2   3 3
199 201 4   0 0   1 1   2 2   3 3
200 208 4   0 0   1 1   2 2   3 3
200 227 4   0 0   1 1   2 2   3 3
200 315 4   0 0   1 1   2 2   3 3
200 284 4   0 0   1 1   2 2   3 3
201 294 4   0 0   1 1   2 2   3 3
201 264 4   0 0   1 1   2 2   3 3
202 241 4   0 0   1 1   2 2   3 3
204 274 4   0 0   1 1   2 2   3 3
204 215 4   0 0   1 1   2 2   3 3
205 245 4   0 0   1 1   2 2   3 3
206 287 4   0 0   1 1   2 2   3 3
207 224 4   0 0   1 1   2 2   3 3
207 243 4   0 0   1 1   2 2   3 3
207 293 4   0 0   1 1   2 2   3 3
208 227 4   0 0   1 1   2 2   3 3
208 284 4   0 0   1 1   2 2   3 3
209 261 4   0 0   1 1   2 2   3 3
209 217 4   0 0   1 1   2 2   3 3
210 294 4   0 0   1 1   2 2   3 3
210 264 4   0 0   1 1   2 2   3 3
211 274 4   0 0   1 1   2 2   3 3
211 214 4   0 0   1 1   2 2   3 3
211 281 4   0 0   1 1   2 2   3 3
211 302 4   0 0   1 1   2 2   3 3
212 276 4   0 0   1 1   2 2   3 3
212 278 4   0 0   1 1   2 2   3 3
212 222 4   0 0   1 1   2 2   3 3
213 216 4   0 0   1 1   2 2   3 3
214 274 4   0 0   1 1   2 2   3 3
214 300 4   0 0   1 1   2 2   3 3
215 262 4   0 0   1 1   2 2   3 3
215 279 4   0 0   1 1   2 2   3 3
216 305 4   0 0   1 1   2 2   3 3
216 311 4   0 0   1 1   2 2   3 3
217 261 4   0 0   1 1   2 2   3 3
218 248 4   0 0   1 1   2 2   3 3
218 280 4   0 0   1 1   2 2   3 3
218 269 4   0 0   1 1   2 2   3 3
218 223 4   0 0   1 1   2 2   3 3
219 290 4   0 0   1 1   2 2   3 3
219 229 4   0 0   1 1   2 2   3 3
219 295 4   0 0   1 1   2 2   3 3
219 233 4   0 0   1 1   2 2   3 3
220 230 4   0 0   1 1   2 2   3 3
220 252 4   0 0   1 1   2 2   3 3
222 276 4   0 0   1 1   2 2   3 3
223 269 4   0 0   1 1   2 2   3 3
224 286 4   0 0   1 1   2 2   3 3
225 242 4   0 0   1 1   2 2   3 3
227 250 4   0 0   1 1   2 2   3 3
227 315 4   0 0   1 1   2 2   3 3
227 237 4   0 0   1 1   2 2   3 3
228 230 4   0 0   1 1   2 2   3 3
228 232 4   0 0   1 1   2 2   3 3
228 252 4   0 0   1 1   2 2   3 3
229 295 4   0 0   1 1   2 2   3 3
229 233 4   0 0   1 1   2 2   3 3
230 252 4   0 0   1 1   2 2   3 3
231 244 4   0 0   1 1   2 2   3 3
231 246 4   0 0   1 1   2 2   3 3
232 281 4   0 0   1 1   2 2   3 3
232 297 4   0 0   1 1   2 2   3 3
232 252 4   0 0   1 1   2 2   3 3
233 290 4   0 0   1 1   2 2   3 3
233 306 4   0 0   1 1   2 2   3 3
233 323 4   0 0   1 1   2 2   3 3
234 272 4   0 0   1 1   2 2   3 3
234 282 4   0 0   1 1   2 2   3 3
235 284 4   0 0   1 1   2 2   3 3
236 321 4   0 0   1 1   2 2   3 3
236 253 4   0 0   1 1   2 2   3 3
236 239 4   0 0   1 1   2 2   3 3
237 270 4   0 0   1 1   2 2   3 3
239 259 4   0 0   1 1   2 2   3 3
239 280 4   0 0   1 1   2 2   3 3
239 299 4   0 0   1 1   2 2   3 3
239 268 4   0 0   1 1   2 2   3 3
239 253 4   0 0   1 1   2 2   3 3
240 242 4   0 0   1 1   2 2   3 3
240 285 4   0 0   1 1   2 2   3 3
241 297 4   0 0   1 1   2 2   3 3
241 301 4   0 0   1 1   2 2   3 3
243 260 4   0 0   1 1   2 2   3 3
243 293 4   0 0   1 1   2 2   3 3
244 289 4   0 0   1 1   2 2   3 3
244 246 4   0 0   1 1   2 2   3 3
244 319 4   0 0   1 1   2 2   3 3
247 275 4   0 0   1 1   2 2   3 3
247 291 4   0 0   1 1   2 2   3 3
247 249 4   0 0   1 1   2 2   3 3
247 271 4   0 0   1 1   2 2   3 3
248 280 4   0 0   1 1   2 2   3 3
248 299 4   0 0   1 1   2 2   3 3
248 269 4   0 0   1 1   2 2   3 3
249 275 4   0 0   1 1   2 2   3 3
249 311 4   0 0   1 1   2 2   3 3
249 286 4   0 0   1 1   2 2   3 3
249 271 4   0 0   1 1   2 2   3 3
250 298 4   0 0   1 1   2 2   3 3
250 315 4   0 0   1 1   2 2   3 3
251 283 4   0 0   1 1   2 2   3 3
252 297 4   0 0   1 1   2 2   3 3
253 321 4   0 0   1 1   2 2   3 3
253 292 4   0 0   1 1   2 2   3 3
254 310 4   0 0   1 1   2 2   3 3
256 320 4   0 0   1 1   2 2   3 3
256 326 4   0 0   1 1   2 2   3 3
256 312 4   0 0   1 1   2 2   3 3
257 288 4   0 0   1 1   2 2   3 3
257 303 4   0 0   1 1   2 2   3 3
258 304 4   0 0   1 1   2 2   3 3
258 290 4   0 0   1 1   2 2   3 3
259 268 4   0 0   1 1   2 2   3 3
262 279 4   0 0   1 1   2 2   3 3
263 279 4   0 0   1 1   2 2   3 3
264 307 4   0 0   1 1   2 2   3 3
264 294 4   0 0   1 1   2 2   3 3
264 316 4   0 0   1 1   2 2   3 3
264 317 4   0 0   1 1   2 2   3 3
266 293 4   0 0   1 1   2 2   3 3
267 309 4   0 0   1 1   2 2   3 3
268 280 4   0 0   1 1   2 2   3 3
270 317 4   0 0   1 1   2 2   3 3
271 311 4   0 0   1 1   2 2   3 3
272 322 4   0 0   1 1   2 2   3 3
273 278 4   0 0   1 1   2 2   3 3
273 296 4   0 0   1 1   2 2   3 3
274 300 4   0 0   1 1   2 2   3 3
276 312 4   0 0   1 1   2 2   3 3
277 286 4   0 0   1 1   2 2   3 3
277 303 4   0 0   1 1   2 2   3 3
280 299 4   0 0   1 1   2 2   3 3
281 302 4   0 0   1 1   2 2   3 3
282 285 4   0 0   1 1   2 2   3 3
287 307 4   0 0   1 1   2 2   3 3
287 316 4   0 0   1 1   2 2   3 3
289 306 4   0 0   1 1   2 2   3 3
289 319 4   0 0   1 1   2 2   3 3
290 304 4   0 0   1 1   2 2   3 3
290 295 4   0 0   1 1   2 2   3 3
296 308 4   0 0   1 1   2 2   3 3
297 301 4   0 0   1 1   2 2   3 3
298 315 4   0 0   1 1   2 2   3 3
299 318 4   0 0   1 1   2 2   3 3
303 324 4   0 0   1 1   2 2   3 3
306 323 4   0 0   1 1   2 2   3 3
306 319 4   0 0   1 1   2 2   3 3
307 316 4   0 0   1 1   2 2   3 3
308 326 4   0 0   1 1   2 2   3 3
308 312 4   0 0   1 1   2 2   3 3
309 314 4   0 0   1 1   2 2   3 3
312 326 4   0 0   1 1   2 2   3 3
320 326 4   0 0   1 1   2 2   3 3
