40
1 4 0 1 2 3
2 4 0 1 2 3
3 4 0 1 2 3
4 4 0 1 2 3
5 4 0 1 2 3
6 4 0 1 2 3
7 4 0 1 2 3
8 4 0 1 2 3
9 4 0 1 2 3
10 4 0 1 2 3
11 4 0 1 2 3
12 4 0 1 2 3
13 4 0 1 2 3
14 4 0 1 2 3
15 4 0 1 2 3
16 4 0 1 2 3
17 4 0 1 2 3
18 4 0 1 2 3
19 4 0 1 2 3
20 4 0 1 2 3
21 4 0 1 2 3
22 4 0 1 2 3
23 4 0 1 2 3
24 4 0 1 2 3
25 4 0 1 2 3
26 4 0 1 2 3
27 4 0 1 2 3
28 4 0 1 2 3
29 4 0 1 2 3
30 4 0 1 2 3
31 4 0 1 2 3
32 4 0 1 2 3
33 4 0 1 2 3
34 4 0 1 2 3
35 4 0 1 2 3
36 4 0 1 2 3
37 4 0 1 2 3
38 4 0 1 2 3
39 4 0 1 2 3
40 4 0 1 2 3
95
1 40 4   0 0   1 1   2 2   3 3
1 25 4   0 0   1 1   2 2   3 3
2 17 4   0 0   1 1   2 2   3 3
2 18 4   0 0   1 1   2 2   3 3
2 3 4   0 0   1 1   2 2   3 3
2 39 4   0 0   1 1   2 2   3 3
2 9 4   0 0   1 1   2 2   3 3
2 26 4   0 0   1 1   2 2   3 3
2 28 4   0 0   1 1   2 2   3 3
3 32 4   0 0   1 1   2 2   3 3
3 4 4   0 0   1 1   2 2   3 3
3 39 4   0 0   1 1   2 2   3 3
3 24 4   0 0   1 1   2 2   3 3
3 28 4   0 0   1 1   2 2   3 3
4 32 4   0 0   1 1   2 2   3 3
5 22 4   0 0   1 1   2 2   3 3
5 6 4   0 0   1 1   2 2   3 3
5 27 4   0 0   1 1   2 2   3 3
6 37 4   0 0   1 1   2 2   3 3
6 40 4   0 0   1 1   2 2   3 3
6 25 4   0 0   1 1   2 2   3 3
6 10 4   0 0   1 1   2 2   3 3
6 27 4   0 0   1 1   2 2   3 3
7 21 4   0 0   1 1   2 2   3 3
7 26 4   0 0   1 1   2 2   3 3
7 11 4   0 0   1 1   2 2   3 3
7 13 4   0 0   1 1   2 2   3 3
8 35 4   0 0   1 1   2 2   3 3
8 19 4   0 0   1 1   2 2   3 3
8 36 4   0 0   1 1   2 2   3 3
8 29 4   0 0   1 1   2 2   3 3
8 14 4   0 0   1 1   2 2   3 3
8 31 4   0 0   1 1   2 2   3 3
9 23 4   0 0   1 1   2 2   3 3
9 26 4   0 0   1 1   2 2   3 3
9 28 4   0 0   1 1   2 2   3 3
10 37 4   0 0   1 1   2 2   3 3
10 27 4   0 0   1 1   2 2   3 3
10 12 4   0 0   1 1   2 2   3 3
11 17 4   0 0   1 1   2 2   3 3
11 18 4   0 0   1 1   2 2   3 3
11 13 4   0 0   1 1   2 2   3 3
12 32 4   0 0   1 1   2 2   3 3
12 34 4   0 0   1 1   2 2   3 3
12 37 4   0 0   1 1   2 2   3 3
12 24 4   0 0   1 1   2 2   3 3
12 27 4   0 0   1 1   2 2   3 3
12 15 4   0 0   1 1   2 2   3 3
13 16 4   0 0   1 1   2 2   3 3
13 18 4   0 0   1 1   2 2   3 3
13 20 4   0 0   1 1   2 2   3 3
13 21 4   0 0   1 1   2 2   3 3
13 30 4   0 0   1 1   2 2   3 3
14 16 4   0 0   1 1   2 2   3 3
14 35 4   0 0   1 1   2 2   3 3
14 19 4   0 0   1 1   2 2   3 3
14 29 4   0 0   1 1   2 2   3 3
14 30 4   0 0   1 1   2 2   3 3
15 34 4   0 0   1 1   2 2   3 3
15 38 4   0 0   1 1   2 2   3 3
15 27 4   0 0   1 1   2 2   3 3
16 33 4   0 0   1 1   2 2   3 3
16 19 4   0 0   1 1   2 2   3 3
16 20 4   0 0   1 1   2 2   3 3
16 30 4   0 0   1 1   2 2   3 3
17 18 4   0 0   1 1   2 2   3 3
17 26 4   0 0   1 1   2 2   3 3
18 39 4   0 0   1 1   2 2   3 3
18 30 4   0 0   1 1   2 2   3 3
19 33 4   0 0   1 1   2 2   3 3
19 29 4   0 0   1 1   2 2   3 3
20 33 4   0 0   1 1   2 2   3 3
20 21 4   0 0   1 1   2 2   3 3
22 34 4   0 0   1 1   2 2   3 3
22 38 4   0 0   1 1   2 2   3 3
22 27 4   0 0   1 1   2 2   3 3
23 26 4   0 0   1 1   2 2   3 3
24 32 4   0 0   1 1   2 2   3 3
24 35 4   0 0   1 1   2 2   3 3
24 36 4   0 0   1 1   2 2   3 3
24 37 4   0 0   1 1   2 2   3 3
24 39 4   0 0   1 1   2 2   3 3
24 30 4   0 0   1 1   2 2   3 3
25 40 4   0 0   1 1   2 2   3 3
27 38 4   0 0   1 1   2 2   3 3
30 35 4   0 0   1 1   2 2   3 3
30 39 4   0 0   1 1   2 2   3 3
31 36 4   0 0   1 1   2 2   3 3
31 40 4   0 0   1 1   2 2   3 3
32 34 4   0 0   1 1   2 2   3 3
34 38 4   0 0   1 1   2 2   3 3
35 36 4   0 0   1 1   2 2   3 3
36 37 4   0 0   1 1   2 2   3 3
36 40 4   0 0   1 1   2 2   3 3
37 40 4   0 0   1 1   2 2   3 3
