49
1 4 0 1 2 3
2 4 0 1 2 3
3 4 0 1 2 3
4 4 0 1 2 3
5 4 0 1 2 3
6 4 0 1 2 3
7 4 0 1 2 3
8 4 0 1 2 3
9 4 0 1 2 3
10 4 0 1 2 3
11 4 0 1 2 3
12 4 0 1 2 3
13 4 0 1 2 3
14 4 0 1 2 3
15 4 0 1 2 3
16 4 0 1 2 3
17 4 0 1 2 3
18 4 0 1 2 3
19 4 0 1 2 3
20 4 0 1 2 3
21 4 0 1 2 3
22 4 0 1 2 3
23 4 0 1 2 3
24 4 0 1 2 3
25 4 0 1 2 3
26 4 0 1 2 3
27 4 0 1 2 3
28 4 0 1 2 3
29 4 0 1 2 3
30 4 0 1 2 3
31 4 0 1 2 3
32 4 0 1 2 3
33 4 0 1 2 3
34 4 0 1 2 3
35 4 0 1 2 3
36 4 0 1 2 3
37 4 0 1 2 3
38 4 0 1 2 3
39 4 0 1 2 3
40 4 0 1 2 3
41 4 0 1 2 3
42 4 0 1 2 3
43 4 0 1 2 3
44 4 0 1 2 3
45 4 0 1 2 3
46 4 0 1 2 3
47 4 0 1 2 3
48 4 0 1 2 3
49 4 0 1 2 3
125
1 24 4   0 0   1 1   2 2   3 3
1 12 4   0 0   1 1   2 2   3 3
1 47 4   0 0   1 1   2 2   3 3
2 48 4   0 0   1 1   2 2   3 3
2 18 4   0 0   1 1   2 2   3 3
2 3 4   0 0   1 1   2 2   3 3
2 21 4   0 0   1 1   2 2   3 3
2 22 4   0 0   1 1   2 2   3 3
2 42 4   0 0   1 1   2 2   3 3
2 28 4   0 0   1 1   2 2   3 3
3 16 4   0 0   1 1   2 2   3 3
3 42 4   0 0   1 1   2 2   3 3
3 28 4   0 0   1 1   2 2   3 3
3 31 4   0 0   1 1   2 2   3 3
4 36 4   0 0   1 1   2 2   3 3
4 20 4   0 0   1 1   2 2   3 3
4 5 4   0 0   1 1   2 2   3 3
4 11 4   0 0   1 1   2 2   3 3
5 33 4   0 0   1 1   2 2   3 3
5 36 4   0 0   1 1   2 2   3 3
5 26 4   0 0   1 1   2 2   3 3
5 11 4   0 0   1 1   2 2   3 3
5 28 4   0 0   1 1   2 2   3 3
6 16 4   0 0   1 1   2 2   3 3
6 21 4   0 0   1 1   2 2   3 3
6 42 4   0 0   1 1   2 2   3 3
6 46 4   0 0   1 1   2 2   3 3
7 17 4   0 0   1 1   2 2   3 3
7 35 4   0 0   1 1   2 2   3 3
7 23 4   0 0   1 1   2 2   3 3
7 13 4   0 0   1 1   2 2   3 3
8 39 4   0 0   1 1   2 2   3 3
8 10 4   0 0   1 1   2 2   3 3
8 43 4   0 0   1 1   2 2   3 3
8 45 4   0 0   1 1   2 2   3 3
8 47 4   0 0   1 1   2 2   3 3
9 32 4   0 0   1 1   2 2   3 3
9 23 4   0 0   1 1   2 2   3 3
9 14 4   0 0   1 1   2 2   3 3
10 22 4   0 0   1 1   2 2   3 3
10 39 4   0 0   1 1   2 2   3 3
10 25 4   0 0   1 1   2 2   3 3
10 27 4   0 0   1 1   2 2   3 3
10 45 4   0 0   1 1   2 2   3 3
11 32 4   0 0   1 1   2 2   3 3
11 33 4   0 0   1 1   2 2   3 3
11 20 4   0 0   1 1   2 2   3 3
11 37 4   0 0   1 1   2 2   3 3
11 30 4   0 0   1 1   2 2   3 3
12 17 4   0 0   1 1   2 2   3 3
12 38 4   0 0   1 1   2 2   3 3
12 24 4   0 0   1 1   2 2   3 3
12 41 4   0 0   1 1   2 2   3 3
13 17 4   0 0   1 1   2 2   3 3
13 19 4   0 0   1 1   2 2   3 3
13 35 4   0 0   1 1   2 2   3 3
13 29 4   0 0   1 1   2 2   3 3
14 32 4   0 0   1 1   2 2   3 3
14 35 4   0 0   1 1   2 2   3 3
14 37 4   0 0   1 1   2 2   3 3
14 23 4   0 0   1 1   2 2   3 3
14 40 4   0 0   1 1   2 2   3 3
15 48 4   0 0   1 1   2 2   3 3
15 49 4   0 0   1 1   2 2   3 3
15 18 4   0 0   1 1   2 2   3 3
15 34 4   0 0   1 1   2 2   3 3
15 25 4   0 0   1 1   2 2   3 3
15 27 4   0 0   1 1   2 2   3 3
15 44 4   0 0   1 1   2 2   3 3
16 42 4   0 0   1 1   2 2   3 3
17 24 4   0 0   1 1   2 2   3 3
17 29 4   0 0   1 1   2 2   3 3
18 48 4   0 0   1 1   2 2   3 3
18 49 4   0 0   1 1   2 2   3 3
18 36 4   0 0   1 1   2 2   3 3
18 28 4   0 0   1 1   2 2   3 3
19 35 4   0 0   1 1   2 2   3 3
19 40 4   0 0   1 1   2 2   3 3
19 44 4   0 0   1 1   2 2   3 3
19 29 4   0 0   1 1   2 2   3 3
19 30 4   0 0   1 1   2 2   3 3
20 49 4   0 0   1 1   2 2   3 3
20 36 4   0 0   1 1   2 2   3 3
20 30 4   0 0   1 1   2 2   3 3
21 22 4   0 0   1 1   2 2   3 3
21 42 4   0 0   1 1   2 2   3 3
21 46 4   0 0   1 1   2 2   3 3
22 48 4   0 0   1 1   2 2   3 3
22 39 4   0 0   1 1   2 2   3 3
22 25 4   0 0   1 1   2 2   3 3
22 43 4   0 0   1 1   2 2   3 3
22 46 4   0 0   1 1   2 2   3 3
23 35 4   0 0   1 1   2 2   3 3
25 48 4   0 0   1 1   2 2   3 3
25 27 4   0 0   1 1   2 2   3 3
26 33 4   0 0   1 1   2 2   3 3
26 28 4   0 0   1 1   2 2   3 3
26 31 4   0 0   1 1   2 2   3 3
27 38 4   0 0   1 1   2 2   3 3
27 44 4   0 0   1 1   2 2   3 3
27 45 4   0 0   1 1   2 2   3 3
28 36 4   0 0   1 1   2 2   3 3
28 31 4   0 0   1 1   2 2   3 3
29 38 4   0 0   1 1   2 2   3 3
29 41 4   0 0   1 1   2 2   3 3
29 44 4   0 0   1 1   2 2   3 3
30 49 4   0 0   1 1   2 2   3 3
30 34 4   0 0   1 1   2 2   3 3
30 37 4   0 0   1 1   2 2   3 3
30 40 4   0 0   1 1   2 2   3 3
30 44 4   0 0   1 1   2 2   3 3
32 37 4   0 0   1 1   2 2   3 3
34 49 4   0 0   1 1   2 2   3 3
34 44 4   0 0   1 1   2 2   3 3
35 40 4   0 0   1 1   2 2   3 3
36 49 4   0 0   1 1   2 2   3 3
37 40 4   0 0   1 1   2 2   3 3
38 41 4   0 0   1 1   2 2   3 3
38 44 4   0 0   1 1   2 2   3 3
38 45 4   0 0   1 1   2 2   3 3
38 47 4   0 0   1 1   2 2   3 3
39 43 4   0 0   1 1   2 2   3 3
43 46 4   0 0   1 1   2 2   3 3
43 47 4   0 0   1 1   2 2   3 3
45 47 4   0 0   1 1   2 2   3 3
