50
1 4 0 1 2 3
2 4 0 1 2 3
3 4 0 1 2 3
4 4 0 1 2 3
5 4 0 1 2 3
6 4 0 1 2 3
7 4 0 1 2 3
8 4 0 1 2 3
9 4 0 1 2 3
10 4 0 1 2 3
11 4 0 1 2 3
12 4 0 1 2 3
13 4 0 1 2 3
14 4 0 1 2 3
15 4 0 1 2 3
16 4 0 1 2 3
17 4 0 1 2 3
18 4 0 1 2 3
19 4 0 1 2 3
20 4 0 1 2 3
21 4 0 1 2 3
22 4 0 1 2 3
23 4 0 1 2 3
24 4 0 1 2 3
25 4 0 1 2 3
26 4 0 1 2 3
27 4 0 1 2 3
28 4 0 1 2 3
29 4 0 1 2 3
30 4 0 1 2 3
31 4 0 1 2 3
32 4 0 1 2 3
33 4 0 1 2 3
34 4 0 1 2 3
35 4 0 1 2 3
36 4 0 1 2 3
37 4 0 1 2 3
38 4 0 1 2 3
39 4 0 1 2 3
40 4 0 1 2 3
41 4 0 1 2 3
42 4 0 1 2 3
43 4 0 1 2 3
44 4 0 1 2 3
45 4 0 1 2 3
46 4 0 1 2 3
47 4 0 1 2 3
48 4 0 1 2 3
49 4 0 1 2 3
50 4 0 1 2 3
122
1 40 4   0 0   1 1   2 2   3 3
1 10 4   0 0   1 1   2 2   3 3
1 43 4   0 0   1 1   2 2   3 3
1 28 4   0 0   1 1   2 2   3 3
1 45 4   0 0   1 1   2 2   3 3
1 13 4   0 0   1 1   2 2   3 3
1 46 4   0 0   1 1   2 2   3 3
2 18 4   0 0   1 1   2 2   3 3
2 7 4   0 0   1 1   2 2   3 3
3 23 4   0 0   1 1   2 2   3 3
3 43 4   0 0   1 1   2 2   3 3
3 11 4   0 0   1 1   2 2   3 3
4 48 4   0 0   1 1   2 2   3 3
4 34 4   0 0   1 1   2 2   3 3
4 37 4   0 0   1 1   2 2   3 3
4 6 4   0 0   1 1   2 2   3 3
4 38 4   0 0   1 1   2 2   3 3
4 12 4   0 0   1 1   2 2   3 3
5 32 4   0 0   1 1   2 2   3 3
5 17 4   0 0   1 1   2 2   3 3
5 20 4   0 0   1 1   2 2   3 3
5 26 4   0 0   1 1   2 2   3 3
5 42 4   0 0   1 1   2 2   3 3
6 37 4   0 0   1 1   2 2   3 3
6 12 4   0 0   1 1   2 2   3 3
6 15 4   0 0   1 1   2 2   3 3
7 49 4   0 0   1 1   2 2   3 3
7 18 4   0 0   1 1   2 2   3 3
7 36 4   0 0   1 1   2 2   3 3
7 27 4   0 0   1 1   2 2   3 3
8 40 4   0 0   1 1   2 2   3 3
8 25 4   0 0   1 1   2 2   3 3
8 11 4   0 0   1 1   2 2   3 3
8 14 4   0 0   1 1   2 2   3 3
9 35 4   0 0   1 1   2 2   3 3
9 39 4   0 0   1 1   2 2   3 3
9 25 4   0 0   1 1   2 2   3 3
9 10 4   0 0   1 1   2 2   3 3
9 14 4   0 0   1 1   2 2   3 3
10 35 4   0 0   1 1   2 2   3 3
10 40 4   0 0   1 1   2 2   3 3
10 25 4   0 0   1 1   2 2   3 3
10 46 4   0 0   1 1   2 2   3 3
11 40 4   0 0   1 1   2 2   3 3
11 43 4   0 0   1 1   2 2   3 3
12 38 4   0 0   1 1   2 2   3 3
13 49 4   0 0   1 1   2 2   3 3
13 19 4   0 0   1 1   2 2   3 3
13 27 4   0 0   1 1   2 2   3 3
13 28 4   0 0   1 1   2 2   3 3
13 44 4   0 0   1 1   2 2   3 3
13 45 4   0 0   1 1   2 2   3 3
14 39 4   0 0   1 1   2 2   3 3
14 25 4   0 0   1 1   2 2   3 3
15 17 4   0 0   1 1   2 2   3 3
15 37 4   0 0   1 1   2 2   3 3
15 42 4   0 0   1 1   2 2   3 3
16 32 4   0 0   1 1   2 2   3 3
16 35 4   0 0   1 1   2 2   3 3
16 21 4   0 0   1 1   2 2   3 3
16 22 4   0 0   1 1   2 2   3 3
16 41 4   0 0   1 1   2 2   3 3
16 29 4   0 0   1 1   2 2   3 3
16 31 4   0 0   1 1   2 2   3 3
17 50 4   0 0   1 1   2 2   3 3
17 20 4   0 0   1 1   2 2   3 3
17 37 4   0 0   1 1   2 2   3 3
17 42 4   0 0   1 1   2 2   3 3
17 44 4   0 0   1 1   2 2   3 3
17 45 4   0 0   1 1   2 2   3 3
18 27 4   0 0   1 1   2 2   3 3
19 23 4   0 0   1 1   2 2   3 3
19 27 4   0 0   1 1   2 2   3 3
19 28 4   0 0   1 1   2 2   3 3
20 32 4   0 0   1 1   2 2   3 3
20 50 4   0 0   1 1   2 2   3 3
20 24 4   0 0   1 1   2 2   3 3
20 45 4   0 0   1 1   2 2   3 3
21 32 4   0 0   1 1   2 2   3 3
21 24 4   0 0   1 1   2 2   3 3
21 29 4   0 0   1 1   2 2   3 3
22 32 4   0 0   1 1   2 2   3 3
22 26 4   0 0   1 1   2 2   3 3
22 31 4   0 0   1 1   2 2   3 3
23 43 4   0 0   1 1   2 2   3 3
23 27 4   0 0   1 1   2 2   3 3
23 28 4   0 0   1 1   2 2   3 3
24 29 4   0 0   1 1   2 2   3 3
24 45 4   0 0   1 1   2 2   3 3
24 46 4   0 0   1 1   2 2   3 3
25 40 4   0 0   1 1   2 2   3 3
26 32 4   0 0   1 1   2 2   3 3
26 31 4   0 0   1 1   2 2   3 3
27 49 4   0 0   1 1   2 2   3 3
28 43 4   0 0   1 1   2 2   3 3
29 35 4   0 0   1 1   2 2   3 3
29 46 4   0 0   1 1   2 2   3 3
30 48 4   0 0   1 1   2 2   3 3
30 34 4   0 0   1 1   2 2   3 3
30 36 4   0 0   1 1   2 2   3 3
31 33 4   0 0   1 1   2 2   3 3
31 41 4   0 0   1 1   2 2   3 3
33 41 4   0 0   1 1   2 2   3 3
34 48 4   0 0   1 1   2 2   3 3
34 38 4   0 0   1 1   2 2   3 3
35 39 4   0 0   1 1   2 2   3 3
35 41 4   0 0   1 1   2 2   3 3
35 46 4   0 0   1 1   2 2   3 3
36 48 4   0 0   1 1   2 2   3 3
36 49 4   0 0   1 1   2 2   3 3
36 47 4   0 0   1 1   2 2   3 3
37 48 4   0 0   1 1   2 2   3 3
37 44 4   0 0   1 1   2 2   3 3
39 41 4   0 0   1 1   2 2   3 3
40 43 4   0 0   1 1   2 2   3 3
44 48 4   0 0   1 1   2 2   3 3
44 49 4   0 0   1 1   2 2   3 3
44 45 4   0 0   1 1   2 2   3 3
44 47 4   0 0   1 1   2 2   3 3
45 46 4   0 0   1 1   2 2   3 3
47 48 4   0 0   1 1   2 2   3 3
47 49 4   0 0   1 1   2 2   3 3
