58
1 4 0 1 2 3
2 4 0 1 2 3
3 4 0 1 2 3
4 4 0 1 2 3
5 4 0 1 2 3
6 4 0 1 2 3
7 4 0 1 2 3
8 4 0 1 2 3
9 4 0 1 2 3
10 4 0 1 2 3
11 4 0 1 2 3
12 4 0 1 2 3
13 4 0 1 2 3
14 4 0 1 2 3
15 4 0 1 2 3
16 4 0 1 2 3
17 4 0 1 2 3
18 4 0 1 2 3
19 4 0 1 2 3
20 4 0 1 2 3
21 4 0 1 2 3
22 4 0 1 2 3
23 4 0 1 2 3
24 4 0 1 2 3
25 4 0 1 2 3
26 4 0 1 2 3
27 4 0 1 2 3
28 4 0 1 2 3
29 4 0 1 2 3
30 4 0 1 2 3
31 4 0 1 2 3
32 4 0 1 2 3
33 4 0 1 2 3
34 4 0 1 2 3
35 4 0 1 2 3
36 4 0 1 2 3
37 4 0 1 2 3
38 4 0 1 2 3
39 4 0 1 2 3
40 4 0 1 2 3
41 4 0 1 2 3
42 4 0 1 2 3
43 4 0 1 2 3
44 4 0 1 2 3
45 4 0 1 2 3
46 4 0 1 2 3
47 4 0 1 2 3
48 4 0 1 2 3
49 4 0 1 2 3
50 4 0 1 2 3
51 4 0 1 2 3
52 4 0 1 2 3
53 4 0 1 2 3
54 4 0 1 2 3
55 4 0 1 2 3
56 4 0 1 2 3
57 4 0 1 2 3
58 4 0 1 2 3
144
1 32 4   0 0   1 1   2 2   3 3
1 48 4   0 0   1 1   2 2   3 3
1 29 4   0 0   1 1   2 2   3 3
2 4 4   0 0   1 1   2 2   3 3
2 53 4   0 0   1 1   2 2   3 3
2 8 4   0 0   1 1   2 2   3 3
2 13 4   0 0   1 1   2 2   3 3
3 34 4   0 0   1 1   2 2   3 3
3 55 4   0 0   1 1   2 2   3 3
3 40 4   0 0   1 1   2 2   3 3
3 9 4   0 0   1 1   2 2   3 3
3 45 4   0 0   1 1   2 2   3 3
4 32 4   0 0   1 1   2 2   3 3
4 8 4   0 0   1 1   2 2   3 3
4 25 4   0 0   1 1   2 2   3 3
5 16 4   0 0   1 1   2 2   3 3
5 18 4   0 0   1 1   2 2   3 3
5 10 4   0 0   1 1   2 2   3 3
5 43 4   0 0   1 1   2 2   3 3
5 30 4   0 0   1 1   2 2   3 3
5 47 4   0 0   1 1   2 2   3 3
6 52 4   0 0   1 1   2 2   3 3
6 58 4   0 0   1 1   2 2   3 3
6 44 4   0 0   1 1   2 2   3 3
7 20 4   0 0   1 1   2 2   3 3
7 37 4   0 0   1 1   2 2   3 3
7 23 4   0 0   1 1   2 2   3 3
7 56 4   0 0   1 1   2 2   3 3
8 36 4   0 0   1 1   2 2   3 3
8 53 4   0 0   1 1   2 2   3 3
8 39 4   0 0   1 1   2 2   3 3
8 25 4   0 0   1 1   2 2   3 3
9 34 4   0 0   1 1   2 2   3 3
9 38 4   0 0   1 1   2 2   3 3
9 45 4   0 0   1 1   2 2   3 3
9 31 4   0 0   1 1   2 2   3 3
10 33 4   0 0   1 1   2 2   3 3
10 50 4   0 0   1 1   2 2   3 3
10 21 4   0 0   1 1   2 2   3 3
10 55 4   0 0   1 1   2 2   3 3
10 40 4   0 0   1 1   2 2   3 3
10 43 4   0 0   1 1   2 2   3 3
10 30 4   0 0   1 1   2 2   3 3
11 35 4   0 0   1 1   2 2   3 3
11 37 4   0 0   1 1   2 2   3 3
11 23 4   0 0   1 1   2 2   3 3
11 57 4   0 0   1 1   2 2   3 3
11 46 4   0 0   1 1   2 2   3 3
12 17 4   0 0   1 1   2 2   3 3
12 54 4   0 0   1 1   2 2   3 3
12 27 4   0 0   1 1   2 2   3 3
12 47 4   0 0   1 1   2 2   3 3
13 53 4   0 0   1 1   2 2   3 3
13 58 4   0 0   1 1   2 2   3 3
14 16 4   0 0   1 1   2 2   3 3
14 22 4   0 0   1 1   2 2   3 3
14 54 4   0 0   1 1   2 2   3 3
14 42 4   0 0   1 1   2 2   3 3
14 30 4   0 0   1 1   2 2   3 3
15 49 4   0 0   1 1   2 2   3 3
15 22 4   0 0   1 1   2 2   3 3
15 24 4   0 0   1 1   2 2   3 3
15 42 4   0 0   1 1   2 2   3 3
15 44 4   0 0   1 1   2 2   3 3
16 54 4   0 0   1 1   2 2   3 3
16 30 4   0 0   1 1   2 2   3 3
16 47 4   0 0   1 1   2 2   3 3
17 52 4   0 0   1 1   2 2   3 3
17 54 4   0 0   1 1   2 2   3 3
17 27 4   0 0   1 1   2 2   3 3
17 44 4   0 0   1 1   2 2   3 3
18 43 4   0 0   1 1   2 2   3 3
18 27 4   0 0   1 1   2 2   3 3
18 47 4   0 0   1 1   2 2   3 3
19 32 4   0 0   1 1   2 2   3 3
19 48 4   0 0   1 1   2 2   3 3
19 39 4   0 0   1 1   2 2   3 3
19 25 4   0 0   1 1   2 2   3 3
19 41 4   0 0   1 1   2 2   3 3
19 28 4   0 0   1 1   2 2   3 3
19 46 4   0 0   1 1   2 2   3 3
20 23 4   0 0   1 1   2 2   3 3
20 56 4   0 0   1 1   2 2   3 3
20 40 4   0 0   1 1   2 2   3 3
20 26 4   0 0   1 1   2 2   3 3
20 45 4   0 0   1 1   2 2   3 3
20 30 4   0 0   1 1   2 2   3 3
21 43 4   0 0   1 1   2 2   3 3
22 54 4   0 0   1 1   2 2   3 3
22 42 4   0 0   1 1   2 2   3 3
22 44 4   0 0   1 1   2 2   3 3
23 38 4   0 0   1 1   2 2   3 3
23 57 4   0 0   1 1   2 2   3 3
23 45 4   0 0   1 1   2 2   3 3
24 49 4   0 0   1 1   2 2   3 3
24 36 4   0 0   1 1   2 2   3 3
24 39 4   0 0   1 1   2 2   3 3
24 42 4   0 0   1 1   2 2   3 3
24 28 4   0 0   1 1   2 2   3 3
25 32 4   0 0   1 1   2 2   3 3
25 39 4   0 0   1 1   2 2   3 3
26 56 4   0 0   1 1   2 2   3 3
26 42 4   0 0   1 1   2 2   3 3
26 30 4   0 0   1 1   2 2   3 3
27 47 4   0 0   1 1   2 2   3 3
28 39 4   0 0   1 1   2 2   3 3
28 56 4   0 0   1 1   2 2   3 3
28 41 4   0 0   1 1   2 2   3 3
28 42 4   0 0   1 1   2 2   3 3
29 48 4   0 0   1 1   2 2   3 3
29 51 4   0 0   1 1   2 2   3 3
29 35 4   0 0   1 1   2 2   3 3
30 42 4   0 0   1 1   2 2   3 3
31 34 4   0 0   1 1   2 2   3 3
31 38 4   0 0   1 1   2 2   3 3
32 48 4   0 0   1 1   2 2   3 3
33 50 4   0 0   1 1   2 2   3 3
33 55 4   0 0   1 1   2 2   3 3
33 40 4   0 0   1 1   2 2   3 3
35 48 4   0 0   1 1   2 2   3 3
35 57 4   0 0   1 1   2 2   3 3
35 46 4   0 0   1 1   2 2   3 3
36 49 4   0 0   1 1   2 2   3 3
36 53 4   0 0   1 1   2 2   3 3
36 39 4   0 0   1 1   2 2   3 3
37 56 4   0 0   1 1   2 2   3 3
37 41 4   0 0   1 1   2 2   3 3
37 46 4   0 0   1 1   2 2   3 3
38 57 4   0 0   1 1   2 2   3 3
38 45 4   0 0   1 1   2 2   3 3
40 50 4   0 0   1 1   2 2   3 3
40 55 4   0 0   1 1   2 2   3 3
40 45 4   0 0   1 1   2 2   3 3
41 56 4   0 0   1 1   2 2   3 3
41 46 4   0 0   1 1   2 2   3 3
42 56 4   0 0   1 1   2 2   3 3
44 49 4   0 0   1 1   2 2   3 3
44 52 4   0 0   1 1   2 2   3 3
44 54 4   0 0   1 1   2 2   3 3
44 58 4   0 0   1 1   2 2   3 3
46 48 4   0 0   1 1   2 2   3 3
47 54 4   0 0   1 1   2 2   3 3
49 58 4   0 0   1 1   2 2   3 3
53 58 4   0 0   1 1   2 2   3 3
