55
1 4 0 1 2 3
2 4 0 1 2 3
3 4 0 1 2 3
4 4 0 1 2 3
5 4 0 1 2 3
6 4 0 1 2 3
7 4 0 1 2 3
8 4 0 1 2 3
9 4 0 1 2 3
10 4 0 1 2 3
11 4 0 1 2 3
12 4 0 1 2 3
13 4 0 1 2 3
14 4 0 1 2 3
15 4 0 1 2 3
16 4 0 1 2 3
17 4 0 1 2 3
18 4 0 1 2 3
19 4 0 1 2 3
20 4 0 1 2 3
21 4 0 1 2 3
22 4 0 1 2 3
23 4 0 1 2 3
24 4 0 1 2 3
25 4 0 1 2 3
26 4 0 1 2 3
27 4 0 1 2 3
28 4 0 1 2 3
29 4 0 1 2 3
30 4 0 1 2 3
31 4 0 1 2 3
32 4 0 1 2 3
33 4 0 1 2 3
34 4 0 1 2 3
35 4 0 1 2 3
36 4 0 1 2 3
37 4 0 1 2 3
38 4 0 1 2 3
39 4 0 1 2 3
40 4 0 1 2 3
41 4 0 1 2 3
42 4 0 1 2 3
43 4 0 1 2 3
44 4 0 1 2 3
45 4 0 1 2 3
46 4 0 1 2 3
47 4 0 1 2 3
48 4 0 1 2 3
49 4 0 1 2 3
50 4 0 1 2 3
51 4 0 1 2 3
52 4 0 1 2 3
53 4 0 1 2 3
54 4 0 1 2 3
55 4 0 1 2 3
140
1 34 4   0 0   1 1   2 2   3 3
1 4 4   0 0   1 1   2 2   3 3
1 9 4   0 0   1 1   2 2   3 3
1 10 4   0 0   1 1   2 2   3 3
1 13 4   0 0   1 1   2 2   3 3
1 14 4   0 0   1 1   2 2   3 3
2 16 4   0 0   1 1   2 2   3 3
2 53 4   0 0   1 1   2 2   3 3
2 54 4   0 0   1 1   2 2   3 3
2 9 4   0 0   1 1   2 2   3 3
2 44 4   0 0   1 1   2 2   3 3
2 47 4   0 0   1 1   2 2   3 3
3 49 4   0 0   1 1   2 2   3 3
3 8 4   0 0   1 1   2 2   3 3
3 11 4   0 0   1 1   2 2   3 3
3 29 4   0 0   1 1   2 2   3 3
3 47 4   0 0   1 1   2 2   3 3
4 32 4   0 0   1 1   2 2   3 3
4 10 4   0 0   1 1   2 2   3 3
4 43 4   0 0   1 1   2 2   3 3
4 28 4   0 0   1 1   2 2   3 3
4 14 4   0 0   1 1   2 2   3 3
5 34 4   0 0   1 1   2 2   3 3
5 39 4   0 0   1 1   2 2   3 3
5 40 4   0 0   1 1   2 2   3 3
6 33 4   0 0   1 1   2 2   3 3
6 50 4   0 0   1 1   2 2   3 3
6 21 4   0 0   1 1   2 2   3 3
6 26 4   0 0   1 1   2 2   3 3
7 48 4   0 0   1 1   2 2   3 3
7 34 4   0 0   1 1   2 2   3 3
7 35 4   0 0   1 1   2 2   3 3
7 37 4   0 0   1 1   2 2   3 3
7 42 4   0 0   1 1   2 2   3 3
7 45 4   0 0   1 1   2 2   3 3
8 22 4   0 0   1 1   2 2   3 3
8 27 4   0 0   1 1   2 2   3 3
8 29 4   0 0   1 1   2 2   3 3
9 16 4   0 0   1 1   2 2   3 3
9 18 4   0 0   1 1   2 2   3 3
9 41 4   0 0   1 1   2 2   3 3
9 12 4   0 0   1 1   2 2   3 3
9 44 4   0 0   1 1   2 2   3 3
9 45 4   0 0   1 1   2 2   3 3
9 46 4   0 0   1 1   2 2   3 3
9 14 4   0 0   1 1   2 2   3 3
10 34 4   0 0   1 1   2 2   3 3
10 40 4   0 0   1 1   2 2   3 3
10 28 4   0 0   1 1   2 2   3 3
11 49 4   0 0   1 1   2 2   3 3
11 53 4   0 0   1 1   2 2   3 3
11 47 4   0 0   1 1   2 2   3 3
12 46 4   0 0   1 1   2 2   3 3
12 14 4   0 0   1 1   2 2   3 3
13 18 4   0 0   1 1   2 2   3 3
13 34 4   0 0   1 1   2 2   3 3
14 32 4   0 0   1 1   2 2   3 3
14 17 4   0 0   1 1   2 2   3 3
14 30 4   0 0   1 1   2 2   3 3
14 46 4   0 0   1 1   2 2   3 3
15 51 4   0 0   1 1   2 2   3 3
15 36 4   0 0   1 1   2 2   3 3
15 22 4   0 0   1 1   2 2   3 3
15 27 4   0 0   1 1   2 2   3 3
16 20 4   0 0   1 1   2 2   3 3
16 52 4   0 0   1 1   2 2   3 3
16 53 4   0 0   1 1   2 2   3 3
16 55 4   0 0   1 1   2 2   3 3
16 41 4   0 0   1 1   2 2   3 3
17 41 4   0 0   1 1   2 2   3 3
17 30 4   0 0   1 1   2 2   3 3
17 46 4   0 0   1 1   2 2   3 3
18 34 4   0 0   1 1   2 2   3 3
18 45 4   0 0   1 1   2 2   3 3
19 48 4   0 0   1 1   2 2   3 3
19 39 4   0 0   1 1   2 2   3 3
19 42 4   0 0   1 1   2 2   3 3
20 55 4   0 0   1 1   2 2   3 3
20 41 4   0 0   1 1   2 2   3 3
20 31 4   0 0   1 1   2 2   3 3
21 32 4   0 0   1 1   2 2   3 3
21 33 4   0 0   1 1   2 2   3 3
21 50 4   0 0   1 1   2 2   3 3
21 43 4   0 0   1 1   2 2   3 3
22 27 4   0 0   1 1   2 2   3 3
23 35 4   0 0   1 1   2 2   3 3
23 36 4   0 0   1 1   2 2   3 3
23 37 4   0 0   1 1   2 2   3 3
24 51 4   0 0   1 1   2 2   3 3
24 38 4   0 0   1 1   2 2   3 3
24 44 4   0 0   1 1   2 2   3 3
25 48 4   0 0   1 1   2 2   3 3
25 34 4   0 0   1 1   2 2   3 3
25 39 4   0 0   1 1   2 2   3 3
26 33 4   0 0   1 1   2 2   3 3
26 50 4   0 0   1 1   2 2   3 3
26 43 4   0 0   1 1   2 2   3 3
26 28 4   0 0   1 1   2 2   3 3
27 51 4   0 0   1 1   2 2   3 3
27 54 4   0 0   1 1   2 2   3 3
27 38 4   0 0   1 1   2 2   3 3
27 29 4   0 0   1 1   2 2   3 3
28 40 4   0 0   1 1   2 2   3 3
28 43 4   0 0   1 1   2 2   3 3
29 54 4   0 0   1 1   2 2   3 3
29 47 4   0 0   1 1   2 2   3 3
30 32 4   0 0   1 1   2 2   3 3
30 50 4   0 0   1 1   2 2   3 3
30 41 4   0 0   1 1   2 2   3 3
31 50 4   0 0   1 1   2 2   3 3
31 41 4   0 0   1 1   2 2   3 3
32 50 4   0 0   1 1   2 2   3 3
32 43 4   0 0   1 1   2 2   3 3
33 43 4   0 0   1 1   2 2   3 3
34 48 4   0 0   1 1   2 2   3 3
34 39 4   0 0   1 1   2 2   3 3
34 40 4   0 0   1 1   2 2   3 3
34 45 4   0 0   1 1   2 2   3 3
35 37 4   0 0   1 1   2 2   3 3
36 51 4   0 0   1 1   2 2   3 3
36 37 4   0 0   1 1   2 2   3 3
37 51 4   0 0   1 1   2 2   3 3
37 44 4   0 0   1 1   2 2   3 3
37 45 4   0 0   1 1   2 2   3 3
38 51 4   0 0   1 1   2 2   3 3
38 54 4   0 0   1 1   2 2   3 3
38 44 4   0 0   1 1   2 2   3 3
39 48 4   0 0   1 1   2 2   3 3
41 50 4   0 0   1 1   2 2   3 3
41 46 4   0 0   1 1   2 2   3 3
42 48 4   0 0   1 1   2 2   3 3
44 51 4   0 0   1 1   2 2   3 3
44 54 4   0 0   1 1   2 2   3 3
44 45 4   0 0   1 1   2 2   3 3
47 53 4   0 0   1 1   2 2   3 3
47 54 4   0 0   1 1   2 2   3 3
49 52 4   0 0   1 1   2 2   3 3
49 53 4   0 0   1 1   2 2   3 3
52 53 4   0 0   1 1   2 2   3 3
52 55 4   0 0   1 1   2 2   3 3
