51
1 4 0 1 2 3
2 4 0 1 2 3
3 4 0 1 2 3
4 4 0 1 2 3
5 4 0 1 2 3
6 4 0 1 2 3
7 4 0 1 2 3
8 4 0 1 2 3
9 4 0 1 2 3
10 4 0 1 2 3
11 4 0 1 2 3
12 4 0 1 2 3
13 4 0 1 2 3
14 4 0 1 2 3
15 4 0 1 2 3
16 4 0 1 2 3
17 4 0 1 2 3
18 4 0 1 2 3
19 4 0 1 2 3
20 4 0 1 2 3
21 4 0 1 2 3
22 4 0 1 2 3
23 4 0 1 2 3
24 4 0 1 2 3
25 4 0 1 2 3
26 4 0 1 2 3
27 4 0 1 2 3
28 4 0 1 2 3
29 4 0 1 2 3
30 4 0 1 2 3
31 4 0 1 2 3
32 4 0 1 2 3
33 4 0 1 2 3
34 4 0 1 2 3
35 4 0 1 2 3
36 4 0 1 2 3
37 4 0 1 2 3
38 4 0 1 2 3
39 4 0 1 2 3
40 4 0 1 2 3
41 4 0 1 2 3
42 4 0 1 2 3
43 4 0 1 2 3
44 4 0 1 2 3
45 4 0 1 2 3
46 4 0 1 2 3
47 4 0 1 2 3
48 4 0 1 2 3
49 4 0 1 2 3
50 4 0 1 2 3
51 4 0 1 2 3
126
1 33 4   0 0   1 1   2 2   3 3
1 38 4   0 0   1 1   2 2   3 3
1 26 4   0 0   1 1   2 2   3 3
1 29 4   0 0   1 1   2 2   3 3
2 16 4   0 0   1 1   2 2   3 3
2 17 4   0 0   1 1   2 2   3 3
2 23 4   0 0   1 1   2 2   3 3
2 8 4   0 0   1 1   2 2   3 3
2 41 4   0 0   1 1   2 2   3 3
3 32 4   0 0   1 1   2 2   3 3
3 19 4   0 0   1 1   2 2   3 3
3 6 4   0 0   1 1   2 2   3 3
3 24 4   0 0   1 1   2 2   3 3
3 31 4   0 0   1 1   2 2   3 3
4 25 4   0 0   1 1   2 2   3 3
4 26 4   0 0   1 1   2 2   3 3
4 12 4   0 0   1 1   2 2   3 3
4 29 4   0 0   1 1   2 2   3 3
5 32 4   0 0   1 1   2 2   3 3
5 7 4   0 0   1 1   2 2   3 3
5 27 4   0 0   1 1   2 2   3 3
5 44 4   0 0   1 1   2 2   3 3
5 13 4   0 0   1 1   2 2   3 3
5 46 4   0 0   1 1   2 2   3 3
6 32 4   0 0   1 1   2 2   3 3
6 27 4   0 0   1 1   2 2   3 3
6 46 4   0 0   1 1   2 2   3 3
6 31 4   0 0   1 1   2 2   3 3
7 11 4   0 0   1 1   2 2   3 3
7 44 4   0 0   1 1   2 2   3 3
7 13 4   0 0   1 1   2 2   3 3
7 47 4   0 0   1 1   2 2   3 3
8 16 4   0 0   1 1   2 2   3 3
8 50 4   0 0   1 1   2 2   3 3
8 34 4   0 0   1 1   2 2   3 3
8 22 4   0 0   1 1   2 2   3 3
8 41 4   0 0   1 1   2 2   3 3
9 25 4   0 0   1 1   2 2   3 3
9 11 4   0 0   1 1   2 2   3 3
9 12 4   0 0   1 1   2 2   3 3
9 30 4   0 0   1 1   2 2   3 3
9 47 4   0 0   1 1   2 2   3 3
10 33 4   0 0   1 1   2 2   3 3
10 35 4   0 0   1 1   2 2   3 3
10 15 4   0 0   1 1   2 2   3 3
11 20 4   0 0   1 1   2 2   3 3
11 44 4   0 0   1 1   2 2   3 3
11 30 4   0 0   1 1   2 2   3 3
11 47 4   0 0   1 1   2 2   3 3
12 25 4   0 0   1 1   2 2   3 3
13 39 4   0 0   1 1   2 2   3 3
13 41 4   0 0   1 1   2 2   3 3
13 27 4   0 0   1 1   2 2   3 3
13 47 4   0 0   1 1   2 2   3 3
14 48 4   0 0   1 1   2 2   3 3
14 51 4   0 0   1 1   2 2   3 3
14 42 4   0 0   1 1   2 2   3 3
15 33 4   0 0   1 1   2 2   3 3
15 35 4   0 0   1 1   2 2   3 3
15 21 4   0 0   1 1   2 2   3 3
15 38 4   0 0   1 1   2 2   3 3
15 23 4   0 0   1 1   2 2   3 3
15 40 4   0 0   1 1   2 2   3 3
16 17 4   0 0   1 1   2 2   3 3
16 36 4   0 0   1 1   2 2   3 3
16 22 4   0 0   1 1   2 2   3 3
16 28 4   0 0   1 1   2 2   3 3
17 21 4   0 0   1 1   2 2   3 3
17 23 4   0 0   1 1   2 2   3 3
17 28 4   0 0   1 1   2 2   3 3
18 51 4   0 0   1 1   2 2   3 3
18 36 4   0 0   1 1   2 2   3 3
18 22 4   0 0   1 1   2 2   3 3
18 42 4   0 0   1 1   2 2   3 3
18 43 4   0 0   1 1   2 2   3 3
19 34 4   0 0   1 1   2 2   3 3
19 37 4   0 0   1 1   2 2   3 3
19 24 4   0 0   1 1   2 2   3 3
19 31 4   0 0   1 1   2 2   3 3
20 44 4   0 0   1 1   2 2   3 3
20 45 4   0 0   1 1   2 2   3 3
20 30 4   0 0   1 1   2 2   3 3
21 48 4   0 0   1 1   2 2   3 3
21 35 4   0 0   1 1   2 2   3 3
21 23 4   0 0   1 1   2 2   3 3
21 28 4   0 0   1 1   2 2   3 3
22 34 4   0 0   1 1   2 2   3 3
22 36 4   0 0   1 1   2 2   3 3
22 37 4   0 0   1 1   2 2   3 3
22 43 4   0 0   1 1   2 2   3 3
23 39 4   0 0   1 1   2 2   3 3
23 40 4   0 0   1 1   2 2   3 3
23 41 4   0 0   1 1   2 2   3 3
25 39 4   0 0   1 1   2 2   3 3
25 40 4   0 0   1 1   2 2   3 3
25 26 4   0 0   1 1   2 2   3 3
25 47 4   0 0   1 1   2 2   3 3
26 38 4   0 0   1 1   2 2   3 3
26 40 4   0 0   1 1   2 2   3 3
26 29 4   0 0   1 1   2 2   3 3
27 50 4   0 0   1 1   2 2   3 3
27 41 4   0 0   1 1   2 2   3 3
27 46 4   0 0   1 1   2 2   3 3
27 31 4   0 0   1 1   2 2   3 3
28 48 4   0 0   1 1   2 2   3 3
28 51 4   0 0   1 1   2 2   3 3
30 45 4   0 0   1 1   2 2   3 3
31 50 4   0 0   1 1   2 2   3 3
31 34 4   0 0   1 1   2 2   3 3
32 46 4   0 0   1 1   2 2   3 3
33 35 4   0 0   1 1   2 2   3 3
33 38 4   0 0   1 1   2 2   3 3
34 50 4   0 0   1 1   2 2   3 3
34 37 4   0 0   1 1   2 2   3 3
36 51 4   0 0   1 1   2 2   3 3
38 40 4   0 0   1 1   2 2   3 3
39 40 4   0 0   1 1   2 2   3 3
39 41 4   0 0   1 1   2 2   3 3
39 47 4   0 0   1 1   2 2   3 3
41 50 4   0 0   1 1   2 2   3 3
42 49 4   0 0   1 1   2 2   3 3
42 51 4   0 0   1 1   2 2   3 3
42 43 4   0 0   1 1   2 2   3 3
43 49 4   0 0   1 1   2 2   3 3
44 45 4   0 0   1 1   2 2   3 3
48 51 4   0 0   1 1   2 2   3 3
