63
1 4 0 1 2 3
2 4 0 1 2 3
3 4 0 1 2 3
4 4 0 1 2 3
5 4 0 1 2 3
6 4 0 1 2 3
7 4 0 1 2 3
8 4 0 1 2 3
9 4 0 1 2 3
10 4 0 1 2 3
11 4 0 1 2 3
12 4 0 1 2 3
13 4 0 1 2 3
14 4 0 1 2 3
15 4 0 1 2 3
16 4 0 1 2 3
17 4 0 1 2 3
18 4 0 1 2 3
19 4 0 1 2 3
20 4 0 1 2 3
21 4 0 1 2 3
22 4 0 1 2 3
23 4 0 1 2 3
24 4 0 1 2 3
25 4 0 1 2 3
26 4 0 1 2 3
27 4 0 1 2 3
28 4 0 1 2 3
29 4 0 1 2 3
30 4 0 1 2 3
31 4 0 1 2 3
32 4 0 1 2 3
33 4 0 1 2 3
34 4 0 1 2 3
35 4 0 1 2 3
36 4 0 1 2 3
37 4 0 1 2 3
38 4 0 1 2 3
39 4 0 1 2 3
40 4 0 1 2 3
41 4 0 1 2 3
42 4 0 1 2 3
43 4 0 1 2 3
44 4 0 1 2 3
45 4 0 1 2 3
46 4 0 1 2 3
47 4 0 1 2 3
48 4 0 1 2 3
49 4 0 1 2 3
50 4 0 1 2 3
51 4 0 1 2 3
52 4 0 1 2 3
53 4 0 1 2 3
54 4 0 1 2 3
55 4 0 1 2 3
56 4 0 1 2 3
57 4 0 1 2 3
58 4 0 1 2 3
59 4 0 1 2 3
60 4 0 1 2 3
61 4 0 1 2 3
62 4 0 1 2 3
63 4 0 1 2 3
169
1 2 4   0 0   1 1   2 2   3 3
1 10 4   0 0   1 1   2 2   3 3
1 60 4   0 0   1 1   2 2   3 3
2 18 4   0 0   1 1   2 2   3 3
2 23 4   0 0   1 1   2 2   3 3
2 10 4   0 0   1 1   2 2   3 3
2 60 4   0 0   1 1   2 2   3 3
2 47 4   0 0   1 1   2 2   3 3
3 34 4   0 0   1 1   2 2   3 3
3 6 4   0 0   1 1   2 2   3 3
3 58 4   0 0   1 1   2 2   3 3
3 27 4   0 0   1 1   2 2   3 3
3 45 4   0 0   1 1   2 2   3 3
3 15 4   0 0   1 1   2 2   3 3
4 20 4   0 0   1 1   2 2   3 3
4 37 4   0 0   1 1   2 2   3 3
4 6 4   0 0   1 1   2 2   3 3
4 24 4   0 0   1 1   2 2   3 3
4 31 4   0 0   1 1   2 2   3 3
5 49 4   0 0   1 1   2 2   3 3
5 39 4   0 0   1 1   2 2   3 3
5 7 4   0 0   1 1   2 2   3 3
5 41 4   0 0   1 1   2 2   3 3
5 42 4   0 0   1 1   2 2   3 3
5 59 4   0 0   1 1   2 2   3 3
5 44 4   0 0   1 1   2 2   3 3
6 20 4   0 0   1 1   2 2   3 3
6 57 4   0 0   1 1   2 2   3 3
6 31 4   0 0   1 1   2 2   3 3
6 15 4   0 0   1 1   2 2   3 3
7 39 4   0 0   1 1   2 2   3 3
7 44 4   0 0   1 1   2 2   3 3
7 28 4   0 0   1 1   2 2   3 3
8 38 4   0 0   1 1   2 2   3 3
8 26 4   0 0   1 1   2 2   3 3
8 59 4   0 0   1 1   2 2   3 3
8 29 4   0 0   1 1   2 2   3 3
8 14 4   0 0   1 1   2 2   3 3
9 16 4   0 0   1 1   2 2   3 3
9 18 4   0 0   1 1   2 2   3 3
9 60 4   0 0   1 1   2 2   3 3
10 23 4   0 0   1 1   2 2   3 3
10 56 4   0 0   1 1   2 2   3 3
10 43 4   0 0   1 1   2 2   3 3
10 13 4   0 0   1 1   2 2   3 3
11 49 4   0 0   1 1   2 2   3 3
11 19 4   0 0   1 1   2 2   3 3
11 35 4   0 0   1 1   2 2   3 3
11 22 4   0 0   1 1   2 2   3 3
11 40 4   0 0   1 1   2 2   3 3
11 28 4   0 0   1 1   2 2   3 3
12 52 4   0 0   1 1   2 2   3 3
12 25 4   0 0   1 1   2 2   3 3
12 26 4   0 0   1 1   2 2   3 3
12 29 4   0 0   1 1   2 2   3 3
12 30 4   0 0   1 1   2 2   3 3
12 63 4   0 0   1 1   2 2   3 3
13 51 4   0 0   1 1   2 2   3 3
13 38 4   0 0   1 1   2 2   3 3
13 23 4   0 0   1 1   2 2   3 3
13 43 4   0 0   1 1   2 2   3 3
13 59 4   0 0   1 1   2 2   3 3
13 61 4   0 0   1 1   2 2   3 3
13 14 4   0 0   1 1   2 2   3 3
14 51 4   0 0   1 1   2 2   3 3
14 38 4   0 0   1 1   2 2   3 3
14 45 4   0 0   1 1   2 2   3 3
14 29 4   0 0   1 1   2 2   3 3
15 55 4   0 0   1 1   2 2   3 3
15 57 4   0 0   1 1   2 2   3 3
15 45 4   0 0   1 1   2 2   3 3
16 48 4   0 0   1 1   2 2   3 3
16 18 4   0 0   1 1   2 2   3 3
16 54 4   0 0   1 1   2 2   3 3
16 47 4   0 0   1 1   2 2   3 3
17 19 4   0 0   1 1   2 2   3 3
17 20 4   0 0   1 1   2 2   3 3
17 36 4   0 0   1 1   2 2   3 3
17 37 4   0 0   1 1   2 2   3 3
17 53 4   0 0   1 1   2 2   3 3
17 22 4   0 0   1 1   2 2   3 3
17 62 4   0 0   1 1   2 2   3 3
18 60 4   0 0   1 1   2 2   3 3
18 47 4   0 0   1 1   2 2   3 3
19 35 4   0 0   1 1   2 2   3 3
19 36 4   0 0   1 1   2 2   3 3
19 22 4   0 0   1 1   2 2   3 3
19 62 4   0 0   1 1   2 2   3 3
19 63 4   0 0   1 1   2 2   3 3
20 37 4   0 0   1 1   2 2   3 3
20 22 4   0 0   1 1   2 2   3 3
21 52 4   0 0   1 1   2 2   3 3
21 55 4   0 0   1 1   2 2   3 3
21 24 4   0 0   1 1   2 2   3 3
21 25 4   0 0   1 1   2 2   3 3
21 31 4   0 0   1 1   2 2   3 3
22 40 4   0 0   1 1   2 2   3 3
23 61 4   0 0   1 1   2 2   3 3
23 47 4   0 0   1 1   2 2   3 3
24 52 4   0 0   1 1   2 2   3 3
24 37 4   0 0   1 1   2 2   3 3
24 31 4   0 0   1 1   2 2   3 3
25 52 4   0 0   1 1   2 2   3 3
25 55 4   0 0   1 1   2 2   3 3
25 45 4   0 0   1 1   2 2   3 3
25 29 4   0 0   1 1   2 2   3 3
26 32 4   0 0   1 1   2 2   3 3
26 59 4   0 0   1 1   2 2   3 3
26 29 4   0 0   1 1   2 2   3 3
26 63 4   0 0   1 1   2 2   3 3
27 34 4   0 0   1 1   2 2   3 3
27 58 4   0 0   1 1   2 2   3 3
27 46 4   0 0   1 1   2 2   3 3
28 49 4   0 0   1 1   2 2   3 3
28 39 4   0 0   1 1   2 2   3 3
28 40 4   0 0   1 1   2 2   3 3
29 45 4   0 0   1 1   2 2   3 3
30 52 4   0 0   1 1   2 2   3 3
30 36 4   0 0   1 1   2 2   3 3
30 37 4   0 0   1 1   2 2   3 3
30 53 4   0 0   1 1   2 2   3 3
30 63 4   0 0   1 1   2 2   3 3
31 55 4   0 0   1 1   2 2   3 3
31 57 4   0 0   1 1   2 2   3 3
32 35 4   0 0   1 1   2 2   3 3
32 41 4   0 0   1 1   2 2   3 3
32 59 4   0 0   1 1   2 2   3 3
32 63 4   0 0   1 1   2 2   3 3
33 34 4   0 0   1 1   2 2   3 3
33 54 4   0 0   1 1   2 2   3 3
33 61 4   0 0   1 1   2 2   3 3
33 45 4   0 0   1 1   2 2   3 3
33 47 4   0 0   1 1   2 2   3 3
34 54 4   0 0   1 1   2 2   3 3
34 45 4   0 0   1 1   2 2   3 3
34 46 4   0 0   1 1   2 2   3 3
35 49 4   0 0   1 1   2 2   3 3
35 41 4   0 0   1 1   2 2   3 3
35 63 4   0 0   1 1   2 2   3 3
36 53 4   0 0   1 1   2 2   3 3
36 62 4   0 0   1 1   2 2   3 3
36 63 4   0 0   1 1   2 2   3 3
37 52 4   0 0   1 1   2 2   3 3
37 53 4   0 0   1 1   2 2   3 3
38 59 4   0 0   1 1   2 2   3 3
39 49 4   0 0   1 1   2 2   3 3
41 49 4   0 0   1 1   2 2   3 3
41 59 4   0 0   1 1   2 2   3 3
42 59 4   0 0   1 1   2 2   3 3
42 43 4   0 0   1 1   2 2   3 3
42 44 4   0 0   1 1   2 2   3 3
43 56 4   0 0   1 1   2 2   3 3
43 59 4   0 0   1 1   2 2   3 3
43 44 4   0 0   1 1   2 2   3 3
44 56 4   0 0   1 1   2 2   3 3
45 51 4   0 0   1 1   2 2   3 3
45 55 4   0 0   1 1   2 2   3 3
45 61 4   0 0   1 1   2 2   3 3
46 48 4   0 0   1 1   2 2   3 3
46 50 4   0 0   1 1   2 2   3 3
46 54 4   0 0   1 1   2 2   3 3
46 58 4   0 0   1 1   2 2   3 3
47 54 4   0 0   1 1   2 2   3 3
47 61 4   0 0   1 1   2 2   3 3
48 50 4   0 0   1 1   2 2   3 3
48 54 4   0 0   1 1   2 2   3 3
50 58 4   0 0   1 1   2 2   3 3
51 61 4   0 0   1 1   2 2   3 3
55 57 4   0 0   1 1   2 2   3 3
