61
1 4 0 1 2 3
2 4 0 1 2 3
3 4 0 1 2 3
4 4 0 1 2 3
5 4 0 1 2 3
6 4 0 1 2 3
7 4 0 1 2 3
8 4 0 1 2 3
9 4 0 1 2 3
10 4 0 1 2 3
11 4 0 1 2 3
12 4 0 1 2 3
13 4 0 1 2 3
14 4 0 1 2 3
15 4 0 1 2 3
16 4 0 1 2 3
17 4 0 1 2 3
18 4 0 1 2 3
19 4 0 1 2 3
20 4 0 1 2 3
21 4 0 1 2 3
22 4 0 1 2 3
23 4 0 1 2 3
24 4 0 1 2 3
25 4 0 1 2 3
26 4 0 1 2 3
27 4 0 1 2 3
28 4 0 1 2 3
29 4 0 1 2 3
30 4 0 1 2 3
31 4 0 1 2 3
32 4 0 1 2 3
33 4 0 1 2 3
34 4 0 1 2 3
35 4 0 1 2 3
36 4 0 1 2 3
37 4 0 1 2 3
38 4 0 1 2 3
39 4 0 1 2 3
40 4 0 1 2 3
41 4 0 1 2 3
42 4 0 1 2 3
43 4 0 1 2 3
44 4 0 1 2 3
45 4 0 1 2 3
46 4 0 1 2 3
47 4 0 1 2 3
48 4 0 1 2 3
49 4 0 1 2 3
50 4 0 1 2 3
51 4 0 1 2 3
52 4 0 1 2 3
53 4 0 1 2 3
54 4 0 1 2 3
55 4 0 1 2 3
56 4 0 1 2 3
57 4 0 1 2 3
58 4 0 1 2 3
59 4 0 1 2 3
60 4 0 1 2 3
61 4 0 1 2 3
156
1 16 4   0 0   1 1   2 2   3 3
1 3 4   0 0   1 1   2 2   3 3
1 4 4   0 0   1 1   2 2   3 3
1 39 4   0 0   1 1   2 2   3 3
1 9 4   0 0   1 1   2 2   3 3
2 49 4   0 0   1 1   2 2   3 3
2 45 4   0 0   1 1   2 2   3 3
2 14 4   0 0   1 1   2 2   3 3
2 15 4   0 0   1 1   2 2   3 3
3 4 4   0 0   1 1   2 2   3 3
3 5 4   0 0   1 1   2 2   3 3
3 23 4   0 0   1 1   2 2   3 3
3 39 4   0 0   1 1   2 2   3 3
3 59 4   0 0   1 1   2 2   3 3
4 5 4   0 0   1 1   2 2   3 3
4 37 4   0 0   1 1   2 2   3 3
4 56 4   0 0   1 1   2 2   3 3
4 9 4   0 0   1 1   2 2   3 3
4 28 4   0 0   1 1   2 2   3 3
5 6 4   0 0   1 1   2 2   3 3
5 23 4   0 0   1 1   2 2   3 3
5 40 4   0 0   1 1   2 2   3 3
5 28 4   0 0   1 1   2 2   3 3
6 34 4   0 0   1 1   2 2   3 3
6 23 4   0 0   1 1   2 2   3 3
6 40 4   0 0   1 1   2 2   3 3
6 26 4   0 0   1 1   2 2   3 3
6 43 4   0 0   1 1   2 2   3 3
7 32 4   0 0   1 1   2 2   3 3
7 33 4   0 0   1 1   2 2   3 3
7 59 4   0 0   1 1   2 2   3 3
8 33 4   0 0   1 1   2 2   3 3
8 18 4   0 0   1 1   2 2   3 3
8 51 4   0 0   1 1   2 2   3 3
8 22 4   0 0   1 1   2 2   3 3
8 42 4   0 0   1 1   2 2   3 3
8 45 4   0 0   1 1   2 2   3 3
9 16 4   0 0   1 1   2 2   3 3
9 56 4   0 0   1 1   2 2   3 3
9 25 4   0 0   1 1   2 2   3 3
9 57 4   0 0   1 1   2 2   3 3
9 31 4   0 0   1 1   2 2   3 3
10 48 4   0 0   1 1   2 2   3 3
10 35 4   0 0   1 1   2 2   3 3
10 56 4   0 0   1 1   2 2   3 3
10 25 4   0 0   1 1   2 2   3 3
10 57 4   0 0   1 1   2 2   3 3
10 11 4   0 0   1 1   2 2   3 3
11 48 4   0 0   1 1   2 2   3 3
11 55 4   0 0   1 1   2 2   3 3
11 57 4   0 0   1 1   2 2   3 3
11 61 4   0 0   1 1   2 2   3 3
11 14 4   0 0   1 1   2 2   3 3
11 15 4   0 0   1 1   2 2   3 3
12 19 4   0 0   1 1   2 2   3 3
12 52 4   0 0   1 1   2 2   3 3
12 27 4   0 0   1 1   2 2   3 3
12 47 4   0 0   1 1   2 2   3 3
13 17 4   0 0   1 1   2 2   3 3
13 26 4   0 0   1 1   2 2   3 3
13 46 4   0 0   1 1   2 2   3 3
14 49 4   0 0   1 1   2 2   3 3
14 38 4   0 0   1 1   2 2   3 3
14 61 4   0 0   1 1   2 2   3 3
14 15 4   0 0   1 1   2 2   3 3
15 57 4   0 0   1 1   2 2   3 3
15 45 4   0 0   1 1   2 2   3 3
15 31 4   0 0   1 1   2 2   3 3
16 18 4   0 0   1 1   2 2   3 3
16 39 4   0 0   1 1   2 2   3 3
16 31 4   0 0   1 1   2 2   3 3
17 34 4   0 0   1 1   2 2   3 3
17 24 4   0 0   1 1   2 2   3 3
18 22 4   0 0   1 1   2 2   3 3
18 39 4   0 0   1 1   2 2   3 3
18 45 4   0 0   1 1   2 2   3 3
18 31 4   0 0   1 1   2 2   3 3
19 52 4   0 0   1 1   2 2   3 3
19 21 4   0 0   1 1   2 2   3 3
19 27 4   0 0   1 1   2 2   3 3
20 21 4   0 0   1 1   2 2   3 3
20 24 4   0 0   1 1   2 2   3 3
20 41 4   0 0   1 1   2 2   3 3
20 27 4   0 0   1 1   2 2   3 3
20 44 4   0 0   1 1   2 2   3 3
20 29 4   0 0   1 1   2 2   3 3
20 30 4   0 0   1 1   2 2   3 3
21 52 4   0 0   1 1   2 2   3 3
21 27 4   0 0   1 1   2 2   3 3
21 44 4   0 0   1 1   2 2   3 3
22 33 4   0 0   1 1   2 2   3 3
22 39 4   0 0   1 1   2 2   3 3
22 59 4   0 0   1 1   2 2   3 3
23 59 4   0 0   1 1   2 2   3 3
24 34 4   0 0   1 1   2 2   3 3
24 40 4   0 0   1 1   2 2   3 3
24 30 4   0 0   1 1   2 2   3 3
25 56 4   0 0   1 1   2 2   3 3
25 57 4   0 0   1 1   2 2   3 3
26 50 4   0 0   1 1   2 2   3 3
26 34 4   0 0   1 1   2 2   3 3
26 43 4   0 0   1 1   2 2   3 3
26 46 4   0 0   1 1   2 2   3 3
28 37 4   0 0   1 1   2 2   3 3
28 54 4   0 0   1 1   2 2   3 3
28 40 4   0 0   1 1   2 2   3 3
28 41 4   0 0   1 1   2 2   3 3
29 35 4   0 0   1 1   2 2   3 3
29 52 4   0 0   1 1   2 2   3 3
29 37 4   0 0   1 1   2 2   3 3
29 56 4   0 0   1 1   2 2   3 3
29 41 4   0 0   1 1   2 2   3 3
29 44 4   0 0   1 1   2 2   3 3
30 40 4   0 0   1 1   2 2   3 3
30 41 4   0 0   1 1   2 2   3 3
31 57 4   0 0   1 1   2 2   3 3
31 45 4   0 0   1 1   2 2   3 3
32 33 4   0 0   1 1   2 2   3 3
32 42 4   0 0   1 1   2 2   3 3
33 42 4   0 0   1 1   2 2   3 3
33 59 4   0 0   1 1   2 2   3 3
34 40 4   0 0   1 1   2 2   3 3
35 48 4   0 0   1 1   2 2   3 3
35 52 4   0 0   1 1   2 2   3 3
35 53 4   0 0   1 1   2 2   3 3
35 56 4   0 0   1 1   2 2   3 3
35 47 4   0 0   1 1   2 2   3 3
36 49 4   0 0   1 1   2 2   3 3
36 51 4   0 0   1 1   2 2   3 3
36 45 4   0 0   1 1   2 2   3 3
37 54 4   0 0   1 1   2 2   3 3
37 56 4   0 0   1 1   2 2   3 3
37 41 4   0 0   1 1   2 2   3 3
38 49 4   0 0   1 1   2 2   3 3
38 55 4   0 0   1 1   2 2   3 3
38 60 4   0 0   1 1   2 2   3 3
38 61 4   0 0   1 1   2 2   3 3
39 59 4   0 0   1 1   2 2   3 3
40 41 4   0 0   1 1   2 2   3 3
41 54 4   0 0   1 1   2 2   3 3
42 51 4   0 0   1 1   2 2   3 3
43 50 4   0 0   1 1   2 2   3 3
44 52 4   0 0   1 1   2 2   3 3
45 51 4   0 0   1 1   2 2   3 3
46 50 4   0 0   1 1   2 2   3 3
47 48 4   0 0   1 1   2 2   3 3
47 52 4   0 0   1 1   2 2   3 3
47 53 4   0 0   1 1   2 2   3 3
47 58 4   0 0   1 1   2 2   3 3
48 55 4   0 0   1 1   2 2   3 3
48 58 4   0 0   1 1   2 2   3 3
52 53 4   0 0   1 1   2 2   3 3
55 58 4   0 0   1 1   2 2   3 3
55 60 4   0 0   1 1   2 2   3 3
55 61 4   0 0   1 1   2 2   3 3
60 61 4   0 0   1 1   2 2   3 3
