78
1 4 0 1 2 3
2 4 0 1 2 3
3 4 0 1 2 3
4 4 0 1 2 3
5 4 0 1 2 3
6 4 0 1 2 3
7 4 0 1 2 3
8 4 0 1 2 3
9 4 0 1 2 3
10 4 0 1 2 3
11 4 0 1 2 3
12 4 0 1 2 3
13 4 0 1 2 3
14 4 0 1 2 3
15 4 0 1 2 3
16 4 0 1 2 3
17 4 0 1 2 3
18 4 0 1 2 3
19 4 0 1 2 3
20 4 0 1 2 3
21 4 0 1 2 3
22 4 0 1 2 3
23 4 0 1 2 3
24 4 0 1 2 3
25 4 0 1 2 3
26 4 0 1 2 3
27 4 0 1 2 3
28 4 0 1 2 3
29 4 0 1 2 3
30 4 0 1 2 3
31 4 0 1 2 3
32 4 0 1 2 3
33 4 0 1 2 3
34 4 0 1 2 3
35 4 0 1 2 3
36 4 0 1 2 3
37 4 0 1 2 3
38 4 0 1 2 3
39 4 0 1 2 3
40 4 0 1 2 3
41 4 0 1 2 3
42 4 0 1 2 3
43 4 0 1 2 3
44 4 0 1 2 3
45 4 0 1 2 3
46 4 0 1 2 3
47 4 0 1 2 3
48 4 0 1 2 3
49 4 0 1 2 3
50 4 0 1 2 3
51 4 0 1 2 3
52 4 0 1 2 3
53 4 0 1 2 3
54 4 0 1 2 3
55 4 0 1 2 3
56 4 0 1 2 3
57 4 0 1 2 3
58 4 0 1 2 3
59 4 0 1 2 3
60 4 0 1 2 3
61 4 0 1 2 3
62 4 0 1 2 3
63 4 0 1 2 3
64 4 0 1 2 3
65 4 0 1 2 3
66 4 0 1 2 3
67 4 0 1 2 3
68 4 0 1 2 3
69 4 0 1 2 3
70 4 0 1 2 3
71 4 0 1 2 3
72 4 0 1 2 3
73 4 0 1 2 3
74 4 0 1 2 3
75 4 0 1 2 3
76 4 0 1 2 3
77 4 0 1 2 3
78 4 0 1 2 3
204
1 7 4   0 0   1 1   2 2   3 3
1 24 4   0 0   1 1   2 2   3 3
1 61 4   0 0   1 1   2 2   3 3
1 13 4   0 0   1 1   2 2   3 3
1 46 4   0 0   1 1   2 2   3 3
1 78 4   0 0   1 1   2 2   3 3
2 52 4   0 0   1 1   2 2   3 3
2 15 4   0 0   1 1   2 2   3 3
3 49 4   0 0   1 1   2 2   3 3
3 69 4   0 0   1 1   2 2   3 3
3 73 4   0 0   1 1   2 2   3 3
3 26 4   0 0   1 1   2 2   3 3
4 6 4   0 0   1 1   2 2   3 3
4 57 4   0 0   1 1   2 2   3 3
4 58 4   0 0   1 1   2 2   3 3
4 75 4   0 0   1 1   2 2   3 3
5 64 4   0 0   1 1   2 2   3 3
5 43 4   0 0   1 1   2 2   3 3
5 44 4   0 0   1 1   2 2   3 3
5 60 4   0 0   1 1   2 2   3 3
6 55 4   0 0   1 1   2 2   3 3
6 58 4   0 0   1 1   2 2   3 3
6 75 4   0 0   1 1   2 2   3 3
6 46 4   0 0   1 1   2 2   3 3
6 62 4   0 0   1 1   2 2   3 3
7 33 4   0 0   1 1   2 2   3 3
7 22 4   0 0   1 1   2 2   3 3
7 61 4   0 0   1 1   2 2   3 3
7 78 4   0 0   1 1   2 2   3 3
8 32 4   0 0   1 1   2 2   3 3
8 68 4   0 0   1 1   2 2   3 3
8 20 4   0 0   1 1   2 2   3 3
8 55 4   0 0   1 1   2 2   3 3
8 56 4   0 0   1 1   2 2   3 3
8 47 4   0 0   1 1   2 2   3 3
9 66 4   0 0   1 1   2 2   3 3
9 70 4   0 0   1 1   2 2   3 3
9 24 4   0 0   1 1   2 2   3 3
9 28 4   0 0   1 1   2 2   3 3
9 77 4   0 0   1 1   2 2   3 3
10 33 4   0 0   1 1   2 2   3 3
10 51 4   0 0   1 1   2 2   3 3
10 53 4   0 0   1 1   2 2   3 3
10 29 4   0 0   1 1   2 2   3 3
10 45 4   0 0   1 1   2 2   3 3
11 32 4   0 0   1 1   2 2   3 3
11 69 4   0 0   1 1   2 2   3 3
11 40 4   0 0   1 1   2 2   3 3
11 73 4   0 0   1 1   2 2   3 3
11 12 4   0 0   1 1   2 2   3 3
12 16 4   0 0   1 1   2 2   3 3
12 49 4   0 0   1 1   2 2   3 3
12 35 4   0 0   1 1   2 2   3 3
12 69 4   0 0   1 1   2 2   3 3
12 40 4   0 0   1 1   2 2   3 3
13 66 4   0 0   1 1   2 2   3 3
13 24 4   0 0   1 1   2 2   3 3
13 28 4   0 0   1 1   2 2   3 3
13 46 4   0 0   1 1   2 2   3 3
14 64 4   0 0   1 1   2 2   3 3
14 17 4   0 0   1 1   2 2   3 3
14 19 4   0 0   1 1   2 2   3 3
14 23 4   0 0   1 1   2 2   3 3
14 74 4   0 0   1 1   2 2   3 3
15 18 4   0 0   1 1   2 2   3 3
15 52 4   0 0   1 1   2 2   3 3
15 42 4   0 0   1 1   2 2   3 3
15 76 4   0 0   1 1   2 2   3 3
16 35 4   0 0   1 1   2 2   3 3
16 36 4   0 0   1 1   2 2   3 3
16 40 4   0 0   1 1   2 2   3 3
16 27 4   0 0   1 1   2 2   3 3
17 19 4   0 0   1 1   2 2   3 3
17 25 4   0 0   1 1   2 2   3 3
17 74 4   0 0   1 1   2 2   3 3
18 48 4   0 0   1 1   2 2   3 3
18 71 4   0 0   1 1   2 2   3 3
18 76 4   0 0   1 1   2 2   3 3
19 39 4   0 0   1 1   2 2   3 3
19 25 4   0 0   1 1   2 2   3 3
19 26 4   0 0   1 1   2 2   3 3
20 48 4   0 0   1 1   2 2   3 3
20 68 4   0 0   1 1   2 2   3 3
20 36 4   0 0   1 1   2 2   3 3
20 56 4   0 0   1 1   2 2   3 3
20 63 4   0 0   1 1   2 2   3 3
21 50 4   0 0   1 1   2 2   3 3
21 38 4   0 0   1 1   2 2   3 3
21 54 4   0 0   1 1   2 2   3 3
21 44 4   0 0   1 1   2 2   3 3
21 31 4   0 0   1 1   2 2   3 3
22 33 4   0 0   1 1   2 2   3 3
22 61 4   0 0   1 1   2 2   3 3
23 64 4   0 0   1 1   2 2   3 3
23 65 4   0 0   1 1   2 2   3 3
23 67 4   0 0   1 1   2 2   3 3
23 74 4   0 0   1 1   2 2   3 3
23 60 4   0 0   1 1   2 2   3 3
24 66 4   0 0   1 1   2 2   3 3
24 61 4   0 0   1 1   2 2   3 3
25 39 4   0 0   1 1   2 2   3 3
25 74 4   0 0   1 1   2 2   3 3
25 58 4   0 0   1 1   2 2   3 3
26 39 4   0 0   1 1   2 2   3 3
26 73 4   0 0   1 1   2 2   3 3
27 35 4   0 0   1 1   2 2   3 3
27 36 4   0 0   1 1   2 2   3 3
27 41 4   0 0   1 1   2 2   3 3
28 66 4   0 0   1 1   2 2   3 3
28 57 4   0 0   1 1   2 2   3 3
28 75 4   0 0   1 1   2 2   3 3
28 59 4   0 0   1 1   2 2   3 3
28 77 4   0 0   1 1   2 2   3 3
28 46 4   0 0   1 1   2 2   3 3
29 33 4   0 0   1 1   2 2   3 3
29 45 4   0 0   1 1   2 2   3 3
29 78 4   0 0   1 1   2 2   3 3
30 52 4   0 0   1 1   2 2   3 3
30 36 4   0 0   1 1   2 2   3 3
30 41 4   0 0   1 1   2 2   3 3
31 70 4   0 0   1 1   2 2   3 3
31 38 4   0 0   1 1   2 2   3 3
31 77 4   0 0   1 1   2 2   3 3
32 34 4   0 0   1 1   2 2   3 3
32 68 4   0 0   1 1   2 2   3 3
32 55 4   0 0   1 1   2 2   3 3
32 39 4   0 0   1 1   2 2   3 3
32 72 4   0 0   1 1   2 2   3 3
32 40 4   0 0   1 1   2 2   3 3
32 73 4   0 0   1 1   2 2   3 3
33 53 4   0 0   1 1   2 2   3 3
33 78 4   0 0   1 1   2 2   3 3
34 55 4   0 0   1 1   2 2   3 3
34 39 4   0 0   1 1   2 2   3 3
34 58 4   0 0   1 1   2 2   3 3
35 49 4   0 0   1 1   2 2   3 3
36 68 4   0 0   1 1   2 2   3 3
36 52 4   0 0   1 1   2 2   3 3
36 40 4   0 0   1 1   2 2   3 3
36 41 4   0 0   1 1   2 2   3 3
36 63 4   0 0   1 1   2 2   3 3
37 51 4   0 0   1 1   2 2   3 3
37 71 4   0 0   1 1   2 2   3 3
37 56 4   0 0   1 1   2 2   3 3
37 45 4   0 0   1 1   2 2   3 3
37 47 4   0 0   1 1   2 2   3 3
38 54 4   0 0   1 1   2 2   3 3
38 59 4   0 0   1 1   2 2   3 3
38 77 4   0 0   1 1   2 2   3 3
39 72 4   0 0   1 1   2 2   3 3
39 73 4   0 0   1 1   2 2   3 3
39 58 4   0 0   1 1   2 2   3 3
40 68 4   0 0   1 1   2 2   3 3
42 48 4   0 0   1 1   2 2   3 3
42 52 4   0 0   1 1   2 2   3 3
42 76 4   0 0   1 1   2 2   3 3
42 63 4   0 0   1 1   2 2   3 3
43 44 4   0 0   1 1   2 2   3 3
44 50 4   0 0   1 1   2 2   3 3
44 60 4   0 0   1 1   2 2   3 3
45 51 4   0 0   1 1   2 2   3 3
45 78 4   0 0   1 1   2 2   3 3
45 62 4   0 0   1 1   2 2   3 3
45 47 4   0 0   1 1   2 2   3 3
46 75 4   0 0   1 1   2 2   3 3
46 78 4   0 0   1 1   2 2   3 3
46 62 4   0 0   1 1   2 2   3 3
47 55 4   0 0   1 1   2 2   3 3
47 56 4   0 0   1 1   2 2   3 3
47 62 4   0 0   1 1   2 2   3 3
48 71 4   0 0   1 1   2 2   3 3
48 56 4   0 0   1 1   2 2   3 3
48 76 4   0 0   1 1   2 2   3 3
48 63 4   0 0   1 1   2 2   3 3
49 69 4   0 0   1 1   2 2   3 3
50 67 4   0 0   1 1   2 2   3 3
50 54 4   0 0   1 1   2 2   3 3
50 60 4   0 0   1 1   2 2   3 3
51 53 4   0 0   1 1   2 2   3 3
51 71 4   0 0   1 1   2 2   3 3
52 63 4   0 0   1 1   2 2   3 3
53 71 4   0 0   1 1   2 2   3 3
54 65 4   0 0   1 1   2 2   3 3
54 67 4   0 0   1 1   2 2   3 3
54 59 4   0 0   1 1   2 2   3 3
55 58 4   0 0   1 1   2 2   3 3
55 62 4   0 0   1 1   2 2   3 3
56 71 4   0 0   1 1   2 2   3 3
57 65 4   0 0   1 1   2 2   3 3
57 74 4   0 0   1 1   2 2   3 3
57 58 4   0 0   1 1   2 2   3 3
57 59 4   0 0   1 1   2 2   3 3
57 75 4   0 0   1 1   2 2   3 3
58 74 4   0 0   1 1   2 2   3 3
59 65 4   0 0   1 1   2 2   3 3
59 77 4   0 0   1 1   2 2   3 3
60 64 4   0 0   1 1   2 2   3 3
60 67 4   0 0   1 1   2 2   3 3
62 78 4   0 0   1 1   2 2   3 3
65 67 4   0 0   1 1   2 2   3 3
65 74 4   0 0   1 1   2 2   3 3
69 73 4   0 0   1 1   2 2   3 3
70 77 4   0 0   1 1   2 2   3 3
72 73 4   0 0   1 1   2 2   3 3
