70
1 4 0 1 2 3
2 4 0 1 2 3
3 4 0 1 2 3
4 4 0 1 2 3
5 4 0 1 2 3
6 4 0 1 2 3
7 4 0 1 2 3
8 4 0 1 2 3
9 4 0 1 2 3
10 4 0 1 2 3
11 4 0 1 2 3
12 4 0 1 2 3
13 4 0 1 2 3
14 4 0 1 2 3
15 4 0 1 2 3
16 4 0 1 2 3
17 4 0 1 2 3
18 4 0 1 2 3
19 4 0 1 2 3
20 4 0 1 2 3
21 4 0 1 2 3
22 4 0 1 2 3
23 4 0 1 2 3
24 4 0 1 2 3
25 4 0 1 2 3
26 4 0 1 2 3
27 4 0 1 2 3
28 4 0 1 2 3
29 4 0 1 2 3
30 4 0 1 2 3
31 4 0 1 2 3
32 4 0 1 2 3
33 4 0 1 2 3
34 4 0 1 2 3
35 4 0 1 2 3
36 4 0 1 2 3
37 4 0 1 2 3
38 4 0 1 2 3
39 4 0 1 2 3
40 4 0 1 2 3
41 4 0 1 2 3
42 4 0 1 2 3
43 4 0 1 2 3
44 4 0 1 2 3
45 4 0 1 2 3
46 4 0 1 2 3
47 4 0 1 2 3
48 4 0 1 2 3
49 4 0 1 2 3
50 4 0 1 2 3
51 4 0 1 2 3
52 4 0 1 2 3
53 4 0 1 2 3
54 4 0 1 2 3
55 4 0 1 2 3
56 4 0 1 2 3
57 4 0 1 2 3
58 4 0 1 2 3
59 4 0 1 2 3
60 4 0 1 2 3
61 4 0 1 2 3
62 4 0 1 2 3
63 4 0 1 2 3
64 4 0 1 2 3
65 4 0 1 2 3
66 4 0 1 2 3
67 4 0 1 2 3
68 4 0 1 2 3
69 4 0 1 2 3
70 4 0 1 2 3
181
1 64 4   0 0   1 1   2 2   3 3
1 19 4   0 0   1 1   2 2   3 3
1 37 4   0 0   1 1   2 2   3 3
1 28 4   0 0   1 1   2 2   3 3
2 20 4   0 0   1 1   2 2   3 3
2 8 4   0 0   1 1   2 2   3 3
2 9 4   0 0   1 1   2 2   3 3
2 14 4   0 0   1 1   2 2   3 3
2 62 4   0 0   1 1   2 2   3 3
2 15 4   0 0   1 1   2 2   3 3
2 31 4   0 0   1 1   2 2   3 3
3 48 4   0 0   1 1   2 2   3 3
3 16 4   0 0   1 1   2 2   3 3
3 51 4   0 0   1 1   2 2   3 3
3 52 4   0 0   1 1   2 2   3 3
3 36 4   0 0   1 1   2 2   3 3
3 7 4   0 0   1 1   2 2   3 3
3 25 4   0 0   1 1   2 2   3 3
4 17 4   0 0   1 1   2 2   3 3
4 51 4   0 0   1 1   2 2   3 3
4 26 4   0 0   1 1   2 2   3 3
4 60 4   0 0   1 1   2 2   3 3
5 64 4   0 0   1 1   2 2   3 3
5 34 4   0 0   1 1   2 2   3 3
5 35 4   0 0   1 1   2 2   3 3
5 43 4   0 0   1 1   2 2   3 3
5 28 4   0 0   1 1   2 2   3 3
6 68 4   0 0   1 1   2 2   3 3
6 55 4   0 0   1 1   2 2   3 3
6 41 4   0 0   1 1   2 2   3 3
6 44 4   0 0   1 1   2 2   3 3
7 51 4   0 0   1 1   2 2   3 3
7 25 4   0 0   1 1   2 2   3 3
7 26 4   0 0   1 1   2 2   3 3
7 12 4   0 0   1 1   2 2   3 3
8 65 4   0 0   1 1   2 2   3 3
8 68 4   0 0   1 1   2 2   3 3
8 20 4   0 0   1 1   2 2   3 3
8 39 4   0 0   1 1   2 2   3 3
8 14 4   0 0   1 1   2 2   3 3
9 61 4   0 0   1 1   2 2   3 3
9 15 4   0 0   1 1   2 2   3 3
9 31 4   0 0   1 1   2 2   3 3
10 50 4   0 0   1 1   2 2   3 3
10 69 4   0 0   1 1   2 2   3 3
10 70 4   0 0   1 1   2 2   3 3
10 24 4   0 0   1 1   2 2   3 3
10 61 4   0 0   1 1   2 2   3 3
11 40 4   0 0   1 1   2 2   3 3
11 41 4   0 0   1 1   2 2   3 3
11 44 4   0 0   1 1   2 2   3 3
11 30 4   0 0   1 1   2 2   3 3
12 38 4   0 0   1 1   2 2   3 3
12 22 4   0 0   1 1   2 2   3 3
12 25 4   0 0   1 1   2 2   3 3
12 26 4   0 0   1 1   2 2   3 3
13 32 4   0 0   1 1   2 2   3 3
13 35 4   0 0   1 1   2 2   3 3
13 39 4   0 0   1 1   2 2   3 3
13 40 4   0 0   1 1   2 2   3 3
13 43 4   0 0   1 1   2 2   3 3
13 60 4   0 0   1 1   2 2   3 3
13 63 4   0 0   1 1   2 2   3 3
14 66 4   0 0   1 1   2 2   3 3
14 22 4   0 0   1 1   2 2   3 3
14 39 4   0 0   1 1   2 2   3 3
14 15 4   0 0   1 1   2 2   3 3
15 66 4   0 0   1 1   2 2   3 3
15 69 4   0 0   1 1   2 2   3 3
15 61 4   0 0   1 1   2 2   3 3
16 52 4   0 0   1 1   2 2   3 3
16 36 4   0 0   1 1   2 2   3 3
16 70 4   0 0   1 1   2 2   3 3
16 24 4   0 0   1 1   2 2   3 3
17 51 4   0 0   1 1   2 2   3 3
17 21 4   0 0   1 1   2 2   3 3
17 42 4   0 0   1 1   2 2   3 3
17 60 4   0 0   1 1   2 2   3 3
17 47 4   0 0   1 1   2 2   3 3
18 33 4   0 0   1 1   2 2   3 3
18 55 4   0 0   1 1   2 2   3 3
18 44 4   0 0   1 1   2 2   3 3
19 64 4   0 0   1 1   2 2   3 3
19 59 4   0 0   1 1   2 2   3 3
20 49 4   0 0   1 1   2 2   3 3
20 68 4   0 0   1 1   2 2   3 3
20 55 4   0 0   1 1   2 2   3 3
20 58 4   0 0   1 1   2 2   3 3
20 62 4   0 0   1 1   2 2   3 3
21 51 4   0 0   1 1   2 2   3 3
21 47 4   0 0   1 1   2 2   3 3
22 66 4   0 0   1 1   2 2   3 3
22 36 4   0 0   1 1   2 2   3 3
22 38 4   0 0   1 1   2 2   3 3
22 39 4   0 0   1 1   2 2   3 3
22 25 4   0 0   1 1   2 2   3 3
23 53 4   0 0   1 1   2 2   3 3
23 57 4   0 0   1 1   2 2   3 3
23 27 4   0 0   1 1   2 2   3 3
23 45 4   0 0   1 1   2 2   3 3
23 46 4   0 0   1 1   2 2   3 3
24 70 4   0 0   1 1   2 2   3 3
25 48 4   0 0   1 1   2 2   3 3
25 36 4   0 0   1 1   2 2   3 3
26 51 4   0 0   1 1   2 2   3 3
26 38 4   0 0   1 1   2 2   3 3
26 60 4   0 0   1 1   2 2   3 3
27 49 4   0 0   1 1   2 2   3 3
27 57 4   0 0   1 1   2 2   3 3
27 58 4   0 0   1 1   2 2   3 3
27 62 4   0 0   1 1   2 2   3 3
27 46 4   0 0   1 1   2 2   3 3
28 64 4   0 0   1 1   2 2   3 3
28 34 4   0 0   1 1   2 2   3 3
28 37 4   0 0   1 1   2 2   3 3
29 54 4   0 0   1 1   2 2   3 3
29 42 4   0 0   1 1   2 2   3 3
29 47 4   0 0   1 1   2 2   3 3
30 40 4   0 0   1 1   2 2   3 3
30 44 4   0 0   1 1   2 2   3 3
31 67 4   0 0   1 1   2 2   3 3
31 61 4   0 0   1 1   2 2   3 3
31 62 4   0 0   1 1   2 2   3 3
32 38 4   0 0   1 1   2 2   3 3
32 39 4   0 0   1 1   2 2   3 3
32 60 4   0 0   1 1   2 2   3 3
33 58 4   0 0   1 1   2 2   3 3
33 46 4   0 0   1 1   2 2   3 3
34 37 4   0 0   1 1   2 2   3 3
34 42 4   0 0   1 1   2 2   3 3
34 43 4   0 0   1 1   2 2   3 3
34 60 4   0 0   1 1   2 2   3 3
35 64 4   0 0   1 1   2 2   3 3
35 40 4   0 0   1 1   2 2   3 3
35 43 4   0 0   1 1   2 2   3 3
35 59 4   0 0   1 1   2 2   3 3
36 48 4   0 0   1 1   2 2   3 3
36 66 4   0 0   1 1   2 2   3 3
36 70 4   0 0   1 1   2 2   3 3
37 42 4   0 0   1 1   2 2   3 3
38 39 4   0 0   1 1   2 2   3 3
38 60 4   0 0   1 1   2 2   3 3
39 65 4   0 0   1 1   2 2   3 3
39 40 4   0 0   1 1   2 2   3 3
40 65 4   0 0   1 1   2 2   3 3
40 41 4   0 0   1 1   2 2   3 3
40 59 4   0 0   1 1   2 2   3 3
41 65 4   0 0   1 1   2 2   3 3
41 68 4   0 0   1 1   2 2   3 3
41 44 4   0 0   1 1   2 2   3 3
42 54 4   0 0   1 1   2 2   3 3
42 60 4   0 0   1 1   2 2   3 3
42 47 4   0 0   1 1   2 2   3 3
43 60 4   0 0   1 1   2 2   3 3
43 63 4   0 0   1 1   2 2   3 3
44 55 4   0 0   1 1   2 2   3 3
45 46 4   0 0   1 1   2 2   3 3
46 58 4   0 0   1 1   2 2   3 3
47 54 4   0 0   1 1   2 2   3 3
49 58 4   0 0   1 1   2 2   3 3
49 62 4   0 0   1 1   2 2   3 3
50 67 4   0 0   1 1   2 2   3 3
50 56 4   0 0   1 1   2 2   3 3
50 61 4   0 0   1 1   2 2   3 3
51 52 4   0 0   1 1   2 2   3 3
53 56 4   0 0   1 1   2 2   3 3
53 57 4   0 0   1 1   2 2   3 3
53 62 4   0 0   1 1   2 2   3 3
55 68 4   0 0   1 1   2 2   3 3
55 58 4   0 0   1 1   2 2   3 3
56 67 4   0 0   1 1   2 2   3 3
56 62 4   0 0   1 1   2 2   3 3
57 62 4   0 0   1 1   2 2   3 3
59 64 4   0 0   1 1   2 2   3 3
60 63 4   0 0   1 1   2 2   3 3
61 67 4   0 0   1 1   2 2   3 3
61 69 4   0 0   1 1   2 2   3 3
65 68 4   0 0   1 1   2 2   3 3
66 69 4   0 0   1 1   2 2   3 3
66 70 4   0 0   1 1   2 2   3 3
69 70 4   0 0   1 1   2 2   3 3
