84
1 4 0 1 2 3
2 4 0 1 2 3
3 4 0 1 2 3
4 4 0 1 2 3
5 4 0 1 2 3
6 4 0 1 2 3
7 4 0 1 2 3
8 4 0 1 2 3
9 4 0 1 2 3
10 4 0 1 2 3
11 4 0 1 2 3
12 4 0 1 2 3
13 4 0 1 2 3
14 4 0 1 2 3
15 4 0 1 2 3
16 4 0 1 2 3
17 4 0 1 2 3
18 4 0 1 2 3
19 4 0 1 2 3
20 4 0 1 2 3
21 4 0 1 2 3
22 4 0 1 2 3
23 4 0 1 2 3
24 4 0 1 2 3
25 4 0 1 2 3
26 4 0 1 2 3
27 4 0 1 2 3
28 4 0 1 2 3
29 4 0 1 2 3
30 4 0 1 2 3
31 4 0 1 2 3
32 4 0 1 2 3
33 4 0 1 2 3
34 4 0 1 2 3
35 4 0 1 2 3
36 4 0 1 2 3
37 4 0 1 2 3
38 4 0 1 2 3
39 4 0 1 2 3
40 4 0 1 2 3
41 4 0 1 2 3
42 4 0 1 2 3
43 4 0 1 2 3
44 4 0 1 2 3
45 4 0 1 2 3
46 4 0 1 2 3
47 4 0 1 2 3
48 4 0 1 2 3
49 4 0 1 2 3
50 4 0 1 2 3
51 4 0 1 2 3
52 4 0 1 2 3
53 4 0 1 2 3
54 4 0 1 2 3
55 4 0 1 2 3
56 4 0 1 2 3
57 4 0 1 2 3
58 4 0 1 2 3
59 4 0 1 2 3
60 4 0 1 2 3
61 4 0 1 2 3
62 4 0 1 2 3
63 4 0 1 2 3
64 4 0 1 2 3
65 4 0 1 2 3
66 4 0 1 2 3
67 4 0 1 2 3
68 4 0 1 2 3
69 4 0 1 2 3
70 4 0 1 2 3
71 4 0 1 2 3
72 4 0 1 2 3
73 4 0 1 2 3
74 4 0 1 2 3
75 4 0 1 2 3
76 4 0 1 2 3
77 4 0 1 2 3
78 4 0 1 2 3
79 4 0 1 2 3
80 4 0 1 2 3
81 4 0 1 2 3
82 4 0 1 2 3
83 4 0 1 2 3
84 4 0 1 2 3
227
1 19 4   0 0   1 1   2 2   3 3
1 20 4   0 0   1 1   2 2   3 3
1 59 4   0 0   1 1   2 2   3 3
1 31 4   0 0   1 1   2 2   3 3
2 64 4   0 0   1 1   2 2   3 3
2 83 4   0 0   1 1   2 2   3 3
2 4 4   0 0   1 1   2 2   3 3
2 5 4   0 0   1 1   2 2   3 3
2 57 4   0 0   1 1   2 2   3 3
2 29 4   0 0   1 1   2 2   3 3
3 4 4   0 0   1 1   2 2   3 3
3 6 4   0 0   1 1   2 2   3 3
3 44 4   0 0   1 1   2 2   3 3
4 5 4   0 0   1 1   2 2   3 3
4 6 4   0 0   1 1   2 2   3 3
4 7 4   0 0   1 1   2 2   3 3
4 44 4   0 0   1 1   2 2   3 3
4 29 4   0 0   1 1   2 2   3 3
5 80 4   0 0   1 1   2 2   3 3
5 83 4   0 0   1 1   2 2   3 3
5 7 4   0 0   1 1   2 2   3 3
5 28 4   0 0   1 1   2 2   3 3
6 71 4   0 0   1 1   2 2   3 3
6 55 4   0 0   1 1   2 2   3 3
6 56 4   0 0   1 1   2 2   3 3
6 29 4   0 0   1 1   2 2   3 3
7 9 4   0 0   1 1   2 2   3 3
7 44 4   0 0   1 1   2 2   3 3
7 28 4   0 0   1 1   2 2   3 3
8 36 4   0 0   1 1   2 2   3 3
8 84 4   0 0   1 1   2 2   3 3
8 37 4   0 0   1 1   2 2   3 3
8 23 4   0 0   1 1   2 2   3 3
8 41 4   0 0   1 1   2 2   3 3
8 10 4   0 0   1 1   2 2   3 3
8 76 4   0 0   1 1   2 2   3 3
8 77 4   0 0   1 1   2 2   3 3
9 35 4   0 0   1 1   2 2   3 3
9 28 4   0 0   1 1   2 2   3 3
10 36 4   0 0   1 1   2 2   3 3
10 23 4   0 0   1 1   2 2   3 3
10 15 4   0 0   1 1   2 2   3 3
11 32 4   0 0   1 1   2 2   3 3
11 81 4   0 0   1 1   2 2   3 3
11 69 4   0 0   1 1   2 2   3 3
11 75 4   0 0   1 1   2 2   3 3
12 81 4   0 0   1 1   2 2   3 3
12 18 4   0 0   1 1   2 2   3 3
12 53 4   0 0   1 1   2 2   3 3
12 40 4   0 0   1 1   2 2   3 3
12 75 4   0 0   1 1   2 2   3 3
13 64 4   0 0   1 1   2 2   3 3
13 80 4   0 0   1 1   2 2   3 3
13 67 4   0 0   1 1   2 2   3 3
13 83 4   0 0   1 1   2 2   3 3
13 25 4   0 0   1 1   2 2   3 3
13 60 4   0 0   1 1   2 2   3 3
13 61 4   0 0   1 1   2 2   3 3
14 64 4   0 0   1 1   2 2   3 3
14 51 4   0 0   1 1   2 2   3 3
14 71 4   0 0   1 1   2 2   3 3
14 55 4   0 0   1 1   2 2   3 3
14 24 4   0 0   1 1   2 2   3 3
14 57 4   0 0   1 1   2 2   3 3
14 43 4   0 0   1 1   2 2   3 3
14 61 4   0 0   1 1   2 2   3 3
15 36 4   0 0   1 1   2 2   3 3
15 23 4   0 0   1 1   2 2   3 3
15 72 4   0 0   1 1   2 2   3 3
16 66 4   0 0   1 1   2 2   3 3
16 35 4   0 0   1 1   2 2   3 3
16 73 4   0 0   1 1   2 2   3 3
16 62 4   0 0   1 1   2 2   3 3
17 68 4   0 0   1 1   2 2   3 3
17 38 4   0 0   1 1   2 2   3 3
17 27 4   0 0   1 1   2 2   3 3
17 79 4   0 0   1 1   2 2   3 3
18 65 4   0 0   1 1   2 2   3 3
18 68 4   0 0   1 1   2 2   3 3
18 69 4   0 0   1 1   2 2   3 3
18 40 4   0 0   1 1   2 2   3 3
18 75 4   0 0   1 1   2 2   3 3
19 33 4   0 0   1 1   2 2   3 3
19 20 4   0 0   1 1   2 2   3 3
19 21 4   0 0   1 1   2 2   3 3
19 59 4   0 0   1 1   2 2   3 3
19 45 4   0 0   1 1   2 2   3 3
19 78 4   0 0   1 1   2 2   3 3
20 33 4   0 0   1 1   2 2   3 3
20 52 4   0 0   1 1   2 2   3 3
20 30 4   0 0   1 1   2 2   3 3
21 48 4   0 0   1 1   2 2   3 3
21 33 4   0 0   1 1   2 2   3 3
21 78 4   0 0   1 1   2 2   3 3
21 79 4   0 0   1 1   2 2   3 3
22 81 4   0 0   1 1   2 2   3 3
22 51 4   0 0   1 1   2 2   3 3
22 53 4   0 0   1 1   2 2   3 3
22 39 4   0 0   1 1   2 2   3 3
22 55 4   0 0   1 1   2 2   3 3
22 40 4   0 0   1 1   2 2   3 3
22 43 4   0 0   1 1   2 2   3 3
22 47 4   0 0   1 1   2 2   3 3
23 84 4   0 0   1 1   2 2   3 3
24 51 4   0 0   1 1   2 2   3 3
24 39 4   0 0   1 1   2 2   3 3
24 42 4   0 0   1 1   2 2   3 3
24 61 4   0 0   1 1   2 2   3 3
24 47 4   0 0   1 1   2 2   3 3
25 67 4   0 0   1 1   2 2   3 3
25 37 4   0 0   1 1   2 2   3 3
25 60 4   0 0   1 1   2 2   3 3
25 76 4   0 0   1 1   2 2   3 3
26 34 4   0 0   1 1   2 2   3 3
26 82 4   0 0   1 1   2 2   3 3
26 45 4   0 0   1 1   2 2   3 3
26 78 4   0 0   1 1   2 2   3 3
26 31 4   0 0   1 1   2 2   3 3
27 49 4   0 0   1 1   2 2   3 3
27 68 4   0 0   1 1   2 2   3 3
27 38 4   0 0   1 1   2 2   3 3
27 70 4   0 0   1 1   2 2   3 3
28 80 4   0 0   1 1   2 2   3 3
28 35 4   0 0   1 1   2 2   3 3
28 73 4   0 0   1 1   2 2   3 3
29 56 4   0 0   1 1   2 2   3 3
29 57 4   0 0   1 1   2 2   3 3
30 32 4   0 0   1 1   2 2   3 3
30 48 4   0 0   1 1   2 2   3 3
30 33 4   0 0   1 1   2 2   3 3
30 52 4   0 0   1 1   2 2   3 3
30 69 4   0 0   1 1   2 2   3 3
31 34 4   0 0   1 1   2 2   3 3
31 54 4   0 0   1 1   2 2   3 3
31 59 4   0 0   1 1   2 2   3 3
31 45 4   0 0   1 1   2 2   3 3
32 52 4   0 0   1 1   2 2   3 3
32 69 4   0 0   1 1   2 2   3 3
33 48 4   0 0   1 1   2 2   3 3
34 82 4   0 0   1 1   2 2   3 3
34 54 4   0 0   1 1   2 2   3 3
34 41 4   0 0   1 1   2 2   3 3
34 58 4   0 0   1 1   2 2   3 3
34 46 4   0 0   1 1   2 2   3 3
35 66 4   0 0   1 1   2 2   3 3
35 84 4   0 0   1 1   2 2   3 3
35 73 4   0 0   1 1   2 2   3 3
36 72 4   0 0   1 1   2 2   3 3
36 41 4   0 0   1 1   2 2   3 3
36 74 4   0 0   1 1   2 2   3 3
36 58 4   0 0   1 1   2 2   3 3
37 38 4   0 0   1 1   2 2   3 3
37 41 4   0 0   1 1   2 2   3 3
37 60 4   0 0   1 1   2 2   3 3
37 76 4   0 0   1 1   2 2   3 3
37 46 4   0 0   1 1   2 2   3 3
38 49 4   0 0   1 1   2 2   3 3
38 60 4   0 0   1 1   2 2   3 3
38 46 4   0 0   1 1   2 2   3 3
38 79 4   0 0   1 1   2 2   3 3
39 68 4   0 0   1 1   2 2   3 3
39 40 4   0 0   1 1   2 2   3 3
39 42 4   0 0   1 1   2 2   3 3
39 47 4   0 0   1 1   2 2   3 3
40 68 4   0 0   1 1   2 2   3 3
40 53 4   0 0   1 1   2 2   3 3
41 58 4   0 0   1 1   2 2   3 3
41 46 4   0 0   1 1   2 2   3 3
42 68 4   0 0   1 1   2 2   3 3
42 70 4   0 0   1 1   2 2   3 3
42 61 4   0 0   1 1   2 2   3 3
43 51 4   0 0   1 1   2 2   3 3
43 55 4   0 0   1 1   2 2   3 3
45 59 4   0 0   1 1   2 2   3 3
45 78 4   0 0   1 1   2 2   3 3
46 82 4   0 0   1 1   2 2   3 3
46 78 4   0 0   1 1   2 2   3 3
46 79 4   0 0   1 1   2 2   3 3
47 51 4   0 0   1 1   2 2   3 3
48 65 4   0 0   1 1   2 2   3 3
48 69 4   0 0   1 1   2 2   3 3
48 79 4   0 0   1 1   2 2   3 3
49 70 4   0 0   1 1   2 2   3 3
49 60 4   0 0   1 1   2 2   3 3
50 80 4   0 0   1 1   2 2   3 3
50 67 4   0 0   1 1   2 2   3 3
50 73 4   0 0   1 1   2 2   3 3
50 76 4   0 0   1 1   2 2   3 3
50 77 4   0 0   1 1   2 2   3 3
50 62 4   0 0   1 1   2 2   3 3
53 81 4   0 0   1 1   2 2   3 3
54 58 4   0 0   1 1   2 2   3 3
54 63 4   0 0   1 1   2 2   3 3
55 71 4   0 0   1 1   2 2   3 3
56 71 4   0 0   1 1   2 2   3 3
56 57 4   0 0   1 1   2 2   3 3
57 64 4   0 0   1 1   2 2   3 3
57 71 4   0 0   1 1   2 2   3 3
58 74 4   0 0   1 1   2 2   3 3
58 63 4   0 0   1 1   2 2   3 3
60 70 4   0 0   1 1   2 2   3 3
60 61 4   0 0   1 1   2 2   3 3
61 64 4   0 0   1 1   2 2   3 3
61 70 4   0 0   1 1   2 2   3 3
62 66 4   0 0   1 1   2 2   3 3
62 84 4   0 0   1 1   2 2   3 3
62 73 4   0 0   1 1   2 2   3 3
62 77 4   0 0   1 1   2 2   3 3
63 74 4   0 0   1 1   2 2   3 3
64 83 4   0 0   1 1   2 2   3 3
65 68 4   0 0   1 1   2 2   3 3
65 69 4   0 0   1 1   2 2   3 3
65 79 4   0 0   1 1   2 2   3 3
66 84 4   0 0   1 1   2 2   3 3
67 80 4   0 0   1 1   2 2   3 3
67 76 4   0 0   1 1   2 2   3 3
68 70 4   0 0   1 1   2 2   3 3
68 79 4   0 0   1 1   2 2   3 3
69 75 4   0 0   1 1   2 2   3 3
72 74 4   0 0   1 1   2 2   3 3
73 80 4   0 0   1 1   2 2   3 3
75 81 4   0 0   1 1   2 2   3 3
76 77 4   0 0   1 1   2 2   3 3
77 84 4   0 0   1 1   2 2   3 3
78 82 4   0 0   1 1   2 2   3 3
78 79 4   0 0   1 1   2 2   3 3
80 83 4   0 0   1 1   2 2   3 3
