88
1 4 0 1 2 3
2 4 0 1 2 3
3 4 0 1 2 3
4 4 0 1 2 3
5 4 0 1 2 3
6 4 0 1 2 3
7 4 0 1 2 3
8 4 0 1 2 3
9 4 0 1 2 3
10 4 0 1 2 3
11 4 0 1 2 3
12 4 0 1 2 3
13 4 0 1 2 3
14 4 0 1 2 3
15 4 0 1 2 3
16 4 0 1 2 3
17 4 0 1 2 3
18 4 0 1 2 3
19 4 0 1 2 3
20 4 0 1 2 3
21 4 0 1 2 3
22 4 0 1 2 3
23 4 0 1 2 3
24 4 0 1 2 3
25 4 0 1 2 3
26 4 0 1 2 3
27 4 0 1 2 3
28 4 0 1 2 3
29 4 0 1 2 3
30 4 0 1 2 3
31 4 0 1 2 3
32 4 0 1 2 3
33 4 0 1 2 3
34 4 0 1 2 3
35 4 0 1 2 3
36 4 0 1 2 3
37 4 0 1 2 3
38 4 0 1 2 3
39 4 0 1 2 3
40 4 0 1 2 3
41 4 0 1 2 3
42 4 0 1 2 3
43 4 0 1 2 3
44 4 0 1 2 3
45 4 0 1 2 3
46 4 0 1 2 3
47 4 0 1 2 3
48 4 0 1 2 3
49 4 0 1 2 3
50 4 0 1 2 3
51 4 0 1 2 3
52 4 0 1 2 3
53 4 0 1 2 3
54 4 0 1 2 3
55 4 0 1 2 3
56 4 0 1 2 3
57 4 0 1 2 3
58 4 0 1 2 3
59 4 0 1 2 3
60 4 0 1 2 3
61 4 0 1 2 3
62 4 0 1 2 3
63 4 0 1 2 3
64 4 0 1 2 3
65 4 0 1 2 3
66 4 0 1 2 3
67 4 0 1 2 3
68 4 0 1 2 3
69 4 0 1 2 3
70 4 0 1 2 3
71 4 0 1 2 3
72 4 0 1 2 3
73 4 0 1 2 3
74 4 0 1 2 3
75 4 0 1 2 3
76 4 0 1 2 3
77 4 0 1 2 3
78 4 0 1 2 3
79 4 0 1 2 3
80 4 0 1 2 3
81 4 0 1 2 3
82 4 0 1 2 3
83 4 0 1 2 3
84 4 0 1 2 3
85 4 0 1 2 3
86 4 0 1 2 3
87 4 0 1 2 3
88 4 0 1 2 3
233
1 81 4   0 0   1 1   2 2   3 3
1 38 4   0 0   1 1   2 2   3 3
1 71 4   0 0   1 1   2 2   3 3
1 42 4   0 0   1 1   2 2   3 3
1 60 4   0 0   1 1   2 2   3 3
1 62 4   0 0   1 1   2 2   3 3
2 48 4   0 0   1 1   2 2   3 3
2 65 4   0 0   1 1   2 2   3 3
2 27 4   0 0   1 1   2 2   3 3
2 13 4   0 0   1 1   2 2   3 3
3 64 4   0 0   1 1   2 2   3 3
3 65 4   0 0   1 1   2 2   3 3
3 8 4   0 0   1 1   2 2   3 3
3 47 4   0 0   1 1   2 2   3 3
4 17 4   0 0   1 1   2 2   3 3
4 20 4   0 0   1 1   2 2   3 3
4 6 4   0 0   1 1   2 2   3 3
4 58 4   0 0   1 1   2 2   3 3
4 77 4   0 0   1 1   2 2   3 3
4 78 4   0 0   1 1   2 2   3 3
5 32 4   0 0   1 1   2 2   3 3
5 34 4   0 0   1 1   2 2   3 3
5 83 4   0 0   1 1   2 2   3 3
5 85 4   0 0   1 1   2 2   3 3
5 69 4   0 0   1 1   2 2   3 3
5 7 4   0 0   1 1   2 2   3 3
5 23 4   0 0   1 1   2 2   3 3
5 77 4   0 0   1 1   2 2   3 3
5 29 4   0 0   1 1   2 2   3 3
5 31 4   0 0   1 1   2 2   3 3
6 17 4   0 0   1 1   2 2   3 3
6 35 4   0 0   1 1   2 2   3 3
6 52 4   0 0   1 1   2 2   3 3
6 20 4   0 0   1 1   2 2   3 3
6 61 4   0 0   1 1   2 2   3 3
7 21 4   0 0   1 1   2 2   3 3
7 58 4   0 0   1 1   2 2   3 3
7 77 4   0 0   1 1   2 2   3 3
7 29 4   0 0   1 1   2 2   3 3
8 64 4   0 0   1 1   2 2   3 3
8 65 4   0 0   1 1   2 2   3 3
8 18 4   0 0   1 1   2 2   3 3
8 37 4   0 0   1 1   2 2   3 3
8 54 4   0 0   1 1   2 2   3 3
9 16 4   0 0   1 1   2 2   3 3
9 17 4   0 0   1 1   2 2   3 3
9 82 4   0 0   1 1   2 2   3 3
10 85 4   0 0   1 1   2 2   3 3
10 56 4   0 0   1 1   2 2   3 3
10 57 4   0 0   1 1   2 2   3 3
10 43 4   0 0   1 1   2 2   3 3
10 28 4   0 0   1 1   2 2   3 3
11 50 4   0 0   1 1   2 2   3 3
11 19 4   0 0   1 1   2 2   3 3
11 52 4   0 0   1 1   2 2   3 3
11 22 4   0 0   1 1   2 2   3 3
11 40 4   0 0   1 1   2 2   3 3
11 44 4   0 0   1 1   2 2   3 3
12 60 4   0 0   1 1   2 2   3 3
12 79 4   0 0   1 1   2 2   3 3
13 84 4   0 0   1 1   2 2   3 3
13 73 4   0 0   1 1   2 2   3 3
13 27 4   0 0   1 1   2 2   3 3
14 36 4   0 0   1 1   2 2   3 3
14 69 4   0 0   1 1   2 2   3 3
14 87 4   0 0   1 1   2 2   3 3
14 76 4   0 0   1 1   2 2   3 3
15 48 4   0 0   1 1   2 2   3 3
15 18 4   0 0   1 1   2 2   3 3
15 54 4   0 0   1 1   2 2   3 3
15 57 4   0 0   1 1   2 2   3 3
16 82 4   0 0   1 1   2 2   3 3
16 21 4   0 0   1 1   2 2   3 3
16 74 4   0 0   1 1   2 2   3 3
17 82 4   0 0   1 1   2 2   3 3
17 58 4   0 0   1 1   2 2   3 3
17 61 4   0 0   1 1   2 2   3 3
18 37 4   0 0   1 1   2 2   3 3
18 72 4   0 0   1 1   2 2   3 3
18 57 4   0 0   1 1   2 2   3 3
19 84 4   0 0   1 1   2 2   3 3
19 40 4   0 0   1 1   2 2   3 3
19 88 4   0 0   1 1   2 2   3 3
19 26 4   0 0   1 1   2 2   3 3
19 44 4   0 0   1 1   2 2   3 3
20 52 4   0 0   1 1   2 2   3 3
20 22 4   0 0   1 1   2 2   3 3
20 56 4   0 0   1 1   2 2   3 3
20 78 4   0 0   1 1   2 2   3 3
21 82 4   0 0   1 1   2 2   3 3
21 74 4   0 0   1 1   2 2   3 3
21 58 4   0 0   1 1   2 2   3 3
21 29 4   0 0   1 1   2 2   3 3
22 50 4   0 0   1 1   2 2   3 3
22 52 4   0 0   1 1   2 2   3 3
22 56 4   0 0   1 1   2 2   3 3
23 83 4   0 0   1 1   2 2   3 3
23 69 4   0 0   1 1   2 2   3 3
23 53 4   0 0   1 1   2 2   3 3
24 35 4   0 0   1 1   2 2   3 3
24 25 4   0 0   1 1   2 2   3 3
24 61 4   0 0   1 1   2 2   3 3
25 33 4   0 0   1 1   2 2   3 3
25 35 4   0 0   1 1   2 2   3 3
25 75 4   0 0   1 1   2 2   3 3
25 45 4   0 0   1 1   2 2   3 3
26 48 4   0 0   1 1   2 2   3 3
26 40 4   0 0   1 1   2 2   3 3
26 88 4   0 0   1 1   2 2   3 3
26 27 4   0 0   1 1   2 2   3 3
27 48 4   0 0   1 1   2 2   3 3
27 88 4   0 0   1 1   2 2   3 3
27 73 4   0 0   1 1   2 2   3 3
28 34 4   0 0   1 1   2 2   3 3
28 85 4   0 0   1 1   2 2   3 3
28 70 4   0 0   1 1   2 2   3 3
28 72 4   0 0   1 1   2 2   3 3
28 57 4   0 0   1 1   2 2   3 3
29 32 4   0 0   1 1   2 2   3 3
29 74 4   0 0   1 1   2 2   3 3
30 80 4   0 0   1 1   2 2   3 3
30 81 4   0 0   1 1   2 2   3 3
30 70 4   0 0   1 1   2 2   3 3
30 38 4   0 0   1 1   2 2   3 3
31 85 4   0 0   1 1   2 2   3 3
31 41 4   0 0   1 1   2 2   3 3
31 77 4   0 0   1 1   2 2   3 3
32 69 4   0 0   1 1   2 2   3 3
32 74 4   0 0   1 1   2 2   3 3
32 59 4   0 0   1 1   2 2   3 3
32 76 4   0 0   1 1   2 2   3 3
33 55 4   0 0   1 1   2 2   3 3
33 45 4   0 0   1 1   2 2   3 3
34 80 4   0 0   1 1   2 2   3 3
34 83 4   0 0   1 1   2 2   3 3
34 85 4   0 0   1 1   2 2   3 3
34 70 4   0 0   1 1   2 2   3 3
35 52 4   0 0   1 1   2 2   3 3
35 68 4   0 0   1 1   2 2   3 3
35 39 4   0 0   1 1   2 2   3 3
35 75 4   0 0   1 1   2 2   3 3
35 61 4   0 0   1 1   2 2   3 3
36 87 4   0 0   1 1   2 2   3 3
36 79 4   0 0   1 1   2 2   3 3
37 64 4   0 0   1 1   2 2   3 3
37 86 4   0 0   1 1   2 2   3 3
37 72 4   0 0   1 1   2 2   3 3
38 81 4   0 0   1 1   2 2   3 3
38 86 4   0 0   1 1   2 2   3 3
38 70 4   0 0   1 1   2 2   3 3
38 72 4   0 0   1 1   2 2   3 3
38 62 4   0 0   1 1   2 2   3 3
38 46 4   0 0   1 1   2 2   3 3
39 67 4   0 0   1 1   2 2   3 3
39 68 4   0 0   1 1   2 2   3 3
39 55 4   0 0   1 1   2 2   3 3
39 75 4   0 0   1 1   2 2   3 3
39 45 4   0 0   1 1   2 2   3 3
40 48 4   0 0   1 1   2 2   3 3
40 50 4   0 0   1 1   2 2   3 3
40 56 4   0 0   1 1   2 2   3 3
40 57 4   0 0   1 1   2 2   3 3
41 85 4   0 0   1 1   2 2   3 3
41 43 4   0 0   1 1   2 2   3 3
41 77 4   0 0   1 1   2 2   3 3
41 78 4   0 0   1 1   2 2   3 3
42 81 4   0 0   1 1   2 2   3 3
42 66 4   0 0   1 1   2 2   3 3
42 60 4   0 0   1 1   2 2   3 3
42 63 4   0 0   1 1   2 2   3 3
43 85 4   0 0   1 1   2 2   3 3
43 56 4   0 0   1 1   2 2   3 3
43 78 4   0 0   1 1   2 2   3 3
44 67 4   0 0   1 1   2 2   3 3
44 68 4   0 0   1 1   2 2   3 3
44 52 4   0 0   1 1   2 2   3 3
44 84 4   0 0   1 1   2 2   3 3
45 55 4   0 0   1 1   2 2   3 3
45 75 4   0 0   1 1   2 2   3 3
46 64 4   0 0   1 1   2 2   3 3
46 51 4   0 0   1 1   2 2   3 3
46 86 4   0 0   1 1   2 2   3 3
46 62 4   0 0   1 1   2 2   3 3
46 47 4   0 0   1 1   2 2   3 3
47 64 4   0 0   1 1   2 2   3 3
47 51 4   0 0   1 1   2 2   3 3
48 65 4   0 0   1 1   2 2   3 3
48 54 4   0 0   1 1   2 2   3 3
48 57 4   0 0   1 1   2 2   3 3
49 66 4   0 0   1 1   2 2   3 3
49 69 4   0 0   1 1   2 2   3 3
49 87 4   0 0   1 1   2 2   3 3
50 56 4   0 0   1 1   2 2   3 3
52 68 4   0 0   1 1   2 2   3 3
53 66 4   0 0   1 1   2 2   3 3
53 83 4   0 0   1 1   2 2   3 3
53 69 4   0 0   1 1   2 2   3 3
53 63 4   0 0   1 1   2 2   3 3
54 65 4   0 0   1 1   2 2   3 3
55 67 4   0 0   1 1   2 2   3 3
55 84 4   0 0   1 1   2 2   3 3
56 57 4   0 0   1 1   2 2   3 3
56 78 4   0 0   1 1   2 2   3 3
57 72 4   0 0   1 1   2 2   3 3
58 82 4   0 0   1 1   2 2   3 3
58 77 4   0 0   1 1   2 2   3 3
59 74 4   0 0   1 1   2 2   3 3
59 76 4   0 0   1 1   2 2   3 3
60 66 4   0 0   1 1   2 2   3 3
60 79 4   0 0   1 1   2 2   3 3
62 71 4   0 0   1 1   2 2   3 3
63 80 4   0 0   1 1   2 2   3 3
63 81 4   0 0   1 1   2 2   3 3
63 66 4   0 0   1 1   2 2   3 3
63 83 4   0 0   1 1   2 2   3 3
64 86 4   0 0   1 1   2 2   3 3
66 69 4   0 0   1 1   2 2   3 3
66 87 4   0 0   1 1   2 2   3 3
66 79 4   0 0   1 1   2 2   3 3
67 68 4   0 0   1 1   2 2   3 3
67 84 4   0 0   1 1   2 2   3 3
69 87 4   0 0   1 1   2 2   3 3
69 76 4   0 0   1 1   2 2   3 3
70 80 4   0 0   1 1   2 2   3 3
70 72 4   0 0   1 1   2 2   3 3
72 86 4   0 0   1 1   2 2   3 3
73 84 4   0 0   1 1   2 2   3 3
73 88 4   0 0   1 1   2 2   3 3
77 78 4   0 0   1 1   2 2   3 3
79 87 4   0 0   1 1   2 2   3 3
80 81 4   0 0   1 1   2 2   3 3
80 83 4   0 0   1 1   2 2   3 3
84 88 4   0 0   1 1   2 2   3 3
