1,1,2,1,4.0,0.0,33949
1,1,2,2,4.0,4.0,41054
1,1,2,3,4.0,8.0,81320
1,1,2,4,4.0,8.0,86057
1,1,2,5,4.0,11.2,62372
1,1,2,6,4.0,12.0,95531
1,1,2,7,4.0,13.714285714285714,38686
1,1,2,8,4.0,14.0,45002
1,1,2,9,4.0,13.333333333333334,41450
1,1,2,10,4.0,14.4,45397
1,1,2,11,4.0,15.272727272727273,54871
1,1,2,12,4.0,16.666666666666668,43028
1,1,2,13,4.0,15.384615384615385,50134
1,1,2,14,4.0,16.0,49344
1,1,2,15,4.0,16.0,58424
1,1,2,16,4.0,16.5,56056
1,1,2,17,4.0,17.88235294117647,44212
1,1,2,18,4.0,18.22222222222222,47370
1,1,2,19,4.0,17.68421052631579,49345
1,1,2,20,4.0,16.4,50528
1,1,2,21,4.0,17.523809523809526,55266
1,1,2,22,4.0,18.545454545454547,59608
1,1,2,23,4.0,18.782608695652176,60793
1,1,2,24,4.0,18.333333333333332,71056
1,1,2,25,4.0,17.6,67109
1,1,2,26,4.0,17.53846153846154,71846
1,1,2,27,4.0,17.77777777777778,67109
1,1,2,28,4.0,19.142857142857142,71450
1,1,2,29,4.0,19.03448275862069,108558
1,1,2,30,4.0,19.466666666666665,75793
1,1,2,31,4.0,19.612903225806452,80925
1,1,2,32,4.0,18.75,82899
1,1,2,33,4.0,18.90909090909091,85267
1,1,2,34,4.0,19.058823529411764,88820
1,1,2,35,4.0,19.2,92768
1,1,2,36,4.0,19.333333333333332,97900
1,1,2,37,4.0,19.675675675675677,108953
1,1,2,38,4.0,18.94736842105263,194614
1,1,2,39,4.0,19.487179487179485,107374
1,1,2,40,4.0,19.6,106584
1,1,2,41,4.0,19.902439024390244,158297
1,1,2,42,4.0,19.047619047619047,117637
1,1,2,43,4.0,20.46511627906977,121979
1,1,2,44,4.0,20.0,136585
1,1,2,45,4.0,19.91111111111111,127111
1,1,2,46,4.0,19.652173913043477,144481
1,1,2,47,4.0,19.404255319148938,145270
1,1,2,48,4.0,19.5,134611
1,1,2,49,4.0,20.408163265306122,141717
1,1,2,50,4.0,20.32,149218
1,1,2,51,4.0,19.92156862745098,147244
1,1,2,52,4.0,20.307692307692307,187509
1,1,2,53,4.0,19.169811320754718,157113
1,1,2,54,4.0,20.14814814814815,170929
1,1,2,55,4.0,20.21818181818182,161455
1,1,2,56,4.0,20.142857142857142,159876
1,1,2,57,4.0,20.771929824561404,176456
1,1,2,58,4.0,20.689655172413794,277119
1,1,2,59,4.0,19.52542372881356,176851
1,1,2,60,4.0,20.0,181193
1,1,2,61,4.0,20.459016393442624,182378
1,1,2,62,4.0,19.870967741935484,189089
1,1,2,63,4.0,20.952380952380953,189088
1,1,2,64,4.0,20.25,198167
1,1,2,65,4.0,20.8,206852
1,1,2,66,4.0,20.363636363636363,217905
1,1,2,67,4.0,20.17910447761194,208826
1,1,2,68,4.0,20.470588235294116,219879
1,1,2,69,4.0,21.10144927536232,223827
1,1,2,70,4.0,20.685714285714287,229749
1,1,2,71,4.0,20.056338028169016,244354
1,1,2,72,4.0,21.0,233696
1,1,2,73,4.0,20.931506849315067,244749
1,1,2,74,4.0,20.54054054054054,295673
1,1,2,75,4.0,20.16,253828
1,1,2,76,4.0,21.05263157894737,255013
1,1,2,77,4.0,21.09090909090909,254617
1,1,2,78,4.0,20.71794871794872,315411
1,1,2,79,4.0,20.962025316455698,284224
1,1,2,80,4.0,20.8,285408
1,1,2,81,4.0,20.938271604938272,289357
1,1,2,82,4.0,20.682926829268293,337122
1,1,2,83,4.0,21.012048192771083,329621
1,1,2,84,4.0,20.761904761904763,288567
1,1,2,85,4.0,21.36470588235294,331990
1,1,2,86,4.0,20.651162790697676,292120
1,1,2,87,4.0,20.689655172413794,290541
1,1,2,88,4.0,21.272727272727273,348570
1,1,2,89,4.0,21.03370786516854,354886
1,1,2,90,4.0,21.066666666666666,349360
1,1,2,91,4.0,21.274725274725274,323305
1,1,2,92,4.0,20.608695652173914,322516
1,1,2,93,4.0,20.989247311827956,387650
1,1,2,94,4.0,21.106382978723403,355675
1,1,2,95,4.0,21.305263157894736,348965
1,1,2,96,4.0,20.916666666666668,366334
1,1,2,97,4.0,21.36082474226804,378966
1,1,2,98,4.0,21.06122448979592,361597
1,1,2,99,4.0,21.333333333333332,384098
1,1,2,100,4.0,21.6,390414
1,1,2,101,4.0,20.91089108910891,389625
1,1,2,102,4.0,21.333333333333332,376597
1,1,2,103,4.0,21.359223300970875,403441
1,1,2,104,4.0,21.153846153846153,418047
1,1,2,105,4.0,21.333333333333332,640294
1,1,2,106,4.0,21.735849056603772,439364
1,1,2,107,4.0,21.30841121495327,447258
1,1,2,108,4.0,21.333333333333332,464233
1,1,2,109,4.0,21.431192660550458,452390
1,1,2,110,4.0,21.454545454545453,436995
1,1,2,111,4.0,21.693693693693692,472128
1,1,2,112,4.0,21.571428571428573,440548
1,1,2,113,4.0,21.309734513274336,485550
1,1,2,114,4.0,21.19298245614035,480813
1,1,2,115,4.0,21.286956521739132,428706
1,1,2,116,4.0,21.17241379310345,474892
1,1,2,117,4.0,21.333333333333332,558975
1,1,2,118,4.0,21.83050847457627,9160318
1,1,2,119,4.0,21.10924369747899,485155
1,1,2,120,4.0,21.466666666666665,517921
1,1,2,121,4.0,21.289256198347108,2815796
1,1,2,122,4.0,21.508196721311474,493840
1,1,2,123,4.0,21.398373983739837,494234
1,1,2,124,4.0,21.419354838709676,517920
1,1,2,125,4.0,21.248,568449
1,1,2,126,4.0,21.77777777777778,590160
1,1,2,127,4.0,21.606299212598426,617399
1,1,2,128,4.0,21.5625,546737
1,1,2,129,4.0,21.3953488372093,10005886
1,1,2,130,4.0,21.476923076923075,581871
1,1,2,131,4.0,21.557251908396946,564897
1,1,2,132,4.0,21.818181818181817,550685
1,1,2,133,4.0,21.593984962406015,514763
1,1,2,134,4.0,21.791044776119403,603188
1,1,2,135,4.0,21.68888888888889,564502
1,1,2,136,4.0,21.352941176470587,603582
1,1,2,137,4.0,21.664233576642335,550684
1,1,2,138,4.0,21.91304347826087,570028
1,1,2,139,4.0,21.755395683453237,562922
1,1,2,140,4.0,22.17142857142857,704506418
1,1,2,141,4.0,21.390070921985817,1132161
1,1,2,142,4.0,21.859154929577464,701087
1,1,2,143,4.0,21.65034965034965,662401
1,1,2,144,4.0,21.61111111111111,666349
1,1,2,145,4.0,21.682758620689654,974258
1,1,2,146,4.0,22.08219178082192,909913
1,1,2,147,4.0,21.931972789115648,680165
1,1,2,148,4.0,21.513513513513512,1175584
1,1,2,149,4.0,21.74496644295302,1284931
1,1,2,150,4.0,22.08,2991463
1,1,2,151,4.0,21.66887417218543,761879
1,1,2,152,4.0,21.894736842105264,689244
1,1,2,153,4.0,21.437908496732025,3445827
1,1,2,154,4.0,21.818181818181817,3186693241
1,1,2,1,4.0,0.0,2369
1,1,2,2,4.0,4.0,6711
1,1,2,3,4.0,8.0,9475
1,1,2,4,4.0,10.0,8685
1,1,2,5,4.0,11.2,13027
1,1,2,6,4.0,13.333333333333334,14211
1,1,2,7,4.0,13.714285714285714,16580
1,1,2,8,4.0,14.0,18554
1,1,2,9,4.0,15.11111111111111,39870
1,1,2,10,4.0,15.2,22106
1,1,2,11,4.0,14.545454545454545,24870
1,1,2,12,4.0,14.666666666666666,26843
1,1,2,13,4.0,15.384615384615385,29212
1,1,2,14,4.0,15.428571428571429,31580
1,1,2,15,4.0,17.066666666666666,33949
1,1,2,16,4.0,18.0,39081
1,1,2,17,4.0,16.470588235294116,40265
1,1,2,18,4.0,16.444444444444443,42633
1,1,2,19,4.0,17.263157894736842,44213
1,1,2,20,4.0,18.0,49740
1,1,2,21,4.0,17.523809523809526,50529
1,1,2,22,4.0,18.181818181818183,54476
1,1,2,23,4.0,19.130434782608695,58030
1,1,2,24,4.0,18.0,58819
1,1,2,25,4.0,17.92,86057
1,1,2,26,4.0,18.46153846153846,85662
1,1,2,27,4.0,18.666666666666668,68687
1,1,2,28,4.0,18.571428571428573,71846
1,1,2,29,4.0,19.03448275862069,74609
1,1,2,30,4.0,19.466666666666665,87241
1,1,2,31,4.0,18.838709677419356,142507
1,1,2,32,4.0,19.25,79741
1,1,2,33,4.0,18.90909090909091,86847
1,1,2,34,4.0,19.058823529411764,88030
1,1,2,35,4.0,19.428571428571427,94347
1,1,2,36,4.0,19.555555555555557,98295
1,1,2,37,4.0,20.972972972972972,99874
1,1,2,38,4.0,18.94736842105263,108557
1,1,2,39,4.0,19.692307692307693,102242
1,1,2,40,4.0,19.8,108953
1,1,2,41,4.0,19.121951219512194,111321
1,1,2,42,4.0,19.238095238095237,115663
1,1,2,43,4.0,20.093023255813954,121585
1,1,2,44,4.0,19.454545454545453,120796
1,1,2,45,4.0,20.622222222222224,141323
1,1,2,46,4.0,19.47826086956522,130664
1,1,2,47,4.0,20.25531914893617,134217
1,1,2,48,4.0,19.5,131849
1,1,2,49,4.0,19.26530612244898,140533
1,1,2,50,4.0,19.52,138954
1,1,2,51,4.0,20.392156862745097,145270
1,1,2,52,4.0,19.53846153846154,149612
1,1,2,53,4.0,20.67924528301887,153560
1,1,2,54,4.0,19.85185185185185,158692
1,1,2,55,4.0,20.654545454545456,166982
1,1,2,56,4.0,20.571428571428573,175667
1,1,2,57,4.0,19.789473684210527,166587
1,1,2,58,4.0,20.275862068965516,174088
1,1,2,59,4.0,20.74576271186441,169745
1,1,2,60,4.0,20.666666666666668,177640
1,1,2,61,4.0,20.19672131147541,178824
1,1,2,62,4.0,20.0,182772
1,1,2,63,4.0,20.952380952380953,195009
1,1,2,64,4.0,20.5,195799
1,1,2,65,4.0,20.8,188694
1,1,2,66,4.0,20.363636363636363,196194
1,1,2,67,4.0,21.01492537313433,211195
1,1,2,68,4.0,20.11764705882353,198957
1,1,2,69,4.0,20.405797101449274,206852
1,1,2,70,4.0,20.34285714285714,214353
1,1,2,71,4.0,21.070422535211268,233696
1,1,2,72,4.0,20.666666666666668,226590
1,1,2,73,4.0,19.616438356164384,214352
1,1,2,74,4.0,20.864864864864863,278697
1,1,2,75,4.0,21.013333333333332,231722
1,1,2,76,4.0,21.05263157894737,241986
1,1,2,77,4.0,20.77922077922078,2308139
1,1,2,78,4.0,20.82051282051282,241196
1,1,2,79,4.0,20.354430379746834,258171
1,1,2,80,4.0,21.1,270014
1,1,2,81,4.0,21.135802469135804,323700
1,1,2,82,4.0,20.878048780487806,260934
1,1,2,83,4.0,20.91566265060241,277514
1,1,2,84,4.0,20.38095238095238,272382
1,1,2,85,4.0,20.988235294117647,629636
1,1,2,86,4.0,21.11627906976744,318173
1,1,2,87,4.0,20.50574712643678,327647
1,1,2,88,4.0,21.454545454545453,913071
1,1,2,89,4.0,20.853932584269664,451995
1,1,2,90,4.0,20.88888888888889,386861
1,1,2,91,4.0,21.45054945054945,303568
1,1,2,92,4.0,21.130434782608695,335937
1,1,2,93,4.0,20.559139784946236,335938
1,1,2,94,4.0,20.851063829787233,335542
1,1,2,95,4.0,20.54736842105263,162432709
1,1,2,96,4.0,20.75,365150
1,1,2,97,4.0,20.948453608247423,358833
1,1,2,98,4.0,21.306122448979593,38551892
1,1,2,99,4.0,21.252525252525253,380940
1,1,2,100,4.0,21.36,462259
1,1,2,101,4.0,20.91089108910891,338307
1,1,2,102,4.0,21.568627450980394,358044
1,1,2,103,4.0,21.12621359223301,374624
1,1,2,104,4.0,21.307692307692307,357649
1,1,2,105,4.0,21.333333333333332,10471698
1,1,2,106,4.0,20.9811320754717,374229
1,1,2,107,4.0,21.1588785046729,386861
1,1,2,108,4.0,21.40740740740741,536474
1,1,2,109,4.0,21.28440366972477,376992
1,1,2,110,4.0,21.527272727272727,389624
1,1,2,111,4.0,21.117117117117118,422784
1,1,2,112,4.0,21.428571428571427,404625
1,1,2,113,4.0,21.097345132743364,449233
1,1,2,114,4.0,21.403508771929825,450023
1,1,2,115,4.0,21.217391304347824,462654
1,1,2,116,4.0,21.24137931034483,38925726
1,1,2,117,4.0,21.333333333333332,498577
1,1,2,118,4.0,21.016949152542374,438575
1,1,2,119,4.0,21.714285714285715,160064961
1,1,2,120,4.0,21.266666666666666,451207
1,1,2,121,4.0,21.75206611570248,481997
1,1,2,122,4.0,21.704918032786885,499761
1,1,2,123,4.0,21.59349593495935,3751763
1,1,2,124,4.0,21.612903225806452,448443
1,1,2,125,4.0,21.312,496998
1,1,2,126,4.0,21.58730158730159,474891
1,1,2,127,4.0,21.291338582677167,540027
1,1,2,128,4.0,21.6875,481602
1,1,2,129,4.0,21.58139534883721,582661
1,1,2,130,4.0,21.23076923076923,515552
1,1,2,131,4.0,20.946564885496183,480813
1,1,2,132,4.0,21.333333333333332,562528
1,1,2,133,4.0,21.593984962406015,557001
1,1,2,134,4.0,21.134328358208954,529368
1,1,2,135,4.0,21.866666666666667,580686
1,1,2,136,4.0,21.470588235294116,537263
1,1,2,137,4.0,21.605839416058394,588581
1,1,2,138,4.0,22.028985507246375,583844
1,1,2,139,4.0,21.640287769784173,562527
1,1,2,140,4.0,21.65714285714286,591345
1,1,2,141,4.0,21.333333333333332,573581
1,1,2,142,4.0,21.35211267605634,852674
1,1,2,143,4.0,21.93006993006993,614240
1,1,2,144,4.0,21.5,850503058
1,1,2,145,4.0,21.90344827586207,666743
1,1,2,146,4.0,21.80821917808219,822672
1,1,2,147,4.0,21.387755102040817,9873642
1,1,2,148,4.0,22.216216216216218,808066
1,1,2,149,4.0,21.63758389261745,780433
1,1,2,150,4.0,21.653333333333332,686086
1,1,2,151,4.0,21.774834437086092,808461
1,1,2,152,4.0,21.736842105263158,695955
1,1,2,153,4.0,21.856209150326798,1517443
1,1,2,154,4.0,21.61038961038961,14163853
1,1,2,155,4.0,21.574193548387097,29549476
1,1,2,156,4.0,21.743589743589745,714509
1,1,2,157,4.0,21.910828025477706,777670
1,1,2,158,4.0,22.025316455696203,1471257
1,1,2,159,4.0,21.735849056603772,922151
1,1,2,160,4.0,21.6,852673
1,1,2,161,4.0,21.664596273291924,776486
1,1,2,162,4.0,21.580246913580247,803329
1,1,2,1,4.0,0.0,1974
1,1,2,2,4.0,4.0,4342
1,1,2,3,4.0,8.0,6710
1,1,2,4,4.0,8.0,8289
1,1,2,5,4.0,11.2,11448
1,1,2,6,4.0,13.333333333333334,21317
1,1,2,7,4.0,13.714285714285714,15790
1,1,2,8,4.0,12.0,16580
1,1,2,9,4.0,16.0,21316
1,1,2,10,4.0,15.2,23291
1,1,2,11,4.0,15.272727272727273,25659
1,1,2,12,4.0,16.0,28027
1,1,2,13,4.0,14.76923076923077,29212
1,1,2,14,4.0,16.0,33159
1,1,2,15,4.0,16.533333333333335,50924
1,1,2,16,4.0,16.0,36317
1,1,2,17,4.0,16.941176470588236,39870
1,1,2,18,4.0,16.444444444444443,41450
1,1,2,19,4.0,18.526315789473685,46186
1,1,2,20,4.0,17.2,48555
1,1,2,21,4.0,17.523809523809526,50529
1,1,2,22,4.0,17.818181818181817,58819
1,1,2,23,4.0,17.73913043478261,56845
1,1,2,24,4.0,17.666666666666668,58029
1,1,2,25,4.0,17.6,60003
1,1,2,26,4.0,18.76923076923077,67108
1,1,2,27,4.0,18.962962962962962,70662
1,1,2,28,4.0,18.857142857142858,72635
1,1,2,29,4.0,18.75862068965517,76977
1,1,2,30,4.0,18.4,77372
1,1,2,31,4.0,19.096774193548388,78951
1,1,2,32,4.0,19.25,81714
1,1,2,33,4.0,18.424242424242426,146060
1,1,2,34,4.0,19.294117647058822,88426
1,1,2,35,4.0,19.2,105400
1,1,2,36,4.0,19.11111111111111,174482
1,1,2,37,4.0,19.45945945945946,185535
1,1,2,38,4.0,18.94736842105263,154745
1,1,2,39,4.0,19.487179487179485,107374
1,1,2,40,4.0,19.6,119216
1,1,2,41,4.0,19.121951219512194,113689
1,1,2,42,4.0,19.80952380952381,114084
1,1,2,43,4.0,19.72093023255814,121190
1,1,2,44,4.0,20.181818181818183,123954
1,1,2,45,4.0,20.622222222222224,143691
1,1,2,46,4.0,19.47826086956522,120006
1,1,2,47,4.0,20.085106382978722,128691
1,1,2,48,4.0,19.5,415283
1,1,2,49,4.0,20.081632653061224,138954
1,1,2,50,4.0,19.36,137770
1,1,2,51,4.0,20.07843137254902,142902
1,1,2,52,4.0,20.307692307692307,150008
1,1,2,53,4.0,20.22641509433962,154744
1,1,2,54,4.0,20.0,246723
1,1,2,55,4.0,20.072727272727274,156719
1,1,2,56,4.0,20.285714285714285,159086
1,1,2,57,4.0,19.789473684210527,163035
1,1,2,58,4.0,20.275862068965516,168561
1,1,2,59,4.0,20.338983050847457,170930
1,1,2,60,4.0,20.266666666666666,321726
1,1,2,61,4.0,20.459016393442624,178824
1,1,2,62,4.0,20.516129032258064,181982
1,1,2,63,4.0,20.444444444444443,187509
1,1,2,64,4.0,20.375,190667
1,1,2,65,4.0,20.553846153846155,189878
1,1,2,66,4.0,20.484848484848484,198562
1,1,2,67,4.0,20.65671641791045,203299
1,1,2,68,4.0,20.823529411764707,202115
1,1,2,69,4.0,20.28985507246377,213563
1,1,2,70,4.0,20.685714285714287,235275
1,1,2,71,4.0,20.507042253521128,589525381
1,1,2,72,4.0,20.444444444444443,224222
1,1,2,73,4.0,20.273972602739725,297646
1,1,2,74,4.0,21.08108108108108,512394
1,1,2,75,4.0,20.373333333333335,245933
1,1,2,76,4.0,20.63157894736842,247907
1,1,2,77,4.0,20.77922077922078,238038
1,1,2,78,4.0,20.923076923076923,260539
1,1,2,79,4.0,20.962025316455698,264092
1,1,2,80,4.0,21.0,263303
1,1,2,81,4.0,21.037037037037038,278697
1,1,2,82,4.0,20.878048780487806,306331
1,1,2,83,4.0,20.91566265060241,292514
1,1,2,84,4.0,21.047619047619047,334359
1,1,2,85,4.0,20.611764705882354,352122
1,1,2,86,4.0,21.023255813953487,341859
1,1,2,87,4.0,20.873563218390803,470550
1,1,2,88,4.0,20.818181818181817,289751
1,1,2,89,4.0,21.03370786516854,294488
1,1,2,90,4.0,21.066666666666666,329227
1,1,2,91,4.0,21.186813186813186,302383
1,1,2,92,4.0,20.956521739130434,418047
1,1,2,93,4.0,21.333333333333332,318568
1,1,2,94,4.0,20.680851063829788,298041
1,1,2,95,4.0,21.473684210526315,335937
1,1,2,96,4.0,20.916666666666668,317384
1,1,2,97,4.0,21.36082474226804,322911
1,1,2,98,4.0,21.632653061224488,339096
1,1,2,99,4.0,21.09090909090909,343833
1,1,2,100,4.0,21.04,341465
1,1,2,101,4.0,21.306930693069308,365939
1,1,2,102,4.0,21.41176470588235,345807
1,1,2,103,4.0,21.12621359223301,343044
1,1,2,104,4.0,21.53846153846154,364754
1,1,2,105,4.0,21.79047619047619,364360
1,1,2,106,4.0,21.358490566037737,358439
1,1,2,107,4.0,21.38317757009346,1132950
1,1,2,108,4.0,21.703703703703702,634373
1,1,2,109,4.0,21.504587155963304,381729
1,1,2,110,4.0,21.745454545454546,368702
1,1,2,111,4.0,21.405405405405407,388835
1,1,2,112,4.0,21.285714285714285,421600
1,1,2,113,4.0,21.168141592920353,475681
1,1,2,114,4.0,21.333333333333332,457917
1,1,2,115,4.0,21.495652173913044,417652
1,1,2,116,4.0,21.655172413793103,419231
1,1,2,117,4.0,21.128205128205128,418047
1,1,2,118,4.0,21.491525423728813,1911805
1,1,2,119,4.0,21.781512605042018,509236
1,1,2,120,4.0,21.466666666666665,453970
1,1,2,121,4.0,21.75206611570248,444101
1,1,2,122,4.0,21.24590163934426,456338
1,1,2,123,4.0,21.528455284552845,582266
1,1,2,124,4.0,21.419354838709676,499761
1,1,2,125,4.0,21.696,525421
1,1,2,126,4.0,21.206349206349206,1077290
1,1,2,127,4.0,21.35433070866142,474497
1,1,2,128,4.0,21.1875,487524
1,1,2,129,4.0,21.643410852713178,500156
1,1,2,130,4.0,21.415384615384614,510815
1,1,2,131,4.0,21.49618320610687,554238
1,1,2,132,4.0,21.393939393939394,481603
1,1,2,133,4.0,21.593984962406015,510420
1,1,2,134,4.0,21.55223880597015,523052
1,1,2,135,4.0,21.57037037037037,530947
1,1,2,136,4.0,21.529411764705884,546343
1,1,2,137,4.0,21.78102189781022,517526
1,1,2,138,4.0,21.797101449275363,533710
1,1,2,1,4.0,0.0,20133
1,1,2,2,4.0,4.0,64740
1,1,2,3,4.0,8.0,83688
1,1,2,4,4.0,10.0,59609
1,1,2,5,4.0,11.2,60398
1,1,2,6,4.0,13.333333333333334,113690
1,1,2,7,4.0,13.714285714285714,56450
1,1,2,8,4.0,14.0,35923
1,1,2,9,4.0,14.222222222222221,83689
1,1,2,10,4.0,12.0,46187
1,1,2,11,4.0,16.727272727272727,47371
1,1,2,12,4.0,16.666666666666668,55660
1,1,2,13,4.0,14.76923076923077,53687
1,1,2,14,4.0,17.142857142857142,99084
1,1,2,15,4.0,16.533333333333335,54477
1,1,2,16,4.0,16.5,48160
1,1,2,17,4.0,16.941176470588236,43423
1,1,2,18,4.0,17.333333333333332,50134
1,1,2,19,4.0,16.842105263157894,71056
1,1,2,20,4.0,18.0,71451
1,1,2,21,4.0,17.142857142857142,56055
1,1,2,22,4.0,17.09090909090909,57239
1,1,2,23,4.0,18.08695652173913,61582
1,1,2,24,4.0,17.666666666666668,67109
1,1,2,25,4.0,17.92,67503
1,1,2,26,4.0,18.76923076923077,76978
1,1,2,27,4.0,18.37037037037037,73030
1,1,2,28,4.0,18.857142857142858,71451
1,1,2,29,4.0,18.75862068965517,74609
1,1,2,30,4.0,19.466666666666665,81320
1,1,2,31,4.0,18.06451612903226,83689
1,1,2,32,4.0,18.25,88031
1,1,2,33,4.0,19.636363636363637,82110
1,1,2,34,4.0,18.823529411764707,85268
1,1,2,35,4.0,18.514285714285716,91189
1,1,2,36,4.0,19.333333333333332,93558
1,1,2,37,4.0,19.243243243243242,101847
1,1,2,38,4.0,19.157894736842106,112111
1,1,2,39,4.0,19.28205128205128,103821
1,1,2,40,4.0,19.8,109742
1,1,2,41,4.0,20.097560975609756,112111
1,1,2,42,4.0,19.047619047619047,110137
1,1,2,43,4.0,19.72093023255814,124743
1,1,2,44,4.0,19.09090909090909,281856
1,1,2,45,4.0,19.91111111111111,179614
1,1,2,46,4.0,19.82608695652174,130664
1,1,2,47,4.0,20.25531914893617,135401
1,1,2,48,4.0,19.0,150007
1,1,2,49,4.0,19.755102040816325,145270
1,1,2,50,4.0,20.32,151586
1,1,2,51,4.0,21.176470588235293,378176
1,1,2,52,4.0,19.384615384615383,422784
1,1,2,53,4.0,20.528301886792452,363175
1,1,2,54,4.0,20.0,157903
1,1,2,55,4.0,20.072727272727274,160271
1,1,2,56,4.0,20.285714285714285,161850
1,1,2,57,4.0,20.350877192982455,234091
1,1,2,58,4.0,20.413793103448278,177245
1,1,2,59,4.0,20.203389830508474,200142
1,1,2,60,4.0,19.733333333333334,170930
1,1,2,61,4.0,20.327868852459016,195799
1,1,2,62,4.0,20.774193548387096,182772
1,1,2,63,4.0,20.825396825396826,277119
1,1,2,64,4.0,21.125,358044
1,1,2,65,4.0,20.8,336727
1,1,2,66,4.0,20.12121212121212,201721
1,1,2,67,4.0,20.29850746268657,3132786
1,1,2,68,4.0,20.823529411764707,234880
1,1,2,69,4.0,20.28985507246377,217116
1,1,2,70,4.0,21.714285714285715,209220
1,1,2,71,4.0,20.169014084507044,210010
1,1,2,72,4.0,20.22222222222222,441732
1,1,2,73,4.0,20.71232876712329,253829
1,1,2,74,4.0,20.756756756756758,240801
1,1,2,75,4.0,20.373333333333335,268434
1,1,2,76,4.0,21.36842105263158,2897905
1,1,2,77,4.0,20.675324675324674,241590
1,1,2,78,4.0,20.615384615384617,242381
1,1,2,79,4.0,20.658227848101266,251460
1,1,2,80,4.0,20.8,357254
1,1,2,81,4.0,20.938271604938272,249881
1,1,2,82,4.0,21.073170731707318,524236
1,1,2,83,4.0,21.204819277108435,277119
1,1,2,84,4.0,20.571428571428573,1399806
1,1,2,85,4.0,20.988235294117647,292515
1,1,2,86,4.0,20.930232558139537,270408
1,1,2,87,4.0,21.149425287356323,641479
1,1,2,88,4.0,20.90909090909091,300804
1,1,2,89,4.0,20.9438202247191,303568
1,1,2,90,4.0,21.6,338701
1,1,2,91,4.0,21.36263736263736,303962
1,1,2,92,4.0,21.130434782608695,302778
1,1,2,93,4.0,21.419354838709676,320937
1,1,2,94,4.0,21.106382978723403,312647
1,1,2,95,4.0,21.13684210526316,312647
1,1,2,96,4.0,21.333333333333332,415283
1,1,2,97,4.0,21.278350515463917,349360
1,1,2,98,4.0,21.142857142857142,321332
1,1,2,99,4.0,21.414141414141415,339490
1,1,2,100,4.0,21.12,455154
1,1,2,101,4.0,20.99009900990099,431864
1,1,2,102,4.0,21.254901960784313,346991
1,1,2,103,4.0,21.514563106796118,355281
1,1,2,104,4.0,21.153846153846153,358044
1,1,2,105,4.0,20.723809523809525,369492
1,1,2,106,4.0,20.60377358490566,402651
1,1,2,107,4.0,21.53271028037383,397914
1,1,2,108,4.0,21.25925925925926,380940
1,1,2,109,4.0,21.357798165137616,387651
1,1,2,110,4.0,21.527272727272727,495814
1,1,2,111,4.0,21.26126126126126,382913
1,1,2,112,4.0,21.214285714285715,388046
1,1,2,113,4.0,21.238938053097346,405415
1,1,2,114,4.0,21.54385964912281,411731
1,1,2,115,4.0,21.286956521739132,1365462
1,1,2,116,4.0,21.448275862068964,424758
1,1,2,117,4.0,21.47008547008547,467786
1,1,2,118,4.0,21.559322033898304,501735
1,1,2,119,4.0,21.714285714285715,1498494
1,1,2,120,4.0,21.533333333333335,481997
1,1,2,121,4.0,21.619834710743802,465417
1,1,2,122,4.0,21.442622950819672,471734
1,1,2,123,4.0,21.398373983739837,844778
1,1,2,124,4.0,21.419354838709676,527394
1,1,2,125,4.0,21.44,521078
1,1,2,126,4.0,21.206349206349206,1690741
1,1,2,127,4.0,21.669291338582678,491472
1,1,2,128,4.0,21.4375,542789
1,1,2,129,4.0,21.45736434108527,930046
1,1,2,130,4.0,21.476923076923075,49012931
1,1,2,131,4.0,21.557251908396946,668322
1,1,2,132,4.0,21.515151515151516,1280984
1,1,2,133,4.0,21.413533834586467,548316
1,1,2,134,4.0,21.611940298507463,798987
1,1,2,135,4.0,21.451851851851853,573975
1,1,2,136,4.0,21.647058823529413,1127424
1,1,2,137,4.0,21.547445255474454,565291
1,1,2,138,4.0,21.27536231884058,1240719
1,1,2,139,4.0,21.58273381294964,778065
1,1,2,140,4.0,21.6,493520669
1,1,2,141,4.0,21.673758865248228,546737
1,1,2,142,4.0,21.35211267605634,577923
1,1,2,143,4.0,21.594405594405593,730299
1,1,2,144,4.0,21.555555555555557,1114002
1,1,2,145,4.0,21.627586206896552,660822
1,1,2,146,4.0,21.91780821917808,875570
1,1,2,147,4.0,21.387755102040817,1235982
1,1,2,148,4.0,21.83783783783784,798592
1,1,2,149,4.0,21.691275167785236,655296
1,1,2,150,4.0,21.546666666666667,962021
1,1,2,151,4.0,21.721854304635762,760301
1,1,2,1,4.0,0.0,2368
1,1,2,2,4.0,4.0,4737
1,1,2,3,4.0,5.333333333333333,15791
1,1,2,4,4.0,10.0,16185
1,1,2,5,4.0,12.8,13422
1,1,2,6,4.0,13.333333333333334,13422
1,1,2,7,4.0,12.571428571428571,14606
1,1,2,8,4.0,15.0,18553
1,1,2,9,4.0,13.333333333333334,19343
1,1,2,10,4.0,16.0,22502
1,1,2,11,4.0,16.727272727272727,25659
1,1,2,12,4.0,16.666666666666668,28423
1,1,2,13,4.0,15.384615384615385,33949
1,1,2,14,4.0,15.428571428571429,33554
1,1,2,15,4.0,17.066666666666666,37897
1,1,2,16,4.0,17.0,38292
1,1,2,17,4.0,16.0,38686
1,1,2,18,4.0,18.22222222222222,45397
1,1,2,19,4.0,18.526315789473685,49345
1,1,2,20,4.0,16.4,48555
1,1,2,21,4.0,17.142857142857142,49345
1,1,2,22,4.0,18.181818181818183,67898
1,1,2,23,4.0,17.391304347826086,76977
1,1,2,24,4.0,17.333333333333332,58424
1,1,2,25,4.0,17.28,77767
1,1,2,26,4.0,17.846153846153847,61976
1,1,2,27,4.0,18.962962962962962,114874
1,1,2,28,4.0,18.571428571428573,137375
1,1,2,29,4.0,18.75862068965517,75793
1,1,2,30,4.0,18.666666666666668,81715
1,1,2,31,4.0,19.096774193548388,144086
1,1,2,32,4.0,19.0,91188
1,1,2,33,4.0,18.666666666666668,82898
1,1,2,34,4.0,18.823529411764707,86452
1,1,2,35,4.0,18.514285714285716,89609
1,1,2,36,4.0,18.88888888888889,107373
1,1,2,37,4.0,19.675675675675677,101847
1,1,2,38,4.0,19.57894736842105,218300
1,1,2,39,4.0,19.076923076923077,115269
1,1,2,40,4.0,20.4,182377
1,1,2,41,4.0,18.926829268292682,110927
1,1,2,42,4.0,18.857142857142858,114480
1,1,2,43,4.0,19.162790697674417,183561
1,1,2,44,4.0,19.454545454545453,121585
1,1,2,45,4.0,19.733333333333334,124743
1,1,2,46,4.0,19.652173913043477,130270
1,1,2,47,4.0,19.574468085106382,129480
1,1,2,48,4.0,19.833333333333332,153954
1,1,2,49,4.0,19.428571428571427,129480
1,1,2,50,4.0,19.68,445680
1,1,2,51,4.0,20.07843137254902,143691
1,1,2,52,4.0,19.846153846153847,142902
1,1,2,53,4.0,19.77358490566038,152376
1,1,2,54,4.0,20.0,153166
1,1,2,55,4.0,21.09090909090909,398309
1,1,2,56,4.0,20.0,166193
1,1,2,57,4.0,20.07017543859649,163034
1,1,2,58,4.0,20.275862068965516,212773
1,1,2,59,4.0,19.389830508474578,170535
1,1,2,60,4.0,20.0,166192
1,1,2,61,4.0,20.459016393442624,1084790
1,1,2,62,4.0,20.64516129032258,180798
1,1,2,63,4.0,20.444444444444443,1278615
1,1,2,64,4.0,20.75,222248
1,1,2,65,4.0,19.93846153846154,185140
1,1,2,66,4.0,20.606060606060606,189089
1,1,2,67,4.0,20.29850746268657,196984
1,1,2,68,4.0,20.470588235294116,230143
1,1,2,69,4.0,20.52173913043478,207641
1,1,2,70,4.0,20.685714285714287,241196
1,1,2,71,4.0,21.183098591549296,217116
1,1,2,72,4.0,20.666666666666668,233301
1,1,2,73,4.0,21.698630136986303,233301
1,1,2,74,4.0,20.54054054054054,227379
1,1,2,75,4.0,20.8,251460
1,1,2,76,4.0,20.526315789473685,238433
1,1,2,77,4.0,21.09090909090909,239223
1,1,2,78,4.0,20.923076923076923,235274
1,1,2,79,4.0,20.962025316455698,243565
1,1,2,80,4.0,21.7,300015
1,1,2,81,4.0,21.037037037037038,281066
1,1,2,82,4.0,21.26829268292683,498183
1,1,2,83,4.0,21.012048192771083,273172
1,1,2,84,4.0,20.952380952380953,449627
1,1,2,85,4.0,20.611764705882354,275145
1,1,2,86,4.0,20.651162790697676,270802
1,1,2,87,4.0,21.149425287356323,296856
1,1,2,88,4.0,21.454545454545453,397519
1,1,2,89,4.0,20.9438202247191,298041
1,1,2,90,4.0,21.333333333333332,641873
1,1,2,91,4.0,20.483516483516482,463049
1,1,2,92,4.0,21.130434782608695,338306
1,1,2,93,4.0,21.333333333333332,369097
1,1,2,94,4.0,21.106382978723403,323701
1,1,2,95,4.0,21.13684210526316,441338
1,1,2,96,4.0,21.333333333333332,316989
1,1,2,97,4.0,21.36082474226804,506867
1,1,2,98,4.0,21.46938775510204,334753
1,1,2,99,4.0,21.575757575757574,336332
1,1,2,100,4.0,21.28,702272
1,1,2,101,4.0,21.544554455445546,2652093451
1,1,2,1,4.0,0.0,2368
1,1,2,2,4.0,4.0,4342
1,1,2,3,4.0,8.0,7106
1,1,2,4,4.0,10.0,8685
1,1,2,5,4.0,11.2,15001
1,1,2,6,4.0,10.666666666666666,13027
1,1,2,7,4.0,13.714285714285714,15396
1,1,2,8,4.0,14.0,17369
1,1,2,9,4.0,12.444444444444445,18948
1,1,2,10,4.0,14.4,22106
1,1,2,11,4.0,15.272727272727273,24870
1,1,2,12,4.0,14.666666666666666,26054
1,1,2,13,4.0,16.0,30001
1,1,2,14,4.0,17.714285714285715,33159
1,1,2,15,4.0,17.066666666666666,90400
1,1,2,16,4.0,16.0,62767
1,1,2,17,4.0,16.941176470588236,38686
1,1,2,18,4.0,16.444444444444443,43818
1,1,2,19,4.0,18.105263157894736,46186
1,1,2,20,4.0,18.4,49740
1,1,2,21,4.0,17.523809523809526,50924
1,1,2,22,4.0,17.454545454545453,52503
1,1,2,23,4.0,16.695652173913043,965574
1,1,2,24,4.0,18.333333333333332,64740
1,1,2,25,4.0,17.92,60792
1,1,2,26,4.0,18.153846153846153,67108
1,1,2,27,4.0,19.25925925925926,95531
1,1,2,28,4.0,17.714285714285715,67504
1,1,2,29,4.0,18.75862068965517,74609
1,1,2,30,4.0,18.133333333333333,73819
1,1,2,31,4.0,18.322580645161292,86847
1,1,2,32,4.0,19.5,81714
1,1,2,33,4.0,19.151515151515152,88031
1,1,2,1,4.0,0.0,11843
1,1,2,2,4.0,4.0,16974
1,1,2,3,4.0,5.333333333333333,30397
1,1,2,4,4.0,10.0,19343
1,1,2,5,4.0,11.2,16975
1,1,2,6,4.0,12.0,27633
1,1,2,7,4.0,11.428571428571429,23685
1,1,2,8,4.0,13.0,30396
1,1,2,9,4.0,14.222222222222221,51319
1,1,2,10,4.0,14.4,29212
1,1,2,11,4.0,16.0,31975
1,1,2,12,4.0,16.0,34343
1,1,2,13,4.0,16.615384615384617,61977
1,1,2,14,4.0,16.571428571428573,42634
1,1,2,15,4.0,16.0,33554
1,1,2,16,4.0,17.0,38291
1,1,2,17,4.0,16.470588235294116,38686
1,1,2,18,4.0,17.77777777777778,44213
1,1,2,19,4.0,17.68421052631579,44212
1,1,2,20,4.0,18.0,47766
1,1,2,21,4.0,18.285714285714285,54082
1,1,2,22,4.0,17.454545454545453,50529
1,1,2,23,4.0,19.130434782608695,55660
1,1,2,24,4.0,18.333333333333332,58029
1,1,2,25,4.0,17.92,63162
1,1,2,26,4.0,18.76923076923077,66319
1,1,2,27,4.0,18.666666666666668,65924
1,1,2,28,4.0,18.0,69872
1,1,2,29,4.0,17.93103448275862,69872
1,1,2,30,4.0,18.933333333333334,75793
1,1,2,31,4.0,18.580645161290324,78556
1,1,2,32,4.0,19.5,84083
1,1,2,33,4.0,18.424242424242426,80925
1,1,2,34,4.0,18.823529411764707,86846
1,1,2,35,4.0,19.65714285714286,90794
1,1,2,36,4.0,18.444444444444443,93163
1,1,2,37,4.0,19.027027027027028,97505
1,1,2,38,4.0,19.157894736842106,105005
1,1,2,39,4.0,19.28205128205128,104611
1,1,2,40,4.0,19.6,106584
1,1,2,41,4.0,19.70731707317073,111321
1,1,2,42,4.0,19.80952380952381,112506
1,1,2,43,4.0,20.093023255813954,112900
1,1,2,44,4.0,20.363636363636363,118032
1,1,2,45,4.0,20.08888888888889,126322
1,1,2,46,4.0,19.82608695652174,124349
1,1,2,47,4.0,19.574468085106382,128296
1,1,2,48,4.0,20.333333333333332,133033
1,1,2,49,4.0,19.26530612244898,130269
1,1,2,50,4.0,20.0,135797
1,1,2,51,4.0,20.392156862745097,142902
1,1,2,52,4.0,21.076923076923077,150008
1,1,2,53,4.0,20.07547169811321,149613
1,1,2,54,4.0,19.703703703703702,149613
1,1,2,55,4.0,20.072727272727274,151587
1,1,2,56,4.0,19.285714285714285,153165
1,1,2,57,4.0,20.07017543859649,158297
1,1,2,58,4.0,20.413793103448278,166587
1,1,2,59,4.0,20.338983050847457,167377
1,1,2,60,4.0,20.133333333333333,182377
1,1,2,61,4.0,19.80327868852459,215537
1,1,2,62,4.0,20.516129032258064,176851
1,1,2,63,4.0,20.317460317460316,175272
1,1,2,64,4.0,20.0,182772
1,1,2,65,4.0,20.184615384615384,197773
1,1,2,66,4.0,20.12121212121212,206457
1,1,2,67,4.0,20.65671641791045,193825
1,1,2,68,4.0,20.58823529411765,199352
1,1,2,69,4.0,20.405797101449274,198957
1,1,2,70,4.0,20.571428571428573,205274
1,1,2,71,4.0,20.3943661971831,208431
1,1,2,72,4.0,20.22222222222222,217511
1,1,2,73,4.0,20.71232876712329,221459
1,1,2,74,4.0,21.72972972972973,248302
1,1,2,75,4.0,20.906666666666666,231327
1,1,2,76,4.0,20.31578947368421,226195
1,1,2,77,4.0,21.194805194805195,15184698
1,1,2,78,4.0,20.82051282051282,249486
1,1,2,79,4.0,21.164556962025316,257776
1,1,2,80,4.0,20.8,245933
1,1,2,81,4.0,20.444444444444443,259355
1,1,2,82,4.0,21.5609756097561,264882
1,1,2,83,4.0,20.91566265060241,262908
1,1,2,84,4.0,21.047619047619047,259355
1,1,2,85,4.0,20.611764705882354,322516
1,1,2,86,4.0,20.837209302325583,272382
1,1,2,87,4.0,21.24137931034483,282251
1,1,2,88,4.0,20.636363636363637,279093
1,1,2,89,4.0,20.674157303370787,285014
1,1,2,90,4.0,20.977777777777778,307910
1,1,2,91,4.0,20.747252747252748,349359
1,1,2,92,4.0,20.695652173913043,328042
1,1,2,93,4.0,21.591397849462364,332384
1,1,2,94,4.0,21.27659574468085,326463
1,1,2,95,4.0,20.8,2151028
1,1,2,96,4.0,21.083333333333332,356071
1,1,2,97,4.0,21.195876288659793,348176
1,1,2,98,4.0,21.306122448979593,314226
1,1,2,99,4.0,20.848484848484848,334754
1,1,2,100,4.0,20.96,348964
1,1,2,101,4.0,21.22772277227723,380150
1,1,2,102,4.0,21.019607843137255,637927
1,1,2,103,4.0,20.893203883495147,6197675
1,1,2,104,4.0,21.46153846153846,353307
1,1,2,105,4.0,21.561904761904763,383309
1,1,2,106,4.0,21.056603773584907,397125
1,1,2,107,4.0,21.30841121495327,437785
1,1,2,108,4.0,21.48148148148148,421600
1,1,2,109,4.0,21.724770642201836,394756
1,1,2,110,4.0,21.454545454545453,379361
1,1,2,111,4.0,21.26126126126126,398704
1,1,2,112,4.0,21.857142857142858,462260
1,1,2,113,4.0,21.168141592920353,387651
1,1,2,114,4.0,21.473684210526315,568449
1,1,2,115,4.0,21.217391304347824,587792
1,1,2,116,4.0,21.655172413793103,421205
1,1,2,117,4.0,21.333333333333332,455154
1,1,2,118,4.0,21.28813559322034,436601
1,1,2,119,4.0,21.10924369747899,408573
1,1,2,120,4.0,21.266666666666666,442917
1,1,2,121,4.0,21.619834710743802,463444
1,1,2,1,4.0,0.0,3158
1,1,2,2,4.0,4.0,4342
1,1,2,3,4.0,8.0,6711
1,1,2,4,4.0,10.0,9474
1,1,2,5,4.0,11.2,11053
1,1,2,6,4.0,12.0,12632
1,1,2,7,4.0,13.714285714285714,15001
1,1,2,8,4.0,13.0,16580
1,1,2,9,4.0,15.11111111111111,24870
1,1,2,10,4.0,15.2,22896
1,1,2,11,4.0,16.727272727272727,25659
1,1,2,12,4.0,16.666666666666668,28028
1,1,2,13,4.0,16.0,31976
1,1,2,14,4.0,16.0,32370
1,1,2,15,4.0,16.533333333333335,37502
1,1,2,16,4.0,17.5,40660
1,1,2,17,4.0,15.529411764705882,40660
1,1,2,18,4.0,16.88888888888889,45397
1,1,2,19,4.0,17.68421052631579,45002
1,1,2,20,4.0,16.4,45792
1,1,2,21,4.0,17.523809523809526,52897
1,1,2,22,4.0,17.818181818181817,56450
1,1,2,23,4.0,17.043478260869566,55266
1,1,2,24,4.0,17.666666666666668,56845
1,1,2,25,4.0,18.88,61977
1,1,2,26,4.0,18.76923076923077,65135
1,1,2,27,4.0,18.666666666666668,69872
1,1,2,28,4.0,18.285714285714285,75004
1,1,2,29,4.0,19.310344827586206,75004
1,1,2,30,4.0,18.933333333333334,76977
1,1,2,31,4.0,18.322580645161292,77372
1,1,2,32,4.0,19.25,82504
1,1,2,33,4.0,18.90909090909091,92767
1,1,2,34,4.0,19.764705882352942,86846
1,1,2,35,4.0,18.97142857142857,89215
1,1,2,36,4.0,19.333333333333332,95531
1,1,2,37,4.0,18.37837837837838,97110
1,1,2,38,4.0,19.789473684210527,108558
1,1,2,39,4.0,19.897435897435898,106189
