17
0 17 0 1 2 3 4 5 6 7 8 9 10 11 12 13 14 15 16
1 17 0 1 2 3 4 5 6 7 8 9 10 11 12 13 14 15 16
2 17 0 1 2 3 4 5 6 7 8 9 10 11 12 13 14 15 16
3 17 0 1 2 3 4 5 6 7 8 9 10 11 12 13 14 15 16
4 17 0 1 2 3 4 5 6 7 8 9 10 11 12 13 14 15 16
5 17 0 1 2 3 4 5 6 7 8 9 10 11 12 13 14 15 16
6 17 0 1 2 3 4 5 6 7 8 9 10 11 12 13 14 15 16
7 17 0 1 2 3 4 5 6 7 8 9 10 11 12 13 14 15 16
8 17 0 1 2 3 4 5 6 7 8 9 10 11 12 13 14 15 16
9 17 0 1 2 3 4 5 6 7 8 9 10 11 12 13 14 15 16
10 17 0 1 2 3 4 5 6 7 8 9 10 11 12 13 14 15 16
11 17 0 1 2 3 4 5 6 7 8 9 10 11 12 13 14 15 16
12 17 0 1 2 3 4 5 6 7 8 9 10 11 12 13 14 15 16
13 17 0 1 2 3 4 5 6 7 8 9 10 11 12 13 14 15 16
14 17 0 1 2 3 4 5 6 7 8 9 10 11 12 13 14 15 16
15 17 0 1 2 3 4 5 6 7 8 9 10 11 12 13 14 15 16
16 17 0 1 2 3 4 5 6 7 8 9 10 11 12 13 14 15 16
136
0 1 49   0 0   1 1   2 2   3 3   4 4   5 5   6 6   7 7   8 8   9 9   10 10   11 11   12 12   13 13   14 14   15 15   16 16   0 1   1 0   1 2   2 1   2 3   3 2   3 4   4 3   4 5   5 4   5 6   6 5   6 7   7 6   7 8   8 7   8 9   9 8   9 10   10 9   10 11   11 10   11 12   12 11   12 13   13 12   13 14   14 13   14 15   15 14   15 16   16 15
0 2 47   0 0   1 1   2 2   3 3   4 4   5 5   6 6   7 7   8 8   9 9   10 10   11 11   12 12   13 13   14 14   15 15   16 16   0 2   2 0   1 3   3 1   2 4   4 2   3 5   5 3   4 6   6 4   5 7   7 5   6 8   8 6   7 9   9 7   8 10   10 8   9 11   11 9   10 12   12 10   11 13   13 11   12 14   14 12   13 15   15 13   14 16   16 14
0 3 45   0 0   1 1   2 2   3 3   4 4   5 5   6 6   7 7   8 8   9 9   10 10   11 11   12 12   13 13   14 14   15 15   16 16   0 3   3 0   1 4   4 1   2 5   5 2   3 6   6 3   4 7   7 4   5 8   8 5   6 9   9 6   7 10   10 7   8 11   11 8   9 12   12 9   10 13   13 10   11 14   14 11   12 15   15 12   13 16   16 13
0 4 43   0 0   1 1   2 2   3 3   4 4   5 5   6 6   7 7   8 8   9 9   10 10   11 11   12 12   13 13   14 14   15 15   16 16   0 4   4 0   1 5   5 1   2 6   6 2   3 7   7 3   4 8   8 4   5 9   9 5   6 10   10 6   7 11   11 7   8 12   12 8   9 13   13 9   10 14   14 10   11 15   15 11   12 16   16 12
0 5 41   0 0   1 1   2 2   3 3   4 4   5 5   6 6   7 7   8 8   9 9   10 10   11 11   12 12   13 13   14 14   15 15   16 16   0 5   5 0   1 6   6 1   2 7   7 2   3 8   8 3   4 9   9 4   5 10   10 5   6 11   11 6   7 12   12 7   8 13   13 8   9 14   14 9   10 15   15 10   11 16   16 11
0 6 39   0 0   1 1   2 2   3 3   4 4   5 5   6 6   7 7   8 8   9 9   10 10   11 11   12 12   13 13   14 14   15 15   16 16   0 6   6 0   1 7   7 1   2 8   8 2   3 9   9 3   4 10   10 4   5 11   11 5   6 12   12 6   7 13   13 7   8 14   14 8   9 15   15 9   10 16   16 10
0 7 37   0 0   1 1   2 2   3 3   4 4   5 5   6 6   7 7   8 8   9 9   10 10   11 11   12 12   13 13   14 14   15 15   16 16   0 7   7 0   1 8   8 1   2 9   9 2   3 10   10 3   4 11   11 4   5 12   12 5   6 13   13 6   7 14   14 7   8 15   15 8   9 16   16 9
0 8 35   0 0   1 1   2 2   3 3   4 4   5 5   6 6   7 7   8 8   9 9   10 10   11 11   12 12   13 13   14 14   15 15   16 16   0 8   8 0   1 9   9 1   2 10   10 2   3 11   11 3   4 12   12 4   5 13   13 5   6 14   14 6   7 15   15 7   8 16   16 8
0 9 33   0 0   1 1   2 2   3 3   4 4   5 5   6 6   7 7   8 8   9 9   10 10   11 11   12 12   13 13   14 14   15 15   16 16   0 9   9 0   1 10   10 1   2 11   11 2   3 12   12 3   4 13   13 4   5 14   14 5   6 15   15 6   7 16   16 7
0 10 31   0 0   1 1   2 2   3 3   4 4   5 5   6 6   7 7   8 8   9 9   10 10   11 11   12 12   13 13   14 14   15 15   16 16   0 10   10 0   1 11   11 1   2 12   12 2   3 13   13 3   4 14   14 4   5 15   15 5   6 16   16 6
0 11 29   0 0   1 1   2 2   3 3   4 4   5 5   6 6   7 7   8 8   9 9   10 10   11 11   12 12   13 13   14 14   15 15   16 16   0 11   11 0   1 12   12 1   2 13   13 2   3 14   14 3   4 15   15 4   5 16   16 5
0 12 27   0 0   1 1   2 2   3 3   4 4   5 5   6 6   7 7   8 8   9 9   10 10   11 11   12 12   13 13   14 14   15 15   16 16   0 12   12 0   1 13   13 1   2 14   14 2   3 15   15 3   4 16   16 4
0 13 25   0 0   1 1   2 2   3 3   4 4   5 5   6 6   7 7   8 8   9 9   10 10   11 11   12 12   13 13   14 14   15 15   16 16   0 13   13 0   1 14   14 1   2 15   15 2   3 16   16 3
0 14 23   0 0   1 1   2 2   3 3   4 4   5 5   6 6   7 7   8 8   9 9   10 10   11 11   12 12   13 13   14 14   15 15   16 16   0 14   14 0   1 15   15 1   2 16   16 2
0 15 21   0 0   1 1   2 2   3 3   4 4   5 5   6 6   7 7   8 8   9 9   10 10   11 11   12 12   13 13   14 14   15 15   16 16   0 15   15 0   1 16   16 1
0 16 19   0 0   1 1   2 2   3 3   4 4   5 5   6 6   7 7   8 8   9 9   10 10   11 11   12 12   13 13   14 14   15 15   16 16   0 16   16 0
1 2 49   0 0   1 1   2 2   3 3   4 4   5 5   6 6   7 7   8 8   9 9   10 10   11 11   12 12   13 13   14 14   15 15   16 16   0 1   1 0   1 2   2 1   2 3   3 2   3 4   4 3   4 5   5 4   5 6   6 5   6 7   7 6   7 8   8 7   8 9   9 8   9 10   10 9   10 11   11 10   11 12   12 11   12 13   13 12   13 14   14 13   14 15   15 14   15 16   16 15
1 3 47   0 0   1 1   2 2   3 3   4 4   5 5   6 6   7 7   8 8   9 9   10 10   11 11   12 12   13 13   14 14   15 15   16 16   0 2   2 0   1 3   3 1   2 4   4 2   3 5   5 3   4 6   6 4   5 7   7 5   6 8   8 6   7 9   9 7   8 10   10 8   9 11   11 9   10 12   12 10   11 13   13 11   12 14   14 12   13 15   15 13   14 16   16 14
1 4 45   0 0   1 1   2 2   3 3   4 4   5 5   6 6   7 7   8 8   9 9   10 10   11 11   12 12   13 13   14 14   15 15   16 16   0 3   3 0   1 4   4 1   2 5   5 2   3 6   6 3   4 7   7 4   5 8   8 5   6 9   9 6   7 10   10 7   8 11   11 8   9 12   12 9   10 13   13 10   11 14   14 11   12 15   15 12   13 16   16 13
1 5 43   0 0   1 1   2 2   3 3   4 4   5 5   6 6   7 7   8 8   9 9   10 10   11 11   12 12   13 13   14 14   15 15   16 16   0 4   4 0   1 5   5 1   2 6   6 2   3 7   7 3   4 8   8 4   5 9   9 5   6 10   10 6   7 11   11 7   8 12   12 8   9 13   13 9   10 14   14 10   11 15   15 11   12 16   16 12
1 6 41   0 0   1 1   2 2   3 3   4 4   5 5   6 6   7 7   8 8   9 9   10 10   11 11   12 12   13 13   14 14   15 15   16 16   0 5   5 0   1 6   6 1   2 7   7 2   3 8   8 3   4 9   9 4   5 10   10 5   6 11   11 6   7 12   12 7   8 13   13 8   9 14   14 9   10 15   15 10   11 16   16 11
1 7 39   0 0   1 1   2 2   3 3   4 4   5 5   6 6   7 7   8 8   9 9   10 10   11 11   12 12   13 13   14 14   15 15   16 16   0 6   6 0   1 7   7 1   2 8   8 2   3 9   9 3   4 10   10 4   5 11   11 5   6 12   12 6   7 13   13 7   8 14   14 8   9 15   15 9   10 16   16 10
1 8 37   0 0   1 1   2 2   3 3   4 4   5 5   6 6   7 7   8 8   9 9   10 10   11 11   12 12   13 13   14 14   15 15   16 16   0 7   7 0   1 8   8 1   2 9   9 2   3 10   10 3   4 11   11 4   5 12   12 5   6 13   13 6   7 14   14 7   8 15   15 8   9 16   16 9
1 9 35   0 0   1 1   2 2   3 3   4 4   5 5   6 6   7 7   8 8   9 9   10 10   11 11   12 12   13 13   14 14   15 15   16 16   0 8   8 0   1 9   9 1   2 10   10 2   3 11   11 3   4 12   12 4   5 13   13 5   6 14   14 6   7 15   15 7   8 16   16 8
1 10 33   0 0   1 1   2 2   3 3   4 4   5 5   6 6   7 7   8 8   9 9   10 10   11 11   12 12   13 13   14 14   15 15   16 16   0 9   9 0   1 10   10 1   2 11   11 2   3 12   12 3   4 13   13 4   5 14   14 5   6 15   15 6   7 16   16 7
1 11 31   0 0   1 1   2 2   3 3   4 4   5 5   6 6   7 7   8 8   9 9   10 10   11 11   12 12   13 13   14 14   15 15   16 16   0 10   10 0   1 11   11 1   2 12   12 2   3 13   13 3   4 14   14 4   5 15   15 5   6 16   16 6
1 12 29   0 0   1 1   2 2   3 3   4 4   5 5   6 6   7 7   8 8   9 9   10 10   11 11   12 12   13 13   14 14   15 15   16 16   0 11   11 0   1 12   12 1   2 13   13 2   3 14   14 3   4 15   15 4   5 16   16 5
1 13 27   0 0   1 1   2 2   3 3   4 4   5 5   6 6   7 7   8 8   9 9   10 10   11 11   12 12   13 13   14 14   15 15   16 16   0 12   12 0   1 13   13 1   2 14   14 2   3 15   15 3   4 16   16 4
1 14 25   0 0   1 1   2 2   3 3   4 4   5 5   6 6   7 7   8 8   9 9   10 10   11 11   12 12   13 13   14 14   15 15   16 16   0 13   13 0   1 14   14 1   2 15   15 2   3 16   16 3
1 15 23   0 0   1 1   2 2   3 3   4 4   5 5   6 6   7 7   8 8   9 9   10 10   11 11   12 12   13 13   14 14   15 15   16 16   0 14   14 0   1 15   15 1   2 16   16 2
1 16 21   0 0   1 1   2 2   3 3   4 4   5 5   6 6   7 7   8 8   9 9   10 10   11 11   12 12   13 13   14 14   15 15   16 16   0 15   15 0   1 16   16 1
2 3 49   0 0   1 1   2 2   3 3   4 4   5 5   6 6   7 7   8 8   9 9   10 10   11 11   12 12   13 13   14 14   15 15   16 16   0 1   1 0   1 2   2 1   2 3   3 2   3 4   4 3   4 5   5 4   5 6   6 5   6 7   7 6   7 8   8 7   8 9   9 8   9 10   10 9   10 11   11 10   11 12   12 11   12 13   13 12   13 14   14 13   14 15   15 14   15 16   16 15
2 4 47   0 0   1 1   2 2   3 3   4 4   5 5   6 6   7 7   8 8   9 9   10 10   11 11   12 12   13 13   14 14   15 15   16 16   0 2   2 0   1 3   3 1   2 4   4 2   3 5   5 3   4 6   6 4   5 7   7 5   6 8   8 6   7 9   9 7   8 10   10 8   9 11   11 9   10 12   12 10   11 13   13 11   12 14   14 12   13 15   15 13   14 16   16 14
2 5 45   0 0   1 1   2 2   3 3   4 4   5 5   6 6   7 7   8 8   9 9   10 10   11 11   12 12   13 13   14 14   15 15   16 16   0 3   3 0   1 4   4 1   2 5   5 2   3 6   6 3   4 7   7 4   5 8   8 5   6 9   9 6   7 10   10 7   8 11   11 8   9 12   12 9   10 13   13 10   11 14   14 11   12 15   15 12   13 16   16 13
2 6 43   0 0   1 1   2 2   3 3   4 4   5 5   6 6   7 7   8 8   9 9   10 10   11 11   12 12   13 13   14 14   15 15   16 16   0 4   4 0   1 5   5 1   2 6   6 2   3 7   7 3   4 8   8 4   5 9   9 5   6 10   10 6   7 11   11 7   8 12   12 8   9 13   13 9   10 14   14 10   11 15   15 11   12 16   16 12
2 7 41   0 0   1 1   2 2   3 3   4 4   5 5   6 6   7 7   8 8   9 9   10 10   11 11   12 12   13 13   14 14   15 15   16 16   0 5   5 0   1 6   6 1   2 7   7 2   3 8   8 3   4 9   9 4   5 10   10 5   6 11   11 6   7 12   12 7   8 13   13 8   9 14   14 9   10 15   15 10   11 16   16 11
2 8 39   0 0   1 1   2 2   3 3   4 4   5 5   6 6   7 7   8 8   9 9   10 10   11 11   12 12   13 13   14 14   15 15   16 16   0 6   6 0   1 7   7 1   2 8   8 2   3 9   9 3   4 10   10 4   5 11   11 5   6 12   12 6   7 13   13 7   8 14   14 8   9 15   15 9   10 16   16 10
2 9 37   0 0   1 1   2 2   3 3   4 4   5 5   6 6   7 7   8 8   9 9   10 10   11 11   12 12   13 13   14 14   15 15   16 16   0 7   7 0   1 8   8 1   2 9   9 2   3 10   10 3   4 11   11 4   5 12   12 5   6 13   13 6   7 14   14 7   8 15   15 8   9 16   16 9
2 10 35   0 0   1 1   2 2   3 3   4 4   5 5   6 6   7 7   8 8   9 9   10 10   11 11   12 12   13 13   14 14   15 15   16 16   0 8   8 0   1 9   9 1   2 10   10 2   3 11   11 3   4 12   12 4   5 13   13 5   6 14   14 6   7 15   15 7   8 16   16 8
2 11 33   0 0   1 1   2 2   3 3   4 4   5 5   6 6   7 7   8 8   9 9   10 10   11 11   12 12   13 13   14 14   15 15   16 16   0 9   9 0   1 10   10 1   2 11   11 2   3 12   12 3   4 13   13 4   5 14   14 5   6 15   15 6   7 16   16 7
2 12 31   0 0   1 1   2 2   3 3   4 4   5 5   6 6   7 7   8 8   9 9   10 10   11 11   12 12   13 13   14 14   15 15   16 16   0 10   10 0   1 11   11 1   2 12   12 2   3 13   13 3   4 14   14 4   5 15   15 5   6 16   16 6
2 13 29   0 0   1 1   2 2   3 3   4 4   5 5   6 6   7 7   8 8   9 9   10 10   11 11   12 12   13 13   14 14   15 15   16 16   0 11   11 0   1 12   12 1   2 13   13 2   3 14   14 3   4 15   15 4   5 16   16 5
2 14 27   0 0   1 1   2 2   3 3   4 4   5 5   6 6   7 7   8 8   9 9   10 10   11 11   12 12   13 13   14 14   15 15   16 16   0 12   12 0   1 13   13 1   2 14   14 2   3 15   15 3   4 16   16 4
2 15 25   0 0   1 1   2 2   3 3   4 4   5 5   6 6   7 7   8 8   9 9   10 10   11 11   12 12   13 13   14 14   15 15   16 16   0 13   13 0   1 14   14 1   2 15   15 2   3 16   16 3
2 16 23   0 0   1 1   2 2   3 3   4 4   5 5   6 6   7 7   8 8   9 9   10 10   11 11   12 12   13 13   14 14   15 15   16 16   0 14   14 0   1 15   15 1   2 16   16 2
3 4 49   0 0   1 1   2 2   3 3   4 4   5 5   6 6   7 7   8 8   9 9   10 10   11 11   12 12   13 13   14 14   15 15   16 16   0 1   1 0   1 2   2 1   2 3   3 2   3 4   4 3   4 5   5 4   5 6   6 5   6 7   7 6   7 8   8 7   8 9   9 8   9 10   10 9   10 11   11 10   11 12   12 11   12 13   13 12   13 14   14 13   14 15   15 14   15 16   16 15
3 5 47   0 0   1 1   2 2   3 3   4 4   5 5   6 6   7 7   8 8   9 9   10 10   11 11   12 12   13 13   14 14   15 15   16 16   0 2   2 0   1 3   3 1   2 4   4 2   3 5   5 3   4 6   6 4   5 7   7 5   6 8   8 6   7 9   9 7   8 10   10 8   9 11   11 9   10 12   12 10   11 13   13 11   12 14   14 12   13 15   15 13   14 16   16 14
3 6 45   0 0   1 1   2 2   3 3   4 4   5 5   6 6   7 7   8 8   9 9   10 10   11 11   12 12   13 13   14 14   15 15   16 16   0 3   3 0   1 4   4 1   2 5   5 2   3 6   6 3   4 7   7 4   5 8   8 5   6 9   9 6   7 10   10 7   8 11   11 8   9 12   12 9   10 13   13 10   11 14   14 11   12 15   15 12   13 16   16 13
3 7 43   0 0   1 1   2 2   3 3   4 4   5 5   6 6   7 7   8 8   9 9   10 10   11 11   12 12   13 13   14 14   15 15   16 16   0 4   4 0   1 5   5 1   2 6   6 2   3 7   7 3   4 8   8 4   5 9   9 5   6 10   10 6   7 11   11 7   8 12   12 8   9 13   13 9   10 14   14 10   11 15   15 11   12 16   16 12
3 8 41   0 0   1 1   2 2   3 3   4 4   5 5   6 6   7 7   8 8   9 9   10 10   11 11   12 12   13 13   14 14   15 15   16 16   0 5   5 0   1 6   6 1   2 7   7 2   3 8   8 3   4 9   9 4   5 10   10 5   6 11   11 6   7 12   12 7   8 13   13 8   9 14   14 9   10 15   15 10   11 16   16 11
3 9 39   0 0   1 1   2 2   3 3   4 4   5 5   6 6   7 7   8 8   9 9   10 10   11 11   12 12   13 13   14 14   15 15   16 16   0 6   6 0   1 7   7 1   2 8   8 2   3 9   9 3   4 10   10 4   5 11   11 5   6 12   12 6   7 13   13 7   8 14   14 8   9 15   15 9   10 16   16 10
3 10 37   0 0   1 1   2 2   3 3   4 4   5 5   6 6   7 7   8 8   9 9   10 10   11 11   12 12   13 13   14 14   15 15   16 16   0 7   7 0   1 8   8 1   2 9   9 2   3 10   10 3   4 11   11 4   5 12   12 5   6 13   13 6   7 14   14 7   8 15   15 8   9 16   16 9
3 11 35   0 0   1 1   2 2   3 3   4 4   5 5   6 6   7 7   8 8   9 9   10 10   11 11   12 12   13 13   14 14   15 15   16 16   0 8   8 0   1 9   9 1   2 10   10 2   3 11   11 3   4 12   12 4   5 13   13 5   6 14   14 6   7 15   15 7   8 16   16 8
3 12 33   0 0   1 1   2 2   3 3   4 4   5 5   6 6   7 7   8 8   9 9   10 10   11 11   12 12   13 13   14 14   15 15   16 16   0 9   9 0   1 10   10 1   2 11   11 2   3 12   12 3   4 13   13 4   5 14   14 5   6 15   15 6   7 16   16 7
3 13 31   0 0   1 1   2 2   3 3   4 4   5 5   6 6   7 7   8 8   9 9   10 10   11 11   12 12   13 13   14 14   15 15   16 16   0 10   10 0   1 11   11 1   2 12   12 2   3 13   13 3   4 14   14 4   5 15   15 5   6 16   16 6
3 14 29   0 0   1 1   2 2   3 3   4 4   5 5   6 6   7 7   8 8   9 9   10 10   11 11   12 12   13 13   14 14   15 15   16 16   0 11   11 0   1 12   12 1   2 13   13 2   3 14   14 3   4 15   15 4   5 16   16 5
3 15 27   0 0   1 1   2 2   3 3   4 4   5 5   6 6   7 7   8 8   9 9   10 10   11 11   12 12   13 13   14 14   15 15   16 16   0 12   12 0   1 13   13 1   2 14   14 2   3 15   15 3   4 16   16 4
3 16 25   0 0   1 1   2 2   3 3   4 4   5 5   6 6   7 7   8 8   9 9   10 10   11 11   12 12   13 13   14 14   15 15   16 16   0 13   13 0   1 14   14 1   2 15   15 2   3 16   16 3
4 5 49   0 0   1 1   2 2   3 3   4 4   5 5   6 6   7 7   8 8   9 9   10 10   11 11   12 12   13 13   14 14   15 15   16 16   0 1   1 0   1 2   2 1   2 3   3 2   3 4   4 3   4 5   5 4   5 6   6 5   6 7   7 6   7 8   8 7   8 9   9 8   9 10   10 9   10 11   11 10   11 12   12 11   12 13   13 12   13 14   14 13   14 15   15 14   15 16   16 15
4 6 47   0 0   1 1   2 2   3 3   4 4   5 5   6 6   7 7   8 8   9 9   10 10   11 11   12 12   13 13   14 14   15 15   16 16   0 2   2 0   1 3   3 1   2 4   4 2   3 5   5 3   4 6   6 4   5 7   7 5   6 8   8 6   7 9   9 7   8 10   10 8   9 11   11 9   10 12   12 10   11 13   13 11   12 14   14 12   13 15   15 13   14 16   16 14
4 7 45   0 0   1 1   2 2   3 3   4 4   5 5   6 6   7 7   8 8   9 9   10 10   11 11   12 12   13 13   14 14   15 15   16 16   0 3   3 0   1 4   4 1   2 5   5 2   3 6   6 3   4 7   7 4   5 8   8 5   6 9   9 6   7 10   10 7   8 11   11 8   9 12   12 9   10 13   13 10   11 14   14 11   12 15   15 12   13 16   16 13
4 8 43   0 0   1 1   2 2   3 3   4 4   5 5   6 6   7 7   8 8   9 9   10 10   11 11   12 12   13 13   14 14   15 15   16 16   0 4   4 0   1 5   5 1   2 6   6 2   3 7   7 3   4 8   8 4   5 9   9 5   6 10   10 6   7 11   11 7   8 12   12 8   9 13   13 9   10 14   14 10   11 15   15 11   12 16   16 12
4 9 41   0 0   1 1   2 2   3 3   4 4   5 5   6 6   7 7   8 8   9 9   10 10   11 11   12 12   13 13   14 14   15 15   16 16   0 5   5 0   1 6   6 1   2 7   7 2   3 8   8 3   4 9   9 4   5 10   10 5   6 11   11 6   7 12   12 7   8 13   13 8   9 14   14 9   10 15   15 10   11 16   16 11
4 10 39   0 0   1 1   2 2   3 3   4 4   5 5   6 6   7 7   8 8   9 9   10 10   11 11   12 12   13 13   14 14   15 15   16 16   0 6   6 0   1 7   7 1   2 8   8 2   3 9   9 3   4 10   10 4   5 11   11 5   6 12   12 6   7 13   13 7   8 14   14 8   9 15   15 9   10 16   16 10
4 11 37   0 0   1 1   2 2   3 3   4 4   5 5   6 6   7 7   8 8   9 9   10 10   11 11   12 12   13 13   14 14   15 15   16 16   0 7   7 0   1 8   8 1   2 9   9 2   3 10   10 3   4 11   11 4   5 12   12 5   6 13   13 6   7 14   14 7   8 15   15 8   9 16   16 9
4 12 35   0 0   1 1   2 2   3 3   4 4   5 5   6 6   7 7   8 8   9 9   10 10   11 11   12 12   13 13   14 14   15 15   16 16   0 8   8 0   1 9   9 1   2 10   10 2   3 11   11 3   4 12   12 4   5 13   13 5   6 14   14 6   7 15   15 7   8 16   16 8
4 13 33   0 0   1 1   2 2   3 3   4 4   5 5   6 6   7 7   8 8   9 9   10 10   11 11   12 12   13 13   14 14   15 15   16 16   0 9   9 0   1 10   10 1   2 11   11 2   3 12   12 3   4 13   13 4   5 14   14 5   6 15   15 6   7 16   16 7
4 14 31   0 0   1 1   2 2   3 3   4 4   5 5   6 6   7 7   8 8   9 9   10 10   11 11   12 12   13 13   14 14   15 15   16 16   0 10   10 0   1 11   11 1   2 12   12 2   3 13   13 3   4 14   14 4   5 15   15 5   6 16   16 6
4 15 29   0 0   1 1   2 2   3 3   4 4   5 5   6 6   7 7   8 8   9 9   10 10   11 11   12 12   13 13   14 14   15 15   16 16   0 11   11 0   1 12   12 1   2 13   13 2   3 14   14 3   4 15   15 4   5 16   16 5
4 16 27   0 0   1 1   2 2   3 3   4 4   5 5   6 6   7 7   8 8   9 9   10 10   11 11   12 12   13 13   14 14   15 15   16 16   0 12   12 0   1 13   13 1   2 14   14 2   3 15   15 3   4 16   16 4
5 6 49   0 0   1 1   2 2   3 3   4 4   5 5   6 6   7 7   8 8   9 9   10 10   11 11   12 12   13 13   14 14   15 15   16 16   0 1   1 0   1 2   2 1   2 3   3 2   3 4   4 3   4 5   5 4   5 6   6 5   6 7   7 6   7 8   8 7   8 9   9 8   9 10   10 9   10 11   11 10   11 12   12 11   12 13   13 12   13 14   14 13   14 15   15 14   15 16   16 15
5 7 47   0 0   1 1   2 2   3 3   4 4   5 5   6 6   7 7   8 8   9 9   10 10   11 11   12 12   13 13   14 14   15 15   16 16   0 2   2 0   1 3   3 1   2 4   4 2   3 5   5 3   4 6   6 4   5 7   7 5   6 8   8 6   7 9   9 7   8 10   10 8   9 11   11 9   10 12   12 10   11 13   13 11   12 14   14 12   13 15   15 13   14 16   16 14
5 8 45   0 0   1 1   2 2   3 3   4 4   5 5   6 6   7 7   8 8   9 9   10 10   11 11   12 12   13 13   14 14   15 15   16 16   0 3   3 0   1 4   4 1   2 5   5 2   3 6   6 3   4 7   7 4   5 8   8 5   6 9   9 6   7 10   10 7   8 11   11 8   9 12   12 9   10 13   13 10   11 14   14 11   12 15   15 12   13 16   16 13
5 9 43   0 0   1 1   2 2   3 3   4 4   5 5   6 6   7 7   8 8   9 9   10 10   11 11   12 12   13 13   14 14   15 15   16 16   0 4   4 0   1 5   5 1   2 6   6 2   3 7   7 3   4 8   8 4   5 9   9 5   6 10   10 6   7 11   11 7   8 12   12 8   9 13   13 9   10 14   14 10   11 15   15 11   12 16   16 12
5 10 41   0 0   1 1   2 2   3 3   4 4   5 5   6 6   7 7   8 8   9 9   10 10   11 11   12 12   13 13   14 14   15 15   16 16   0 5   5 0   1 6   6 1   2 7   7 2   3 8   8 3   4 9   9 4   5 10   10 5   6 11   11 6   7 12   12 7   8 13   13 8   9 14   14 9   10 15   15 10   11 16   16 11
5 11 39   0 0   1 1   2 2   3 3   4 4   5 5   6 6   7 7   8 8   9 9   10 10   11 11   12 12   13 13   14 14   15 15   16 16   0 6   6 0   1 7   7 1   2 8   8 2   3 9   9 3   4 10   10 4   5 11   11 5   6 12   12 6   7 13   13 7   8 14   14 8   9 15   15 9   10 16   16 10
5 12 37   0 0   1 1   2 2   3 3   4 4   5 5   6 6   7 7   8 8   9 9   10 10   11 11   12 12   13 13   14 14   15 15   16 16   0 7   7 0   1 8   8 1   2 9   9 2   3 10   10 3   4 11   11 4   5 12   12 5   6 13   13 6   7 14   14 7   8 15   15 8   9 16   16 9
5 13 35   0 0   1 1   2 2   3 3   4 4   5 5   6 6   7 7   8 8   9 9   10 10   11 11   12 12   13 13   14 14   15 15   16 16   0 8   8 0   1 9   9 1   2 10   10 2   3 11   11 3   4 12   12 4   5 13   13 5   6 14   14 6   7 15   15 7   8 16   16 8
5 14 33   0 0   1 1   2 2   3 3   4 4   5 5   6 6   7 7   8 8   9 9   10 10   11 11   12 12   13 13   14 14   15 15   16 16   0 9   9 0   1 10   10 1   2 11   11 2   3 12   12 3   4 13   13 4   5 14   14 5   6 15   15 6   7 16   16 7
5 15 31   0 0   1 1   2 2   3 3   4 4   5 5   6 6   7 7   8 8   9 9   10 10   11 11   12 12   13 13   14 14   15 15   16 16   0 10   10 0   1 11   11 1   2 12   12 2   3 13   13 3   4 14   14 4   5 15   15 5   6 16   16 6
5 16 29   0 0   1 1   2 2   3 3   4 4   5 5   6 6   7 7   8 8   9 9   10 10   11 11   12 12   13 13   14 14   15 15   16 16   0 11   11 0   1 12   12 1   2 13   13 2   3 14   14 3   4 15   15 4   5 16   16 5
6 7 49   0 0   1 1   2 2   3 3   4 4   5 5   6 6   7 7   8 8   9 9   10 10   11 11   12 12   13 13   14 14   15 15   16 16   0 1   1 0   1 2   2 1   2 3   3 2   3 4   4 3   4 5   5 4   5 6   6 5   6 7   7 6   7 8   8 7   8 9   9 8   9 10   10 9   10 11   11 10   11 12   12 11   12 13   13 12   13 14   14 13   14 15   15 14   15 16   16 15
6 8 47   0 0   1 1   2 2   3 3   4 4   5 5   6 6   7 7   8 8   9 9   10 10   11 11   12 12   13 13   14 14   15 15   16 16   0 2   2 0   1 3   3 1   2 4   4 2   3 5   5 3   4 6   6 4   5 7   7 5   6 8   8 6   7 9   9 7   8 10   10 8   9 11   11 9   10 12   12 10   11 13   13 11   12 14   14 12   13 15   15 13   14 16   16 14
6 9 45   0 0   1 1   2 2   3 3   4 4   5 5   6 6   7 7   8 8   9 9   10 10   11 11   12 12   13 13   14 14   15 15   16 16   0 3   3 0   1 4   4 1   2 5   5 2   3 6   6 3   4 7   7 4   5 8   8 5   6 9   9 6   7 10   10 7   8 11   11 8   9 12   12 9   10 13   13 10   11 14   14 11   12 15   15 12   13 16   16 13
6 10 43   0 0   1 1   2 2   3 3   4 4   5 5   6 6   7 7   8 8   9 9   10 10   11 11   12 12   13 13   14 14   15 15   16 16   0 4   4 0   1 5   5 1   2 6   6 2   3 7   7 3   4 8   8 4   5 9   9 5   6 10   10 6   7 11   11 7   8 12   12 8   9 13   13 9   10 14   14 10   11 15   15 11   12 16   16 12
6 11 41   0 0   1 1   2 2   3 3   4 4   5 5   6 6   7 7   8 8   9 9   10 10   11 11   12 12   13 13   14 14   15 15   16 16   0 5   5 0   1 6   6 1   2 7   7 2   3 8   8 3   4 9   9 4   5 10   10 5   6 11   11 6   7 12   12 7   8 13   13 8   9 14   14 9   10 15   15 10   11 16   16 11
6 12 39   0 0   1 1   2 2   3 3   4 4   5 5   6 6   7 7   8 8   9 9   10 10   11 11   12 12   13 13   14 14   15 15   16 16   0 6   6 0   1 7   7 1   2 8   8 2   3 9   9 3   4 10   10 4   5 11   11 5   6 12   12 6   7 13   13 7   8 14   14 8   9 15   15 9   10 16   16 10
6 13 37   0 0   1 1   2 2   3 3   4 4   5 5   6 6   7 7   8 8   9 9   10 10   11 11   12 12   13 13   14 14   15 15   16 16   0 7   7 0   1 8   8 1   2 9   9 2   3 10   10 3   4 11   11 4   5 12   12 5   6 13   13 6   7 14   14 7   8 15   15 8   9 16   16 9
6 14 35   0 0   1 1   2 2   3 3   4 4   5 5   6 6   7 7   8 8   9 9   10 10   11 11   12 12   13 13   14 14   15 15   16 16   0 8   8 0   1 9   9 1   2 10   10 2   3 11   11 3   4 12   12 4   5 13   13 5   6 14   14 6   7 15   15 7   8 16   16 8
6 15 33   0 0   1 1   2 2   3 3   4 4   5 5   6 6   7 7   8 8   9 9   10 10   11 11   12 12   13 13   14 14   15 15   16 16   0 9   9 0   1 10   10 1   2 11   11 2   3 12   12 3   4 13   13 4   5 14   14 5   6 15   15 6   7 16   16 7
6 16 31   0 0   1 1   2 2   3 3   4 4   5 5   6 6   7 7   8 8   9 9   10 10   11 11   12 12   13 13   14 14   15 15   16 16   0 10   10 0   1 11   11 1   2 12   12 2   3 13   13 3   4 14   14 4   5 15   15 5   6 16   16 6
7 8 49   0 0   1 1   2 2   3 3   4 4   5 5   6 6   7 7   8 8   9 9   10 10   11 11   12 12   13 13   14 14   15 15   16 16   0 1   1 0   1 2   2 1   2 3   3 2   3 4   4 3   4 5   5 4   5 6   6 5   6 7   7 6   7 8   8 7   8 9   9 8   9 10   10 9   10 11   11 10   11 12   12 11   12 13   13 12   13 14   14 13   14 15   15 14   15 16   16 15
7 9 47   0 0   1 1   2 2   3 3   4 4   5 5   6 6   7 7   8 8   9 9   10 10   11 11   12 12   13 13   14 14   15 15   16 16   0 2   2 0   1 3   3 1   2 4   4 2   3 5   5 3   4 6   6 4   5 7   7 5   6 8   8 6   7 9   9 7   8 10   10 8   9 11   11 9   10 12   12 10   11 13   13 11   12 14   14 12   13 15   15 13   14 16   16 14
7 10 45   0 0   1 1   2 2   3 3   4 4   5 5   6 6   7 7   8 8   9 9   10 10   11 11   12 12   13 13   14 14   15 15   16 16   0 3   3 0   1 4   4 1   2 5   5 2   3 6   6 3   4 7   7 4   5 8   8 5   6 9   9 6   7 10   10 7   8 11   11 8   9 12   12 9   10 13   13 10   11 14   14 11   12 15   15 12   13 16   16 13
7 11 43   0 0   1 1   2 2   3 3   4 4   5 5   6 6   7 7   8 8   9 9   10 10   11 11   12 12   13 13   14 14   15 15   16 16   0 4   4 0   1 5   5 1   2 6   6 2   3 7   7 3   4 8   8 4   5 9   9 5   6 10   10 6   7 11   11 7   8 12   12 8   9 13   13 9   10 14   14 10   11 15   15 11   12 16   16 12
7 12 41   0 0   1 1   2 2   3 3   4 4   5 5   6 6   7 7   8 8   9 9   10 10   11 11   12 12   13 13   14 14   15 15   16 16   0 5   5 0   1 6   6 1   2 7   7 2   3 8   8 3   4 9   9 4   5 10   10 5   6 11   11 6   7 12   12 7   8 13   13 8   9 14   14 9   10 15   15 10   11 16   16 11
7 13 39   0 0   1 1   2 2   3 3   4 4   5 5   6 6   7 7   8 8   9 9   10 10   11 11   12 12   13 13   14 14   15 15   16 16   0 6   6 0   1 7   7 1   2 8   8 2   3 9   9 3   4 10   10 4   5 11   11 5   6 12   12 6   7 13   13 7   8 14   14 8   9 15   15 9   10 16   16 10
7 14 37   0 0   1 1   2 2   3 3   4 4   5 5   6 6   7 7   8 8   9 9   10 10   11 11   12 12   13 13   14 14   15 15   16 16   0 7   7 0   1 8   8 1   2 9   9 2   3 10   10 3   4 11   11 4   5 12   12 5   6 13   13 6   7 14   14 7   8 15   15 8   9 16   16 9
7 15 35   0 0   1 1   2 2   3 3   4 4   5 5   6 6   7 7   8 8   9 9   10 10   11 11   12 12   13 13   14 14   15 15   16 16   0 8   8 0   1 9   9 1   2 10   10 2   3 11   11 3   4 12   12 4   5 13   13 5   6 14   14 6   7 15   15 7   8 16   16 8
7 16 33   0 0   1 1   2 2   3 3   4 4   5 5   6 6   7 7   8 8   9 9   10 10   11 11   12 12   13 13   14 14   15 15   16 16   0 9   9 0   1 10   10 1   2 11   11 2   3 12   12 3   4 13   13 4   5 14   14 5   6 15   15 6   7 16   16 7
8 9 49   0 0   1 1   2 2   3 3   4 4   5 5   6 6   7 7   8 8   9 9   10 10   11 11   12 12   13 13   14 14   15 15   16 16   0 1   1 0   1 2   2 1   2 3   3 2   3 4   4 3   4 5   5 4   5 6   6 5   6 7   7 6   7 8   8 7   8 9   9 8   9 10   10 9   10 11   11 10   11 12   12 11   12 13   13 12   13 14   14 13   14 15   15 14   15 16   16 15
8 10 47   0 0   1 1   2 2   3 3   4 4   5 5   6 6   7 7   8 8   9 9   10 10   11 11   12 12   13 13   14 14   15 15   16 16   0 2   2 0   1 3   3 1   2 4   4 2   3 5   5 3   4 6   6 4   5 7   7 5   6 8   8 6   7 9   9 7   8 10   10 8   9 11   11 9   10 12   12 10   11 13   13 11   12 14   14 12   13 15   15 13   14 16   16 14
8 11 45   0 0   1 1   2 2   3 3   4 4   5 5   6 6   7 7   8 8   9 9   10 10   11 11   12 12   13 13   14 14   15 15   16 16   0 3   3 0   1 4   4 1   2 5   5 2   3 6   6 3   4 7   7 4   5 8   8 5   6 9   9 6   7 10   10 7   8 11   11 8   9 12   12 9   10 13   13 10   11 14   14 11   12 15   15 12   13 16   16 13
8 12 43   0 0   1 1   2 2   3 3   4 4   5 5   6 6   7 7   8 8   9 9   10 10   11 11   12 12   13 13   14 14   15 15   16 16   0 4   4 0   1 5   5 1   2 6   6 2   3 7   7 3   4 8   8 4   5 9   9 5   6 10   10 6   7 11   11 7   8 12   12 8   9 13   13 9   10 14   14 10   11 15   15 11   12 16   16 12
8 13 41   0 0   1 1   2 2   3 3   4 4   5 5   6 6   7 7   8 8   9 9   10 10   11 11   12 12   13 13   14 14   15 15   16 16   0 5   5 0   1 6   6 1   2 7   7 2   3 8   8 3   4 9   9 4   5 10   10 5   6 11   11 6   7 12   12 7   8 13   13 8   9 14   14 9   10 15   15 10   11 16   16 11
8 14 39   0 0   1 1   2 2   3 3   4 4   5 5   6 6   7 7   8 8   9 9   10 10   11 11   12 12   13 13   14 14   15 15   16 16   0 6   6 0   1 7   7 1   2 8   8 2   3 9   9 3   4 10   10 4   5 11   11 5   6 12   12 6   7 13   13 7   8 14   14 8   9 15   15 9   10 16   16 10
8 15 37   0 0   1 1   2 2   3 3   4 4   5 5   6 6   7 7   8 8   9 9   10 10   11 11   12 12   13 13   14 14   15 15   16 16   0 7   7 0   1 8   8 1   2 9   9 2   3 10   10 3   4 11   11 4   5 12   12 5   6 13   13 6   7 14   14 7   8 15   15 8   9 16   16 9
8 16 35   0 0   1 1   2 2   3 3   4 4   5 5   6 6   7 7   8 8   9 9   10 10   11 11   12 12   13 13   14 14   15 15   16 16   0 8   8 0   1 9   9 1   2 10   10 2   3 11   11 3   4 12   12 4   5 13   13 5   6 14   14 6   7 15   15 7   8 16   16 8
9 10 49   0 0   1 1   2 2   3 3   4 4   5 5   6 6   7 7   8 8   9 9   10 10   11 11   12 12   13 13   14 14   15 15   16 16   0 1   1 0   1 2   2 1   2 3   3 2   3 4   4 3   4 5   5 4   5 6   6 5   6 7   7 6   7 8   8 7   8 9   9 8   9 10   10 9   10 11   11 10   11 12   12 11   12 13   13 12   13 14   14 13   14 15   15 14   15 16   16 15
9 11 47   0 0   1 1   2 2   3 3   4 4   5 5   6 6   7 7   8 8   9 9   10 10   11 11   12 12   13 13   14 14   15 15   16 16   0 2   2 0   1 3   3 1   2 4   4 2   3 5   5 3   4 6   6 4   5 7   7 5   6 8   8 6   7 9   9 7   8 10   10 8   9 11   11 9   10 12   12 10   11 13   13 11   12 14   14 12   13 15   15 13   14 16   16 14
9 12 45   0 0   1 1   2 2   3 3   4 4   5 5   6 6   7 7   8 8   9 9   10 10   11 11   12 12   13 13   14 14   15 15   16 16   0 3   3 0   1 4   4 1   2 5   5 2   3 6   6 3   4 7   7 4   5 8   8 5   6 9   9 6   7 10   10 7   8 11   11 8   9 12   12 9   10 13   13 10   11 14   14 11   12 15   15 12   13 16   16 13
9 13 43   0 0   1 1   2 2   3 3   4 4   5 5   6 6   7 7   8 8   9 9   10 10   11 11   12 12   13 13   14 14   15 15   16 16   0 4   4 0   1 5   5 1   2 6   6 2   3 7   7 3   4 8   8 4   5 9   9 5   6 10   10 6   7 11   11 7   8 12   12 8   9 13   13 9   10 14   14 10   11 15   15 11   12 16   16 12
9 14 41   0 0   1 1   2 2   3 3   4 4   5 5   6 6   7 7   8 8   9 9   10 10   11 11   12 12   13 13   14 14   15 15   16 16   0 5   5 0   1 6   6 1   2 7   7 2   3 8   8 3   4 9   9 4   5 10   10 5   6 11   11 6   7 12   12 7   8 13   13 8   9 14   14 9   10 15   15 10   11 16   16 11
9 15 39   0 0   1 1   2 2   3 3   4 4   5 5   6 6   7 7   8 8   9 9   10 10   11 11   12 12   13 13   14 14   15 15   16 16   0 6   6 0   1 7   7 1   2 8   8 2   3 9   9 3   4 10   10 4   5 11   11 5   6 12   12 6   7 13   13 7   8 14   14 8   9 15   15 9   10 16   16 10
9 16 37   0 0   1 1   2 2   3 3   4 4   5 5   6 6   7 7   8 8   9 9   10 10   11 11   12 12   13 13   14 14   15 15   16 16   0 7   7 0   1 8   8 1   2 9   9 2   3 10   10 3   4 11   11 4   5 12   12 5   6 13   13 6   7 14   14 7   8 15   15 8   9 16   16 9
10 11 49   0 0   1 1   2 2   3 3   4 4   5 5   6 6   7 7   8 8   9 9   10 10   11 11   12 12   13 13   14 14   15 15   16 16   0 1   1 0   1 2   2 1   2 3   3 2   3 4   4 3   4 5   5 4   5 6   6 5   6 7   7 6   7 8   8 7   8 9   9 8   9 10   10 9   10 11   11 10   11 12   12 11   12 13   13 12   13 14   14 13   14 15   15 14   15 16   16 15
10 12 47   0 0   1 1   2 2   3 3   4 4   5 5   6 6   7 7   8 8   9 9   10 10   11 11   12 12   13 13   14 14   15 15   16 16   0 2   2 0   1 3   3 1   2 4   4 2   3 5   5 3   4 6   6 4   5 7   7 5   6 8   8 6   7 9   9 7   8 10   10 8   9 11   11 9   10 12   12 10   11 13   13 11   12 14   14 12   13 15   15 13   14 16   16 14
10 13 45   0 0   1 1   2 2   3 3   4 4   5 5   6 6   7 7   8 8   9 9   10 10   11 11   12 12   13 13   14 14   15 15   16 16   0 3   3 0   1 4   4 1   2 5   5 2   3 6   6 3   4 7   7 4   5 8   8 5   6 9   9 6   7 10   10 7   8 11   11 8   9 12   12 9   10 13   13 10   11 14   14 11   12 15   15 12   13 16   16 13
10 14 43   0 0   1 1   2 2   3 3   4 4   5 5   6 6   7 7   8 8   9 9   10 10   11 11   12 12   13 13   14 14   15 15   16 16   0 4   4 0   1 5   5 1   2 6   6 2   3 7   7 3   4 8   8 4   5 9   9 5   6 10   10 6   7 11   11 7   8 12   12 8   9 13   13 9   10 14   14 10   11 15   15 11   12 16   16 12
10 15 41   0 0   1 1   2 2   3 3   4 4   5 5   6 6   7 7   8 8   9 9   10 10   11 11   12 12   13 13   14 14   15 15   16 16   0 5   5 0   1 6   6 1   2 7   7 2   3 8   8 3   4 9   9 4   5 10   10 5   6 11   11 6   7 12   12 7   8 13   13 8   9 14   14 9   10 15   15 10   11 16   16 11
10 16 39   0 0   1 1   2 2   3 3   4 4   5 5   6 6   7 7   8 8   9 9   10 10   11 11   12 12   13 13   14 14   15 15   16 16   0 6   6 0   1 7   7 1   2 8   8 2   3 9   9 3   4 10   10 4   5 11   11 5   6 12   12 6   7 13   13 7   8 14   14 8   9 15   15 9   10 16   16 10
11 12 49   0 0   1 1   2 2   3 3   4 4   5 5   6 6   7 7   8 8   9 9   10 10   11 11   12 12   13 13   14 14   15 15   16 16   0 1   1 0   1 2   2 1   2 3   3 2   3 4   4 3   4 5   5 4   5 6   6 5   6 7   7 6   7 8   8 7   8 9   9 8   9 10   10 9   10 11   11 10   11 12   12 11   12 13   13 12   13 14   14 13   14 15   15 14   15 16   16 15
11 13 47   0 0   1 1   2 2   3 3   4 4   5 5   6 6   7 7   8 8   9 9   10 10   11 11   12 12   13 13   14 14   15 15   16 16   0 2   2 0   1 3   3 1   2 4   4 2   3 5   5 3   4 6   6 4   5 7   7 5   6 8   8 6   7 9   9 7   8 10   10 8   9 11   11 9   10 12   12 10   11 13   13 11   12 14   14 12   13 15   15 13   14 16   16 14
11 14 45   0 0   1 1   2 2   3 3   4 4   5 5   6 6   7 7   8 8   9 9   10 10   11 11   12 12   13 13   14 14   15 15   16 16   0 3   3 0   1 4   4 1   2 5   5 2   3 6   6 3   4 7   7 4   5 8   8 5   6 9   9 6   7 10   10 7   8 11   11 8   9 12   12 9   10 13   13 10   11 14   14 11   12 15   15 12   13 16   16 13
11 15 43   0 0   1 1   2 2   3 3   4 4   5 5   6 6   7 7   8 8   9 9   10 10   11 11   12 12   13 13   14 14   15 15   16 16   0 4   4 0   1 5   5 1   2 6   6 2   3 7   7 3   4 8   8 4   5 9   9 5   6 10   10 6   7 11   11 7   8 12   12 8   9 13   13 9   10 14   14 10   11 15   15 11   12 16   16 12
11 16 41   0 0   1 1   2 2   3 3   4 4   5 5   6 6   7 7   8 8   9 9   10 10   11 11   12 12   13 13   14 14   15 15   16 16   0 5   5 0   1 6   6 1   2 7   7 2   3 8   8 3   4 9   9 4   5 10   10 5   6 11   11 6   7 12   12 7   8 13   13 8   9 14   14 9   10 15   15 10   11 16   16 11
12 13 49   0 0   1 1   2 2   3 3   4 4   5 5   6 6   7 7   8 8   9 9   10 10   11 11   12 12   13 13   14 14   15 15   16 16   0 1   1 0   1 2   2 1   2 3   3 2   3 4   4 3   4 5   5 4   5 6   6 5   6 7   7 6   7 8   8 7   8 9   9 8   9 10   10 9   10 11   11 10   11 12   12 11   12 13   13 12   13 14   14 13   14 15   15 14   15 16   16 15
12 14 47   0 0   1 1   2 2   3 3   4 4   5 5   6 6   7 7   8 8   9 9   10 10   11 11   12 12   13 13   14 14   15 15   16 16   0 2   2 0   1 3   3 1   2 4   4 2   3 5   5 3   4 6   6 4   5 7   7 5   6 8   8 6   7 9   9 7   8 10   10 8   9 11   11 9   10 12   12 10   11 13   13 11   12 14   14 12   13 15   15 13   14 16   16 14
12 15 45   0 0   1 1   2 2   3 3   4 4   5 5   6 6   7 7   8 8   9 9   10 10   11 11   12 12   13 13   14 14   15 15   16 16   0 3   3 0   1 4   4 1   2 5   5 2   3 6   6 3   4 7   7 4   5 8   8 5   6 9   9 6   7 10   10 7   8 11   11 8   9 12   12 9   10 13   13 10   11 14   14 11   12 15   15 12   13 16   16 13
12 16 43   0 0   1 1   2 2   3 3   4 4   5 5   6 6   7 7   8 8   9 9   10 10   11 11   12 12   13 13   14 14   15 15   16 16   0 4   4 0   1 5   5 1   2 6   6 2   3 7   7 3   4 8   8 4   5 9   9 5   6 10   10 6   7 11   11 7   8 12   12 8   9 13   13 9   10 14   14 10   11 15   15 11   12 16   16 12
13 14 49   0 0   1 1   2 2   3 3   4 4   5 5   6 6   7 7   8 8   9 9   10 10   11 11   12 12   13 13   14 14   15 15   16 16   0 1   1 0   1 2   2 1   2 3   3 2   3 4   4 3   4 5   5 4   5 6   6 5   6 7   7 6   7 8   8 7   8 9   9 8   9 10   10 9   10 11   11 10   11 12   12 11   12 13   13 12   13 14   14 13   14 15   15 14   15 16   16 15
13 15 47   0 0   1 1   2 2   3 3   4 4   5 5   6 6   7 7   8 8   9 9   10 10   11 11   12 12   13 13   14 14   15 15   16 16   0 2   2 0   1 3   3 1   2 4   4 2   3 5   5 3   4 6   6 4   5 7   7 5   6 8   8 6   7 9   9 7   8 10   10 8   9 11   11 9   10 12   12 10   11 13   13 11   12 14   14 12   13 15   15 13   14 16   16 14
13 16 45   0 0   1 1   2 2   3 3   4 4   5 5   6 6   7 7   8 8   9 9   10 10   11 11   12 12   13 13   14 14   15 15   16 16   0 3   3 0   1 4   4 1   2 5   5 2   3 6   6 3   4 7   7 4   5 8   8 5   6 9   9 6   7 10   10 7   8 11   11 8   9 12   12 9   10 13   13 10   11 14   14 11   12 15   15 12   13 16   16 13
14 15 49   0 0   1 1   2 2   3 3   4 4   5 5   6 6   7 7   8 8   9 9   10 10   11 11   12 12   13 13   14 14   15 15   16 16   0 1   1 0   1 2   2 1   2 3   3 2   3 4   4 3   4 5   5 4   5 6   6 5   6 7   7 6   7 8   8 7   8 9   9 8   9 10   10 9   10 11   11 10   11 12   12 11   12 13   13 12   13 14   14 13   14 15   15 14   15 16   16 15
14 16 47   0 0   1 1   2 2   3 3   4 4   5 5   6 6   7 7   8 8   9 9   10 10   11 11   12 12   13 13   14 14   15 15   16 16   0 2   2 0   1 3   3 1   2 4   4 2   3 5   5 3   4 6   6 4   5 7   7 5   6 8   8 6   7 9   9 7   8 10   10 8   9 11   11 9   10 12   12 10   11 13   13 11   12 14   14 12   13 15   15 13   14 16   16 14
15 16 49   0 0   1 1   2 2   3 3   4 4   5 5   6 6   7 7   8 8   9 9   10 10   11 11   12 12   13 13   14 14   15 15   16 16   0 1   1 0   1 2   2 1   2 3   3 2   3 4   4 3   4 5   5 4   5 6   6 5   6 7   7 6   7 8   8 7   8 9   9 8   9 10   10 9   10 11   11 10   11 12   12 11   12 13   13 12   13 14   14 13   14 15   15 14   15 16   16 15
