0,0,1,4,4.0,26.0,2153144,2153144
0,0,1,5,5.0,44.0,2868792,2868792
0,0,1,6,6.0,66.66666666666667,2868792,2868792
0,0,1,7,7.0,94.0,2868792,2868792
0,0,1,8,8.0,126.0,3584520,3584520
0,0,1,9,9.0,162.66666666666666,3584744,3584744
0,0,1,10,10.0,204.0,4300456,4300456
0,0,1,11,11.0,250.0,5733776,5733776
0,0,1,12,12.0,300.6666666666667,5732088,5732088
0,0,1,13,13.0,356.0,8594544,8594544
0,0,1,14,14.0,416.0,9310320,9310320
0,0,1,15,15.0,480.6666666666667,12173224,12173224
0,0,1,16,16.0,550.0,11458656,11458656
0,0,1,17,17.0,624.0,12890224,12890224
0,0,1,18,18.0,702.6666666666666,16471736,16471736
0,0,1,19,19.0,786.0,4984656,4984656
0,0,1,20,20.0,874.0,28634408,28634408
0,0,1,21,21.0,966.6666666666666,6448576,6448576
0,0,1,22,22.0,1064.0,25773520,25773520
0,0,1,23,23.0,1166.0,28638560,28638560
0,0,1,4,4.0,26.0,2153144,2153144
0,0,1,5,5.0,44.0,2868792,2868792
0,0,1,6,6.0,66.66666666666667,2868792,2868792
0,0,1,7,7.0,94.0,2868792,2868792
0,0,1,8,8.0,126.0,3584824,3584824
0,0,1,9,9.0,162.66666666666666,3584440,3584440
0,0,1,10,10.0,204.0,5016104,5016104
0,0,1,11,11.0,250.0,5018200,5018200
0,0,1,12,12.0,300.6666666666667,6447888,6447888
0,0,1,13,13.0,356.0,7163384,7163384
0,0,1,14,14.0,416.0,8595224,8595224
0,0,1,15,15.0,480.6666666666667,10026312,10026312
0,0,1,16,16.0,550.0,11458624,11458624
0,0,1,17,17.0,624.0,12889632,12889632
0,0,1,18,18.0,702.6666666666666,15041816,15041816
0,0,1,19,19.0,786.0,17185576,17185576
0,0,1,20,20.0,874.0,20047336,20047336
0,0,1,21,21.0,966.6666666666666,22194528,22194528
0,0,1,22,22.0,1064.0,25773416,25773416
0,0,1,23,23.0,1166.0,28641520,28641520
0,0,1,4,4.0,26.0,2153144,2153144
0,0,1,5,5.0,44.0,2868792,2868792
0,0,1,6,6.0,66.66666666666667,2868792,2868792
0,0,1,7,7.0,94.0,2868792,2868792
0,0,1,8,8.0,126.0,3584824,3584824
0,0,1,9,9.0,162.66666666666666,4300112,4300112
0,0,1,10,10.0,204.0,5731832,5731832
0,0,1,4,4.0,26.0,2153144,2153144
0,0,1,5,5.0,44.0,2868792,2868792
0,0,1,6,6.0,66.66666666666667,2868792,2868792
0,0,1,7,7.0,94.0,2868792,2868792
0,0,1,8,8.0,126.0,3584824,3584824
0,0,1,9,9.0,162.66666666666666,4300256,4300256
0,0,1,10,10.0,204.0,4300184,4300184
0,0,1,11,11.0,250.0,5018200,5018200
0,0,1,12,12.0,300.6666666666667,6447880,6447880
0,0,1,13,13.0,356.0,7163856,7163856
0,0,1,14,14.0,416.0,8595136,8595136
0,0,1,15,15.0,480.6666666666667,10026040,10026040
0,0,1,16,16.0,550.0,11459160,11459160
0,0,1,17,17.0,624.0,14321280,14321280
0,0,1,18,18.0,702.6666666666666,15042464,15042464
0,0,1,19,19.0,786.0,25773336,25773336
0,0,1,20,20.0,874.0,28636960,28636960
0,0,1,21,21.0,966.6666666666666,26488680,26488680
0,0,1,22,22.0,1064.0,25774616,25774616
0,0,1,23,23.0,1166.0,32215416,32215416
0,0,1,24,24.0,1272.6666666666667,31502432,31502432
0,0,1,25,25.0,1384.0,7470320,7470320
0,0,1,26,26.0,1500.0,39332872,41578256
0,0,1,27,27.0,1620.6666666666667,49609536,41586960
0,0,1,28,28.0,1746.0,119570240,50779664
0,0,1,29,29.0,1876.0,82707704,48287840
0,0,1,30,30.0,2010.6666666666667,65906760,41588752
0,0,1,31,31.0,2150.0,62715664,41583248
0,0,1,32,32.0,2294.0,74755504,48385136
0,0,1,33,33.0,2442.6666666666665,96282784,48056888
0,0,1,34,34.0,2596.0,82871472,48035360
0,0,1,35,35.0,2754.0,90638400,47972800
0,0,1,36,36.0,2916.6666666666665,94517576,48135920
0,0,1,37,37.0,3084.0,111836816,54196032
0,0,1,38,38.0,3256.0,114300904,53761784
0,0,1,4,4.0,26.0,2153144,2153144
0,0,1,5,5.0,44.0,2868792,2868792
0,0,1,6,6.0,66.66666666666667,2868792,2868792
0,0,1,7,7.0,94.0,2868792,2868792
0,0,1,8,8.0,126.0,3584520,3584520
0,0,1,9,9.0,162.66666666666666,4300112,4300112
0,0,1,10,10.0,204.0,4300184,4300184
0,0,1,11,11.0,250.0,5733560,5733560
0,0,1,12,12.0,300.6666666666667,6448048,6448048
0,0,1,13,13.0,356.0,7163456,7163456
0,0,1,14,14.0,416.0,8594792,8594792
0,0,1,15,15.0,480.6666666666667,10026040,10026040
0,0,1,4,4.0,26.0,2153144,2153144
0,0,1,5,5.0,44.0,2868792,2868792
0,0,1,6,6.0,66.66666666666667,2868792,2868792
0,0,1,7,7.0,94.0,2868792,2868792
0,0,1,8,8.0,126.0,3584520,3584520
0,0,1,9,9.0,162.66666666666666,3584440,3584440
0,0,1,10,10.0,204.0,4300456,4300456
0,0,1,11,11.0,250.0,5733752,5733752
0,0,1,12,12.0,300.6666666666667,5732016,5732016
0,0,1,13,13.0,356.0,7887240,7887240
0,0,1,14,14.0,416.0,8595528,8595528
0,0,1,15,15.0,480.6666666666667,11457552,11457552
0,0,1,16,16.0,550.0,11459160,11459160
0,0,1,17,17.0,624.0,13605784,13605784
0,0,1,18,18.0,702.6666666666666,16472976,16472976
0,0,1,19,19.0,786.0,17899256,17899256
0,0,1,20,20.0,874.0,20763352,20763352
0,0,1,21,21.0,966.6666666666666,22910720,22910720
0,0,1,22,22.0,1064.0,25058000,25058000
0,0,1,23,23.0,1166.0,29354680,29354680
0,0,1,24,24.0,1272.6666666666667,30784648,30784648
0,0,1,25,25.0,1384.0,8537224,8537224
0,0,1,26,26.0,1500.0,45358096,41580176
0,0,1,27,27.0,1620.6666666666667,46776128,41570112
0,0,1,28,28.0,1746.0,48546536,41589136
0,0,1,29,29.0,1876.0,52089000,41595776
0,0,1,30,30.0,2010.6666666666667,58824592,41590400
0,0,1,31,31.0,2150.0,62365632,41576512
0,0,1,32,32.0,2294.0,77550632,48552368
0,0,1,33,33.0,2442.6666666666665,77222592,48259576
0,0,1,34,34.0,2596.0,99813480,48279184
0,0,1,35,35.0,2754.0,91343632,48036984
0,0,1,36,36.0,2916.6666666666665,133168816,54391240
0,0,1,37,37.0,3084.0,103347120,48061832
0,0,1,38,38.0,3256.0,118579296,54143320
0,0,1,39,39.0,3432.6666666666665,126317872,53908104
0,0,1,40,40.0,3614.0,166805400,59789256
0,0,1,41,41.0,3800.0,153163192,59668800
0,0,1,42,42.0,3990.6666666666665,184915192,65764040
0,0,1,43,43.0,4186.0,178346320,59555192
0,0,1,44,44.0,4386.0,251230856,71017488
0,0,1,45,45.0,4590.666666666667,187035800,65512144
0,0,1,46,46.0,4800.0,423575360,75050320
0,0,1,47,47.0,5014.0,217594840,70964816
0,0,1,48,48.0,5232.666666666667,229873280,70999400
0,0,1,49,49.0,5456.0,230361096,71221272
0,0,1,50,50.0,5684.0,316915240,84402944
0,0,1,51,51.0,5916.666666666667,645541088,86904056
0,0,1,52,52.0,6154.0,282139456,76840064
0,0,1,53,53.0,6396.0,297206952,82435984
0,0,1,54,54.0,6642.666666666667,349116184,88265352
0,0,1,55,55.0,6894.0,340733808,88140472
0,0,1,56,56.0,7150.0,858767648,100743520
0,0,1,57,57.0,7410.666666666667,367978760,93614504
0,0,1,4,4.0,26.0,2153144,2153144
0,0,1,5,5.0,44.0,2868792,2868792
0,0,1,6,6.0,66.66666666666667,2868792,2868792
0,0,1,7,7.0,94.0,2868792,2868792
0,0,1,8,8.0,126.0,3584824,3584824
0,0,1,9,9.0,162.66666666666666,3584440,3584440
0,0,1,10,10.0,204.0,5016128,5016128
0,0,1,11,11.0,250.0,5018200,5018200
0,0,1,12,12.0,300.6666666666667,6447888,6447888
0,0,1,13,13.0,356.0,7878800,7878800
0,0,1,14,14.0,416.0,8595056,8595056
0,0,1,15,15.0,480.6666666666667,10026328,10026328
0,0,1,16,16.0,550.0,11458456,11458456
0,0,1,17,17.0,624.0,12889536,12889536
0,0,1,18,18.0,702.6666666666666,18620456,18620456
0,0,1,19,19.0,786.0,18616368,18616368
0,0,1,20,20.0,874.0,21478856,21478856
0,0,1,21,21.0,966.6666666666666,22909616,22909616
0,0,1,22,22.0,1064.0,26489920,26489920
0,0,1,23,23.0,1166.0,29352896,29352896
0,0,1,24,24.0,1272.6666666666667,53509456,41895592
0,0,1,25,25.0,1384.0,40434344,41851192
0,0,1,26,26.0,1500.0,41457928,41582656
0,0,1,27,27.0,1620.6666666666667,50317752,41575760
0,0,1,28,28.0,1746.0,58328152,41582736
0,0,1,29,29.0,1876.0,57403680,41575824
0,0,1,30,30.0,2010.6666666666667,57755200,41579152
0,0,1,31,31.0,2150.0,61298672,41596624
0,0,1,32,32.0,2294.0,68750272,41579984
0,0,1,33,33.0,2442.6666666666665,78634496,48313592
0,0,1,34,34.0,2596.0,84997416,48034856
0,0,1,35,35.0,2754.0,123076248,54272608
0,0,1,36,36.0,2916.6666666666665,112039952,54253968
0,0,1,37,37.0,3084.0,151037984,59969720
0,0,1,38,38.0,3256.0,126316680,54163280
0,0,1,39,39.0,3432.6666666666665,347713664,62799800
0,0,1,40,40.0,3614.0,132679952,54188976
0,0,1,41,41.0,3800.0,154838368,59937600
0,0,1,42,42.0,3990.6666666666665,155704592,59799328
0,0,1,43,43.0,4186.0,229626120,69231528
0,0,1,44,44.0,4386.0,316349168,71157064
0,0,1,45,45.0,4590.666666666667,584686784,73061552
0,0,1,46,46.0,4800.0,241211616,71091272
0,0,1,47,47.0,5014.0,215472264,70705264
0,0,1,48,48.0,5232.666666666667,223506048,70660968
0,0,1,49,49.0,5456.0,237061584,71054552
0,0,1,50,50.0,5684.0,255483448,77117728
0,0,1,51,51.0,5916.666666666667,279910792,76863992
0,0,1,52,52.0,6154.0,281312320,76824184
0,0,1,53,53.0,6396.0,419996840,92010096
0,0,1,54,54.0,6642.666666666667,327771944,88375568
0,0,1,55,55.0,6894.0,365065112,97560264
0,0,1,56,56.0,7150.0,342161008,87980624
0,0,1,57,57.0,7410.666666666667,669127992,103693728
0,0,1,58,58.0,7676.0,579687408,106953736
0,0,1,59,59.0,7946.0,445098208,107648368
0,0,1,60,60.0,8220.666666666666,581117872,113558376
0,0,1,61,61.0,8500.0,439499928,104950968
0,0,1,62,62.0,8784.0,470902992,110591552
0,0,1,63,63.0,9072.666666666666,508120104,116088120
0,0,1,64,64.0,9366.0,514654400,115920264
0,0,1,65,65.0,9664.0,548964304,121780032
0,0,1,66,66.0,9966.666666666666,563957928,121669312
0,0,1,67,67.0,10274.0,605260128,127786392
0,0,1,68,68.0,10586.0,656208944,149161496
0,0,1,69,69.0,10902.666666666666,631393816,132859048
0,0,1,70,70.0,11224.0,660753752,147904424
0,0,1,71,71.0,11550.0,738791024,172233744
0,0,1,72,72.0,11880.666666666666,746483552,172771712
0,0,1,73,73.0,12216.0,1182447632,193988600
0,0,1,4,4.0,26.0,2153144,2153144
0,0,1,5,5.0,44.0,2868792,2868792
0,0,1,6,6.0,66.66666666666667,2868792,2868792
0,0,1,7,7.0,94.0,2868792,2868792
0,0,1,8,8.0,126.0,3584520,3584520
0,0,1,9,9.0,162.66666666666666,4300144,4300144
0,0,1,10,10.0,204.0,4300184,4300184
0,0,1,11,11.0,250.0,5733848,5733848
0,0,1,12,12.0,300.6666666666667,6448040,6448040
0,0,1,13,13.0,356.0,7163248,7163248
0,0,1,14,14.0,416.0,12889328,12889328
0,0,1,15,15.0,480.6666666666667,9310608,9310608
0,0,1,16,16.0,550.0,11458984,11458984
0,0,1,17,17.0,624.0,12889264,12889264
0,0,1,18,18.0,702.6666666666666,15042632,15042632
0,0,1,19,19.0,786.0,18617424,18617424
0,0,1,20,20.0,874.0,22194528,22194528
0,0,1,21,21.0,966.6666666666666,22909592,22909592
0,0,1,22,22.0,1064.0,26489936,26489936
0,0,1,23,23.0,1166.0,30069024,30069024
0,0,1,24,24.0,1272.6666666666667,31501424,31501424
0,0,1,25,25.0,1384.0,40076432,41894256
0,0,1,26,26.0,1500.0,40749920,41595728
0,0,1,27,27.0,1620.6666666666667,45357816,41564544
0,0,1,28,28.0,1746.0,49736872,41596432
0,0,1,29,29.0,1876.0,57404136,41575824
0,0,1,30,30.0,2010.6666666666667,57970528,41586816
0,0,1,31,31.0,2150.0,66616320,41579152
0,0,1,32,32.0,2294.0,67268312,41576016
0,0,1,33,33.0,2442.6666666666665,75810672,48193240
0,0,1,34,34.0,2596.0,92754120,48046224
0,0,1,35,35.0,2754.0,121699136,54390040
0,0,1,36,36.0,2916.6666666666665,123486472,53720104
0,0,1,37,37.0,3084.0,115383240,54244024
0,0,1,38,38.0,3256.0,119248480,53846072
0,0,1,39,39.0,3432.6666666666665,223261864,62830088
0,0,1,40,40.0,3614.0,141162624,53843312
0,0,1,41,41.0,3800.0,152484584,59654288
0,0,1,42,42.0,3990.6666666666665,147902544,59889928
0,0,1,43,43.0,4186.0,176221560,59759072
0,0,1,44,44.0,4386.0,175539784,59577112
0,0,1,45,45.0,4590.666666666667,190016296,65119248
0,0,1,46,46.0,4800.0,197858904,64994752
0,0,1,47,47.0,5014.0,233416952,70899632
0,0,1,48,48.0,5232.666666666667,232707448,70705344
0,0,1,49,49.0,5456.0,239087080,71257312
0,0,1,50,50.0,5684.0,326346488,84438568
0,0,1,51,51.0,5916.666666666667,258337576,76840712
0,0,1,52,52.0,6154.0,284883896,76876824
0,0,1,53,53.0,6396.0,547581912,92126608
0,0,1,54,54.0,6642.666666666667,311445816,82484320
0,0,1,55,55.0,6894.0,387836600,97392528
0,0,1,56,56.0,7150.0,352834608,88190032
0,0,1,57,57.0,7410.666666666667,380099240,93019984
0,0,1,58,58.0,7676.0,383665584,93602152
0,0,1,59,59.0,7946.0,452225800,108041032
0,0,1,60,60.0,8220.666666666666,456593552,104961600
0,0,1,61,61.0,8500.0,564688784,117090776
0,0,1,62,62.0,8784.0,547480304,120617504
0,0,1,63,63.0,9072.666666666666,533815800,116030168
0,0,1,64,64.0,9366.0,538254896,127171936
0,0,1,65,65.0,9664.0,563961216,121453936
0,0,1,66,66.0,9966.666666666666,591108272,127352704
0,0,1,4,4.0,26.0,2153144,2153144
0,0,1,5,5.0,44.0,2868792,2868792
0,0,1,6,6.0,66.66666666666667,2868792,2868792
0,0,1,7,7.0,94.0,2868792,2868792
