1,1,0,4,4.0,26.0,2153144,2153144
1,1,0,5,5.0,44.0,2868792,2868792
1,1,0,6,6.0,66.66666666666667,2868792,2868792
1,1,0,7,7.0,94.0,2868792,2868792
1,1,0,8,8.0,126.0,3584520,3584520
1,1,0,9,9.0,162.66666666666666,3584440,3584440
1,1,0,10,10.0,204.0,4300256,4300256
1,1,0,11,11.0,250.0,5018200,5018200
1,1,0,12,12.0,300.6666666666667,6447720,6447720
1,1,0,13,13.0,356.0,7163152,7163152
1,1,0,14,14.0,416.0,8595040,8595040
1,1,0,15,15.0,480.6666666666667,9310760,9310760
1,1,0,16,16.0,550.0,11458952,11458952
1,1,0,17,17.0,624.0,12889864,12889864
1,1,0,18,18.0,702.6666666666666,15753656,15753656
1,1,0,19,19.0,786.0,18616504,18616504
1,1,0,20,20.0,874.0,20762712,20762712
1,1,0,21,21.0,966.6666666666666,22910040,22910040
1,1,0,22,22.0,1064.0,25774720,25774720
1,1,0,23,23.0,1166.0,30069480,30069480
1,1,0,4,4.0,26.0,2153144,2153144
1,1,0,5,5.0,44.0,2868792,2868792
1,1,0,6,6.0,66.66666666666667,2868792,2868792
1,1,0,7,7.0,94.0,2868792,2868792
1,1,0,8,8.0,126.0,3584520,3584520
1,1,0,9,9.0,162.66666666666666,3584440,3584440
1,1,0,10,10.0,204.0,4300184,4300184
1,1,0,11,11.0,250.0,5018200,5018200
1,1,0,12,12.0,300.6666666666667,6447640,6447640
1,1,0,13,13.0,356.0,7163592,7163592
1,1,0,14,14.0,416.0,8595408,8595408
1,1,0,15,15.0,480.6666666666667,9310856,9310856
1,1,0,16,16.0,550.0,11458952,11458952
1,1,0,17,17.0,624.0,12889728,12889728
1,1,0,18,18.0,702.6666666666666,15753656,15753656
1,1,0,19,19.0,786.0,18617360,18617360
1,1,0,20,20.0,874.0,20762632,20762632
1,1,0,21,21.0,966.6666666666666,22910264,22910264
1,1,0,22,22.0,1064.0,25774096,25774096
1,1,0,23,23.0,1166.0,29352880,29352880
1,1,0,4,4.0,26.0,2153144,2153144
1,1,0,5,5.0,44.0,2868792,2868792
1,1,0,6,6.0,66.66666666666667,2868792,2868792
1,1,0,7,7.0,94.0,2868792,2868792
1,1,0,8,8.0,126.0,3584520,3584520
1,1,0,9,9.0,162.66666666666666,3584744,3584744
1,1,0,10,10.0,204.0,4300184,4300184
1,1,0,4,4.0,26.0,2153144,2153144
1,1,0,5,5.0,44.0,2868792,2868792
1,1,0,6,6.0,66.66666666666667,2868792,2868792
1,1,0,7,7.0,94.0,2868792,2868792
1,1,0,8,8.0,126.0,3584520,3584520
1,1,0,9,9.0,162.66666666666666,3584440,3584440
1,1,0,10,10.0,204.0,4300184,4300184
1,1,0,11,11.0,250.0,5018200,5018200
1,1,0,12,12.0,300.6666666666667,6447616,6447616
1,1,0,13,13.0,356.0,7163624,7163624
1,1,0,14,14.0,416.0,8594272,8594272
1,1,0,15,15.0,480.6666666666667,9310360,9310360
1,1,0,16,16.0,550.0,11458384,11458384
1,1,0,17,17.0,624.0,12889536,12889536
1,1,0,18,18.0,702.6666666666666,15753408,15753408
1,1,0,19,19.0,786.0,17899104,17899104
1,1,0,20,20.0,874.0,20762848,20762848
1,1,0,21,21.0,966.6666666666666,22910448,22910448
1,1,0,22,22.0,1064.0,25774352,25774352
1,1,0,23,23.0,1166.0,29354432,29354432
1,1,0,24,24.0,1272.6666666666667,32216832,32216832
1,1,0,25,25.0,1384.0,33648680,33648680
1,1,0,26,26.0,1500.0,39360600,41585568
1,1,0,27,27.0,1620.6666666666667,43584296,41573088
1,1,0,28,28.0,1746.0,47127072,41591184
1,1,0,29,29.0,1876.0,52795016,41607168
1,1,0,30,30.0,2010.6666666666667,58465928,41587664
1,1,0,31,31.0,2150.0,61298624,41594848
1,1,0,32,32.0,2294.0,68386512,41596960
1,1,0,33,33.0,2442.6666666666665,77222536,47981240
1,1,0,34,34.0,2596.0,80395752,48009664
1,1,0,35,35.0,2754.0,86750896,48125792
1,1,0,36,36.0,2916.6666666666665,93105904,48296032
1,1,0,37,37.0,3084.0,101063144,48228016
1,1,0,38,38.0,3256.0,109709512,54079944
1,1,0,39,39.0,3432.6666666666665,127023856,54003080
1,1,0,40,40.0,3614.0,127818600,54094808
1,1,0,41,41.0,3800.0,136565784,53998112
1,1,0,42,42.0,3990.6666666666665,146116224,59553496
1,1,0,43,43.0,4186.0,159955248,59508896
1,1,0,44,44.0,4386.0,168132344,59605232
1,1,0,45,45.0,4590.666666666667,177992360,59721632
1,1,0,46,46.0,4800.0,191444112,65124864
1,1,0,47,47.0,5014.0,206443624,64802344
1,1,0,48,48.0,5232.666666666667,214695936,65479368
1,1,0,49,49.0,5456.0,230351064,71148248
1,1,0,50,50.0,5684.0,243817512,71336040
1,1,0,51,51.0,5916.666666666667,259048656,76675768
1,1,0,52,52.0,6154.0,273983440,76799152
1,1,0,53,53.0,6396.0,289369520,82425968
1,1,0,54,54.0,6642.666666666667,311447184,81582128
1,1,0,55,55.0,6894.0,323503136,87911272
1,1,0,56,56.0,7150.0,339160720,88168512
1,1,0,57,57.0,7410.666666666667,360854904,93104992
1,1,0,58,58.0,7676.0,376539792,93696920
1,1,0,59,59.0,7946.0,396482656,99227808
1,1,0,60,60.0,8220.666666666666,416438256,99231160
1,1,0,61,61.0,8500.0,436547784,104706640
1,1,0,62,62.0,8784.0,457964344,105035480
1,1,0,63,63.0,9072.666666666666,480906880,110474944
1,1,0,64,64.0,9366.0,503840320,116049536
1,1,0,65,65.0,9664.0,526704792,116083296
1,1,0,66,66.0,9966.666666666666,550393320,121687344
1,1,0,67,67.0,10274.0,578257064,127099976
1,1,0,68,68.0,10586.0,601135776,127404464
1,1,0,69,69.0,10902.666666666666,630280472,132927008
1,1,0,70,70.0,11224.0,655758600,142911824
1,1,0,71,71.0,11550.0,684107368,159701576
1,1,0,72,72.0,11880.666666666666,713782040,159739224
1,1,0,73,73.0,12216.0,743147568,172826720
1,1,0,74,74.0,12556.0,772616984,173500376
1,1,0,75,75.0,12900.666666666666,804623304,182935808
1,1,0,76,76.0,13250.0,836715800,183475928
1,1,0,77,77.0,13604.0,870475200,192683712
1,1,0,78,78.0,13962.666666666666,904652128,193349680
1,1,0,79,79.0,14326.0,938204328,202763312
1,1,0,80,80.0,14694.0,975193536,203562744
1,1,0,81,81.0,15066.666666666666,1010983944,213094712
1,1,0,82,82.0,15444.0,1054634672,220603792
1,1,0,83,83.0,15826.0,1086090632,223339280
1,1,0,84,84.0,16212.666666666666,1142993936,232589528
1,1,0,85,85.0,16604.0,1167298040,236036696
1,1,0,86,86.0,17000.0,1208048744,282688856
1,1,0,87,87.0,17400.666666666668,1251917888,290409584
1,1,0,88,88.0,17806.0,1293092200,292056216
1,1,0,89,89.0,18216.0,1339630296,291729104
1,1,0,90,90.0,18630.666666666668,1383237368,308644520
1,1,0,91,91.0,19050.0,1429530136,309255784
1,1,0,92,92.0,19474.0,1478087616,325934048
1,1,0,93,93.0,19902.666666666668,1524989352,326770624
1,1,0,94,94.0,20336.0,1574266248,342329560
1,1,0,95,95.0,20774.0,1624259792,344135312
1,1,0,96,96.0,21216.666666666668,1676036800,349803880
1,1,0,97,97.0,21664.0,1738907008,363120440
1,1,0,98,98.0,22116.0,1793993736,364620432
1,1,0,99,99.0,22572.666666666668,1851201976,379745176
1,1,0,100,100.0,23034.0,1903688288,437315512
1,1,0,101,101.0,23500.0,1963349216,438880480
1,1,0,102,102.0,23970.666666666668,2024470408,456027600
1,1,0,103,103.0,24446.0,2088600824,462121896
1,1,0,4,4.0,26.0,2153144,2153144
1,1,0,5,5.0,44.0,2868792,2868792
1,1,0,6,6.0,66.66666666666667,2868792,2868792
1,1,0,7,7.0,94.0,2868792,2868792
1,1,0,8,8.0,126.0,3584520,3584520
1,1,0,9,9.0,162.66666666666666,3584440,3584440
1,1,0,10,10.0,204.0,4300184,4300184
1,1,0,11,11.0,250.0,5018200,5018200
1,1,0,12,12.0,300.6666666666667,6447640,6447640
1,1,0,13,13.0,356.0,7163152,7163152
1,1,0,14,14.0,416.0,8595416,8595416
1,1,0,15,15.0,480.6666666666667,9310688,9310688
1,1,0,4,4.0,26.0,2153144,2153144
1,1,0,5,5.0,44.0,2868792,2868792
1,1,0,6,6.0,66.66666666666667,2868792,2868792
1,1,0,7,7.0,94.0,2868792,2868792
1,1,0,8,8.0,126.0,3584520,3584520
1,1,0,9,9.0,162.66666666666666,3584608,3584608
1,1,0,10,10.0,204.0,4300456,4300456
1,1,0,11,11.0,250.0,5018200,5018200
1,1,0,12,12.0,300.6666666666667,6447840,6447840
1,1,0,13,13.0,356.0,7163760,7163760
1,1,0,14,14.0,416.0,8595224,8595224
1,1,0,15,15.0,480.6666666666667,9310760,9310760
1,1,0,16,16.0,550.0,11458352,11458352
1,1,0,17,17.0,624.0,12889536,12889536
1,1,0,18,18.0,702.6666666666666,15753720,15753720
1,1,0,19,19.0,786.0,18617096,18617096
1,1,0,20,20.0,874.0,20047376,20047376
1,1,0,21,21.0,966.6666666666666,22910240,22910240
1,1,0,22,22.0,1064.0,25773920,25773920
1,1,0,23,23.0,1166.0,27921520,27921520
1,1,0,24,24.0,1272.6666666666667,31500144,31500144
1,1,0,25,25.0,1384.0,35782656,35782656
1,1,0,26,26.0,1500.0,39332280,41585552
1,1,0,27,27.0,1620.6666666666667,43584048,41589328
1,1,0,28,28.0,1746.0,46418608,41619552
1,1,0,29,29.0,1876.0,52087064,41591456
1,1,0,30,30.0,2010.6666666666667,57049016,41607568
1,1,0,31,31.0,2150.0,62010368,41580240
1,1,0,32,32.0,2294.0,66966824,41590816
1,1,0,33,33.0,2442.6666666666665,75811032,48246256
1,1,0,34,34.0,2596.0,79689272,48213896
1,1,0,35,35.0,2754.0,88276512,47956480
1,1,0,36,36.0,2916.6666666666665,95226384,47962680
1,1,0,37,37.0,3084.0,101578272,48218568
1,1,0,38,38.0,3256.0,110409000,53885152
1,1,0,39,39.0,3432.6666666666665,127732208,53847056
1,1,0,40,40.0,3614.0,128440376,53962880
1,1,0,41,41.0,3800.0,137272648,53869080
1,1,0,42,42.0,3990.6666666666665,145410584,59720752
1,1,0,43,43.0,4186.0,158516240,59744376
1,1,0,44,44.0,4386.0,166659088,59775008
1,1,0,45,45.0,4590.666666666667,177283184,59855320
1,1,0,46,46.0,4800.0,192172016,65080240
1,1,0,47,47.0,5014.0,202107416,65392760
1,1,0,48,48.0,5232.666666666667,215469064,70889704
1,1,0,49,49.0,5456.0,228934560,71308832
1,1,0,50,50.0,5684.0,243108536,71379296
1,1,0,51,51.0,5916.666666666667,264024136,75965016
1,1,0,52,52.0,6154.0,272553032,77000968
1,1,0,53,53.0,6396.0,287946184,82592688
1,1,0,54,54.0,6642.666666666667,305037176,82495136
1,1,0,55,55.0,6894.0,321417704,82710992
1,1,0,56,56.0,7150.0,338448408,88253640
1,1,0,57,57.0,7410.666666666667,357826560,88085376
1,1,0,58,58.0,7676.0,377974616,93450904
1,1,0,59,59.0,7946.0,395058168,99407256
1,1,0,60,60.0,8220.666666666666,421422384,98561936
1,1,0,61,61.0,8500.0,435834032,104884176
1,1,0,62,62.0,8784.0,459381792,104792256
1,1,0,63,63.0,9072.666666666666,487334056,109502024
1,1,0,64,64.0,9366.0,505269392,115880472
1,1,0,65,65.0,9664.0,527419216,116006336
1,1,0,66,66.0,9966.666666666666,551822056,121530104
1,1,0,67,67.0,10274.0,576832608,127207696
1,1,0,68,68.0,10586.0,601820160,127296608
1,1,0,69,69.0,10902.666666666666,630232000,132927864
1,1,0,70,70.0,11224.0,660171352,146656064
1,1,0,71,71.0,11550.0,682821160,159662200
1,1,0,72,72.0,11880.666666666666,712841576,160011168
1,1,0,73,73.0,12216.0,742543432,173132968
1,1,0,74,74.0,12556.0,773737912,173316912
1,1,0,75,75.0,12900.666666666666,806442288,182517776
1,1,0,76,76.0,13250.0,836273592,183850144
1,1,0,77,77.0,13604.0,869040024,193138128
1,1,0,78,78.0,13962.666666666666,903299672,193413096
1,1,0,79,79.0,14326.0,938112768,203164856
1,1,0,80,80.0,14694.0,975253912,203561512
1,1,0,81,81.0,15066.666666666666,1011307472,212778416
1,1,0,82,82.0,15444.0,1047626120,223095744
1,1,0,83,83.0,15826.0,1086036816,223389152
1,1,0,84,84.0,16212.666666666666,1143132792,232733088
1,1,0,85,85.0,16604.0,1166832072,234425048
1,1,0,86,86.0,17000.0,1207830112,275264688
1,1,0,87,87.0,17400.666666666668,1251195280,291041104
1,1,0,88,88.0,17806.0,1295854320,291006312
1,1,0,89,89.0,18216.0,1338856920,292060296
1,1,0,90,90.0,18630.666666666668,1384693816,307871296
1,1,0,91,91.0,19050.0,1427767896,309615504
1,1,0,92,92.0,19474.0,1479727512,325596424
1,1,0,93,93.0,19902.666666666668,1529294272,323677432
1,1,0,94,94.0,20336.0,1573112472,343252656
1,1,0,95,95.0,20774.0,1624116424,344180704
1,1,0,96,96.0,21216.666666666668,1676379368,348452992
1,1,0,97,97.0,21664.0,1738874072,363116112
1,1,0,98,98.0,22116.0,1793975960,364632888
1,1,0,99,99.0,22572.666666666668,1851122880,379717528
1,1,0,100,100.0,23034.0,1902284008,437882648
1,1,0,101,101.0,23500.0,1962345560,437707064
1,1,0,102,102.0,23970.666666666668,2028800328,460510688
1,1,0,103,103.0,24446.0,2084970264,477116952
1,1,0,4,4.0,26.0,2153144,2153144
1,1,0,5,5.0,44.0,2868792,2868792
1,1,0,6,6.0,66.66666666666667,2868792,2868792
1,1,0,7,7.0,94.0,2868792,2868792
1,1,0,8,8.0,126.0,3584520,3584520
1,1,0,9,9.0,162.66666666666666,3584440,3584440
1,1,0,10,10.0,204.0,4300456,4300456
1,1,0,11,11.0,250.0,5018200,5018200
1,1,0,12,12.0,300.6666666666667,6447640,6447640
1,1,0,13,13.0,356.0,7163152,7163152
1,1,0,14,14.0,416.0,8594640,8594640
1,1,0,15,15.0,480.6666666666667,9311256,9311256
1,1,0,16,16.0,550.0,11459296,11459296
1,1,0,17,17.0,624.0,12890096,12890096
1,1,0,18,18.0,702.6666666666666,15756304,15756304
1,1,0,19,19.0,786.0,18616968,18616968
1,1,0,20,20.0,874.0,20050752,20050752
1,1,0,21,21.0,966.6666666666666,22909536,22909536
1,1,0,22,22.0,1064.0,25773400,25773400
1,1,0,23,23.0,1166.0,28638592,28638592
1,1,0,24,24.0,1272.6666666666667,31502088,31502088
1,1,0,25,25.0,1384.0,34367488,34367488
1,1,0,26,26.0,1500.0,8505016,8505016
1,1,0,27,27.0,1620.6666666666667,43584464,41583184
1,1,0,28,28.0,1746.0,48546152,41581392
1,1,0,29,29.0,1876.0,50672040,41594768
1,1,0,30,30.0,2010.6666666666667,57047736,41610464
1,1,0,31,31.0,2150.0,65128392,41611040
1,1,0,32,32.0,2294.0,68710720,41590624
1,1,0,33,33.0,2442.6666666666665,75811256,48150536
1,1,0,34,34.0,2596.0,79690656,48222912
1,1,0,35,35.0,2754.0,86749856,48083296
1,1,0,36,36.0,2916.6666666666665,94517696,48011528
1,1,0,37,37.0,3084.0,102990880,48025888
1,1,0,38,38.0,3256.0,108995040,54117648
1,1,0,39,39.0,3432.6666666666665,127046680,54131816
1,1,0,40,40.0,3614.0,128528968,53979136
1,1,0,41,41.0,3800.0,136566584,54022792
1,1,0,42,42.0,3990.6666666666665,146834064,59476744
1,1,0,43,43.0,4186.0,157807968,59772640
1,1,0,44,44.0,4386.0,166003600,59857376
1,1,0,45,45.0,4590.666666666667,178700800,59647392
1,1,0,46,46.0,4800.0,190727328,65295328
1,1,0,47,47.0,5014.0,204923368,65015152
1,1,0,48,48.0,5232.666666666667,216179304,70740632
1,1,0,49,49.0,5456.0,228947072,71328216
1,1,0,50,50.0,5684.0,243817832,71299960
1,1,0,51,51.0,5916.666666666667,258338160,76732968
1,1,0,52,52.0,6154.0,274685200,76711360
1,1,0,53,53.0,6396.0,290081712,82184576
1,1,0,54,54.0,6642.666666666667,305041056,82561928
1,1,0,55,55.0,6894.0,322043904,82593896
1,1,0,56,56.0,7150.0,339872736,88070816
1,1,0,57,57.0,7410.666666666667,357658432,88171320
1,1,0,58,58.0,7676.0,377249576,93554664
1,1,0,59,59.0,7946.0,395770336,99300320
1,1,0,60,60.0,8220.666666666666,417147072,99199256
1,1,0,61,61.0,8500.0,437269880,104756928
1,1,0,62,62.0,8784.0,457238112,105060248
1,1,0,63,63.0,9072.666666666666,480193176,110551928
1,1,0,64,64.0,9366.0,503125608,116190264
1,1,0,65,65.0,9664.0,526704520,116094008
1,1,0,66,66.0,9966.666666666666,549615952,121729816
1,1,0,67,67.0,10274.0,576163032,127294056
1,1,0,68,68.0,10586.0,602535224,127308624
1,1,0,69,69.0,10902.666666666666,630184768,132873312
1,1,0,70,70.0,11224.0,654542208,141788888
1,1,0,71,71.0,11550.0,684136760,159735016
1,1,0,72,72.0,11880.666666666666,712849832,160050272
1,1,0,73,73.0,12216.0,742566616,173140712
1,1,0,74,74.0,12556.0,773980344,173379792
1,1,0,75,75.0,12900.666666666666,804563088,183023536
1,1,0,76,76.0,13250.0,836384536,183757000
1,1,0,77,77.0,13604.0,870201296,193020904
1,1,0,78,78.0,13962.666666666666,903148008,193820024
1,1,0,79,79.0,14326.0,938149208,203146448
1,1,0,80,80.0,14694.0,978076432,211855976
1,1,0,81,81.0,15066.666666666666,1009803936,213588024
1,1,0,82,82.0,15444.0,1047785320,223183520
1,1,0,83,83.0,15826.0,1084700344,223420168
1,1,0,84,84.0,16212.666666666666,1140360352,233325840
1,1,0,85,85.0,16604.0,1167228112,236080720
1,1,0,86,86.0,17000.0,1207901408,275237264
1,1,0,87,87.0,17400.666666666668,1249730120,291284120
1,1,0,88,88.0,17806.0,1291357032,292395224
1,1,0,89,89.0,18216.0,1336801096,292820264
1,1,0,90,90.0,18630.666666666668,1383331416,308200552
1,1,0,91,91.0,19050.0,1429932568,309578320
1,1,0,92,92.0,19474.0,1479911648,325783512
1,1,0,93,93.0,19902.666666666668,1524382592,327237216
1,1,0,94,94.0,20336.0,1573098464,343295840
1,1,0,95,95.0,20774.0,1626095000,342979768
1,1,0,96,96.0,21216.666666666668,1676725400,350174008
1,1,0,97,97.0,21664.0,1738688584,364099496
1,1,0,98,98.0,22116.0,1793606912,364057000
1,1,0,99,99.0,22572.666666666668,1851863896,420441616
1,1,0,100,100.0,23034.0,1907104000,436441728
1,1,0,101,101.0,23500.0,1962365968,437674632
1,1,0,102,102.0,23970.666666666668,2021300496,453013720
1,1,0,103,103.0,24446.0,2085020176,476956728
1,1,0,4,4.0,26.0,2153144,2153144
1,1,0,5,5.0,44.0,2868792,2868792
1,1,0,6,6.0,66.66666666666667,2868792,2868792
1,1,0,7,7.0,94.0,2868792,2868792
1,1,0,8,8.0,126.0,3584824,3584824
1,1,0,9,9.0,162.66666666666666,3584440,3584440
1,1,0,10,10.0,204.0,4300456,4300456
1,1,0,11,11.0,250.0,5018104,5018104
1,1,0,12,12.0,300.6666666666667,6447888,6447888
1,1,0,13,13.0,356.0,7163152,7163152
1,1,0,14,14.0,416.0,8595008,8595008
1,1,0,15,15.0,480.6666666666667,9310472,9310472
1,1,0,16,16.0,550.0,11458648,11458648
1,1,0,17,17.0,624.0,12889264,12889264
1,1,0,18,18.0,702.6666666666666,15756912,15756912
1,1,0,19,19.0,786.0,18615176,18615176
1,1,0,20,20.0,874.0,20763240,20763240
1,1,0,21,21.0,966.6666666666666,22909728,22909728
1,1,0,22,22.0,1064.0,25775176,25775176
1,1,0,23,23.0,1166.0,29353320,29353320
1,1,0,24,24.0,1272.6666666666667,32215960,32215960
1,1,0,25,25.0,1384.0,34363512,34363512
1,1,0,26,26.0,1500.0,38624464,41624928
1,1,0,27,27.0,1620.6666666666667,45709536,41570576
1,1,0,28,28.0,1746.0,47127568,41583584
1,1,0,29,29.0,1876.0,51380136,41601312
1,1,0,30,30.0,2010.6666666666667,57049352,41604048
1,1,0,31,31.0,2150.0,63424216,41583568
1,1,0,32,32.0,2294.0,66968816,41585568
1,1,0,33,33.0,2442.6666666666665,75835584,48288632
1,1,0,34,34.0,2596.0,81102032,47971600
1,1,0,35,35.0,2754.0,87457712,48048344
1,1,0,36,36.0,2916.6666666666665,94518912,48016752
1,1,0,37,37.0,3084.0,102989520,47974776
1,1,0,38,38.0,3256.0,109006080,54126728
1,1,0,39,39.0,3432.6666666666665,126317080,54129976
1,1,0,40,40.0,3614.0,129236584,53821664
1,1,0,41,41.0,3800.0,135152608,54222736
1,1,0,42,42.0,3990.6666666666665,146123680,59602616
1,1,0,43,43.0,4186.0,157807816,59816072
1,1,0,44,44.0,4386.0,168079320,59591552
1,1,0,45,45.0,4590.666666666667,177995104,59730912
1,1,0,46,46.0,4800.0,194283120,64664720
1,1,0,47,47.0,5014.0,202795328,65258664
1,1,0,48,48.0,5232.666666666667,216184120,70762272
1,1,0,49,49.0,5456.0,230423504,71181040
1,1,0,50,50.0,5684.0,244526568,71198968
1,1,0,51,51.0,5916.666666666667,259786952,76591016
1,1,0,52,52.0,6154.0,274756088,76658944
1,1,0,53,53.0,6396.0,288658496,82514368
1,1,0,54,54.0,6642.666666666667,305757504,82377920
1,1,0,55,55.0,6894.0,322043904,82674200
1,1,0,56,56.0,7150.0,339158032,88097232
1,1,0,57,57.0,7410.666666666667,356948384,88206272
1,1,0,58,58.0,7676.0,377958496,93466592
1,1,0,59,59.0,7946.0,401471848,98293368
1,1,0,60,60.0,8220.666666666666,417860248,99056256
1,1,0,61,61.0,8500.0,436547232,104794520
1,1,0,62,62.0,8784.0,457240624,105062096
1,1,0,63,63.0,9072.666666666666,481641216,110396208
1,1,0,64,64.0,9366.0,503840152,116054008
1,1,0,65,65.0,9664.0,526704128,116113144
1,1,0,66,66.0,9966.666666666666,550397544,121713120
1,1,0,67,67.0,10274.0,576185712,127312072
1,1,0,68,68.0,10586.0,603267984,127146816
1,1,0,69,69.0,10902.666666666666,631319528,132717648
1,1,0,70,70.0,11224.0,656817624,143761296
1,1,0,71,71.0,11550.0,684091424,159681024
1,1,0,72,72.0,11880.666666666666,715889416,159310952
1,1,0,73,73.0,12216.0,747311984,171790192
1,1,0,74,74.0,12556.0,772099792,173785184
1,1,0,75,75.0,12900.666666666666,803891672,183252992
1,1,0,76,76.0,13250.0,836664840,183491248
1,1,0,77,77.0,13604.0,868908472,193063064
1,1,0,78,78.0,13962.666666666666,905889712,193156432
1,1,0,79,79.0,14326.0,938177128,202775168
1,1,0,80,80.0,14694.0,975175320,203577216
1,1,0,81,81.0,15066.666666666666,1009725688,213163800
1,1,0,82,82.0,15444.0,1050437624,222477064
1,1,0,83,83.0,15826.0,1085938704,223322432
1,1,0,84,84.0,16212.666666666666,1143059304,232788152
1,1,0,85,85.0,16604.0,1173521048,245179984
1,1,0,86,86.0,17000.0,1207965784,275179808
1,1,0,87,87.0,17400.666666666668,1251352288,290928528
1,1,0,88,88.0,17806.0,1291418120,292420544
1,1,0,89,89.0,18216.0,1336818928,292787552
1,1,0,90,90.0,18630.666666666668,1387490280,306688240
1,1,0,91,91.0,19050.0,1427791296,309653280
1,1,0,92,92.0,19474.0,1480044552,325716016
1,1,0,93,93.0,19902.666666666668,1524979256,326734440
1,1,0,94,94.0,20336.0,1574164936,342415008
1,1,0,95,95.0,20774.0,1629288808,341387712
1,1,0,96,96.0,21216.666666666668,1675889952,349848200
1,1,0,97,97.0,21664.0,1738277024,363544296
1,1,0,98,98.0,22116.0,1793382104,364552064
1,1,0,99,99.0,22572.666666666668,1851861632,420439736
1,1,0,100,100.0,23034.0,1903897448,437353112
1,1,0,101,101.0,23500.0,1961065600,439113040
1,1,0,102,102.0,23970.666666666668,2024872800,458803672
1,1,0,103,103.0,24446.0,2084933384,476950000
1,1,0,4,4.0,26.0,2153144,2153144
1,1,0,5,5.0,44.0,2868792,2868792
1,1,0,6,6.0,66.66666666666667,2868792,2868792
1,1,0,7,7.0,94.0,2868792,2868792
