1,0,2,1,4.0,0.0,5026328,5026328,1424
1,0,2,2,4.0,4.0,5026408,5026408,5496
1,0,2,3,4.0,8.0,5026520,5026520,11968
1,0,2,4,4.0,10.0,5026472,5026472,18208
1,0,2,5,4.0,11.2,5026496,5026496,24504
1,0,2,6,4.0,12.0,5011320,5011320,30680
1,0,2,7,4.0,12.571428571428571,5026608,5026608,36840
1,0,2,8,4.0,14.0,5011264,5011264,45672
1,0,2,9,4.0,14.222222222222221,5026464,5026464,51592
1,0,2,10,4.0,13.6,5026440,5026440,55368
1,0,2,11,4.0,14.545454545454545,5026496,5026496,64040
1,0,2,12,4.0,16.666666666666668,5026496,5026496,77400
1,0,2,13,4.0,16.0,5026512,5026512,80704
1,0,2,14,4.0,17.142857142857142,5026496,5026496,91984
1,0,2,15,4.0,17.6,5742240,5742240,100216
1,0,2,16,4.0,16.5,5741976,5741976,102192
1,0,2,17,4.0,16.941176470588236,5742216,5742216,110376
1,0,2,18,4.0,16.88888888888889,5742008,5742008,116344
1,0,2,19,4.0,17.263157894736842,5742072,5742072,124864
1,0,2,20,4.0,18.0,5742056,5742056,135376
1,0,2,21,4.0,16.761904761904763,5742096,5742096,134792
1,0,2,22,4.0,17.09090909090909,5742128,5742128,143160
1,0,2,23,4.0,17.391304347826086,5742144,5742144,151440
1,0,2,24,4.0,18.333333333333332,5742152,5742152,164512
1,0,2,25,4.0,17.92,5742112,5742112,168328
1,0,2,26,4.0,18.46153846153846,5742152,5742152,178520
1,0,2,27,4.0,18.962962962962962,5742088,5742088,351696
1,0,2,28,4.0,19.142857142857142,5742000,5742000,368064
1,0,2,29,4.0,18.482758620689655,5742072,5742072,199848
1,0,2,30,4.0,18.666666666666668,5742008,5742008,207224
1,0,2,31,4.0,17.548387096774192,5742024,5742024,204464
1,0,2,32,4.0,18.75,5742192,5742192,222912
1,0,2,33,4.0,19.636363636363637,6457968,6457968,238056
1,0,2,34,4.0,19.294117647058822,6457808,6457808,240504
1,0,2,35,4.0,18.742857142857144,6457808,6457808,243744
1,0,2,36,4.0,18.666666666666668,6458032,6458032,250128
1,0,2,37,4.0,19.243243243243242,6457640,6457640,261448
1,0,2,38,4.0,19.36842105263158,6457640,6457640,270104
1,0,2,39,4.0,19.487179487179485,6457752,6457752,278944
1,0,2,40,4.0,18.8,6457792,6457792,278048
1,0,2,41,4.0,19.317073170731707,6457624,6457624,290584
1,0,2,42,4.0,20.0,6457808,6457808,306264
1,0,2,43,4.0,19.162790697674417,6457720,6457720,303424
1,0,2,44,4.0,20.181818181818183,6457872,6457872,322648
1,0,2,45,4.0,19.022222222222222,6457776,6457776,315240
1,0,2,46,4.0,20.0,6457720,6457720,335248
1,0,2,47,4.0,19.914893617021278,6457680,6457680,341720
1,0,2,48,4.0,19.666666666666668,6457880,6457880,345640
1,0,2,49,4.0,19.755102040816325,6457704,6457704,658608
1,0,2,50,4.0,19.84,7173352,7173352,675984
1,0,2,51,4.0,20.705882352941178,7173456,7173456,381848
1,0,2,52,4.0,19.846153846153847,7173536,7173536,702616
1,0,2,53,4.0,19.92452830188679,7173272,7173272,385088
1,0,2,54,4.0,20.0,7173680,7173680,392944
1,0,2,55,4.0,20.654545454545456,7173320,7173320,413576
1,0,2,56,4.0,20.571428571428573,7173400,7173400,781672
1,0,2,57,4.0,20.210526315789473,7173608,7173608,418896
1,0,2,58,4.0,20.551724137931036,7173304,7173304,432896
1,0,2,59,4.0,19.661016949152543,7173424,7173424,422648
1,0,2,60,4.0,20.533333333333335,7173432,7173432,447016
1,0,2,61,4.0,20.065573770491802,7173440,7173440,447504
1,0,2,62,4.0,19.870967741935484,7173432,7173432,449600
1,0,2,63,4.0,20.063492063492063,7173432,7173432,459992
1,0,2,64,4.0,20.5,7173384,7173384,474584
1,0,2,65,4.0,20.923076923076923,7173384,7173384,489520
1,0,2,66,4.0,20.727272727272727,7889024,7889024,923424
1,0,2,67,4.0,20.895522388059703,7889024,7889024,505752
1,0,2,68,4.0,20.470588235294116,7889072,7889072,503368
1,0,2,69,4.0,20.869565217391305,7889200,7889200,519072
1,0,2,70,4.0,20.8,7889320,7889320,980912
1,0,2,71,4.0,20.619718309859156,7889160,7889160,529992
1,0,2,72,4.0,20.88888888888889,7889200,7889200,1013224
1,0,2,73,4.0,20.82191780821918,7889072,7889072,549104
1,0,2,74,4.0,21.18918918918919,7889664,7889664,1056896
1,0,2,75,4.0,20.586666666666666,7889048,7889048,1042424
1,0,2,76,4.0,21.05263157894737,7889048,7889048,576392
1,0,2,77,4.0,20.571428571428573,7889384,7889384,573008
1,0,2,78,4.0,20.923076923076923,7888968,7888968,588672
1,0,2,79,4.0,20.658227848101266,7889296,7889296,587912
1,0,2,80,4.0,20.6,7889088,7889088,598296
1,0,2,81,4.0,20.444444444444443,7889312,7889312,1118768
1,0,2,82,4.0,20.975609756097562,7889432,7889432,618688
1,0,2,83,4.0,20.72289156626506,7889352,7889352,1161832
1,0,2,84,4.0,20.952380952380953,8604904,8604904,1184088
1,0,2,85,4.0,20.8,8605304,8605304,1191328
1,0,2,86,4.0,20.46511627906977,8605360,8605360,636864
1,0,2,87,4.0,20.96551724137931,8605488,8605488,1227816
1,0,2,88,4.0,21.363636363636363,8605128,8605128,1263224
1,0,2,89,4.0,20.853932584269664,8604768,8604768,671040
1,0,2,90,4.0,20.711111111111112,8604848,8604848,1256176
1,0,2,91,4.0,21.36263736263736,8606496,8606496,697800
1,0,2,92,4.0,21.73913043478261,8605424,8605424,716224
1,0,2,93,4.0,21.247311827956988,8604648,8604648,1328840
1,0,2,94,4.0,21.106382978723403,8605112,8605112,714104
1,0,2,95,4.0,20.71578947368421,8605000,8605000,709888
1,0,2,96,4.0,21.083333333333332,8605224,8605224,1363872
1,0,2,97,4.0,20.8659793814433,8604904,8604904,731192
1,0,2,98,4.0,21.387755102040817,8604984,8604984,1406984
1,0,2,99,4.0,21.414141414141415,9320408,9320408,760752
1,0,2,100,4.0,21.2,9320216,9320216,763408
1,0,2,101,4.0,20.99009900990099,9329056,9329056,762296
1,0,2,102,4.0,21.49019607843137,9320328,9320328,1472152
1,0,2,103,4.0,21.203883495145632,9320928,9320928,1467168
1,0,2,104,4.0,21.384615384615383,9320464,9320464,1490368
1,0,2,105,4.0,21.409523809523808,9320648,9320648,805592
1,0,2,106,4.0,20.90566037735849,9320344,9320344,798600
1,0,2,107,4.0,21.30841121495327,9320416,9320416,817792
1,0,2,108,4.0,21.333333333333332,9321096,9321096,826416
1,0,2,109,4.0,21.137614678899084,9321232,9321232,1547160
1,0,2,110,4.0,21.454545454545453,9321208,9321208,1582112
1,0,2,111,4.0,21.26126126126126,9320952,9320952,844488
1,0,2,112,4.0,21.285714285714285,9321264,9321264,1601480
1,0,2,113,4.0,21.168141592920353,9320688,9320688,860208
1,0,2,114,4.0,20.70175438596491,9320536,9320536,849648
1,0,2,115,4.0,21.217391304347824,9320432,9320432,1637544
1,0,2,116,4.0,21.586206896551722,10036640,10036640,896152
1,0,2,117,4.0,21.333333333333332,10036008,10036008,897744
1,0,2,118,4.0,21.35593220338983,10036520,10036520,1687808
1,0,2,119,4.0,21.781512605042018,10036440,10036440,1739000
1,0,2,120,4.0,21.533333333333335,10036704,10036704,1735048
1,0,2,121,4.0,21.421487603305785,10036208,10036208,926208
1,0,2,122,4.0,21.24590163934426,10036120,10036120,1738672
1,0,2,123,4.0,21.333333333333332,10036472,10036472,937896
1,0,2,124,4.0,21.483870967741936,10036432,10036432,1787736
1,0,2,125,4.0,21.696,10037048,10037048,1816144
1,0,2,126,4.0,21.58730158730159,10036096,10036096,1817744
1,0,2,127,4.0,21.606299212598426,10036456,10036456,1835288
1,0,2,128,4.0,21.625,10036488,10036488,1855368
1,0,2,129,4.0,21.147286821705425,10036576,10036576,978576
1,0,2,130,4.0,21.23076923076923,10036472,10036472,987088
1,0,2,131,4.0,21.49618320610687,10751992,10751992,1886280
1,0,2,132,4.0,21.454545454545453,10752032,10752032,1014776
1,0,2,133,4.0,21.774436090225564,10751880,10751880,1939200
1,0,2,134,4.0,21.37313432835821,10752576,10752576,1922544
1,0,2,135,4.0,21.748148148148147,10752240,10752240,1052536
1,0,2,136,4.0,21.823529411764707,10752288,10752288,1986008
1,0,2,137,4.0,21.313868613138688,10752472,10752472,1958752
1,0,2,138,4.0,21.565217391304348,10753136,10753136,1996352
1,0,2,139,4.0,21.52517985611511,10752648,10752648,2005656
1,0,2,140,4.0,21.485714285714284,10753480,10753480,2015720
1,0,2,141,4.0,21.617021276595743,10752304,10752304,2034576
1,0,2,142,4.0,21.35211267605634,11467600,11467600,2034448
1,0,2,143,4.0,21.818181818181817,10751808,10751808,2084760
1,0,2,144,4.0,21.61111111111111,10752496,10752496,2082040
1,0,2,145,4.0,21.517241379310345,10751952,10751952,1113376
1,0,2,146,4.0,21.91780821917808,11467912,11467912,2137536
1,0,2,147,4.0,21.98639455782313,11467448,11467448,1146328
1,0,2,148,4.0,21.62162162162162,11467344,11467344,2139336
1,0,2,149,4.0,21.530201342281877,11467312,11467312,2146848
1,0,2,150,4.0,21.76,11467816,11467816,2184656
1,0,2,151,4.0,22.039735099337747,11468264,11468264,2223688
1,0,2,152,4.0,21.894736842105264,11468152,11468152,2225848
1,0,2,153,4.0,21.594771241830067,11468024,11468024,1177920
1,0,2,154,4.0,21.506493506493506,11468032,11468032,2222672
1,0,2,155,4.0,21.780645161290323,11467776,11467776,2255736
1,0,2,156,4.0,21.897435897435898,11467936,11467936,2284152
1,0,2,157,4.0,21.503184713375795,11467792,11467792,1210128
1,0,2,158,4.0,21.974683544303797,12183224,12183224,2323552
1,0,2,159,4.0,21.735849056603772,11467888,11467888,2316360
1,0,2,160,4.0,21.55,11467784,11467784,2308888
1,0,2,161,4.0,21.763975155279503,11468392,11468392,1252384
1,0,2,162,4.0,21.876543209876544,12191272,12191272,1263312
1,0,2,163,4.0,21.39877300613497,12184128,12184128,2339640
1,0,2,164,4.0,21.51219512195122,12183384,12183384,2365704
1,0,2,165,4.0,22.10909090909091,12183744,12183744,2438416
1,0,2,166,4.0,22.16867469879518,12184408,12184408,2456544
1,0,2,167,4.0,21.892215568862277,12184000,12184000,2443672
1,0,2,168,4.0,21.714285714285715,12899664,12899664,2443256
1,0,2,169,4.0,21.680473372781066,12184328,12184328,1305136
1,0,2,170,4.0,21.647058823529413,12184424,12184424,1312480
1,0,2,171,4.0,21.567251461988302,12184400,12184400,1315064
1,0,2,172,4.0,21.72093023255814,12183592,12183592,2504472
1,0,2,173,4.0,22.196531791907514,12899280,12899280,2566320
1,0,2,174,4.0,21.977011494252874,13615248,13615248,2556960
1,0,2,175,4.0,21.942857142857143,12183720,12183720,1363592
1,0,2,176,4.0,21.818181818181817,12183384,12183384,2565032
1,0,2,177,4.0,21.875706214689266,12899248,12899248,2594128
1,0,2,178,4.0,22.15730337078652,12900856,12900856,2631408
1,0,2,179,4.0,21.76536312849162,12899776,12899776,2606600
1,0,2,180,4.0,21.733333333333334,12899464,12899464,2621000
1,0,2,181,4.0,21.92265193370166,12900328,12900328,2646048
1,0,2,182,4.0,21.978021978021978,12899752,12899752,1423344
1,0,2,183,4.0,21.770491803278688,12899560,12899560,2666328
1,0,2,184,4.0,21.73913043478261,12899432,12899432,2676872
1,0,2,185,4.0,22.054054054054053,12899816,12899816,2721040
1,0,2,186,4.0,21.93548387096774,12899408,12899408,1452672
1,0,2,187,4.0,22.16042780748663,12899144,12899144,2764296
1,0,2,188,4.0,22.0,12900232,12900232,2761464
1,0,2,189,4.0,21.925925925925927,12900808,12900808,2770480
1,0,2,190,4.0,21.68421052631579,12898928,12898928,1474432
1,0,2,191,4.0,21.780104712041886,13614560,13614560,2785000
1,0,2,192,4.0,22.0,13615344,13615344,2818712
1,0,2,193,4.0,21.637305699481864,13615456,13615456,2794784
1,0,2,194,4.0,22.185567010309278,13615424,13615424,2867584
1,0,2,195,4.0,21.661538461538463,13615256,13615256,2828568
1,0,2,196,4.0,21.918367346938776,13615312,13615312,2873752
1,0,2,197,4.0,22.01015228426396,14331536,14331536,2894800
1,0,2,198,4.0,21.616161616161616,13614736,13614736,2863984
1,0,2,199,4.0,22.07035175879397,13616880,13616880,2935528
1,0,2,200,4.0,21.76,13616112,13616112,2911704
1,0,2,201,4.0,22.049751243781095,13618832,13618832,1573192
1,0,2,202,4.0,22.178217821782177,13615272,13615272,2988936
1,0,2,203,4.0,22.147783251231527,13615632,13615632,3001792
1,0,2,204,4.0,22.19607843137255,14330864,14330864,3019808
1,0,2,205,4.0,21.89268292682927,14330832,14330832,2998872
1,0,2,206,4.0,22.368932038834952,14331104,14331104,3069576
1,0,2,207,4.0,22.26086956521739,14330744,14330744,3071648
1,0,2,208,4.0,21.884615384615383,14330384,14330384,3043744
1,0,2,209,4.0,22.16267942583732,14330928,14330928,3091944
1,0,2,210,4.0,22.285714285714285,14330432,14330432,1662520
1,0,2,211,4.0,21.990521327014218,14331576,14331576,3098816
1,0,2,212,4.0,21.92452830188679,15046408,15046408,3103968
1,0,2,213,4.0,22.08450704225352,14330624,14330624,3141368
1,0,2,214,4.0,22.16822429906542,14330864,14330864,3165336
1,0,2,215,4.0,21.91627906976744,15048240,15048240,3155840
1,0,2,216,4.0,22.14814814814815,14330344,14330344,3191488
1,0,2,217,4.0,21.972350230414747,14331528,14331528,3184840
1,0,2,218,4.0,22.201834862385322,15762280,15762280,3223336
1,0,2,219,4.0,22.17351598173516,15045904,15045904,3240592
1,0,2,220,4.0,21.927272727272726,15047200,15047200,3221104
1,0,2,221,4.0,22.009049773755656,15055128,15055128,3245304
1,0,2,222,4.0,22.09009009009009,15046432,15046432,3276888
1,0,2,223,4.0,22.206278026905828,15046504,15046504,3307376
1,0,2,224,4.0,22.071428571428573,15046544,15046544,3300448
1,0,2,225,4.0,22.186666666666667,15047392,15047392,3332552
1,0,2,226,4.0,22.336283185840706,15047448,15047448,3364856
1,0,2,227,4.0,22.026431718061673,15047144,15047144,3343472
1,0,2,228,4.0,22.0,15046848,15046848,3343344
1,0,2,229,4.0,21.868995633187772,15047808,15047808,3346056
1,0,2,230,4.0,22.330434782608695,15047448,15047448,3427608
1,0,2,231,4.0,21.956709956709958,15048528,15048528,3386368
1,0,2,232,4.0,22.06896551724138,15047024,15047024,3417616
1,0,2,233,4.0,22.3519313304721,15762432,15762432,3474072
1,0,2,234,4.0,21.914529914529915,15047224,15047224,1826168
1,0,2,235,4.0,21.95744680851064,15763880,15763880,3446720
1,0,2,236,4.0,22.305084745762713,15762360,15762360,3509040
1,0,2,237,4.0,21.974683544303797,15764824,15764824,3478600
1,0,2,238,4.0,22.15126050420168,15762568,15762568,3517624
1,0,2,239,4.0,22.225941422594143,15763504,15763504,3550112
1,0,2,240,4.0,22.2,15762424,15762424,3548336
1,0,2,241,4.0,22.37344398340249,15762304,15762304,3594520
1,0,2,242,4.0,22.115702479338843,15761800,15761800,3570200
1,0,2,243,4.0,22.189300411522634,15762440,15762440,3591456
1,0,2,244,4.0,22.229508196721312,15762880,15762880,3609360
1,0,2,245,4.0,22.20408163265306,13937120,13937120,3633648
1,0,2,246,4.0,22.308943089430894,17195552,17195552,3658912
1,0,2,247,4.0,21.991902834008098,16478152,16478152,3630392
1,0,2,248,4.0,22.322580645161292,16485776,16485776,3695336
1,0,2,249,4.0,22.23293172690763,16478664,16478664,3690064
1,0,2,250,4.0,22.432,16479032,16479032,3731744
1,0,2,251,4.0,22.470119521912352,16478288,16478288,3758072
1,0,2,252,4.0,22.253968253968253,16478624,16478624,3741800
1,0,2,253,4.0,22.07114624505929,16478720,16478720,3730000
1,0,2,254,4.0,22.330708661417322,17193784,17193784,3777648
1,0,2,255,4.0,22.180392156862744,17193360,17193360,3777384
1,0,2,256,4.0,22.1875,17197888,17197888,3798168
1,0,2,257,4.0,22.2568093385214,17193648,17193648,3816544
1,0,2,258,4.0,22.046511627906977,16478400,16478400,3798336
1,0,2,259,4.0,22.177606177606176,16478072,16478072,3829880
1,0,2,260,4.0,22.246153846153845,16478448,16478448,3859032
1,0,2,261,4.0,22.344827586206897,17195296,17195296,3890144
1,0,2,262,4.0,22.198473282442748,17194016,17194016,3878656
1,0,2,263,4.0,22.29657794676806,17193936,17193936,3910584
1,0,2,264,4.0,22.424242424242426,17909984,17909984,3952664
1,0,2,265,4.0,22.18867924528302,17195832,17195832,3928960
1,0,2,266,4.0,22.165413533834588,18625512,18625512,3938576
1,0,2,267,4.0,22.382022471910112,17194320,17194320,3976408
1,0,2,268,4.0,22.26865671641791,17195968,17195968,3979064
1,0,2,269,4.0,22.066914498141266,17196648,17196648,3965920
1,0,2,270,4.0,22.51851851851852,17194016,17194016,4047632
1,0,2,271,4.0,22.199261992619927,17195520,17195520,4014264
1,0,2,272,4.0,22.470588235294116,17910256,17910256,4072600
1,0,2,273,4.0,22.036630036630036,17193352,17193352,4020416
1,0,2,274,4.0,22.043795620437955,17909656,17909656,4034000
1,0,2,275,4.0,22.283636363636365,18625168,18625168,4089704
1,0,2,276,4.0,22.405797101449274,17908536,17908536,4115304
1,0,2,277,4.0,22.411552346570396,18626872,18626872,4138464
1,0,2,278,4.0,22.27338129496403,18625904,18625904,4128672
1,0,2,279,4.0,22.336917562724015,17910792,17910792,4144856
1,0,2,280,4.0,22.2,17910624,17910624,4147016
1,0,2,281,4.0,22.234875444839858,17910968,17910968,4167200
1,0,2,282,4.0,22.43971631205674,17910672,17910672,4220224
1,0,2,283,4.0,22.3321554770318,17911408,17911408,4211928
1,0,2,284,4.0,22.366197183098592,18626728,18626728,4228808
1,0,2,285,4.0,22.17543859649123,17910312,17910312,4218320
1,0,2,286,4.0,22.48951048951049,18627192,18627192,4284128
1,0,2,287,4.0,22.634146341463413,18625320,18625320,4327816
1,0,2,288,4.0,22.5,19342408,19342408,4322152
1,0,2,289,4.0,22.422145328719722,18626160,18626160,4321088
1,0,2,290,4.0,22.427586206896553,18625648,18625648,4331504
1,0,2,291,4.0,22.2680412371134,18625856,18625856,4323208
1,0,2,292,4.0,22.575342465753426,18625920,18625920,4392608
1,0,2,293,4.0,22.525597269624573,19341816,19341816,4403624
1,0,2,294,4.0,22.285714285714285,18625264,18625264,4371456
1,0,2,295,4.0,22.427118644067797,20060032,20060032,4416112
1,0,2,296,4.0,22.486486486486488,22921352,22921352,4434912
1,0,2,297,4.0,22.410774410774412,19342640,19342640,4432904
1,0,2,298,4.0,22.28187919463087,20773288,20773288,4425512
1,0,2,299,4.0,22.207357859531772,18626856,18626856,4428256
1,0,2,300,4.0,22.24,19343656,19343656,4452000
1,0,2,1,4.0,0.0,5026440,5026440,1424
1,0,2,2,4.0,4.0,5026448,5026448,5496
1,0,2,3,4.0,8.0,5011264,5011264,11968
1,0,2,4,4.0,10.0,5026384,5026384,18208
1,0,2,5,4.0,9.6,5026440,5026440,21896
1,0,2,6,4.0,12.0,5011096,5011096,30792
1,0,2,7,4.0,13.714285714285714,5026312,5026312,39480
1,0,2,8,4.0,14.0,5026408,5026408,45560
1,0,2,9,4.0,16.0,5026472,5026472,56760
1,0,2,10,4.0,14.4,5026536,5026536,57784
1,0,2,11,4.0,16.727272727272727,5026496,5026496,71400
1,0,2,12,4.0,17.333333333333332,5026464,5026464,79608
1,0,2,13,4.0,16.615384615384617,5026568,5026568,83696
1,0,2,14,4.0,16.571428571428573,5026488,5026488,89536
1,0,2,15,4.0,16.533333333333335,5750296,5750296,95624
1,0,2,16,4.0,16.0,5742120,5742120,99616
1,0,2,17,4.0,16.941176470588236,5741968,5741968,110216
1,0,2,18,4.0,17.77777777777778,5742072,5742072,120968
1,0,2,19,4.0,17.68421052631579,5726912,5726912,126976
1,0,2,20,4.0,18.0,5742104,5742104,135008
1,0,2,21,4.0,18.285714285714285,5742144,5742144,143560
1,0,2,22,4.0,17.09090909090909,5742136,5742136,143272
1,0,2,23,4.0,18.08695652173913,5742072,5742072,156512
1,0,2,24,4.0,18.333333333333332,5742152,5742152,164320
1,0,2,25,4.0,17.92,5742296,5742296,168344
1,0,2,26,4.0,19.384615384615383,5741992,5741992,186648
1,0,2,27,4.0,19.25925925925926,5742008,5742008,191680
1,0,2,28,4.0,18.857142857142858,5742240,5742240,195312
1,0,2,29,4.0,18.75862068965517,5742152,5742152,201640
1,0,2,30,4.0,18.133333333333333,5726968,5726968,203480
1,0,2,31,4.0,19.870967741935484,5742072,5742072,225888
1,0,2,32,4.0,18.75,5726376,5726376,222384
1,0,2,33,4.0,18.90909090909091,5742096,5742096,232264
1,0,2,34,4.0,19.058823529411764,6457728,6457728,240040
1,0,2,35,4.0,19.2,6457976,6457976,459984
1,0,2,36,4.0,18.666666666666668,6457768,6457768,249696
1,0,2,37,4.0,18.81081081081081,6457736,6457736,257352
1,0,2,38,4.0,18.94736842105263,6457752,6457752,266472
1,0,2,39,4.0,19.692307692307693,6457792,6457792,282736
1,0,2,40,4.0,20.0,6457672,6457672,292784
1,0,2,41,4.0,19.51219512195122,6457728,6457728,293880
1,0,2,42,4.0,19.238095238095237,6457784,6457784,297640
1,0,2,43,4.0,19.348837209302324,6457784,6457784,306208
1,0,2,44,4.0,19.454545454545453,6457784,6457784,314288
1,0,2,45,4.0,20.266666666666666,6457752,6457752,331760
1,0,2,46,4.0,18.782608695652176,6457656,6457656,319480
1,0,2,47,4.0,19.404255319148938,6457784,6457784,622600
1,0,2,48,4.0,19.833333333333332,6457768,6457768,648456
1,0,2,49,4.0,19.755102040816325,6457752,6457752,352800
1,0,2,50,4.0,20.32,7181536,7181536,368224
1,0,2,51,4.0,20.862745098039216,7158216,7158216,385736
1,0,2,52,4.0,20.0,7173376,7173376,705688
1,0,2,53,4.0,20.22641509433962,7173560,7173560,389600
1,0,2,54,4.0,19.85185185185185,7157720,7157720,730160
1,0,2,55,4.0,19.490909090909092,7173552,7173552,392600
1,0,2,56,4.0,20.714285714285715,7173632,7173632,420072
1,0,2,57,4.0,20.49122807017544,7173448,7173448,424848
1,0,2,58,4.0,19.448275862068964,7173512,7173512,413904
1,0,2,59,4.0,20.06779661016949,7173672,7173672,432872
1,0,2,60,4.0,20.4,7173424,7173424,444696
1,0,2,61,4.0,20.327868852459016,7173288,7173288,837600
