0,3,2,4,4.0,26.0,2153144,2153144
0,3,2,5,5.0,44.0,2868792,2868792
0,3,2,6,6.0,66.66666666666667,2868792,2868792
0,3,2,7,7.0,94.0,3584488,3584488
0,3,2,8,8.0,126.0,4300216,4300216
0,3,2,9,9.0,162.66666666666666,5731472,5731472
0,3,2,10,10.0,204.0,7162680,7162680
0,3,2,11,11.0,250.0,10027944,10027944
0,3,2,12,12.0,300.6666666666667,12888952,12888952
0,3,2,13,13.0,356.0,17182800,17182800
0,3,2,14,14.0,416.0,24340192,24340192
0,3,2,15,15.0,480.6666666666667,31497088,31497088
0,3,2,16,16.0,550.0,27203600,27203600
0,3,2,17,17.0,624.0,39303720,41783944
0,3,2,18,18.0,702.6666666666666,34364992,34364992
0,3,2,19,19.0,786.0,77533784,45201176
0,3,2,20,20.0,874.0,40040376,41871256
0,3,2,21,21.0,966.6666666666666,108285296,46166360
0,3,2,22,22.0,1064.0,81035656,46284152
0,3,2,23,23.0,1166.0,153169120,47036520
0,3,2,4,4.0,26.0,2153144,2153144
0,3,2,5,5.0,44.0,2868792,2868792
0,3,2,6,6.0,66.66666666666667,2868792,2868792
0,3,2,7,7.0,94.0,3584488,3584488
0,3,2,8,8.0,126.0,4300248,4300248
0,3,2,9,9.0,162.66666666666666,5731496,5731496
0,3,2,10,10.0,204.0,7162680,7162680
0,3,2,11,11.0,250.0,10027832,10027832
0,3,2,12,12.0,300.6666666666667,12888856,12888856
0,3,2,13,13.0,356.0,18614200,18614200
0,3,2,14,14.0,416.0,24339944,24339944
0,3,2,15,15.0,480.6666666666667,30065080,30065080
0,3,2,16,16.0,550.0,4082632,4082632
0,3,2,17,17.0,624.0,35782656,35782656
0,3,2,18,18.0,702.6666666666666,72624520,44899376
0,3,2,19,19.0,786.0,88053680,45146040
0,3,2,20,20.0,874.0,84546968,45551144
0,3,2,21,21.0,966.6666666666666,44212856,41795328
0,3,2,22,22.0,1064.0,112506680,46622608
0,3,2,23,23.0,1166.0,151050680,47110728
0,3,2,4,4.0,26.0,2153144,2153144
0,3,2,5,5.0,44.0,2868792,2868792
0,3,2,6,6.0,66.66666666666667,2868792,2868792
0,3,2,7,7.0,94.0,3584488,3584488
0,3,2,8,8.0,126.0,4300552,4300552
0,3,2,9,9.0,162.66666666666666,5731432,5731432
0,3,2,10,10.0,204.0,7878328,7878328
0,3,2,4,4.0,26.0,2153144,2153144
0,3,2,5,5.0,44.0,2868792,2868792
0,3,2,6,6.0,66.66666666666667,2868792,2868792
0,3,2,7,7.0,94.0,3584488,3584488
0,3,2,8,8.0,126.0,4300248,4300248
0,3,2,9,9.0,162.66666666666666,5731504,5731504
0,3,2,10,10.0,204.0,7162680,7162680
0,3,2,11,11.0,250.0,9312088,9312088
0,3,2,12,12.0,300.6666666666667,12888712,12888712
0,3,2,13,13.0,356.0,18613872,18613872
0,3,2,14,14.0,416.0,23623648,23623648
0,3,2,15,15.0,480.6666666666667,28633720,28633720
0,3,2,16,16.0,550.0,4080552,4080552
0,3,2,17,17.0,624.0,56135272,41817016
0,3,2,18,18.0,702.6666666666666,77533744,44884648
0,3,2,19,19.0,786.0,88053632,45173464
0,3,2,20,20.0,874.0,85248296,45550408
0,3,2,21,21.0,966.6666666666666,103482560,45900528
0,3,2,22,22.0,1064.0,149612352,47051456
0,3,2,23,23.0,1166.0,42881824,41839928
0,3,2,24,24.0,1272.6666666666667,145407104,47740928
0,3,2,25,25.0,1384.0,175150200,48305984
0,3,2,26,26.0,1500.0,242363176,48980080
0,3,2,27,27.0,1620.6666666666667,262591928,49714152
0,3,2,28,28.0,1746.0,290080064,50568496
0,3,2,29,29.0,1876.0,70513776,41601504
0,3,2,30,30.0,2010.6666666666667,79633704,48109872
0,3,2,31,31.0,2150.0,343414520,52908816
0,3,2,32,32.0,2294.0,680608568,54223968
0,3,2,33,33.0,2442.6666666666665,99641392,48029336
0,3,2,34,34.0,2596.0,104406736,48043704
0,3,2,35,35.0,2754.0,109686880,54244608
0,3,2,36,36.0,2916.6666666666665,661980000,58454752
0,3,2,37,37.0,3084.0,142223640,54082768
0,3,2,38,38.0,3256.0,132329016,53926040
0,3,2,39,39.0,3432.6666666666665,159001624,59723224
0,3,2,40,40.0,3614.0,2011718216,64446848
0,3,2,41,41.0,3800.0,155337480,59858216
0,3,2,4,4.0,26.0,2153144,2153144
0,3,2,5,5.0,44.0,2868792,2868792
0,3,2,6,6.0,66.66666666666667,2868792,2868792
0,3,2,7,7.0,94.0,3584488,3584488
0,3,2,8,8.0,126.0,4300248,4300248
0,3,2,9,9.0,162.66666666666666,5731496,5731496
0,3,2,10,10.0,204.0,7162712,7162712
0,3,2,11,11.0,250.0,10743616,10743616
0,3,2,12,12.0,300.6666666666667,12888584,12888584
0,3,2,13,13.0,356.0,17898352,17898352
0,3,2,14,14.0,416.0,24340064,24340064
0,3,2,15,15.0,480.6666666666667,32212368,32212368
0,3,2,4,4.0,26.0,2153144,2153144
0,3,2,5,5.0,44.0,2868792,2868792
0,3,2,6,6.0,66.66666666666667,2868792,2868792
0,3,2,7,7.0,94.0,3584488,3584488
0,3,2,8,8.0,126.0,4300248,4300248
0,3,2,9,9.0,162.66666666666666,5731472,5731472
0,3,2,10,10.0,204.0,7162680,7162680
0,3,2,11,11.0,250.0,9312088,9312088
0,3,2,12,12.0,300.6666666666667,12898688,12898688
0,3,2,13,13.0,356.0,17182736,17182736
0,3,2,14,14.0,416.0,26490160,26490160
0,3,2,15,15.0,480.6666666666667,30065720,30065720
0,3,2,16,16.0,550.0,3383800,3383800
0,3,2,17,17.0,624.0,54732824,41788040
0,3,2,18,18.0,702.6666666666666,69460312,41804232
0,3,2,19,19.0,786.0,70161000,41784232
0,3,2,20,20.0,874.0,42108976,41888576
0,3,2,21,21.0,966.6666666666666,152116464,46318408
0,3,2,22,22.0,1064.0,172896456,46675984
0,3,2,23,23.0,1166.0,154581576,47031968
0,3,2,24,24.0,1272.6666666666667,148239832,47711656
0,3,2,25,25.0,1384.0,173025392,48347496
0,3,2,26,26.0,1500.0,220422504,49046272
0,3,2,27,27.0,1620.6666666666667,262591936,49708928
0,3,2,28,28.0,1746.0,292215224,50484120
0,3,2,29,29.0,1876.0,74745560,48609224
0,3,2,30,30.0,2010.6666666666667,75436080,48562760
0,3,2,31,31.0,2150.0,81816112,48172088
0,3,2,32,32.0,2294.0,691332264,54120240
0,3,2,33,33.0,2442.6666666666665,804458808,55196792
0,3,2,34,34.0,2596.0,922473664,56272568
0,3,2,35,35.0,2754.0,1060605136,57434744
0,3,2,36,36.0,2916.6666666666665,1246663312,58749896
0,3,2,37,37.0,3084.0,756464472,59821560
0,3,2,38,38.0,3256.0,130996000,54211232
0,3,2,39,39.0,3432.6666666666665,143076416,53916016
0,3,2,40,40.0,3614.0,167023040,59809144
0,3,2,41,41.0,3800.0,166670120,59600784
0,3,2,42,42.0,3990.6666666666665,1366200832,67490632
0,3,2,43,43.0,4186.0,199000904,65325944
0,3,2,4,4.0,26.0,2153144,2153144
0,3,2,5,5.0,44.0,2868792,2868792
0,3,2,6,6.0,66.66666666666667,2868792,2868792
0,3,2,7,7.0,94.0,3584528,3584528
0,3,2,8,8.0,126.0,4300344,4300344
0,3,2,9,9.0,162.66666666666666,5744864,5744864
0,3,2,10,10.0,204.0,7162680,7162680
0,3,2,11,11.0,250.0,9312128,9312128
0,3,2,12,12.0,300.6666666666667,12888664,12888664
0,3,2,13,13.0,356.0,17182408,17182408
0,3,2,14,14.0,416.0,24340288,24340288
0,3,2,15,15.0,480.6666666666667,30781296,30781296
0,3,2,16,16.0,550.0,35076768,35076768
0,3,2,17,17.0,624.0,54732648,41806472
0,3,2,18,18.0,702.6666666666666,69459152,41791352
0,3,2,19,19.0,786.0,89456256,45144608
0,3,2,20,20.0,874.0,40005552,41803240
0,3,2,21,21.0,966.6666666666666,104192144,45884456
0,3,2,22,22.0,1064.0,102765432,46320440
0,3,2,23,23.0,1166.0,43590256,41763160
0,3,2,24,24.0,1272.6666666666667,124467680,47543528
0,3,2,25,25.0,1384.0,181499312,48492864
0,3,2,26,26.0,1500.0,382228960,49011192
0,3,2,27,27.0,1620.6666666666667,287150112,49983936
0,3,2,28,28.0,1746.0,294350424,50445576
0,3,2,29,29.0,1876.0,339150736,51256360
0,3,2,30,30.0,2010.6666666666667,76829928,48354528
0,3,2,31,31.0,2150.0,587543216,53116328
0,3,2,32,32.0,2294.0,692047208,54166408
0,3,2,33,33.0,2442.6666666666665,812334528,55125880
0,3,2,34,34.0,2596.0,911034040,56343472
0,3,2,35,35.0,2754.0,111090496,54121560
0,3,2,36,36.0,2916.6666666666665,1221638496,58813872
0,3,2,37,37.0,3084.0,1371921696,59967592
0,3,2,38,38.0,3256.0,136220928,53819760
0,3,2,39,39.0,3432.6666666666665,145398672,59788424
0,3,2,40,40.0,3614.0,2006712288,64436512
0,3,2,41,41.0,3800.0,1223070160,65743384
0,3,2,42,42.0,3990.6666666666665,2539138272,67648920
0,3,2,43,43.0,4186.0,184968024,65519688
0,3,2,4,4.0,26.0,2153144,2153144
0,3,2,5,5.0,44.0,2868792,2868792
0,3,2,6,6.0,66.66666666666667,2868792,2868792
0,3,2,7,7.0,94.0,3584488,3584488
0,3,2,8,8.0,126.0,4300248,4300248
0,3,2,9,9.0,162.66666666666666,5731432,5731432
0,3,2,10,10.0,204.0,7162744,7162744
0,3,2,11,11.0,250.0,9312168,9312168
0,3,2,12,12.0,300.6666666666667,12888784,12888784
0,3,2,13,13.0,356.0,17182856,17182856
0,3,2,14,14.0,416.0,24340184,24340184
0,3,2,15,15.0,480.6666666666667,32220368,32220368
0,3,2,16,16.0,550.0,3378640,3378640
0,3,2,17,17.0,624.0,54031456,41787976
0,3,2,18,18.0,702.6666666666666,58940400,41777800
0,3,2,19,19.0,786.0,40706344,41766792
0,3,2,20,20.0,874.0,111100616,45805168
0,3,2,21,21.0,966.6666666666666,139887272,46141440
0,3,2,22,22.0,1064.0,93652992,46277696
0,3,2,23,23.0,1166.0,154581480,47055696
0,3,2,24,24.0,1272.6666666666667,138670112,47547568
0,3,2,25,25.0,1384.0,119594480,48182784
0,3,2,26,26.0,1500.0,241655408,49058112
0,3,2,27,27.0,1620.6666666666667,261881832,49726120
0,3,2,28,28.0,1746.0,296485600,50484480
0,3,2,29,29.0,1876.0,439405928,51357152
0,3,2,30,30.0,2010.6666666666667,385079104,52060464
0,3,2,31,31.0,2150.0,80404208,48128864
0,3,2,32,32.0,2294.0,694906816,54116848
0,3,2,33,33.0,2442.6666666666665,800177552,55188320
0,3,2,34,34.0,2596.0,921043704,56309016
0,3,2,35,35.0,2754.0,1064180856,57463208
0,3,2,36,36.0,2916.6666666666665,680608568,58666872
0,3,2,37,37.0,3084.0,1362624736,60051920
0,3,2,38,38.0,3256.0,147161824,59782224
0,3,2,39,39.0,3432.6666666666665,144679048,59724360
0,3,2,40,40.0,3614.0,166324360,59798456
0,3,2,41,41.0,3800.0,314748904,66153960
0,3,2,42,42.0,3990.6666666666665,1381933920,67464664
0,3,2,4,4.0,26.0,2153144,2153144
0,3,2,5,5.0,44.0,2868792,2868792
0,3,2,6,6.0,66.66666666666667,2868792,2868792
0,3,2,7,7.0,94.0,3584488,3584488
