16
0 16 0 1 2 3 4 5 6 7 8 9 10 11 12 13 14 15
1 16 0 1 2 3 4 5 6 7 8 9 10 11 12 13 14 15
2 16 0 1 2 3 4 5 6 7 8 9 10 11 12 13 14 15
3 16 0 1 2 3 4 5 6 7 8 9 10 11 12 13 14 15
4 16 0 1 2 3 4 5 6 7 8 9 10 11 12 13 14 15
5 16 0 1 2 3 4 5 6 7 8 9 10 11 12 13 14 15
6 16 0 1 2 3 4 5 6 7 8 9 10 11 12 13 14 15
7 16 0 1 2 3 4 5 6 7 8 9 10 11 12 13 14 15
8 16 0 1 2 3 4 5 6 7 8 9 10 11 12 13 14 15
9 16 0 1 2 3 4 5 6 7 8 9 10 11 12 13 14 15
10 16 0 1 2 3 4 5 6 7 8 9 10 11 12 13 14 15
11 16 0 1 2 3 4 5 6 7 8 9 10 11 12 13 14 15
12 16 0 1 2 3 4 5 6 7 8 9 10 11 12 13 14 15
13 16 0 1 2 3 4 5 6 7 8 9 10 11 12 13 14 15
14 16 0 1 2 3 4 5 6 7 8 9 10 11 12 13 14 15
15 16 0 1 2 3 4 5 6 7 8 9 10 11 12 13 14 15
120
0 1 46   0 0   1 1   2 2   3 3   4 4   5 5   6 6   7 7   8 8   9 9   10 10   11 11   12 12   13 13   14 14   15 15   0 1   1 0   1 2   2 1   2 3   3 2   3 4   4 3   4 5   5 4   5 6   6 5   6 7   7 6   7 8   8 7   8 9   9 8   9 10   10 9   10 11   11 10   11 12   12 11   12 13   13 12   13 14   14 13   14 15   15 14
0 2 44   0 0   1 1   2 2   3 3   4 4   5 5   6 6   7 7   8 8   9 9   10 10   11 11   12 12   13 13   14 14   15 15   0 2   2 0   1 3   3 1   2 4   4 2   3 5   5 3   4 6   6 4   5 7   7 5   6 8   8 6   7 9   9 7   8 10   10 8   9 11   11 9   10 12   12 10   11 13   13 11   12 14   14 12   13 15   15 13
0 3 42   0 0   1 1   2 2   3 3   4 4   5 5   6 6   7 7   8 8   9 9   10 10   11 11   12 12   13 13   14 14   15 15   0 3   3 0   1 4   4 1   2 5   5 2   3 6   6 3   4 7   7 4   5 8   8 5   6 9   9 6   7 10   10 7   8 11   11 8   9 12   12 9   10 13   13 10   11 14   14 11   12 15   15 12
0 4 40   0 0   1 1   2 2   3 3   4 4   5 5   6 6   7 7   8 8   9 9   10 10   11 11   12 12   13 13   14 14   15 15   0 4   4 0   1 5   5 1   2 6   6 2   3 7   7 3   4 8   8 4   5 9   9 5   6 10   10 6   7 11   11 7   8 12   12 8   9 13   13 9   10 14   14 10   11 15   15 11
0 5 38   0 0   1 1   2 2   3 3   4 4   5 5   6 6   7 7   8 8   9 9   10 10   11 11   12 12   13 13   14 14   15 15   0 5   5 0   1 6   6 1   2 7   7 2   3 8   8 3   4 9   9 4   5 10   10 5   6 11   11 6   7 12   12 7   8 13   13 8   9 14   14 9   10 15   15 10
0 6 36   0 0   1 1   2 2   3 3   4 4   5 5   6 6   7 7   8 8   9 9   10 10   11 11   12 12   13 13   14 14   15 15   0 6   6 0   1 7   7 1   2 8   8 2   3 9   9 3   4 10   10 4   5 11   11 5   6 12   12 6   7 13   13 7   8 14   14 8   9 15   15 9
0 7 34   0 0   1 1   2 2   3 3   4 4   5 5   6 6   7 7   8 8   9 9   10 10   11 11   12 12   13 13   14 14   15 15   0 7   7 0   1 8   8 1   2 9   9 2   3 10   10 3   4 11   11 4   5 12   12 5   6 13   13 6   7 14   14 7   8 15   15 8
0 8 32   0 0   1 1   2 2   3 3   4 4   5 5   6 6   7 7   8 8   9 9   10 10   11 11   12 12   13 13   14 14   15 15   0 8   8 0   1 9   9 1   2 10   10 2   3 11   11 3   4 12   12 4   5 13   13 5   6 14   14 6   7 15   15 7
0 9 30   0 0   1 1   2 2   3 3   4 4   5 5   6 6   7 7   8 8   9 9   10 10   11 11   12 12   13 13   14 14   15 15   0 9   9 0   1 10   10 1   2 11   11 2   3 12   12 3   4 13   13 4   5 14   14 5   6 15   15 6
0 10 28   0 0   1 1   2 2   3 3   4 4   5 5   6 6   7 7   8 8   9 9   10 10   11 11   12 12   13 13   14 14   15 15   0 10   10 0   1 11   11 1   2 12   12 2   3 13   13 3   4 14   14 4   5 15   15 5
0 11 26   0 0   1 1   2 2   3 3   4 4   5 5   6 6   7 7   8 8   9 9   10 10   11 11   12 12   13 13   14 14   15 15   0 11   11 0   1 12   12 1   2 13   13 2   3 14   14 3   4 15   15 4
0 12 24   0 0   1 1   2 2   3 3   4 4   5 5   6 6   7 7   8 8   9 9   10 10   11 11   12 12   13 13   14 14   15 15   0 12   12 0   1 13   13 1   2 14   14 2   3 15   15 3
0 13 22   0 0   1 1   2 2   3 3   4 4   5 5   6 6   7 7   8 8   9 9   10 10   11 11   12 12   13 13   14 14   15 15   0 13   13 0   1 14   14 1   2 15   15 2
0 14 20   0 0   1 1   2 2   3 3   4 4   5 5   6 6   7 7   8 8   9 9   10 10   11 11   12 12   13 13   14 14   15 15   0 14   14 0   1 15   15 1
0 15 18   0 0   1 1   2 2   3 3   4 4   5 5   6 6   7 7   8 8   9 9   10 10   11 11   12 12   13 13   14 14   15 15   0 15   15 0
1 2 46   0 0   1 1   2 2   3 3   4 4   5 5   6 6   7 7   8 8   9 9   10 10   11 11   12 12   13 13   14 14   15 15   0 1   1 0   1 2   2 1   2 3   3 2   3 4   4 3   4 5   5 4   5 6   6 5   6 7   7 6   7 8   8 7   8 9   9 8   9 10   10 9   10 11   11 10   11 12   12 11   12 13   13 12   13 14   14 13   14 15   15 14
1 3 44   0 0   1 1   2 2   3 3   4 4   5 5   6 6   7 7   8 8   9 9   10 10   11 11   12 12   13 13   14 14   15 15   0 2   2 0   1 3   3 1   2 4   4 2   3 5   5 3   4 6   6 4   5 7   7 5   6 8   8 6   7 9   9 7   8 10   10 8   9 11   11 9   10 12   12 10   11 13   13 11   12 14   14 12   13 15   15 13
1 4 42   0 0   1 1   2 2   3 3   4 4   5 5   6 6   7 7   8 8   9 9   10 10   11 11   12 12   13 13   14 14   15 15   0 3   3 0   1 4   4 1   2 5   5 2   3 6   6 3   4 7   7 4   5 8   8 5   6 9   9 6   7 10   10 7   8 11   11 8   9 12   12 9   10 13   13 10   11 14   14 11   12 15   15 12
1 5 40   0 0   1 1   2 2   3 3   4 4   5 5   6 6   7 7   8 8   9 9   10 10   11 11   12 12   13 13   14 14   15 15   0 4   4 0   1 5   5 1   2 6   6 2   3 7   7 3   4 8   8 4   5 9   9 5   6 10   10 6   7 11   11 7   8 12   12 8   9 13   13 9   10 14   14 10   11 15   15 11
1 6 38   0 0   1 1   2 2   3 3   4 4   5 5   6 6   7 7   8 8   9 9   10 10   11 11   12 12   13 13   14 14   15 15   0 5   5 0   1 6   6 1   2 7   7 2   3 8   8 3   4 9   9 4   5 10   10 5   6 11   11 6   7 12   12 7   8 13   13 8   9 14   14 9   10 15   15 10
1 7 36   0 0   1 1   2 2   3 3   4 4   5 5   6 6   7 7   8 8   9 9   10 10   11 11   12 12   13 13   14 14   15 15   0 6   6 0   1 7   7 1   2 8   8 2   3 9   9 3   4 10   10 4   5 11   11 5   6 12   12 6   7 13   13 7   8 14   14 8   9 15   15 9
1 8 34   0 0   1 1   2 2   3 3   4 4   5 5   6 6   7 7   8 8   9 9   10 10   11 11   12 12   13 13   14 14   15 15   0 7   7 0   1 8   8 1   2 9   9 2   3 10   10 3   4 11   11 4   5 12   12 5   6 13   13 6   7 14   14 7   8 15   15 8
1 9 32   0 0   1 1   2 2   3 3   4 4   5 5   6 6   7 7   8 8   9 9   10 10   11 11   12 12   13 13   14 14   15 15   0 8   8 0   1 9   9 1   2 10   10 2   3 11   11 3   4 12   12 4   5 13   13 5   6 14   14 6   7 15   15 7
1 10 30   0 0   1 1   2 2   3 3   4 4   5 5   6 6   7 7   8 8   9 9   10 10   11 11   12 12   13 13   14 14   15 15   0 9   9 0   1 10   10 1   2 11   11 2   3 12   12 3   4 13   13 4   5 14   14 5   6 15   15 6
1 11 28   0 0   1 1   2 2   3 3   4 4   5 5   6 6   7 7   8 8   9 9   10 10   11 11   12 12   13 13   14 14   15 15   0 10   10 0   1 11   11 1   2 12   12 2   3 13   13 3   4 14   14 4   5 15   15 5
1 12 26   0 0   1 1   2 2   3 3   4 4   5 5   6 6   7 7   8 8   9 9   10 10   11 11   12 12   13 13   14 14   15 15   0 11   11 0   1 12   12 1   2 13   13 2   3 14   14 3   4 15   15 4
1 13 24   0 0   1 1   2 2   3 3   4 4   5 5   6 6   7 7   8 8   9 9   10 10   11 11   12 12   13 13   14 14   15 15   0 12   12 0   1 13   13 1   2 14   14 2   3 15   15 3
1 14 22   0 0   1 1   2 2   3 3   4 4   5 5   6 6   7 7   8 8   9 9   10 10   11 11   12 12   13 13   14 14   15 15   0 13   13 0   1 14   14 1   2 15   15 2
1 15 20   0 0   1 1   2 2   3 3   4 4   5 5   6 6   7 7   8 8   9 9   10 10   11 11   12 12   13 13   14 14   15 15   0 14   14 0   1 15   15 1
2 3 46   0 0   1 1   2 2   3 3   4 4   5 5   6 6   7 7   8 8   9 9   10 10   11 11   12 12   13 13   14 14   15 15   0 1   1 0   1 2   2 1   2 3   3 2   3 4   4 3   4 5   5 4   5 6   6 5   6 7   7 6   7 8   8 7   8 9   9 8   9 10   10 9   10 11   11 10   11 12   12 11   12 13   13 12   13 14   14 13   14 15   15 14
2 4 44   0 0   1 1   2 2   3 3   4 4   5 5   6 6   7 7   8 8   9 9   10 10   11 11   12 12   13 13   14 14   15 15   0 2   2 0   1 3   3 1   2 4   4 2   3 5   5 3   4 6   6 4   5 7   7 5   6 8   8 6   7 9   9 7   8 10   10 8   9 11   11 9   10 12   12 10   11 13   13 11   12 14   14 12   13 15   15 13
2 5 42   0 0   1 1   2 2   3 3   4 4   5 5   6 6   7 7   8 8   9 9   10 10   11 11   12 12   13 13   14 14   15 15   0 3   3 0   1 4   4 1   2 5   5 2   3 6   6 3   4 7   7 4   5 8   8 5   6 9   9 6   7 10   10 7   8 11   11 8   9 12   12 9   10 13   13 10   11 14   14 11   12 15   15 12
2 6 40   0 0   1 1   2 2   3 3   4 4   5 5   6 6   7 7   8 8   9 9   10 10   11 11   12 12   13 13   14 14   15 15   0 4   4 0   1 5   5 1   2 6   6 2   3 7   7 3   4 8   8 4   5 9   9 5   6 10   10 6   7 11   11 7   8 12   12 8   9 13   13 9   10 14   14 10   11 15   15 11
2 7 38   0 0   1 1   2 2   3 3   4 4   5 5   6 6   7 7   8 8   9 9   10 10   11 11   12 12   13 13   14 14   15 15   0 5   5 0   1 6   6 1   2 7   7 2   3 8   8 3   4 9   9 4   5 10   10 5   6 11   11 6   7 12   12 7   8 13   13 8   9 14   14 9   10 15   15 10
2 8 36   0 0   1 1   2 2   3 3   4 4   5 5   6 6   7 7   8 8   9 9   10 10   11 11   12 12   13 13   14 14   15 15   0 6   6 0   1 7   7 1   2 8   8 2   3 9   9 3   4 10   10 4   5 11   11 5   6 12   12 6   7 13   13 7   8 14   14 8   9 15   15 9
2 9 34   0 0   1 1   2 2   3 3   4 4   5 5   6 6   7 7   8 8   9 9   10 10   11 11   12 12   13 13   14 14   15 15   0 7   7 0   1 8   8 1   2 9   9 2   3 10   10 3   4 11   11 4   5 12   12 5   6 13   13 6   7 14   14 7   8 15   15 8
2 10 32   0 0   1 1   2 2   3 3   4 4   5 5   6 6   7 7   8 8   9 9   10 10   11 11   12 12   13 13   14 14   15 15   0 8   8 0   1 9   9 1   2 10   10 2   3 11   11 3   4 12   12 4   5 13   13 5   6 14   14 6   7 15   15 7
2 11 30   0 0   1 1   2 2   3 3   4 4   5 5   6 6   7 7   8 8   9 9   10 10   11 11   12 12   13 13   14 14   15 15   0 9   9 0   1 10   10 1   2 11   11 2   3 12   12 3   4 13   13 4   5 14   14 5   6 15   15 6
2 12 28   0 0   1 1   2 2   3 3   4 4   5 5   6 6   7 7   8 8   9 9   10 10   11 11   12 12   13 13   14 14   15 15   0 10   10 0   1 11   11 1   2 12   12 2   3 13   13 3   4 14   14 4   5 15   15 5
2 13 26   0 0   1 1   2 2   3 3   4 4   5 5   6 6   7 7   8 8   9 9   10 10   11 11   12 12   13 13   14 14   15 15   0 11   11 0   1 12   12 1   2 13   13 2   3 14   14 3   4 15   15 4
2 14 24   0 0   1 1   2 2   3 3   4 4   5 5   6 6   7 7   8 8   9 9   10 10   11 11   12 12   13 13   14 14   15 15   0 12   12 0   1 13   13 1   2 14   14 2   3 15   15 3
2 15 22   0 0   1 1   2 2   3 3   4 4   5 5   6 6   7 7   8 8   9 9   10 10   11 11   12 12   13 13   14 14   15 15   0 13   13 0   1 14   14 1   2 15   15 2
3 4 46   0 0   1 1   2 2   3 3   4 4   5 5   6 6   7 7   8 8   9 9   10 10   11 11   12 12   13 13   14 14   15 15   0 1   1 0   1 2   2 1   2 3   3 2   3 4   4 3   4 5   5 4   5 6   6 5   6 7   7 6   7 8   8 7   8 9   9 8   9 10   10 9   10 11   11 10   11 12   12 11   12 13   13 12   13 14   14 13   14 15   15 14
3 5 44   0 0   1 1   2 2   3 3   4 4   5 5   6 6   7 7   8 8   9 9   10 10   11 11   12 12   13 13   14 14   15 15   0 2   2 0   1 3   3 1   2 4   4 2   3 5   5 3   4 6   6 4   5 7   7 5   6 8   8 6   7 9   9 7   8 10   10 8   9 11   11 9   10 12   12 10   11 13   13 11   12 14   14 12   13 15   15 13
3 6 42   0 0   1 1   2 2   3 3   4 4   5 5   6 6   7 7   8 8   9 9   10 10   11 11   12 12   13 13   14 14   15 15   0 3   3 0   1 4   4 1   2 5   5 2   3 6   6 3   4 7   7 4   5 8   8 5   6 9   9 6   7 10   10 7   8 11   11 8   9 12   12 9   10 13   13 10   11 14   14 11   12 15   15 12
3 7 40   0 0   1 1   2 2   3 3   4 4   5 5   6 6   7 7   8 8   9 9   10 10   11 11   12 12   13 13   14 14   15 15   0 4   4 0   1 5   5 1   2 6   6 2   3 7   7 3   4 8   8 4   5 9   9 5   6 10   10 6   7 11   11 7   8 12   12 8   9 13   13 9   10 14   14 10   11 15   15 11
3 8 38   0 0   1 1   2 2   3 3   4 4   5 5   6 6   7 7   8 8   9 9   10 10   11 11   12 12   13 13   14 14   15 15   0 5   5 0   1 6   6 1   2 7   7 2   3 8   8 3   4 9   9 4   5 10   10 5   6 11   11 6   7 12   12 7   8 13   13 8   9 14   14 9   10 15   15 10
3 9 36   0 0   1 1   2 2   3 3   4 4   5 5   6 6   7 7   8 8   9 9   10 10   11 11   12 12   13 13   14 14   15 15   0 6   6 0   1 7   7 1   2 8   8 2   3 9   9 3   4 10   10 4   5 11   11 5   6 12   12 6   7 13   13 7   8 14   14 8   9 15   15 9
3 10 34   0 0   1 1   2 2   3 3   4 4   5 5   6 6   7 7   8 8   9 9   10 10   11 11   12 12   13 13   14 14   15 15   0 7   7 0   1 8   8 1   2 9   9 2   3 10   10 3   4 11   11 4   5 12   12 5   6 13   13 6   7 14   14 7   8 15   15 8
3 11 32   0 0   1 1   2 2   3 3   4 4   5 5   6 6   7 7   8 8   9 9   10 10   11 11   12 12   13 13   14 14   15 15   0 8   8 0   1 9   9 1   2 10   10 2   3 11   11 3   4 12   12 4   5 13   13 5   6 14   14 6   7 15   15 7
3 12 30   0 0   1 1   2 2   3 3   4 4   5 5   6 6   7 7   8 8   9 9   10 10   11 11   12 12   13 13   14 14   15 15   0 9   9 0   1 10   10 1   2 11   11 2   3 12   12 3   4 13   13 4   5 14   14 5   6 15   15 6
3 13 28   0 0   1 1   2 2   3 3   4 4   5 5   6 6   7 7   8 8   9 9   10 10   11 11   12 12   13 13   14 14   15 15   0 10   10 0   1 11   11 1   2 12   12 2   3 13   13 3   4 14   14 4   5 15   15 5
3 14 26   0 0   1 1   2 2   3 3   4 4   5 5   6 6   7 7   8 8   9 9   10 10   11 11   12 12   13 13   14 14   15 15   0 11   11 0   1 12   12 1   2 13   13 2   3 14   14 3   4 15   15 4
3 15 24   0 0   1 1   2 2   3 3   4 4   5 5   6 6   7 7   8 8   9 9   10 10   11 11   12 12   13 13   14 14   15 15   0 12   12 0   1 13   13 1   2 14   14 2   3 15   15 3
4 5 46   0 0   1 1   2 2   3 3   4 4   5 5   6 6   7 7   8 8   9 9   10 10   11 11   12 12   13 13   14 14   15 15   0 1   1 0   1 2   2 1   2 3   3 2   3 4   4 3   4 5   5 4   5 6   6 5   6 7   7 6   7 8   8 7   8 9   9 8   9 10   10 9   10 11   11 10   11 12   12 11   12 13   13 12   13 14   14 13   14 15   15 14
4 6 44   0 0   1 1   2 2   3 3   4 4   5 5   6 6   7 7   8 8   9 9   10 10   11 11   12 12   13 13   14 14   15 15   0 2   2 0   1 3   3 1   2 4   4 2   3 5   5 3   4 6   6 4   5 7   7 5   6 8   8 6   7 9   9 7   8 10   10 8   9 11   11 9   10 12   12 10   11 13   13 11   12 14   14 12   13 15   15 13
4 7 42   0 0   1 1   2 2   3 3   4 4   5 5   6 6   7 7   8 8   9 9   10 10   11 11   12 12   13 13   14 14   15 15   0 3   3 0   1 4   4 1   2 5   5 2   3 6   6 3   4 7   7 4   5 8   8 5   6 9   9 6   7 10   10 7   8 11   11 8   9 12   12 9   10 13   13 10   11 14   14 11   12 15   15 12
4 8 40   0 0   1 1   2 2   3 3   4 4   5 5   6 6   7 7   8 8   9 9   10 10   11 11   12 12   13 13   14 14   15 15   0 4   4 0   1 5   5 1   2 6   6 2   3 7   7 3   4 8   8 4   5 9   9 5   6 10   10 6   7 11   11 7   8 12   12 8   9 13   13 9   10 14   14 10   11 15   15 11
4 9 38   0 0   1 1   2 2   3 3   4 4   5 5   6 6   7 7   8 8   9 9   10 10   11 11   12 12   13 13   14 14   15 15   0 5   5 0   1 6   6 1   2 7   7 2   3 8   8 3   4 9   9 4   5 10   10 5   6 11   11 6   7 12   12 7   8 13   13 8   9 14   14 9   10 15   15 10
4 10 36   0 0   1 1   2 2   3 3   4 4   5 5   6 6   7 7   8 8   9 9   10 10   11 11   12 12   13 13   14 14   15 15   0 6   6 0   1 7   7 1   2 8   8 2   3 9   9 3   4 10   10 4   5 11   11 5   6 12   12 6   7 13   13 7   8 14   14 8   9 15   15 9
4 11 34   0 0   1 1   2 2   3 3   4 4   5 5   6 6   7 7   8 8   9 9   10 10   11 11   12 12   13 13   14 14   15 15   0 7   7 0   1 8   8 1   2 9   9 2   3 10   10 3   4 11   11 4   5 12   12 5   6 13   13 6   7 14   14 7   8 15   15 8
4 12 32   0 0   1 1   2 2   3 3   4 4   5 5   6 6   7 7   8 8   9 9   10 10   11 11   12 12   13 13   14 14   15 15   0 8   8 0   1 9   9 1   2 10   10 2   3 11   11 3   4 12   12 4   5 13   13 5   6 14   14 6   7 15   15 7
4 13 30   0 0   1 1   2 2   3 3   4 4   5 5   6 6   7 7   8 8   9 9   10 10   11 11   12 12   13 13   14 14   15 15   0 9   9 0   1 10   10 1   2 11   11 2   3 12   12 3   4 13   13 4   5 14   14 5   6 15   15 6
4 14 28   0 0   1 1   2 2   3 3   4 4   5 5   6 6   7 7   8 8   9 9   10 10   11 11   12 12   13 13   14 14   15 15   0 10   10 0   1 11   11 1   2 12   12 2   3 13   13 3   4 14   14 4   5 15   15 5
4 15 26   0 0   1 1   2 2   3 3   4 4   5 5   6 6   7 7   8 8   9 9   10 10   11 11   12 12   13 13   14 14   15 15   0 11   11 0   1 12   12 1   2 13   13 2   3 14   14 3   4 15   15 4
5 6 46   0 0   1 1   2 2   3 3   4 4   5 5   6 6   7 7   8 8   9 9   10 10   11 11   12 12   13 13   14 14   15 15   0 1   1 0   1 2   2 1   2 3   3 2   3 4   4 3   4 5   5 4   5 6   6 5   6 7   7 6   7 8   8 7   8 9   9 8   9 10   10 9   10 11   11 10   11 12   12 11   12 13   13 12   13 14   14 13   14 15   15 14
5 7 44   0 0   1 1   2 2   3 3   4 4   5 5   6 6   7 7   8 8   9 9   10 10   11 11   12 12   13 13   14 14   15 15   0 2   2 0   1 3   3 1   2 4   4 2   3 5   5 3   4 6   6 4   5 7   7 5   6 8   8 6   7 9   9 7   8 10   10 8   9 11   11 9   10 12   12 10   11 13   13 11   12 14   14 12   13 15   15 13
5 8 42   0 0   1 1   2 2   3 3   4 4   5 5   6 6   7 7   8 8   9 9   10 10   11 11   12 12   13 13   14 14   15 15   0 3   3 0   1 4   4 1   2 5   5 2   3 6   6 3   4 7   7 4   5 8   8 5   6 9   9 6   7 10   10 7   8 11   11 8   9 12   12 9   10 13   13 10   11 14   14 11   12 15   15 12
5 9 40   0 0   1 1   2 2   3 3   4 4   5 5   6 6   7 7   8 8   9 9   10 10   11 11   12 12   13 13   14 14   15 15   0 4   4 0   1 5   5 1   2 6   6 2   3 7   7 3   4 8   8 4   5 9   9 5   6 10   10 6   7 11   11 7   8 12   12 8   9 13   13 9   10 14   14 10   11 15   15 11
5 10 38   0 0   1 1   2 2   3 3   4 4   5 5   6 6   7 7   8 8   9 9   10 10   11 11   12 12   13 13   14 14   15 15   0 5   5 0   1 6   6 1   2 7   7 2   3 8   8 3   4 9   9 4   5 10   10 5   6 11   11 6   7 12   12 7   8 13   13 8   9 14   14 9   10 15   15 10
5 11 36   0 0   1 1   2 2   3 3   4 4   5 5   6 6   7 7   8 8   9 9   10 10   11 11   12 12   13 13   14 14   15 15   0 6   6 0   1 7   7 1   2 8   8 2   3 9   9 3   4 10   10 4   5 11   11 5   6 12   12 6   7 13   13 7   8 14   14 8   9 15   15 9
5 12 34   0 0   1 1   2 2   3 3   4 4   5 5   6 6   7 7   8 8   9 9   10 10   11 11   12 12   13 13   14 14   15 15   0 7   7 0   1 8   8 1   2 9   9 2   3 10   10 3   4 11   11 4   5 12   12 5   6 13   13 6   7 14   14 7   8 15   15 8
5 13 32   0 0   1 1   2 2   3 3   4 4   5 5   6 6   7 7   8 8   9 9   10 10   11 11   12 12   13 13   14 14   15 15   0 8   8 0   1 9   9 1   2 10   10 2   3 11   11 3   4 12   12 4   5 13   13 5   6 14   14 6   7 15   15 7
5 14 30   0 0   1 1   2 2   3 3   4 4   5 5   6 6   7 7   8 8   9 9   10 10   11 11   12 12   13 13   14 14   15 15   0 9   9 0   1 10   10 1   2 11   11 2   3 12   12 3   4 13   13 4   5 14   14 5   6 15   15 6
5 15 28   0 0   1 1   2 2   3 3   4 4   5 5   6 6   7 7   8 8   9 9   10 10   11 11   12 12   13 13   14 14   15 15   0 10   10 0   1 11   11 1   2 12   12 2   3 13   13 3   4 14   14 4   5 15   15 5
6 7 46   0 0   1 1   2 2   3 3   4 4   5 5   6 6   7 7   8 8   9 9   10 10   11 11   12 12   13 13   14 14   15 15   0 1   1 0   1 2   2 1   2 3   3 2   3 4   4 3   4 5   5 4   5 6   6 5   6 7   7 6   7 8   8 7   8 9   9 8   9 10   10 9   10 11   11 10   11 12   12 11   12 13   13 12   13 14   14 13   14 15   15 14
6 8 44   0 0   1 1   2 2   3 3   4 4   5 5   6 6   7 7   8 8   9 9   10 10   11 11   12 12   13 13   14 14   15 15   0 2   2 0   1 3   3 1   2 4   4 2   3 5   5 3   4 6   6 4   5 7   7 5   6 8   8 6   7 9   9 7   8 10   10 8   9 11   11 9   10 12   12 10   11 13   13 11   12 14   14 12   13 15   15 13
6 9 42   0 0   1 1   2 2   3 3   4 4   5 5   6 6   7 7   8 8   9 9   10 10   11 11   12 12   13 13   14 14   15 15   0 3   3 0   1 4   4 1   2 5   5 2   3 6   6 3   4 7   7 4   5 8   8 5   6 9   9 6   7 10   10 7   8 11   11 8   9 12   12 9   10 13   13 10   11 14   14 11   12 15   15 12
6 10 40   0 0   1 1   2 2   3 3   4 4   5 5   6 6   7 7   8 8   9 9   10 10   11 11   12 12   13 13   14 14   15 15   0 4   4 0   1 5   5 1   2 6   6 2   3 7   7 3   4 8   8 4   5 9   9 5   6 10   10 6   7 11   11 7   8 12   12 8   9 13   13 9   10 14   14 10   11 15   15 11
6 11 38   0 0   1 1   2 2   3 3   4 4   5 5   6 6   7 7   8 8   9 9   10 10   11 11   12 12   13 13   14 14   15 15   0 5   5 0   1 6   6 1   2 7   7 2   3 8   8 3   4 9   9 4   5 10   10 5   6 11   11 6   7 12   12 7   8 13   13 8   9 14   14 9   10 15   15 10
6 12 36   0 0   1 1   2 2   3 3   4 4   5 5   6 6   7 7   8 8   9 9   10 10   11 11   12 12   13 13   14 14   15 15   0 6   6 0   1 7   7 1   2 8   8 2   3 9   9 3   4 10   10 4   5 11   11 5   6 12   12 6   7 13   13 7   8 14   14 8   9 15   15 9
6 13 34   0 0   1 1   2 2   3 3   4 4   5 5   6 6   7 7   8 8   9 9   10 10   11 11   12 12   13 13   14 14   15 15   0 7   7 0   1 8   8 1   2 9   9 2   3 10   10 3   4 11   11 4   5 12   12 5   6 13   13 6   7 14   14 7   8 15   15 8
6 14 32   0 0   1 1   2 2   3 3   4 4   5 5   6 6   7 7   8 8   9 9   10 10   11 11   12 12   13 13   14 14   15 15   0 8   8 0   1 9   9 1   2 10   10 2   3 11   11 3   4 12   12 4   5 13   13 5   6 14   14 6   7 15   15 7
6 15 30   0 0   1 1   2 2   3 3   4 4   5 5   6 6   7 7   8 8   9 9   10 10   11 11   12 12   13 13   14 14   15 15   0 9   9 0   1 10   10 1   2 11   11 2   3 12   12 3   4 13   13 4   5 14   14 5   6 15   15 6
7 8 46   0 0   1 1   2 2   3 3   4 4   5 5   6 6   7 7   8 8   9 9   10 10   11 11   12 12   13 13   14 14   15 15   0 1   1 0   1 2   2 1   2 3   3 2   3 4   4 3   4 5   5 4   5 6   6 5   6 7   7 6   7 8   8 7   8 9   9 8   9 10   10 9   10 11   11 10   11 12   12 11   12 13   13 12   13 14   14 13   14 15   15 14
7 9 44   0 0   1 1   2 2   3 3   4 4   5 5   6 6   7 7   8 8   9 9   10 10   11 11   12 12   13 13   14 14   15 15   0 2   2 0   1 3   3 1   2 4   4 2   3 5   5 3   4 6   6 4   5 7   7 5   6 8   8 6   7 9   9 7   8 10   10 8   9 11   11 9   10 12   12 10   11 13   13 11   12 14   14 12   13 15   15 13
7 10 42   0 0   1 1   2 2   3 3   4 4   5 5   6 6   7 7   8 8   9 9   10 10   11 11   12 12   13 13   14 14   15 15   0 3   3 0   1 4   4 1   2 5   5 2   3 6   6 3   4 7   7 4   5 8   8 5   6 9   9 6   7 10   10 7   8 11   11 8   9 12   12 9   10 13   13 10   11 14   14 11   12 15   15 12
7 11 40   0 0   1 1   2 2   3 3   4 4   5 5   6 6   7 7   8 8   9 9   10 10   11 11   12 12   13 13   14 14   15 15   0 4   4 0   1 5   5 1   2 6   6 2   3 7   7 3   4 8   8 4   5 9   9 5   6 10   10 6   7 11   11 7   8 12   12 8   9 13   13 9   10 14   14 10   11 15   15 11
7 12 38   0 0   1 1   2 2   3 3   4 4   5 5   6 6   7 7   8 8   9 9   10 10   11 11   12 12   13 13   14 14   15 15   0 5   5 0   1 6   6 1   2 7   7 2   3 8   8 3   4 9   9 4   5 10   10 5   6 11   11 6   7 12   12 7   8 13   13 8   9 14   14 9   10 15   15 10
7 13 36   0 0   1 1   2 2   3 3   4 4   5 5   6 6   7 7   8 8   9 9   10 10   11 11   12 12   13 13   14 14   15 15   0 6   6 0   1 7   7 1   2 8   8 2   3 9   9 3   4 10   10 4   5 11   11 5   6 12   12 6   7 13   13 7   8 14   14 8   9 15   15 9
7 14 34   0 0   1 1   2 2   3 3   4 4   5 5   6 6   7 7   8 8   9 9   10 10   11 11   12 12   13 13   14 14   15 15   0 7   7 0   1 8   8 1   2 9   9 2   3 10   10 3   4 11   11 4   5 12   12 5   6 13   13 6   7 14   14 7   8 15   15 8
7 15 32   0 0   1 1   2 2   3 3   4 4   5 5   6 6   7 7   8 8   9 9   10 10   11 11   12 12   13 13   14 14   15 15   0 8   8 0   1 9   9 1   2 10   10 2   3 11   11 3   4 12   12 4   5 13   13 5   6 14   14 6   7 15   15 7
8 9 46   0 0   1 1   2 2   3 3   4 4   5 5   6 6   7 7   8 8   9 9   10 10   11 11   12 12   13 13   14 14   15 15   0 1   1 0   1 2   2 1   2 3   3 2   3 4   4 3   4 5   5 4   5 6   6 5   6 7   7 6   7 8   8 7   8 9   9 8   9 10   10 9   10 11   11 10   11 12   12 11   12 13   13 12   13 14   14 13   14 15   15 14
8 10 44   0 0   1 1   2 2   3 3   4 4   5 5   6 6   7 7   8 8   9 9   10 10   11 11   12 12   13 13   14 14   15 15   0 2   2 0   1 3   3 1   2 4   4 2   3 5   5 3   4 6   6 4   5 7   7 5   6 8   8 6   7 9   9 7   8 10   10 8   9 11   11 9   10 12   12 10   11 13   13 11   12 14   14 12   13 15   15 13
8 11 42   0 0   1 1   2 2   3 3   4 4   5 5   6 6   7 7   8 8   9 9   10 10   11 11   12 12   13 13   14 14   15 15   0 3   3 0   1 4   4 1   2 5   5 2   3 6   6 3   4 7   7 4   5 8   8 5   6 9   9 6   7 10   10 7   8 11   11 8   9 12   12 9   10 13   13 10   11 14   14 11   12 15   15 12
8 12 40   0 0   1 1   2 2   3 3   4 4   5 5   6 6   7 7   8 8   9 9   10 10   11 11   12 12   13 13   14 14   15 15   0 4   4 0   1 5   5 1   2 6   6 2   3 7   7 3   4 8   8 4   5 9   9 5   6 10   10 6   7 11   11 7   8 12   12 8   9 13   13 9   10 14   14 10   11 15   15 11
8 13 38   0 0   1 1   2 2   3 3   4 4   5 5   6 6   7 7   8 8   9 9   10 10   11 11   12 12   13 13   14 14   15 15   0 5   5 0   1 6   6 1   2 7   7 2   3 8   8 3   4 9   9 4   5 10   10 5   6 11   11 6   7 12   12 7   8 13   13 8   9 14   14 9   10 15   15 10
8 14 36   0 0   1 1   2 2   3 3   4 4   5 5   6 6   7 7   8 8   9 9   10 10   11 11   12 12   13 13   14 14   15 15   0 6   6 0   1 7   7 1   2 8   8 2   3 9   9 3   4 10   10 4   5 11   11 5   6 12   12 6   7 13   13 7   8 14   14 8   9 15   15 9
8 15 34   0 0   1 1   2 2   3 3   4 4   5 5   6 6   7 7   8 8   9 9   10 10   11 11   12 12   13 13   14 14   15 15   0 7   7 0   1 8   8 1   2 9   9 2   3 10   10 3   4 11   11 4   5 12   12 5   6 13   13 6   7 14   14 7   8 15   15 8
9 10 46   0 0   1 1   2 2   3 3   4 4   5 5   6 6   7 7   8 8   9 9   10 10   11 11   12 12   13 13   14 14   15 15   0 1   1 0   1 2   2 1   2 3   3 2   3 4   4 3   4 5   5 4   5 6   6 5   6 7   7 6   7 8   8 7   8 9   9 8   9 10   10 9   10 11   11 10   11 12   12 11   12 13   13 12   13 14   14 13   14 15   15 14
9 11 44   0 0   1 1   2 2   3 3   4 4   5 5   6 6   7 7   8 8   9 9   10 10   11 11   12 12   13 13   14 14   15 15   0 2   2 0   1 3   3 1   2 4   4 2   3 5   5 3   4 6   6 4   5 7   7 5   6 8   8 6   7 9   9 7   8 10   10 8   9 11   11 9   10 12   12 10   11 13   13 11   12 14   14 12   13 15   15 13
9 12 42   0 0   1 1   2 2   3 3   4 4   5 5   6 6   7 7   8 8   9 9   10 10   11 11   12 12   13 13   14 14   15 15   0 3   3 0   1 4   4 1   2 5   5 2   3 6   6 3   4 7   7 4   5 8   8 5   6 9   9 6   7 10   10 7   8 11   11 8   9 12   12 9   10 13   13 10   11 14   14 11   12 15   15 12
9 13 40   0 0   1 1   2 2   3 3   4 4   5 5   6 6   7 7   8 8   9 9   10 10   11 11   12 12   13 13   14 14   15 15   0 4   4 0   1 5   5 1   2 6   6 2   3 7   7 3   4 8   8 4   5 9   9 5   6 10   10 6   7 11   11 7   8 12   12 8   9 13   13 9   10 14   14 10   11 15   15 11
9 14 38   0 0   1 1   2 2   3 3   4 4   5 5   6 6   7 7   8 8   9 9   10 10   11 11   12 12   13 13   14 14   15 15   0 5   5 0   1 6   6 1   2 7   7 2   3 8   8 3   4 9   9 4   5 10   10 5   6 11   11 6   7 12   12 7   8 13   13 8   9 14   14 9   10 15   15 10
9 15 36   0 0   1 1   2 2   3 3   4 4   5 5   6 6   7 7   8 8   9 9   10 10   11 11   12 12   13 13   14 14   15 15   0 6   6 0   1 7   7 1   2 8   8 2   3 9   9 3   4 10   10 4   5 11   11 5   6 12   12 6   7 13   13 7   8 14   14 8   9 15   15 9
10 11 46   0 0   1 1   2 2   3 3   4 4   5 5   6 6   7 7   8 8   9 9   10 10   11 11   12 12   13 13   14 14   15 15   0 1   1 0   1 2   2 1   2 3   3 2   3 4   4 3   4 5   5 4   5 6   6 5   6 7   7 6   7 8   8 7   8 9   9 8   9 10   10 9   10 11   11 10   11 12   12 11   12 13   13 12   13 14   14 13   14 15   15 14
10 12 44   0 0   1 1   2 2   3 3   4 4   5 5   6 6   7 7   8 8   9 9   10 10   11 11   12 12   13 13   14 14   15 15   0 2   2 0   1 3   3 1   2 4   4 2   3 5   5 3   4 6   6 4   5 7   7 5   6 8   8 6   7 9   9 7   8 10   10 8   9 11   11 9   10 12   12 10   11 13   13 11   12 14   14 12   13 15   15 13
10 13 42   0 0   1 1   2 2   3 3   4 4   5 5   6 6   7 7   8 8   9 9   10 10   11 11   12 12   13 13   14 14   15 15   0 3   3 0   1 4   4 1   2 5   5 2   3 6   6 3   4 7   7 4   5 8   8 5   6 9   9 6   7 10   10 7   8 11   11 8   9 12   12 9   10 13   13 10   11 14   14 11   12 15   15 12
10 14 40   0 0   1 1   2 2   3 3   4 4   5 5   6 6   7 7   8 8   9 9   10 10   11 11   12 12   13 13   14 14   15 15   0 4   4 0   1 5   5 1   2 6   6 2   3 7   7 3   4 8   8 4   5 9   9 5   6 10   10 6   7 11   11 7   8 12   12 8   9 13   13 9   10 14   14 10   11 15   15 11
10 15 38   0 0   1 1   2 2   3 3   4 4   5 5   6 6   7 7   8 8   9 9   10 10   11 11   12 12   13 13   14 14   15 15   0 5   5 0   1 6   6 1   2 7   7 2   3 8   8 3   4 9   9 4   5 10   10 5   6 11   11 6   7 12   12 7   8 13   13 8   9 14   14 9   10 15   15 10
11 12 46   0 0   1 1   2 2   3 3   4 4   5 5   6 6   7 7   8 8   9 9   10 10   11 11   12 12   13 13   14 14   15 15   0 1   1 0   1 2   2 1   2 3   3 2   3 4   4 3   4 5   5 4   5 6   6 5   6 7   7 6   7 8   8 7   8 9   9 8   9 10   10 9   10 11   11 10   11 12   12 11   12 13   13 12   13 14   14 13   14 15   15 14
11 13 44   0 0   1 1   2 2   3 3   4 4   5 5   6 6   7 7   8 8   9 9   10 10   11 11   12 12   13 13   14 14   15 15   0 2   2 0   1 3   3 1   2 4   4 2   3 5   5 3   4 6   6 4   5 7   7 5   6 8   8 6   7 9   9 7   8 10   10 8   9 11   11 9   10 12   12 10   11 13   13 11   12 14   14 12   13 15   15 13
11 14 42   0 0   1 1   2 2   3 3   4 4   5 5   6 6   7 7   8 8   9 9   10 10   11 11   12 12   13 13   14 14   15 15   0 3   3 0   1 4   4 1   2 5   5 2   3 6   6 3   4 7   7 4   5 8   8 5   6 9   9 6   7 10   10 7   8 11   11 8   9 12   12 9   10 13   13 10   11 14   14 11   12 15   15 12
11 15 40   0 0   1 1   2 2   3 3   4 4   5 5   6 6   7 7   8 8   9 9   10 10   11 11   12 12   13 13   14 14   15 15   0 4   4 0   1 5   5 1   2 6   6 2   3 7   7 3   4 8   8 4   5 9   9 5   6 10   10 6   7 11   11 7   8 12   12 8   9 13   13 9   10 14   14 10   11 15   15 11
12 13 46   0 0   1 1   2 2   3 3   4 4   5 5   6 6   7 7   8 8   9 9   10 10   11 11   12 12   13 13   14 14   15 15   0 1   1 0   1 2   2 1   2 3   3 2   3 4   4 3   4 5   5 4   5 6   6 5   6 7   7 6   7 8   8 7   8 9   9 8   9 10   10 9   10 11   11 10   11 12   12 11   12 13   13 12   13 14   14 13   14 15   15 14
12 14 44   0 0   1 1   2 2   3 3   4 4   5 5   6 6   7 7   8 8   9 9   10 10   11 11   12 12   13 13   14 14   15 15   0 2   2 0   1 3   3 1   2 4   4 2   3 5   5 3   4 6   6 4   5 7   7 5   6 8   8 6   7 9   9 7   8 10   10 8   9 11   11 9   10 12   12 10   11 13   13 11   12 14   14 12   13 15   15 13
12 15 42   0 0   1 1   2 2   3 3   4 4   5 5   6 6   7 7   8 8   9 9   10 10   11 11   12 12   13 13   14 14   15 15   0 3   3 0   1 4   4 1   2 5   5 2   3 6   6 3   4 7   7 4   5 8   8 5   6 9   9 6   7 10   10 7   8 11   11 8   9 12   12 9   10 13   13 10   11 14   14 11   12 15   15 12
13 14 46   0 0   1 1   2 2   3 3   4 4   5 5   6 6   7 7   8 8   9 9   10 10   11 11   12 12   13 13   14 14   15 15   0 1   1 0   1 2   2 1   2 3   3 2   3 4   4 3   4 5   5 4   5 6   6 5   6 7   7 6   7 8   8 7   8 9   9 8   9 10   10 9   10 11   11 10   11 12   12 11   12 13   13 12   13 14   14 13   14 15   15 14
13 15 44   0 0   1 1   2 2   3 3   4 4   5 5   6 6   7 7   8 8   9 9   10 10   11 11   12 12   13 13   14 14   15 15   0 2   2 0   1 3   3 1   2 4   4 2   3 5   5 3   4 6   6 4   5 7   7 5   6 8   8 6   7 9   9 7   8 10   10 8   9 11   11 9   10 12   12 10   11 13   13 11   12 14   14 12   13 15   15 13
14 15 46   0 0   1 1   2 2   3 3   4 4   5 5   6 6   7 7   8 8   9 9   10 10   11 11   12 12   13 13   14 14   15 15   0 1   1 0   1 2   2 1   2 3   3 2   3 4   4 3   4 5   5 4   5 6   6 5   6 7   7 6   7 8   8 7   8 9   9 8   9 10   10 9   10 11   11 10   11 12   12 11   12 13   13 12   13 14   14 13   14 15   15 14
