92
0 69
1 9
2 11
3 37
4 29
5 7
6 16
7 79
8 70
9 12
10 24
11 41
12 83
13 31
14 47
15 26
16 52
17 32
18 74
19 43
20 10
21 63
22 57
23 35
24 82
25 56
26 13
27 78
28 73
29 3
30 25
31 36
32 33
33 49
34 38
35 62
36 27
37 91
38 60
39 85
40 19
41 58
42 61
43 64
44 81
45 5
46 72
47 75
48 86
49 89
50 20
51 45
52 48
53 34
54 67
55 28
56 88
57 80
58 87
59 18
60 4
61 53
62 14
63 17
64 40
65 65
66 50
67 44
68 51
69 6
70 76
71 46
72 22
73 59
74 0
75 15
76 39
77 66
78 71
79 30
80 77
81 42
82 54
83 90
84 1
85 8
86 84
87 55
88 68
89 2
90 23
91 21
