94
0 9
1 49
2 25
3 87
4 22
5 60
6 39
7 29
8 24
9 91
10 46
11 53
12 23
13 76
14 81
15 13
16 57
17 55
18 43
19 12
20 84
21 75
22 18
23 26
24 74
25 62
26 45
27 80
28 54
29 10
30 4
31 88
32 59
33 89
34 41
35 3
36 66
37 32
38 67
39 15
40 48
41 85
42 28
43 37
44 0
45 8
46 77
47 11
48 38
49 36
50 33
51 64
52 86
53 65
54 27
55 69
56 1
57 63
58 50
59 83
60 7
61 93
62 90
63 21
64 2
65 34
66 51
67 47
68 68
69 71
70 61
71 42
72 56
73 78
74 35
75 72
76 17
77 92
78 82
79 31
80 79
81 20
82 52
83 58
84 73
85 40
86 30
87 5
88 70
89 14
90 16
91 6
92 19
93 44
