95
0 37
1 51
2 64
3 2
4 65
5 77
6 17
7 58
8 14
9 54
10 49
11 59
12 87
13 40
14 63
15 39
16 35
17 72
18 31
19 66
20 27
21 57
22 91
23 15
24 36
25 0
26 19
27 79
28 62
29 12
30 89
31 5
32 88
33 43
34 21
35 23
36 80
37 60
38 53
39 55
40 48
41 74
42 26
43 29
44 20
45 67
46 25
47 3
48 44
49 7
50 45
51 92
52 90
53 84
54 32
55 81
56 85
57 30
58 56
59 22
60 1
61 18
62 47
63 68
64 11
65 82
66 86
67 13
68 93
69 33
70 4
71 52
72 76
73 73
74 9
75 69
76 41
77 78
78 46
79 70
80 16
81 24
82 71
83 28
84 61
85 75
86 83
87 6
88 50
89 38
90 42
91 94
92 34
93 8
94 10
