96
0 10
1 51
2 70
3 52
4 60
5 20
6 42
7 46
8 61
9 33
10 86
11 15
12 63
13 25
14 57
15 26
16 41
17 22
18 6
19 0
20 72
21 29
22 80
23 67
24 65
25 12
26 53
27 81
28 87
29 4
30 43
31 78
32 27
33 34
34 11
35 31
36 84
37 17
38 24
39 8
40 85
41 5
42 18
43 69
44 47
45 54
46 92
47 75
48 82
49 16
50 79
51 83
52 35
53 44
54 7
55 21
56 38
57 36
58 48
59 76
60 45
61 2
62 56
63 93
64 95
65 58
66 37
67 64
68 89
69 13
70 40
71 55
72 91
73 71
74 74
75 32
76 90
77 50
78 77
79 68
80 1
81 30
82 88
83 3
84 14
85 19
86 9
87 94
88 49
89 39
90 62
91 59
92 66
93 28
94 23
95 73
