97
0 31
1 81
2 20
3 85
4 50
5 73
6 23
7 2
8 79
9 15
10 71
11 25
12 90
13 57
14 39
15 41
16 10
17 77
18 17
19 74
20 24
21 95
22 51
23 28
24 13
25 88
26 12
27 3
28 87
29 76
30 46
31 27
32 30
33 89
34 86
35 92
36 55
37 38
38 45
39 61
40 9
41 68
42 8
43 34
44 64
45 47
46 82
47 84
48 32
49 6
50 53
51 21
52 60
53 96
54 94
55 83
56 65
57 72
58 93
59 36
60 19
61 43
62 22
63 48
64 75
65 52
66 78
67 18
68 0
69 5
70 91
71 54
72 69
73 37
74 62
75 67
76 14
77 70
78 40
79 35
80 80
81 26
82 7
83 16
84 49
85 58
86 66
87 59
88 42
89 56
90 11
91 44
92 4
93 33
94 29
95 63
96 1
