98
0 22
1 16
2 19
3 1
4 35
5 37
6 30
7 71
8 84
9 47
10 54
11 5
12 21
13 24
14 18
15 31
16 72
17 53
18 51
19 80
20 73
21 44
22 41
23 64
24 0
25 3
26 28
27 87
28 62
29 39
30 50
31 4
32 69
33 83
34 33
35 86
36 15
37 29
38 93
39 81
40 79
41 89
42 42
43 17
44 14
45 70
46 59
47 55
48 49
49 10
50 68
51 97
52 57
53 74
54 8
55 2
56 82
57 43
58 88
59 23
60 11
61 96
62 27
63 60
64 91
65 7
66 56
67 95
68 40
69 12
70 65
71 20
72 34
73 61
74 63
75 32
76 90
77 52
78 85
79 25
80 48
81 36
82 94
83 13
84 66
85 26
86 9
87 67
88 6
89 76
90 46
91 58
92 75
93 77
94 38
95 45
96 92
97 78
