20
0 20 0 1 2 3 4 5 6 7 8 9 10 11 12 13 14 15 16 17 18 19
1 20 0 1 2 3 4 5 6 7 8 9 10 11 12 13 14 15 16 17 18 19
2 20 0 1 2 3 4 5 6 7 8 9 10 11 12 13 14 15 16 17 18 19
3 20 0 1 2 3 4 5 6 7 8 9 10 11 12 13 14 15 16 17 18 19
4 20 0 1 2 3 4 5 6 7 8 9 10 11 12 13 14 15 16 17 18 19
5 20 0 1 2 3 4 5 6 7 8 9 10 11 12 13 14 15 16 17 18 19
6 20 0 1 2 3 4 5 6 7 8 9 10 11 12 13 14 15 16 17 18 19
7 20 0 1 2 3 4 5 6 7 8 9 10 11 12 13 14 15 16 17 18 19
8 20 0 1 2 3 4 5 6 7 8 9 10 11 12 13 14 15 16 17 18 19
9 20 0 1 2 3 4 5 6 7 8 9 10 11 12 13 14 15 16 17 18 19
10 20 0 1 2 3 4 5 6 7 8 9 10 11 12 13 14 15 16 17 18 19
11 20 0 1 2 3 4 5 6 7 8 9 10 11 12 13 14 15 16 17 18 19
12 20 0 1 2 3 4 5 6 7 8 9 10 11 12 13 14 15 16 17 18 19
13 20 0 1 2 3 4 5 6 7 8 9 10 11 12 13 14 15 16 17 18 19
14 20 0 1 2 3 4 5 6 7 8 9 10 11 12 13 14 15 16 17 18 19
15 20 0 1 2 3 4 5 6 7 8 9 10 11 12 13 14 15 16 17 18 19
16 20 0 1 2 3 4 5 6 7 8 9 10 11 12 13 14 15 16 17 18 19
17 20 0 1 2 3 4 5 6 7 8 9 10 11 12 13 14 15 16 17 18 19
18 20 0 1 2 3 4 5 6 7 8 9 10 11 12 13 14 15 16 17 18 19
19 20 0 1 2 3 4 5 6 7 8 9 10 11 12 13 14 15 16 17 18 19
190
0 1 58   0 0   1 1   2 2   3 3   4 4   5 5   6 6   7 7   8 8   9 9   10 10   11 11   12 12   13 13   14 14   15 15   16 16   17 17   18 18   19 19   0 1   1 0   1 2   2 1   2 3   3 2   3 4   4 3   4 5   5 4   5 6   6 5   6 7   7 6   7 8   8 7   8 9   9 8   9 10   10 9   10 11   11 10   11 12   12 11   12 13   13 12   13 14   14 13   14 15   15 14   15 16   16 15   16 17   17 16   17 18   18 17   18 19   19 18
0 2 56   0 0   1 1   2 2   3 3   4 4   5 5   6 6   7 7   8 8   9 9   10 10   11 11   12 12   13 13   14 14   15 15   16 16   17 17   18 18   19 19   0 2   2 0   1 3   3 1   2 4   4 2   3 5   5 3   4 6   6 4   5 7   7 5   6 8   8 6   7 9   9 7   8 10   10 8   9 11   11 9   10 12   12 10   11 13   13 11   12 14   14 12   13 15   15 13   14 16   16 14   15 17   17 15   16 18   18 16   17 19   19 17
0 3 54   0 0   1 1   2 2   3 3   4 4   5 5   6 6   7 7   8 8   9 9   10 10   11 11   12 12   13 13   14 14   15 15   16 16   17 17   18 18   19 19   0 3   3 0   1 4   4 1   2 5   5 2   3 6   6 3   4 7   7 4   5 8   8 5   6 9   9 6   7 10   10 7   8 11   11 8   9 12   12 9   10 13   13 10   11 14   14 11   12 15   15 12   13 16   16 13   14 17   17 14   15 18   18 15   16 19   19 16
0 4 52   0 0   1 1   2 2   3 3   4 4   5 5   6 6   7 7   8 8   9 9   10 10   11 11   12 12   13 13   14 14   15 15   16 16   17 17   18 18   19 19   0 4   4 0   1 5   5 1   2 6   6 2   3 7   7 3   4 8   8 4   5 9   9 5   6 10   10 6   7 11   11 7   8 12   12 8   9 13   13 9   10 14   14 10   11 15   15 11   12 16   16 12   13 17   17 13   14 18   18 14   15 19   19 15
0 5 50   0 0   1 1   2 2   3 3   4 4   5 5   6 6   7 7   8 8   9 9   10 10   11 11   12 12   13 13   14 14   15 15   16 16   17 17   18 18   19 19   0 5   5 0   1 6   6 1   2 7   7 2   3 8   8 3   4 9   9 4   5 10   10 5   6 11   11 6   7 12   12 7   8 13   13 8   9 14   14 9   10 15   15 10   11 16   16 11   12 17   17 12   13 18   18 13   14 19   19 14
0 6 48   0 0   1 1   2 2   3 3   4 4   5 5   6 6   7 7   8 8   9 9   10 10   11 11   12 12   13 13   14 14   15 15   16 16   17 17   18 18   19 19   0 6   6 0   1 7   7 1   2 8   8 2   3 9   9 3   4 10   10 4   5 11   11 5   6 12   12 6   7 13   13 7   8 14   14 8   9 15   15 9   10 16   16 10   11 17   17 11   12 18   18 12   13 19   19 13
0 7 46   0 0   1 1   2 2   3 3   4 4   5 5   6 6   7 7   8 8   9 9   10 10   11 11   12 12   13 13   14 14   15 15   16 16   17 17   18 18   19 19   0 7   7 0   1 8   8 1   2 9   9 2   3 10   10 3   4 11   11 4   5 12   12 5   6 13   13 6   7 14   14 7   8 15   15 8   9 16   16 9   10 17   17 10   11 18   18 11   12 19   19 12
0 8 44   0 0   1 1   2 2   3 3   4 4   5 5   6 6   7 7   8 8   9 9   10 10   11 11   12 12   13 13   14 14   15 15   16 16   17 17   18 18   19 19   0 8   8 0   1 9   9 1   2 10   10 2   3 11   11 3   4 12   12 4   5 13   13 5   6 14   14 6   7 15   15 7   8 16   16 8   9 17   17 9   10 18   18 10   11 19   19 11
0 9 42   0 0   1 1   2 2   3 3   4 4   5 5   6 6   7 7   8 8   9 9   10 10   11 11   12 12   13 13   14 14   15 15   16 16   17 17   18 18   19 19   0 9   9 0   1 10   10 1   2 11   11 2   3 12   12 3   4 13   13 4   5 14   14 5   6 15   15 6   7 16   16 7   8 17   17 8   9 18   18 9   10 19   19 10
0 10 40   0 0   1 1   2 2   3 3   4 4   5 5   6 6   7 7   8 8   9 9   10 10   11 11   12 12   13 13   14 14   15 15   16 16   17 17   18 18   19 19   0 10   10 0   1 11   11 1   2 12   12 2   3 13   13 3   4 14   14 4   5 15   15 5   6 16   16 6   7 17   17 7   8 18   18 8   9 19   19 9
0 11 38   0 0   1 1   2 2   3 3   4 4   5 5   6 6   7 7   8 8   9 9   10 10   11 11   12 12   13 13   14 14   15 15   16 16   17 17   18 18   19 19   0 11   11 0   1 12   12 1   2 13   13 2   3 14   14 3   4 15   15 4   5 16   16 5   6 17   17 6   7 18   18 7   8 19   19 8
0 12 36   0 0   1 1   2 2   3 3   4 4   5 5   6 6   7 7   8 8   9 9   10 10   11 11   12 12   13 13   14 14   15 15   16 16   17 17   18 18   19 19   0 12   12 0   1 13   13 1   2 14   14 2   3 15   15 3   4 16   16 4   5 17   17 5   6 18   18 6   7 19   19 7
0 13 34   0 0   1 1   2 2   3 3   4 4   5 5   6 6   7 7   8 8   9 9   10 10   11 11   12 12   13 13   14 14   15 15   16 16   17 17   18 18   19 19   0 13   13 0   1 14   14 1   2 15   15 2   3 16   16 3   4 17   17 4   5 18   18 5   6 19   19 6
0 14 32   0 0   1 1   2 2   3 3   4 4   5 5   6 6   7 7   8 8   9 9   10 10   11 11   12 12   13 13   14 14   15 15   16 16   17 17   18 18   19 19   0 14   14 0   1 15   15 1   2 16   16 2   3 17   17 3   4 18   18 4   5 19   19 5
0 15 30   0 0   1 1   2 2   3 3   4 4   5 5   6 6   7 7   8 8   9 9   10 10   11 11   12 12   13 13   14 14   15 15   16 16   17 17   18 18   19 19   0 15   15 0   1 16   16 1   2 17   17 2   3 18   18 3   4 19   19 4
0 16 28   0 0   1 1   2 2   3 3   4 4   5 5   6 6   7 7   8 8   9 9   10 10   11 11   12 12   13 13   14 14   15 15   16 16   17 17   18 18   19 19   0 16   16 0   1 17   17 1   2 18   18 2   3 19   19 3
0 17 26   0 0   1 1   2 2   3 3   4 4   5 5   6 6   7 7   8 8   9 9   10 10   11 11   12 12   13 13   14 14   15 15   16 16   17 17   18 18   19 19   0 17   17 0   1 18   18 1   2 19   19 2
0 18 24   0 0   1 1   2 2   3 3   4 4   5 5   6 6   7 7   8 8   9 9   10 10   11 11   12 12   13 13   14 14   15 15   16 16   17 17   18 18   19 19   0 18   18 0   1 19   19 1
0 19 22   0 0   1 1   2 2   3 3   4 4   5 5   6 6   7 7   8 8   9 9   10 10   11 11   12 12   13 13   14 14   15 15   16 16   17 17   18 18   19 19   0 19   19 0
1 2 58   0 0   1 1   2 2   3 3   4 4   5 5   6 6   7 7   8 8   9 9   10 10   11 11   12 12   13 13   14 14   15 15   16 16   17 17   18 18   19 19   0 1   1 0   1 2   2 1   2 3   3 2   3 4   4 3   4 5   5 4   5 6   6 5   6 7   7 6   7 8   8 7   8 9   9 8   9 10   10 9   10 11   11 10   11 12   12 11   12 13   13 12   13 14   14 13   14 15   15 14   15 16   16 15   16 17   17 16   17 18   18 17   18 19   19 18
1 3 56   0 0   1 1   2 2   3 3   4 4   5 5   6 6   7 7   8 8   9 9   10 10   11 11   12 12   13 13   14 14   15 15   16 16   17 17   18 18   19 19   0 2   2 0   1 3   3 1   2 4   4 2   3 5   5 3   4 6   6 4   5 7   7 5   6 8   8 6   7 9   9 7   8 10   10 8   9 11   11 9   10 12   12 10   11 13   13 11   12 14   14 12   13 15   15 13   14 16   16 14   15 17   17 15   16 18   18 16   17 19   19 17
1 4 54   0 0   1 1   2 2   3 3   4 4   5 5   6 6   7 7   8 8   9 9   10 10   11 11   12 12   13 13   14 14   15 15   16 16   17 17   18 18   19 19   0 3   3 0   1 4   4 1   2 5   5 2   3 6   6 3   4 7   7 4   5 8   8 5   6 9   9 6   7 10   10 7   8 11   11 8   9 12   12 9   10 13   13 10   11 14   14 11   12 15   15 12   13 16   16 13   14 17   17 14   15 18   18 15   16 19   19 16
1 5 52   0 0   1 1   2 2   3 3   4 4   5 5   6 6   7 7   8 8   9 9   10 10   11 11   12 12   13 13   14 14   15 15   16 16   17 17   18 18   19 19   0 4   4 0   1 5   5 1   2 6   6 2   3 7   7 3   4 8   8 4   5 9   9 5   6 10   10 6   7 11   11 7   8 12   12 8   9 13   13 9   10 14   14 10   11 15   15 11   12 16   16 12   13 17   17 13   14 18   18 14   15 19   19 15
1 6 50   0 0   1 1   2 2   3 3   4 4   5 5   6 6   7 7   8 8   9 9   10 10   11 11   12 12   13 13   14 14   15 15   16 16   17 17   18 18   19 19   0 5   5 0   1 6   6 1   2 7   7 2   3 8   8 3   4 9   9 4   5 10   10 5   6 11   11 6   7 12   12 7   8 13   13 8   9 14   14 9   10 15   15 10   11 16   16 11   12 17   17 12   13 18   18 13   14 19   19 14
1 7 48   0 0   1 1   2 2   3 3   4 4   5 5   6 6   7 7   8 8   9 9   10 10   11 11   12 12   13 13   14 14   15 15   16 16   17 17   18 18   19 19   0 6   6 0   1 7   7 1   2 8   8 2   3 9   9 3   4 10   10 4   5 11   11 5   6 12   12 6   7 13   13 7   8 14   14 8   9 15   15 9   10 16   16 10   11 17   17 11   12 18   18 12   13 19   19 13
1 8 46   0 0   1 1   2 2   3 3   4 4   5 5   6 6   7 7   8 8   9 9   10 10   11 11   12 12   13 13   14 14   15 15   16 16   17 17   18 18   19 19   0 7   7 0   1 8   8 1   2 9   9 2   3 10   10 3   4 11   11 4   5 12   12 5   6 13   13 6   7 14   14 7   8 15   15 8   9 16   16 9   10 17   17 10   11 18   18 11   12 19   19 12
1 9 44   0 0   1 1   2 2   3 3   4 4   5 5   6 6   7 7   8 8   9 9   10 10   11 11   12 12   13 13   14 14   15 15   16 16   17 17   18 18   19 19   0 8   8 0   1 9   9 1   2 10   10 2   3 11   11 3   4 12   12 4   5 13   13 5   6 14   14 6   7 15   15 7   8 16   16 8   9 17   17 9   10 18   18 10   11 19   19 11
1 10 42   0 0   1 1   2 2   3 3   4 4   5 5   6 6   7 7   8 8   9 9   10 10   11 11   12 12   13 13   14 14   15 15   16 16   17 17   18 18   19 19   0 9   9 0   1 10   10 1   2 11   11 2   3 12   12 3   4 13   13 4   5 14   14 5   6 15   15 6   7 16   16 7   8 17   17 8   9 18   18 9   10 19   19 10
1 11 40   0 0   1 1   2 2   3 3   4 4   5 5   6 6   7 7   8 8   9 9   10 10   11 11   12 12   13 13   14 14   15 15   16 16   17 17   18 18   19 19   0 10   10 0   1 11   11 1   2 12   12 2   3 13   13 3   4 14   14 4   5 15   15 5   6 16   16 6   7 17   17 7   8 18   18 8   9 19   19 9
1 12 38   0 0   1 1   2 2   3 3   4 4   5 5   6 6   7 7   8 8   9 9   10 10   11 11   12 12   13 13   14 14   15 15   16 16   17 17   18 18   19 19   0 11   11 0   1 12   12 1   2 13   13 2   3 14   14 3   4 15   15 4   5 16   16 5   6 17   17 6   7 18   18 7   8 19   19 8
1 13 36   0 0   1 1   2 2   3 3   4 4   5 5   6 6   7 7   8 8   9 9   10 10   11 11   12 12   13 13   14 14   15 15   16 16   17 17   18 18   19 19   0 12   12 0   1 13   13 1   2 14   14 2   3 15   15 3   4 16   16 4   5 17   17 5   6 18   18 6   7 19   19 7
1 14 34   0 0   1 1   2 2   3 3   4 4   5 5   6 6   7 7   8 8   9 9   10 10   11 11   12 12   13 13   14 14   15 15   16 16   17 17   18 18   19 19   0 13   13 0   1 14   14 1   2 15   15 2   3 16   16 3   4 17   17 4   5 18   18 5   6 19   19 6
1 15 32   0 0   1 1   2 2   3 3   4 4   5 5   6 6   7 7   8 8   9 9   10 10   11 11   12 12   13 13   14 14   15 15   16 16   17 17   18 18   19 19   0 14   14 0   1 15   15 1   2 16   16 2   3 17   17 3   4 18   18 4   5 19   19 5
1 16 30   0 0   1 1   2 2   3 3   4 4   5 5   6 6   7 7   8 8   9 9   10 10   11 11   12 12   13 13   14 14   15 15   16 16   17 17   18 18   19 19   0 15   15 0   1 16   16 1   2 17   17 2   3 18   18 3   4 19   19 4
1 17 28   0 0   1 1   2 2   3 3   4 4   5 5   6 6   7 7   8 8   9 9   10 10   11 11   12 12   13 13   14 14   15 15   16 16   17 17   18 18   19 19   0 16   16 0   1 17   17 1   2 18   18 2   3 19   19 3
1 18 26   0 0   1 1   2 2   3 3   4 4   5 5   6 6   7 7   8 8   9 9   10 10   11 11   12 12   13 13   14 14   15 15   16 16   17 17   18 18   19 19   0 17   17 0   1 18   18 1   2 19   19 2
1 19 24   0 0   1 1   2 2   3 3   4 4   5 5   6 6   7 7   8 8   9 9   10 10   11 11   12 12   13 13   14 14   15 15   16 16   17 17   18 18   19 19   0 18   18 0   1 19   19 1
2 3 58   0 0   1 1   2 2   3 3   4 4   5 5   6 6   7 7   8 8   9 9   10 10   11 11   12 12   13 13   14 14   15 15   16 16   17 17   18 18   19 19   0 1   1 0   1 2   2 1   2 3   3 2   3 4   4 3   4 5   5 4   5 6   6 5   6 7   7 6   7 8   8 7   8 9   9 8   9 10   10 9   10 11   11 10   11 12   12 11   12 13   13 12   13 14   14 13   14 15   15 14   15 16   16 15   16 17   17 16   17 18   18 17   18 19   19 18
2 4 56   0 0   1 1   2 2   3 3   4 4   5 5   6 6   7 7   8 8   9 9   10 10   11 11   12 12   13 13   14 14   15 15   16 16   17 17   18 18   19 19   0 2   2 0   1 3   3 1   2 4   4 2   3 5   5 3   4 6   6 4   5 7   7 5   6 8   8 6   7 9   9 7   8 10   10 8   9 11   11 9   10 12   12 10   11 13   13 11   12 14   14 12   13 15   15 13   14 16   16 14   15 17   17 15   16 18   18 16   17 19   19 17
2 5 54   0 0   1 1   2 2   3 3   4 4   5 5   6 6   7 7   8 8   9 9   10 10   11 11   12 12   13 13   14 14   15 15   16 16   17 17   18 18   19 19   0 3   3 0   1 4   4 1   2 5   5 2   3 6   6 3   4 7   7 4   5 8   8 5   6 9   9 6   7 10   10 7   8 11   11 8   9 12   12 9   10 13   13 10   11 14   14 11   12 15   15 12   13 16   16 13   14 17   17 14   15 18   18 15   16 19   19 16
2 6 52   0 0   1 1   2 2   3 3   4 4   5 5   6 6   7 7   8 8   9 9   10 10   11 11   12 12   13 13   14 14   15 15   16 16   17 17   18 18   19 19   0 4   4 0   1 5   5 1   2 6   6 2   3 7   7 3   4 8   8 4   5 9   9 5   6 10   10 6   7 11   11 7   8 12   12 8   9 13   13 9   10 14   14 10   11 15   15 11   12 16   16 12   13 17   17 13   14 18   18 14   15 19   19 15
2 7 50   0 0   1 1   2 2   3 3   4 4   5 5   6 6   7 7   8 8   9 9   10 10   11 11   12 12   13 13   14 14   15 15   16 16   17 17   18 18   19 19   0 5   5 0   1 6   6 1   2 7   7 2   3 8   8 3   4 9   9 4   5 10   10 5   6 11   11 6   7 12   12 7   8 13   13 8   9 14   14 9   10 15   15 10   11 16   16 11   12 17   17 12   13 18   18 13   14 19   19 14
2 8 48   0 0   1 1   2 2   3 3   4 4   5 5   6 6   7 7   8 8   9 9   10 10   11 11   12 12   13 13   14 14   15 15   16 16   17 17   18 18   19 19   0 6   6 0   1 7   7 1   2 8   8 2   3 9   9 3   4 10   10 4   5 11   11 5   6 12   12 6   7 13   13 7   8 14   14 8   9 15   15 9   10 16   16 10   11 17   17 11   12 18   18 12   13 19   19 13
2 9 46   0 0   1 1   2 2   3 3   4 4   5 5   6 6   7 7   8 8   9 9   10 10   11 11   12 12   13 13   14 14   15 15   16 16   17 17   18 18   19 19   0 7   7 0   1 8   8 1   2 9   9 2   3 10   10 3   4 11   11 4   5 12   12 5   6 13   13 6   7 14   14 7   8 15   15 8   9 16   16 9   10 17   17 10   11 18   18 11   12 19   19 12
2 10 44   0 0   1 1   2 2   3 3   4 4   5 5   6 6   7 7   8 8   9 9   10 10   11 11   12 12   13 13   14 14   15 15   16 16   17 17   18 18   19 19   0 8   8 0   1 9   9 1   2 10   10 2   3 11   11 3   4 12   12 4   5 13   13 5   6 14   14 6   7 15   15 7   8 16   16 8   9 17   17 9   10 18   18 10   11 19   19 11
2 11 42   0 0   1 1   2 2   3 3   4 4   5 5   6 6   7 7   8 8   9 9   10 10   11 11   12 12   13 13   14 14   15 15   16 16   17 17   18 18   19 19   0 9   9 0   1 10   10 1   2 11   11 2   3 12   12 3   4 13   13 4   5 14   14 5   6 15   15 6   7 16   16 7   8 17   17 8   9 18   18 9   10 19   19 10
2 12 40   0 0   1 1   2 2   3 3   4 4   5 5   6 6   7 7   8 8   9 9   10 10   11 11   12 12   13 13   14 14   15 15   16 16   17 17   18 18   19 19   0 10   10 0   1 11   11 1   2 12   12 2   3 13   13 3   4 14   14 4   5 15   15 5   6 16   16 6   7 17   17 7   8 18   18 8   9 19   19 9
2 13 38   0 0   1 1   2 2   3 3   4 4   5 5   6 6   7 7   8 8   9 9   10 10   11 11   12 12   13 13   14 14   15 15   16 16   17 17   18 18   19 19   0 11   11 0   1 12   12 1   2 13   13 2   3 14   14 3   4 15   15 4   5 16   16 5   6 17   17 6   7 18   18 7   8 19   19 8
2 14 36   0 0   1 1   2 2   3 3   4 4   5 5   6 6   7 7   8 8   9 9   10 10   11 11   12 12   13 13   14 14   15 15   16 16   17 17   18 18   19 19   0 12   12 0   1 13   13 1   2 14   14 2   3 15   15 3   4 16   16 4   5 17   17 5   6 18   18 6   7 19   19 7
2 15 34   0 0   1 1   2 2   3 3   4 4   5 5   6 6   7 7   8 8   9 9   10 10   11 11   12 12   13 13   14 14   15 15   16 16   17 17   18 18   19 19   0 13   13 0   1 14   14 1   2 15   15 2   3 16   16 3   4 17   17 4   5 18   18 5   6 19   19 6
2 16 32   0 0   1 1   2 2   3 3   4 4   5 5   6 6   7 7   8 8   9 9   10 10   11 11   12 12   13 13   14 14   15 15   16 16   17 17   18 18   19 19   0 14   14 0   1 15   15 1   2 16   16 2   3 17   17 3   4 18   18 4   5 19   19 5
2 17 30   0 0   1 1   2 2   3 3   4 4   5 5   6 6   7 7   8 8   9 9   10 10   11 11   12 12   13 13   14 14   15 15   16 16   17 17   18 18   19 19   0 15   15 0   1 16   16 1   2 17   17 2   3 18   18 3   4 19   19 4
2 18 28   0 0   1 1   2 2   3 3   4 4   5 5   6 6   7 7   8 8   9 9   10 10   11 11   12 12   13 13   14 14   15 15   16 16   17 17   18 18   19 19   0 16   16 0   1 17   17 1   2 18   18 2   3 19   19 3
2 19 26   0 0   1 1   2 2   3 3   4 4   5 5   6 6   7 7   8 8   9 9   10 10   11 11   12 12   13 13   14 14   15 15   16 16   17 17   18 18   19 19   0 17   17 0   1 18   18 1   2 19   19 2
3 4 58   0 0   1 1   2 2   3 3   4 4   5 5   6 6   7 7   8 8   9 9   10 10   11 11   12 12   13 13   14 14   15 15   16 16   17 17   18 18   19 19   0 1   1 0   1 2   2 1   2 3   3 2   3 4   4 3   4 5   5 4   5 6   6 5   6 7   7 6   7 8   8 7   8 9   9 8   9 10   10 9   10 11   11 10   11 12   12 11   12 13   13 12   13 14   14 13   14 15   15 14   15 16   16 15   16 17   17 16   17 18   18 17   18 19   19 18
3 5 56   0 0   1 1   2 2   3 3   4 4   5 5   6 6   7 7   8 8   9 9   10 10   11 11   12 12   13 13   14 14   15 15   16 16   17 17   18 18   19 19   0 2   2 0   1 3   3 1   2 4   4 2   3 5   5 3   4 6   6 4   5 7   7 5   6 8   8 6   7 9   9 7   8 10   10 8   9 11   11 9   10 12   12 10   11 13   13 11   12 14   14 12   13 15   15 13   14 16   16 14   15 17   17 15   16 18   18 16   17 19   19 17
3 6 54   0 0   1 1   2 2   3 3   4 4   5 5   6 6   7 7   8 8   9 9   10 10   11 11   12 12   13 13   14 14   15 15   16 16   17 17   18 18   19 19   0 3   3 0   1 4   4 1   2 5   5 2   3 6   6 3   4 7   7 4   5 8   8 5   6 9   9 6   7 10   10 7   8 11   11 8   9 12   12 9   10 13   13 10   11 14   14 11   12 15   15 12   13 16   16 13   14 17   17 14   15 18   18 15   16 19   19 16
3 7 52   0 0   1 1   2 2   3 3   4 4   5 5   6 6   7 7   8 8   9 9   10 10   11 11   12 12   13 13   14 14   15 15   16 16   17 17   18 18   19 19   0 4   4 0   1 5   5 1   2 6   6 2   3 7   7 3   4 8   8 4   5 9   9 5   6 10   10 6   7 11   11 7   8 12   12 8   9 13   13 9   10 14   14 10   11 15   15 11   12 16   16 12   13 17   17 13   14 18   18 14   15 19   19 15
3 8 50   0 0   1 1   2 2   3 3   4 4   5 5   6 6   7 7   8 8   9 9   10 10   11 11   12 12   13 13   14 14   15 15   16 16   17 17   18 18   19 19   0 5   5 0   1 6   6 1   2 7   7 2   3 8   8 3   4 9   9 4   5 10   10 5   6 11   11 6   7 12   12 7   8 13   13 8   9 14   14 9   10 15   15 10   11 16   16 11   12 17   17 12   13 18   18 13   14 19   19 14
3 9 48   0 0   1 1   2 2   3 3   4 4   5 5   6 6   7 7   8 8   9 9   10 10   11 11   12 12   13 13   14 14   15 15   16 16   17 17   18 18   19 19   0 6   6 0   1 7   7 1   2 8   8 2   3 9   9 3   4 10   10 4   5 11   11 5   6 12   12 6   7 13   13 7   8 14   14 8   9 15   15 9   10 16   16 10   11 17   17 11   12 18   18 12   13 19   19 13
3 10 46   0 0   1 1   2 2   3 3   4 4   5 5   6 6   7 7   8 8   9 9   10 10   11 11   12 12   13 13   14 14   15 15   16 16   17 17   18 18   19 19   0 7   7 0   1 8   8 1   2 9   9 2   3 10   10 3   4 11   11 4   5 12   12 5   6 13   13 6   7 14   14 7   8 15   15 8   9 16   16 9   10 17   17 10   11 18   18 11   12 19   19 12
3 11 44   0 0   1 1   2 2   3 3   4 4   5 5   6 6   7 7   8 8   9 9   10 10   11 11   12 12   13 13   14 14   15 15   16 16   17 17   18 18   19 19   0 8   8 0   1 9   9 1   2 10   10 2   3 11   11 3   4 12   12 4   5 13   13 5   6 14   14 6   7 15   15 7   8 16   16 8   9 17   17 9   10 18   18 10   11 19   19 11
3 12 42   0 0   1 1   2 2   3 3   4 4   5 5   6 6   7 7   8 8   9 9   10 10   11 11   12 12   13 13   14 14   15 15   16 16   17 17   18 18   19 19   0 9   9 0   1 10   10 1   2 11   11 2   3 12   12 3   4 13   13 4   5 14   14 5   6 15   15 6   7 16   16 7   8 17   17 8   9 18   18 9   10 19   19 10
3 13 40   0 0   1 1   2 2   3 3   4 4   5 5   6 6   7 7   8 8   9 9   10 10   11 11   12 12   13 13   14 14   15 15   16 16   17 17   18 18   19 19   0 10   10 0   1 11   11 1   2 12   12 2   3 13   13 3   4 14   14 4   5 15   15 5   6 16   16 6   7 17   17 7   8 18   18 8   9 19   19 9
3 14 38   0 0   1 1   2 2   3 3   4 4   5 5   6 6   7 7   8 8   9 9   10 10   11 11   12 12   13 13   14 14   15 15   16 16   17 17   18 18   19 19   0 11   11 0   1 12   12 1   2 13   13 2   3 14   14 3   4 15   15 4   5 16   16 5   6 17   17 6   7 18   18 7   8 19   19 8
3 15 36   0 0   1 1   2 2   3 3   4 4   5 5   6 6   7 7   8 8   9 9   10 10   11 11   12 12   13 13   14 14   15 15   16 16   17 17   18 18   19 19   0 12   12 0   1 13   13 1   2 14   14 2   3 15   15 3   4 16   16 4   5 17   17 5   6 18   18 6   7 19   19 7
3 16 34   0 0   1 1   2 2   3 3   4 4   5 5   6 6   7 7   8 8   9 9   10 10   11 11   12 12   13 13   14 14   15 15   16 16   17 17   18 18   19 19   0 13   13 0   1 14   14 1   2 15   15 2   3 16   16 3   4 17   17 4   5 18   18 5   6 19   19 6
3 17 32   0 0   1 1   2 2   3 3   4 4   5 5   6 6   7 7   8 8   9 9   10 10   11 11   12 12   13 13   14 14   15 15   16 16   17 17   18 18   19 19   0 14   14 0   1 15   15 1   2 16   16 2   3 17   17 3   4 18   18 4   5 19   19 5
3 18 30   0 0   1 1   2 2   3 3   4 4   5 5   6 6   7 7   8 8   9 9   10 10   11 11   12 12   13 13   14 14   15 15   16 16   17 17   18 18   19 19   0 15   15 0   1 16   16 1   2 17   17 2   3 18   18 3   4 19   19 4
3 19 28   0 0   1 1   2 2   3 3   4 4   5 5   6 6   7 7   8 8   9 9   10 10   11 11   12 12   13 13   14 14   15 15   16 16   17 17   18 18   19 19   0 16   16 0   1 17   17 1   2 18   18 2   3 19   19 3
4 5 58   0 0   1 1   2 2   3 3   4 4   5 5   6 6   7 7   8 8   9 9   10 10   11 11   12 12   13 13   14 14   15 15   16 16   17 17   18 18   19 19   0 1   1 0   1 2   2 1   2 3   3 2   3 4   4 3   4 5   5 4   5 6   6 5   6 7   7 6   7 8   8 7   8 9   9 8   9 10   10 9   10 11   11 10   11 12   12 11   12 13   13 12   13 14   14 13   14 15   15 14   15 16   16 15   16 17   17 16   17 18   18 17   18 19   19 18
4 6 56   0 0   1 1   2 2   3 3   4 4   5 5   6 6   7 7   8 8   9 9   10 10   11 11   12 12   13 13   14 14   15 15   16 16   17 17   18 18   19 19   0 2   2 0   1 3   3 1   2 4   4 2   3 5   5 3   4 6   6 4   5 7   7 5   6 8   8 6   7 9   9 7   8 10   10 8   9 11   11 9   10 12   12 10   11 13   13 11   12 14   14 12   13 15   15 13   14 16   16 14   15 17   17 15   16 18   18 16   17 19   19 17
4 7 54   0 0   1 1   2 2   3 3   4 4   5 5   6 6   7 7   8 8   9 9   10 10   11 11   12 12   13 13   14 14   15 15   16 16   17 17   18 18   19 19   0 3   3 0   1 4   4 1   2 5   5 2   3 6   6 3   4 7   7 4   5 8   8 5   6 9   9 6   7 10   10 7   8 11   11 8   9 12   12 9   10 13   13 10   11 14   14 11   12 15   15 12   13 16   16 13   14 17   17 14   15 18   18 15   16 19   19 16
4 8 52   0 0   1 1   2 2   3 3   4 4   5 5   6 6   7 7   8 8   9 9   10 10   11 11   12 12   13 13   14 14   15 15   16 16   17 17   18 18   19 19   0 4   4 0   1 5   5 1   2 6   6 2   3 7   7 3   4 8   8 4   5 9   9 5   6 10   10 6   7 11   11 7   8 12   12 8   9 13   13 9   10 14   14 10   11 15   15 11   12 16   16 12   13 17   17 13   14 18   18 14   15 19   19 15
4 9 50   0 0   1 1   2 2   3 3   4 4   5 5   6 6   7 7   8 8   9 9   10 10   11 11   12 12   13 13   14 14   15 15   16 16   17 17   18 18   19 19   0 5   5 0   1 6   6 1   2 7   7 2   3 8   8 3   4 9   9 4   5 10   10 5   6 11   11 6   7 12   12 7   8 13   13 8   9 14   14 9   10 15   15 10   11 16   16 11   12 17   17 12   13 18   18 13   14 19   19 14
4 10 48   0 0   1 1   2 2   3 3   4 4   5 5   6 6   7 7   8 8   9 9   10 10   11 11   12 12   13 13   14 14   15 15   16 16   17 17   18 18   19 19   0 6   6 0   1 7   7 1   2 8   8 2   3 9   9 3   4 10   10 4   5 11   11 5   6 12   12 6   7 13   13 7   8 14   14 8   9 15   15 9   10 16   16 10   11 17   17 11   12 18   18 12   13 19   19 13
4 11 46   0 0   1 1   2 2   3 3   4 4   5 5   6 6   7 7   8 8   9 9   10 10   11 11   12 12   13 13   14 14   15 15   16 16   17 17   18 18   19 19   0 7   7 0   1 8   8 1   2 9   9 2   3 10   10 3   4 11   11 4   5 12   12 5   6 13   13 6   7 14   14 7   8 15   15 8   9 16   16 9   10 17   17 10   11 18   18 11   12 19   19 12
4 12 44   0 0   1 1   2 2   3 3   4 4   5 5   6 6   7 7   8 8   9 9   10 10   11 11   12 12   13 13   14 14   15 15   16 16   17 17   18 18   19 19   0 8   8 0   1 9   9 1   2 10   10 2   3 11   11 3   4 12   12 4   5 13   13 5   6 14   14 6   7 15   15 7   8 16   16 8   9 17   17 9   10 18   18 10   11 19   19 11
4 13 42   0 0   1 1   2 2   3 3   4 4   5 5   6 6   7 7   8 8   9 9   10 10   11 11   12 12   13 13   14 14   15 15   16 16   17 17   18 18   19 19   0 9   9 0   1 10   10 1   2 11   11 2   3 12   12 3   4 13   13 4   5 14   14 5   6 15   15 6   7 16   16 7   8 17   17 8   9 18   18 9   10 19   19 10
4 14 40   0 0   1 1   2 2   3 3   4 4   5 5   6 6   7 7   8 8   9 9   10 10   11 11   12 12   13 13   14 14   15 15   16 16   17 17   18 18   19 19   0 10   10 0   1 11   11 1   2 12   12 2   3 13   13 3   4 14   14 4   5 15   15 5   6 16   16 6   7 17   17 7   8 18   18 8   9 19   19 9
4 15 38   0 0   1 1   2 2   3 3   4 4   5 5   6 6   7 7   8 8   9 9   10 10   11 11   12 12   13 13   14 14   15 15   16 16   17 17   18 18   19 19   0 11   11 0   1 12   12 1   2 13   13 2   3 14   14 3   4 15   15 4   5 16   16 5   6 17   17 6   7 18   18 7   8 19   19 8
4 16 36   0 0   1 1   2 2   3 3   4 4   5 5   6 6   7 7   8 8   9 9   10 10   11 11   12 12   13 13   14 14   15 15   16 16   17 17   18 18   19 19   0 12   12 0   1 13   13 1   2 14   14 2   3 15   15 3   4 16   16 4   5 17   17 5   6 18   18 6   7 19   19 7
4 17 34   0 0   1 1   2 2   3 3   4 4   5 5   6 6   7 7   8 8   9 9   10 10   11 11   12 12   13 13   14 14   15 15   16 16   17 17   18 18   19 19   0 13   13 0   1 14   14 1   2 15   15 2   3 16   16 3   4 17   17 4   5 18   18 5   6 19   19 6
4 18 32   0 0   1 1   2 2   3 3   4 4   5 5   6 6   7 7   8 8   9 9   10 10   11 11   12 12   13 13   14 14   15 15   16 16   17 17   18 18   19 19   0 14   14 0   1 15   15 1   2 16   16 2   3 17   17 3   4 18   18 4   5 19   19 5
4 19 30   0 0   1 1   2 2   3 3   4 4   5 5   6 6   7 7   8 8   9 9   10 10   11 11   12 12   13 13   14 14   15 15   16 16   17 17   18 18   19 19   0 15   15 0   1 16   16 1   2 17   17 2   3 18   18 3   4 19   19 4
5 6 58   0 0   1 1   2 2   3 3   4 4   5 5   6 6   7 7   8 8   9 9   10 10   11 11   12 12   13 13   14 14   15 15   16 16   17 17   18 18   19 19   0 1   1 0   1 2   2 1   2 3   3 2   3 4   4 3   4 5   5 4   5 6   6 5   6 7   7 6   7 8   8 7   8 9   9 8   9 10   10 9   10 11   11 10   11 12   12 11   12 13   13 12   13 14   14 13   14 15   15 14   15 16   16 15   16 17   17 16   17 18   18 17   18 19   19 18
5 7 56   0 0   1 1   2 2   3 3   4 4   5 5   6 6   7 7   8 8   9 9   10 10   11 11   12 12   13 13   14 14   15 15   16 16   17 17   18 18   19 19   0 2   2 0   1 3   3 1   2 4   4 2   3 5   5 3   4 6   6 4   5 7   7 5   6 8   8 6   7 9   9 7   8 10   10 8   9 11   11 9   10 12   12 10   11 13   13 11   12 14   14 12   13 15   15 13   14 16   16 14   15 17   17 15   16 18   18 16   17 19   19 17
5 8 54   0 0   1 1   2 2   3 3   4 4   5 5   6 6   7 7   8 8   9 9   10 10   11 11   12 12   13 13   14 14   15 15   16 16   17 17   18 18   19 19   0 3   3 0   1 4   4 1   2 5   5 2   3 6   6 3   4 7   7 4   5 8   8 5   6 9   9 6   7 10   10 7   8 11   11 8   9 12   12 9   10 13   13 10   11 14   14 11   12 15   15 12   13 16   16 13   14 17   17 14   15 18   18 15   16 19   19 16
5 9 52   0 0   1 1   2 2   3 3   4 4   5 5   6 6   7 7   8 8   9 9   10 10   11 11   12 12   13 13   14 14   15 15   16 16   17 17   18 18   19 19   0 4   4 0   1 5   5 1   2 6   6 2   3 7   7 3   4 8   8 4   5 9   9 5   6 10   10 6   7 11   11 7   8 12   12 8   9 13   13 9   10 14   14 10   11 15   15 11   12 16   16 12   13 17   17 13   14 18   18 14   15 19   19 15
5 10 50   0 0   1 1   2 2   3 3   4 4   5 5   6 6   7 7   8 8   9 9   10 10   11 11   12 12   13 13   14 14   15 15   16 16   17 17   18 18   19 19   0 5   5 0   1 6   6 1   2 7   7 2   3 8   8 3   4 9   9 4   5 10   10 5   6 11   11 6   7 12   12 7   8 13   13 8   9 14   14 9   10 15   15 10   11 16   16 11   12 17   17 12   13 18   18 13   14 19   19 14
5 11 48   0 0   1 1   2 2   3 3   4 4   5 5   6 6   7 7   8 8   9 9   10 10   11 11   12 12   13 13   14 14   15 15   16 16   17 17   18 18   19 19   0 6   6 0   1 7   7 1   2 8   8 2   3 9   9 3   4 10   10 4   5 11   11 5   6 12   12 6   7 13   13 7   8 14   14 8   9 15   15 9   10 16   16 10   11 17   17 11   12 18   18 12   13 19   19 13
5 12 46   0 0   1 1   2 2   3 3   4 4   5 5   6 6   7 7   8 8   9 9   10 10   11 11   12 12   13 13   14 14   15 15   16 16   17 17   18 18   19 19   0 7   7 0   1 8   8 1   2 9   9 2   3 10   10 3   4 11   11 4   5 12   12 5   6 13   13 6   7 14   14 7   8 15   15 8   9 16   16 9   10 17   17 10   11 18   18 11   12 19   19 12
5 13 44   0 0   1 1   2 2   3 3   4 4   5 5   6 6   7 7   8 8   9 9   10 10   11 11   12 12   13 13   14 14   15 15   16 16   17 17   18 18   19 19   0 8   8 0   1 9   9 1   2 10   10 2   3 11   11 3   4 12   12 4   5 13   13 5   6 14   14 6   7 15   15 7   8 16   16 8   9 17   17 9   10 18   18 10   11 19   19 11
5 14 42   0 0   1 1   2 2   3 3   4 4   5 5   6 6   7 7   8 8   9 9   10 10   11 11   12 12   13 13   14 14   15 15   16 16   17 17   18 18   19 19   0 9   9 0   1 10   10 1   2 11   11 2   3 12   12 3   4 13   13 4   5 14   14 5   6 15   15 6   7 16   16 7   8 17   17 8   9 18   18 9   10 19   19 10
5 15 40   0 0   1 1   2 2   3 3   4 4   5 5   6 6   7 7   8 8   9 9   10 10   11 11   12 12   13 13   14 14   15 15   16 16   17 17   18 18   19 19   0 10   10 0   1 11   11 1   2 12   12 2   3 13   13 3   4 14   14 4   5 15   15 5   6 16   16 6   7 17   17 7   8 18   18 8   9 19   19 9
5 16 38   0 0   1 1   2 2   3 3   4 4   5 5   6 6   7 7   8 8   9 9   10 10   11 11   12 12   13 13   14 14   15 15   16 16   17 17   18 18   19 19   0 11   11 0   1 12   12 1   2 13   13 2   3 14   14 3   4 15   15 4   5 16   16 5   6 17   17 6   7 18   18 7   8 19   19 8
5 17 36   0 0   1 1   2 2   3 3   4 4   5 5   6 6   7 7   8 8   9 9   10 10   11 11   12 12   13 13   14 14   15 15   16 16   17 17   18 18   19 19   0 12   12 0   1 13   13 1   2 14   14 2   3 15   15 3   4 16   16 4   5 17   17 5   6 18   18 6   7 19   19 7
5 18 34   0 0   1 1   2 2   3 3   4 4   5 5   6 6   7 7   8 8   9 9   10 10   11 11   12 12   13 13   14 14   15 15   16 16   17 17   18 18   19 19   0 13   13 0   1 14   14 1   2 15   15 2   3 16   16 3   4 17   17 4   5 18   18 5   6 19   19 6
5 19 32   0 0   1 1   2 2   3 3   4 4   5 5   6 6   7 7   8 8   9 9   10 10   11 11   12 12   13 13   14 14   15 15   16 16   17 17   18 18   19 19   0 14   14 0   1 15   15 1   2 16   16 2   3 17   17 3   4 18   18 4   5 19   19 5
6 7 58   0 0   1 1   2 2   3 3   4 4   5 5   6 6   7 7   8 8   9 9   10 10   11 11   12 12   13 13   14 14   15 15   16 16   17 17   18 18   19 19   0 1   1 0   1 2   2 1   2 3   3 2   3 4   4 3   4 5   5 4   5 6   6 5   6 7   7 6   7 8   8 7   8 9   9 8   9 10   10 9   10 11   11 10   11 12   12 11   12 13   13 12   13 14   14 13   14 15   15 14   15 16   16 15   16 17   17 16   17 18   18 17   18 19   19 18
6 8 56   0 0   1 1   2 2   3 3   4 4   5 5   6 6   7 7   8 8   9 9   10 10   11 11   12 12   13 13   14 14   15 15   16 16   17 17   18 18   19 19   0 2   2 0   1 3   3 1   2 4   4 2   3 5   5 3   4 6   6 4   5 7   7 5   6 8   8 6   7 9   9 7   8 10   10 8   9 11   11 9   10 12   12 10   11 13   13 11   12 14   14 12   13 15   15 13   14 16   16 14   15 17   17 15   16 18   18 16   17 19   19 17
6 9 54   0 0   1 1   2 2   3 3   4 4   5 5   6 6   7 7   8 8   9 9   10 10   11 11   12 12   13 13   14 14   15 15   16 16   17 17   18 18   19 19   0 3   3 0   1 4   4 1   2 5   5 2   3 6   6 3   4 7   7 4   5 8   8 5   6 9   9 6   7 10   10 7   8 11   11 8   9 12   12 9   10 13   13 10   11 14   14 11   12 15   15 12   13 16   16 13   14 17   17 14   15 18   18 15   16 19   19 16
6 10 52   0 0   1 1   2 2   3 3   4 4   5 5   6 6   7 7   8 8   9 9   10 10   11 11   12 12   13 13   14 14   15 15   16 16   17 17   18 18   19 19   0 4   4 0   1 5   5 1   2 6   6 2   3 7   7 3   4 8   8 4   5 9   9 5   6 10   10 6   7 11   11 7   8 12   12 8   9 13   13 9   10 14   14 10   11 15   15 11   12 16   16 12   13 17   17 13   14 18   18 14   15 19   19 15
6 11 50   0 0   1 1   2 2   3 3   4 4   5 5   6 6   7 7   8 8   9 9   10 10   11 11   12 12   13 13   14 14   15 15   16 16   17 17   18 18   19 19   0 5   5 0   1 6   6 1   2 7   7 2   3 8   8 3   4 9   9 4   5 10   10 5   6 11   11 6   7 12   12 7   8 13   13 8   9 14   14 9   10 15   15 10   11 16   16 11   12 17   17 12   13 18   18 13   14 19   19 14
6 12 48   0 0   1 1   2 2   3 3   4 4   5 5   6 6   7 7   8 8   9 9   10 10   11 11   12 12   13 13   14 14   15 15   16 16   17 17   18 18   19 19   0 6   6 0   1 7   7 1   2 8   8 2   3 9   9 3   4 10   10 4   5 11   11 5   6 12   12 6   7 13   13 7   8 14   14 8   9 15   15 9   10 16   16 10   11 17   17 11   12 18   18 12   13 19   19 13
6 13 46   0 0   1 1   2 2   3 3   4 4   5 5   6 6   7 7   8 8   9 9   10 10   11 11   12 12   13 13   14 14   15 15   16 16   17 17   18 18   19 19   0 7   7 0   1 8   8 1   2 9   9 2   3 10   10 3   4 11   11 4   5 12   12 5   6 13   13 6   7 14   14 7   8 15   15 8   9 16   16 9   10 17   17 10   11 18   18 11   12 19   19 12
6 14 44   0 0   1 1   2 2   3 3   4 4   5 5   6 6   7 7   8 8   9 9   10 10   11 11   12 12   13 13   14 14   15 15   16 16   17 17   18 18   19 19   0 8   8 0   1 9   9 1   2 10   10 2   3 11   11 3   4 12   12 4   5 13   13 5   6 14   14 6   7 15   15 7   8 16   16 8   9 17   17 9   10 18   18 10   11 19   19 11
6 15 42   0 0   1 1   2 2   3 3   4 4   5 5   6 6   7 7   8 8   9 9   10 10   11 11   12 12   13 13   14 14   15 15   16 16   17 17   18 18   19 19   0 9   9 0   1 10   10 1   2 11   11 2   3 12   12 3   4 13   13 4   5 14   14 5   6 15   15 6   7 16   16 7   8 17   17 8   9 18   18 9   10 19   19 10
6 16 40   0 0   1 1   2 2   3 3   4 4   5 5   6 6   7 7   8 8   9 9   10 10   11 11   12 12   13 13   14 14   15 15   16 16   17 17   18 18   19 19   0 10   10 0   1 11   11 1   2 12   12 2   3 13   13 3   4 14   14 4   5 15   15 5   6 16   16 6   7 17   17 7   8 18   18 8   9 19   19 9
6 17 38   0 0   1 1   2 2   3 3   4 4   5 5   6 6   7 7   8 8   9 9   10 10   11 11   12 12   13 13   14 14   15 15   16 16   17 17   18 18   19 19   0 11   11 0   1 12   12 1   2 13   13 2   3 14   14 3   4 15   15 4   5 16   16 5   6 17   17 6   7 18   18 7   8 19   19 8
6 18 36   0 0   1 1   2 2   3 3   4 4   5 5   6 6   7 7   8 8   9 9   10 10   11 11   12 12   13 13   14 14   15 15   16 16   17 17   18 18   19 19   0 12   12 0   1 13   13 1   2 14   14 2   3 15   15 3   4 16   16 4   5 17   17 5   6 18   18 6   7 19   19 7
6 19 34   0 0   1 1   2 2   3 3   4 4   5 5   6 6   7 7   8 8   9 9   10 10   11 11   12 12   13 13   14 14   15 15   16 16   17 17   18 18   19 19   0 13   13 0   1 14   14 1   2 15   15 2   3 16   16 3   4 17   17 4   5 18   18 5   6 19   19 6
7 8 58   0 0   1 1   2 2   3 3   4 4   5 5   6 6   7 7   8 8   9 9   10 10   11 11   12 12   13 13   14 14   15 15   16 16   17 17   18 18   19 19   0 1   1 0   1 2   2 1   2 3   3 2   3 4   4 3   4 5   5 4   5 6   6 5   6 7   7 6   7 8   8 7   8 9   9 8   9 10   10 9   10 11   11 10   11 12   12 11   12 13   13 12   13 14   14 13   14 15   15 14   15 16   16 15   16 17   17 16   17 18   18 17   18 19   19 18
7 9 56   0 0   1 1   2 2   3 3   4 4   5 5   6 6   7 7   8 8   9 9   10 10   11 11   12 12   13 13   14 14   15 15   16 16   17 17   18 18   19 19   0 2   2 0   1 3   3 1   2 4   4 2   3 5   5 3   4 6   6 4   5 7   7 5   6 8   8 6   7 9   9 7   8 10   10 8   9 11   11 9   10 12   12 10   11 13   13 11   12 14   14 12   13 15   15 13   14 16   16 14   15 17   17 15   16 18   18 16   17 19   19 17
7 10 54   0 0   1 1   2 2   3 3   4 4   5 5   6 6   7 7   8 8   9 9   10 10   11 11   12 12   13 13   14 14   15 15   16 16   17 17   18 18   19 19   0 3   3 0   1 4   4 1   2 5   5 2   3 6   6 3   4 7   7 4   5 8   8 5   6 9   9 6   7 10   10 7   8 11   11 8   9 12   12 9   10 13   13 10   11 14   14 11   12 15   15 12   13 16   16 13   14 17   17 14   15 18   18 15   16 19   19 16
7 11 52   0 0   1 1   2 2   3 3   4 4   5 5   6 6   7 7   8 8   9 9   10 10   11 11   12 12   13 13   14 14   15 15   16 16   17 17   18 18   19 19   0 4   4 0   1 5   5 1   2 6   6 2   3 7   7 3   4 8   8 4   5 9   9 5   6 10   10 6   7 11   11 7   8 12   12 8   9 13   13 9   10 14   14 10   11 15   15 11   12 16   16 12   13 17   17 13   14 18   18 14   15 19   19 15
7 12 50   0 0   1 1   2 2   3 3   4 4   5 5   6 6   7 7   8 8   9 9   10 10   11 11   12 12   13 13   14 14   15 15   16 16   17 17   18 18   19 19   0 5   5 0   1 6   6 1   2 7   7 2   3 8   8 3   4 9   9 4   5 10   10 5   6 11   11 6   7 12   12 7   8 13   13 8   9 14   14 9   10 15   15 10   11 16   16 11   12 17   17 12   13 18   18 13   14 19   19 14
7 13 48   0 0   1 1   2 2   3 3   4 4   5 5   6 6   7 7   8 8   9 9   10 10   11 11   12 12   13 13   14 14   15 15   16 16   17 17   18 18   19 19   0 6   6 0   1 7   7 1   2 8   8 2   3 9   9 3   4 10   10 4   5 11   11 5   6 12   12 6   7 13   13 7   8 14   14 8   9 15   15 9   10 16   16 10   11 17   17 11   12 18   18 12   13 19   19 13
7 14 46   0 0   1 1   2 2   3 3   4 4   5 5   6 6   7 7   8 8   9 9   10 10   11 11   12 12   13 13   14 14   15 15   16 16   17 17   18 18   19 19   0 7   7 0   1 8   8 1   2 9   9 2   3 10   10 3   4 11   11 4   5 12   12 5   6 13   13 6   7 14   14 7   8 15   15 8   9 16   16 9   10 17   17 10   11 18   18 11   12 19   19 12
7 15 44   0 0   1 1   2 2   3 3   4 4   5 5   6 6   7 7   8 8   9 9   10 10   11 11   12 12   13 13   14 14   15 15   16 16   17 17   18 18   19 19   0 8   8 0   1 9   9 1   2 10   10 2   3 11   11 3   4 12   12 4   5 13   13 5   6 14   14 6   7 15   15 7   8 16   16 8   9 17   17 9   10 18   18 10   11 19   19 11
7 16 42   0 0   1 1   2 2   3 3   4 4   5 5   6 6   7 7   8 8   9 9   10 10   11 11   12 12   13 13   14 14   15 15   16 16   17 17   18 18   19 19   0 9   9 0   1 10   10 1   2 11   11 2   3 12   12 3   4 13   13 4   5 14   14 5   6 15   15 6   7 16   16 7   8 17   17 8   9 18   18 9   10 19   19 10
7 17 40   0 0   1 1   2 2   3 3   4 4   5 5   6 6   7 7   8 8   9 9   10 10   11 11   12 12   13 13   14 14   15 15   16 16   17 17   18 18   19 19   0 10   10 0   1 11   11 1   2 12   12 2   3 13   13 3   4 14   14 4   5 15   15 5   6 16   16 6   7 17   17 7   8 18   18 8   9 19   19 9
7 18 38   0 0   1 1   2 2   3 3   4 4   5 5   6 6   7 7   8 8   9 9   10 10   11 11   12 12   13 13   14 14   15 15   16 16   17 17   18 18   19 19   0 11   11 0   1 12   12 1   2 13   13 2   3 14   14 3   4 15   15 4   5 16   16 5   6 17   17 6   7 18   18 7   8 19   19 8
7 19 36   0 0   1 1   2 2   3 3   4 4   5 5   6 6   7 7   8 8   9 9   10 10   11 11   12 12   13 13   14 14   15 15   16 16   17 17   18 18   19 19   0 12   12 0   1 13   13 1   2 14   14 2   3 15   15 3   4 16   16 4   5 17   17 5   6 18   18 6   7 19   19 7
8 9 58   0 0   1 1   2 2   3 3   4 4   5 5   6 6   7 7   8 8   9 9   10 10   11 11   12 12   13 13   14 14   15 15   16 16   17 17   18 18   19 19   0 1   1 0   1 2   2 1   2 3   3 2   3 4   4 3   4 5   5 4   5 6   6 5   6 7   7 6   7 8   8 7   8 9   9 8   9 10   10 9   10 11   11 10   11 12   12 11   12 13   13 12   13 14   14 13   14 15   15 14   15 16   16 15   16 17   17 16   17 18   18 17   18 19   19 18
8 10 56   0 0   1 1   2 2   3 3   4 4   5 5   6 6   7 7   8 8   9 9   10 10   11 11   12 12   13 13   14 14   15 15   16 16   17 17   18 18   19 19   0 2   2 0   1 3   3 1   2 4   4 2   3 5   5 3   4 6   6 4   5 7   7 5   6 8   8 6   7 9   9 7   8 10   10 8   9 11   11 9   10 12   12 10   11 13   13 11   12 14   14 12   13 15   15 13   14 16   16 14   15 17   17 15   16 18   18 16   17 19   19 17
8 11 54   0 0   1 1   2 2   3 3   4 4   5 5   6 6   7 7   8 8   9 9   10 10   11 11   12 12   13 13   14 14   15 15   16 16   17 17   18 18   19 19   0 3   3 0   1 4   4 1   2 5   5 2   3 6   6 3   4 7   7 4   5 8   8 5   6 9   9 6   7 10   10 7   8 11   11 8   9 12   12 9   10 13   13 10   11 14   14 11   12 15   15 12   13 16   16 13   14 17   17 14   15 18   18 15   16 19   19 16
8 12 52   0 0   1 1   2 2   3 3   4 4   5 5   6 6   7 7   8 8   9 9   10 10   11 11   12 12   13 13   14 14   15 15   16 16   17 17   18 18   19 19   0 4   4 0   1 5   5 1   2 6   6 2   3 7   7 3   4 8   8 4   5 9   9 5   6 10   10 6   7 11   11 7   8 12   12 8   9 13   13 9   10 14   14 10   11 15   15 11   12 16   16 12   13 17   17 13   14 18   18 14   15 19   19 15
8 13 50   0 0   1 1   2 2   3 3   4 4   5 5   6 6   7 7   8 8   9 9   10 10   11 11   12 12   13 13   14 14   15 15   16 16   17 17   18 18   19 19   0 5   5 0   1 6   6 1   2 7   7 2   3 8   8 3   4 9   9 4   5 10   10 5   6 11   11 6   7 12   12 7   8 13   13 8   9 14   14 9   10 15   15 10   11 16   16 11   12 17   17 12   13 18   18 13   14 19   19 14
8 14 48   0 0   1 1   2 2   3 3   4 4   5 5   6 6   7 7   8 8   9 9   10 10   11 11   12 12   13 13   14 14   15 15   16 16   17 17   18 18   19 19   0 6   6 0   1 7   7 1   2 8   8 2   3 9   9 3   4 10   10 4   5 11   11 5   6 12   12 6   7 13   13 7   8 14   14 8   9 15   15 9   10 16   16 10   11 17   17 11   12 18   18 12   13 19   19 13
8 15 46   0 0   1 1   2 2   3 3   4 4   5 5   6 6   7 7   8 8   9 9   10 10   11 11   12 12   13 13   14 14   15 15   16 16   17 17   18 18   19 19   0 7   7 0   1 8   8 1   2 9   9 2   3 10   10 3   4 11   11 4   5 12   12 5   6 13   13 6   7 14   14 7   8 15   15 8   9 16   16 9   10 17   17 10   11 18   18 11   12 19   19 12
8 16 44   0 0   1 1   2 2   3 3   4 4   5 5   6 6   7 7   8 8   9 9   10 10   11 11   12 12   13 13   14 14   15 15   16 16   17 17   18 18   19 19   0 8   8 0   1 9   9 1   2 10   10 2   3 11   11 3   4 12   12 4   5 13   13 5   6 14   14 6   7 15   15 7   8 16   16 8   9 17   17 9   10 18   18 10   11 19   19 11
8 17 42   0 0   1 1   2 2   3 3   4 4   5 5   6 6   7 7   8 8   9 9   10 10   11 11   12 12   13 13   14 14   15 15   16 16   17 17   18 18   19 19   0 9   9 0   1 10   10 1   2 11   11 2   3 12   12 3   4 13   13 4   5 14   14 5   6 15   15 6   7 16   16 7   8 17   17 8   9 18   18 9   10 19   19 10
8 18 40   0 0   1 1   2 2   3 3   4 4   5 5   6 6   7 7   8 8   9 9   10 10   11 11   12 12   13 13   14 14   15 15   16 16   17 17   18 18   19 19   0 10   10 0   1 11   11 1   2 12   12 2   3 13   13 3   4 14   14 4   5 15   15 5   6 16   16 6   7 17   17 7   8 18   18 8   9 19   19 9
8 19 38   0 0   1 1   2 2   3 3   4 4   5 5   6 6   7 7   8 8   9 9   10 10   11 11   12 12   13 13   14 14   15 15   16 16   17 17   18 18   19 19   0 11   11 0   1 12   12 1   2 13   13 2   3 14   14 3   4 15   15 4   5 16   16 5   6 17   17 6   7 18   18 7   8 19   19 8
9 10 58   0 0   1 1   2 2   3 3   4 4   5 5   6 6   7 7   8 8   9 9   10 10   11 11   12 12   13 13   14 14   15 15   16 16   17 17   18 18   19 19   0 1   1 0   1 2   2 1   2 3   3 2   3 4   4 3   4 5   5 4   5 6   6 5   6 7   7 6   7 8   8 7   8 9   9 8   9 10   10 9   10 11   11 10   11 12   12 11   12 13   13 12   13 14   14 13   14 15   15 14   15 16   16 15   16 17   17 16   17 18   18 17   18 19   19 18
9 11 56   0 0   1 1   2 2   3 3   4 4   5 5   6 6   7 7   8 8   9 9   10 10   11 11   12 12   13 13   14 14   15 15   16 16   17 17   18 18   19 19   0 2   2 0   1 3   3 1   2 4   4 2   3 5   5 3   4 6   6 4   5 7   7 5   6 8   8 6   7 9   9 7   8 10   10 8   9 11   11 9   10 12   12 10   11 13   13 11   12 14   14 12   13 15   15 13   14 16   16 14   15 17   17 15   16 18   18 16   17 19   19 17
9 12 54   0 0   1 1   2 2   3 3   4 4   5 5   6 6   7 7   8 8   9 9   10 10   11 11   12 12   13 13   14 14   15 15   16 16   17 17   18 18   19 19   0 3   3 0   1 4   4 1   2 5   5 2   3 6   6 3   4 7   7 4   5 8   8 5   6 9   9 6   7 10   10 7   8 11   11 8   9 12   12 9   10 13   13 10   11 14   14 11   12 15   15 12   13 16   16 13   14 17   17 14   15 18   18 15   16 19   19 16
9 13 52   0 0   1 1   2 2   3 3   4 4   5 5   6 6   7 7   8 8   9 9   10 10   11 11   12 12   13 13   14 14   15 15   16 16   17 17   18 18   19 19   0 4   4 0   1 5   5 1   2 6   6 2   3 7   7 3   4 8   8 4   5 9   9 5   6 10   10 6   7 11   11 7   8 12   12 8   9 13   13 9   10 14   14 10   11 15   15 11   12 16   16 12   13 17   17 13   14 18   18 14   15 19   19 15
9 14 50   0 0   1 1   2 2   3 3   4 4   5 5   6 6   7 7   8 8   9 9   10 10   11 11   12 12   13 13   14 14   15 15   16 16   17 17   18 18   19 19   0 5   5 0   1 6   6 1   2 7   7 2   3 8   8 3   4 9   9 4   5 10   10 5   6 11   11 6   7 12   12 7   8 13   13 8   9 14   14 9   10 15   15 10   11 16   16 11   12 17   17 12   13 18   18 13   14 19   19 14
9 15 48   0 0   1 1   2 2   3 3   4 4   5 5   6 6   7 7   8 8   9 9   10 10   11 11   12 12   13 13   14 14   15 15   16 16   17 17   18 18   19 19   0 6   6 0   1 7   7 1   2 8   8 2   3 9   9 3   4 10   10 4   5 11   11 5   6 12   12 6   7 13   13 7   8 14   14 8   9 15   15 9   10 16   16 10   11 17   17 11   12 18   18 12   13 19   19 13
9 16 46   0 0   1 1   2 2   3 3   4 4   5 5   6 6   7 7   8 8   9 9   10 10   11 11   12 12   13 13   14 14   15 15   16 16   17 17   18 18   19 19   0 7   7 0   1 8   8 1   2 9   9 2   3 10   10 3   4 11   11 4   5 12   12 5   6 13   13 6   7 14   14 7   8 15   15 8   9 16   16 9   10 17   17 10   11 18   18 11   12 19   19 12
9 17 44   0 0   1 1   2 2   3 3   4 4   5 5   6 6   7 7   8 8   9 9   10 10   11 11   12 12   13 13   14 14   15 15   16 16   17 17   18 18   19 19   0 8   8 0   1 9   9 1   2 10   10 2   3 11   11 3   4 12   12 4   5 13   13 5   6 14   14 6   7 15   15 7   8 16   16 8   9 17   17 9   10 18   18 10   11 19   19 11
9 18 42   0 0   1 1   2 2   3 3   4 4   5 5   6 6   7 7   8 8   9 9   10 10   11 11   12 12   13 13   14 14   15 15   16 16   17 17   18 18   19 19   0 9   9 0   1 10   10 1   2 11   11 2   3 12   12 3   4 13   13 4   5 14   14 5   6 15   15 6   7 16   16 7   8 17   17 8   9 18   18 9   10 19   19 10
9 19 40   0 0   1 1   2 2   3 3   4 4   5 5   6 6   7 7   8 8   9 9   10 10   11 11   12 12   13 13   14 14   15 15   16 16   17 17   18 18   19 19   0 10   10 0   1 11   11 1   2 12   12 2   3 13   13 3   4 14   14 4   5 15   15 5   6 16   16 6   7 17   17 7   8 18   18 8   9 19   19 9
10 11 58   0 0   1 1   2 2   3 3   4 4   5 5   6 6   7 7   8 8   9 9   10 10   11 11   12 12   13 13   14 14   15 15   16 16   17 17   18 18   19 19   0 1   1 0   1 2   2 1   2 3   3 2   3 4   4 3   4 5   5 4   5 6   6 5   6 7   7 6   7 8   8 7   8 9   9 8   9 10   10 9   10 11   11 10   11 12   12 11   12 13   13 12   13 14   14 13   14 15   15 14   15 16   16 15   16 17   17 16   17 18   18 17   18 19   19 18
10 12 56   0 0   1 1   2 2   3 3   4 4   5 5   6 6   7 7   8 8   9 9   10 10   11 11   12 12   13 13   14 14   15 15   16 16   17 17   18 18   19 19   0 2   2 0   1 3   3 1   2 4   4 2   3 5   5 3   4 6   6 4   5 7   7 5   6 8   8 6   7 9   9 7   8 10   10 8   9 11   11 9   10 12   12 10   11 13   13 11   12 14   14 12   13 15   15 13   14 16   16 14   15 17   17 15   16 18   18 16   17 19   19 17
10 13 54   0 0   1 1   2 2   3 3   4 4   5 5   6 6   7 7   8 8   9 9   10 10   11 11   12 12   13 13   14 14   15 15   16 16   17 17   18 18   19 19   0 3   3 0   1 4   4 1   2 5   5 2   3 6   6 3   4 7   7 4   5 8   8 5   6 9   9 6   7 10   10 7   8 11   11 8   9 12   12 9   10 13   13 10   11 14   14 11   12 15   15 12   13 16   16 13   14 17   17 14   15 18   18 15   16 19   19 16
10 14 52   0 0   1 1   2 2   3 3   4 4   5 5   6 6   7 7   8 8   9 9   10 10   11 11   12 12   13 13   14 14   15 15   16 16   17 17   18 18   19 19   0 4   4 0   1 5   5 1   2 6   6 2   3 7   7 3   4 8   8 4   5 9   9 5   6 10   10 6   7 11   11 7   8 12   12 8   9 13   13 9   10 14   14 10   11 15   15 11   12 16   16 12   13 17   17 13   14 18   18 14   15 19   19 15
10 15 50   0 0   1 1   2 2   3 3   4 4   5 5   6 6   7 7   8 8   9 9   10 10   11 11   12 12   13 13   14 14   15 15   16 16   17 17   18 18   19 19   0 5   5 0   1 6   6 1   2 7   7 2   3 8   8 3   4 9   9 4   5 10   10 5   6 11   11 6   7 12   12 7   8 13   13 8   9 14   14 9   10 15   15 10   11 16   16 11   12 17   17 12   13 18   18 13   14 19   19 14
10 16 48   0 0   1 1   2 2   3 3   4 4   5 5   6 6   7 7   8 8   9 9   10 10   11 11   12 12   13 13   14 14   15 15   16 16   17 17   18 18   19 19   0 6   6 0   1 7   7 1   2 8   8 2   3 9   9 3   4 10   10 4   5 11   11 5   6 12   12 6   7 13   13 7   8 14   14 8   9 15   15 9   10 16   16 10   11 17   17 11   12 18   18 12   13 19   19 13
10 17 46   0 0   1 1   2 2   3 3   4 4   5 5   6 6   7 7   8 8   9 9   10 10   11 11   12 12   13 13   14 14   15 15   16 16   17 17   18 18   19 19   0 7   7 0   1 8   8 1   2 9   9 2   3 10   10 3   4 11   11 4   5 12   12 5   6 13   13 6   7 14   14 7   8 15   15 8   9 16   16 9   10 17   17 10   11 18   18 11   12 19   19 12
10 18 44   0 0   1 1   2 2   3 3   4 4   5 5   6 6   7 7   8 8   9 9   10 10   11 11   12 12   13 13   14 14   15 15   16 16   17 17   18 18   19 19   0 8   8 0   1 9   9 1   2 10   10 2   3 11   11 3   4 12   12 4   5 13   13 5   6 14   14 6   7 15   15 7   8 16   16 8   9 17   17 9   10 18   18 10   11 19   19 11
10 19 42   0 0   1 1   2 2   3 3   4 4   5 5   6 6   7 7   8 8   9 9   10 10   11 11   12 12   13 13   14 14   15 15   16 16   17 17   18 18   19 19   0 9   9 0   1 10   10 1   2 11   11 2   3 12   12 3   4 13   13 4   5 14   14 5   6 15   15 6   7 16   16 7   8 17   17 8   9 18   18 9   10 19   19 10
11 12 58   0 0   1 1   2 2   3 3   4 4   5 5   6 6   7 7   8 8   9 9   10 10   11 11   12 12   13 13   14 14   15 15   16 16   17 17   18 18   19 19   0 1   1 0   1 2   2 1   2 3   3 2   3 4   4 3   4 5   5 4   5 6   6 5   6 7   7 6   7 8   8 7   8 9   9 8   9 10   10 9   10 11   11 10   11 12   12 11   12 13   13 12   13 14   14 13   14 15   15 14   15 16   16 15   16 17   17 16   17 18   18 17   18 19   19 18
11 13 56   0 0   1 1   2 2   3 3   4 4   5 5   6 6   7 7   8 8   9 9   10 10   11 11   12 12   13 13   14 14   15 15   16 16   17 17   18 18   19 19   0 2   2 0   1 3   3 1   2 4   4 2   3 5   5 3   4 6   6 4   5 7   7 5   6 8   8 6   7 9   9 7   8 10   10 8   9 11   11 9   10 12   12 10   11 13   13 11   12 14   14 12   13 15   15 13   14 16   16 14   15 17   17 15   16 18   18 16   17 19   19 17
11 14 54   0 0   1 1   2 2   3 3   4 4   5 5   6 6   7 7   8 8   9 9   10 10   11 11   12 12   13 13   14 14   15 15   16 16   17 17   18 18   19 19   0 3   3 0   1 4   4 1   2 5   5 2   3 6   6 3   4 7   7 4   5 8   8 5   6 9   9 6   7 10   10 7   8 11   11 8   9 12   12 9   10 13   13 10   11 14   14 11   12 15   15 12   13 16   16 13   14 17   17 14   15 18   18 15   16 19   19 16
11 15 52   0 0   1 1   2 2   3 3   4 4   5 5   6 6   7 7   8 8   9 9   10 10   11 11   12 12   13 13   14 14   15 15   16 16   17 17   18 18   19 19   0 4   4 0   1 5   5 1   2 6   6 2   3 7   7 3   4 8   8 4   5 9   9 5   6 10   10 6   7 11   11 7   8 12   12 8   9 13   13 9   10 14   14 10   11 15   15 11   12 16   16 12   13 17   17 13   14 18   18 14   15 19   19 15
11 16 50   0 0   1 1   2 2   3 3   4 4   5 5   6 6   7 7   8 8   9 9   10 10   11 11   12 12   13 13   14 14   15 15   16 16   17 17   18 18   19 19   0 5   5 0   1 6   6 1   2 7   7 2   3 8   8 3   4 9   9 4   5 10   10 5   6 11   11 6   7 12   12 7   8 13   13 8   9 14   14 9   10 15   15 10   11 16   16 11   12 17   17 12   13 18   18 13   14 19   19 14
11 17 48   0 0   1 1   2 2   3 3   4 4   5 5   6 6   7 7   8 8   9 9   10 10   11 11   12 12   13 13   14 14   15 15   16 16   17 17   18 18   19 19   0 6   6 0   1 7   7 1   2 8   8 2   3 9   9 3   4 10   10 4   5 11   11 5   6 12   12 6   7 13   13 7   8 14   14 8   9 15   15 9   10 16   16 10   11 17   17 11   12 18   18 12   13 19   19 13
11 18 46   0 0   1 1   2 2   3 3   4 4   5 5   6 6   7 7   8 8   9 9   10 10   11 11   12 12   13 13   14 14   15 15   16 16   17 17   18 18   19 19   0 7   7 0   1 8   8 1   2 9   9 2   3 10   10 3   4 11   11 4   5 12   12 5   6 13   13 6   7 14   14 7   8 15   15 8   9 16   16 9   10 17   17 10   11 18   18 11   12 19   19 12
11 19 44   0 0   1 1   2 2   3 3   4 4   5 5   6 6   7 7   8 8   9 9   10 10   11 11   12 12   13 13   14 14   15 15   16 16   17 17   18 18   19 19   0 8   8 0   1 9   9 1   2 10   10 2   3 11   11 3   4 12   12 4   5 13   13 5   6 14   14 6   7 15   15 7   8 16   16 8   9 17   17 9   10 18   18 10   11 19   19 11
12 13 58   0 0   1 1   2 2   3 3   4 4   5 5   6 6   7 7   8 8   9 9   10 10   11 11   12 12   13 13   14 14   15 15   16 16   17 17   18 18   19 19   0 1   1 0   1 2   2 1   2 3   3 2   3 4   4 3   4 5   5 4   5 6   6 5   6 7   7 6   7 8   8 7   8 9   9 8   9 10   10 9   10 11   11 10   11 12   12 11   12 13   13 12   13 14   14 13   14 15   15 14   15 16   16 15   16 17   17 16   17 18   18 17   18 19   19 18
12 14 56   0 0   1 1   2 2   3 3   4 4   5 5   6 6   7 7   8 8   9 9   10 10   11 11   12 12   13 13   14 14   15 15   16 16   17 17   18 18   19 19   0 2   2 0   1 3   3 1   2 4   4 2   3 5   5 3   4 6   6 4   5 7   7 5   6 8   8 6   7 9   9 7   8 10   10 8   9 11   11 9   10 12   12 10   11 13   13 11   12 14   14 12   13 15   15 13   14 16   16 14   15 17   17 15   16 18   18 16   17 19   19 17
12 15 54   0 0   1 1   2 2   3 3   4 4   5 5   6 6   7 7   8 8   9 9   10 10   11 11   12 12   13 13   14 14   15 15   16 16   17 17   18 18   19 19   0 3   3 0   1 4   4 1   2 5   5 2   3 6   6 3   4 7   7 4   5 8   8 5   6 9   9 6   7 10   10 7   8 11   11 8   9 12   12 9   10 13   13 10   11 14   14 11   12 15   15 12   13 16   16 13   14 17   17 14   15 18   18 15   16 19   19 16
12 16 52   0 0   1 1   2 2   3 3   4 4   5 5   6 6   7 7   8 8   9 9   10 10   11 11   12 12   13 13   14 14   15 15   16 16   17 17   18 18   19 19   0 4   4 0   1 5   5 1   2 6   6 2   3 7   7 3   4 8   8 4   5 9   9 5   6 10   10 6   7 11   11 7   8 12   12 8   9 13   13 9   10 14   14 10   11 15   15 11   12 16   16 12   13 17   17 13   14 18   18 14   15 19   19 15
12 17 50   0 0   1 1   2 2   3 3   4 4   5 5   6 6   7 7   8 8   9 9   10 10   11 11   12 12   13 13   14 14   15 15   16 16   17 17   18 18   19 19   0 5   5 0   1 6   6 1   2 7   7 2   3 8   8 3   4 9   9 4   5 10   10 5   6 11   11 6   7 12   12 7   8 13   13 8   9 14   14 9   10 15   15 10   11 16   16 11   12 17   17 12   13 18   18 13   14 19   19 14
12 18 48   0 0   1 1   2 2   3 3   4 4   5 5   6 6   7 7   8 8   9 9   10 10   11 11   12 12   13 13   14 14   15 15   16 16   17 17   18 18   19 19   0 6   6 0   1 7   7 1   2 8   8 2   3 9   9 3   4 10   10 4   5 11   11 5   6 12   12 6   7 13   13 7   8 14   14 8   9 15   15 9   10 16   16 10   11 17   17 11   12 18   18 12   13 19   19 13
12 19 46   0 0   1 1   2 2   3 3   4 4   5 5   6 6   7 7   8 8   9 9   10 10   11 11   12 12   13 13   14 14   15 15   16 16   17 17   18 18   19 19   0 7   7 0   1 8   8 1   2 9   9 2   3 10   10 3   4 11   11 4   5 12   12 5   6 13   13 6   7 14   14 7   8 15   15 8   9 16   16 9   10 17   17 10   11 18   18 11   12 19   19 12
13 14 58   0 0   1 1   2 2   3 3   4 4   5 5   6 6   7 7   8 8   9 9   10 10   11 11   12 12   13 13   14 14   15 15   16 16   17 17   18 18   19 19   0 1   1 0   1 2   2 1   2 3   3 2   3 4   4 3   4 5   5 4   5 6   6 5   6 7   7 6   7 8   8 7   8 9   9 8   9 10   10 9   10 11   11 10   11 12   12 11   12 13   13 12   13 14   14 13   14 15   15 14   15 16   16 15   16 17   17 16   17 18   18 17   18 19   19 18
13 15 56   0 0   1 1   2 2   3 3   4 4   5 5   6 6   7 7   8 8   9 9   10 10   11 11   12 12   13 13   14 14   15 15   16 16   17 17   18 18   19 19   0 2   2 0   1 3   3 1   2 4   4 2   3 5   5 3   4 6   6 4   5 7   7 5   6 8   8 6   7 9   9 7   8 10   10 8   9 11   11 9   10 12   12 10   11 13   13 11   12 14   14 12   13 15   15 13   14 16   16 14   15 17   17 15   16 18   18 16   17 19   19 17
13 16 54   0 0   1 1   2 2   3 3   4 4   5 5   6 6   7 7   8 8   9 9   10 10   11 11   12 12   13 13   14 14   15 15   16 16   17 17   18 18   19 19   0 3   3 0   1 4   4 1   2 5   5 2   3 6   6 3   4 7   7 4   5 8   8 5   6 9   9 6   7 10   10 7   8 11   11 8   9 12   12 9   10 13   13 10   11 14   14 11   12 15   15 12   13 16   16 13   14 17   17 14   15 18   18 15   16 19   19 16
13 17 52   0 0   1 1   2 2   3 3   4 4   5 5   6 6   7 7   8 8   9 9   10 10   11 11   12 12   13 13   14 14   15 15   16 16   17 17   18 18   19 19   0 4   4 0   1 5   5 1   2 6   6 2   3 7   7 3   4 8   8 4   5 9   9 5   6 10   10 6   7 11   11 7   8 12   12 8   9 13   13 9   10 14   14 10   11 15   15 11   12 16   16 12   13 17   17 13   14 18   18 14   15 19   19 15
13 18 50   0 0   1 1   2 2   3 3   4 4   5 5   6 6   7 7   8 8   9 9   10 10   11 11   12 12   13 13   14 14   15 15   16 16   17 17   18 18   19 19   0 5   5 0   1 6   6 1   2 7   7 2   3 8   8 3   4 9   9 4   5 10   10 5   6 11   11 6   7 12   12 7   8 13   13 8   9 14   14 9   10 15   15 10   11 16   16 11   12 17   17 12   13 18   18 13   14 19   19 14
13 19 48   0 0   1 1   2 2   3 3   4 4   5 5   6 6   7 7   8 8   9 9   10 10   11 11   12 12   13 13   14 14   15 15   16 16   17 17   18 18   19 19   0 6   6 0   1 7   7 1   2 8   8 2   3 9   9 3   4 10   10 4   5 11   11 5   6 12   12 6   7 13   13 7   8 14   14 8   9 15   15 9   10 16   16 10   11 17   17 11   12 18   18 12   13 19   19 13
14 15 58   0 0   1 1   2 2   3 3   4 4   5 5   6 6   7 7   8 8   9 9   10 10   11 11   12 12   13 13   14 14   15 15   16 16   17 17   18 18   19 19   0 1   1 0   1 2   2 1   2 3   3 2   3 4   4 3   4 5   5 4   5 6   6 5   6 7   7 6   7 8   8 7   8 9   9 8   9 10   10 9   10 11   11 10   11 12   12 11   12 13   13 12   13 14   14 13   14 15   15 14   15 16   16 15   16 17   17 16   17 18   18 17   18 19   19 18
14 16 56   0 0   1 1   2 2   3 3   4 4   5 5   6 6   7 7   8 8   9 9   10 10   11 11   12 12   13 13   14 14   15 15   16 16   17 17   18 18   19 19   0 2   2 0   1 3   3 1   2 4   4 2   3 5   5 3   4 6   6 4   5 7   7 5   6 8   8 6   7 9   9 7   8 10   10 8   9 11   11 9   10 12   12 10   11 13   13 11   12 14   14 12   13 15   15 13   14 16   16 14   15 17   17 15   16 18   18 16   17 19   19 17
14 17 54   0 0   1 1   2 2   3 3   4 4   5 5   6 6   7 7   8 8   9 9   10 10   11 11   12 12   13 13   14 14   15 15   16 16   17 17   18 18   19 19   0 3   3 0   1 4   4 1   2 5   5 2   3 6   6 3   4 7   7 4   5 8   8 5   6 9   9 6   7 10   10 7   8 11   11 8   9 12   12 9   10 13   13 10   11 14   14 11   12 15   15 12   13 16   16 13   14 17   17 14   15 18   18 15   16 19   19 16
14 18 52   0 0   1 1   2 2   3 3   4 4   5 5   6 6   7 7   8 8   9 9   10 10   11 11   12 12   13 13   14 14   15 15   16 16   17 17   18 18   19 19   0 4   4 0   1 5   5 1   2 6   6 2   3 7   7 3   4 8   8 4   5 9   9 5   6 10   10 6   7 11   11 7   8 12   12 8   9 13   13 9   10 14   14 10   11 15   15 11   12 16   16 12   13 17   17 13   14 18   18 14   15 19   19 15
14 19 50   0 0   1 1   2 2   3 3   4 4   5 5   6 6   7 7   8 8   9 9   10 10   11 11   12 12   13 13   14 14   15 15   16 16   17 17   18 18   19 19   0 5   5 0   1 6   6 1   2 7   7 2   3 8   8 3   4 9   9 4   5 10   10 5   6 11   11 6   7 12   12 7   8 13   13 8   9 14   14 9   10 15   15 10   11 16   16 11   12 17   17 12   13 18   18 13   14 19   19 14
15 16 58   0 0   1 1   2 2   3 3   4 4   5 5   6 6   7 7   8 8   9 9   10 10   11 11   12 12   13 13   14 14   15 15   16 16   17 17   18 18   19 19   0 1   1 0   1 2   2 1   2 3   3 2   3 4   4 3   4 5   5 4   5 6   6 5   6 7   7 6   7 8   8 7   8 9   9 8   9 10   10 9   10 11   11 10   11 12   12 11   12 13   13 12   13 14   14 13   14 15   15 14   15 16   16 15   16 17   17 16   17 18   18 17   18 19   19 18
15 17 56   0 0   1 1   2 2   3 3   4 4   5 5   6 6   7 7   8 8   9 9   10 10   11 11   12 12   13 13   14 14   15 15   16 16   17 17   18 18   19 19   0 2   2 0   1 3   3 1   2 4   4 2   3 5   5 3   4 6   6 4   5 7   7 5   6 8   8 6   7 9   9 7   8 10   10 8   9 11   11 9   10 12   12 10   11 13   13 11   12 14   14 12   13 15   15 13   14 16   16 14   15 17   17 15   16 18   18 16   17 19   19 17
15 18 54   0 0   1 1   2 2   3 3   4 4   5 5   6 6   7 7   8 8   9 9   10 10   11 11   12 12   13 13   14 14   15 15   16 16   17 17   18 18   19 19   0 3   3 0   1 4   4 1   2 5   5 2   3 6   6 3   4 7   7 4   5 8   8 5   6 9   9 6   7 10   10 7   8 11   11 8   9 12   12 9   10 13   13 10   11 14   14 11   12 15   15 12   13 16   16 13   14 17   17 14   15 18   18 15   16 19   19 16
15 19 52   0 0   1 1   2 2   3 3   4 4   5 5   6 6   7 7   8 8   9 9   10 10   11 11   12 12   13 13   14 14   15 15   16 16   17 17   18 18   19 19   0 4   4 0   1 5   5 1   2 6   6 2   3 7   7 3   4 8   8 4   5 9   9 5   6 10   10 6   7 11   11 7   8 12   12 8   9 13   13 9   10 14   14 10   11 15   15 11   12 16   16 12   13 17   17 13   14 18   18 14   15 19   19 15
16 17 58   0 0   1 1   2 2   3 3   4 4   5 5   6 6   7 7   8 8   9 9   10 10   11 11   12 12   13 13   14 14   15 15   16 16   17 17   18 18   19 19   0 1   1 0   1 2   2 1   2 3   3 2   3 4   4 3   4 5   5 4   5 6   6 5   6 7   7 6   7 8   8 7   8 9   9 8   9 10   10 9   10 11   11 10   11 12   12 11   12 13   13 12   13 14   14 13   14 15   15 14   15 16   16 15   16 17   17 16   17 18   18 17   18 19   19 18
16 18 56   0 0   1 1   2 2   3 3   4 4   5 5   6 6   7 7   8 8   9 9   10 10   11 11   12 12   13 13   14 14   15 15   16 16   17 17   18 18   19 19   0 2   2 0   1 3   3 1   2 4   4 2   3 5   5 3   4 6   6 4   5 7   7 5   6 8   8 6   7 9   9 7   8 10   10 8   9 11   11 9   10 12   12 10   11 13   13 11   12 14   14 12   13 15   15 13   14 16   16 14   15 17   17 15   16 18   18 16   17 19   19 17
16 19 54   0 0   1 1   2 2   3 3   4 4   5 5   6 6   7 7   8 8   9 9   10 10   11 11   12 12   13 13   14 14   15 15   16 16   17 17   18 18   19 19   0 3   3 0   1 4   4 1   2 5   5 2   3 6   6 3   4 7   7 4   5 8   8 5   6 9   9 6   7 10   10 7   8 11   11 8   9 12   12 9   10 13   13 10   11 14   14 11   12 15   15 12   13 16   16 13   14 17   17 14   15 18   18 15   16 19   19 16
17 18 58   0 0   1 1   2 2   3 3   4 4   5 5   6 6   7 7   8 8   9 9   10 10   11 11   12 12   13 13   14 14   15 15   16 16   17 17   18 18   19 19   0 1   1 0   1 2   2 1   2 3   3 2   3 4   4 3   4 5   5 4   5 6   6 5   6 7   7 6   7 8   8 7   8 9   9 8   9 10   10 9   10 11   11 10   11 12   12 11   12 13   13 12   13 14   14 13   14 15   15 14   15 16   16 15   16 17   17 16   17 18   18 17   18 19   19 18
17 19 56   0 0   1 1   2 2   3 3   4 4   5 5   6 6   7 7   8 8   9 9   10 10   11 11   12 12   13 13   14 14   15 15   16 16   17 17   18 18   19 19   0 2   2 0   1 3   3 1   2 4   4 2   3 5   5 3   4 6   6 4   5 7   7 5   6 8   8 6   7 9   9 7   8 10   10 8   9 11   11 9   10 12   12 10   11 13   13 11   12 14   14 12   13 15   15 13   14 16   16 14   15 17   17 15   16 18   18 16   17 19   19 17
18 19 58   0 0   1 1   2 2   3 3   4 4   5 5   6 6   7 7   8 8   9 9   10 10   11 11   12 12   13 13   14 14   15 15   16 16   17 17   18 18   19 19   0 1   1 0   1 2   2 1   2 3   3 2   3 4   4 3   4 5   5 4   5 6   6 5   6 7   7 6   7 8   8 7   8 9   9 8   9 10   10 9   10 11   11 10   11 12   12 11   12 13   13 12   13 14   14 13   14 15   15 14   15 16   16 15   16 17   17 16   17 18   18 17   18 19   19 18
