50 50
 3  3  3  3  3  3  3  3  3  3  3  3  3  3  3 24 24 24 24 24 24 24 24 24 24 24 24 85 85 85 85 85 85 37 76 76 76 72 72 72 72 72 72 72 72 28 28 28 28 28 
 3  3  3  3  3  3  3  3 92 92  3  3  3  3 24 24 24 24 24 24 24 24 24 24 85 85 85 85 85 85 85 37 37 37  9  9 76 76 76 88 88 88 72 72 72 72 28 72 72 28 
 3  3  3 92 92 92 92 92 92 92 92 92 92  3 24 24 24 24 24 24 24 24 24 85 85 85 85 85 85 85 37 37 37 37 37  9  9 76 76 88 88 88 72 72 72 72 72 72 72 28 
73 73 94 92 92 92  8  8  8  8 92 92 92  2 25 25 25 24 24 24 57 24 85 85 85 85 85 85 85 37 37 37 37  9  9  9  9 76 76 76 88 88 72 72 72 72 72 72 72 28 
73 73 94 92 92  8  8  8  8  8 92 92  2  2 25 25 25 25 25 25 57 85 85 85 85 85 85 85 41 37 37 37 37  9  9  9  9  9 76 76 88 88 72 72 72 72 28 28 28 28 
73 73 94 92 92 92  8  8  8  8  2  2  2  2 25 25 25 25 25 57 57 85 85 85 85 85 85 41 41 37 37 37 37  9  9  9  9  9 76 76 88 88 88 72 72 72 72 28 28 28 
73 94 94 94 92 92  8  8  8  8  2  2  2  2 25 25 25 25 57 57 57 57 57 85 85 41 41 41 37 37 37 37 37  9  9  9  9  9  9 76 88 88 88 88 72 72 72 28 28 28 
73 94 94 94 92  8  8  8  8  2  2  2  2  2 25 25 25 25 57 57 57 57 57 41 41 41 41 41 37 37 37 37 15  9  9  9  9  9  9 76 76 76 88 88 72 28 28 28 28 28 
73 73 94 94 92  8  8  8  2  2  2  2  2  2  2 25 25 25 57 57 57 57 57 41 41 41 41 37 37 37 37 15 15 15 15  9  9  9  9 76 76 88 88 88 88 88 28 28 28 28 
73 73 69 94 69  8  8  8  2  2 69  2  2  2  2 25 25 25 57 98 57 57 57 41 41 41 41 37 37 37 37 15 15 15 15  9  9  9  9 76 76 76 88 88 88 88 88 88 88 88 
69 69 69 69 69 69 69 69 69 69 69  2  2  2 25 25 25 98 98 98 98 98 57 41 41 41 41 37 37 37 15 15 15 15 15  9  9 54 54 76 76 76 76 88 88 88 88 76 88 88 
65 65 69 69 69 69 69 42 69 42 42 42 42 42 42 42 98 98 98 98 98 98 98 98 41 98 41 41 37 37 15 15 15 15  9  9 54 54 54 54 54 76 76 76 76 76 76 76 76 76 
65 65 65 65 34 69 69 42 42 42 42 42 42 42 59 59 59 59 98 98 98 98 98 98 98 98 41 41 15 15 15 15 15 15 54  9 54 54 54 54 54 54 54 96 76 76 76 76 76 19 
65 65 65 34 34 69 69 69 42 42 42 42 42 42 59 59 59 59 98 98 98 59 59 98 98 98 38 38 15 15 15 15 15 15 54 54 54 54 54 54 54 54 91 96 96 96 96 96 96 19 
65 65 34 34 34 69 69 42 42 42 42 42 42 42 81 59 59 59 59 59 59 59 59 98 38 38 38 38 15 15 15 15 15 54 54 54 54 54 54 54 54 91 91 91 96 96 96 96 96 19 
65 32 34 34 34 34 34 34 34 42 42 42 63 81 81 81 81 81 59 59 59 59 59 38 38 38 38 38 38 15 15 15 15 54 54 54 91 91 54 91 91 91 91 91 91 96 96 96 19 19 
32 32 34 34 34 34 34 22 22 22 22 22 63 81 81 81 81 81 59 59 59 59 38 38 38 38 38 38 38 38 38 15 15 54 54 54 91 91 91 91 91 91 91 91 96 96 96 19 19 19 
32 32 34 34 34 34 22 22 63 63 63 63 63 81 81 81 81 81 59 59 59 59 38 38 38 38 38 38 38 38 38 38 38 54 54 91 91 91 91 91 91 91 62 91 96 96 96 19 19 19 
32 32 32 32 32 34 22 22 22 63 63 63 63 63 81 81 81 81 81 81 81 81 67 33 33 38 38 38 33 38 38 38 38 29 90 91 91 91 91 91 91 91 62 62 62 96 96 19 19 19 
32 32 32 32 32 22 22 22 22 63 63 63 63 63 31 31 81 81 81 67 81 67 67 33 33 33 33 38 33 77 77 77 77 29 90 62 91 62 62 62 62 62 62 62 62 62 62 19 19 19 
32 32 32 22 22 22 22 22 21 63 63 63 63 31 31 31 31 46 46 67 67 67 67 33 33 33 33 33 33 77 77 77 77 29 90 62 62 62 62 62 62 62 62 62 62 62 62 19 19 19 
32 32 32 22 22 22 22 22 21 21 63 63 31 31 31 31 31 46 46 67 67 67 67 33 33 33 33 33 77 77 77 29 29 29 90 90 90 90 62 62 62 62 62 62 62 62 49 19 19 19 
32 32 21 21 21 21 22 21 21 21 63 63 31 31 31 31 31 46 46 46 67 67 33 33 33 33 33 33 77 77 77 77 29 29 90 90 90 90 90 95 95 95 49 49 62 62 49 49 49 19 
26 26 26 26 26 21 21 21 21 21 21 31 31 31 31 31 46 46 46 46 46 67 66 33 33 33 33 77 77 77 77 77 29 29 29 90 90 90 90 95 95 95 95 49 49 49 49 49 19 19 
 4 26 26 26 26 21 26 21 21 21 21 31 31 71 71 46 46 46 46 46 46 67 66 66 66 66 33 33 77 77 77 77 29 29 29 29 90 90 95 95 95 95 49 49 49 49 49 49 49 16 
 4 26 26 26 26 26 26 26 21 21 53 31 31 71 71 71 71 71 46 46 67 67 67 66 66 66 77 77 77 77 77 77 29 29 29 29 90 90 95 95 95 95 49 95 49 49 49 49 49 16 
 4  4 26 26 26 26 26 26 53 53 53 53 53 71 71 71 71 46 46 46 67 67 67 66 66 66 77 77 77 77 29 29 29 29 29 29 90 90 95 95 95 95 95 95 16 16 49 49 49 16 
30  4  4  4  4  4  4  4  4 53 53 53 53 71 71 71 71 71 46 46 67 67 67 66 66 66 77 77 77 29 29 29 29 29 29 29 90 90 95 95 95 95 16 16 16 16 49 16 16 16 
30  4  4  4  4 30  4  4  4 53 53 53 53 53 53 50 50 18 18 18 67 67 67 83 83 83 83 29 29 29 29 29 29 55 55 90 90 90 90 95 95 16 16 16 16 16 16 16 16 16 
30 30  4  4  4 30  4 30 30 53 53 53 53 50 50 50 18 18 18 93 93 93 93 93 93 83 83 83  1 11 11 11 55 55 55 90 90 90 90 90 47 16 16 16 16 78 16 16 16 16 
30 30 30 30 30 30 30 30 30 53 53 50 50 50 18 18 18 18 18 93 93 93 93 93 93 83 83  1  1 11 11 11 55 55 55 55 55 90 90 90 47 47 47 47 47 78 78 78 78 78 
30 30 52 52 52 30 30 30 82 82 50 50 50 50 50 18 18 18 18 12 12 12 12 12 12 83 83  1  1 89 89 11 55 55 55 55 55 55 90 47 47 47 47 47 78 78 78 78 20 20 
52 52 52 52 52 52 82 30 82 82 82 50 50 50 50 18 18 18 18 56 56 12 12 12 12 12 12  1  1 89 89 89 55 55 89 55 55 55 47 47 47 47 78 47 78 78 78 78 78 20 
52 52 52 52 52 52 82 82 82 82 82 82 50 50 50 50 56 56 56 56 56 56 56 43 43 43  1  1  1 89 75 89 89 89 89 89 55 55 47 47 47 47 78 78 78 78 78 78 20 20 
52 52 52 52 52 52 52 82 82 82 82 82 50 50  5 17 56 56 56 56 56 56 43 43 43 43  1  1 75 75 75 75 89 89 89 45 45 45 45 47 47 78 78 40 78 78 78 78 20 20 
10 52 52 52 52 52 52 82 82 82  5  5  5  5  5 17 17 56 56 56 80 43 43 43 43 43  1  1 75 75 75 75 89 89 89 89 45 45 45 47 40 40 40 40 40 78 78 20 20 20 
10 52 52 52 68 68 82 82  6 82 82  5  5  5  5  5 17 17 56 56 80 80 43 43 43 43  1  1 75 75 75 75 89 89 45 45 45 45 45 40 40 40 40 40 40 40 20 20 20 20 
10 68 52 68 68 68 68 68  6  6  6  5  5  5  5  5 17 17 80 80 80 80 80 80 43 43  1  1  1 75 75 75 45 45 45 45 45 45 45 40 40 36 36 40 40 40 40 20 20 20 
10 68 68 68 68 68 68 68  6  5  5  5  5  5 17 17 17 17 80 80 80 80 80 80 43 43  1  1 75 75 75 75 45 64 64 64 45 45 45 45 36 36 36 36 40 40 40 20 20 20 
10 10 10 68 68 68 68 68  6  6  6  5  5  5  5 17 17 17 80 80 80 80 99 99 99 44  1 44 75 75 64 64 64 64 64 64 39 39 45 45 45 36 36 36 40 40 97 97 20 20 
10 10 10 68 68 68 68  6  6  6  6  6  6 27 13 13 17 17 17 58 99 99 99 44 44 44  1 44 44 86 64 64 64 64 64 39 39 39 39 36 36 36 36 36 40 97 97 20 20 20 
10 10 10 68 68 68 68 61 61 61  6  6  6 27 13 13 51 17 17 58 99 70 70 70 70 44 44 44 86 86 86 86 64 64 64 64 39 39 39 39 36 36 36 36 97 97 97 97 20 84 
10 10 10 10 10 68 68 68 61  6  6  6  6 27 27 13 51 51 58 58 99 70 70 70 44 44 44 44 44 86 86 86 64 64 64 39 39 39 39 36 36 36 36 36 97 97 97 20 20 84 
10 10 10 10 10 61 61 61 61  6  6  6 27 27 27 13 51 51 51 58 99 70 70 70 44 44 44 44 44 86 86 86 86 86 64 64 39 39 39 36 36 36 36 36 97 97 97 20 20 84 
10 10 10 10 61 61 61 61 61 23 23 23 27 27 27 13 51 51 51 58 99 70 70 48 48 48 44 44 86 86 86 86 86 86 39 39 39 39 39 97 36 36 36 97 97 14 97 20 84 84 
10 10 10 60 74 74 61 61 61 23 23 23 27 27 27 13 13 51 58 58 99 70 70 70 48 48 48 44 86 86 87 87 86 87 39 39 39 39 39 97 97 97 97 97 14 14 14 14 84 84 
10 10 10 60 74 74 61 61 23 23 23 23 27 27 27 13 13 51 58 58 99 99 99 70 48 48 48 48  7  7 87 87 87 87 87 87 87 39 39 14 97 97 97 97 14 14 14 84 84 84 
60 60 60 60 60 74 74 61 74 74 79 79 79 27 13 13 13 51 58 58 99 99 99 70 70 48 48 48  7  7 87 87 87 87 87 87 87 39 39 14 97 97 97 97 14 14 14 84 84 84 
60 60 60 60 60 74 74 74 74 74 79 79 79 27 13 13 13 51 58 99 99 35  7  7  7 48  7  7  7  7 87 87 87 87 87 87 87 87 14 14 14 14 14 14 14 14 14 84 84 84 
60 60 60 60 60 74 74 74 74 79 79 79 79 79 13 13 51 51 58 35 35 35  7  7  7  7  7  7  7  7 87 87 87 87 87 87 87 14 14 14 14 14 14 14 14 14 14 14 84 84 
